0.00651415,0.0114555,-0.0201563,-0.0328742,0.00818937,1758.56,0
0.0130545,0.0515078,-0.0135976,0.0375089,0.0371993,3945.61,0
0.0195635,0.161394,0.353238,0.00440429,0.117328,8249.73,0
0.0260853,0.120029,0.228262,0.0814981,0.0840088,4601.41,0
0.0325799,0.208817,0.281579,-0.260823,0.145663,6409.38,0
0.0390832,0.224554,0.517401,-0.406009,0.145324,5745.52,0
0.0455845,0.187817,0.655121,-0.546506,0.112121,4120.2,0
0.0521285,0.267124,0.475214,-0.613204,0.160344,5124.34,0
0.0586351,0.199722,0.498243,-0.820164,0.103235,3406.18,0
0.0651459,0.166259,0.444711,-0.761048,0.0749547,2552.11,0
0.0716036,0.252474,0.397,-0.497407,0.1326,3525.99,0
0.0781265,0.2145,0.227133,-0.468506,0.10002,2745.55,0
0.0845965,0.162485,0.177083,-0.485998,0.0594447,1920.71,0
0.0910698,0.179964,0.105556,-0.717329,0.0714216,1976.11,0
0.097582,0.143794,-0.0271413,-0.553272,0.0413259,1473.57,0
0.104087,0.30924,0.119654,-0.607296,0.160671,2970.98,0
0.110598,0.413359,0.22251,-0.744403,0.224296,3737.51,0
0.117087,0.395371,0.106201,-1.16605,0.200807,3376.74,0
0.123622,0.314633,0.0837354,-1.29608,0.128826,2545.12,0
0.130135,0.168035,0.0201574,-1.2216,0.0172752,1291.23,0
0.136691,0.164101,0.0896204,-1.33472,0.0137179,1200.53,0
0.143147,0.264667,-0.0170275,-1.23921,0.0878381,1848.92,0
0.149661,0.355681,-0.0530556,-1.18379,0.147828,2376.58,0
0.156211,0.466523,0.173527,-1.02057,0.21533,2986.49,0
0.162735,0.475219,0.403409,-1.04326,0.207727,2920.2,0
0.169267,0.728978,0.286884,-0.859759,0.380024,4306.67,0
0.175776,0.798836,0.247519,-1.04089,0.404964,4544.64,0
0.182311,0.90973,0.406271,-1.23994,0.445386,4990,0
0.188813,1.04291,0.295974,-1.46091,0.499676,5523.5,0
0.195341,1.17627,0.504851,-1.50322,0.547677,6021.61,0
0.201828,1.22128,0.619604,-1.91432,0.520623,6051.1,0
0.208353,1.10164,0.704547,-1.55834,0.393733,5287.37,0
0.214883,1.03286,0.725158,-1.56527,0.313833,4806.59,0
0.221367,0.808093,0.634409,-1.45132,0.131383,3650.47,0
0.227839,0.868492,0.688264,-1.3954,0.169915,3811.86,0
0.234317,1.05595,0.519761,-1.09074,0.295695,4506.51,0
0.240801,0.950712,0.646007,-1.15192,0.199963,3948.13,0
0.247281,0.945039,0.700499,-1.32732,0.187679,3821.73,0
0.253756,1.08285,0.713159,-1.36079,0.276439,4267.31,0
0.260241,0.92515,0.740859,-1.35076,0.148547,3554.98,0
0.266736,0.767351,0.849933,-1.42906,0.025534,2876.82,0
0.273234,0.970792,0.874043,-1.58381,0.171495,3552.97,0
0.279777,1.19237,0.661284,-1.66801,0.321491,4261.86,0
0.286293,1.20634,0.998119,-1.54617,0.305358,4213.67,0
0.292795,1.24797,1.05665,-1.70343,0.32145,4262.26,0
0.299338,1.0603,0.972673,-1.72618,0.16814,3542.14,0
0.305858,1.12284,1.05526,-1.70409,0.203817,3671.11,0
0.312381,1.1119,1.21866,-1.82503,0.186256,3559.43,0
0.318903,1.07379,1.20694,-2.01149,0.151115,3367.12,0
0.325397,1.05125,1.22237,-1.98889,0.126934,3230.65,0
0.331905,1.00409,1.40715,-2.15329,0.0884857,3025.23,0
0.338445,1.12335,1.33089,-2.16008,0.170141,3319.14,0
0.344982,1.10158,1.23861,-2.30501,0.14775,3193.14,0
0.35146,0.97555,1.39048,-2.15985,0.0467244,2775.71,0
0.358009,1.17851,1.38304,-2.03129,0.1927,3291.85,0
0.364496,1.09911,1.48736,-1.89051,0.124244,3015.42,0
0.371035,1.35897,1.51276,-1.88215,0.306836,3662.65,0
0.377537,1.53538,1.42833,-1.8695,0.412857,4066.83,0
0.384042,1.67121,1.54214,-1.83646,0.473812,4351.62,0
0.390513,1.86255,1.81902,-1.99624,0.569374,4769.51,0
0.397021,1.82713,2.10486,-1.90283,0.488339,4602.1,0
0.403515,1.82019,2.37876,-1.78508,0.449314,4510.85,0
0.410036,1.66799,2.14988,-1.61126,0.303511,4067.92,0
0.416578,1.7216,2.29225,-1.51486,0.321535,4132.72,0
0.42311,1.91364,2.16341,-1.40532,0.433547,4522.79,0
0.429595,2.09445,2.00421,-1.33153,0.524809,4875.41,0
0.436068,2.20585,1.9301,-1.36272,0.561589,5058.49,0
0.442535,2.15229,2.22286,-1.26999,0.475129,4863.56,0
0.44904,2.25405,2.35489,-1.70111,0.503673,5019.7,0
0.455575,2.19433,2.49115,-1.49917,0.416208,4816.61,0
0.462086,2.11611,2.54822,-1.22694,0.330304,4579.46,0
0.468592,2.07596,2.47249,-1.48727,0.282311,4430.2,0
0.475099,1.90234,2.55152,-1.52818,0.144481,4004.08,0
0.481586,1.86976,2.69318,-1.6142,0.115788,3882.5,0
0.488127,1.85271,2.60455,-1.50805,0.0949019,3795.54,0
0.494607,2.04425,2.71551,-1.6009,0.230996,4133.07,0
0.501128,1.78437,2.62682,-1.55215,0.0308158,3560.7,0
0.507614,1.86485,2.72256,-1.55908,0.0901587,3673.75,0
0.514121,2.07608,2.99866,-1.58258,0.238901,4038.11,0
0.520637,2.16322,2.82195,-1.62108,0.286331,4154.96,0
0.527127,2.20588,2.81896,-1.59467,0.300336,4184.73,0
0.533607,2.49912,3.22586,-1.45735,0.483496,4683.45,0
0.540106,2.47504,3.08236,-1.1524,0.430525,4582.52,0
0.546597,2.47466,2.8462,-1.25073,0.402675,4527.39,0
0.553102,2.66648,2.86314,-1.23428,0.508214,4820.96,0
0.559635,2.6772,2.50483,-1.18299,0.464802,4783.84,0
0.566127,2.82792,2.33978,-1.28651,0.534354,4995.2,0
0.572626,3.06023,2.13411,-0.962068,0.650694,5344.2,0
0.579116,3.31519,1.98748,-1.05467,0.751815,5724.57,0
0.585608,3.07063,2.02731,-1.15528,0.506499,5243.49,0
0.592065,2.9376,1.92828,-1.38387,0.359874,4961.62,0
0.598607,2.78266,1.76058,-1.43908,0.22103,4648.56,0
0.605115,3.17183,1.68499,-1.27478,0.485381,5241.69,0
0.611641,3.23834,1.66625,-1.29921,0.486346,5294.51,0
0.618176,3.31719,1.60638,-1.20137,0.494093,5366.1,0
0.624665,3.29462,1.40031,-1.0631,0.440658,5274.22,0
0.631171,3.12177,1.52912,-1.03155,0.285458,4946,0
0.63768,3.33086,1.59915,-0.974238,0.419596,5223.4,0
0.644157,3.61068,1.61015,-0.837049,0.5883,5605.28,0
0.650694,3.72938,1.46544,-0.811736,0.620784,5731.39,0
0.65722,4.0137,1.44042,-0.837818,0.755239,6107.09,0
0.663668,3.93556,1.23643,-0.957064,0.619267,5930.02,0
0.670197,4.17029,0.944686,-0.684938,0.727285,6222.48,0
0.67669,4.39629,0.757277,-0.734212,0.81115,6496.76,0
0.6832,4.3361,0.687631,-0.758534,0.678746,6346.75,0
0.689699,4.49906,0.834458,-0.51282,0.72152,6523.23,0
0.696181,4.53101,0.933093,-0.468239,0.674045,6508.39,0
0.702681,4.54981,1.15067,-0.509547,0.617621,6474.93,0
0.709215,4.83094,0.963615,-0.537013,0.759091,6811.67,0
0.715747,4.61363,0.942242,-0.430127,0.535664,6445.89,0
0.722217,4.30171,1.25045,-0.398626,0.267096,5956.25,0
0.728756,4.25292,1.42446,-0.285303,0.215363,5835.87,0
0.735252,4.21861,1.46871,-0.31174,0.178642,5737.64,0
0.741796,4.2493,1.48332,-0.217278,0.191634,5728.39,0
0.748329,4.32541,1.45395,-0.392654,0.240348,5780.09,0
0.754814,4.4333,1.79503,-0.299383,0.299788,5873.37,0
0.76134,4.43217,1.74845,-0.346814,0.283815,5821.54,0
0.767851,4.37813,1.60904,-0.208964,0.225666,5701.8,0
0.77433,4.64151,1.50789,-0.28182,0.400564,5994.22,0
0.780861,4.81877,1.23502,-0.315776,0.497841,6171.1,0
0.787371,4.73343,1.06268,-0.533891,0.402107,6011.69,0
0.793856,5.02344,1.05827,-0.357091,0.578879,6327.9,0
0.800375,5.03682,1.1071,-0.479694,0.53017,6293.07,0
0.80688,4.92543,1.41286,-0.633806,0.401979,6104.29,0
0.813378,4.826,1.53117,-0.678974,0.291101,5933.29,0
0.819905,4.82475,1.5842,-0.713262,0.27181,5884.52,0
0.826426,4.98219,1.99119,-0.929203,0.364424,6028.6,0
0.832919,4.91626,2.0647,-0.87834,0.294893,5902.45,0
0.839438,4.66498,2.11981,-0.925361,0.0947089,5557.26,0
0.845983,4.62901,2.42736,-0.818316,0.0638251,5471.76,0
0.852536,4.62915,2.51121,-0.594104,0.0606795,5429.85,0
0.859027,4.65051,2.36315,-0.573569,0.0753319,5413.69,0
0.865526,4.68634,2.25001,-0.608387,0.09947,5414.44,0
0.872081,4.88002,2.11258,-0.508131,0.232408,5595.83,0
0.878591,4.97189,2.16302,-0.696937,0.277719,5658.94,0
0.885112,5.03655,2.1488,-0.940492,0.306549,5690.29,0
0.89162,5.12944,2.26724,-0.588712,0.350942,5752.95,0
0.898114,5.2053,2.45681,-0.783851,0.374743,5795.81,0
0.904674,5.18958,2.56707,-0.556111,0.328025,5736.41,0
0.911201,5.53969,2.31238,-0.641469,0.556664,6079.54,0
0.917675,5.52255,2.61137,-0.71711,0.493487,6017.98,0
0.924147,5.41975,2.42292,-0.669418,0.384443,5864.6,0
0.9307,5.32621,2.68519,-0.834066,0.291304,5722.81,0
0.937194,5.15446,2.72247,-0.917916,0.14977,5499.88,0
0.943713,5.12336,2.57653,-0.735879,0.121893,5428.94,0
0.950236,5.0442,2.42076,-0.66368,0.0593395,5308.37,0
0.956736,5.04365,2.46021,-0.708636,0.0583516,5271.72,0
0.963291,4.98354,2.50971,-0.861713,0.0122939,5173.45,0
0.969762,5.02897,2.62198,-0.890173,0.0454928,5185.78,0
0.976258,5.05321,2.72792,-0.815545,0.0628597,5176.11,0
0.982717,5.09,2.81679,-0.560748,0.087511,5179.52,0
0.989221,5.10918,2.92846,-0.645814,0.0979299,5164.85,0
0.995751,5.17132,3.25947,-0.803037,0.138837,5193.38,0
1.00228,5.12826,3.29486,-0.89084,0.101725,5116.57,0
1.00875,5.23381,3.44403,-0.775429,0.174618,5188.41,0
1.01523,5.37269,3.77322,-0.939818,0.265339,5292.08,0
1.02176,5.28623,3.71817,-0.809297,0.191042,5173.63,0
1.02825,5.30803,3.45246,-1.0227,0.197326,5162.22,0
1.03476,5.11357,3.49451,-1.07102,0.0439638,4941.81,0
1.04124,5.14763,3.52592,-1.06549,0.0670855,4943.75,0
1.04772,5.11177,3.53848,-1.07413,0.0378523,4878.94,0
1.05426,5.36405,3.48605,-1.05714,0.221556,5087.98,0
1.06078,5.52343,3.55256,-1.04073,0.320654,5206.95,0
1.0673,5.54858,3.72298,-0.932773,0.313092,5198.73,0
1.07376,5.71432,3.8206,-1.06712,0.405,5321.77,0
1.08029,5.73775,3.83709,-0.937011,0.387513,5311.3,0
1.08678,5.58977,3.65083,-0.96488,0.252367,5143.42,0
1.09329,5.69814,3.79691,-1.03787,0.313347,5211.92,0
1.09979,5.76003,3.848,-1.03207,0.333546,5237.41,0
1.10629,5.76298,3.84153,-1.09648,0.30669,5209.26,0
1.1128,6.02257,3.86485,-1.26728,0.469282,5412.1,0
1.11934,6.00147,4.0041,-0.956208,0.411564,5361.62,0
1.1259,6.35765,4.03331,-0.966362,0.630493,5646.74,0
1.1324,6.06877,4.11399,-0.901309,0.366609,5359.18,0
1.13889,5.8432,3.94736,-1.08702,0.181805,5130.6,0
1.14536,5.84042,3.87864,-1.05163,0.168128,5099.21,0
1.15184,6.10222,4.19259,-1.09056,0.344266,5297.78,0
1.15834,5.92096,4.02574,-0.970603,0.186689,5111.61,0
1.16478,6.04698,3.89329,-1.11422,0.266612,5191.51,0
1.17127,5.84457,3.94163,-1.07449,0.104264,4989.94,0
1.17777,5.95954,3.75699,-1.3582,0.18148,5060.02,0
1.18426,6.05272,3.90309,-1.62222,0.235218,5110.97,0
1.19079,6.08316,3.81761,-1.78526,0.243966,5108.49,0
1.19731,6.48,3.85144,-1.62825,0.511324,5412.13,0
1.20382,6.50683,3.76547,-1.45074,0.484053,5405.13,0
1.21034,6.76418,3.93126,-1.76688,0.617741,5588.66,0
1.21685,6.72652,3.77551,-1.70669,0.530468,5527.83,0
1.22339,6.64335,3.83506,-1.67979,0.418248,5430.29,0
1.22989,7.01649,3.87433,-1.39767,0.654552,5704.95,0
1.23639,7.02562,3.8568,-1.26896,0.596788,5682.37,0
1.24292,7.05876,3.41213,-0.931932,0.571766,5679.19,0
1.24945,6.94498,3.14406,-1.0684,0.440625,5558.42,0
1.25597,7.06537,3.27087,-0.806937,0.49313,5625.44,0
1.26246,7.01893,3.23485,-0.783558,0.410972,5559.73,0
1.26894,6.83841,3.30332,-0.654404,0.256005,5389.1,0
1.27541,7.06269,3.53272,-0.81063,0.394485,5537.57,0
1.28194,6.91903,3.6932,-0.941467,0.263408,5397.33,0
1.28848,6.96783,3.82563,-0.561722,0.282809,5407.81,0
1.29497,6.80197,3.59228,-0.812279,0.149517,5252.62,0
1.30147,6.72135,3.58896,-0.874411,0.0848455,5164.42,0
1.30804,6.6557,3.70215,-0.847544,0.0348213,5088.32,0
1.31452,6.64235,3.60958,-0.887626,0.0243026,5053.06,0
1.321,6.74485,3.69241,-0.898352,0.0996963,5105.85,0
1.32752,6.68914,3.80303,-0.776314,0.0543886,5038.82,0
1.334,6.94271,4.00752,-0.722192,0.233773,5204.45,0
1.34048,6.97949,3.94454,-0.777489,0.240614,5206.69,0
1.34699,6.79118,3.92192,-0.872488,0.0935672,5041.74,0
1.35349,6.75567,4.1254,-0.853576,0.0625973,4991.29,0
1.36002,6.69724,4.03603,-0.728195,0.017984,4924.36,0
1.36651,6.76384,4.06263,-0.774607,0.065571,4949.71,0
1.37299,6.74687,3.95608,-0.807332,0.0517344,4913.99,0
1.37951,7.01133,3.90569,-0.918387,0.240431,5082.49,0
1.38602,7.05171,3.49378,-0.780772,0.248477,5087.74,0
1.39254,6.95913,3.67875,-0.606672,0.16195,4997.45,0
1.39904,7.03285,3.76206,-0.732238,0.206204,5026.9,0
1.40557,6.99849,3.63483,-0.493162,0.165268,4979.12,0
1.41214,7.14518,3.64842,-0.422287,0.257977,5059.81,0
1.41864,7.10888,3.77343,-0.706753,0.207205,5011.06,0
1.42516,7.05522,3.80381,-0.678712,0.158887,4950.46,0
1.43166,7.03275,3.81931,-0.641462,0.13316,4912.3,0
1.43814,7.04441,3.89725,-0.710569,0.133415,4898.28,0
1.44468,7.10146,3.80696,-0.751052,0.164856,4915.6,0
1.4512,7.08305,3.78314,-0.979332,0.143164,4880.83,0
1.45768,6.98554,3.96097,-0.754782,0.0649914,4792.22,0
1.46422,7.1091,4.08018,-0.807746,0.149169,4855.23,0
1.47073,7.17996,3.97131,-0.993212,0.188735,4881.9,0
1.47725,7.10404,3.94206,-1.12181,0.121747,4808.98,0
1.48376,7.33681,4.00775,-1.38009,0.28647,4944.73,0
1.49026,7.42103,4.27991,-1.48961,0.322738,4979.7,0
1.49677,7.43468,3.87342,-1.53277,0.30845,4967.13,0
1.5033,7.37606,4.03933,-1.43595,0.240665,4906.57,0
1.5098,7.38427,4.1361,-1.65763,0.233631,4890.88,0
1.51631,7.44495,4.54572,-1.22769,0.259343,4909.91,0
1.5228,7.57002,4.77579,-1.09903,0.332561,4971.12,0
1.52932,7.62801,4.44479,-1.01643,0.340456,4987.84,0
1.53586,7.91861,4.20476,-0.916053,0.522464,5155.82,0
1.54236,7.60571,4.09452,-0.971716,0.257544,4931.22,0
1.54886,7.55132,4.22487,-0.990378,0.20399,4875.41,0
1.55534,7.89001,4.12179,-0.914918,0.436566,5072.87,0
1.56184,7.92831,4.17472,-0.711707,0.427676,5076.25,0
1.56833,8.02964,4.47614,-0.743466,0.461578,5119.87,0
1.57489,7.97121,4.3752,-0.862563,0.391834,5061.45,0
1.58131,7.70919,4.38913,-0.968025,0.175146,4875.2,0
1.58782,7.86194,4.39468,-1.20998,0.27364,4951.42,0
1.59429,7.8513,4.21538,-1.38399,0.253399,4924.63,0
1.6008,7.88486,4.1871,-1.50719,0.263151,4925.58,0
1.60729,8.02149,4.56492,-1.41901,0.345154,4990.7,0
1.61378,8.39729,4.73266,-1.1863,0.576005,5203.48,0
1.62031,8.76319,4.73768,-0.962176,0.772313,5408.36,0
1.62683,8.81056,4.6479,-1.13015,0.735392,5415.77,0
1.63336,8.77867,4.30278,-1.30259,0.633506,5374.61,0
1.63986,8.59524,4.41279,-1.26001,0.442936,5241.46,0
1.64636,8.72673,4.78369,-1.25983,0.493486,5300.61,0
1.65287,8.82384,4.61468,-1.12326,0.520194,5338.51,0
1.65933,8.82236,4.50605,-1.2126,0.469889,5316.81,0
1.66583,8.54417,4.4049,-1.3056,0.231692,5129.09,0
1.67236,8.55652,4.69449,-1.56983,0.227343,5116.43,0
1.67886,8.49895,4.8378,-1.46708,0.172558,5062.34,0
1.68535,8.73556,4.86591,-1.48393,0.333724,5183.22,0
1.69184,8.68774,4.91538,-1.42557,0.280525,5135.07,0
1.69834,8.71096,4.71491,-1.07525,0.280803,5129.1,0
1.70483,8.56034,4.69121,-0.918264,0.15079,5021.22,0
1.71133,8.5377,4.61248,-0.901781,0.124951,4988.93,0
1.7178,8.4308,4.74143,-0.971867,0.0422423,4907.9,0
1.72427,8.46248,4.7236,-1.11914,0.0646985,4907.88,0
1.73081,8.52232,4.7828,-1.1355,0.107571,4923.88,0
1.73732,8.41097,4.82399,-1.10681,0.0220216,4841.36,0
1.7438,8.39926,4.8192,-1.22848,0.0124313,4816.64,0
1.75025,8.39578,4.88255,-1.25831,0.00964965,4796.89,0
1.75676,8.41146,4.84518,-1.23387,0.0211772,4788.06,0
1.76324,8.46147,4.9345,-1.28219,0.0549184,4798.83,0
1.76979,8.68936,5.13567,-1.26752,0.221803,4909.81,0
1.77634,8.77008,4.94163,-1.44597,0.267408,4937.17,0
1.78283,8.80597,4.88674,-1.60319,0.276928,4939.33,0
1.78931,8.78032,4.86565,-1.83765,0.235981,4907.11,0
1.79582,9.18194,5.14033,-1.95369,0.509592,5112.96,0
1.80238,9.33523,5.21422,-2.10583,0.566062,5179.4,0
1.80888,9.72789,5.19561,-2.0474,0.799346,5377.86,0
1.81534,9.94577,5.1489,-1.7206,0.859738,5478.74,0
1.8219,9.97012,5.13486,-1.60216,0.78256,5472.36,0
1.82842,9.72607,5.24667,-1.38131,0.535169,5319.38,0
1.83495,9.75828,5.47715,-1.36717,0.504731,5318.02,0
1.84147,9.74251,5.25569,-1.56401,0.450812,5290.61,0
1.84797,9.70863,5.04866,-1.40024,0.392923,5253.67,0
1.85451,9.91391,4.94593,-1.43747,0.506659,5345.85,0
1.861,9.7548,4.76418,-1.69331,0.348325,5241.7,0
1.86754,9.76388,4.75434,-1.47678,0.330418,5228.22,0
1.87406,9.8222,4.93803,-1.54727,0.346685,5241.12,0
1.88057,10.072,5.13572,-1.32279,0.494452,5355.83,0
1.88707,9.98642,4.98049,-1.17684,0.397496,5292.04,0
1.89357,9.83576,5.27028,-1.36923,0.265176,5194.29,0
1.90007,9.89098,5.29945,-1.29199,0.290244,5205.58,0
1.9066,9.89025,5.15435,-1.19113,0.267866,5187.38,0
1.91316,9.86336,5.23756,-1.05708,0.23266,5155.53,0
1.91967,9.77001,5.40526,-1.07227,0.152992,5089.42,0
1.92615,9.57611,5.4364,-0.92568,0.00501613,4971.64,0
1.93266,9.79272,5.27651,-1.0493,0.163995,5066.96,0
1.93921,9.72554,5.16145,-1.05889,0.108619,5015.22,0
1.94576,9.90235,5.01771,-1.14502,0.233423,5089.2,0
1.95226,10.1747,4.86066,-1.13214,0.41859,5211.76,0
1.95877,10.1956,4.98568,-1.03384,0.408271,5205.11,0
1.96529,10.0754,4.96239,-0.99834,0.290603,5126.68,0
1.97176,10.2988,5.16659,-1.11947,0.426364,5223.14,0
1.9783,10.4562,5.29824,-1.09656,0.50764,5285.42,0
1.98478,10.2777,5.15891,-0.996168,0.337409,5178.25,0
1.99129,10.19,4.94739,-0.998832,0.251606,5117.29,0
1.99779,10.215,4.9313,-0.647203,0.255366,5113.17,0
2.00435,10.0054,4.87889,-0.682755,0.0889187,4991.85,0
2.01088,9.92931,4.90749,-0.729106,0.0300143,4937.79,0
2.01736,10.0173,4.86145,-0.644083,0.0929966,4965.55,0
2.02384,10.145,4.99658,-0.818031,0.182264,5012.75,0
2.03032,10.027,5.14375,-0.781843,0.0896038,4938.63,0
2.03684,10.231,5.29313,-0.817203,0.235016,5022.96,0
2.04336,10.4385,5.05831,-0.808407,0.364699,5108.48,0
2.04984,10.3803,5.14566,-0.557485,0.297295,5063.94,0
2.05632,10.354,5.06541,-0.463839,0.26088,5035.19,0
2.06287,10.6167,4.89431,-0.369879,0.431166,5146.54,0
2.06936,10.4478,4.92072,-0.469687,0.276529,5048.78,0
2.07585,10.5152,4.87674,-0.540212,0.307662,5065.49,0
2.08235,10.5227,4.68749,-0.467715,0.291627,5053.3,0
2.08885,10.6073,5.01697,-0.56218,0.329608,5078.03,0
2.09534,10.5463,5.15095,-0.321857,0.262885,5033.22,0
2.10184,10.4247,5.30044,-0.215999,0.161779,4959.8,0
2.10834,10.3758,5.06972,-0.0740265,0.117101,4921.31,0
2.1148,10.4251,5.05517,0.0736608,0.14831,4929.62,0
2.12128,10.4882,4.97095,0.166419,0.186263,4944.27,0
2.12777,10.4053,4.94427,0.107348,0.113605,4890.26,0
2.13426,10.6066,4.86458,0.0348159,0.253567,4969.71,0
2.14073,10.7158,4.90503,-0.0238132,0.316122,5005.67,0
2.14721,10.6054,5.0232,0.0612351,0.213492,4939.15,0
2.15372,10.358,4.95727,0.0871331,0.0231673,4809.35,0
2.16021,10.7839,5.07629,-0.034846,0.337096,4992.07,0
2.16674,11.0228,4.9388,0.106129,0.483271,5087.29,0
2.17322,10.9178,5.08406,0.286135,0.370257,5023.8,0
2.1797,11.3308,4.63476,0.382174,0.631277,5198.31,0
2.18622,11.457,4.66129,0.377011,0.660815,5240.54,0
2.19274,11.3993,4.60019,0.468693,0.560511,5198.64,0
2.19925,11.2086,4.34649,0.34726,0.38093,5096.54,0
2.20571,11.3701,4.30341,0.761729,0.46034,5154.86,0
2.21221,11.2376,4.44795,0.834091,0.331675,5079.79,0
2.21873,11.1573,4.64448,0.763013,0.247641,5028.68,0
2.22523,11.2836,4.5743,0.370755,0.313875,5070.75,0
2.23173,11.4609,4.54416,0.654196,0.413572,5135.46,0
2.23827,11.4487,4.6635,0.50502,0.369124,5114.95,0
2.24479,11.6113,4.83481,0.876753,0.457704,5172.57,0
2.25127,11.4992,4.99766,0.851601,0.340998,5107.87,0
2.25774,11.5275,4.80402,0.733417,0.334593,5105.77,0
2.26422,11.5583,5.02425,0.833852,0.328666,5104.76,0
2.27068,11.7907,5.13518,0.716012,0.468526,5192.6,0
2.2771,11.925,4.99679,0.347581,0.520612,5236.93,0
2.28364,11.9024,4.99772,0.0944347,0.461262,5212.02,0
2.2901,12.0371,5.1556,0.347179,0.514622,5256.15,0
2.29662,12.0681,5.14557,0.49733,0.494086,5254.75,0
2.30314,12.2485,4.929,0.650128,0.573962,5318.17,0
2.30964,11.9816,5.20521,0.597861,0.338855,5187.64,0
2.31615,12.2036,4.80515,0.608695,0.476272,5268.88,0
2.32267,12.0369,4.44085,0.562528,0.318989,5182.34,0
2.32921,12.0105,4.40282,0.63902,0.276033,5156.47,0
2.33576,11.9958,4.40807,0.628777,0.24735,5135.69,0
2.34229,11.9003,4.27597,0.333215,0.15876,5080.61,0
2.34882,12.2275,4.43108,0.335798,0.379728,5205.79,0
2.35536,12.5082,4.39148,0.656399,0.543909,5310.54,0
2.36188,12.4348,4.49965,0.350541,0.456228,5264.77,0
2.36839,12.0341,4.31843,0.431118,0.135065,5081.13,0
2.3749,11.9076,4.31869,0.593034,0.0341296,5013.93,0
2.38141,11.8923,4.3741,0.540988,0.0204554,4993.8,0
2.38793,12.0231,4.47149,0.511531,0.11525,5034.94,0
2.39443,12.0515,4.51033,0.393056,0.132143,5033.13,0
2.40096,12.0115,4.52684,0.368453,0.0991031,5002.8,0
2.4075,12.1381,4.56426,0.415052,0.183316,5041.81,0
2.41404,12.065,4.47484,0.572676,0.120983,4997.85,0
2.42054,12.0775,4.4112,0.601753,0.122743,4989.59,0
2.42708,12.2162,4.48027,0.231237,0.214924,5033.28,0
2.43355,12.5343,4.38051,0.15509,0.42908,5150.64,0
2.4401,12.4978,4.4003,0.309905,0.367862,5121.82,0
2.44662,12.6451,4.36536,0.064923,0.446341,5168.38,0
2.45317,12.8907,4.17913,0.429384,0.578711,5254.7,0
2.45972,12.7529,4.06985,0.602321,0.423464,5184.71,0
2.46623,12.6459,3.95419,0.698445,0.317003,5127.63,0
2.47271,12.5731,3.98831,0.668864,0.245859,5084.74,0
2.4792,12.8214,3.93154,0.642193,0.402438,5171.58,0
2.48571,12.9174,3.97812,0.635423,0.447078,5196.67,0
2.49222,13.0251,4.10689,0.909252,0.478531,5226.29,0
2.49873,13.0482,4.13137,0.865233,0.456503,5221.92,0
2.50525,13.2056,4.40605,0.950538,0.528657,5271.19,0
2.51181,13.3655,4.55957,1.06733,0.594618,5321.05,0
2.51832,13.57,4.69867,1.14464,0.673803,5388.53,0
2.52483,13.2558,4.38775,1.34368,0.385571,5250.17,0
2.53135,13.5312,4.40169,1.51885,0.544218,5345.46,0
2.53785,13.4581,4.26793,1.50168,0.431622,5302.95,0
2.54435,13.4622,4.1517,1.654,0.401549,5291.01,0
2.55089,13.8127,4.19612,1.47599,0.624048,5414.86,0
2.55741,13.9772,4.231,1.67596,0.68418,5465.38,0
2.56393,14.0346,4.23406,1.3057,0.653996,5473.86,0
2.57044,14.1001,3.65738,1.24743,0.632202,5485.48,0
2.57692,14.1304,3.36353,1.36089,0.591415,5483.43,0
2.58348,14.4226,3.42068,1.78315,0.744436,5582.65,0
2.58997,14.3224,3.29155,1.62911,0.586193,5529.94,0
2.59646,14.4581,3.32223,1.04793,0.629837,5568.39,0
2.60297,14.4594,3.12822,0.931981,0.567718,5554.97,0
2.60946,14.5385,3.28264,1.13423,0.568201,5571.46,0
2.61594,14.7172,3.06845,1.43651,0.641519,5625.98,0
2.62243,14.5024,2.91496,1.48428,0.431864,5530.12,0
2.62894,14.4584,2.82693,1.62956,0.362713,5499.73,0
2.63541,14.4757,2.85581,1.81751,0.340541,5492.76,0
2.64191,14.6967,3.00466,1.8246,0.468806,5562.89,0
2.64846,14.7855,3.38655,1.82188,0.497758,5582.7,0
2.65494,14.7807,3.32226,2.29652,0.446348,5567.25,0
2.66147,14.9379,3.37702,1.88018,0.517305,5612.64,0
2.66795,14.8431,3.50954,1.78161,0.40126,5563.49,0
2.6745,14.7084,3.34529,1.71869,0.269764,5499.52,0
2.68101,14.7632,3.15506,1.6968,0.292511,5506.59,0
2.6875,14.6879,3.22144,1.71114,0.214759,5465.27,0
2.69399,14.5223,3.07695,1.79,0.085165,5390.61,0
2.70052,14.5475,3.20094,1.97159,0.100336,5386.92,0
2.70698,14.7809,3.45047,1.92199,0.264074,5460.3,0
2.71353,15.2158,3.08698,2.25605,0.554451,5607.38,0
2.72003,15.8251,2.84195,2.44144,0.924271,5817.99,0
2.72654,15.8551,2.53591,2.87963,0.844622,5815.12,0
2.73306,16.0203,2.48842,2.76932,0.872978,5861.68,0
2.73956,15.8665,2.45662,2.57838,0.66619,5791.63,0
2.7461,16.1284,2.20067,2.64525,0.787797,5873.19,0
2.7526,16.1005,2.05606,2.72269,0.682346,5849.21,0
2.75908,15.7731,1.69979,2.94245,0.393185,5716.79,0
2.76556,15.8196,1.81803,3.14022,0.395833,5720.22,0
2.77205,15.8291,1.83588,2.98563,0.375424,5710.24,0
2.77857,15.8077,1.90851,3.29495,0.336263,5689.15,0
2.7851,15.5644,1.99101,3.16151,0.141154,5588.46,0
2.79163,15.4766,2.0437,2.93825,0.0708301,5543.93,0
2.79812,15.4707,2.19597,2.78323,0.0640131,5528.95,0
2.80461,15.5133,2.12456,2.84751,0.0923365,5531.38,0
2.81111,15.7429,2.06877,2.77908,0.253564,5600.24,0
2.81764,15.5328,1.87621,3.0857,0.0877862,5512.7,0
2.82417,15.5528,2.01007,3.00145,0.100743,5507.05,0
2.83068,15.6484,2.16029,2.80692,0.167301,5528.13,0
2.83719,15.5202,2.28476,2.7251,0.0683208,5470.28,0
2.84368,15.7206,2.33137,2.36463,0.210058,5528.25,0
2.85019,15.6765,2.24276,2.36423,0.16814,5500.17,0
2.85668,15.4922,2.25683,2.27898,0.0270681,5423.15,0
2.86318,15.4891,2.25827,2.39224,0.0240304,5409.76,0
2.86967,15.6533,2.24272,2.41148,0.144607,5454.74,0
2.87621,15.8131,2.23715,2.35826,0.24804,5497.92,0
2.88275,15.6695,2.28292,2.49702,0.130144,5435.62,0
2.88926,15.7598,2.04667,2.47257,0.187104,5454.61,0
2.89578,15.7526,2.10971,2.52002,0.173824,5439.87,0
2.90226,15.7565,1.87291,2.56155,0.164839,5429.05,0
2.90877,15.9515,1.94999,2.52826,0.289822,5483.93,0
2.91524,16.0708,1.6957,2.56178,0.358037,5512.71,0
2.92171,16.2347,1.74956,2.55689,0.453904,5556.59,0
2.92823,16.085,1.57615,2.75735,0.302856,5493.07,0
2.93474,16.0959,1.47579,3.04696,0.28615,5484.6,0
2.94126,16.1318,1.63324,2.84449,0.289105,5484.64,0
2.94777,16.1021,1.57284,2.8977,0.254381,5462.48,0
2.95427,16.0035,1.69033,2.94304,0.16918,5417.09,0
2.96078,16.4063,1.82539,3.04917,0.446854,5541.22,0
2.96729,16.6258,2.00169,3.30142,0.560745,5603.01,0
2.97388,16.3619,1.9834,3.19646,0.326831,5501.89,0
2.98036,16.1272,2.10825,3.32667,0.13607,5411.18,0
2.98687,16.2848,2.46467,3.15581,0.238099,5452.14,0
2.99339,16.2607,2.28747,3.19888,0.207545,5432.2,0
2.99994,16.5984,2.35935,2.84606,0.435869,5532.92,0
3.00643,16.8446,2.79732,2.77653,0.571532,5602.86,0
3.01292,17.0796,2.53024,2.80457,0.684599,5668.78,0
3.01944,17.3719,2.5434,3.20979,0.8269,5753.33,0
3.02595,17.5553,2.72276,3.25165,0.871175,5801.56,0
3.03248,17.609,2.71738,3.49665,0.803002,5806.8,0
3.03897,17.5862,2.76358,3.51877,0.699095,5786.91,0
3.04549,17.547,2.46326,3.22924,0.603578,5761.65,0
3.05202,17.6239,2.16324,2.93264,0.590852,5774.5,0
3.05854,17.4889,2.14778,2.96835,0.44372,5718.05,0
3.06504,17.8982,2.29229,2.73461,0.697907,5839.46,0
3.07151,18.0627,2.29112,2.47439,0.738539,5880.72,0
3.07802,18.1263,2.295,2.32924,0.711667,5888.96,0
3.08447,17.8167,2.44593,2.17789,0.429823,5776.25,0
3.09098,17.6467,2.43778,2.22108,0.278027,5709.1,0
3.09748,17.7064,2.16008,2.12535,0.300187,5716.38,0
3.10396,17.7238,2.2879,1.89503,0.287331,5710.06,0
3.1105,17.644,2.59378,1.78011,0.213114,5672.41,0
3.11698,17.6419,2.48522,1.75928,0.196203,5659.94,0
3.12352,17.4689,2.41473,1.82137,0.0624366,5592.69,0
3.13003,17.6231,2.34061,1.94386,0.173774,5630.32,0
3.13654,17.6103,2.26174,1.8867,0.156968,5614.57,0
3.14307,17.6881,2.62,1.89831,0.205374,5627.65,0
3.14958,17.7779,2.47717,1.88156,0.261069,5644.54,0
3.15608,17.9349,2.36353,1.89857,0.356885,5682.67,0
3.16257,17.6473,2.31628,1.88315,0.129449,5580.03,0
3.16906,17.7794,2.39343,2.11332,0.217016,5610.32,0
3.17556,17.7875,2.23994,2.1858,0.212953,5601.39,0
3.18207,17.9595,2.55774,2.13086,0.322612,5643.97,0
3.18855,17.8886,2.34893,2.16707,0.247275,5610.27,0
3.19506,17.8094,2.29898,1.98887,0.177996,5574.06,0
3.20159,17.9018,2.4367,2.06329,0.232618,5591.54,0
3.20808,17.791,2.18014,2.13173,0.134065,5545.67,0
3.21456,17.8871,2.08914,2.10314,0.198706,5564.4,0
3.22106,17.8827,2.18317,2.09529,0.184563,5551.81,0
3.22761,18.0395,2.17481,2.04344,0.288257,5589.12,0
3.23406,17.9729,1.93384,1.8909,0.21865,5557.37,0
3.24054,17.9841,1.79422,1.89093,0.2125,5549.73,0
3.24706,18.2909,1.68117,1.72281,0.421829,5633.05,0
3.25353,18.4011,1.70514,1.74319,0.457554,5655.73,0
3.26007,18.2719,1.46155,1.77882,0.327076,5604.77,0
3.26654,18.4653,1.29569,1.70837,0.435883,5652.86,0
3.27304,18.5109,1.61826,1.77219,0.430533,5655.56,0
3.27955,18.4296,1.74529,1.5385,0.334367,5619.54,0
3.28607,18.4785,1.54201,1.74926,0.341863,5623.28,0
3.29254,18.648,1.37796,1.78589,0.439518,5663.72,0
3.29904,18.5283,1.42995,2.04827,0.315702,5616.28,0
3.30554,18.6084,1.49732,1.89081,0.35554,5629.47,0
3.31209,18.7646,1.23449,2.08927,0.44116,5665.5,0
3.31865,18.7467,1.14397,1.85769,0.397194,5648.9,0
3.32508,19.057,1.29344,1.89429,0.579875,5731.29,0
3.33158,19.1918,1.21407,1.76073,0.622333,5760.57,0
3.33809,19.1556,1.50276,1.8267,0.536666,5738.49,0
3.34459,19.0222,1.17094,1.77528,0.40048,5687.47,0
3.3511,18.9796,1.34796,1.87456,0.336129,5663.7,0
3.35761,18.9949,1.1387,1.95352,0.323317,5657.28,0
3.36408,19.2284,1.19683,1.60357,0.464552,5715.8,0
3.37059,19.2437,1.15444,1.54871,0.440352,5709.3,0
3.37714,19.1081,1.33929,1.07061,0.310593,5658.07,0
3.38368,19.0473,1.18974,1.14475,0.246934,5629.16,0
3.39013,19.2781,1.15759,1.1562,0.392563,5686.53,0
3.39662,18.9884,0.930679,1.05704,0.155724,5590.39,0
3.40311,18.9664,0.966659,0.908056,0.131333,5573.26,0
3.40964,19.0456,0.843964,1.05824,0.181372,5585.81,0
3.41615,19.1178,0.770212,1.0483,0.221027,5596.31,0
3.4226,19.3668,0.602018,1.08009,0.385846,5658.5,0
3.42912,19.5272,0.934381,1.17322,0.466261,5694.52,0
3.4356,19.6247,1.07479,1.06038,0.495236,5712.17,0
3.44208,19.652,0.911114,1.21839,0.472135,5709.35,0
3.44857,19.5675,0.746154,1.2015,0.37169,5674.09,0
3.45509,19.3706,0.693242,1.62023,0.208009,5606.41,0
3.4616,19.371,0.645632,1.68043,0.196061,5595.97,0
3.46812,19.5373,0.542689,1.72598,0.296631,5633.39,0
3.47462,19.392,0.523063,1.66855,0.172625,5581.02,0
3.48115,19.2759,0.529977,1.75139,0.079878,5537.23,0
3.48767,19.2262,0.505867,1.85453,0.0412157,5512.62,0
3.49416,19.2608,0.457253,1.75452,0.0660812,5512.29,0
3.50068,19.3751,0.351001,1.60818,0.146732,5534.67,0
3.5072,19.794,0.534487,1.48055,0.440853,5643.81,0
3.51372,19.7899,0.562933,1.58294,0.404742,5632.17,0
3.52018,19.8188,0.426122,1.82533,0.38676,5630.05,0
3.52672,20.041,0.452711,2.10671,0.505631,5682.6,0
3.53322,20.0853,0.30013,2.03769,0.491225,5684.7,0
3.53975,20.1409,0.134438,2.00459,0.49326,5689.92,0
3.54627,20.1471,0.168696,1.83675,0.441818,5681.22,0
3.55276,20.4508,0.215618,1.76725,0.616771,5756.3,0
3.55929,20.409,0.206484,1.6355,0.526068,5734.01,0
3.56579,20.2844,0.128793,1.73163,0.388464,5688.61,0
3.57229,20.2738,0.172052,1.59488,0.351774,5675.29,0
3.57881,19.9601,0.302237,1.67157,0.102284,5577.31,0
3.58532,20.2236,0.460562,1.61399,0.287777,5640.66,0
3.59183,20.369,0.630969,1.40144,0.371606,5670.92,0
3.59832,19.9641,0.757393,1.4756,0.0572451,5548.17,0
3.60479,20.2699,0.775976,1.3134,0.272741,5623.05,0
3.61133,20.2157,1.07386,1.49907,0.213119,5597.86,0
3.61786,20.0321,0.931503,1.43385,0.067931,5537.01,0
3.62435,20.3982,0.833348,1.52819,0.328928,5628.09,0
3.63085,20.4356,0.855479,1.67618,0.329316,5628.33,0
3.63737,20.6223,0.647222,1.73656,0.430073,5669.56,0
3.6438,20.5733,0.961372,1.81516,0.367718,5646.1,0
3.65032,20.407,1.18626,1.86421,0.225713,5590.46,0
3.65686,20.4945,1.25963,1.82455,0.276928,5604.41,0
3.66337,20.524,1.24036,1.71511,0.280376,5602.48,0
3.66992,20.4972,0.92647,1.66062,0.240624,5585.2,0
3.67643,20.5865,1.02579,1.83776,0.290823,5599.59,0
3.68299,20.6601,1.00775,2.11704,0.326388,5609.6,0
3.68955,20.5368,1.09425,2.33583,0.214568,5566.21,0
3.69608,20.6719,1.12216,2.47969,0.301579,5592.92,0
3.70254,20.7941,1.12556,2.70443,0.375148,5616.17,0
3.70903,20.768,0.75798,2.75149,0.323505,5599.3,0
3.71559,20.5008,0.832068,2.57206,0.108998,5517.52,0
3.72211,20.5217,0.780313,2.40654,0.121729,5513.45,0
3.72861,20.6536,0.605231,2.31938,0.216243,5539.23,0
3.73515,20.8263,0.430577,2.21121,0.32709,5575.75,0
3.74165,20.8649,0.485807,2.08174,0.33161,5576.39,0
3.74815,20.9214,0.48737,2.0596,0.344052,5581.79,0
3.75465,20.9606,0.74073,1.83748,0.345579,5582.56,0
3.76115,20.8197,0.573113,1.94878,0.223797,5535.47,0
3.76774,20.5957,0.637256,2.05782,0.0473392,5466.33,0
3.77425,20.6782,0.661687,1.9606,0.105804,5478.75,0
3.78077,20.5981,0.607867,1.86766,0.0422376,5448.12,0
3.78725,20.8837,0.797415,2.25441,0.24714,5514.2,0
3.79376,20.9297,0.627384,2.16822,0.265556,5516.88,0
3.80023,21.0868,0.550738,2.30055,0.368556,5548.8,0
3.80673,21.1447,0.909488,2.33681,0.385326,5554.55,0
3.81322,21.3486,0.932644,2.27351,0.499922,5598.56,0
3.81974,21.2165,1.08445,2.3185,0.365188,5554.42,0
3.82627,21.4046,0.894587,2.34253,0.466341,5594.11,0
3.83277,21.1599,0.812188,2.44683,0.250073,5520.79,0
3.83928,20.9665,0.840049,2.57945,0.0960181,5461.04,0
3.84582,21.152,0.760765,2.59469,0.226307,5500,0
3.85231,21.0805,0.506292,2.48201,0.16202,5472.18,0
3.85883,21.2481,0.625903,2.42804,0.275772,5506.35,0
3.86534,21.0434,0.530471,2.27609,0.107965,5444.14,0
3.87187,21.0181,0.666203,2.17549,0.0842848,5428.41,0
3.87836,21.2316,0.779591,2.29444,0.236476,5474.37,0
3.88487,21.352,1.06643,2.32935,0.310244,5496.2,0
3.8914,21.111,1.42125,2.28979,0.118097,5425.05,0
3.89788,21.27,1.49335,2.26041,0.225365,5456.81,0
3.90435,21.3739,1.44875,2.19881,0.282095,5474.36,0
3.91088,21.2496,1.55687,2.15735,0.173328,5433.46,0
3.91743,21.1778,1.6835,2.2187,0.112665,5406.05,0
3.92394,21.2934,1.35601,2.38165,0.191798,5426.54,0
3.93045,21.2802,1.30035,2.58687,0.170649,5414.19,0
3.93696,21.1819,1.18252,2.56945,0.0923674,5380.26,0
3.94342,21.2696,1.32111,2.46315,0.153217,5393.69,0
3.94998,21.5628,1.46268,2.40531,0.354073,5458.96,0
3.95648,21.6607,1.64695,2.12823,0.392488,5474.74,0
3.96301,21.6364,1.81457,1.95472,0.343905,5459.58,0
3.9695,21.8951,2.04758,1.96882,0.498062,5515.82,0
3.97605,21.7255,2.22499,1.76265,0.344643,5464.09,0
3.98257,21.7473,2.35634,1.80886,0.329825,5460.61,0
3.9891,21.669,2.52214,1.9569,0.246504,5432.05,0
3.99564,21.6814,2.47476,1.99802,0.241787,5426.28,0
4.00216,21.695,2.53842,1.74835,0.233121,5420.82,0
4.00868,21.8531,2.61458,1.74979,0.339536,5451.45,0
4.01515,21.8938,2.69149,1.72049,0.345574,5452.79,0
4.02165,21.9699,2.93561,1.55607,0.380244,5462.9,0
4.02816,21.5989,2.95181,1.59409,0.0815018,5361.98,0
4.03466,21.702,2.8987,1.78293,0.152174,5378.89,0
4.04119,21.522,2.86834,1.86968,0.0145896,5325.65,0
4.04767,21.5468,2.73366,1.82557,0.0319873,5323.26,0
4.05413,21.568,2.75425,1.7719,0.0473809,5320.02,0
4.06069,21.5614,2.64316,1.7649,0.0410389,5309.78,0
4.0672,21.5655,2.42188,1.73883,0.04306,5302.3,0
4.0737,21.8191,2.52667,1.92013,0.228832,5356.09,0
4.08018,21.6949,2.24572,1.72219,0.125333,5317.13,0
4.08672,21.9677,2.00952,1.79663,0.313157,5375.4,0
4.09326,21.9952,1.95975,1.59695,0.311197,5373.51,0
4.09975,21.8515,1.83074,1.48984,0.18373,5329.96,0
4.10623,21.7537,1.99957,1.51115,0.105645,5297.72,0
4.11276,21.8161,1.82527,1.64356,0.147781,5304.48,0
4.11931,21.8834,1.95228,1.72142,0.192366,5312.4,0
4.12583,21.9611,1.94954,1.75732,0.237773,5322.84,0
4.13229,21.841,2.09173,1.80995,0.138401,5285.44,0
4.13876,21.8657,2.0618,1.85975,0.150225,5283.15,0
4.14528,21.7707,2.03492,1.89425,0.0729844,5251.92,0
4.15186,21.9202,1.88589,1.81622,0.178754,5279.61,0
4.15837,21.9838,1.73823,1.84196,0.22074,5286.64,0
4.16489,22.1221,2.1747,1.90867,0.310275,5311.56,0
4.17141,22.1083,2.507,1.86543,0.280284,5299.96,0
4.17793,22.2576,2.6526,1.99825,0.361182,5327.42,0
4.18443,22.3061,2.8346,1.95766,0.366322,5330.73,0
4.19094,22.2347,2.89219,1.77474,0.289458,5305.43,0
4.19746,22.2154,2.77317,1.7638,0.24896,5292.58,0
4.20396,22.255,2.77699,1.44781,0.261518,5293.83,0
4.21049,22.4614,2.83439,1.43032,0.394813,5334.63,0
4.21699,22.6402,2.65317,1.94988,0.484148,5368.8,0
4.2235,22.6337,2.72914,2.00117,0.434835,5359,0
4.23,22.6577,3.06413,2.157,0.421168,5356.45,0
4.23651,22.9541,3.03899,1.96361,0.590301,5418.15,0
4.24305,22.9669,2.83206,1.63135,0.544522,5412.82,0
4.24952,22.9657,2.7051,1.62064,0.486559,5404.32,0
4.25607,22.8657,3.04348,1.29332,0.370359,5372.5,0
4.26251,22.7624,3.26204,1.01262,0.263659,5340.13,0
4.26904,22.6264,3.07434,1.02098,0.147275,5300.12,0
4.27556,22.5422,3.11366,1.0352,0.0787552,5272.34,0
4.28213,22.5895,2.88908,1.00353,0.110552,5275.3,0
4.28864,22.4606,3.0983,0.996548,0.0107702,5237.23,0
4.29513,22.467,3.08898,0.943268,0.0146072,5230.8,0
4.30162,22.606,2.86902,0.946966,0.115563,5255.24,0
4.3081,22.5685,3.05139,0.898108,0.0812619,5238.63,0
4.31465,22.6675,2.98731,1.10052,0.151316,5253.61,0
4.32117,22.6446,3.06118,1.09949,0.127362,5240.4,0
4.32769,22.8728,3.11284,0.959165,0.286862,5285.21,0
4.33424,23.0927,2.84219,0.805814,0.425402,5327.98,0
4.3408,23.0175,2.77573,0.658126,0.338851,5302.6,0
4.34732,23.2894,2.81416,0.601555,0.507908,5357.19,0
4.3538,23.2236,2.79705,0.333121,0.410597,5334.1,0
4.36029,23.3259,2.99682,0.506058,0.444583,5349.63,0
4.36681,23.3519,3.11823,0.570117,0.429041,5347.59,0
4.37325,23.155,2.79782,0.3538,0.261345,5294.68,0
4.37975,23.3139,2.88516,0.490914,0.357835,5323.11,0
4.38626,23.26,2.48425,0.560095,0.292447,5302.93,0
4.39276,23.3031,2.69839,0.610406,0.301422,5304.9,0
4.39928,23.5052,2.60253,0.399922,0.421975,5342.97,0
4.4058,23.7942,2.5735,0.569071,0.593384,5400.67,0
4.41226,23.8899,2.29578,0.46536,0.612638,5414.44,0
4.41873,23.8414,2.15544,0.456362,0.518854,5395.53,0
4.42525,23.7658,2.21065,0.451831,0.426651,5370.5,0
4.43178,23.7424,2.26981,0.56451,0.37689,5357.3,0
4.43829,23.7792,2.25818,0.484388,0.372521,5357.73,0
4.44479,23.4491,2.3428,0.537864,0.114359,5275.64,0
4.45133,23.4284,2.30675,0.326089,0.0945754,5263.25,0
4.45785,23.6008,2.21636,0.295702,0.215403,5294.22,0
4.46435,23.6735,2.32076,0.309349,0.259065,5302.77,0
4.47085,23.9526,2.18659,0.171615,0.441636,5357.5,0
4.47739,24.1013,2.1903,-0.0765958,0.513955,5382.9,0
4.48389,24.0443,2.42348,-0.154719,0.43165,5362.36,0
4.49041,24.1117,2.41408,-0.0569558,0.446594,5369.6,0
4.49688,24.3884,2.57472,-0.187492,0.603729,5423.4,0
4.50339,24.7494,2.5473,-0.130749,0.795167,5495.71,0
4.50992,25.0365,2.68377,-0.0304836,0.900034,5551.42,0
4.51644,25.0255,2.78325,-0.0594112,0.785249,5540.97,0
4.52294,25.1586,2.95888,0.064661,0.802555,5562.44,0
4.52945,25.184,2.92233,0.517393,0.746533,5560.06,0
4.53593,25.0022,2.95075,0.986717,0.530979,5512.03,0
4.54241,24.8691,3.06178,0.971392,0.396973,5474.87,0
4.54897,25.0415,3.1505,1.01311,0.48525,5504.87,0
4.55545,25.0201,3.23905,1.11433,0.430714,5492.34,0
4.56196,25.1051,3.4482,1.39717,0.458414,5503.14,0
4.56845,25.5027,3.74216,1.09284,0.699979,5582.36,0
4.57496,25.7134,3.73681,1.45356,0.774841,5620.46,0
4.58151,25.8273,3.55863,1.25258,0.772785,5637.29,0
4.58803,25.6462,3.63244,1.54076,0.564902,5589.8,0
4.59453,25.5875,3.59486,1.37766,0.468758,5569.13,0
4.60104,25.5964,3.51968,1.26684,0.437744,5563.18,0
4.60757,25.7815,3.56186,1.3993,0.532078,5595.47,0
4.6141,26.0258,3.71034,1.43157,0.652797,5640.49,0
4.62056,26.1311,3.72535,1.72822,0.660723,5655.4,0
4.62712,25.9203,3.62013,1.4604,0.447818,5601.83,0
4.63363,25.8771,3.83333,1.53689,0.385267,5584.62,0
4.64017,25.8499,4.00113,1.11384,0.344743,5570.9,0
4.64668,26.1086,3.99007,1.18452,0.504532,5618.75,0
4.65319,26.3257,4.07912,1.05168,0.621556,5657.57,0
4.6597,26.4748,3.84385,0.954601,0.66369,5681.66,0
4.6662,26.667,3.90345,0.98958,0.745166,5714.92,0
4.67272,26.7008,3.84262,0.743674,0.69026,5714.18,0
4.67924,26.4803,3.78127,1.19918,0.456131,5659.11,0
4.68574,26.5014,3.63513,1.26566,0.429303,5655.76,0
4.69227,26.649,3.18612,1.36902,0.49496,5679.34,0
4.69877,26.9057,3.34025,1.46015,0.629343,5726.12,0
4.70526,26.5671,3.54023,1.21355,0.329018,5646.25,0
4.71169,26.8118,3.55471,1.09887,0.481778,5690.47,0
4.71819,26.7875,3.80975,0.933415,0.417784,5677.5,0
4.72466,26.9179,3.6698,0.762301,0.472811,5697.31,0
4.73123,26.711,3.76171,0.571603,0.290094,5645.67,0
4.73774,26.8815,3.83958,0.528822,0.387762,5673.91,0
4.74428,26.6779,3.64895,0.770078,0.216248,5623.17,0
4.75078,26.5118,3.51993,0.634867,0.0826548,5580.52,0
4.7573,26.839,3.40374,0.205806,0.316851,5641.66,0
4.76381,26.8153,3.35118,-0.0265478,0.27765,5628.96,0
4.77034,27.0952,3.09309,0.134954,0.461278,5679.94,0
4.77685,27.0889,3.17406,0.0577476,0.4216,5670.87,0
4.78333,27.0442,3.03117,-0.179775,0.352286,5653.85,0
4.78988,27.1567,3.07519,-0.175124,0.40788,5669.59,0
4.79641,26.8763,3.17144,-0.467765,0.170746,5603.42,0
4.80292,26.6666,3.24525,-0.370072,0.00990326,5552.16,0
4.80942,26.6995,3.21407,-0.407436,0.0338004,5551.5,0
4.81594,26.7117,3.1858,-0.415164,0.0423313,5546.52,0
4.82247,26.757,3.39323,-0.341339,0.0733803,5548.4,0
4.829,26.8184,3.49265,-0.297284,0.115566,5553.6,0
4.83552,26.7845,3.55849,-0.507321,0.084846,5539.12,0
4.84199,27.0499,3.53071,-0.558459,0.27246,5586.53,0
4.84845,27.2023,3.7501,-0.691327,0.366367,5610.51,0
4.85497,27.1043,3.81491,-0.658312,0.268859,5582.79,0
4.86145,27.0973,3.7558,-0.847896,0.243965,5573.9,0
4.86798,27.2401,3.615,-0.607266,0.328894,5595.77,0
4.87448,27.2118,3.68827,-0.82081,0.28578,5582.5,0
4.88101,27.4167,3.57089,-0.950198,0.407469,5617.01,0
4.88751,27.2726,3.50566,-0.956802,0.265416,5580.06,0
4.89401,27.3174,3.3552,-0.983487,0.27258,5581.8,0
4.90053,27.3942,3.48306,-1.0143,0.311276,5590.04,0
4.90704,27.3323,3.53449,-1.0752,0.238051,5570.01,0
4.91355,27.5634,3.41254,-0.975463,0.388581,5609.67,0
4.92006,27.5559,3.27272,-0.839183,0.351919,5600.72,0
4.92659,27.7793,3.1863,-0.709597,0.48669,5638.66,0
4.93311,27.8015,3.12357,-0.397033,0.461923,5635.69,0
4.93961,27.5687,3.24316,-0.22546,0.262418,5581.14,0
4.94612,27.7,3.21707,-0.297085,0.342118,5600.35,0
4.95264,27.8908,3.32219,-0.14542,0.4547,5631.51,0
4.95916,28.0146,3.32734,0.00113522,0.509909,5649.07,0
4.96568,27.9692,3.10013,-0.207497,0.419281,5632.5,0
4.97222,28.2499,3.21559,0.091865,0.586214,5681.54,0
4.97873,28.4564,3.5143,0.123672,0.672249,5715.6,0
4.98521,28.2406,3.30988,-0.213095,0.460702,5664.88,0
4.9917,28.397,3.45151,0.0217571,0.531096,5688.85,0
4.9982,28.0657,3.34168,0.0840194,0.250645,5615.15,0
5.00473,28.351,3.49392,0.0964,0.437198,5664.84,0
5.01124,28.5401,3.5102,0.251039,0.544426,5695.21,0
5.01776,28.5137,3.51141,0.424369,0.482023,5682.54,0
5.02429,28.3564,3.60357,0.556537,0.324625,5643.86,0
5.03079,28.1955,3.70842,0.824698,0.183539,5604.58,0
5.03729,28.2713,3.8427,0.855777,0.226803,5612.4,0
5.04382,28.1828,3.88987,1.22253,0.151234,5587.6,0
5.05035,28.1838,4.07936,1.34635,0.146191,5580.57,0
5.05689,28.0722,3.97546,1.36754,0.060309,5551.28,0
5.0634,28.1995,3.88277,1.2884,0.148579,5569.27,0
5.06997,28.066,3.96522,1.19781,0.0463371,5535.74,0
5.07646,28.1026,3.9987,1.28029,0.0716449,5535.86,0
5.08295,28.1458,3.86784,1.35469,0.102139,5537.29,0
5.08946,28.0269,3.68851,1.1284,0.0103472,5506.85,0
5.09598,28.1803,3.69037,1.08108,0.121413,5529.91,0
5.10246,28.0689,3.50894,1.01601,0.0335793,5501.05,0
5.10892,28.1198,3.38208,0.951834,0.0708428,5504.07,0
5.11541,28.1384,3.37482,0.902136,0.0830663,5500.7,0
5.12195,28.1954,3.41587,0.993427,0.123513,5504.82,0
5.12848,28.2366,3.25331,0.85213,0.148575,5505.84,0
5.13498,28.5555,3.22832,0.740753,0.367651,5560.99,0
5.14146,28.5078,3.44007,0.595476,0.303897,5544.69,0
5.14798,28.471,3.37496,0.640526,0.260912,5530.52,0
5.15444,28.4945,3.53318,0.751185,0.263641,5528.14,0
5.16096,28.4873,3.5096,0.754007,0.243912,5519.76,0
5.16744,28.5345,3.40186,0.615422,0.260917,5521.97,0
5.17391,28.4786,3.44723,0.727814,0.203303,5504.26,0
5.18042,28.4787,3.61116,0.722436,0.196367,5497.36,0
5.18696,28.3878,3.67166,0.742052,0.122913,5472.92,0
5.19345,28.5475,4.04141,0.632835,0.230181,5496.83,0
5.19991,28.4684,4.07819,0.780836,0.158739,5474.79,0
5.20636,28.535,4.22095,0.799475,0.19656,5480.8,0
5.21287,28.7186,4.13453,0.950449,0.319176,5509.18,0
5.21933,28.9761,4.37193,0.906803,0.476128,5551.68,0
5.22585,28.9094,4.2715,0.721995,0.390811,5532,0
5.23241,29.1494,3.88454,0.995916,0.525973,5570.93,0
5.23893,29.2731,4.18166,0.993882,0.563546,5587.62,0
5.24546,29.2253,4.44528,0.815213,0.481309,5571.56,0
5.25199,29.3776,4.50612,0.767879,0.545028,5593.6,0
5.25848,29.3779,4.32928,0.9346,0.488192,5586.76,0
5.26497,29.4914,4.59556,0.820434,0.523628,5601.43,0
5.27144,29.2494,4.42576,0.841973,0.305443,5548.65,0
5.27796,29.209,4.64205,0.873368,0.255258,5534.15,0
5.28444,29.2893,4.69884,0.645025,0.299374,5542.55,0
5.29093,29.2342,4.54296,0.593458,0.240697,5525.34,0
5.29741,29.4256,4.66808,0.604751,0.362005,5554.71,0
5.30392,29.3953,4.8089,0.582452,0.310747,5542.19,0
5.31048,29.5468,4.90799,0.619262,0.400955,5563.87,0
5.31698,29.7171,4.8079,0.545013,0.495441,5589.09,0
5.32349,29.7506,4.68184,0.634138,0.484859,5588.56,0
5.33002,29.6497,4.76398,0.712709,0.372273,5562.77,0
5.33651,29.8151,4.64099,0.824825,0.454692,5587,0
5.34305,29.9855,4.82143,1.04228,0.541217,5612.05,0
5.34955,30.0988,4.62362,0.905226,0.572052,5626.41,0
5.35606,29.9693,4.61602,1.10371,0.429831,5595.4,0
5.36262,30.0417,4.81439,1.37861,0.444321,5602.06,0
5.36915,30.3108,5.06451,1.3787,0.597145,5645.37,0
5.37567,30.5681,4.86639,1.14428,0.716317,5686.37,0
5.38219,30.3968,4.49289,1.25103,0.523388,5647.66,0
5.38865,30.3929,4.91413,1.39604,0.479519,5640.17,0
5.39517,30.2255,4.87466,1.79173,0.320691,5602.32,0
5.40165,30.3016,4.83491,1.92619,0.35477,5609.69,0
5.40818,30.6139,4.7383,2.2533,0.547141,5660.67,0
5.41472,30.6448,4.95217,2.28004,0.514636,5659.54,0
5.42125,30.5755,5.09523,1.98096,0.415615,5639.94,0
5.4277,30.5704,5.17626,2.19327,0.380178,5632.29,0
5.43422,30.6185,4.99719,2.15693,0.387265,5634.39,0
5.44076,30.6948,4.93502,2.26802,0.408043,5641.64,0
5.4473,30.9659,4.86278,2.42321,0.567392,5684.64,0
5.45382,31.2838,4.95974,2.52807,0.733731,5736.12,0
5.46036,31.5568,5.32731,2.64156,0.85339,5779.25,0
5.4669,31.5053,5.24829,2.74587,0.731933,5762.91,0
5.47337,31.5753,5.54088,3.15929,0.702343,5768.91,0
5.47985,31.3611,5.83517,3.10443,0.495108,5722.98,0
5.48643,31.5335,5.66596,3.06296,0.574849,5747.54,0
5.49294,31.7267,5.96651,2.94271,0.654203,5775.91,0
5.49944,31.4006,5.97084,2.8932,0.361738,5709.78,0
5.50594,31.8785,5.61463,2.88567,0.669598,5789.84,0
5.51242,31.7678,5.73484,3.06509,0.53918,5762.96,0
5.51891,31.5006,5.62768,2.93363,0.304177,5707.76,0
5.52539,31.335,5.43399,3.00467,0.15912,5671.08,0
5.5319,31.3502,5.28599,2.92281,0.156984,5667.16,0
5.53841,31.4143,5.40609,2.72156,0.193993,5672.07,0
5.54496,31.5623,5.57619,2.71217,0.292346,5692.07,0
5.55147,31.5123,5.53579,2.60749,0.233178,5676.38,0
5.55802,31.7783,5.52033,2.5708,0.410239,5717.56,0
5.56456,31.9808,5.5325,2.79993,0.511165,5747.24,0
5.57109,31.8403,5.6325,2.78534,0.370648,5715.28,0
5.57759,31.7542,5.70763,2.83269,0.281915,5693.18,0
5.58407,31.7953,5.94308,2.55163,0.296259,5693.93,0
5.59057,31.7987,6.25617,2.31399,0.270013,5687.91,0
5.59709,31.8404,6.30294,2.14569,0.280809,5688.73,0
5.60358,31.6932,6.44005,2.3418,0.155172,5655.88,0
5.61005,31.7508,6.54114,2.29069,0.18875,5659.63,0
5.61655,31.6864,6.54651,2.24561,0.13123,5641.62,0
5.62313,31.8682,6.75618,2.32237,0.256175,5667.33,0
5.62964,31.6716,6.64443,2.3158,0.0995605,5625.86,0
5.63616,31.7366,6.72194,2.42755,0.144702,5630.9,0
5.64269,31.8318,6.80394,2.2525,0.208675,5641.25,0
5.6492,32.205,6.41073,2.08871,0.466367,5700.81,0
5.65572,32.113,6.41861,2.26946,0.36503,5677.98,0
5.6622,31.9976,6.34715,2.34178,0.258295,5651.08,0
5.66873,32.0938,6.34802,2.52577,0.312437,5661.54,0
5.67521,32.0822,6.55068,2.72975,0.275152,5653.04,0
5.68169,32.1935,6.75706,2.85825,0.334186,5666.19,0
5.68818,32.1519,6.90695,2.78896,0.280895,5652.39,0
5.69469,32.1632,6.85911,2.85902,0.26751,5647.94,0
5.70118,32.303,6.93262,2.93688,0.349863,5666.02,0
5.70766,32.5387,6.96448,2.96627,0.488054,5700.89,0
5.71414,32.7022,6.99513,3.07104,0.55678,5723.03,0
5.72066,32.9512,7.38349,3.08082,0.681254,5760.04,0
5.7272,33.2591,7.78142,3.00004,0.831302,5807.22,0
5.73372,33.4041,7.98132,2.84985,0.838743,5825.91,0
5.74022,33.28,7.65659,2.95702,0.658735,5797.69,0
5.74672,33.1856,7.72563,3.0641,0.535803,5774.7,0
5.75324,33.0355,8.15075,2.96153,0.387978,5742.08,0
5.7597,33.1337,8.07153,3.1638,0.428851,5752.68,0
5.76622,33.1381,8.04344,3.33905,0.401292,5746.94,0
5.7727,33.3081,8.0487,3.19661,0.493446,5769.93,0
5.77921,33.4578,8.10427,3.24648,0.548536,5789.34,0
5.78571,33.3154,8.29206,3.15449,0.398852,5758.22,0
5.79219,33.1133,8.25422,2.95062,0.22244,5716.89,0
5.79874,33.2278,8.25375,2.72724,0.294009,5730.17,0
5.80528,33.2914,8.18221,2.90271,0.321333,5734.67,0
5.81179,33.2142,8.14338,2.84789,0.246503,5714.97,0
5.81834,33.2784,8.24241,2.87935,0.27635,5719.57,0
5.82484,33.163,8.33497,3.01608,0.173787,5693.38,0
5.83131,32.9883,8.18634,2.90271,0.0400621,5657.1,0
5.83785,32.971,8.15038,2.84805,0.0253952,5647.81,0
5.84436,33.0514,8.07597,2.94906,0.0805641,5655.27,0
5.8509,33.0843,8.07405,3.06832,0.102915,5654.57,0
5.85738,33.1302,7.98778,3.09296,0.133469,5656.14,0
5.8639,33.4006,7.9965,3.03376,0.32607,5695.96,0
5.87041,33.0992,8.17084,3.20885,0.088578,5638.31,0
5.87691,33.391,8.25461,3.28608,0.295677,5681.73,0
5.88342,33.3838,8.26396,3.08511,0.267175,5674.21,0
5.88997,33.4591,8.3912,3.30959,0.300514,5680.69,0
5.89646,33.4689,8.60579,3.32441,0.282583,5676.09,0
5.90293,33.5022,8.7814,3.63742,0.28448,5675.53,0
5.90944,33.3678,8.52664,3.49784,0.167489,5646.53,0
5.91594,33.6306,8.64375,3.61327,0.341615,5684.74,0
5.92245,33.5784,8.72051,3.5656,0.282759,5669.68,0
5.92897,33.4809,8.56045,3.44196,0.190552,5646.99,0
5.93547,33.4714,8.55796,3.46223,0.170077,5639.21,0
5.94194,33.6208,8.49948,3.42772,0.265274,5658.22,0
5.94842,33.9916,8.57006,3.25194,0.507643,5714.39,0
5.95491,34.2781,8.86041,3.39157,0.66575,5756.28,0
5.96142,34.625,8.61335,3.53786,0.840154,5808.18,0
5.96789,34.7659,8.55692,3.70629,0.847005,5825.49,0
5.97439,34.6975,8.5421,3.50038,0.704372,5807.7,0
5.98088,34.578,8.62036,3.40618,0.55048,5781.42,0
5.98742,34.9376,8.60962,3.69448,0.754996,5835.16,0
5.99387,34.8386,8.59335,3.54821,0.60812,5812.37,0
6.00037,35.0123,8.39011,3.66636,0.660241,5835.02,0
6.00686,35.2291,8.34138,3.57853,0.744578,5864.81,0
6.01337,34.8418,8.0659,3.78847,0.399505,5794.06,0
6.01988,34.7166,8.04263,4.06567,0.271749,5767,0
6.02637,34.9766,7.88653,4.0634,0.435656,5803.93,0
6.0329,34.937,8.05423,4.09989,0.372934,5791.08,0
6.03941,34.8269,8.0477,4.05173,0.261594,5766.61,0
6.04591,34.7567,8.26513,3.76011,0.197191,5748.79,0
6.05245,34.7409,8.47043,3.80032,0.17594,5739.97,0
6.059,34.7928,8.58585,3.99712,0.20042,5742.33,0
6.06551,34.7889,8.41737,4.13412,0.185554,5735.54,0
6.07202,34.7387,8.44029,4.16753,0.137913,5721.11,0
6.07848,34.837,8.38838,4.14639,0.201054,5731.2,0
6.08504,34.7483,8.53081,4.34554,0.125117,5710.44,0
6.09154,34.8445,8.68154,4.32977,0.189407,5720.14,0
6.0981,34.9348,8.59728,4.37987,0.240796,5728.8,0
6.10459,34.9069,8.52644,4.22876,0.203944,5718.13,0
6.11108,34.9223,8.58431,4.06244,0.200705,5714.58,0
6.11754,35.1316,8.66321,4.03652,0.34188,5742.77,0
6.12402,35.0747,8.82272,4.16338,0.275602,5727.4,0
6.13054,35.0254,8.58963,4.20057,0.220403,5713.26,0
6.13708,34.8877,8.57418,4.26345,0.100415,5684.74,0
6.14357,35.0303,8.44985,4.35439,0.200193,5701.94,0
6.1501,35.1503,8.44562,4.45802,0.271595,5715.41,0
6.15657,35.2318,8.59013,4.58192,0.312522,5722.64,0
6.16308,35.6188,8.89349,4.67619,0.563705,5779.38,0
6.16957,35.8355,8.88871,4.52223,0.658626,5808.42,0
6.17607,35.8265,8.86349,4.43684,0.586447,5800.85,0
6.18255,35.5667,8.78736,4.49368,0.348737,5752.75,0
6.18908,35.5671,8.58619,4.14751,0.314869,5746.75,0
6.19555,35.626,8.33719,4.38653,0.341122,5750.26,0
6.20204,35.7084,8.20094,4.23788,0.374125,5757.52,0
6.20855,35.5948,8.32139,4.37536,0.26598,5733.18,0
6.21505,35.648,7.98883,4.48001,0.286009,5735.74,0
6.22152,35.5622,7.91158,4.31857,0.207692,5715.99,0
6.22805,35.5573,7.98646,4.38736,0.193762,5709.22,0
6.23454,35.4658,8.09205,4.5966,0.117696,5688.6,0
6.24103,35.4023,7.98316,4.45463,0.063448,5672.5,0
6.24751,35.3388,7.98916,4.48588,0.0140359,5656.47,0
6.25403,35.5054,7.95464,4.60598,0.137063,5677.2,0
6.26054,35.3873,8.10867,4.55986,0.0458245,5652.43,0
6.26704,35.4796,8.23996,4.51759,0.112865,5661.31,0
6.27357,35.4624,8.2235,4.65426,0.095943,5652.66,0
6.28008,35.6022,8.22315,4.48459,0.195971,5669.07,0
6.28656,35.3906,8.05767,4.3348,0.033168,5629.56,0
6.29309,35.4397,8.0638,4.26833,0.0670082,5631.53,0
6.29959,35.3633,8.09097,4.17676,0.00933321,5613.59,0
6.30609,35.367,8.04497,4.04902,0.0106352,5608.4,0
6.31259,35.5086,8.01597,4.13233,0.115598,5625.05,0
6.31908,35.4864,8.11354,4.11435,0.0946263,5615.75,0
6.32559,35.5532,8.07627,4.2084,0.14014,5620.54,0
6.33204,35.5424,8.01229,4.15415,0.122033,5613.11,0
6.33853,35.7102,8.05335,4.05857,0.241159,5633.83,0
6.34502,35.6521,8.18401,4.1339,0.186733,5618.91,0
6.3515,35.8179,7.93951,4.31417,0.2971,5639.29,0
6.35797,36.0118,8.255,4.56858,0.405822,5664.04,0
6.36449,36.156,8.01769,4.65081,0.472656,5680.9,0
6.37103,36.245,7.94116,4.51572,0.500121,5689.03,0
6.37758,36.2965,7.79578,4.39097,0.489644,5691.26,0
6.38411,36.4176,7.95868,4.35157,0.528428,5704.42,0
6.3906,36.4425,8.00797,4.4755,0.498647,5702.52,0
6.39712,36.7396,8.11002,4.28139,0.666845,5743.14,0
6.40364,36.7685,8.21064,3.84586,0.617145,5741.8,0
6.41014,36.5952,8.13656,3.73167,0.434825,5708.95,0
6.41665,36.7824,8.13353,3.77828,0.528128,5732.34,0
6.42315,36.8645,8.57905,3.74081,0.534863,5739.32,0
6.4296,36.7712,8.45802,3.79218,0.413376,5719.04,0
6.43608,36.6281,8.12513,3.75489,0.287114,5691.06,0
6.44263,36.7615,7.93494,3.81715,0.359168,5705.97,0
6.4491,36.9382,8.0522,3.71462,0.456469,5727.65,0
6.45563,37.0362,7.92353,3.79838,0.492944,5737.04,0
6.4621,37.3219,7.93872,3.92212,0.653795,5775.5,0
6.46864,37.2646,7.99676,3.79993,0.549469,5760.81,0
6.47513,37.2647,8.09961,3.75813,0.501927,5755.05,0
6.48164,37.3507,8.42342,3.78373,0.517715,5762.54,0
6.48815,37.2893,8.38367,4.0371,0.4239,5747.29,0
6.49462,37.4223,8.31007,4.10678,0.48454,5762.05,0
6.5011,37.5732,8.26125,4.20127,0.550476,5779.52,0
6.50759,37.4717,8.11004,4.42149,0.421363,5758.14,0
6.51412,37.615,7.98249,4.58205,0.485298,5774.37,0
6.52066,37.9544,7.86386,4.78559,0.676757,5820.64,0
6.52718,38.0975,7.8949,4.6757,0.701462,5836.74,0
6.5337,37.8184,8.05431,4.49362,0.435693,5788.2,0
6.54019,37.6433,8.07109,4.36699,0.28477,5755.69,0
6.54671,37.7182,8.17526,4.32519,0.323733,5761.4,0
6.55324,37.565,8.15567,4.43481,0.188514,5732.29,0
6.55971,37.6713,8.22039,4.54948,0.253067,5742.82,0
6.56625,37.7129,8.12797,4.46956,0.266879,5743.44,0
6.5728,37.6936,8.18067,4.35151,0.231649,5734.78,0
6.57931,37.8661,8.11114,4.34625,0.341875,5755.33,0
6.58578,37.8522,8.26585,4.08998,0.312793,5747.56,0
6.59223,37.9693,8.10961,4.22444,0.376289,5759.71,0
6.59878,37.9439,8.21361,4.28671,0.333762,5750.14,0
6.6053,37.8652,8.21461,4.32,0.251799,5732.55,0
6.61179,38.0376,8.03783,4.22584,0.363115,5753,0
6.61835,38.2278,8.13022,4.1663,0.468684,5776.03,0
6.62485,38.3541,8.1648,4.19904,0.516031,5789.43,0
6.63142,38.3684,7.81378,4.0022,0.474891,5785.85,0
6.63791,38.4784,7.82457,4.02664,0.517475,5796.76,0
6.64441,38.5971,7.96263,4.0886,0.555189,5808.96,0
6.65093,38.6815,7.63897,4.07436,0.55809,5815.95,0
6.65745,38.4709,8.01837,4.07454,0.362157,5778.61,0
6.66396,38.3544,8.0831,3.93638,0.251969,5755.5,0
6.67051,38.2077,8.04365,3.57775,0.13256,5727.85,0
6.67703,38.4027,7.81822,3.51006,0.267773,5751.47,0
6.68352,38.3573,7.73802,3.44615,0.21585,5739.09,0
6.69002,38.4633,7.82487,3.64202,0.281912,5749.36,0
6.69653,38.5783,7.86767,3.64218,0.347876,5760.95,0
6.70306,38.3759,8.13092,3.67524,0.181202,5725.14,0
6.70956,38.2945,8.09787,3.67903,0.109192,5707.45,0
6.71605,38.5778,7.99232,3.63075,0.314589,5744.12,0
6.72256,38.6124,8.37375,3.79506,0.321523,5743.7,0
6.72906,38.7808,8.74637,3.73622,0.422132,5763.18,0
6.7356,39.0445,8.65796,3.63047,0.57259,5796.74,0
6.7421,39.0443,8.7224,3.70389,0.513778,5791.13,0
6.74858,39.0263,8.74404,3.55769,0.459499,5782.88,0
6.75509,39.2471,9.06842,3.44718,0.58189,5810.01,0
6.76157,39.5466,9.06375,3.65535,0.741188,5848.73,0
6.76806,39.6052,9.06125,3.7895,0.703993,5851.79,0
6.77454,39.9628,9.04444,3.7811,0.883124,5898.98,0
6.78103,40.1886,9.07799,3.72999,0.944935,5926.63,0
6.78756,40.379,9.14877,3.69682,0.957057,5948.97,0
6.79408,40.1778,8.73692,3.32985,0.704083,5913.65,0
6.8006,40.3511,8.71431,2.82874,0.76074,5933.47,0
6.8071,40.477,8.62299,2.93737,0.763202,5946.3,0
6.81361,40.5268,8.27717,3.53611,0.717568,5947.92,0
6.82007,40.5872,8.47215,3.65461,0.685154,5951.15,0
6.82658,40.7315,8.52554,3.33901,0.720727,5966.61,0
6.8331,40.7634,8.87458,3.58031,0.683837,5965.58,0
6.8396,40.7358,8.90766,3.87507,0.589327,5955.88,0
6.84613,40.8971,8.8309,4.24012,0.652562,5973.75,0
6.85261,40.696,8.68266,4.05409,0.456544,5938.75,0
6.85919,40.5125,8.53623,3.7904,0.28789,5906.32,0
6.86573,40.7754,8.68664,3.86755,0.455089,5938.98,0
6.87223,40.6878,8.78471,3.68137,0.353785,5920.6,0
6.87875,40.4998,8.9245,3.86075,0.194967,5887.67,0
6.88529,40.3911,8.71952,3.84437,0.101397,5866.3,0
6.8918,40.3943,8.70709,3.91917,0.099562,5861.21,0
6.89833,40.4421,8.70717,3.94467,0.127009,5862.59,0
6.90482,40.4326,8.45216,3.83071,0.115572,5855.71,0
6.91132,40.5467,8.55698,3.76173,0.193822,5866.71,0
6.9178,40.5284,8.59377,3.70844,0.168748,5858.57,0
6.92431,40.5393,8.58589,3.83032,0.169921,5854.63,0
6.93077,40.4341,8.65725,3.69505,0.0860653,5834.01,0
6.93724,40.3835,8.52384,3.85964,0.0448954,5821.26,0
6.94377,40.5776,8.60859,3.92407,0.182091,5843.75,0
6.95025,40.5553,8.67226,3.72012,0.156615,5835.09,0
6.95677,41.0251,8.54998,3.71032,0.480982,5897.14,0
6.96328,41.2383,8.14786,3.52618,0.594007,5922.24,0
6.96983,41.1154,8.38682,3.74931,0.458274,5899.05,0
6.97636,41.5443,8.3225,3.92753,0.717518,5955,0
6.98287,41.5644,8.44978,3.89259,0.65465,5952.34,0
6.98938,41.6451,8.79794,4.19733,0.643859,5958.34,0
6.99589,41.574,8.7833,4.58216,0.539325,5942.63,0
7.00242,41.7552,8.89548,4.78787,0.612077,5962.96,0
7.0089,41.7008,8.87736,4.92513,0.515903,5949.7,0
7.0154,41.6838,9.06184,5.04219,0.457422,5941.76,0
7.02189,41.5507,9.28849,4.79161,0.327207,5917.31,0
7.02841,41.4503,8.97033,4.71674,0.234756,5897.54,0
7.03498,41.4255,8.92802,4.43499,0.196195,5888.51,0
7.0415,41.2069,9.00867,4.34839,0.0260744,5852.01,0
7.048,41.2966,8.95788,4.17049,0.0918657,5859.33,0
7.05453,41.3425,9.20797,4.11085,0.121773,5860.42,0
7.06105,41.3348,9.01771,3.99222,0.111215,5853.92,0
7.06754,41.576,9.08698,3.96877,0.282827,5882.66,0
7.07404,41.6375,9.15865,3.66347,0.298571,5885.96,0
7.08058,41.4341,9.2953,3.59817,0.131132,5851.79,0
7.08707,41.3671,9.18065,3.64385,0.076754,5836.98,0
7.09355,41.3252,9.08518,3.74426,0.042353,5825.75,0
7.1,41.416,9.16494,3.92869,0.107559,5833.25,0
7.10647,41.7321,8.95603,3.85735,0.330144,5872.4,0
7.11295,41.7316,8.99995,3.94815,0.308431,5866.98,0
7.11941,41.5896,9.03549,3.81082,0.183563,5841.72,0
7.12592,41.6306,8.99302,3.95117,0.203406,5842.13,0
7.1324,41.5168,9.01344,4.2187,0.106278,5820.88,0
7.13887,41.533,9.13315,4.11597,0.112938,5817.86,0
7.14535,41.4236,9.18061,4.04038,0.0295729,5797.28,0
7.15188,41.6877,9.21118,3.84416,0.220305,5828.91,0
7.15839,41.6621,9.10416,3.93511,0.186585,5820.04,0
7.16496,41.5408,9.08738,3.9514,0.0893494,5797.77,0
7.17148,41.9198,9.08454,3.87376,0.356614,5845.35,0
7.17795,41.9392,9.18115,3.88663,0.342408,5842.78,0
7.18451,42.018,9.4153,3.94575,0.365738,5848.42,0
7.19106,41.8913,9.505,3.75533,0.246148,5825.48,0
7.19755,41.7986,9.41599,3.7342,0.164479,5807.35,0
7.20403,42.0841,9.58242,3.58607,0.361418,5841.74,0
7.21054,42.2104,9.74773,3.84361,0.422538,5853.99,0
7.21704,42.0498,9.7018,3.74224,0.276788,5826.46,0
7.22357,42.1397,9.78269,3.43201,0.320211,5833.63,0
7.23011,41.9947,9.5143,3.10512,0.198327,5808.31,0
7.23666,42.0833,9.55144,3.2198,0.253637,5815.3,0
7.24318,41.9449,9.54081,3.42998,0.138313,5790.95,0
7.24969,42.1065,9.35045,3.12642,0.24146,5808.05,0
7.25621,42.0106,9.4346,3.07311,0.15325,5789.61,0
7.26272,42.012,9.49862,3.21065,0.146581,5784.62,0
7.26921,42.0447,9.39526,3.25849,0.16537,5783.94,0
7.2757,42.0864,9.57022,3.15082,0.189727,5784.51,0
7.28224,42.142,9.59247,3.00064,0.217438,5786.96,0
7.28874,42.0414,9.59866,2.84047,0.12902,5768,0
7.29528,42.0269,9.60911,3.01665,0.113394,5760.83,0
7.30178,42.1763,9.71969,2.88993,0.21516,5776.17,0
7.3083,42.1676,9.57147,3.04429,0.195241,5769.81,0
7.31486,42.1262,9.55067,3.1872,0.152036,5758.99,0
7.3213,42.1635,9.6261,3.00171,0.171672,5759.02,0
7.32779,42.1627,9.76287,2.94627,0.160076,5753.81,0
7.33427,42.3046,9.51062,3.07246,0.256694,5768.07,0
7.34079,42.7418,9.31337,3.00336,0.54965,5822.51,0
7.34731,42.7422,9.63676,2.99411,0.505934,5817.39,0
7.35379,42.9397,9.63869,3.03753,0.604526,5839.13,0
7.36031,42.7058,9.47696,3.09083,0.385335,5802.17,0
7.36682,42.7906,9.38744,3.02058,0.422122,5808.56,0
7.37328,42.9229,9.65767,2.84142,0.485975,5821.42,0
7.37979,42.9881,9.23258,2.58927,0.495317,5825.11,0
7.3863,43.2571,9.33206,2.30437,0.635003,5856.4,0
7.39282,43.5228,9.23701,2.08229,0.753323,5887.17,0
7.39927,43.5328,9.16835,1.94182,0.678903,5883.38,0
7.40583,43.7073,9.02607,1.98826,0.726627,5901.75,0
7.41234,43.7163,9.04227,2.14295,0.657209,5897.78,0
7.4188,43.5001,9.01487,2.31884,0.43687,5863.51,0
7.42527,43.4091,8.84508,2.50135,0.335499,5846.14,0
7.43176,43.3108,8.78293,2.48713,0.238348,5827.8,0
7.43826,43.1584,8.82335,2.41247,0.117034,5802.22,0
7.4448,43.1906,8.78179,2.56787,0.13445,5801.45,0
7.45126,43.5655,8.85068,2.51752,0.397703,5846.73,0
7.45781,43.8648,8.85441,2.55392,0.578496,5881.73,0
7.46434,43.9185,8.82212,2.58795,0.567475,5883.78,0
7.47083,43.7415,9.02382,2.40451,0.387235,5854.97,0
7.47733,43.8309,9.10681,2.44428,0.423106,5861.84,0
7.48386,43.9123,9.15768,2.65556,0.443585,5867.6,0
7.49038,43.7374,8.8818,2.60091,0.28466,5839.15,0
7.49688,43.768,8.68484,2.76527,0.277615,5838.16,0
7.50341,43.7541,8.90035,2.51116,0.252054,5831.24,0
7.50989,43.7804,8.71217,2.4324,0.255781,5829.69,0
7.51637,43.811,8.75027,2.1981,0.264922,5828.75,0
7.52286,43.7351,8.75784,2.35185,0.193264,5813.62,0
7.52936,43.6926,8.4128,2.2726,0.150896,5802.96,0
7.53588,44.0192,7.9876,2.37453,0.381493,5841.28,0
7.54241,44.0577,7.92087,2.49181,0.380247,5841.33,0
7.54894,43.8356,7.89298,2.26366,0.192463,5806.86,0
7.55541,43.6779,8.00001,2.36357,0.0674684,5781,0
7.56191,43.7371,8.06009,2.42978,0.109488,5783.87,0
7.56845,43.6887,7.97222,2.45562,0.0707494,5772.47,0
7.57492,43.6534,7.98374,2.54293,0.0430225,5762.88,0
7.58144,43.6989,7.94728,2.35472,0.0753199,5763.93,0
7.58796,43.6906,7.83274,2.33434,0.0666317,5757.88,0
7.59442,43.6845,7.87986,2.45689,0.0606129,5752.19,0
7.60095,43.8484,8.05866,2.50929,0.179587,5768.8,0
7.60738,43.7717,8.14042,2.4815,0.11323,5753.85,0
7.61391,44.0628,8.29648,2.51806,0.31302,5787.14,0
7.62045,44.5466,8.29918,2.97012,0.638305,5845.66,0
7.62697,44.7571,8.13448,2.8459,0.728473,5868.27,0
7.63349,44.7287,7.77279,2.95041,0.632329,5859.53,0
7.63998,44.8551,8.0192,3.01305,0.657692,5871.1,0
7.64651,44.846,8.18476,3.20107,0.582088,5864.9,0
7.65307,45.2151,8.22067,3.26787,0.782878,5908.09,0
7.6596,45.1362,8.22588,3.28331,0.642543,5892.76,0
7.66607,44.9627,8.18699,3.24444,0.456484,5865.16,0
7.67262,45.132,8.01772,3.13561,0.538152,5882.21,0
7.67909,44.8139,8.19686,3.25651,0.275845,5835.84,0
7.68559,44.8036,7.99231,3.18865,0.256834,5829.56,0
7.6921,44.813,8.07619,3.07741,0.243932,5825.84,0
7.69858,44.8515,7.96992,3.18043,0.260711,5825.94,0
7.70509,44.9057,8.0497,3.19245,0.278924,5828.06,0
7.71162,45.2111,8.30443,3.31026,0.478811,5862.72,0
7.71814,45.1452,8.45465,3.26568,0.396072,5849.24,0
7.72462,45.3054,8.22776,3.20511,0.478589,5865.06,0
7.73114,45.4428,8.25554,3.08573,0.539149,5877.89,0
7.73762,45.1043,8.3347,2.79632,0.253903,5829.22,0
7.74415,44.8637,8.32197,2.78367,0.0692454,5793.23,0
7.75066,45.0179,8.32908,2.85533,0.178454,5808.27,0
7.75717,45.1617,8.4775,3.00097,0.268533,5821.92,0
7.76361,45.1985,8.51005,3.27794,0.279918,5821.84,0
7.77013,45.113,8.70796,3.622,0.197629,5805.96,0
7.77665,45.1967,8.63709,3.73281,0.252538,5811.84,0
7.78315,45.0071,8.75522,3.84265,0.103509,5782.64,0
7.7897,45.0583,8.7784,3.82443,0.134442,5784.33,0
7.79617,45.0298,9.0294,3.61569,0.10619,5775.88,0
7.80268,44.9852,8.98645,3.74624,0.0707948,5765.36,0
7.8092,45.0736,8.93631,3.69132,0.133932,5771.85,0
7.81575,45.0196,9.06136,3.73519,0.0873079,5760.11,0
7.82223,45.0248,8.84377,3.79785,0.086946,5756.01,0
7.82871,45.1043,8.7922,3.72308,0.141335,5761.39,0
7.83522,45.1675,8.88031,3.57248,0.179672,5764.68,0
7.8417,45.1203,8.80238,3.43504,0.132723,5753.89,0
7.84817,45.1876,8.86717,3.21987,0.176671,5757.72,0
7.85465,45.2352,8.94208,3.24312,0.201562,5759.03,0
7.86116,45.4319,9.06569,3.27721,0.327549,5779.29,0
7.86767,45.5271,9.00608,3.17395,0.372002,5786.61,0
7.87419,45.5379,9.20132,3.15597,0.348409,5783.18,0
7.88074,45.8173,9.29108,3.10583,0.510837,5813.83,0
7.88727,45.5298,9.69971,3.14016,0.269752,5772.57,0
7.89379,45.3892,9.92484,3.11739,0.154362,5749.99,0
7.9003,45.5225,9.76709,3.10215,0.24405,5762.13,0
7.90679,45.6864,9.78012,3.14943,0.342196,5778.12,0
7.91328,45.6753,9.75209,3.06865,0.311916,5771.98,0
7.91982,45.5617,9.85646,3.02039,0.208421,5752.87,0
7.92632,45.5236,9.55676,2.93499,0.168753,5743.35,0
7.93281,45.3897,9.47798,2.80172,0.0617588,5721.77,0
7.93928,45.3697,9.4575,2.78927,0.0436755,5714.59,0
7.94577,45.363,9.26739,2.90609,0.0379106,5709.07,0
7.9523,45.6298,9.14888,2.95637,0.231941,5737.94,0
7.95888,45.5725,9.02698,2.74266,0.178719,5726,0
7.96543,45.7768,9.06157,2.64001,0.315057,5746.93,0
7.97194,45.7266,9.10961,2.58311,0.254092,5735.94,0
7.97842,45.7071,8.99115,2.44938,0.226567,5728.84,0
7.98496,45.7254,8.89693,2.24154,0.227425,5726.45,0
7.99147,45.7775,8.74845,2.25562,0.24997,5728.3,0
7.99796,45.8327,8.7897,1.96696,0.275727,5730.54,0
8.00449,45.8606,8.8686,1.83287,0.282288,5729.36,0
8.01102,45.9503,9.01933,2.03008,0.324036,5735.89,0
8.01753,46.0528,9.21014,2.32856,0.374314,5744.02,0
8.02404,46.1814,9.54105,2.36228,0.431895,5755.38,0
8.03055,46.3423,9.1229,2.43071,0.511213,5770.75,0
8.0371,46.3874,9.22117,2.57751,0.501849,5771.66,0
8.04361,46.4883,9.19746,2.61692,0.528948,5779.54,0
8.05014,46.4945,9.13947,2.57626,0.479109,5775.61,0
8.05663,46.835,9.03406,2.32662,0.678834,5813.23,0
8.06313,46.791,9.15656,2.34563,0.579936,5803.08,0
8.06963,47.28,8.82433,2.57334,0.878173,5859,0
8.07611,47.3144,8.84314,2.8082,0.807295,5858.55,0
8.08261,47.1791,8.62815,2.9051,0.621423,5837.11,0
8.08913,47.0445,8.69796,2.91374,0.46947,5815.77,0
8.09566,47.202,8.73504,2.71073,0.545062,5830.53,0
8.10218,47.1338,8.9542,2.75616,0.45314,5817.42,0
8.10871,47.0132,9.1185,2.87639,0.3283,5797.87,0
8.11522,47.2005,9.08951,3.0733,0.436796,5816.29,0
8.1217,47.0294,8.90938,2.71676,0.280515,5790.58,0
8.1282,47.0111,8.9294,2.52845,0.240154,5783.7,0
8.13469,46.9868,9.02595,2.47188,0.20277,5776.1,0
8.14117,46.9358,9.10836,2.24868,0.15527,5765.24,0
8.14769,47.0121,9.19414,2.32107,0.202867,5769.99,0
8.15423,46.94,9.08594,2.1268,0.140914,5756.53,0
8.16074,46.9857,9.00262,2.33238,0.167403,5757.53,0
8.16723,47.1656,8.92685,2.46901,0.288072,5774.99,0
8.17373,46.9326,8.94566,2.26219,0.103592,5741.88,0
8.18018,46.8471,8.83484,2.1875,0.0333612,5726.91,0
8.18672,47.0754,8.81841,2.14121,0.199934,5750.21,0
8.19319,47.2818,8.75848,2.45629,0.337806,5770.86,0
8.19971,46.9685,8.76289,2.46272,0.0898573,5728.07,0
8.20621,47.0151,8.69754,2.50754,0.120208,5729.2,0
8.2127,47.1867,8.60535,2.32536,0.239328,5745.58,0
8.21917,47.2498,8.71516,2.32335,0.268179,5748.73,0
8.22567,47.2231,8.62876,2.15494,0.229845,5740.94,0
8.23219,47.3019,8.77116,2.00762,0.270196,5745.97,0
8.23868,47.3778,9.10164,2.13618,0.30846,5750.66,0
8.24517,47.3966,9.31746,2.10762,0.29952,5748.41,0
8.25168,47.4519,9.29445,2.21085,0.318354,5750.57,0
8.25817,47.5649,9.30805,2.06948,0.376387,5759.73,0
8.26471,47.8104,9.55027,2.19155,0.52214,5784.89,0
8.27124,47.8264,9.25699,2.2479,0.478347,5782.25,0
8.27773,47.5992,9.43382,2.18637,0.280843,5750.27,0
8.28424,47.6641,9.32622,2.05375,0.309552,5753.58,0
8.29077,47.8022,9.34228,1.90987,0.37915,5765.72,0
8.29726,47.967,9.2911,1.61911,0.465494,5781.06,0
8.30375,48.3279,9.52902,1.97103,0.673368,5820.01,0
8.31024,48.6226,9.55118,1.8999,0.797325,5850.93,0
8.31676,48.2383,9.45747,2.20986,0.4531,5800.12,0
8.32328,48.5705,9.58479,2.47824,0.650091,5835.5,0
8.32979,48.2116,9.4535,2.35748,0.336837,5787.85,0
8.33628,48.1337,9.49169,2.20681,0.257346,5774,0
8.34275,48.2171,9.46631,1.97054,0.303176,5779.53,0
8.34927,48.3865,9.58043,1.83218,0.3975,5795.29,0
8.35582,48.8589,9.53232,1.93096,0.700241,5847.29,0
8.36232,48.6463,9.59896,1.71861,0.484693,5817.32,0
8.36883,48.4064,9.56521,1.5155,0.269689,5784.13,0
8.37533,48.508,9.67579,1.71336,0.324059,5791.77,0
8.38183,48.4191,9.49477,1.69228,0.240026,5776.67,0
8.38839,48.4348,9.61546,1.85549,0.237184,5774.03,0
8.39487,48.5765,9.79832,1.83617,0.326935,5786.45,0
8.40136,48.6306,9.42433,1.5754,0.344868,5788.42,0
8.40785,48.5188,9.15324,1.7665,0.236152,5770.65,0
8.41435,48.5147,9.06195,2.16989,0.220767,5765.71,0
8.42086,48.7721,8.86028,1.83047,0.392277,5791.82,0
8.42739,48.8166,9.01532,1.62511,0.385254,5792.61,0
8.43394,48.8054,9.02949,1.30758,0.352141,5786.79,0
8.44044,48.8327,9.06341,1.4208,0.343289,5785.56,0
8.44693,48.8771,8.7927,1.70778,0.347314,5786.37,0
8.45342,49.2101,8.83117,1.87102,0.549168,5821.32,0
8.45993,49.2866,8.69928,1.99405,0.559658,5825.88,0
8.46648,49.2619,8.6936,1.8821,0.49582,5818.46,0
8.47293,49.2871,8.74055,2.06686,0.476076,5817.01,0
8.47947,49.3057,8.57138,2.23292,0.458888,5814.72,0
8.48601,49.5712,8.24396,2.09557,0.604975,5841.51,0
8.49249,49.6385,8.48467,2.10852,0.59392,5844.98,0
8.499,50.0634,8.65216,2.14599,0.83794,5890.5,0
8.50553,50.3515,8.77935,2.24013,0.943441,5919.86,0
8.51202,50.2147,8.72279,2.43858,0.75139,5899.27,0
8.51851,50.4668,8.71746,2.54291,0.845043,5924.38,0
8.52502,50.0833,8.49396,2.37185,0.487805,5874.86,0
8.53153,49.9151,8.29616,2.26138,0.335467,5850.67,0
8.53803,49.7378,8.2539,2.26034,0.186483,5825.44,0
8.54456,49.8349,8.15858,2.40064,0.245465,5832.35,0
8.55109,49.6919,8.16709,2.40095,0.129404,5811.18,0
8.55762,49.7733,8.47376,2.46419,0.181849,5816.26,0
8.56414,49.7242,8.59184,2.7206,0.139791,5806.09,0
8.57064,49.8792,8.6483,2.73397,0.243595,5819.77,0
8.57715,50.1863,8.61845,2.66874,0.450211,5851.16,0
8.58358,50.0735,8.59948,2.55532,0.332924,5833.64,0
8.59011,50.0283,8.79394,2.39678,0.277926,5823.94,0
8.5966,49.9732,9.04528,2.5923,0.218829,5813.13,0
8.60312,49.8652,8.78545,2.54927,0.130302,5796.18,0
8.60957,50.0515,8.93302,2.44923,0.257354,5813.47,0
8.61604,49.9457,9.08412,2.42201,0.164965,5796.83,0
8.62251,49.9696,9.39823,2.45412,0.167685,5795.25,0
8.62903,50.0821,9.41157,2.38443,0.243305,5803.9,0
8.63555,50.2222,9.39026,2.47269,0.328567,5815.74,0
8.64202,50.0753,9.29296,2.70096,0.201861,5794.4,0
8.64854,50.1159,9.34079,2.7546,0.217237,5794.72,0
8.65508,50.173,9.13444,2.62585,0.241234,5796.94,0
8.66158,50.0017,9.13519,2.7109,0.105705,5772.81,0
8.66809,49.9499,9.08901,2.76604,0.0618942,5762.5,0
8.6746,50.0371,8.99124,2.68204,0.123947,5768.23,0
8.68113,49.9169,8.76254,2.3794,0.0306718,5750.04,0
8.68761,50.1264,8.5761,2.53642,0.180617,5769.87,0
8.69411,50.2956,8.84173,2.45129,0.292115,5785.02,0
8.70061,50.4048,8.80707,2.34616,0.355903,5793.24,0
8.70713,50.2568,8.84297,1.94263,0.220004,5771.91,0
8.71365,50.2508,8.94101,1.90673,0.206877,5766.91,0
8.72017,50.4236,9.05511,1.89403,0.316131,5782.41,0
8.72667,50.2377,8.95797,1.81201,0.15875,5756.81,0
8.73317,50.2387,8.94419,1.91506,0.152539,5752.63,0
8.73972,50.2178,8.78883,2.01274,0.129007,5745.93,0
8.74623,50.2153,8.98906,2.14824,0.12267,5741.37,0
8.7528,50.232,8.75648,1.99766,0.131159,5738.96,0
8.7593,50.2996,8.66482,1.9561,0.173534,5742.42,0
8.76583,50.218,8.7889,1.82782,0.106896,5728.84,0
8.77236,50.3453,8.56548,1.78906,0.189523,5739.09,0
8.77889,50.416,8.79394,1.91328,0.231583,5742.87,0
8.78542,50.2511,8.79972,1.77723,0.0957063,5719.83,0
8.79191,50.2697,8.90078,1.74496,0.106283,5717.72,0
8.79844,50.2835,9.0389,1.89223,0.11226,5715.05,0
8.80492,50.2769,9.00502,1.8664,0.0997557,5710.09,0
8.81143,50.3201,8.99629,2.0129,0.127306,5710.78,0
8.81793,50.2754,8.92189,1.86644,0.0846673,5701.5,0
8.82443,50.3563,8.97197,2.05239,0.140765,5706.47,0
8.83094,50.5033,8.96829,2.05031,0.241063,5718.9,0
8.83747,50.4878,8.95695,2.00986,0.210008,5712.92,0
8.84398,50.4881,9.01174,2.23738,0.193393,5708.75,0
8.85047,50.6884,8.95456,2.27228,0.324071,5727.19,0
8.85696,50.4999,9.27201,2.21317,0.161285,5701.72,0
8.86349,50.4904,9.39147,2.07176,0.145063,5696.44,0
8.86999,50.5182,9.4275,2.11193,0.155323,5695.4,0
8.87648,50.506,9.41038,2.21289,0.133304,5689.87,0
8.883,50.4505,9.46141,2.30916,0.0877774,5679.44,0
8.88955,50.428,9.39557,2.44909,0.0667593,5672.73,0
8.89605,50.6362,9.44122,2.4655,0.219567,5691.98,0
8.9026,50.7331,9.27131,2.46444,0.276368,5698.68,0
8.90913,50.5093,9.26757,2.77768,0.09922,5669.39,0
8.9157,50.4971,9.2768,2.661,0.0851059,5663.84,0
8.92225,50.6128,9.19607,2.56473,0.166117,5672.65,0
8.92882,50.5559,9.33545,2.54246,0.114861,5662.1,0
8.93533,50.6681,9.37643,2.59237,0.191153,5670.53,0
8.94184,50.6698,9.36484,2.40425,0.182916,5666.6,0
8.94837,50.7591,9.47584,2.44254,0.235125,5672.44,0
8.95488,50.7566,9.32625,2.36045,0.219205,5668.04,0
8.9614,51.1529,9.2407,2.55971,0.491393,5708.14,0
8.96791,51.3011,8.70862,2.56254,0.557632,5720.52,0
8.97442,51.104,8.84537,2.22015,0.373811,5694.41,0
8.98094,51.1653,8.83398,2.41404,0.393372,5697.1,0
8.98747,51.2751,9.10915,2.28148,0.444811,5705.18,0
8.99392,51.2415,9.34542,2.32889,0.387178,5697.35,0
9.00041,50.9107,9.43234,1.7924,0.11897,5656.49,0
9.00692,50.9042,9.54046,1.81792,0.107485,5651.68,0
9.01342,51.0131,9.60154,1.7279,0.179292,5659.68,0
9.01991,51.5079,9.372,1.66435,0.521556,5710.47,0
9.02638,51.6739,9.33859,1.67341,0.594224,5724.77,0
9.03291,51.4007,9.36009,1.74512,0.348107,5690.38,0
9.03944,51.3888,9.15822,1.7697,0.31893,5684.96,0
9.04593,51.4314,9.28397,1.52913,0.3231,5685.59,0
9.05248,51.4382,9.25263,1.58113,0.304563,5682.22,0
9.05899,51.3846,9.32293,1.55809,0.245222,5672.23,0
9.06548,51.3046,9.09686,1.39466,0.173173,5659.34,0
9.072,51.2121,8.86404,1.30513,0.0956285,5645.07,0
9.07851,51.1834,8.82105,1.29464,0.0717686,5637.86,0
9.08503,51.258,8.73458,1.40902,0.123775,5642.03,0
9.09154,51.2689,9.07044,1.49356,0.126002,5639.19,0
9.09801,51.3741,9.33983,1.38133,0.196842,5646.74,0
9.10451,51.3546,9.50695,1.63939,0.169924,5640.57,0
9.11104,51.5346,9.66746,1.58338,0.292243,5656.28,0
9.11753,51.5858,9.70809,1.37618,0.302372,5657.87,0
9.12409,51.4936,9.58624,1.25864,0.219114,5643.7,0
9.13058,51.5686,9.65295,1.13614,0.261318,5647.91,0
9.1371,51.5495,9.53703,0.986953,0.231044,5641.77,0
9.14358,51.5571,9.60363,0.869911,0.221154,5638.61,0
9.15007,51.4327,9.52679,0.813335,0.120489,5621.02,0
9.15658,51.342,9.55991,0.867944,0.0494721,5607.12,0
9.16308,51.3719,9.64235,0.868295,0.070343,5606.4,0
9.16958,51.3393,9.7589,0.825168,0.044289,5598.87,0
9.17607,51.5766,9.85629,0.865309,0.21801,5620.77,0
9.18254,51.6541,9.95117,1.05905,0.261549,5625.25,0
9.18901,51.721,9.85576,0.994641,0.29523,5628.57,0
9.19554,51.8833,9.83416,0.929584,0.392632,5642.22,0
9.20203,52.1866,9.41896,0.850162,0.575488,5671.2,0
9.20858,52.2234,9.25177,0.94445,0.552137,5671.17,0
9.2151,52.3018,9.26363,1.08301,0.564701,5675.66,0
9.22168,52.0348,9.31285,1.13332,0.331321,5642.66,0
9.22818,52.2615,9.39146,1.45875,0.459657,5663.25,0
9.23471,52.6116,9.5269,1.28205,0.665187,5697.16,0
9.24123,52.7798,9.71472,1.06093,0.721215,5711.34,0
9.24774,52.9316,10.0426,1.19767,0.756448,5723.73,0
9.25426,52.9453,10.0207,1.46224,0.686224,5721.18,0
9.26075,52.9029,10.0416,1.34615,0.593797,5712.59,0
9.26727,52.7241,9.80776,1.52742,0.418271,5689.28,0
9.2738,52.8896,9.92884,1.74686,0.503782,5703.12,0
9.2803,52.9294,10.1107,1.92842,0.485697,5703.41,0
9.28683,53.1044,10.2259,1.95471,0.571127,5718.25,0
9.29331,53.1104,10.2652,2.06644,0.51804,5714.9,0
9.29981,53.3386,10.2439,1.95398,0.635723,5735.45,0
9.30629,53.2328,10.4988,1.95406,0.502608,5720.09,0
9.31277,53.148,10.3781,1.9129,0.398391,5707,0
9.31924,53.2293,10.5588,1.98269,0.42144,5711.76,0
9.32572,53.1831,10.5487,2.12895,0.34862,5702.85,0
9.3322,53.2358,10.4165,2.13055,0.362349,5704.52,0
9.33873,53.319,10.3604,2.06968,0.396313,5709.46,0
9.34523,53.4026,10.3924,2.05695,0.426901,5714.43,0
9.35172,53.1955,10.6404,1.78385,0.240166,5688.32,0
9.35822,53.2689,10.581,1.84319,0.283708,5692.2,0
9.36474,53.4798,10.9196,2.01951,0.411119,5710.76,0
9.3712,53.5095,11.1786,2.03065,0.393881,5709.99,0
9.37775,53.2797,11.3976,2.06518,0.202059,5681.5,0
9.38423,53.3865,11.363,2.05641,0.270231,5688.96,0
9.39076,53.2142,11.4705,2.01972,0.128875,5666.66,0
9.39729,53.3892,11.5565,2.02345,0.249281,5681.34,0
9.40381,53.2025,11.5468,1.98397,0.105123,5657.55,0
9.4103,53.2015,11.5394,2.01609,0.100812,5653.54,0
9.41679,53.2167,11.5876,2.06375,0.106687,5651.25,0
9.4233,53.3057,11.6312,1.93234,0.168817,5656.8,0
9.42978,53.1352,11.4698,2.08446,0.0348412,5634.83,0
9.43628,53.3112,11.5527,2.05069,0.16305,5649.59,0
9.4428,53.5065,11.8404,2.10632,0.297767,5666.39,0
9.4493,53.2895,11.8664,1.81787,0.123787,5639.52,0
9.45576,53.2661,12.0371,1.91907,0.102147,5633.19,0
9.46227,53.2248,11.9277,2.02914,0.0684964,5624.96,0
9.46877,53.4087,11.7839,2.1003,0.198973,5640.51,0
9.47528,53.3853,11.7327,2.18625,0.169958,5634.17,0
9.48175,53.3175,11.8417,2.17541,0.11338,5623.17,0
9.48828,53.3824,11.5864,1.90365,0.149,5626.14,0
9.49476,53.34,11.511,1.99191,0.11151,5617.83,0
9.50127,53.3697,11.4619,2.17116,0.125491,5617.11,0
9.50775,53.4528,11.1775,2.13355,0.17938,5622.02,0
9.51423,53.5337,11.2715,2.1843,0.230138,5626.7,0
9.52073,53.5296,11.2476,2.34986,0.212316,5622.43,0
9.52724,53.8943,11.0775,2.37569,0.459693,5656.86,0
9.53374,54.3891,11.0984,2.11559,0.770958,5704.91,0
9.54022,54.0636,11.1275,2.17448,0.472178,5666.91,0
9.54678,53.8915,11.2842,2.25281,0.307092,5644.99,0
9.55328,53.8114,11.0163,2.20613,0.228467,5632.77,0
9.55982,53.7582,10.9943,2.28375,0.177847,5623.34,0
9.56633,53.7572,10.8095,2.29671,0.169779,5619.41,0
9.57283,53.8192,10.8598,2.34361,0.210171,5622.08,0
9.57934,53.8876,10.9342,2.25141,0.248211,5625.39,0
9.58582,53.8124,10.7744,2.24541,0.178776,5613.76,0
9.5923,53.7131,10.8484,2.06394,0.0956612,5599.6,0
9.59883,53.6141,10.8447,2.06511,0.0197412,5585.48,0
9.60533,53.6825,10.9938,2.04445,0.0704244,5588.82,0
9.61182,53.6869,11.0419,2.04352,0.0726747,5585.5,0
9.61834,53.7603,10.9679,1.93321,0.124274,5589.36,0
9.62488,54.253,10.8817,2.2165,0.473774,5636.74,0
9.63139,54.4682,10.7838,2.34989,0.580846,5655.28,0
9.63796,54.452,10.9525,2.35943,0.528921,5649.75,0
9.64451,54.5601,10.9773,2.37544,0.55286,5657.12,0
9.65097,54.7118,10.6061,2.59915,0.619789,5669.05,0
9.65747,54.6929,10.3756,2.53914,0.545016,5663.28,0
9.66396,54.7622,10.3529,2.53076,0.540398,5666.65,0
9.67043,54.7902,10.1672,2.40645,0.515653,5665.75,0
9.67691,55.0669,10.1659,2.29382,0.659667,5690.54,0
9.6834,55.2832,10.3332,1.94671,0.745579,5709.06,0
9.68996,55.3177,10.1697,1.71598,0.692844,5708.77,0
9.69645,55.2951,10.0182,1.68964,0.596204,5702.61,0
9.70292,55.3352,10.1017,1.85919,0.568179,5702.94,0
9.70942,55.5313,10.0504,1.59969,0.648122,5719.32,0
9.71591,55.4784,10.1694,1.22028,0.559081,5710.05,0
9.72243,55.458,9.79133,1.02621,0.489009,5704.13,0
9.72894,55.7156,9.69322,1.13961,0.627635,5726.79,0
9.73538,55.8878,9.63854,1.03873,0.693604,5740.69,0
9.74186,55.9275,9.73767,1.09833,0.651699,5740.94,0
9.74841,55.8519,9.72835,1.27986,0.537486,5729.33,0
9.7549,55.7199,9.6509,1.20181,0.398134,5711.99,0
9.76137,56.1786,9.55873,1.22207,0.681579,5755.2,0
9.76789,56.3977,9.47033,1.2267,0.768616,5773.78,0
9.77438,56.1366,9.39254,1.46941,0.515213,5743.23,0
9.78087,56.1102,9.44413,1.41841,0.453831,5736.73,0
9.78737,56.2389,9.54523,1.29038,0.507777,5746.07,0
9.7939,56.0884,9.56579,1.19583,0.358987,5726.86,0
9.80042,56.0481,9.36647,1.04288,0.308119,5718.95,0
9.80691,55.9735,9.45795,1.24363,0.235408,5707.55,0
9.81343,55.9382,9.46668,1.51158,0.197297,5700.17,0
9.81989,56.0308,9.34784,1.30809,0.242448,5705.85,0
9.82641,56.0498,9.183,1.29887,0.23643,5704,0
9.83294,56.1636,9.25641,1.3234,0.304141,5711.78,0
9.83946,56.0578,9.29829,1.27569,0.206506,5697.25,0
9.84602,56.2274,9.09587,1.32334,0.318665,5710.67,0
9.85252,56.236,9.09711,1.20545,0.305625,5707.77,0
9.85903,56.3303,8.84935,0.989488,0.350471,5713.58,0
9.86555,56.4653,8.96692,0.948096,0.421278,5723.48,0
9.87206,56.3888,8.93352,1.04544,0.329261,5711.96,0
9.87861,56.5041,9.07708,0.984653,0.393125,5719.84,0
9.88511,56.2569,9.48005,1.043,0.188784,5691.08,0
9.8916,56.2914,9.46573,0.748404,0.199332,5690.83,0
9.89811,56.4114,9.48099,0.453306,0.270829,5699.21,0
9.90462,56.5254,9.41885,0.462991,0.334348,5706.97,0
9.91114,56.6161,9.18856,0.594531,0.376808,5712.37,0
9.91765,56.5392,9.1543,0.613382,0.292552,5700.86,0
9.92414,56.7344,8.97683,0.881193,0.413213,5716.81,0
9.93063,56.5292,9.05118,0.829456,0.235306,5692.41,0
9.9371,56.4408,8.98794,0.964554,0.155403,5679.8,0
9.94363,56.4064,9.15433,0.85558,0.125542,5672.62,0
9.95015,56.3767,9.22399,0.647088,0.099517,5665.92,0
9.95668,56.4175,9.30607,0.540759,0.127095,5666.3,0
9.96318,56.4178,9.33377,0.472851,0.122755,5662.63,0
9.96964,56.5241,9.27645,0.511411,0.196485,5669.62,0
9.97615,56.5093,8.96387,0.693655,0.175479,5664.44,0
9.98263,56.5022,8.73463,0.809944,0.160783,5660.05,0
9.98917,56.5036,8.75384,0.808832,0.150755,5656.49,0
9.99569,56.3086,8.70906,0.756856,0.00135565,5633.29,0
10,56.4684,8.55295,0.637456,0.119291,5646.84,0
