0.00649403,0.230638,0.0312933,-0.118962,0.16998,35515.4,0
0.0129939,0.377702,-0.0703176,0.067242,0.263643,29067.5,0
0.0194591,0.448655,-0.262463,0.25039,0.29617,23056.3,0
0.0259793,0.528391,-0.36694,0.389707,0.327446,20338.9,0
0.0325136,0.201718,-0.301539,0.521514,0.0694937,6204.09,0
0.0390555,0.201361,-0.285661,0.548008,0.0677405,5155.78,0
0.0455497,0.132524,-0.20792,0.446334,0.0152593,2909.44,0
0.0520642,0.154773,-0.150813,0.444724,0.0304343,2972.73,0
0.0585885,0.339097,-0.15085,0.484129,0.165302,5787.78,0
0.0650772,0.380193,-0.230434,0.496547,0.187333,5842.18,0
0.0715704,0.498809,-0.354653,0.691059,0.264298,6969.49,0
0.0780731,0.416244,-0.0172172,0.319868,0.188455,5331.46,0
0.0845923,0.363612,0.0737191,0.392571,0.141809,4298.41,0
0.0911145,0.242643,0.0159423,0.533322,0.0484884,2663.05,0
0.0976158,0.289223,0.0246517,0.571882,0.0814212,2962.87,0
0.10409,0.305634,-0.100042,0.677325,0.0919878,2936.24,0
0.110563,0.2486,-0.066355,0.742789,0.0479345,2248.49,0
0.117034,0.395489,0.05075,0.545642,0.151428,3379.25,0
0.12354,0.392846,-0.0182882,0.549158,0.142812,3179.91,0
0.130038,0.276079,0.186471,0.522957,0.0486419,2123.06,0
0.136515,0.228121,0.0563913,0.637776,0.0118158,1671.03,0
0.143018,0.246416,0.0960586,0.657095,0.0251197,1722.97,0
0.149513,0.421289,0.162251,0.628481,0.152135,2817.74,0
0.156022,0.393249,0.199632,0.622394,0.122393,2520.48,0
0.162495,0.402103,0.0393226,0.792614,0.126256,2474.56,0
0.169011,0.263647,-0.112513,0.912515,0.0197494,1559.94,0
0.175562,0.350316,-0.207472,0.986142,0.0827292,1995.4,0
0.182051,0.475341,-0.410093,0.91405,0.170324,2611.03,0
0.188552,0.90107,-0.649177,1.20257,0.468574,4778.9,0
0.195063,0.782094,-0.531603,1.06581,0.342867,4009.45,0
0.201555,0.51302,-0.587377,1.11746,0.123326,2545.31,0
0.208065,0.702369,-0.815787,1.31716,0.253028,3375.72,0
0.214577,0.740889,-0.783276,1.42599,0.270575,3452.79,0
0.22107,0.883188,-0.685863,1.7299,0.360374,3995.06,0
0.227567,1.01508,-0.570038,1.89962,0.43087,4460.57,0
0.234063,1.00412,-0.394464,2.14795,0.391574,4289.95,0
0.240562,0.979501,-0.333186,1.74808,0.346306,4071.71,0
0.247084,0.945219,-0.505341,1.94438,0.298805,3825.5,0
0.253566,1.22509,-0.636553,2.19612,0.480239,4831.45,0
0.260087,1.29075,-0.471684,2.5691,0.477555,4962.76,0
0.266573,1.22977,-0.843522,2.81949,0.39573,4613.27,0
0.273111,0.999252,-0.720377,2.91422,0.206956,3658.78,0
0.279621,0.861311,-0.829368,3.14399,0.0963916,3080.27,0
0.286149,0.85545,-0.926685,3.26988,0.0888587,2989.53,0
0.292609,1.11294,-0.684945,3.2612,0.27054,3803.5,0
0.299145,0.981302,-0.969027,3.02729,0.156728,3280.36,0
0.305627,0.893891,-0.933329,2.93435,0.0868499,2924.78,0
0.312169,0.910985,-1.07648,3.04807,0.0950596,2918.24,0
0.318705,1.08092,-1.23299,3.18755,0.216147,3391.6,0
0.325198,0.910765,-1.3278,3.0471,0.0791445,2800.65,0
0.33171,0.945217,-1.21459,3.06437,0.100646,2849.53,0
0.338238,1.04355,-1.21177,3.11952,0.168962,3085.27,0
0.344684,1.11305,-1.18446,3.15895,0.211479,3229.18,0
0.351211,1.33611,-1.30815,3.09382,0.356839,3804.29,0
0.357715,1.13109,-1.36559,2.98066,0.188937,3161.98,0
0.364228,0.999086,-1.43369,2.94783,0.0853975,2743.03,0
0.370758,0.937674,-1.47174,2.78705,0.0357406,2529.07,0
0.377263,1.33875,-1.6288,2.78572,0.326154,3548.59,0
0.383782,1.45614,-1.74502,2.69477,0.387575,3794.18,0
0.390287,1.36112,-1.63447,2.84012,0.29224,3487.49,0
0.396809,1.46402,-1.29472,2.64976,0.349723,3689.47,0
0.403281,1.73368,-1.31324,2.63212,0.51317,4298.93,0
0.40976,1.67428,-1.22395,2.63821,0.428965,4086,0
0.416262,1.79412,-1.42783,2.2671,0.477742,4310.07,0
0.422723,1.91925,-1.39362,2.43229,0.519489,4540.22,0
0.429239,1.93024,-1.65198,2.82467,0.487882,4496.9,0
0.435715,2.07797,-1.61884,2.90042,0.549873,4769.09,0
0.442228,2.13698,-1.71843,2.86183,0.537698,4832.3,0
0.448754,2.07747,-2.0455,2.7837,0.453789,4629.42,0
0.455243,2.32394,-2.04272,2.74559,0.580692,5104.84,0
0.461784,2.47647,-1.9806,2.86096,0.638868,5362.82,0
0.468288,2.76827,-2.15299,2.60886,0.788995,5911.47,0
0.474806,2.79822,-2.08978,2.74506,0.727393,5893.41,0
0.481317,2.66719,-2.01655,2.80043,0.564008,5541.46,0
0.487818,2.329,-1.73447,2.77334,0.274635,4774.32,0
0.494333,2.65751,-1.46564,2.53652,0.485321,5375.95,0
0.500852,2.52997,-1.44928,2.59922,0.345706,5051.33,0
0.507365,2.67749,-1.51095,2.61113,0.422772,5277.25,0
0.513884,2.55668,-1.37425,2.53288,0.309297,4975.21,0
0.520369,2.38934,-1.52407,2.55281,0.168526,4591.62,0
0.526861,2.31909,-1.65742,2.28209,0.107516,4401.72,0
0.533335,2.28401,-1.56187,2.3543,0.0747559,4282.5,0
0.539836,2.43809,-1.47724,2.48361,0.182921,4516.35,0
0.546339,2.2805,-1.26161,2.5514,0.0576393,4174.14,0
0.552864,2.48406,-1.33769,2.54387,0.203948,4493.08,0
0.559419,2.43631,-1.4832,2.6344,0.157875,4355.07,0
0.565915,2.62006,-1.53601,2.68824,0.283107,4629.78,0
0.572451,2.56287,-1.5238,2.71063,0.226205,4477.01,0
0.578971,2.72511,-1.48707,2.62354,0.324774,4706.81,0
0.585493,2.93168,-1.20428,2.36341,0.448798,5007.21,0
0.592042,2.8221,-1.08412,2.62654,0.335726,4766.72,0
0.598554,2.77732,-0.852155,2.73741,0.275268,4640.06,0
0.605029,2.6992,-0.691096,2.41553,0.200885,4461.28,0
0.611567,2.82564,-0.548815,2.2559,0.281459,4620.33,0
0.618106,2.72855,-0.579401,2.10222,0.188894,4414.36,0
0.62458,2.76528,-0.684101,2.17436,0.203334,4427.43,0
0.631098,2.77147,-0.645711,2.10548,0.19806,4391.5,0
0.637621,2.58877,-0.583731,2.36732,0.0574367,4060.04,0
0.6441,2.57805,-0.687732,2.39314,0.0462605,4002.56,0
0.650598,2.63472,-0.758189,2.41638,0.0845066,4049.69,0
0.657112,2.69947,-0.76464,2.58005,0.129763,4108.07,0
0.663629,2.96131,-0.873431,2.48007,0.309998,4462.3,0
0.670128,3.0398,-0.990737,2.19316,0.342231,4536.16,0
0.676633,3.0916,-0.987549,2.09907,0.357305,4569.1,0
0.683133,3.52666,-0.547738,2.02924,0.631789,5162.48,0
0.689629,3.73507,-0.688304,1.95906,0.721612,5416.06,0
0.696088,3.55825,-0.744954,2.19047,0.523267,5111.77,0
0.702568,3.64943,-0.558396,2.13919,0.544124,5194.42,0
0.709069,3.49239,-0.524052,1.98945,0.373875,4925.31,0
0.715576,3.68571,-0.800794,1.96853,0.47935,5150.7,0
0.72207,3.75767,-0.80305,2.05835,0.498311,5204.02,0
0.728561,3.68665,-1.09689,2.06614,0.404743,5060.18,0
0.735083,3.79926,-1.20488,2.06737,0.453059,5168.47,0
0.741613,3.82115,-0.965303,2.23848,0.42784,5152.48,0
0.748103,4.10049,-1.11958,2.59558,0.596288,5481.18,0
0.754602,4.06315,-1.21061,2.5021,0.522976,5384.5,0
0.76114,4.07493,-1.40304,2.33565,0.480657,5353.72,0
0.767643,4.15094,-1.37848,2.38647,0.49384,5407.38,0
0.774158,4.18297,-1.20824,2.201,0.482422,5403.25,0
0.780683,4.19368,-1.15797,2.43126,0.450267,5371.82,0
0.787198,3.91686,-1.39577,2.46761,0.216901,4975.7,0
0.793707,3.99745,-1.35731,2.4747,0.261242,5036.43,0
0.800249,4.04147,-1.5348,2.25283,0.274396,5050.26,0
0.806724,3.99048,-1.6007,2.11973,0.224099,4946.52,0
0.813236,3.91302,-1.51905,2.22842,0.153212,4811.66,0
0.819696,3.9029,-1.34469,2.18025,0.140122,4761.4,0
0.826197,3.85817,-1.37795,2.07706,0.102626,4669.8,0
0.832711,3.8443,-1.17756,2.06934,0.088793,4616.61,0
0.839232,3.93259,-1.15562,1.91666,0.151386,4685.94,0
0.845714,4.00618,-1.30191,2.10921,0.193203,4737.04,0
0.852181,3.97334,-1.391,2.05108,0.159615,4662.55,0
0.858693,3.97587,-1.20869,1.99068,0.154439,4630.14,0
0.86521,4.0015,-1.35579,1.94878,0.166058,4624.89,0
0.871666,3.93988,-1.47772,1.97105,0.11278,4519.94,0
0.878153,3.84706,-1.48688,2.15847,0.0392476,4380.85,0
0.884629,3.81555,-1.46539,2.07687,0.0153194,4313.16,0
0.891138,3.96464,-1.64007,1.89236,0.124744,4448.96,0
0.89769,4.11199,-1.64722,1.87931,0.226207,4580.64,0
0.904172,4.35727,-1.35898,1.70016,0.389719,4819.07,0
0.91068,4.68355,-1.22987,1.53745,0.586992,5142.92,0
0.917182,4.98111,-0.832365,1.44218,0.738835,5430.89,0
0.923697,4.89195,-0.988644,1.48381,0.610209,5296.05,0
0.930202,4.86924,-0.700691,1.44124,0.532834,5234.6,0
0.936662,4.83341,-0.689607,0.977895,0.446245,5160.25,0
0.943132,5.10608,-1.08546,0.971102,0.597822,5413.96,0
0.949635,5.05295,-1.23665,0.679989,0.49692,5320.94,0
0.956106,5.00656,-1.17807,0.852347,0.425665,5236.41,0
0.962629,5.07297,-1.00392,0.661003,0.440845,5269.91,0
0.969128,5.12292,-0.850196,1.01609,0.438494,5286.11,0
0.975587,5.1841,-0.809171,1.1516,0.449991,5313.82,0
0.982072,5.16135,-0.694243,1.24856,0.389755,5255.57,0
0.988551,5.39307,-0.478936,1.36783,0.512982,5455.53,0
0.995092,5.48226,-0.505085,1.63749,0.530099,5509.31,0
1.00159,5.46263,-0.350708,1.73984,0.461319,5453.98,0
1.00808,5.39829,-0.394906,1.84862,0.378082,5355.04,0
1.01457,5.45202,-0.104994,1.6742,0.38926,5373.71,0
1.02106,5.45938,-0.465975,1.73894,0.35933,5346.79,0
1.02754,5.43293,-0.255942,1.84725,0.316298,5287.32,0
1.03407,5.44234,-0.339751,1.80676,0.298466,5263.02,0
1.04057,5.42978,-0.437772,1.88288,0.265384,5218.08,0
1.04709,5.34017,-0.40045,1.88853,0.189317,5100,0
1.05363,5.60833,-0.523537,1.92897,0.371748,5322.88,0
1.06013,5.61614,-0.317035,2.01692,0.34548,5297.58,0
1.06664,5.96414,-0.248124,2.56843,0.563715,5591.54,0
1.07319,6.16192,-0.300909,2.69469,0.652064,5741.69,0
1.07966,6.02495,-0.248966,2.80999,0.497813,5580.41,0
1.08617,6.0277,-0.511294,2.65561,0.453834,5549.53,0
1.0927,5.9535,-0.525722,2.42293,0.367349,5448.43,0
1.09919,6.15545,-0.641046,2.29278,0.47934,5600,0
1.10569,6.48408,-0.791206,2.17785,0.667491,5864.29,0
1.11217,6.34339,-0.94235,2.23687,0.495104,5703.59,0
1.11865,6.60983,-0.960044,2.29369,0.64764,5908.75,0
1.12517,6.5994,-0.844755,2.43444,0.579051,5865.26,0
1.13166,6.62987,-0.897915,2.42145,0.541542,5858.54,0
1.13815,6.69099,-0.764579,2.27575,0.535994,5878.8,0
1.14464,6.94437,-0.466594,2.48835,0.667108,6066.86,0
1.15115,6.92978,-0.59542,2.71071,0.593931,6019.89,0
1.15765,7.20881,-0.405027,2.87683,0.727885,6227.08,0
1.16416,7.19878,-0.341333,2.9839,0.632762,6183.65,0
1.17071,7.41499,-0.478411,2.89868,0.706342,6333.74,0
1.17718,7.40169,-0.52211,2.93968,0.631325,6287.65,0
1.18368,7.39214,-0.650595,2.65172,0.558049,6245.04,0
1.1902,7.69937,-0.688157,2.71965,0.723958,6468.97,0
1.19671,7.68252,-0.498442,2.61471,0.634945,6419.71,0
1.20321,7.50669,-0.603062,2.59272,0.455185,6238.9,0
1.20969,7.89915,-1.00092,2.69211,0.692609,6529.9,0
1.21621,8.01783,-1.04884,2.72286,0.707953,6592.49,0
1.22274,8.77812,-1.4319,3.29029,1.15547,7179.03,0
1.22925,8.94043,-1.60974,3.46248,1.12336,7273.06,0
1.2357,9.07099,-1.41969,3.44501,1.06546,7340.75,0
1.24224,8.79254,-1.57932,3.31524,0.74155,7077.97,0
1.24877,8.95704,-1.51403,3.49471,0.77436,7172.7,0
1.2553,8.6352,-1.07894,3.31906,0.467796,6879.02,0
1.26176,8.55647,-0.893516,3.2792,0.376731,6781.38,0
1.26831,8.57559,-1.09576,3.01524,0.362077,6761.46,0
1.27481,8.53337,-1.03793,3.07329,0.305585,6693.85,0
1.28131,8.55544,-1.00194,3.16038,0.301973,6677.11,0
1.28779,8.52011,-0.694274,3.01191,0.253656,6616.08,0
1.29432,8.67482,-0.666446,3.02172,0.348682,6702.22,0
1.3008,8.67551,-0.583478,2.97051,0.320245,6669.35,0
1.30728,8.70919,-0.302827,3.10016,0.316415,6662.09,0
1.31378,8.63391,-0.250933,2.91343,0.242772,6571.8,0
1.32024,8.61211,-0.58522,2.86911,0.212241,6523.14,0
1.32672,9.06439,-0.662503,2.72452,0.525725,6832.16,0
1.33323,9.08229,-0.797951,2.92695,0.493681,6812.27,0
1.33973,9.1803,-0.607958,2.76921,0.517445,6852.37,0
1.34618,9.0744,-0.810622,2.91911,0.40054,6740.83,0
1.35269,9.08768,-0.77376,3.20873,0.373289,6718.22,0
1.35918,9.11864,-1.03728,3.31824,0.374495,6708.93,0
1.36568,9.06571,-1.25787,3.05927,0.305343,6638.23,0
1.37218,9.27655,-1.27385,2.99582,0.429267,6760.47,0
1.37868,9.16371,-1.35407,3.1654,0.318789,6646.75,0
1.38518,9.14223,-1.21146,3.35349,0.27825,6600.04,0
1.39169,9.17598,-1.09431,3.4588,0.279701,6593.4,0
1.39817,9.09833,-1.11862,3.35144,0.208735,6507.32,0
1.40468,9.10963,-1.07591,3.10487,0.204991,6485.21,0
1.41121,9.30423,-1.24334,3.29015,0.330435,6593.07,0
1.41769,9.33881,-1.43974,3.08989,0.333477,6587.35,0
1.42417,9.29362,-1.35161,3.12281,0.274741,6525.66,0
1.43063,9.35723,-1.41126,3.42502,0.297877,6540.62,0
1.43715,9.41574,-1.24505,3.56772,0.322197,6551.67,0
1.44362,9.49187,-1.54158,3.33066,0.350455,6575.04,0
1.45012,9.26617,-1.47593,3.2988,0.169261,6389.94,0
1.45662,9.24701,-1.55787,3.2574,0.146361,6348.26,0
1.46311,9.06668,-1.60719,3.20665,0.00901381,6196.84,0
1.46963,9.21527,-1.68168,3.0022,0.114685,6270.46,0
1.47618,9.32786,-1.94399,2.91657,0.19047,6318.92,0
1.48269,9.33768,-1.89069,2.89339,0.190412,6297.82,0
1.48917,9.3956,-1.90626,2.96425,0.222815,6309.29,0
1.49567,9.33493,-2.02142,2.90066,0.16525,6241.3,0
1.5022,9.44442,-1.74795,2.867,0.233894,6287.06,0
1.50874,9.57699,-1.66927,2.63338,0.315658,6347.66,0
1.51525,9.66341,-1.59439,2.6604,0.351859,6377.45,0
1.52177,9.73091,-1.95793,2.62883,0.375781,6394.45,0
1.52826,9.75335,-2.18919,2.44441,0.369944,6382.01,0
1.53477,9.85081,-1.94463,2.70078,0.41415,6418.44,0
1.54127,9.63439,-2.00138,2.9527,0.230407,6250.94,0
1.5478,9.43014,-2.2143,3.02473,0.0683906,6092.61,0
1.55431,9.48318,-2.35916,3.2562,0.102625,6101.2,0
1.56077,9.45674,-2.39761,3.28002,0.0800435,6059.02,0
1.56722,9.57229,-2.47382,3.04533,0.163009,6107.8,0
1.57375,9.58259,-2.40199,3.34394,0.158944,6089,0
1.58027,9.78207,-2.44125,3.49161,0.294415,6190.13,0
1.58679,9.90615,-2.43959,3.62623,0.363587,6242.88,0
1.59327,9.98318,-2.20357,3.84429,0.395991,6265.86,0
1.59975,9.62686,-2.30202,3.85542,0.112581,6017.74,0
1.60624,9.62375,-2.43522,3.85473,0.107386,5991.46,0
1.61274,9.58177,-2.58678,3.9614,0.069314,5941.28,0
1.61929,9.68829,-2.53701,4.03163,0.144245,5983.03,0
1.62579,9.74985,-2.586,4.21166,0.182263,5996.99,0
1.63227,10.0966,-2.55273,4.22679,0.426609,6185.58,0
1.63879,10.1545,-2.53502,4.28025,0.431836,6196.33,0
1.64527,10.1343,-2.7535,4.24388,0.387943,6159.66,0
1.65176,9.93558,-2.93277,4.11576,0.215841,6015.16,0
1.65827,10.1427,-2.62816,4.20086,0.34918,6116.44,0
1.66477,10.0492,-2.56949,4.33937,0.250917,6036.41,0
1.67127,10.1307,-2.35121,4.38514,0.294163,6061.7,0
1.67778,10.13,-2.50341,4.4015,0.270523,6037.75,0
1.68432,10.0341,-2.46777,4.54335,0.187195,5957.35,0
1.69082,10.1428,-2.78103,4.87123,0.256736,5998.74,0
1.69732,9.98514,-2.57472,4.94275,0.127037,5882.87,0
1.70385,9.99521,-2.56743,5.02227,0.128051,5866.25,0
1.71034,10.2001,-2.60025,4.99893,0.271437,5963.79,0
1.71684,10.0671,-2.68209,5.25083,0.159799,5863.75,0
1.72336,10.2601,-2.67382,5.30649,0.292678,5953.55,0
1.72988,10.2707,-2.78335,5.33252,0.278704,5937.24,0
1.73643,10.292,-2.67646,5.40988,0.270778,5927.1,0
1.74294,10.121,-2.59189,5.42264,0.131886,5806.88,0
1.74944,10.0096,-2.52251,5.54898,0.0458226,5721.62,0
1.75593,10.0229,-2.36707,5.55294,0.0519673,5708.02,0
1.76244,10.1521,-2.32218,5.36531,0.143704,5760.24,0
1.76894,10.0954,-2.35044,5.28935,0.0943892,5707.06,0
1.77549,10.2155,-2.40805,5.56747,0.177781,5753.61,0
1.78202,10.2679,-2.39095,5.73041,0.20606,5761.92,0
1.78855,10.4205,-2.23935,5.67638,0.305264,5826.25,0
1.79501,10.4234,-1.98352,5.84696,0.284272,5806.89,0
1.80148,10.4641,-2.05529,5.80115,0.2937,5808.65,0
1.80799,10.3183,-1.91978,6.05801,0.167657,5707.06,0
1.81448,10.2538,-1.96752,6.06377,0.110618,5651.1,0
1.82098,10.1423,-2.08998,6.26989,0.0231238,5569.7,0
1.82748,10.1502,-2.32342,6.31755,0.0284383,5554.21,0
1.834,10.1966,-2.36275,6.40017,0.0622921,5559.76,0
1.84051,10.1589,-2.4611,6.4464,0.0324412,5519.59,0
1.84707,10.2246,-2.20166,6.25939,0.0792505,5535.6,0
1.85357,10.3449,-2.20433,6.40793,0.166238,5581.07,0
1.86009,10.3851,-1.93705,6.49676,0.186891,5583.11,0
1.8666,10.6379,-1.95032,6.25881,0.355363,5699.08,0
1.87309,10.7277,-2.18177,6.37814,0.395831,5727.27,0
1.87961,10.4588,-1.96592,6.19594,0.174619,5564.32,0
1.88613,10.5347,-1.84938,6.11481,0.223669,5585.35,0
1.89265,10.3643,-1.73957,6.22391,0.0884518,5476.1,0
1.89915,10.357,-1.69643,6.23261,0.0782443,5453.49,0
1.90564,10.597,-1.64251,6.09732,0.248066,5560.86,0
1.91215,10.8738,-1.77128,6.13158,0.431574,5686.66,0
1.91866,10.9164,-1.92691,6.09916,0.422681,5689.6,0
1.92517,10.8268,-1.81477,6.0383,0.32047,5623.8,0
1.93165,10.8637,-1.42338,6.09181,0.329656,5624.07,0
1.93817,11.0053,-1.18698,6.12767,0.405041,5678.21,0
1.94468,11.0452,-1.1316,6.44175,0.397606,5679.7,0
1.95119,10.9086,-1.44175,6.7198,0.273039,5590.76,0
1.95768,10.9667,-1.58764,6.98925,0.300319,5601.85,0
1.96418,11.2306,-1.52998,6.99244,0.471286,5717.69,0
1.97072,11.2057,-1.64726,7.30842,0.422503,5686.09,0
1.97723,11.5691,-1.79129,7.28993,0.647217,5851.17,0
1.98376,11.66,-1.58306,7.51229,0.638244,5877.74,0
1.99026,11.5234,-1.62023,7.27357,0.474012,5789.92,0
1.99675,11.5522,-1.67816,7.55768,0.456323,5785.48,0
2.00322,11.5575,-1.4855,7.47648,0.416954,5769.47,0
2.00973,11.3499,-1.37355,7.56632,0.234523,5647.45,0
2.01621,11.175,-1.18213,7.30691,0.0979111,5542.59,0
2.02268,11.0767,-1.11945,7.42513,0.022892,5476.27,0
2.02917,11.111,-0.981038,7.39408,0.0468895,5475.65,0
2.03565,11.3836,-1.00318,7.31835,0.245883,5592.13,0
2.04221,11.4686,-1.06393,7.27208,0.292328,5615.8,0
2.04868,11.4531,-1.09903,7.16348,0.26539,5590.46,0
2.05517,11.5936,-1.16582,7.1502,0.353085,5641.19,0
2.06167,12.0333,-0.966612,7.48122,0.6382,5836.68,0
2.06819,11.9166,-1.02271,7.59012,0.501645,5761.88,0
2.07467,11.5651,-1.03728,7.53888,0.211321,5574.45,0
2.08118,11.6819,-1.17083,7.58694,0.284552,5613.14,0
2.08774,11.5313,-1.37127,7.46425,0.154598,5523.36,0
2.09427,11.402,-1.20709,7.4922,0.053582,5444.37,0
2.10079,11.5088,-1.2933,7.50102,0.129303,5478.32,0
2.10732,11.4563,-1.38852,7.565,0.0858983,5436.42,0
2.11383,11.4225,-1.537,7.46667,0.058153,5403.69,0
2.12031,11.4418,-1.42629,7.4683,0.0703129,5396.26,0
2.12683,11.4156,-1.4777,7.41831,0.0483843,5367.41,0
2.13326,11.3758,-1.4838,7.37925,0.0172674,5332.59,0
2.13975,11.4451,-1.40978,7.34055,0.066169,5348.79,0
2.14625,11.6304,-1.32132,7.36379,0.198762,5418.92,0
2.15273,11.7478,-1.38228,7.38543,0.272962,5457.17,0
2.15921,11.8181,-1.56614,7.32204,0.306023,5473.32,0
2.16576,11.8117,-1.86574,7.40213,0.284755,5453.83,0
2.17227,11.7883,-1.9761,7.3214,0.253996,5426.7,0
2.17882,12.0397,-1.97151,7.21727,0.415818,5525.79,0
2.18523,11.8498,-1.8988,7.39938,0.251962,5422.66,0
2.19177,11.9063,-2.04666,7.39989,0.28041,5432.3,0
2.19829,12.0576,-2.26967,7.46678,0.372299,5485.01,0
2.20481,12.0524,-2.42684,7.35458,0.339624,5466.4,0
2.21133,11.8829,-2.27992,7.20944,0.191359,5373.62,0
2.21781,11.9588,-2.27617,7.04319,0.233638,5392.15,0
2.22435,11.7463,-2.1804,7.08165,0.0680537,5280.78,0
2.23091,11.9475,-2.16753,7.09698,0.212135,5355.43,0
2.23738,12.0304,-2.39397,6.99192,0.260427,5377,0
2.24391,12.1601,-2.11886,7.21949,0.335851,5419.16,0
2.2504,12.1577,-2.21696,7.33688,0.304379,5402.44,0
2.25688,12.3776,-2.24869,7.40909,0.441602,5484.4,0
2.2634,12.3832,-2.19571,7.18258,0.408815,5471.08,0
2.26991,12.3627,-2.41779,7.50031,0.357855,5446.34,0
2.2764,12.5917,-2.41144,7.7202,0.498741,5531.42,0
2.28291,12.5242,-2.77861,7.65532,0.412168,5486.07,0
2.28941,12.4192,-2.61053,7.76839,0.300599,5424.63,0
2.29589,12.3923,-2.51944,7.61075,0.264042,5397.61,0
2.30241,12.2114,-2.2689,7.6288,0.11842,5303.74,0
2.30891,12.4097,-2.40521,7.5957,0.256188,5374.7,0
2.31546,12.3657,-2.30702,7.66818,0.211761,5340.5,0
2.32196,12.4144,-2.19366,7.67274,0.237501,5346.54,0
2.32847,12.782,-2.42006,7.82364,0.491077,5489.43,0
2.33501,13.0702,-2.59098,7.64092,0.650154,5597.49,0
2.34154,13.0356,-2.73055,7.45382,0.551245,5567.1,0
2.34804,13.0535,-2.75552,7.18784,0.514363,5559.29,0
2.35456,13.3562,-2.6578,7.15858,0.672315,5672.5,0
2.36108,13.2807,-2.75019,7.30266,0.560291,5624.86,0
2.36762,13.1479,-2.55793,6.96833,0.419768,5553.22,0
2.37412,13.2499,-2.47344,6.93655,0.454012,5580.99,0
2.38065,13.2408,-2.54527,6.91973,0.412491,5561.86,0
2.38711,13.5077,-2.33713,6.64902,0.569681,5658.61,0
2.39362,13.3474,-2.4866,6.3236,0.401436,5576.24,0
2.40016,13.0925,-2.19888,6.38868,0.184987,5454.85,0
2.40668,13.2891,-2.38976,6.38873,0.317986,5521.75,0
2.41317,13.3151,-2.48418,6.26989,0.313776,5517.67,0
2.4197,13.2249,-2.58759,6.46828,0.226756,5465.52,0
2.42618,13.1873,-2.65956,6.48246,0.188635,5435.42,0
2.43267,13.34,-2.49598,6.51985,0.284769,5483.69,0
2.43919,13.1759,-2.50092,6.6157,0.139977,5401.74,0
2.44572,13.1803,-2.59875,6.65654,0.133377,5389.13,0
2.45219,13.2695,-2.59112,6.74006,0.194628,5411.27,0
2.45871,13.397,-2.76079,7.04038,0.273774,5448.78,0
2.46526,13.2774,-2.90887,7.18529,0.168095,5385.8,0
2.47177,13.4158,-3.05101,6.88954,0.257391,5427.62,0
2.47826,13.4414,-3.25439,6.98521,0.262828,5423.71,0
2.48476,13.55,-3.47523,7.15403,0.326442,5453.23,0
2.4913,13.4281,-3.40634,7.02968,0.218075,5390,0
2.49784,13.4936,-3.43281,7.07819,0.256984,5402.11,0
2.50432,13.5562,-3.41297,7.0656,0.282821,5413.13,0
2.51074,13.9363,-3.39574,7.07634,0.529006,5550.66,0
2.5172,13.9535,-3.57704,7.22989,0.50179,5543.26,0
2.52371,13.7453,-3.71955,6.96024,0.310469,5446.46,0
2.53023,13.7223,-4.02077,6.98167,0.273905,5423.35,0
2.53672,13.7219,-3.80448,6.9832,0.252412,5409.29,0
2.54325,13.8364,-3.93873,6.7858,0.316884,5440.45,0
2.54975,14.0635,-3.74174,6.69566,0.458889,5515.62,0
2.55627,13.7913,-3.73148,6.92446,0.226612,5395.1,0
2.56276,13.5368,-3.9312,6.99937,0.0319843,5282.13,0
2.56928,13.6081,-3.84672,7.25589,0.0834339,5296.48,0
2.57581,13.7058,-3.88175,7.2287,0.155403,5320.97,0
2.58231,13.6726,-3.94749,7.15012,0.123348,5294.74,0
2.58886,13.5972,-4.23741,7.12122,0.0622324,5252.2,0
2.59537,13.5301,-4.27747,7.13262,0.0109489,5213.17,0
2.6019,13.5813,-4.25925,7.04744,0.0476236,5219.74,0
2.60842,13.6808,-4.32015,7.20153,0.118593,5244.86,0
2.61494,13.6078,-4.3066,7.18792,0.0596673,5203.87,0
2.6215,13.6554,-4.39073,7.30743,0.0911578,5209,0
2.62802,13.6863,-4.2111,7.16148,0.10721,5207.83,0
2.63452,13.8509,-4.35504,7.08657,0.225143,5257.47,0
2.64098,13.7158,-4.38285,7.22565,0.113318,5193.46,0
2.64744,13.7364,-4.30122,7.14262,0.123658,5188.56,0
2.65397,13.8481,-4.16745,7.06336,0.200484,5217.87,0
2.66054,13.9344,-3.87863,6.71115,0.251827,5237.42,0
2.66703,13.8783,-3.62056,6.64512,0.195207,5203.67,0
2.67353,13.7307,-3.7801,6.58583,0.0819609,5135.78,0
2.68005,13.7595,-3.78512,6.55558,0.101914,5134.07,0
2.68654,13.8761,-3.80425,6.5802,0.18305,5165.03,0
2.69306,13.927,-3.7318,6.53195,0.2095,5171.46,0
2.69955,13.9947,-3.78075,6.49724,0.245226,5184.11,0
2.7061,14.0407,-3.78567,6.07813,0.255709,5188.53,0
2.71266,13.992,-3.64374,6.30406,0.203428,5158.06,0
2.71915,14.1035,-3.79713,6.4758,0.269236,5186.73,0
2.72567,14.222,-3.74373,6.63083,0.338742,5217.79,0
2.73218,14.405,-3.57436,7.15707,0.442594,5272.35,0
2.7387,14.4889,-3.64007,6.93265,0.463837,5290.42,0
2.74525,14.564,-3.72942,7.04515,0.481112,5305.16,0
2.75177,14.5437,-3.68253,7.16721,0.421824,5285.22,0
2.75819,14.8154,-3.6803,7.01083,0.57979,5371.44,0
2.76471,14.6219,-3.60657,6.79835,0.394445,5288.76,0
2.77123,14.8254,-3.48739,6.94941,0.514629,5349.76,0
2.77774,14.6967,-3.30776,7.24973,0.378741,5290.89,0
2.78427,14.6413,-3.44119,7.0928,0.310942,5258.57,0
2.79078,14.6287,-3.4182,7.15247,0.281918,5241.81,0
2.79733,14.406,-3.51375,7.38719,0.104979,5149.93,0
2.80386,14.6351,-3.7377,7.46171,0.26291,5219.61,0
2.8104,14.7104,-3.87837,7.45645,0.297951,5234.25,0
2.81688,14.4795,-4.00487,7.37439,0.116294,5140.28,0
2.8234,14.5622,-4.14663,7.55945,0.171612,5157.67,0
2.82991,14.6104,-3.91141,7.68952,0.198072,5162.84,0
2.83638,14.6335,-3.89592,7.67203,0.206684,5159.21,0
2.84286,14.6595,-4.04258,7.57864,0.210251,5156.6,0
2.84938,14.9003,-4.06166,7.64942,0.36885,5229.32,0
2.85589,15.2765,-3.92448,7.73097,0.607921,5349.12,0
2.86238,15.1632,-3.90527,7.95538,0.469184,5297.41,0
2.86894,15.0651,-3.67178,7.88457,0.361931,5251.13,0
2.87548,14.9167,-3.6932,7.59621,0.22913,5187.54,0
2.88198,14.9801,-3.65741,7.49516,0.263969,5197.86,0
2.88849,15.1752,-3.73723,7.4371,0.384637,5253.68,0
2.89499,15.098,-3.91772,7.33389,0.302988,5215.2,0
2.90146,14.9616,-3.7992,7.13653,0.185117,5156.56,0
2.90795,15.032,-3.80623,7.33558,0.228102,5169.3,0
2.91445,14.7879,-3.71041,7.47187,0.0406453,5074,0
2.92094,14.8785,-3.56062,7.52135,0.105561,5093.74,0
2.92743,14.9329,-3.47169,7.61837,0.139695,5101.04,0
2.93396,14.9085,-3.50961,7.76435,0.115245,5081.36,0
2.94044,14.8303,-3.4687,7.7101,0.0552972,5043.57,0
2.94699,14.9926,-3.47952,7.82852,0.17392,5087.45,0
2.95352,14.8242,-3.50765,7.72064,0.043288,5019.16,0
2.96004,14.9164,-3.71695,7.65752,0.110629,5039.25,0
2.96652,15.029,-3.58894,7.55718,0.18784,5066.21,0
2.97304,15.1542,-3.29243,7.59854,0.261722,5097.22,0
2.97952,15.2162,-3.51985,7.43659,0.291817,5106.93,0
2.98604,15.2057,-3.26914,7.26292,0.259383,5092.27,0
2.9925,15.1303,-3.13566,7.59783,0.189203,5056.06,0
2.99903,15.1108,-3.31019,7.44321,0.165775,5038.57,0
3.00551,15.0677,-3.52047,7.5716,0.122849,5013.37,0
3.01198,14.9972,-3.46469,7.54232,0.0654167,4979.18,0
3.01846,14.9348,-3.52797,7.47515,0.0166848,4947.81,0
3.02498,15.0037,-3.47464,7.4491,0.0672992,4959.95,0
3.0315,15.1792,-3.62959,7.54293,0.193865,5007.16,0
3.03801,15.549,-3.63439,7.30643,0.446737,5118.17,0
3.04448,15.4574,-3.26998,7.49306,0.345173,5077.17,0
3.05099,15.3213,-3.37363,7.66633,0.217751,5021.75,0
3.05754,15.4813,-3.29849,7.44795,0.316047,5063.33,0
3.06405,15.6098,-3.10716,7.33644,0.384922,5094.49,0
3.07056,15.3605,-3.15568,7.34665,0.17647,5002.51,0
3.07706,15.3256,-2.94238,7.30663,0.140033,4980.59,0
3.08357,15.2248,-2.9233,7.30073,0.0620411,4937.38,0
3.09014,15.3321,-2.74162,7.40663,0.138106,4961.62,0
3.09663,15.3604,-2.96765,7.49553,0.153134,4960.37,0
3.10314,15.2203,-3.15005,7.45841,0.0440015,4904.81,0
3.10959,15.2349,-3.20129,7.34679,0.052238,4899.32,0
3.11611,15.3014,-3.2678,7.17569,0.0994796,4910.43,0
3.12263,15.4949,-3.38838,7.01469,0.230929,4962.14,0
3.12914,15.6894,-3.31082,6.82675,0.348326,5013.97,0
3.13567,15.5469,-3.29791,6.75792,0.221409,4958.1,0
3.14215,15.6878,-3.40277,6.81747,0.311779,4992.7,0
3.14865,15.7127,-3.47692,6.90569,0.312354,4990.3,0
3.15515,16.0282,-3.44337,6.76694,0.521446,5080.02,0
3.16165,15.9066,-3.29351,6.60488,0.388981,5031.1,0
3.16813,16.0471,-3.14992,6.70506,0.46065,5065.16,0
3.17462,15.9572,-3.30093,6.75089,0.358646,5026.51,0
3.18118,15.8784,-3.37715,6.56549,0.274189,4991.37,0
3.1877,15.794,-3.15408,6.47437,0.200304,4954.68,0
3.19416,15.9174,-3.46562,6.51357,0.26871,4983.29,0
3.20066,15.9181,-3.50248,6.69084,0.253046,4973.38,0
3.20716,15.84,-3.34266,6.5972,0.180316,4938.94,0
3.21364,15.7708,-3.26428,6.53541,0.121691,4907.45,0
3.22012,15.8935,-3.05631,6.80056,0.2027,4935.68,0
3.22667,15.9517,-3.13042,6.72231,0.232692,4943.72,0
3.23322,15.6951,-2.91373,6.7039,0.0309669,4854.31,0
3.23969,15.7584,-2.94609,6.70008,0.0759375,4864.17,0
3.2462,16.0451,-3.01337,6.64093,0.280151,4942.74,0
3.25272,16.0389,-2.8513,6.49223,0.260471,4930.93,0
3.2593,15.9581,-3.07339,6.46395,0.190305,4896.18,0
3.26577,16.1219,-3.35578,6.31088,0.292977,4936.64,0
3.27231,15.9819,-3.36867,6.445,0.175951,4883.99,0
3.27886,16.2069,-3.24229,6.68412,0.329028,4942.84,0
3.28537,16.0751,-3.17119,6.90685,0.209848,4892.95,0
3.2919,15.9855,-3.1691,7.08681,0.132115,4856,0
3.29843,16.1463,-3.27019,7.02425,0.242789,4895.14,0
3.30497,16.4295,-3.39453,7.03607,0.434376,4971.16,0
3.31146,16.4464,-3.49553,7.054,0.404988,4966.53,0
3.31795,16.2029,-3.35579,7.01474,0.194442,4883.42,0
3.32445,16.3257,-3.19049,6.91894,0.27397,4910.79,0
3.33098,16.286,-3.21118,6.87127,0.231011,4889.27,0
3.3375,16.4289,-3.42992,6.59758,0.319173,4922.51,0
3.34402,16.5172,-3.40265,6.52718,0.361058,4939.34,0
3.35053,16.5561,-3.38964,6.39055,0.359337,4941.35,0
3.35702,16.7274,-3.53575,6.3789,0.460126,4982.82,0
3.3635,16.7988,-3.4662,6.45834,0.470224,4994.44,0
3.36999,16.6873,-3.77574,6.47919,0.348126,4951.73,0
3.37652,16.6747,-3.87209,6.49991,0.317352,4938.44,0
3.38301,16.5286,-3.69423,6.68671,0.195257,4885.75,0
3.3895,16.4423,-3.64472,6.97049,0.118753,4850.95,0
3.39595,16.5068,-3.66732,7.1886,0.155244,4860.74,0
3.40246,16.4057,-3.61199,7.17634,0.0746135,4821.71,0
3.40898,16.3448,-3.58597,7.23357,0.0283911,4794.65,0
3.41545,16.5406,-3.66511,7.16712,0.171035,4842.88,0
3.42193,16.8054,-3.70233,7.15675,0.347015,4911.08,0
3.42845,16.735,-3.79752,7.18817,0.267774,4881.21,0
3.43495,16.895,-3.88079,7.25057,0.357993,4918.54,0
3.44147,16.7573,-3.66444,7.238,0.235458,4869.24,0
3.448,16.734,-3.78947,7.37207,0.205635,4853.25,0
3.45449,17.0747,-3.91161,7.37953,0.441718,4942.75,0
3.461,16.9944,-3.62321,7.36482,0.352522,4910.26,0
3.46754,16.9477,-3.5547,7.3863,0.287781,4887.52,0
3.47405,16.9478,-3.46926,7.46038,0.27034,4878.41,0
3.48054,16.7937,-3.63661,7.42969,0.13899,4825.03,0
3.48706,16.6886,-3.45468,7.3582,0.0558684,4785.87,0
3.49357,16.6549,-3.48494,7.22187,0.0288976,4767.3,0
3.50009,16.7376,-3.37683,7.16612,0.0894501,4782.06,0
3.50659,16.7511,-3.36029,7.15915,0.0965524,4777.04,0
3.5131,16.6956,-3.61504,6.96867,0.0478359,4752.37,0
3.51959,16.8321,-3.70045,6.89726,0.148726,4782.42,0
3.5261,17.1482,-3.64768,6.73927,0.368252,4863.22,0
3.53261,17.3845,-3.86853,6.52911,0.50693,4921.15,0
3.53913,17.3762,-4.16139,6.04728,0.459952,4909.74,0
3.54564,17.3715,-3.93946,5.81656,0.412774,4899.39,0
3.55219,17.6074,-3.9996,5.92889,0.535632,4956.78,0
3.55868,17.457,-4.10519,6.14756,0.385752,4905.48,0
3.56521,17.4392,-3.98933,6.21717,0.347939,4891.5,0
3.57171,17.6257,-4.08773,6.33435,0.454127,4934.81,0
3.57821,17.6953,-4.07494,6.50714,0.469379,4945.29,0
3.58474,17.8216,-4.23851,6.76111,0.518674,4971.52,0
3.59128,18.0102,-4.17825,6.71142,0.611087,5014.96,0
3.59781,17.9144,-4.28519,6.68718,0.486664,4979.24,0
3.6043,18.1862,-4.28865,6.51656,0.633386,5045.7,0
3.6108,18.0744,-4.31719,6.86122,0.499312,5005.64,0
3.61731,18.158,-4.55692,6.58416,0.522024,5019.76,0
3.62382,18.6179,-4.43481,6.59563,0.788321,5137.64,0
3.6303,18.4789,-4.29708,6.51025,0.616311,5090.18,0
3.6368,18.5453,-4.16485,6.33161,0.612876,5099.35,0
3.64332,18.534,-3.9366,6.44903,0.549107,5087.12,0
3.64982,18.6531,-3.9635,6.53282,0.591069,5110.69,0
3.65631,18.6274,-3.74261,6.93839,0.520694,5094.6,0
3.66283,18.6653,-3.83167,7.40761,0.494137,5095.87,0
3.66934,19.0303,-3.57391,7.52264,0.704326,5186.3,0
3.67584,19.205,-3.78629,7.44991,0.748575,5224.65,0
3.68239,19.8269,-4.11931,7.82636,1.1056,5384.24,0
3.68892,20.1602,-4.28707,7.69975,1.18983,5465.08,0
3.69544,20.2651,-4.59478,7.33396,1.10295,5483.8,0
3.70189,20.4967,-4.34185,7.14176,1.11209,5536.81,0
3.70842,20.42,-4.31526,7.08192,0.934174,5506.4,0
3.71491,20.3864,-4.15081,6.9332,0.81865,5487.73,0
3.72141,20.6723,-4.45632,6.91981,0.922927,5554.97,0
3.72792,20.6618,-4.54974,6.80121,0.796916,5542.46,0
3.73443,20.8896,-4.46149,6.47305,0.855844,5593.79,0
3.74097,20.6743,-4.60555,6.67697,0.611388,5526.46,0
3.74752,20.7669,-4.84101,6.33794,0.617579,5541.51,0
3.75405,20.3213,-4.70916,6.62608,0.241255,5413.16,0
3.76054,20.3996,-4.595,6.63528,0.286439,5424.66,0
3.76706,20.3488,-4.37395,6.53608,0.23342,5401.77,0
3.77356,20.4979,-4.18168,6.62282,0.323151,5431.98,0
3.78005,20.2796,-4.25368,6.42836,0.144676,5364.91,0
3.78659,20.1828,-3.95178,6.29025,0.0699311,5330.07,0
3.79311,20.2026,-4.08091,6.25895,0.0822252,5326.13,0
3.79958,20.4074,-4.09462,6.04509,0.22847,5370.97,0
3.80612,20.2952,-3.78891,5.97352,0.13527,5332.25,0
3.81262,20.3123,-3.69973,6.1779,0.140067,5327.64,0
3.81914,20.3536,-3.59615,6.10019,0.165763,5329.36,0
3.82567,20.638,-3.39771,6.19396,0.362909,5394.61,0
3.83219,20.4381,-3.13785,6.1443,0.19478,5333.27,0
3.83871,20.5219,-2.93553,6.10455,0.242258,5346.04,0
3.84523,20.5816,-2.96386,6.23028,0.266922,5352.51,0
3.85171,20.4546,-2.76061,6.22358,0.15946,5310.52,0
3.85821,20.7571,-2.75495,6.20586,0.36611,5379.97,0
3.86473,20.6054,-2.82205,6.29954,0.231993,5331.65,0
3.87121,20.5929,-2.6919,6.16722,0.206937,5319.5,0
3.8777,20.4749,-2.74206,6.3037,0.10638,5280.17,0
3.8842,20.8531,-2.77448,6.21919,0.373977,5368.7,0
3.8907,20.8285,-2.86365,6.3446,0.319477,5353.4,0
3.89723,21.0941,-2.5153,6.44912,0.48865,5412.6,0
3.90374,20.9024,-2.53216,6.50508,0.305055,5354.45,0
3.91025,20.9563,-2.52566,6.32939,0.330432,5359.31,0
3.91676,21.2137,-2.28841,6.25969,0.493363,5416.14,0
3.92331,21.3941,-2.02697,6.46863,0.579727,5453.07,0
3.92983,21.6783,-1.78754,6.33178,0.71976,5516.34,0
3.93634,21.4887,-2.11242,6.41175,0.523545,5459.06,0
3.94287,21.4211,-2.32905,6.46243,0.430618,5432.87,0
3.9494,21.6634,-2.22501,6.06562,0.566408,5485.24,0
3.95591,21.8023,-2.19388,5.89426,0.620788,5511.31,0
3.96245,21.7759,-2.13829,5.84311,0.549855,5495.57,0
3.96897,21.7721,-2.0846,5.7308,0.498038,5485.57,0
3.97541,21.7346,-2.19302,6.08352,0.431119,5467.27,0
3.98189,21.7699,-1.97347,6.15812,0.411242,5467.23,0
3.98844,21.8328,-1.65654,6.0064,0.419061,5474.01,0
3.99498,21.7547,-1.8628,6.18066,0.328464,5445.5,0
4.00148,21.9141,-1.89688,5.9236,0.423861,5476.51,0
4.00796,21.9362,-1.61226,5.77057,0.410259,5473.16,0
4.01448,21.9852,-1.22677,5.5982,0.415254,5476.49,0
4.02098,22.244,-1.21845,5.42638,0.564037,5532,0
4.02751,22.1641,-1.1668,5.51143,0.44832,5503.19,0
4.03402,22.0791,-1.24649,5.43064,0.355332,5473.23,0
4.04053,22.1673,-1.25796,5.53006,0.391387,5486.23,0
4.04701,22.3769,-1.39207,5.78077,0.507026,5529.26,0
4.05353,22.305,-1.19968,5.69974,0.410744,5502.61,0
4.06004,22.4965,-1.34466,5.61483,0.509615,5540.97,0
4.06651,22.0916,-1.51336,5.62454,0.179201,5432.58,0
4.07301,21.9657,-1.46036,5.82749,0.0814047,5392.99,0
4.07953,22.0535,-1.51351,5.88272,0.141641,5405.89,0
4.08602,22.0843,-1.51297,5.81259,0.153961,5404.85,0
4.0925,22.1567,-1.23887,5.83486,0.197537,5413.99,0
4.09901,22.0949,-1.22402,5.64571,0.146217,5390.32,0
4.10547,22.0698,-1.12227,5.63168,0.118741,5375.72,0
4.11199,22.0325,-1.07262,5.54081,0.0812727,5358.12,0
4.1185,22.0688,-1.13077,5.41857,0.103374,5358.45,0
4.125,22.0181,-1.30029,5.37945,0.0626595,5337.74,0
4.13151,22.1348,-1.24794,5.29011,0.147904,5357.56,0
4.13802,22.2934,-1.39742,5.14044,0.258473,5387.46,0
4.14451,22.2002,-1.23333,5.08127,0.176404,5356.54,0
4.15102,22.1982,-1.23794,4.96132,0.167721,5347.65,0
4.15756,22.107,-1.39926,4.99997,0.0935406,5317.31,0
4.16406,22.3981,-1.55236,5.01465,0.299396,5378.91,0
4.17057,22.5864,-1.29154,4.92397,0.414931,5415.66,0
4.17708,22.5652,-1.05408,4.91406,0.368547,5402.14,0
4.18357,22.5264,-1.21977,4.98326,0.309765,5384.49,0
4.19008,22.5216,-1.2174,4.97088,0.288695,5374.97,0
4.19658,22.6061,-1.31838,4.88071,0.329099,5386.8,0
4.2031,22.5701,-1.44401,5.22146,0.274645,5369.88,0
4.20963,22.4367,-1.08647,5.31297,0.158531,5329.84,0
4.21615,22.4849,-0.741515,5.52543,0.184804,5333.03,0
4.22268,22.5962,-0.581416,5.49359,0.259079,5351.15,0
4.22914,22.7996,-0.346781,5.49629,0.380992,5391.08,0
4.23563,22.8181,-0.252993,5.54677,0.357628,5387.19,0
4.2421,22.9439,-0.260357,5.65321,0.423353,5408.6,0
4.24863,22.9716,0.0833922,5.89657,0.400848,5406.83,0
4.25511,23.0863,0.203775,6.15024,0.457471,5425.55,0
4.26162,22.9069,-0.136458,6.13212,0.290113,5375.17,0
4.26811,22.8959,-0.0745764,6.34814,0.262218,5364.4,0
4.27461,22.8444,0.110405,6.20052,0.203532,5344.2,0
4.28111,23.0246,0.011168,6.19442,0.319763,5378.19,0
4.28761,23.3816,0.294145,6.23624,0.545596,5453.3,0
4.29413,23.3314,0.504847,6.25521,0.461517,5433.32,0
4.30065,23.5464,0.662928,6.58154,0.575865,5475.07,0
4.30717,23.3134,0.709304,6.81659,0.362189,5412.68,0
4.31364,23.371,1.0187,6.60988,0.373131,5417.94,0
4.32018,23.2571,1.33273,6.39659,0.262748,5383.37,0
4.32671,23.2876,1.12724,6.27569,0.258241,5382.29,0
4.33324,23.3574,1.1449,5.99503,0.296905,5390.27,0
4.33975,23.0485,1.31851,5.78907,0.053115,5311.02,0
4.34625,23.0559,1.32184,5.69904,0.055986,5304.78,0
4.35276,23.0241,1.16571,5.68105,0.0306892,5289.54,0
4.35924,23.1662,1.11982,5.6066,0.130649,5314.27,0
4.36573,23.2056,1.23625,5.47196,0.155936,5315.4,0
4.37222,23.1852,1.09432,5.59599,0.130388,5302.85,0
4.37872,23.2116,1.07319,5.2936,0.140946,5301.01,0
4.38521,23.2259,0.904603,5.3389,0.137641,5296.41,0
4.39172,23.2897,0.884977,5.33369,0.178516,5303.09,0
4.39821,23.2554,0.785749,5.44496,0.146929,5287.47,0
4.40472,23.2881,0.701799,5.54225,0.163849,5287.08,0
4.4112,23.2569,0.654978,5.53618,0.132607,5272.24,0
4.41769,23.2474,0.671526,5.63995,0.118289,5262.35,0
4.42423,23.3299,0.720461,5.64661,0.170747,5273.21,0
4.43076,23.5424,0.750995,5.36408,0.311966,5313.4,0
4.43726,23.5539,0.719715,5.44255,0.299688,5308.22,0
4.44378,23.4288,0.823166,5.37746,0.191523,5272.27,0
4.45025,23.5304,0.855962,5.36914,0.25159,5287.44,0
4.45676,23.3758,0.888936,5.55454,0.121883,5245.02,0
4.46331,23.5174,0.758995,5.5344,0.215672,5269.04,0
4.46988,23.2576,0.7202,5.67821,0.0147358,5203.18,0
4.47638,23.3152,0.725297,5.66777,0.0562254,5208.5,0
4.48283,23.3886,0.823008,5.52259,0.107224,5217.37,0
4.48937,23.7197,0.729372,5.42221,0.338361,5283.52,0
4.49588,23.7619,0.731207,5.21649,0.345464,5285.28,0
4.50245,23.6612,0.849638,5.34413,0.250938,5255.18,0
4.50892,23.5838,0.925027,5.21865,0.175122,5230.47,0
4.51547,23.4956,0.68684,5.27819,0.0990148,5203.35,0
4.52201,23.583,0.503752,5.14997,0.157746,5215.16,0
4.52853,23.6241,0.469793,5.32949,0.179956,5216.73,0
4.53505,23.7158,0.414111,5.3974,0.238415,5229.45,0
4.54151,23.8425,0.265023,5.45631,0.313442,5249.9,0
4.54801,23.9057,0.128712,5.53985,0.33797,5256.29,0
4.55451,23.9356,0.349338,5.51531,0.335426,5255.36,0
4.56101,24.2398,0.317077,5.55378,0.524047,5314.56,0
4.56758,24.3465,0.61011,5.57529,0.53725,5330.28,0
4.57409,24.3186,0.103481,5.49886,0.460707,5316.6,0
4.58058,24.2393,0.142479,5.26347,0.371735,5291.75,0
4.58708,24.2306,0.0104659,5.25054,0.341073,5282.35,0
4.59361,24.2997,-0.0287897,5.09313,0.361644,5289.9,0
4.60012,24.5301,-0.177585,4.83752,0.495651,5332.48,0
4.60662,24.5186,-0.232417,4.75174,0.438144,5322.46,0
4.61313,24.9684,0.162561,4.49433,0.71109,5412.46,0
4.6196,24.9938,-0.0810809,4.38586,0.658922,5410.4,0
4.62606,25.1176,-0.200962,4.23538,0.679309,5429.59,0
4.63256,25.4677,-0.387602,4.28901,0.854486,5497.55,0
4.63905,25.3605,-0.682072,4.1893,0.685739,5466.74,0
4.64551,25.4331,-0.589601,4.05456,0.663879,5474.78,0
4.65201,25.5026,-0.693001,4.22729,0.639118,5482.06,0
4.65854,24.8746,-0.724577,4.32208,0.140201,5339.58,0
4.66507,24.8919,-0.834843,4.26748,0.147796,5335.81,0
4.67161,24.787,-0.750483,4.40441,0.0664496,5305.88,0
4.6781,24.8357,-0.639374,4.46788,0.0986781,5308.94,0
4.68463,24.7078,-0.605106,4.38911,0.00164272,5274.23,0
4.69117,24.7327,-0.633118,4.3548,0.018819,5272.19,0
4.6977,24.8236,-0.608292,4.32937,0.0836947,5284.2,0
4.70425,24.9681,-0.76635,4.296,0.185215,5307.57,0
4.71076,24.8183,-0.39349,4.23428,0.0660187,5268.44,0
4.71728,24.8695,-0.26658,4.33807,0.100258,5272,0
4.72374,24.8023,-0.233519,4.39073,0.0488923,5250.55,0
4.73027,24.884,-0.200752,4.64124,0.108536,5260.58,0
4.73678,24.853,-0.0757179,4.4831,0.0799621,5246.81,0
4.7433,24.9127,-0.0969775,4.42097,0.119734,5252.18,0
4.74983,24.9103,0.0139198,4.36759,0.111371,5244.46,0
4.75632,24.9189,-0.174814,4.38861,0.114449,5239.1,0
4.76282,25.0748,-0.227989,4.28326,0.221842,5264.69,0
4.76938,25.2781,-0.481612,4.15928,0.350088,5300.08,0
4.77591,25.4199,-0.367091,4.265,0.426614,5322.52,0
4.78241,25.1768,-0.629645,4.28746,0.221579,5264.47,0
4.78892,25.3543,-0.713376,4.40444,0.328324,5294.36,0
4.79544,25.3987,-0.799998,4.37664,0.336676,5296.44,0
4.80194,25.1114,-0.575993,4.4593,0.106225,5229.43,0
4.80844,25.1944,-0.692258,4.57037,0.161801,5239.61,0
4.81491,25.1322,-0.743575,4.70202,0.108493,5219.65,0
4.82141,25.2071,-0.715954,4.8357,0.15666,5228.16,0
4.82792,25.2225,-0.7619,4.73821,0.160255,5224.3,0
4.83444,25.2061,-0.664019,4.62338,0.142663,5213.87,0
4.84094,25.2338,-0.800043,4.68192,0.15766,5212.58,0
4.84745,25.2847,-0.840411,4.59135,0.183513,5216.08,0
4.85395,25.2831,-0.928715,4.68729,0.172036,5208.76,0
4.86047,25.2811,-0.993793,4.68586,0.161792,5201.37,0
4.86694,25.2957,-1.23608,4.59523,0.163031,5197.46,0
4.87348,25.4054,-1.1482,4.67696,0.233413,5212.99,0
4.87998,25.4098,-1.09351,4.90222,0.221203,5206.94,0
4.88647,25.3065,-1.01668,5.19166,0.131857,5178.9,0
4.893,25.2455,-1.09669,5.23011,0.0809746,5159.51,0
4.89952,25.4138,-1.07563,5.34048,0.201418,5187,0
4.90599,25.5963,-1.17686,5.23244,0.321297,5217.35,0
4.91249,25.8147,-1.48791,5.27453,0.450381,5254.92,0
4.91903,25.8691,-1.37908,5.26666,0.454682,5258.98,0
4.92552,25.9119,-1.17607,5.15891,0.448806,5260.74,0
4.93203,25.9178,-0.947805,5.26501,0.411665,5255,0
4.93853,25.7821,-0.903303,5.49027,0.282168,5220.6,0
4.945,25.6884,-0.797083,5.31479,0.196313,5194.83,0
4.95149,25.6759,-1.0131,5.43568,0.177895,5185.5,0
4.95795,25.7243,-0.767073,5.33386,0.201791,5188.5,0
4.96447,25.5906,-0.748278,4.99284,0.0896696,5154.76,0
4.97103,25.8719,-0.647578,4.8368,0.28783,5204.53,0
4.97751,25.8775,-0.810728,4.6748,0.274087,5198.88,0
4.98402,25.7071,-1.1,4.88897,0.136869,5157.9,0
4.99054,25.6191,-1.12512,4.87586,0.0664834,5133.53,0
4.99706,25.7073,-1.0345,4.94817,0.127658,5144.48,0
5.00359,25.6588,-0.976493,5.01956,0.0852816,5128.08,0
5.01011,25.5883,-0.976639,5.04727,0.0310619,5107.34,0
5.01662,25.7437,-0.979661,4.92149,0.145166,5131.68,0
5.02314,26.009,-0.855199,4.93807,0.325865,5177.83,0
5.02962,26.1945,-0.579704,4.9662,0.429187,5208.04,0
5.03608,26.2346,-0.463454,4.92674,0.423433,5209.33,0
5.04262,26.181,-0.507917,5.04484,0.350789,5191.93,0
5.04915,26.305,-0.591654,5.36628,0.409929,5209.79,0
5.05568,26.3606,-0.550126,5.2139,0.4165,5214.05,0
5.0622,26.3218,-0.400864,5.35396,0.363302,5199.67,0
5.06874,26.7764,-0.238308,5.3016,0.657612,5282.67,0
5.07525,26.9773,0.0179492,5.44094,0.727694,5315.46,0
5.0818,27.0358,0.287853,5.44384,0.695576,5320.13,0
5.08829,26.9536,0.506767,5.40145,0.569423,5297.18,0
5.09482,26.9527,0.968507,5.15636,0.519538,5290.21,0
5.10128,26.8455,1.33046,5.09775,0.394794,5262.51,0
5.10781,26.8217,1.20423,5.19404,0.347206,5251.12,0
5.11431,26.803,1.37052,5.11821,0.313002,5240.78,0
5.12085,26.8577,1.2811,5.05365,0.330429,5244.77,0
5.12734,27.0042,1.0061,4.9862,0.41369,5266.71,0
5.13382,27.1355,1.18348,5.01338,0.472967,5285.64,0
5.14034,27.1585,1.11025,4.7014,0.452896,5283.4,0
5.14685,26.9914,1.1363,4.93252,0.293274,5244.26,0
5.15337,27.1269,1.35036,5.18384,0.374882,5263.91,0
5.1599,27.5262,1.42888,5.15744,0.62787,5334.63,0
5.16643,27.5589,1.57267,4.93935,0.595197,5334.22,0
5.17292,27.6609,1.28921,4.79305,0.612507,5347.25,0
5.17943,27.6523,1.27004,4.65897,0.552327,5338.87,0
5.18594,27.6266,1.18852,4.6711,0.479549,5327.21,0
5.1925,27.5961,1.14313,4.90024,0.411626,5314.61,0
5.199,27.5226,1.31699,5.03129,0.327305,5293.82,0
5.20548,27.6844,1.28898,4.66423,0.418502,5318.32,0
5.21197,27.5025,1.47041,4.50626,0.248213,5276.79,0
5.21851,27.5662,1.36581,4.82656,0.278553,5282.39,0
5.22505,27.733,1.42289,4.79924,0.37866,5307.69,0
5.23157,27.7398,1.4335,4.46184,0.355789,5302.4,0
5.2381,27.6451,1.55175,4.39936,0.259786,5277.7,0
5.24463,27.6874,1.32909,4.14892,0.272674,5279.18,0
5.25114,27.7136,1.24168,3.99354,0.278821,5277.63,0
5.25765,27.6519,1.21391,4.16202,0.212675,5259.36,0
5.26418,27.9367,1.34333,4.05293,0.406645,5306.95,0
5.27069,27.9609,1.67572,3.90262,0.388748,5304.98,0
5.27717,27.8707,1.65001,3.85358,0.288538,5281.36,0
5.28374,27.9129,1.89577,3.99817,0.297045,5282.78,0
5.29027,27.7833,1.89417,4.10684,0.18585,5251.77,0
5.29679,27.7647,2.00353,4.11441,0.157125,5241.79,0
5.30332,27.6263,2.18692,4.03372,0.0470418,5209.25,0
5.30981,27.7247,2.21236,4.16826,0.119246,5221.41,0
5.31635,27.7923,2.40943,4.14753,0.164363,5227.7,0
5.32288,27.7806,2.3505,4.09844,0.147265,5219.1,0
5.32937,27.7781,2.56727,4.08874,0.137717,5212.27,0
5.33587,27.7186,2.66242,3.93151,0.0879896,5194.76,0
5.34237,27.7844,2.57839,3.80484,0.134543,5200.76,0
5.34888,27.9304,2.67208,3.80915,0.231338,5221.72,0
5.35538,28.1846,2.42876,4.02709,0.399904,5262.86,0
5.36188,28.4101,2.30679,4.07581,0.531276,5298.54,0
5.3684,28.3484,2.78964,3.88193,0.438318,5280.6,0
5.37487,28.3545,3.14967,3.65081,0.407904,5275.38,0
5.38141,28.2879,3.4417,3.66765,0.328446,5256.6,0
5.38792,28.3176,3.23976,3.50646,0.321713,5255.76,0
5.39443,28.4371,3.02538,3.4195,0.379796,5271.57,0
5.40092,28.574,2.94146,3.48076,0.443368,5290.59,0
5.40742,28.6618,3.09583,3.32222,0.47536,5300.45,0
5.41393,28.2602,2.92457,3.41786,0.150634,5219.91,0
5.42044,28.2209,2.80046,3.47452,0.115258,5206.38,0
5.42696,28.3467,2.8894,3.6429,0.202944,5223.32,0
5.43346,28.4627,3.10538,3.43751,0.271713,5238.42,0
5.43999,28.2344,3.14069,3.52043,0.0922295,5190.16,0
5.44652,28.2273,3.06976,3.52655,0.0817461,5182.63,0
5.45303,28.4183,3.34713,3.46037,0.217918,5211.47,0
5.45952,28.6987,3.46796,3.53877,0.404196,5256.63,0
5.46601,28.7102,3.51796,3.61014,0.376003,5252.49,0
5.4725,28.502,3.4602,3.81112,0.199547,5208.22,0
5.47899,28.5683,3.51104,3.73507,0.237291,5214.14,0
5.48552,28.5846,3.63267,3.94728,0.235324,5210.93,0
5.492,28.5944,3.64626,3.76213,0.221669,5206.56,0
5.49854,28.9271,3.56976,3.56113,0.450666,5260.88,0
5.50507,28.9972,3.86665,3.27719,0.466139,5267.36,0
5.51161,28.9065,3.67866,3.39164,0.366695,5244.67,0
5.5181,28.9277,3.9541,3.43247,0.358575,5242.34,0
5.52459,28.8926,4.29924,3.15148,0.304433,5229.81,0
5.53113,28.8254,4.58157,2.96572,0.240116,5211.48,0
5.53767,28.8764,4.81334,2.92048,0.260825,5214.54,0
5.54417,29.2991,4.82955,3.08086,0.538998,5284.67,0
5.5507,29.4386,4.81661,3.14253,0.58289,5303.59,0
5.55722,29.3851,5.09037,3.51895,0.490225,5287.73,0
5.56374,29.3162,5.00164,3.20281,0.408815,5269.14,0
5.57028,29.0758,4.92535,3.1918,0.20998,5219.82,0
5.57679,29.0828,4.98459,3.21613,0.202695,5214.98,0
5.5833,29.1665,5.00809,3.11555,0.252688,5223.89,0
5.58981,29.0516,4.93439,3.10431,0.150625,5197.24,0
5.59637,29.268,5.16146,3.17577,0.300723,5229.82,0
5.60289,29.234,5.19304,3.0693,0.256829,5217.66,0
5.60939,29.3065,5.18715,2.99684,0.295603,5224.54,0
5.61591,29.5523,5.0594,3.00077,0.441813,5262.24,0
5.62236,29.522,4.97358,3.02388,0.381234,5250.81,0
5.62887,29.5795,4.93309,3.21313,0.396489,5254.97,0
5.63537,29.4646,4.93077,3.04805,0.287606,5228.51,0
5.64187,29.3741,5.01085,3.24321,0.203586,5206.44,0
5.64834,29.2869,5.20775,3.22034,0.128095,5185.05,0
5.65486,29.2817,5.50418,3.34088,0.118896,5178.15,0
5.66135,29.4483,5.733,3.37457,0.233075,5201.65,0
5.66782,29.9032,5.88059,3.0802,0.540791,5275.96,0
5.67433,29.7519,6.01086,3.19436,0.387012,5243.24,0
5.68086,29.8547,5.9363,3.20317,0.42651,5255.31,0
5.68733,29.963,5.91671,3.20184,0.465284,5268.37,0
5.69383,30.0658,6.05048,3.45568,0.50273,5280.42,0
5.70036,30.0264,6.03725,3.34633,0.427959,5267.45,0
5.70685,30.0167,6.30305,3.32538,0.378194,5259.77,0
5.71341,30.0612,6.3406,3.48648,0.372838,5261.52,0
5.71989,29.903,6.00226,3.59657,0.236077,5227.89,0
5.72639,29.9075,6.10762,3.98854,0.225984,5222.76,0
5.73287,30.0828,5.99229,4.2831,0.336444,5247.41,0
5.73935,29.8689,6.39164,4.37405,0.157161,5204.23,0
5.7459,30.035,6.41476,4.64162,0.268063,5227.21,0
5.75242,30.0733,6.50693,4.74966,0.276484,5227.94,0
5.75892,30.2682,6.56608,4.48443,0.393954,5255.88,0
5.76544,30.4477,6.45046,4.18625,0.486077,5281.07,0
5.77198,30.4721,6.32756,4.23723,0.462377,5279.3,0
5.77849,30.3584,6.50628,4.07024,0.337218,5253.69,0
5.78498,30.4032,6.42487,4.35783,0.338637,5255.54,0
5.79151,30.3443,6.27169,4.4277,0.273385,5239.43,0
5.79804,30.3088,6.35728,4.52395,0.228064,5227.41,0
5.80456,30.3734,6.36648,4.45242,0.256794,5232.67,0
5.81105,30.6382,6.35195,4.14981,0.420827,5272.4,0
5.81757,30.653,6.31218,4.14913,0.39792,5269.03,0
5.82408,30.6578,6.11291,4.53797,0.366307,5263.98,0
5.83057,30.4715,5.99661,4.47496,0.211364,5226.16,0
5.8371,30.5073,5.75069,4.5527,0.224742,5226.44,0
5.84362,30.5566,5.7122,4.3587,0.241573,5229.06,0
5.85014,30.6142,5.46224,4.39443,0.267224,5233.08,0
5.85669,30.5966,5.52864,4.42459,0.237424,5224.21,0
5.86318,30.7839,5.58062,4.34357,0.358065,5250.38,0
5.8697,30.5299,5.75066,4.50554,0.154214,5201.28,0
5.8762,30.7638,5.66494,4.73191,0.313095,5235.32,0
5.88271,30.5518,5.40502,4.95577,0.140391,5193.5,0
5.88926,30.5301,5.43938,4.8465,0.117373,5184.02,0
5.89576,30.5829,5.54924,4.97999,0.152831,5187.27,0
5.90228,30.5531,5.6889,5.14669,0.122704,5176.49,0
5.90886,30.5198,5.73314,5.21574,0.0950204,5165.1,0
5.9154,30.5584,5.66268,5.23251,0.120344,5165.91,0
5.92191,30.579,5.70622,4.95629,0.130493,5163.7,0
5.92843,30.5481,5.64806,4.89955,0.104373,5152.82,0
5.93495,30.675,5.7083,4.77548,0.193307,5168.53,0
5.94146,30.8188,5.76721,4.73129,0.286772,5187.08,0
5.94798,30.5988,5.70578,4.76017,0.104632,5144.4,0
5.95445,30.5471,5.69597,4.78491,0.063252,5130.13,0
5.961,30.6244,5.79877,4.72307,0.115668,5137.46,0
5.96753,30.5956,5.96758,4.65604,0.0899914,5127.01,0
5.97404,30.6275,6.04725,4.68354,0.10965,5126.76,0
5.98053,30.6487,5.94821,4.79266,0.11894,5124.75,0
5.98708,30.655,6.00873,4.9511,0.119014,5120.19,0
5.99361,30.5746,6.08252,5.07572,0.0571679,5101.21,0
6.00011,30.5215,6.06012,5.10793,0.0162091,5086.82,0
6.00662,30.5504,5.94015,5.09296,0.0368347,5086.13,0
6.01315,30.7182,6.03778,5.06971,0.15948,5108.51,0
6.01964,30.6543,6.10821,5.06029,0.104449,5092.38,0
6.02612,30.7646,6.05768,4.88503,0.175405,5105.21,0
6.03266,31.0049,6.14541,4.74091,0.339025,5139.5,0
6.03915,30.9079,6.36052,4.7513,0.243038,5117.92,0
6.04567,31.1302,6.1688,4.86535,0.383395,5149.17,0
6.05218,31.0504,6.37768,4.71733,0.294683,5130.46,0
6.05868,31.0175,6.35873,4.73648,0.245387,5119.52,0
6.06518,30.8968,6.79919,4.70924,0.14059,5094.13,0
6.07166,30.9253,6.91648,4.64169,0.154125,5093.39,0
6.07816,31.0839,6.89211,4.67288,0.261447,5114.03,0
6.08464,31.2201,6.68861,4.54806,0.339516,5130.96,0
6.09117,31.4303,6.94867,4.66322,0.467061,5159.99,0
6.09767,31.4056,6.91258,4.47282,0.414718,5150.42,0
6.10418,31.2648,7.04739,4.48791,0.278082,5121.86,0
6.11068,31.2888,7.08383,4.38357,0.275007,5120.35,0
6.11718,31.1671,7.16453,4.38118,0.163755,5095.01,0
6.12367,31.3146,7.23325,4.18263,0.260568,5113.7,0
6.13018,31.6646,7.09,4.35753,0.495368,5165.36,0
6.13668,32.0475,6.64196,4.61421,0.715562,5222.29,0
6.14321,32.2472,6.64774,4.78852,0.788795,5249.24,0
6.14968,32.0785,6.55527,4.92288,0.583932,5216.29,0
6.15618,31.9603,6.25176,4.99239,0.450391,5191.58,0
6.16269,32.1554,6.13432,5.10706,0.558391,5217.75,0
6.16924,32.2719,6.23179,4.97758,0.590203,5231.1,0
6.17573,32.1775,6.2249,5.31992,0.468915,5210.31,0
6.18227,32.1537,6.67185,5.46781,0.416299,5200.96,0
6.18882,31.9918,6.57179,5.5698,0.269719,5169.28,0
6.19532,32.3414,6.35159,5.49675,0.501321,5220.29,0
6.20181,32.4768,6.46345,5.64017,0.554413,5236.67,0
6.20835,32.5229,6.72173,5.6062,0.535172,5238.57,0
6.21488,32.4123,6.56776,5.76202,0.412709,5215.27,0
6.22139,32.4274,6.75856,5.73122,0.392567,5212.25,0
6.2279,32.6336,6.72733,5.48312,0.504604,5239.91,0
6.23439,32.8662,6.61394,5.5308,0.622056,5271.76,0
6.24093,33.2296,6.69803,5.74571,0.802714,5324.46,0
6.24743,33.1937,6.9941,5.85619,0.68763,5313.17,0
6.25395,33.1698,7.25964,6.0258,0.603332,5303.82,0
6.26043,33.0229,7.25559,5.88753,0.446698,5274.87,0
6.26692,33.1193,7.20891,6.01208,0.475356,5284.77,0
6.27342,32.9834,7.32922,6.07452,0.341943,5257.65,0
6.27995,33.2134,7.20445,6.43722,0.477568,5288.8,0
6.28649,33.4842,7.26655,6.42449,0.621838,5326.37,0
6.29301,33.6513,7.52547,6.25591,0.677376,5347.4,0
6.29954,33.9423,7.64489,6.26494,0.812632,5388.06,0
6.30603,33.7346,7.55929,6.42478,0.584157,5349.58,0
6.31253,33.81,7.84933,6.42873,0.582497,5356.02,0
6.31909,33.6883,7.82412,6.5224,0.447369,5331.2,0
6.32558,33.7863,7.78519,6.3657,0.477083,5341.22,0
6.33212,33.5347,7.70918,6.30951,0.260671,5295.97,0
6.33861,33.5594,7.75835,6.46581,0.261294,5294.44,0
6.3451,33.3342,7.79427,6.49349,0.0860939,5253.53,0
6.35164,33.257,7.84707,6.40703,0.0249053,5235.97,0
6.35813,33.3705,7.82421,6.39211,0.108143,5248.49,0
6.36465,33.462,7.85312,6.54047,0.17029,5257.48,0
6.37116,33.4498,7.72359,6.56424,0.152873,5250.19,0
6.37765,33.3783,7.74422,6.71442,0.0942314,5233.63,0
6.38415,33.4858,7.65718,6.61616,0.165451,5245.14,0
6.39066,33.5375,7.51276,6.57727,0.195383,5247.89,0
6.39717,33.3902,7.59875,6.26356,0.077066,5219.52,0
6.40366,33.4815,7.83745,6.09277,0.133184,5228.5,0
6.41019,33.7835,7.75173,6.02329,0.342975,5270.28,0
6.41671,34.2489,7.63324,6.0272,0.652538,5337.46,0
6.42322,34.3974,7.47312,6.55296,0.699439,5355.16,0
6.42973,34.5496,7.32301,6.64058,0.730596,5373.42,0
6.43622,34.4766,7.23525,6.57057,0.608919,5356.66,0
6.44275,34.3045,7.36482,6.71305,0.427967,5324.52,0
6.44928,34.5219,7.40256,6.63489,0.556276,5352.84,0
6.45576,34.402,7.37715,6.35593,0.42854,5328.89,0
6.46228,34.3039,7.30477,6.28008,0.320245,5308.33,0
6.46879,34.2971,7.16602,6.24226,0.28774,5301.94,0
6.47532,34.3719,7.15923,6.52003,0.322021,5308.13,0
6.48181,34.7234,7.14962,6.60231,0.547874,5357.05,0
6.48829,34.5977,6.93431,6.42068,0.416591,5332.32,0
6.49481,34.5679,6.90285,6.55786,0.364117,5322.39,0
6.50131,34.7146,6.99373,6.57268,0.439955,5339.63,0
6.50787,34.9274,6.96241,6.57067,0.562211,5366.94,0
6.51433,34.9673,7.09328,6.44219,0.534434,5367.74,0
6.52087,35.2206,7.13432,6.74096,0.662558,5401.21,0
6.52739,35.4453,6.99153,6.47483,0.75011,5430.25,0
6.5339,35.3633,6.92248,6.18059,0.622752,5412.28,0
6.54039,35.2237,6.71694,6.01924,0.470161,5385.56,0
6.54693,35.2448,6.51693,6.10196,0.4544,5383.4,0
6.55343,35.023,6.34029,5.65847,0.253105,5344.22,0
6.55993,35.3017,6.09576,5.66066,0.435187,5381.41,0
6.56643,35.496,6.24257,5.87824,0.535393,5405.68,0
6.57294,35.6599,6.41094,6.04851,0.601981,5425.27,0
6.57939,35.838,6.16152,6.08137,0.666844,5447.01,0
6.58586,35.8559,6.07405,6.04231,0.602577,5444.38,0
6.59236,35.7001,5.99655,6.05992,0.440452,5415.37,0
6.5989,35.4155,6.27556,6.13503,0.202896,5366.88,0
6.60539,35.5535,6.38596,6.25319,0.292874,5382.5,0
6.61189,35.5844,6.56709,6.16982,0.299817,5381.89,0
6.6184,36.0659,6.46192,6.62013,0.618725,5449.34,0
6.62491,36.3655,6.58422,6.28396,0.760125,5489.2,0
6.63145,36.1384,6.96462,6.23336,0.521727,5449.54,0
6.63794,35.9613,7.0905,6.14335,0.352153,5417.54,0
6.64446,35.9551,6.91409,6.16076,0.313747,5411.29,0
6.65096,36.5016,7.03891,5.97682,0.678605,5488.17,0
6.65744,36.6205,6.97917,5.87117,0.686724,5500.69,0
6.6639,36.653,6.77552,5.92073,0.641746,5500.24,0
6.67042,36.7173,6.44401,5.90974,0.617344,5504.49,0
6.67691,36.3586,6.55134,5.93063,0.302741,5445.43,0
6.68344,36.4945,6.68016,6.17023,0.378924,5460.43,0
6.68998,36.317,6.52078,6.1853,0.223606,5428.56,0
6.69649,36.1826,6.57893,5.91828,0.114632,5403.21,0
6.70303,36.3456,6.56351,5.74312,0.226231,5422.27,0
6.7095,36.379,6.60516,5.80504,0.238258,5422.01,0
6.71604,36.3225,6.71341,5.87791,0.180987,5408.32,0
6.72257,36.6366,6.86161,5.80983,0.395206,5449.79,0
6.72911,36.8303,6.73924,6.15882,0.501134,5473.28,0
6.73559,36.6241,6.83812,6.15738,0.311282,5437.4,0
6.74209,36.7031,7.12597,6.18163,0.344451,5443.87,0
6.74861,36.46,7.09399,6.28476,0.146673,5402.58,0
6.75513,36.5458,7.1298,6.32857,0.202481,5410.09,0
6.76164,36.5713,7.22064,6.19432,0.209474,5408.64,0
6.7681,36.7436,6.81991,6.29038,0.323224,5428.94,0
6.77462,36.6572,6.86202,6.01841,0.241875,5410.96,0
6.78112,36.9428,7.12707,6.05434,0.428873,5447.89,0
6.78764,36.9977,7.14756,6.09416,0.432535,5450.75,0
6.79414,37.3101,7.08529,6.01425,0.61478,5491.5,0
6.80068,37.116,6.92016,6.11522,0.418318,5457.7,0
6.80721,37.0328,7.06849,6.04609,0.325047,5440.23,0
6.81372,37.2274,7.02952,6.32599,0.436596,5463.6,0
6.82022,37.3577,7.03953,6.09248,0.497094,5477.5,0
6.82674,37.5676,6.97428,6.1549,0.606947,5503.01,0
6.83323,37.7171,7.10551,6.32901,0.659604,5519.66,0
6.83977,37.5141,6.77063,6.30493,0.453333,5484.69,0
6.8463,37.9052,6.88111,6.53052,0.685011,5536.6,0
6.85277,37.9858,6.494,6.44529,0.681112,5543.13,0
6.85925,38.109,6.47009,6.52681,0.697501,5555.86,0
6.86576,38.104,6.51614,6.54929,0.61925,5549.86,0
6.87232,38.262,6.88886,6.44829,0.669527,5567.55,0
6.87886,38.4195,6.72882,6.63745,0.705859,5585.15,0
6.88534,38.2488,6.69476,6.47937,0.507484,5555.11,0
6.89184,38.2607,6.93382,6.79459,0.469684,5551.59,0
6.89838,38.0802,6.93568,6.81613,0.30387,5520.16,0
6.90488,38.06,7.10096,6.57745,0.265158,5512.04,0
6.91142,38.2879,7.16884,6.80575,0.416033,5539.8,0
6.91793,38.607,7.11924,6.79151,0.607137,5580.71,0
6.92445,38.8529,7.43535,6.9365,0.721861,5610.97,0
6.93095,38.8689,7.60092,6.83351,0.660212,5608.02,0
6.93744,39.2654,7.67424,6.72518,0.864247,5659.92,0
6.94395,39.3042,7.99587,6.3961,0.801585,5660.21,0
6.95041,39.3132,8.03849,6.826,0.723223,5656.25,0
6.95691,39.4156,7.96913,6.73194,0.718576,5665.68,0
6.96344,39.2105,7.88135,6.99111,0.490372,5630.91,0
6.96993,39.0951,7.69545,6.57892,0.367698,5609.11,0
6.97641,39.3292,7.54582,6.68861,0.500113,5637.46,0
6.98293,39.5182,7.57682,6.60453,0.582013,5659.26,0
6.98933,39.6272,7.6894,6.65633,0.596318,5669.67,0
6.99578,39.4374,7.75684,6.72724,0.401791,5637.31,0
7.00232,39.237,7.66268,6.52437,0.228365,5603.42,0
7.00882,39.3369,7.75665,6.7342,0.282812,5612.48,0
7.01532,39.3464,7.60392,6.56903,0.274417,5608.64,0
7.02181,39.4439,7.45011,6.3733,0.326266,5617.35,0
7.02833,39.4356,7.8124,5.90429,0.298564,5610.95,0
7.03485,39.5144,7.82473,5.8363,0.335436,5616.95,0
7.04136,39.4652,7.94292,5.85434,0.280703,5604.77,0
7.04791,39.5138,7.99671,5.6095,0.293018,5606.45,0
7.05445,39.5706,8.27043,5.58603,0.316735,5609.32,0
7.06095,39.5352,8.23054,5.51097,0.267427,5599.13,0
7.06749,39.5769,8.10646,5.389,0.277711,5599.85,0
7.07401,39.789,8.11999,5.31912,0.409802,5624.67,0
7.08054,40.1288,8.10532,5.42278,0.608712,5667.47,0
7.08705,40.0335,8.01758,5.8333,0.469857,5648.83,0
7.09354,39.9142,8.15066,6.09828,0.344276,5626.84,0
7.10011,39.9623,8.22076,6.20707,0.347292,5628.4,0
7.10663,40.1863,8.34417,6.33294,0.483214,5654.77,0
7.1131,40.1074,8.30577,6.20888,0.37243,5638.53,0
7.11964,40.1552,8.54674,6.11981,0.375482,5640.06,0
7.12615,40.3139,8.62261,6.10593,0.462041,5657.18,0
7.13261,40.3067,8.49989,6.33789,0.418938,5651.04,0
7.13913,40.4677,8.48868,6.40488,0.496828,5668.43,0
7.14565,40.5166,8.63618,6.36673,0.491956,5670.11,0
7.15217,40.7302,8.51331,6.19561,0.594116,5694.8,0
7.15868,41.098,8.48607,5.99966,0.783589,5741,0
7.16519,41.2671,8.54631,6.14297,0.821875,5759.39,0
7.17167,41.373,8.30177,5.78979,0.804355,5768.95,0
7.17819,41.2471,8.41222,5.82519,0.632491,5746.18,0
7.1847,40.971,8.85199,5.78106,0.378426,5702.54,0
7.1912,40.7504,8.86743,5.62142,0.198665,5666.7,0
7.1977,40.8714,8.72413,5.51807,0.278811,5678.39,0
7.20424,40.9997,8.70319,5.46882,0.35138,5691.06,0
7.21071,40.9436,8.82157,5.54727,0.29085,5678.17,0
7.21719,41.098,8.9454,5.637,0.385943,5694.46,0
7.22368,41.3481,8.83076,5.56772,0.533816,5723.97,0
7.23016,41.333,8.72166,5.14976,0.481404,5716.74,0
7.23665,41.1997,8.74501,5.27926,0.332811,5693.19,0
7.24316,41.1586,8.74733,5.13186,0.273329,5682.41,0
7.24968,41.48,8.6538,5.34568,0.476881,5721.63,0
7.2562,41.494,8.74036,5.43318,0.450926,5718.42,0
7.26268,41.641,8.7515,5.29308,0.519591,5733.56,0
7.26919,41.5963,8.47064,5.39446,0.445702,5722.28,0
7.27569,41.5527,8.49744,5.51345,0.379517,5711.17,0
7.2822,41.5393,8.71379,5.77754,0.339816,5704.22,0
7.28869,41.791,8.65919,5.66416,0.4991,5733.68,0
7.29521,41.7128,8.88461,5.69417,0.401672,5717.83,0
7.30173,41.5976,8.98967,5.40917,0.282177,5696.94,0
7.30823,41.6453,9.00111,5.39402,0.292414,5698.42,0
7.31473,41.7029,9.15831,5.29818,0.314503,5701.22,0
7.32122,41.7511,9.22458,5.15916,0.319639,5702.75,0
7.32778,41.6431,9.08815,4.98976,0.222157,5682.91,0
7.33427,41.6799,8.98821,4.88233,0.237773,5682.9,0
7.34078,41.5637,9.08903,4.71041,0.137749,5662.03,0
7.34726,41.5498,9.06536,4.80838,0.121152,5655.14,0
7.35375,41.7213,8.93538,4.70373,0.240993,5673.47,0
7.36028,41.5225,9.05322,4.62031,0.0827114,5641.43,0
7.3668,41.5656,8.98643,4.65053,0.108555,5642.29,0
7.37332,41.5404,8.99962,4.64272,0.086477,5633.88,0
7.37985,41.4549,9.18351,4.60403,0.0192899,5617.3,0
7.38635,41.5854,9.1198,4.71125,0.115525,5630.03,0
7.39282,41.8307,9.29899,4.36399,0.288264,5658.28,0
7.39936,41.8328,9.37765,4.53118,0.270119,5653.57,0
7.40585,41.8324,9.52745,4.67196,0.249725,5648.56,0
7.4124,42.0857,9.57517,4.40298,0.412549,5677.73,0
7.41888,41.9395,9.45694,3.81129,0.280981,5653.08,0
7.42539,41.8499,9.48191,3.96371,0.196315,5636.06,0
7.4319,42.0461,9.58667,3.91848,0.327484,5657.51,0
7.43841,42.1338,10.0003,3.71682,0.366823,5664.36,0
7.44496,42.1412,9.82687,3.74609,0.34607,5660.37,0
7.4515,42.1644,9.82424,3.47389,0.341592,5658.51,0
7.45802,41.9495,9.88339,3.36849,0.163732,5624.75,0
7.46453,41.9653,9.84441,3.26548,0.168986,5621.96,0
7.47102,42.0721,9.90499,3.22485,0.239353,5631.38,0
7.47756,42.3637,9.98532,3.0653,0.437107,5665.44,0
7.48405,42.5395,9.92075,3.00798,0.532473,5684.03,0
7.49058,42.4009,9.8211,2.73878,0.382644,5660.57,0
7.49706,42.5275,9.83146,2.67251,0.445614,5672.56,0
7.50351,42.4828,9.90598,2.70754,0.378272,5661.73,0
7.51003,42.5846,9.75872,2.7034,0.432248,5670.36,0
7.51655,42.6865,9.74269,2.77097,0.466721,5679,0
7.52312,42.4974,9.5959,2.82173,0.287369,5648.91,0
7.52959,42.7451,9.73367,2.71445,0.437459,5676.96,0
7.53611,42.6964,9.46311,2.77992,0.363029,5665.57,0
7.54263,42.9532,9.14952,2.74503,0.52421,5694.72,0
7.54917,42.6327,8.98225,2.1232,0.249108,5647.34,0
7.55564,42.8145,8.97731,2.07187,0.365286,5666.56,0
7.56217,42.8492,9.06313,2.03134,0.369355,5666.26,0
7.56865,42.8323,9.1899,2.09678,0.328873,5659.17,0
7.57513,42.9245,9.3102,2.18637,0.372731,5666.51,0
7.58167,42.9604,9.40019,2.1695,0.374242,5666.35,0
7.58817,43.3667,9.67463,2.24313,0.631852,5715.05,0
7.5947,43.1235,9.53479,2.56881,0.397968,5678.11,0
7.60125,43.1881,9.66245,2.34106,0.410658,5681.7,0
7.60773,43.0674,9.52603,2.50304,0.290506,5661,0
7.61422,43.1412,9.43354,2.54957,0.320713,5665.87,0
7.62073,43.2034,9.59581,2.50096,0.343223,5669.19,0
7.62724,43.0042,9.26295,2.27219,0.178086,5638.24,0
7.63375,43.0831,9.49749,2.28201,0.223614,5643.76,0
7.64022,43.0937,9.42375,2.54553,0.220431,5640.37,0
7.64671,43.1978,9.52225,2.43686,0.282567,5649.2,0
7.65319,43.0508,9.42199,2.27038,0.158925,5625.21,0
7.65966,43.0552,9.45284,2.30408,0.154209,5621.04,0
7.66621,43.1286,9.59254,2.48146,0.195326,5625.81,0
7.6727,43.0597,9.59583,2.31727,0.131535,5612.06,0
7.67922,43.1139,9.61538,2.4541,0.164342,5614.35,0
7.68574,43.1004,9.58677,2.50398,0.145074,5607.84,0
7.69224,42.9434,9.62785,2.83587,0.020199,5582.7,0
7.69874,42.9528,9.72137,2.82019,0.0268414,5579.2,0
7.70526,42.9967,9.67403,2.74052,0.0590536,5580.17,0
7.7118,43.3024,9.64034,2.80083,0.279385,5615.08,0
7.7183,43.5111,9.40288,2.55202,0.407573,5637.39,0
7.72482,43.5492,9.6144,2.57594,0.399491,5637.57,0
7.73132,43.7656,9.69359,2.73083,0.522464,5660.82,0
7.7378,43.7708,9.84518,2.90772,0.475452,5656.75,0
7.74431,43.7927,9.89773,2.77265,0.456119,5654.83,0
7.75084,44.0161,10.0117,2.69487,0.570899,5678.88,0
7.75735,43.7855,9.63083,2.593,0.362694,5644.38,0
7.76387,43.9246,10.0613,2.5706,0.432828,5657.56,0
7.77036,44.0823,10.2218,2.51068,0.512298,5673.14,0
7.77686,43.8158,10.1553,2.34965,0.280586,5634.12,0
7.78338,43.9991,10.1602,2.40127,0.390417,5652.95,0
7.78989,44.0736,9.93876,2.49879,0.410938,5657.8,0
7.79641,44.0805,10.0489,2.73882,0.377962,5653.94,0
7.80291,43.9995,10.1673,2.84891,0.29453,5638.86,0
7.80939,43.969,10.0704,2.89418,0.253321,5630.27,0
7.8159,44.1386,9.94453,3.02725,0.3557,5647.28,0
7.82243,43.9726,10.0467,2.99572,0.207681,5621.35,0
7.82893,43.8798,10.0739,2.8268,0.12786,5604.83,0
7.83541,43.7501,10.1094,2.84978,0.0291974,5583.64,0
7.84191,43.8897,10.2546,2.95133,0.130834,5596.81,0
7.84843,44.0156,10.1425,2.68359,0.217327,5608.21,0
7.85496,43.9966,9.93515,2.77344,0.193061,5601.12,0
7.8615,44.1244,9.67758,2.45921,0.267795,5612.72,0
7.86801,44.2068,9.75928,2.35884,0.303175,5618.55,0
7.87448,44.2855,9.88483,2.41618,0.341434,5623.93,0
7.88101,44.4661,9.98468,1.9433,0.440284,5642.18,0
7.88753,44.5229,10.0396,1.88641,0.44472,5644.72,0
7.89404,44.5553,9.63734,1.72569,0.430033,5644.17,0
7.9006,44.6201,10.089,2.09701,0.450836,5647.68,0
7.90711,45.1006,9.91815,2.23115,0.749657,5703.81,0
7.91363,45.1449,9.94441,2.16997,0.697331,5704.71,0
7.92019,45.3571,10.2649,2.10023,0.773435,5726.77,0
7.9267,45.6147,9.99958,2.05077,0.857717,5754.57,0
7.9332,45.8283,9.99018,2.13263,0.912148,5776.78,0
7.9397,45.8777,10.001,2.21097,0.851457,5778.27,0
7.94619,45.7668,9.86875,2.44066,0.686061,5759.6,0
7.95265,45.9058,9.82481,2.73741,0.720363,5772.39,0
7.95916,46.1509,9.53894,2.58091,0.811242,5798.46,0
7.96563,46.3171,9.60431,2.33789,0.834653,5814.62,0
7.97213,46.1146,9.60233,2.32753,0.598201,5784.47,0
7.97867,46.5145,9.84453,2.6567,0.829138,5829.85,0
7.98514,46.3914,9.83281,2.61328,0.66324,5809.72,0
7.99165,46.4234,9.52434,2.67927,0.62532,5808.99,0
7.99816,46.4856,9.28007,2.57712,0.616935,5812.03,0
8.00467,46.4815,9.27919,2.69836,0.55746,5806.8,0
8.01113,46.3691,9.21302,2.56991,0.431595,5788.08,0
8.01761,46.2874,8.95394,2.60641,0.335911,5773.22,0
8.0241,46.6556,8.86254,2.62878,0.567537,5814.43,0
8.03059,46.4694,8.50342,2.33178,0.390786,5786.55,0
8.03711,46.4158,8.49431,2.08627,0.326463,5775.19,0
8.04357,46.4651,8.7963,2.26112,0.332049,5776.68,0
8.05006,46.561,8.74127,2.4478,0.371106,5783.94,0
8.05655,46.4318,8.71524,2.39535,0.246841,5763.24,0
8.06311,46.4545,8.58524,2.30132,0.248304,5761.37,0
8.06966,46.268,8.59161,2.38106,0.102125,5733.57,0
8.07613,46.4216,8.50507,2.54418,0.208776,5748,0
8.0827,46.4912,8.41012,2.55297,0.246735,5751.94,0
8.08921,46.5292,8.35425,2.73767,0.246515,5752.01,0
8.09571,46.6428,8.16742,2.77357,0.308176,5761.42,0
8.10218,46.8544,8.15975,3.01065,0.436003,5782.93,0
8.10864,46.7992,7.91975,2.97207,0.357996,5771.52,0
8.11514,46.9916,7.88389,2.93963,0.456013,5790.61,0
8.12165,47.3078,7.54893,2.87788,0.631913,5824.9,0
8.12816,47.5308,7.07634,2.54283,0.71997,5847.67,0
8.1347,47.7138,6.92111,2.4168,0.773297,5865.46,0
8.14122,47.926,6.82906,2.40427,0.838206,5886.83,0
8.1477,47.7422,6.84406,2.36736,0.626716,5859.59,0
8.15419,47.6393,6.88015,2.50961,0.492739,5842.3,0
8.1607,47.3882,6.82014,2.62673,0.274322,5806.88,0
8.16721,47.4537,6.75709,2.62594,0.303559,5810.27,0
8.17369,47.4337,6.51248,2.81024,0.267837,5803.22,0
8.18019,47.8167,6.63544,2.7856,0.522487,5845.43,0
8.18672,47.6005,6.58177,2.9166,0.321112,5814.35,0
8.19323,47.5498,6.52243,2.82763,0.263496,5803.54,0
8.19974,47.6283,6.53651,2.4028,0.302065,5808.52,0
8.20625,47.6914,6.67801,2.14807,0.324211,5811.59,0
8.21278,47.7401,6.76163,2.35936,0.336018,5812.9,0
8.21927,47.8658,7.06491,2.04916,0.399659,5823.6,0
8.2258,47.8943,7.26497,2.15016,0.392319,5822.46,0
8.23228,47.7519,7.23463,2.1095,0.267019,5800.57,0
8.23876,47.7261,7.08527,2.19226,0.231922,5792.88,0
8.2453,47.8915,7.39316,2.22936,0.330225,5808.33,0
8.25181,47.8927,7.56274,2.38132,0.299375,5803.9,0
8.25837,47.6957,7.31969,2.296,0.140721,5775.44,0
8.26487,47.7075,7.32154,2.34963,0.142915,5772.32,0
8.27136,47.6996,7.35916,2.33297,0.127935,5766.84,0
8.27785,47.7975,7.24251,2.50485,0.188965,5774.14,0
8.28431,47.8321,7.36751,2.4257,0.206799,5773.81,0
8.29081,48.1111,7.5999,2.2665,0.394193,5802.95,0
8.29733,48.1476,7.75594,2.39259,0.389298,5802.77,0
8.30388,48.1538,7.63469,1.94548,0.356127,5798.96,0
8.31039,48.1643,7.74089,1.9862,0.340823,5795.67,0
8.31696,48.121,7.52553,1.71413,0.283298,5785.89,0
8.32346,48.0233,7.45005,1.86627,0.194,5769.64,0
8.3299,47.9979,7.41277,1.48719,0.162868,5762.12,0
8.33642,48.1344,7.26392,1.53805,0.253358,5773.99,0
8.34292,47.8318,7.17114,1.51052,0.022466,5733.22,0
8.3494,48.0087,7.19135,1.62605,0.147732,5749.95,0
8.35591,48.054,7.12694,1.60849,0.17515,5750.89,0
8.36243,48.2923,6.9651,1.72946,0.337316,5774.91,0
8.36892,48.579,7.05817,2.12034,0.518881,5804.69,0
8.37539,49.1768,6.73313,2.17489,0.888406,5871.59,0
8.38189,49.546,6.76273,2.25829,1.04623,5911.08,0
8.38843,49.4313,6.7646,2.59464,0.839318,5892.8,0
8.39496,49.552,6.8203,2.6771,0.833208,5902.59,0
8.40145,49.4693,6.65059,2.85875,0.684381,5888.19,0
8.40798,49.473,6.73133,2.90367,0.625497,5884.06,0
8.41448,49.3243,6.34516,2.87627,0.4645,5861.84,0
8.42101,49.1854,6.30317,2.92441,0.325284,5840.8,0
8.42753,49.3642,6.21974,2.69401,0.424178,5857.49,0
8.43404,49.6371,6.23128,2.75908,0.578075,5885.33,0
8.44046,49.7582,6.46091,2.76165,0.61999,5895.2,0
8.44694,49.6783,6.62753,3.04472,0.501282,5881.22,0
8.45343,49.6844,6.35897,3.20439,0.468639,5877.42,0
8.45995,49.8727,6.38872,3.10319,0.564867,5895.16,0
8.46649,49.9898,6.70246,2.67431,0.594687,5904.43,0
8.47301,49.7954,6.49169,2.72889,0.404838,5876.94,0
8.47953,49.7054,6.41623,2.6949,0.298322,5861.81,0
8.486,49.6519,6.63092,2.44835,0.239928,5851.03,0
8.49241,49.5594,6.69211,2.54944,0.1569,5835.73,0
8.49889,49.8704,6.53187,2.59381,0.373928,5867.88,0
8.50536,49.9975,6.48653,2.66317,0.437745,5878.35,0
8.51186,49.863,6.47488,2.82873,0.306749,5858.06,0
8.51836,50.2811,6.46028,2.90495,0.579576,5902.67,0
8.52489,50.1691,6.21593,2.56395,0.452054,5885.02,0
8.53141,50.3033,6.19404,2.45463,0.513523,5896.25,0
8.53794,50.3262,5.93153,2.43572,0.488908,5894.42,0
8.54442,50.0985,6.26963,2.44386,0.289003,5863.3,0
8.55095,50.1249,5.93048,2.61576,0.287697,5861.92,0
8.55746,50.3521,6.07372,2.43045,0.42646,5884,0
8.56396,50.1068,5.92516,2.67193,0.217522,5850.89,0
8.57046,50.1698,5.97606,2.72032,0.249526,5853.8,0
8.577,50.3673,5.8312,2.9096,0.375715,5872.37,0
8.58351,50.4469,5.73607,2.73297,0.402417,5877.2,0
8.59003,50.4219,5.80988,3.09139,0.348507,5869.81,0
8.59652,50.2907,6.11587,3.18283,0.226545,5850.12,0
8.60302,50.1559,6.06151,3.39948,0.114718,5830.04,0
8.60951,50.4553,5.98914,3.27688,0.327287,5860.42,0
8.61601,50.1434,5.90247,3.15364,0.0848011,5819.79,0
8.62255,50.1917,5.93738,3.17833,0.11656,5820.98,0
8.62908,50.5017,5.87535,3.10246,0.332716,5852.5,0
8.63559,50.4604,5.657,3.23479,0.282831,5843.31,0
8.6421,50.4645,5.63798,3.08643,0.266916,5839.38,0
8.64864,50.4765,5.8087,2.8825,0.259221,5836.34,0
8.65516,50.794,6.09155,3.14414,0.472969,5868.64,0
8.66172,50.8245,6.46501,3.35654,0.454451,5867.71,0
8.66821,50.7095,6.67549,3.12731,0.335188,5850.06,0
8.67475,50.5818,6.93825,3.40291,0.224055,5830.92,0
8.68128,50.6019,6.96333,3.34189,0.226215,5828.86,0
8.68776,50.5075,7.05667,3.27363,0.141116,5813.64,0
8.69425,50.4004,6.927,3.11822,0.0560291,5796.98,0
8.70079,50.4244,7.07647,2.96286,0.0704315,5795.38,0
8.70725,50.4842,7.18446,2.76542,0.111695,5797.95,0
8.71376,50.4424,7.35471,2.74498,0.0729166,5788.82,0
8.7203,50.5414,7.38272,2.57895,0.140413,5795.84,0
8.7268,50.8103,7.25252,2.86068,0.330516,5822.32,0
8.73331,50.986,7.2072,3.08012,0.436489,5838.1,0
8.73981,50.8096,7.19961,3.58185,0.279489,5813.58,0
8.74634,50.7676,7.22459,3.5904,0.229629,5804.44,0
8.75286,50.9608,7.38515,3.86416,0.359234,5822.19,0
8.75933,50.711,7.38911,3.83166,0.155346,5789.37,0
8.76583,50.6665,7.35857,3.90669,0.118163,5780.01,0
8.77229,50.8177,7.40362,4.0816,0.220949,5792.98,0
8.77875,50.8412,7.41042,3.83056,0.228997,5791.4,0
8.78528,50.9062,7.35204,4.14634,0.260403,5794.49,0
8.79181,50.9912,7.45881,4.20315,0.300273,5799.86,0
8.79833,50.9764,7.41984,4.11351,0.268079,5793.87,0
8.80485,50.8672,7.32591,4.12005,0.167595,5777.18,0
8.81138,50.7183,7.26169,3.9909,0.0501418,5756,0
8.81786,50.9163,7.27892,4.1257,0.193155,5774.22,0
8.82443,51.1693,7.39598,4.38848,0.367573,5798.59,0
8.83093,51.0642,7.27572,4.57167,0.262913,5782.43,0
8.83744,51.346,7.22885,4.53014,0.451655,5810.05,0
8.84394,51.3597,7.0989,4.49239,0.430803,5807.34,0
8.85043,51.5875,7.02159,4.4126,0.552417,5828.81,0
8.85695,51.5777,7.17485,4.75626,0.49534,5823.41,0
8.86348,51.6659,7.01164,4.74065,0.5163,5829.07,0
8.87002,51.847,7.10819,4.86291,0.60628,5845.2,0
8.87652,51.7033,7.04045,4.95084,0.456815,5824.72,0
8.88304,51.7099,6.81372,4.98356,0.420723,5821.19,0
8.88955,51.4965,6.89726,5.0903,0.24251,5792.92,0
8.89607,51.5555,7.07682,5.15327,0.270345,5795.31,0
8.90257,51.7744,6.86959,5.16377,0.408338,5815.67,0
8.90906,51.7028,6.79004,5.01884,0.327911,5803.39,0
8.91558,51.889,6.55406,4.80206,0.440809,5820.04,0
8.92206,51.8471,6.49354,5.03487,0.365578,5811.11,0
8.92859,51.9909,6.57541,4.68716,0.436609,5822.97,0
8.93509,51.9972,6.35932,4.56427,0.407652,5819.44,0
8.94161,52.2122,6.40376,4.81582,0.529157,5839.24,0
8.94816,52.1547,6.29367,4.77461,0.440942,5828.54,0
8.9547,52.2274,6.34963,4.69107,0.453688,5832.4,0
8.9612,52.1519,6.49007,4.62184,0.36161,5819.74,0
8.96774,52.0967,6.36964,4.53496,0.295448,5809.34,0
8.97429,52.2099,6.67314,4.57365,0.355289,5817.72,0
8.98079,52.1978,6.20896,4.64896,0.317607,5812.16,0
8.98729,52.3517,5.91578,4.43422,0.407769,5825.08,0
8.99381,52.1666,5.99558,4.39122,0.238488,5800.28,0
9.00035,52.437,5.96076,4.28,0.412461,5826.11,0
9.00684,52.7744,6.26115,4.07937,0.607011,5859.37,0
9.0133,52.9006,6.09836,4.15465,0.637404,5869.17,0
9.01982,52.4981,5.93549,3.79375,0.297746,5820.3,0
9.02633,52.4878,6.22631,3.51127,0.271814,5814.97,0
9.03284,52.676,6.18034,3.33347,0.391558,5831.61,0
9.03931,52.7413,6.11687,3.17593,0.412007,5834.66,0
9.04581,52.9608,6.23866,3.1132,0.533761,5854.74,0
9.05229,53.0233,6.16892,3.13123,0.529945,5857.45,0
9.05876,53.232,5.71297,3.0605,0.627351,5876.31,0
9.06527,53.2754,5.65396,3.22492,0.597033,5876.87,0
9.0718,53.1738,5.63402,2.82437,0.465015,5861.44,0
9.07834,53.0107,5.73044,2.84247,0.307664,5839.25,0
9.08485,53.047,5.63975,2.6602,0.317923,5839.06,0
9.09132,53.0513,5.84567,2.69792,0.3012,5835.38,0
9.09782,53.4073,5.83523,2.57302,0.530803,5870.35,0
9.10434,53.5067,6.02076,2.30379,0.554316,5877.06,0
9.11093,53.6612,6.1261,2.16158,0.603838,5889.76,0
9.11746,53.8499,6.23256,2.26259,0.671319,5906.23,0
9.12398,53.6773,6.35028,1.92641,0.486186,5883.1,0
9.13051,53.8468,6.25888,2.03304,0.562799,5897.45,0
9.13705,53.715,5.98307,2.08704,0.410063,5878.82,0
9.14358,53.6042,6.09724,2.08364,0.294566,5862.5,0
9.15009,53.6804,6.18686,2.11075,0.328077,5866.65,0
9.15659,53.8382,6.50211,2.19537,0.414341,5879.72,0
9.16306,53.7258,6.50942,2.28032,0.309664,5863.31,0
9.16959,53.491,6.19883,2.31703,0.121525,5833.53,0
9.17606,53.4692,6.2506,2.44266,0.102681,5827.03,0
9.18252,53.505,6.17325,2.27849,0.125034,5826.83,0
9.18899,53.5755,6.30743,2.15969,0.169125,5830.4,0
9.19551,53.7795,6.20603,2.00505,0.309182,5848.45,0
9.20197,53.9882,6.38114,2.07576,0.432481,5867.03,0
9.20856,54.2037,6.43608,2.15985,0.552326,5886.23,0
9.21508,54.3263,6.50241,2.45351,0.588662,5895.37,0
9.22153,54.2535,6.44858,2.58658,0.488275,5883.35,0
9.22802,54.3855,6.60239,2.58559,0.522322,5893.52,0
9.23451,54.3603,6.47682,2.35283,0.463853,5886.65,0
9.24101,54.2797,6.63398,2.64434,0.371515,5873.78,0
9.2475,54.4232,6.47777,2.79423,0.446662,5885.17,0
9.254,54.2171,6.45843,2.49173,0.267744,5858.77,0
9.26049,54.16,6.35486,2.21144,0.212135,5848.5,0
9.26703,54.2195,6.29887,2.0343,0.246429,5850.79,0
9.27352,54.1364,6.35478,1.91742,0.169217,5837.74,0
9.28003,54.0672,6.39411,2.00338,0.111944,5826.19,0
9.28655,54.0944,6.27726,1.91538,0.126357,5825.02,0
9.29308,54.2793,6.32589,1.82851,0.255525,5840.83,0
9.29963,54.2453,6.54954,1.98813,0.217543,5833.06,0
9.30615,54.2294,6.61684,1.65829,0.187047,5827.26,0
9.31263,54.1526,6.49971,1.67746,0.124198,5814.96,0
9.31916,54.3165,6.59048,1.79552,0.239461,5828.47,0
9.32567,54.2956,6.50694,1.84352,0.213279,5822.17,0
9.33217,54.3022,6.33916,1.75845,0.202758,5818.82,0
9.33871,54.2386,6.44519,1.84204,0.149447,5807.93,0
9.34521,54.1643,6.2693,1.95554,0.0864453,5795.94,0
9.35171,54.0535,6.20669,2.05453,0.00266779,5780.07,0
9.35823,54.1882,6.24253,2.09196,0.0999388,5790.43,0
9.36474,54.2585,6.00835,2.06861,0.144703,5793.91,0
9.37124,54.3665,6.07296,2.11153,0.215549,5801.42,0
9.37777,54.5417,6.27962,1.90229,0.326385,5816.06,0
9.38424,54.3835,6.34315,1.68848,0.192094,5795.2,0
9.39076,54.2063,6.22187,1.58027,0.0527191,5772.3,0
9.3973,54.197,6.22198,1.56265,0.044713,5767.29,0
9.4038,54.6132,6.22881,1.549,0.346611,5807.57,0
9.41028,54.7123,6.51648,1.42582,0.389461,5814.1,0
9.41681,55.053,6.45625,1.36689,0.598577,5846.25,0
9.42333,55.3435,6.61722,1.08832,0.751297,5873.04,0
9.42983,55.5936,6.55495,1.13389,0.840814,5895.51,0
9.43631,55.5797,6.18976,1.17648,0.733939,5889.98,0
9.44279,55.6552,6.13479,1.05327,0.704141,5893.94,0
9.44935,55.67,6.23573,0.819698,0.63937,5891.42,0
9.45583,55.7048,5.79484,0.751924,0.607572,5891.05,0
9.46229,55.6428,5.8068,1.05742,0.506312,5880.48,0
9.46883,55.6137,5.71108,1.3562,0.446083,5873.34,0
9.47534,55.5761,5.82151,1.38177,0.385634,5865.34,0
9.48185,55.8253,5.63712,1.33816,0.536332,5887.59,0
9.48836,55.8169,5.62163,1.20264,0.480701,5882.67,0
9.49488,55.6805,5.70784,1.23541,0.341749,5864.27,0
9.50135,55.6716,5.64329,1.14357,0.308935,5859.33,0
9.50788,55.6504,5.84689,1.22256,0.274399,5853.08,0
9.51439,55.4813,5.9078,1.40461,0.138565,5831.3,0
9.52091,55.484,5.82508,1.63077,0.131696,5827.6,0
9.52739,55.5575,5.86587,1.39261,0.178411,5831.35,0
9.53389,55.4503,5.84488,1.42251,0.0928622,5816.12,0
9.54043,55.5317,5.81128,1.63357,0.150338,5820.67,0
9.54689,55.8382,5.69959,1.33204,0.36103,5848.83,0
9.5534,55.7624,5.77117,1.34551,0.282321,5836.92,0
9.55992,55.7874,5.95332,1.32277,0.279868,5835.55,0
9.56645,55.9172,5.75129,1.21308,0.352059,5845.13,0
9.5729,55.8484,5.70944,1.27759,0.273279,5834.02,0
9.57939,55.8094,5.72486,1.46204,0.222424,5825.98,0
9.58588,55.985,6.01181,1.51352,0.33293,5840.37,0
9.59236,56.088,5.83395,1.82335,0.374469,5847.15,0
9.59887,56.2259,5.83302,1.80148,0.447045,5857.55,0
9.60536,56.0759,5.9621,2.18172,0.305765,5837.98,0
9.61182,56.2016,5.90469,2.27059,0.371262,5847.14,0
9.61829,56.5411,5.67547,2.17804,0.577344,5878.5,0
9.62477,56.6088,5.44411,2.09175,0.577451,5881.57,0
9.63129,56.635,5.53549,2.02678,0.555111,5880.31,0
9.63778,56.3422,5.23092,1.98892,0.298128,5845.98,0
9.64428,56.5465,5.33769,2.21543,0.419934,5863.22,0
9.65079,56.4472,5.49087,2.257,0.311865,5848.98,0
9.65728,56.5076,5.4669,2.12631,0.334726,5851.3,0
9.66382,56.7151,5.51619,1.99388,0.462713,5868.8,0
9.67033,56.5858,5.91201,2.01308,0.330366,5851.48,0
9.67682,56.4426,6.03205,1.67392,0.207322,5832.76,0
9.68331,56.4692,6.00282,1.68769,0.216465,5831.6,0
9.68985,56.5073,6.03602,1.4666,0.226208,5831.6,0
9.69632,56.4285,5.90472,1.29014,0.159581,5819.58,0
9.7028,56.4862,5.71729,1.07155,0.190296,5821.64,0
9.70931,56.6933,5.80146,1.13473,0.329907,5839.07,0
9.71585,56.5767,5.6978,1.17518,0.222557,5823.14,0
9.72236,56.6732,5.85466,1.08902,0.28007,5829.17,0
9.72885,56.6475,5.86913,0.998021,0.245868,5822.62,0
9.7354,56.7417,5.83356,1.00412,0.289941,5828.39,0
9.74191,56.6431,5.91764,1.15945,0.199659,5814.37,0
9.74838,56.8867,6.08964,1.08396,0.363653,5835.5,0
9.75493,56.7685,6.04703,1.03138,0.251,5819.46,0
9.76144,56.9547,5.97577,1.10591,0.366183,5834.66,0
9.76792,57.1034,6.01699,1.23564,0.4409,5846.02,0
9.77441,57.1688,5.91259,1.33016,0.456035,5848.82,0
9.78091,57.3214,5.93196,1.55606,0.521037,5860.54,0
9.78739,57.3557,6.20153,1.72004,0.49743,5860.17,0
9.79393,57.6014,6.07842,1.94645,0.625918,5881.34,0
9.80042,57.5041,5.75963,1.9537,0.500847,5867.52,0
9.80695,57.5329,5.89356,2.20634,0.475967,5866.54,0
9.81341,57.7557,5.84578,2.29555,0.595464,5885.38,0
9.81993,57.5819,5.85834,2.3248,0.410839,5863.77,0
9.82642,58.0268,6.09846,2.21748,0.687011,5905.18,0
9.83295,58.234,5.55185,1.95309,0.780925,5922.33,0
9.83946,58.0647,5.72136,2.02079,0.577313,5901.2,0
9.84602,57.9565,5.53394,1.89925,0.436074,5886.29,0
9.85248,58.1458,5.78765,1.75161,0.537644,5901.64,0
9.85901,57.9989,5.59375,1.49479,0.384265,5882.84,0
9.86552,58.0571,5.53089,1.5151,0.399311,5884.85,0
9.87201,58.1428,5.3835,1.59632,0.431683,5889.66,0
9.8785,58.1568,5.45656,1.31403,0.416884,5887.21,0
9.88503,58.2908,5.54058,1.24896,0.480662,5896.88,0
9.89156,58.2687,5.58901,1.16345,0.426998,5890.75,0
9.89805,58.3451,5.56406,1.01503,0.446049,5894.61,0
9.90455,58.4531,5.53111,1.36806,0.48544,5901.64,0
9.91107,58.3691,5.5662,1.29102,0.389138,5889.28,0
9.91756,58.6543,5.71141,1.30328,0.563232,5914.19,0
9.9241,58.7837,5.66183,1.39037,0.607375,5923.33,0
9.93058,58.5993,5.75919,1.20631,0.427578,5900.9,0
9.93708,58.7189,5.74198,1.29299,0.478483,5909.07,0
9.94357,58.7657,5.73752,1.5242,0.466509,5909.93,0
9.9501,58.7024,5.89445,1.43924,0.379156,5899.67,0
9.95661,58.8738,6.05239,1.32953,0.475075,5913.03,0
9.96308,59.2777,5.97524,1.55257,0.727638,5949.74,0
9.96955,59.383,6.19577,1.42884,0.728906,5956.44,0
9.97602,59.1546,6.19137,1.45013,0.501142,5929.68,0
9.98255,59.094,6.17145,1.41256,0.413119,5919.73,0
9.98902,59.2396,5.93352,1.51702,0.477594,5930.47,0
9.99551,59.1637,6.27412,1.43354,0.38546,5919.03,0
10,59.1101,6.19038,1.30885,0.32219,5911.01,0
