0.160431,3642.52,8.38948,39.1598,1.83606,46646.3,0
0.318138,3643.04,14.1152,46.162,1.42744,21865,0
0.479187,3629.12,11.2488,51.6459,4.80095,43583,0
0.640806,3625.5,6.87873,55.3726,5.49098,38235.2,0
0.803029,3620.01,5.5255,54.3095,6.5586,37348.7,0
0.96342,3629.88,8.882,65.0585,3.18975,20884.1,0
1.12359,3628.31,7.01426,64.9636,3.5397,19306.5,0
1.28438,3628.76,-1.66134,66.4409,3.33612,16533.3,0
1.44472,3622.34,-2.06431,67.9098,4.85169,19142.8,0
1.6039,3633.91,6.98125,72.8429,1.54715,10032.3,0
1.76024,3638.12,-0.611744,70.9538,0.599312,6751.08,0
1.92035,3620.71,2.0087,69.1466,5.11629,15251.6,0
2.08105,3622.87,4.53836,70.7435,4.17909,13036.9,0
2.24201,3631.08,-7.71327,60.2359,2.40345,8439.1,0
2.40177,3629.88,-9.40791,58.6999,2.65854,8379.01,0
2.5572,3637.65,-8.35754,47.6317,1.00395,4829.72,0
2.71298,3629.54,-5.88889,48.7273,3.1488,7543.09,0
2.8718,3635.95,0.556639,50.237,1.37506,4891.13,0
3.03585,3639.94,8.80917,49.1777,0.341313,3313.99,0
3.19459,3640.38,2.0836,42.6433,0.439132,3011.59,0
3.35322,3638.24,4.33794,41.6681,1.00932,3508.29,0
3.51278,3635.98,-3.82254,53.6703,1.19467,3992.31,0
3.66998,3634.39,6.45674,50.4392,1.70763,4252.63,0
3.83009,3632.56,-1.24701,49.4507,2.19512,4553.82,0
3.98935,3624.12,-12.6861,54.1793,4.05769,6487.91,0
4.14974,3622.89,-15.7699,49.0859,4.53209,6533.3,0
4.30722,3623.85,-11.9886,44.441,4.42352,6071.96,0
4.46821,3614.2,-10.5349,48.3511,6.98037,8012.9,0
4.63078,3605.84,-11.1921,46.3347,8.71346,9535.18,0
4.79214,3611.99,-8.40821,52.3934,6.14149,7932.45,0
4.95264,3613.25,-12.8936,49.2705,5.46153,7419.84,0
5.1124,3610.02,-3.98073,56.1055,5.87878,7819.98,0
5.27215,3604.37,1.16275,58.6478,7.21202,8655.48,0
5.43198,3596.82,0.0223568,60.1234,8.68056,9790.91,0
5.59561,3595.85,-2.66601,59.5035,8.18415,9677.4,0
5.75464,3597.85,0.670867,55.8177,7.08946,9062.02,0
5.91443,3594.62,-4.50211,60.1764,7.33221,9363.36,0
6.07396,3591.89,0.007732,63.8714,7.42167,9566.91,0
6.23172,3602.1,1.31906,66.8494,3.66566,7685.93,0
6.38902,3607.52,8.366,68.2472,1.93625,6648.72,0
6.54906,3612.11,10.0899,64.0697,0.829343,5785.28,0
6.71294,3601.35,8.18466,73.5463,3.31272,7246.51,0
6.86939,3602.51,14.1658,69.0726,3.1626,6913.07,0
7.02883,3606.65,6.02466,78.3404,1.41161,6168.02,0
7.18871,3608.71,1.36608,67.5375,1.5411,5743.38,0
7.34783,3602.64,-3.55736,62.2967,3.61381,6446.02,0
7.50934,3603.67,-16.1898,65.3766,2.89083,6169.52,0
7.66733,3602.74,-29.0334,64.2722,2.92176,6164.43,0
7.82637,3603.91,-25.4271,76.0498,1.81415,5889.6,0
7.98718,3607.51,-40.8662,76.7827,0.316836,5320,0
8.14626,3605.96,-41.6163,62.6988,1.56642,5406.68,0
8.30588,3603.27,-46.3801,55.5979,2.49211,5625.73,0
8.4687,3605.48,-47.8106,57.8187,1.67022,5256.48,0
8.62618,3603.67,-48.2982,48.1653,2.62058,5371.3,0
8.78431,3605.52,-56.9825,50.0146,1.55515,5063.44,0
8.9443,3604.77,-56.2631,59.3657,1.34068,5056.34,0
9.10718,3601.46,-54.0454,48.9261,2.91034,5329.95,0
9.26514,3607.42,-51.6297,43.1075,1.43818,4595.28,0
9.42474,3612.29,-37.2253,39.2556,0.75261,4000.69,0
9.5893,3603,-38.0388,44.115,3.27196,4901.22,0
9.74897,3613.56,-37.0777,40.8108,0.293923,3738.31,0
9.90936,3610.97,-41.8903,40.8397,0.872614,3938.26,0
10.0722,3609.9,-39.7702,46.6103,1.02258,3981.68,0
10.2321,3610.06,-32.7641,47.6895,1.16594,3903.23,0
10.3877,3611.81,-34.4542,51.0772,0.444679,3676.74,0
10.5485,3609.33,-29.6529,51.7139,1.24743,3855.33,0
10.7099,3600.06,-30.8749,55.4056,3.74118,4663.09,0
10.8693,3594.94,-31.8091,51.344,5.32487,5065.53,0
11.0308,3594.48,-24.0161,56.6377,5.11442,5032.86,0
11.1891,3588.72,-26.822,56.8297,6.53492,5476.62,0
11.3516,3589.24,-26.8919,59.7542,5.66066,5352.85,0
11.5134,3595.38,-32.9274,58.3181,3.42364,4743.8,0
11.6761,3592.87,-29.2953,55.9585,4.37897,4892.84,0
11.8348,3591.93,-33.0291,63.8122,3.92883,4906.89,0
11.9949,3595.19,-31.0565,65.6915,2.79299,4569.28,0
12.1566,3594.68,-47.8179,76.738,1.44399,4550.52,0
12.3167,3597.42,-47.9255,70.4056,1.09896,4268.74,0
12.4749,3593.2,-40.9213,79.385,1.96809,4552.84,0
12.6338,3595.56,-47.5152,71.4819,1.59579,4309.37,0
12.7954,3586.73,-50.6314,82.3511,3.11198,4944.55,0
12.8508,3584,-55.692,83.1883,3.51699,5135.59,0
