0.157142,3640.06,43.6034,-56.1965,2.48771,63255.5,0
0.316956,3647.66,43.3013,-59.5168,0.550694,7396.84,0
0.475779,3640.43,47.4845,-76.7187,1.5021,20105.9,0
0.635094,3646.75,44.6055,-73.4227,0.235938,5115.98,0
0.794967,3642.14,30.9516,-84.2165,1.13022,9886.69,0
0.952961,3637.57,27.5927,-84.4836,2.2523,13046,0
1.11639,3633.56,31.1212,-80.4554,3.27898,14726.7,0
1.27814,3630.02,30.0903,-83.94,3.84711,15635.4,0
1.44074,3629.9,25.1004,-86.4623,3.7352,13950.9,0
1.58621,3631.94,29.4736,-95.5956,2.58986,11386.3,0
