0.161043,3647.41,11.6378,-17.8959,0.560631,16072.4,0
0.321517,3645.03,4.9519,-6.2366,1.28569,15462,0
0.478829,3647.63,11.5527,-6.24193,0.586139,4958.21,0
0.636747,3649.46,18.1305,4.65812,0.0625538,851.123,0
0.794009,3643.36,15.1903,11.6174,1.60159,8365.37,0
0.95579,3648.08,9.45022,4.57528,0.4802,2009.17,0
1.12058,3644.66,6.39742,10.0865,1.33309,4764.7,0
1.28045,3642.05,1.00354,7.04081,2.06702,6204.88,0
1.44412,3644.46,3.36091,2.43543,1.43576,3838.96,0
1.60804,3646.34,-3.35187,4.04145,0.949805,2277.69,0
1.76684,3641.63,-10.4872,-2.3755,2.13015,4734.7,0
1.92362,3639.89,-7.33993,-13.1102,2.5282,5255.97,0
2.08337,3637.29,-8.39592,-14.1967,3.18768,6098.45,0
2.2395,3638.32,-8.45165,-14.3016,2.87979,5213.86,0
2.39816,3648.86,-6.59512,-23.3382,0.0189703,474.321,0
2.55708,3633.36,-14.8946,-29.2164,3.91246,6507.88,0
2.7179,3637.82,-22.5256,-25.0619,2.61431,4480.29,0
2.87764,3635.74,-21.2501,-24.4688,3.09392,4955.89,0
3.03726,3641.72,-12.3529,-21.8396,1.60272,2724.61,0
3.19799,3636.89,-9.4855,-21.8624,2.86421,4099.71,0
3.35964,3639.17,-2.52275,-24.1327,2.24074,3223.39,0
3.51811,3633.76,1.43156,-26.1915,3.53538,4617.25,0
3.677,3636.03,2.70763,-26.0856,2.87039,3798.91,0
3.83643,3633.78,5.96781,-27.7849,3.37762,4227.05,0
3.99619,3630.79,10.2584,-16.6383,4.17801,4807.61,0
4.1583,3630.51,3.88587,-24.531,4.04538,4688.07,0
4.3224,3640.39,-5.82268,-20.7349,1.41154,2222.97,0
4.4817,3642.03,-9.8726,-11.9941,1.05841,1778.68,0
4.63961,3642.06,-8.85874,2.10487,1.10715,1710.96,0
4.79756,3633.64,-9.46002,-2.86413,3.35325,3410.07,0
4.95691,3637.92,-3.43997,-1.64899,2.1841,2436.79,0
5.11867,3630.95,-6.21714,-6.0596,3.94822,3722.48,0
5.27931,3631.55,-9.11054,-9.4582,3.73262,3495.03,0
5.43667,3634.07,-9.9567,-10.5551,2.98379,2930.61,0
5.59576,3622.97,-12.4792,-8.02368,5.85966,4830.62,0
5.75404,3618.97,-13.748,-8.3394,6.5775,5392.93,0
5.91222,3624.24,-15.3945,-14.5161,4.79651,4356.35,0
6.07245,3635.75,-14.6866,-26.2691,1.31747,2346.02,0
6.23361,3634.96,-18.3186,-22.0704,1.56869,2412.82,0
6.3926,3628.24,-21.4422,-22.3568,3.3384,3403.16,0
6.55314,3631.98,-17.7978,-27.0211,2.18465,2749.61,0
6.71229,3629.87,-13.016,-18.8226,2.92655,2998.44,0
6.87104,3634.19,-13.4128,-16.63,1.70175,2301.01,0
7.03009,3630.53,-9.83944,-22.555,2.57448,2769.47,0
7.19104,3622.73,-17.0083,-29.4493,4.43001,3791.74,0
7.35105,3617.66,-10.2904,-26.7283,5.78734,4399.06,0
7.51108,3619.55,-14.2585,-29.0587,4.87227,4054.04,0
7.66906,3615.39,-14.2391,-31.7899,5.74723,4513.32,0
7.83004,3626.12,-12.6588,-28.1034,2.70959,3049.35,0
7.99307,3615.17,-7.8782,-34.2118,5.66585,4357.45,0
8.15322,3616.8,-10.2624,-29.4158,5.01,4072,0
8.31209,3611.87,-15.8281,-35.3242,5.90006,4587.34,0
8.47412,3611.12,-17.7497,-42.4354,5.65441,4588.41,0
8.63456,3615.16,-22.0673,-43.4746,4.13072,4035.43,0
8.79398,3616.14,-20.3354,-47.7375,3.59946,3850.65,0
8.95272,3619.21,-20.5176,-42.3884,2.90248,3438.65,0
9.11121,3619.37,-13.6792,-49.8332,2.65678,3362.12,0
9.27128,3622.52,-15.1385,-47.9576,1.84047,2963.6,0
9.43596,3612.62,-19.3017,-53.2587,4.30725,3961.32,0
9.60052,3612.92,-13.4785,-54.2433,4.14666,3862.3,0
9.75933,3623.87,-14.2241,-64.5144,0.614627,2677.94,0
9.92063,3607.88,-23.4258,-56.0802,5.30158,4245.24,0
10.076,3610.16,-22.3818,-54.1437,4.60554,3954.03,0
10.2369,3606.4,-32.4695,-46.5175,5.67612,4259.5,0
10.3965,3609.07,-29.2389,-40.1577,4.86159,3937.2,0
10.5578,3606.35,-29.0473,-41.7407,5.1749,4134.19,0
10.7184,3612.39,-28.0274,-44.9391,3.11773,3508.74,0
10.8786,3601.02,-27.8118,-41.6017,6.45098,4502.85,0
11.0383,3597.92,-29.9319,-39.1916,6.94056,4718.18,0
11.2003,3605.67,-26.8852,-38.8576,4.19629,3957.61,0
11.3549,3603.57,-42.0956,-42.4928,4.01773,4089.32,0
11.5139,3601,-41.1789,-38.0284,4.90238,4255.69,0
11.6716,3598.36,-41.7541,-31.2941,5.67365,4424.42,0
11.8319,3603.71,-44.6749,-28.7743,3.76188,3912.71,0
11.9908,3600.97,-44.455,-20.0258,4.65308,4088.9,0
12.1504,3596.27,-45.0684,-19.9956,6.00925,4421.95,0
12.3106,3589.06,-48.3663,-18.9544,7.86837,4950,0
12.4724,3590.62,-52.0353,-18.7258,6.55289,4760.98,0
12.6321,3585.82,-50.2071,-24.7039,7.69894,5080.73,0
12.79,3585.16,-39.2724,-22.1148,8.06597,5069.43,0
12.9527,3581.56,-35.7744,-26.0822,8.72013,5283.74,0
13.1167,3584.36,-32.1752,-25.216,7.20408,5004.6,0
13.2805,3587.8,-34.3411,-26.6055,5.51467,4683.49,0
13.4391,3587.29,-38.4648,-19.2883,5.45013,4666.28,0
13.6005,3583.28,-38.766,-20.1676,6.50855,4905.48,0
13.7573,3583.08,-35.9077,-23.2488,6.10071,4864.6,0
13.9152,3576.84,-38.6741,-20.7655,7.609,5257.45,0
14.0761,3569.34,-41.887,-18.3043,9.67985,5730.19,0
14.238,3569.54,-40.7016,-15.9646,8.63927,5650.94,0
14.3962,3563.72,-34.4918,-21.4448,10.5875,5992.93,0
14.5546,3561.93,-35.7014,-30.616,9.4322,6051.18,0
14.7158,3564.52,-38.4248,-34.4607,7.15345,5808.57,0
14.8764,3565.74,-40.9193,-36.65,5.89507,5663.9,0
15.0356,3568.22,-34.9223,-35.1113,5.05379,5438.93,0
15.1979,3568.38,-31.6883,-34.0728,5.07595,5370.65,0
15.36,3572.32,-27.6989,-36.2046,3.46504,5057.49,0
15.5173,3568.84,-26.9726,-25.5593,5.34435,5230.08,0
15.6799,3565.7,-35.0345,-22.3711,5.95098,5376.47,0
15.8397,3563.4,-27.986,-16.2835,7.48501,5467.09,0
16.0005,3561.97,-32.2711,-20.2442,7.21612,5501.71,0
16.1613,3564.05,-34.8245,-19.6763,5.84783,5318.04,0
16.3196,3566.39,-34.4352,-23.6157,4.2728,5123.4,0
16.4781,3561.49,-37.1637,-27.0375,5.5254,5371.24,0
16.636,3566.81,-34.0039,-20.2107,3.81447,5000.68,0
16.7978,3570.39,-31.0247,-16.0618,2.64339,4739.25,0
16.9556,3566.38,-30.727,-6.30031,4.44377,4931.42,0
17.1181,3562.02,-33.958,-8.8585,5.61752,5139.32,0
17.2811,3559.79,-29.1416,-6.46553,6.72974,5219.94,0
17.4408,3558.76,-30.7411,-10.0334,6.52375,5231.24,0
17.6004,3554.75,-30.3179,-6.48628,8.09423,5411.93,0
17.7593,3561.11,-25.5992,-8.38097,4.95317,5005.1,0
17.9201,3569.31,-15.6176,-9.73328,1.66618,4502.9,0
18.0812,3565.76,-18.2443,-20.3832,2.70231,4659.23,0
18.2392,3565.62,-20.7899,-36.3672,1.47379,4626.4,0
18.4003,3561.91,-25.7212,-23.8986,3.7324,4787.54,0
18.5609,3554.1,-26.5706,-18.2863,7.42265,5166.91,0
18.7183,3546.74,-24.5542,-11.1533,10.7501,5516.57,0
18.8794,3546.14,-31.3225,-10.5723,9.16347,5501.35,0
19.0402,3552.48,-34.7234,-9.82509,4.90879,5121.83,0
19.1992,3553.6,-47.4902,-15.2209,2.48618,5021.19,0
19.3579,3544.8,-55.7203,-16.5126,5.02819,5434.45,0
19.5178,3556.69,-52.4252,-17.8856,0.306258,4780.85,0
19.6773,3552.54,-51.4377,-13.6978,2.36227,4953.11,0
19.837,3542.77,-52.4125,-9.13594,6.64529,5405.73,0
19.9972,3546.88,-46.791,-12.3472,5.44677,5156.5,0
20.1553,3539.83,-45.5808,-9.61877,8.75958,5466.18,0
20.3146,3541.96,-53.3622,-8.01626,5.35138,5318.48,0
20.4726,3540.27,-51.6633,-7.94225,5.96484,5359.65,0
20.6313,3543.46,-46.1941,-10.5079,5.06811,5164.02,0
20.7893,3547.7,-45.1612,-7.94725,3.14013,4920.88,0
20.9504,3547.1,-57.7489,-13.8608,1.21831,4911.54,0
21.1126,3548.91,-51.7667,-16.1354,1.24687,4788.25,0
21.2731,3545.31,-50.5907,-17.4867,2.97067,4921.25,0
21.4339,3539.95,-52.1791,-16.2838,5.1916,5134.16,0
21.5935,3550.43,-48.0053,-12.662,1.03788,4611.13,0
21.7512,3544.7,-47.1019,-1.12844,4.07998,4840.97,0
21.9083,3541.13,-45.6289,-0.731772,5.74854,4969.24,0
22.0645,3546.8,-39.298,10.9396,3.33655,4677.03,0
22.224,3540.55,-32.0258,6.99619,7.66377,4924.7,0
22.3849,3536.05,-31.9916,-0.919696,9.27176,5090.57,0
22.5422,3537.27,-28.9352,-6.64431,7.8984,5000.74,0
22.7016,3534.68,-35.2273,-7.06174,7.55532,5079.76,0
22.858,3537.54,-38.8849,-7.86128,4.66894,4919.83,0
23.0164,3533.21,-39.8559,-8.86834,6.63294,5074.17,0
23.1761,3527.39,-40.1017,-12.5676,9.274,5290.17,0
23.3387,3531.03,-36.0209,-19.4236,6.56385,5097.74,0
23.5004,3526.02,-36.3848,-15.0328,9.34134,5275.7,0
23.6608,3524.27,-36.6915,-8.27737,9.85722,5314.07,0
23.8198,3519.57,-30.8061,-3.70047,3.01739,5475.54,0
23.9798,3513.64,-36.5808,3.61862,5.13069,5686.5,0
24.1394,3504.17,-38.5108,-1.45824,11.0113,6041.17,0
24.2996,3503.57,-33.7357,-7.64515,1.50714,6025.93,0
24.462,3504.76,-22.8099,-9.09451,7.03226,5937.18,0
24.6244,3507.81,-20.3009,-17.5738,2.16837,5774.33,0
24.7839,3504.45,-20.4029,-9.88559,8.53584,5872.71,0
24.9446,3509.17,-23.8555,-9.76556,0.925947,5645.6,0
25.1031,3509.33,-22.9506,-8.84948,1.47,5603.62,0
25.2611,3504.15,-14.9986,-10.5919,0.442753,5773.5,0
25.4233,3499.89,-17.4722,-12.1177,2.93154,5904.38,0
25.584,3498.05,-9.99458,-17.2431,6.68485,5939.35,0
25.7422,3487.09,-1.52032,-20.4836,7.634,6328.57,0
25.9049,3472.48,-4.19346,-14.5318,1.48183,6852.59,0
26.0628,3463.46,-9.45334,-13.7953,5.9033,7157.4,0
26.2247,3472.24,-4.29764,-7.9337,1.28392,6778.24,0
26.3671,3469.98,-5.5686,-4.01469,1.84936,6827.57,0
