0.162328,3642.08,-5.21978,68.0881,1.95479,48805.8,0
0.322084,3643.47,0.629685,68.5234,1.60969,20268,0
0.483976,3642.69,1.49905,70.8189,1.69417,15108.5,0
0.647731,3643.02,4.38541,68.699,1.6888,10770.2,0
0.802136,3639.24,5.15567,60.7419,2.95965,13416.5,0
0.966169,3648.99,8.58904,62.6313,0.457907,1044.81,0
1.12514,3640.76,11.0865,66.3454,2.30189,8215.81,0
1.28541,3633.19,18.486,61.7217,4.29029,13074.3,0
1.44746,3631.88,25.6254,62.4755,4.32548,12521.4,0
1.60878,3632.54,24.3859,56.0051,4.28603,10853.9,0
1.77109,3633.82,25.7137,54.4209,3.82461,9136.43,0
1.93183,3636.5,23.9664,45.9897,3.44143,6989.23,0
2.0915,3642.11,34.292,43.5327,1.85623,3772.37,0
2.249,3639.81,37.0239,35.9026,2.55636,4529.52,0
2.41025,3633.95,43.1313,30.7455,3.99757,6660.03,0
2.56752,3634.93,48.2195,32.9189,3.38865,5867.72,0
2.72407,3635.75,42.8675,30.7244,3.28228,5229.36,0
2.88046,3642.07,42.0772,31.4379,1.65582,2752.09,0
3.04145,3635.18,27.2817,24.1557,3.85216,4873.94,0
3.19997,3634.42,28.1461,25.7838,3.9074,4867.94,0
3.35957,3633.75,27.0973,26.8524,3.91777,4837.2,0
3.51713,3634.73,33.096,21.2231,3.5025,4342.83,0
3.67631,3631.89,32.3055,23.0366,4.18555,4925.21,0
3.83442,3634.57,27.8238,23.5959,3.44003,4024.52,0
3.99356,3635.21,31.4379,14.6891,3.30721,3703.29,0
4.15371,3637.62,23.194,7.33411,2.91213,2981.23,0
4.31132,3637.79,32.5767,6.59699,2.66297,2831.86,0
4.47132,3633.58,31.4449,1.2313,3.76511,3673.04,0
4.63284,3630.55,31.2014,3.11845,4.46311,4197.49,0
4.79383,3624.61,36.29,-3.1969,5.71659,5297.36,0
4.95416,3633.54,31.6971,-1.33685,3.1894,3322.58,0
5.11674,3625.28,28.1275,0.405813,5.50139,4831.47,0
5.276,3624.84,32.8349,8.56782,5.14041,4768.41,0
5.43263,3622.77,31.9223,5.143,5.49646,5011.79,0
5.59061,3619.08,28.5891,8.17205,6.30775,5529.88,0
5.74924,3615.4,24.1679,10.4672,6.93536,6019,0
5.90918,3616.56,26.1238,10.2681,6.02703,5658.22,0
6.06723,3617.57,28.2389,7.22995,5.30803,5345.73,0
6.22673,3616.6,27.0742,14.104,5.29699,5364.29,0
6.38631,3615.5,33.8332,15.6122,5.1355,5402.89,0
6.54276,3613.95,38.1434,17.9241,5.29608,5509.89,0
6.70304,3620.65,33.6476,20.0216,3.23692,4379.02,0
6.86122,3624.26,27.847,21.6914,2.29842,3751.86,0
7.01958,3621.26,33.0576,29.6395,2.79535,4094.95,0
7.17928,3616.48,28.704,24.6521,4.32495,4669.31,0
7.33784,3608.36,34.825,25.9556,6.24303,5674.8,0
7.49708,3611.36,30.956,25.3739,5.08795,5153.58,0
7.658,3610.04,29.7244,30.5466,5.20827,5217.64,0
7.81583,3604.86,36.3483,20.8099,6.5556,5775.05,0
7.97159,3605.4,38.5519,17.23,5.85942,5594.94,0
8.13067,3606.41,26.9805,14.913,5.80365,5361.55,0
8.2893,3606.23,23.9369,20.0397,5.54056,5279.71,0
8.45154,3607.15,24.9757,14.4265,5.03258,5070.01,0
8.61171,3612.4,28.7336,14.7444,3.25123,4366.18,0
8.77241,3599.81,38.7736,11.5197,6.70222,5721.28,0
8.93285,3597.38,44.0978,4.14923,6.77411,5890.41,0
9.09528,3594.73,40.722,3.35258,7.27536,6076.55,0
9.25108,3598.86,36.3837,2.50984,5.90416,5528.18,0
9.41149,3599.41,40.1363,10.8265,5.22538,5375.24,0
9.56997,3593.5,42.5791,-0.689706,6.76542,5904.16,0
9.72955,3595.16,41.9604,0.74872,5.81611,5636.54,0
9.88778,3599.62,48.086,-2.24723,3.91813,5095.68,0
10.0466,3601.29,45.2761,-2.40525,3.44824,4848.46,0
10.2093,3602.45,47.1621,2.34148,2.91444,4657.49,0
10.3712,3593.08,47.9912,9.20078,5.78131,5488.17,0
10.5355,3584.04,48.4453,8.196,8.50023,6260.8,0
10.695,3582.44,48.5023,12.9513,8.253,6317.13,0
10.853,3581.29,47.834,8.28206,7.96269,6330.79,0
11.0108,3583.37,52.3021,6.34159,6.50281,6051.74,0
11.1688,3587.96,51.4045,5.43994,4.85448,5555.03,0
11.3323,3580.16,54.0022,2.15961,6.93751,6163.21,0
11.4904,3577.95,52.7062,-5.10079,7.12491,6270.28,0
11.6521,3581.35,54.2505,2.52713,5.56266,5891.42,0
11.8135,3575.31,51.7268,4.24378,7.60867,6322.3,0
11.9723,3571.04,51.4534,-1.50966,8.6081,6595.47,0
12.1282,3565.6,50.7012,-4.82936,10.1069,6958.65,0
12.2894,3566.29,51.466,1.4153,8.65366,6811.32,0
12.4494,3570.48,54.0754,1.18687,6.02158,6387.41,0
12.6125,3568.78,54.9772,3.58139,6.15277,6440.02,0
12.7729,3566.43,53.4116,0.866303,6.76396,6542.89,0
12.9306,3568.35,54.1035,1.11237,5.65051,6314.67,0
13.0924,3560.79,57.6131,5.42891,7.77969,6813.55,0
13.2515,3558,59.1065,2.43375,8.08152,6942.54,0
13.4145,3555.82,55.1924,0.590405,8.68934,7020.78,0
13.5771,3556.87,48.7191,-0.10538,8.28491,6859.32,0
13.7367,3554.03,47.9804,-7.16357,9.01701,6986.44,0
13.8966,3554.28,48.2282,0.552496,7.96969,6888.3,0
14.0569,3553.09,44.5779,2.41032,8.29508,6894.32,0
14.2178,3553.5,42.7994,7.045,7.57725,6787.18,0
14.3759,3549.19,45.2624,6.33905,8.65571,7012.63,0
14.5371,3552.12,40.14,13.8962,6.91331,6733.36,0
14.6962,3557.06,38.5593,4.9273,4.6879,6324.38,0
14.8546,3560.48,37.5571,10.143,3.09324,6026.42,0
15.0151,3559.14,32.742,6.03258,4.11221,6050.97,0
15.1765,3559.78,27.3994,0.296509,4.12045,5944.7,0
15.3353,3558.3,35.124,1.17846,3.95074,5979.81,0
15.4981,3552.94,29.7069,-4.1261,7.0091,6262.58,0
15.6559,3548.78,27.336,-5.7443,8.75479,6465.23,0
15.8194,3539.14,30.016,-1.86306,0.986705,7008.01,0
15.9798,3541.13,23.1056,8.88718,0.601767,6812.97,0
16.1423,3537,23.2071,5.8749,3.35907,7000.01,0
16.3025,3533.46,24.2285,6.58646,5.23751,7148.69,0
16.4626,3533.19,27.4401,4.27639,4.64178,7095.64,0
16.6233,3529.05,23.5072,0.920619,8.25143,7276.12,0
16.7845,3530.67,20.6782,-0.974714,7.02963,7109.28,0
16.9439,3530.67,15.4082,-3.58107,7.33141,7042.62,0
17.1002,3531.42,13.8781,-0.677785,6.34568,6934.22,0
17.2608,3529.23,15.9754,-3.951,7.13019,6996.91,0
17.4208,3531.52,15.5516,5.29361,4.95475,6801.07,0
17.5815,3530.91,15.7058,-3.27954,5.38454,6773.83,0
17.7428,3528.06,18.3793,-3.28625,7.01856,6872.42,0
17.9012,3533.59,16.588,-6.95938,2.58526,6503.12,0
18.0592,3529.28,16.4767,-5.31559,5.95632,6684.81,0
18.2168,3528.99,11.1715,-6.13734,6.59396,6642.96,0
18.3753,3524.63,7.15706,-8.22258,10.0858,6822.76,0
18.536,3517.63,8.94451,-2.48682,6.08887,7141.11,0
18.6964,3510.02,11.1745,-10.3002,1.53646,7486.76,0
18.8571,3507.01,13.8273,-9.93861,4.31616,7582.82,0
19.0183,3508.17,10.3475,-14.0493,2.33998,7457.51,0
19.1809,3497.53,5.4925,-3.588,9.29158,7949.3,0
19.2298,3496.72,-1.60191,-0.584605,7.86264,7971.11,1
