0.68407,4486.72,721.485,-171.974,1.4884,19420,0
1.38342,4487.77,741.195,-145.664,0.958684,8839.77,0
2.07068,4485.76,722.512,-141.879,1.68188,6878.88,0
2.75773,4472.84,701.545,-111.026,3.91435,9849.17,0
3.43817,4474.94,686.086,-119.879,3.66341,7288.63,0
4.1191,4455.21,672.626,-129.137,6.12499,10873.4,0
4.805,4475.72,675.603,-151.361,2.75779,5052.99,0
5.49411,4487.45,679.522,-142.664,1.24218,2283.64,0
6.17995,4473.51,655.433,-139.797,3.70172,4286.96,0
6.86983,4461.14,643.114,-134.268,5.50045,5656.88,0
7.56007,4445.95,655.543,-135.197,6.30572,7149.84,0
8.2438,4454.74,647.566,-150.414,4.6714,5489.84,0
8.93448,4475.16,653.666,-141.16,1.7227,2780.67,0
9.61348,4484.18,650.441,-166.308,0.496329,1645.14,0
10.2972,4477.98,642.887,-132.598,1.6891,2138.2,0
10.9858,4457.26,639.068,-143.911,4.21076,3890.14,0
11.6783,4459.58,644.244,-145.648,3.52921,3461.07,0
12.3651,4435.99,650.425,-132.798,6.05149,5176.59,0
13.0505,4436.33,632.296,-123.703,5.93347,4878.46,0
13.7347,4438.81,621.218,-145.692,5.33423,4455.11,0
14.4267,4447.44,610.999,-145.78,4.20375,3643.56,0
15.1119,4473.22,639.064,-101.162,0.146814,1772.09,0
15.799,4462.39,632.927,-101.339,1.72042,2380.64,0
16.4871,4462.07,654.871,-93.3546,1.04101,2300.83,0
17.1722,4451.56,602.03,-61.6966,4.22058,2820.99,0
17.8492,4445.32,594.482,-56.2046,5.09685,3063.44,0
18.5213,4439.43,582.913,-52.226,5.88437,3270.06,0
19.2019,4439.24,603.453,-55.8652,4.54713,3164.51,0
19.8709,4420.98,604.943,-24.3418,6.46125,3976.65,0
20.5547,4412.76,601.493,-15.8574,6.82066,4244.25,0
21.2423,4413.33,589.733,-0.388542,6.3086,4080.13,0
21.9301,4411.31,574.499,-1.1374,5.99663,4044.24,0
22.5906,4397.32,588.964,-3.73033,6.26589,4545.36,0
23.2801,4381.56,605.409,-14.5706,6.72726,5087.61,0
23.9697,4361.55,597.201,-16.9358,8.24613,5775.9,0
24.6515,4353.83,615.839,-23.061,7.37857,5929.55,0
25.3305,4342.47,609.884,-34.5034,7.66789,6218.82,0
26.0135,4335.86,598.223,-17.7303,7.69155,6309.67,0
26.7002,4322.49,582.723,-10.4823,8.69806,6648.24,0
27.3851,4313.04,570.186,-23.3077,9.17194,6827.05,0
28.0708,4320.49,570.536,-35.0836,6.49553,6394.96,0
28.7477,4307.14,555.144,-34.7873,8.14498,6708.6,0
29.4427,4306.63,553.22,-57.5137,6.92376,6567.61,0
30.1297,4310.83,560.492,-54.0046,5.56447,6278.52,0
30.8118,4333.67,526.85,-67.9052,3.61559,5398.1,0
31.5005,4309,518.071,-53.9157,7.08927,6063.5,0
32.1823,4321.41,491.525,-52.3433,6.12547,5549.31,0
32.8677,4337.83,488.124,-48.2883,3.80079,4933.96,0
33.5571,4333.07,503.974,-22.1989,3.5435,4974.36,0
34.2479,4349.79,499.093,-35.256,1.40216,4385.85,0
34.9298,4335.23,511.137,-35.7981,2.70019,4717.09,0
35.6155,4326.98,513.487,-40.5003,3.5624,4857.88,0
36.2985,4305.93,504.082,-40.4124,6.61896,5346.6,0
36.9938,4316.43,509.601,-51.6441,4.07575,4962.07,0
37.6782,4323.08,524.416,-60.9788,2.04452,4695.67,0
38.3547,4310.92,512.821,-84.2438,3.95951,4929.75,0
39.038,4291.34,509.905,-83.1425,6.10886,5344.93,0
39.7249,4281.89,524.526,-81.2842,5.95936,5490.51,0
40.4069,4300.43,531.774,-67.7483,2.72707,4939.06,0
41.0936,4294.5,542.608,-90.6569,2.75686,5000.8,0
41.7808,4303.72,534.049,-78.6184,1.99668,4697.87,0
42.4689,4294.44,519.327,-88.5268,3.69552,4840.26,0
43.1491,4296.72,524.866,-75.3924,2.96227,4711.11,0
43.8309,4302.98,516.449,-59.4903,2.51602,4495.09,0
44.5144,4293.39,519.496,-27.7392,3.49374,4641.43,0
45.2061,4281.34,526.328,8.51211,4.7903,4836.9,0
45.8921,4294.08,516.265,7.64388,3.37788,4487,0
46.5734,4277.1,504.756,-6.75126,5.82587,4785.97,0
47.2543,4282,526.558,-38.727,3.23809,4613.36,0
47.9426,4261.79,531.63,-26.5093,5.5289,4968.56,0
48.6338,4282.34,532.777,-44.3352,2.38669,4475.39,0
49.3267,4290.87,509.465,-23.1759,2.46019,4239.66,0
50.0109,4262.77,503.441,-8.88025,6.36863,4743.65,0
50.6996,4247.74,490.333,-14.5335,8.10694,4975.65,0
51.3898,4264.51,493.765,-0.66934,4.69642,4582.41,0
52.0735,4261.42,493.692,13.4743,4.77858,4581.7,0
52.7637,4265.2,514.588,1.79829,2.94498,4450.07,0
53.4371,4269,502.07,38.3999,3.07541,4322.81,0
54.1182,4266.2,506.934,54.4478,3.03037,4320.08,0
54.798,4250.76,484.971,49.2115,6.15148,4548.36,0
55.4828,4261.61,482.78,40.6264,4.33382,4296.65,0
56.1653,4272.13,478.253,35.8842,2.93371,4057.16,0
56.8539,4273.6,487.02,17.7476,2.13918,3982.12,0
57.5379,4249.76,488.489,7.61876,5.11332,4349.12,0
58.2267,4250.05,494.942,-25.722,4.37626,4292.72,0
58.9158,4246.59,505.212,-19.6843,4.11148,4301.16,0
59.6018,4247.74,553.533,-9.82242,1.00815,4232.5,0
60.2857,4240.15,563.175,-24.4334,1.49729,4310.32,0
60.9681,4245.39,559.866,-12.1359,0.892216,4176.09,0
61.6397,4226.38,583.156,29.7578,2.27932,4438.95,0
62.3216,4225.4,575.503,57.5207,2.65323,4406.19,0
63,4219.08,606.081,26.1568,2.17091,4459.05,0
63.6789,4221.56,590.184,25.7436,2.53221,4372.5,0
64.3535,4227.11,601.608,8.96966,1.18208,4240.45,0
65.0327,4212.51,614.109,13.489,2.5686,4420.69,0
65.7208,4204.92,629.898,-13.3093,2.92052,4489.84,0
66.4122,4195.24,634.416,-36.018,4.08681,4588.98,0
67.1013,4200.9,629.305,-17.129,3.27194,4457.44,0
67.7855,4182.61,630.73,-3.57564,5.66855,4682.31,0
68.4771,4187.9,625.457,-3.51696,4.88473,4557.72,0
69.1546,4188.57,649.627,-25.5279,3.42652,4503.45,0
69.8388,4204.91,628.007,-28.6866,1.88452,4225.36,0
70.515,4192.86,620.207,-27.2616,3.699,4355.66,0
71.1994,4189.95,630.683,-16.288,3.46842,4354.6,0
71.8855,4204.41,645.376,-8.54694,0.702193,4111.96,0
72.5656,4214.39,625.864,12.667,0.0996436,3935.89,0
73.2549,4203.57,620.74,-8.57524,1.81132,4046.54,0
73.9402,4206.8,635.117,-16.3266,0.687203,3965.3,0
74.6324,4189.46,631.042,-44.7946,3.23882,4160.93,0
75.3197,4186.93,616.389,-32.0138,3.89777,4156.56,0
76.0005,4177.32,615.845,-43.8604,4.98291,4245.76,0
76.6883,4178.28,621.632,-26.1922,4.20658,4195.2,0
77.3722,4155.09,600.998,-39.7336,8.12571,4457.8,0
78.0587,4148.62,594.166,-40.8977,7.67752,4501.43,0
78.7474,4152.42,585.476,-30.5312,6.80728,4413.88,0
79.4264,4148.05,589.912,-45.5775,6.52643,4431.13,0
80.1165,4135.78,578.824,-59.2067,7.97587,4546.17,0
80.8096,4149.66,559.538,-52.3187,6.11828,4335.41,0
81.4919,4167.11,542.582,-55.0129,3.95891,4084.97,0
82.1794,4172.44,549.96,-30.0069,2.72303,3985.9,0
82.8709,4154.1,534.438,-40.279,6.14141,4173.97,0
83.5635,4159.93,535.33,-13.1916,4.89873,4069.62,0
84.2485,4172.19,513.507,-30.5648,4.34348,3890.97,0
84.9329,4182,527.555,-37.1031,1.76514,3744.1,0
85.6218,4180.98,545.156,-54.0953,0.693985,3725.92,0
86.3142,4166.22,527.544,-48.2524,3.97435,3867.05,0
87.0033,4154.5,545.441,-64.1428,4.19466,3971.1,0
87.6775,4155.65,538.628,-35.9332,4.25643,3927.47,0
88.3667,4150.14,521.023,-46.2524,5.98673,3959.19,0
89.0556,4148.15,538.638,-61.5404,4.47069,3950.92,0
89.7364,4149.83,537.385,-52.9311,3.94398,3902.19,0
90.4311,4170.81,542.387,-68.4432,0.262311,3640.2,0
91.1161,4153.44,556.523,-73.4434,1.88579,3803.45,0
91.8044,4148.21,559.036,-88.2895,2.3399,3831.9,0
92.476,4131.39,583.412,-92.8309,3.34311,3986,0
93.1623,4160.63,555.567,-74.2225,0.506236,3642.77,0
93.8395,4167.76,531.416,-41.7203,1.11518,3540.47,0
94.5283,4160.38,544.026,-50.2583,1.29824,3592.77,0
95.2144,4172.89,513.745,-63.7098,1.21818,3435.47,0
95.8942,4164.29,524.338,-49.1635,1.90524,3500.85,0
96.5891,4155.86,547.188,-69.4912,1.56743,3562.9,0
97.276,4148.54,543.294,-63.2412,2.96633,3613.01,0
97.9639,4136.73,536.718,-59.2435,5.17362,3708.25,0
98.6455,4137.71,544.235,-48.0022,4.31398,3672.69,0
99.3348,4122.02,560.256,-44.5576,5.24588,3805.1,0
100.028,4109.95,566.203,-42.7922,6.2057,3899.36,0
100.711,4111.44,556.044,-27.9049,6.14291,3858.22,0
101.391,4125.49,560.559,-39.4386,3.21688,3693.76,0
102.081,4131.27,557.69,-38.8758,2.38561,3612.16,0
102.76,4119.39,552.757,-59.8349,4.30923,3703.82,0
103.452,4114.05,555.714,-34.2397,4.78133,3730.66,0
104.134,4105.95,561.026,-31.8907,5.50117,3784.1,0
104.824,4091.19,579.763,-41.595,5.99324,3899.96,0
105.511,4082.76,566.254,-37.7588,7.13088,3954.46,0
106.189,4107.16,561.547,-5.18981,3.07731,3699.49,0
106.871,4098.65,541.515,-14.5331,5.47396,3755.49,0
107.557,4115.63,572.16,-15.2912,0.289203,3573.64,0
108.237,4116.61,534.703,-18.0557,2.4897,3542.11,0
108.934,4111.97,559.556,-39.4945,1.41868,3562.05,0
109.619,4106.56,570.772,-24.199,1.49195,3589.18,0
110.297,4105.96,572.899,-6.95781,1.47668,3572.5,0
110.974,4082.16,566.484,-10.3838,5.41609,3765.22,0
111.674,4076.7,542.388,-3.48066,7.47198,3790.54,0
112.361,4076.38,548.443,-5.29478,6.06991,3770.17,0
113.048,4099.32,535.929,-27.8239,2.94819,3544.29,0
113.731,4104.5,542.911,-45.5559,1.48581,3477.54,0
114.414,4107.35,550.264,-69.8905,0.277887,3431.82,0
115.106,4082.7,556.966,-71.9607,3.6352,3625.39,0
115.791,4074.47,577.715,-47.5991,3.66044,3674.98,0
116.475,4080.62,589.133,-46.8179,1.97809,3600.63,0
117.155,4079.24,595.666,-31.7307,1.86639,3591.46,0
117.847,4052.79,605.74,-42.2148,5.39065,3794.86,0
118.522,4035.36,603.233,-55.7698,7.44978,3920.24,0
119.202,4048.24,598.242,-38.251,5.03849,3789.85,0
119.88,4037.72,609.089,-46.4981,5.46622,3856.18,0
120.549,4040.88,606.396,-64.0427,4.46723,3808.6,0
121.232,4029.36,617.351,-52.9226,5.60028,3882.15,0
121.9,4003.46,618.515,-60.8097,8.91654,4073.37,0
122.573,3985.96,618.03,-59.2643,10.2052,4193.73,0
123.259,3962.16,598.639,-54.6773,1.46035,4363.49,0
123.941,3948.72,601.835,-36.8004,3.71697,4447.94,0
124.627,3947.86,586.179,-23.111,4.92603,4430.34,0
125.309,3944.29,576.682,-21.1341,5.88081,4434.74,0
125.992,3925.25,568.306,-18.3206,8.50952,4561.84,0
126.678,3917.27,583.632,-15.5273,7.55713,4600.07,0
127.364,3919.79,582.308,-15.5455,6.30093,4555.54,0
128.059,3915.33,582.122,11.8989,6.56741,4565.63,0
128.753,3931.66,583.923,17.8819,2.77363,4414.19,0
129.444,3928.6,587.165,32.7797,3.01381,4414.3,0
130.124,3917.62,596.813,43.9328,4.30957,4475.6,0
130.802,3912.08,592.407,55.7338,4.84959,4494.7,0
131.492,3928.37,607.98,61.0618,0.542163,4347.24,0
132.174,3916.52,596.312,68.7474,3.32337,4414.5,0
132.858,3900.53,597.028,49.0077,6.22881,4512.13,0
133.547,3900.27,586.255,49.1786,6.41567,4490.78,0
134.232,3905.85,592.011,56.7004,4.51638,4426.34,0
134.917,3907.71,595.554,45.7248,3.83773,4390.06,0
135.603,3883.62,585.28,55.0398,8.63068,4545.45,0
136.289,3891.76,571.512,46.5896,7.05941,4462.84,0
136.983,3869.6,575.531,37.0386,9.78275,4602.07,0
137.66,3858.08,580.241,35.325,9.32741,4663.08,0
138.342,3863.93,574.188,34.9666,7.18636,4597.83,0
139.033,3870.17,561.047,46.6607,6.22467,4530.11,0
139.725,3870.4,587.092,36.9404,3.56455,4505.97,0
140.408,3842.99,584.183,43.6154,8.16256,4679.25,0
141.089,3852.09,568.701,51.6848,6.32081,4592.24,0
141.769,3837.57,581.433,32.8289,7.68611,4672.58,0
142.447,3836.77,607.663,33.6278,4.40594,4656,0
143.134,3823.35,615.138,50.6628,6.09677,4727.38,0
143.824,3830.86,614.163,68.3364,4.1882,4652.47,0
144.504,3817.79,638.021,60.9713,5.34136,4721.04,0
145.189,3801.78,637.424,40.3597,7.83269,4809.07,0
145.877,3824.2,658.774,30.4969,1.87885,4632.68,0
146.562,3816.68,647.725,36.0104,3.72054,4662.36,0
147.238,3827.21,660.401,44.0001,1.01897,4569.42,0
147.927,3834.77,646.91,-3.63204,0.321163,4497.03,0
148.617,3824.36,635.796,-42.4742,2.7363,4546.19,0
149.314,3833.26,624.16,-23.425,1.66977,4465.34,0
149.988,3826.45,612.876,7.13271,3.56429,4490.7,0
150.676,3806.28,620.837,17.0432,6.75048,4604.09,0
151.361,3804.56,595.808,13.1073,7.34802,4594.6,0
152.05,3804.21,586.142,6.55977,7.02911,4576.02,0
152.728,3808.7,607.725,18.7917,3.89859,4526.32,0
153.417,3830.32,569.346,9.5534,1.78414,4365.06,0
154.101,3820.16,571.927,-11.9397,3.70743,4411.66,0
154.777,3813.31,590.893,-14.106,3.48107,4436.64,0
155.465,3809.55,593.534,-26.0763,3.8429,4441.2,0
156.149,3793.44,602.568,-38.3583,6.44413,4524.92,0
156.836,3819.33,594.064,-29.1015,0.864538,4340.01,0
157.519,3804.36,576.864,-1.68273,5.39946,4416.26,0
158.198,3814.48,599.001,3.46329,1.33089,4333.33,0
158.875,3814.22,600.505,47.2043,1.0712,4316.46,0
159.557,3795,629.422,57.7355,3.2075,4418.46,0
160.249,3798.11,648.925,87.4544,1.43275,4380.01,0
160.941,3789.27,662.106,120.917,2.2954,4416.08,0
161.633,3772.46,639.923,123.396,6.12408,4501.2,0
162.331,3753.74,646.409,109.891,8.58895,4597.15,0
163.014,3747.99,645.721,132.816,8.1939,4613.19,0
163.69,3741.99,673.054,131.725,7.13143,4630.75,0
164.377,3745.91,678.732,112.842,5.88292,4587.54,0
165.062,3765.35,675.613,133.264,1.77612,4450.73,0
165.75,3731.48,668.96,141.288,7.67316,4636.64,0
166.436,3735.24,676.348,147.373,5.5305,4594.93,0
167.128,3713.07,672.214,151.643,8.70161,4708.55,0
167.808,3706.82,657.857,149.374,8.71023,4726.7,0
168.496,3693.8,662.183,161.507,9.16399,4784.66,0
169.176,3685.33,655.026,156.134,8.78752,4815.54,0
169.859,3687.5,647.353,149.727,6.86061,4783.36,0
170.544,3690.14,654.294,157.617,5.40057,4748.67,0
171.228,3686.62,664.587,126.707,5.2318,4750.27,0
171.904,3681.43,673.47,125.302,5.41667,4761.77,0
172.601,3659.21,679.928,127.047,8.53613,4871.29,0
173.295,3698.58,678.679,115.311,0.456013,4624.61,0
173.977,3679.39,681.308,95.7491,4.11248,4716.77,0
174.667,3696.43,668.275,93.3033,1.17206,4600.58,0
175.344,3689.82,625.228,91.9509,4.14195,4620.5,0
176.027,3684.48,638.25,102.235,4.42852,4632.93,0
176.718,3690.54,673.948,106.965,1.76898,4580.53,0
177.408,3692.31,668.799,109.393,1.44233,4552.71,0
178.098,3677.86,707.492,80.8904,3.2764,4616.19,0
178.777,3666.49,714.258,51.102,5.19925,4662.29,0
179.458,3670.03,716.718,53.0361,4.39896,4624.86,0
180.14,3663.52,693.567,54.7258,5.78255,4643.52,0
180.817,3655.67,686.49,57.1187,6.60948,4669.54,0
181.499,3663.13,684.219,76.1036,4.65066,4610.86,0
182.183,3679.95,679.067,115.644,1.28451,4501.26,0
182.866,3650.3,695.277,119.75,6.1269,4646.57,0
183.562,3677.34,666.65,104.5,1.18171,4481.67,0
184.255,3672.63,667.072,115.355,2.01382,4490.33,0
184.943,3655.73,672.357,121.136,5.05366,4565.06,0
185.638,3651.84,669.799,119.558,5.38462,4568.89,0
186.323,3652.54,672.696,131.294,4.88987,4548.33,0
187.015,3644.04,682.13,133.238,5.69066,4576.95,0
187.704,3635.09,656.603,130.492,6.90054,4607.82,0
188.382,3627.85,661.376,122.633,7.431,4629.71,0
189.072,3633.62,655.575,150.133,5.65432,4582.29,0
189.748,3620.37,648.265,170.12,6.90506,4635.74,0
190.432,3639.49,647.579,163.836,2.80784,4518.71,0
191.112,3637.96,655.209,160.854,2.77683,4510.63,0
191.801,3623.27,661.266,183.887,5.24757,4571.03,0
192.48,3635.49,638.855,182.898,2.87997,4491.43,0
193.157,3631.43,633.746,178.094,3.93062,4496.69,0
193.841,3624.82,643.49,174.571,4.76954,4514.95,0
194.52,3620.41,652.066,172.666,4.96278,4521.86,0
195.203,3640.41,648.31,185.183,0.659652,4403.58,0
195.894,3625.09,655.34,189.163,3.34868,4466.23,0
196.588,3636.53,652.368,210.563,0.941404,4392.28,0
197.278,3638.68,669.992,197.161,0.152919,4366.04,0
197.955,3618.82,699.466,233.616,3.22142,4451.4,0
198.639,3628.95,702.029,246.673,1.33066,4385.09,0
199.318,3617.18,709.613,256.054,3.24352,4429.22,0
200.004,3608.04,718.71,250.765,4.38079,4459.72,0
200.707,3626.85,723.466,232.596,1.07243,4350.39,0
201.388,3616.87,723.01,235.122,2.75418,4385.24,0
202.066,3609.11,747.605,230.353,3.7168,4408.92,0
202.745,3587.36,776.252,224.028,6.63251,4501.4,0
203.428,3596.79,784.81,242.583,4.53784,4439.94,0
204.12,3617.86,796.224,255.843,1.03153,4321.66,0
204.805,3596.47,812.921,254.951,4.12433,4411.68,0
205.49,3589.35,813.521,246.356,4.73797,4431.59,0
206.162,3617.81,806.737,240.988,0.448726,4279.09,0
206.849,3594.82,831.884,228.044,3.7496,4376.05,0
207.533,3584.89,833.923,210.002,4.89231,4409.47,0
208.221,3598.52,810.076,212.413,2.72701,4329.45,0
208.893,3612.49,810.276,215.784,0.572567,4248.65,0
209.582,3597.53,804.485,239.133,2.78991,4306.04,0
210.265,3587.99,793.487,235.93,4.19037,4337.42,0
210.949,3608.57,764.496,226.414,0.917354,4225.81,0
211.63,3583.4,763.815,215.544,4.95555,4331.14,0
212.314,3591.18,733.409,239.811,3.42809,4280.53,0
212.999,3595.9,729.407,234.264,2.60401,4244.6,0
213.677,3581.78,738.17,230.858,4.78613,4297.26,0
214.356,3576.51,728.954,230.612,5.15387,4308.2,0
215.023,3571.61,730.589,213.127,5.48372,4317.62,0
215.706,3591.65,722.996,196.876,1.85864,4211.04,0
216.397,3584.3,735.476,200.683,3.05206,4231.58,0
217.082,3594.2,745.128,213.364,1.07821,4172.63,0
217.762,3591.01,736.517,229.547,1.62998,4174.22,0
218.441,3584.7,723.235,229.44,2.77583,4190.15,0
219.119,3593.96,746.667,234.804,0.956575,4134.9,0
219.796,3589.92,747.497,236.35,1.63353,4140.56,0
220.483,3575.67,754.526,219.76,3.92299,4192.27,0
221.174,3568.25,760.25,217.375,4.90934,4212.76,0
221.861,3586.93,760.544,182.109,1.71635,4115.49,0
222.554,3579.12,767.122,206.35,2.87786,4137.78,0
223.233,3556.29,753.739,217.735,6.56385,4227.46,0
223.92,3566.04,724.979,219.509,4.4191,4170.95,0
224.603,3542.77,710.128,242.119,7.86769,4261.85,0
225.286,3555.23,699.644,222.817,4.89118,4193.65,0
225.971,3538.42,707.441,196.025,7.56901,4255.32,0
226.636,3541.92,709.924,214.791,5.92202,4227.4,0
227.315,3530.72,734.402,225.039,6.80896,4264.03,0
228.011,3529.2,751.757,235.835,6.02422,4257.69,0
228.694,3562.37,772.237,259.467,0.309158,4099.96,0
229.383,3535.75,774.747,280.077,4.40265,4203.68,0
230.077,3555.31,776.995,267.527,1.18568,4105.95,0
230.769,3560.86,784.304,257.299,0.251737,4069.59,0
231.452,3551.68,768.231,254.91,1.66029,4097.29,0
232.133,3540.23,760.285,248.189,3.4787,4134.56,0
232.812,3547.78,750.774,249.816,2.31411,4090.08,0
233.496,3535.92,763.766,234.509,4.10926,4128.9,0
234.18,3555.57,756.38,229.375,0.881429,4032.9,0
234.865,3552.62,794.965,212.172,1.23835,4033.7,0
235.553,3555.97,801.908,173.343,0.638411,4007.7,0
236.23,3534.68,808.277,166.189,3.81449,4086.35,0
236.908,3539.38,829.897,152.315,2.8945,4054.8,0
237.58,3526.09,809.87,143.797,4.86378,4099.3,0
238.264,3522.61,827.566,180.111,4.96978,4102.14,0
238.958,3528.17,828.339,201.907,3.83439,4066.93,0
239.639,3533.25,856.958,193.408,2.96643,4034.19,0
240.322,3552.75,854.313,221.923,0.0970961,3941.58,0
241.01,3524.89,838.68,218.497,4.03959,4045.96,0
241.694,3532.72,863.989,204.781,2.65039,4002.09,0
242.378,3525.14,854.459,202.478,3.66086,4022.07,0
243.056,3536.05,854.527,228.216,1.94336,3965.96,0
243.745,3507.73,868.96,238.987,5.85546,4070.94,0
244.425,3521.79,858.465,261.902,3.56893,4002.1,0
245.099,3530.85,853.763,280.214,2.25924,3954.11,0
245.792,3521.55,848.765,304.698,3.23758,3980.79,0
246.473,3534.61,841.601,306.999,1.1272,3916.83,0
247.162,3526.22,810.245,294.074,2.28863,3939.85,0
247.85,3513.03,791.879,261.052,3.97272,3982.13,0
248.538,3521.14,795.031,267.092,2.54687,3938.47,0
249.211,3513.95,797.322,248.764,3.55706,3956.7,0
249.905,3527.18,825.358,243.2,1.47656,3892.75,0
250.582,3526.4,788.355,227.056,1.70467,3885.36,0
251.272,3523.11,779.859,217.066,2.18811,3887.76,0
251.959,3513.14,782.205,243.261,3.50202,3916.77,0
252.641,3498.18,778.943,236.456,5.36611,3965.38,0
253.331,3521.37,800.483,213.28,1.58431,3863.03,0
254.026,3517.82,779.073,247.86,2.16247,3866.45,0
254.712,3514.61,803.286,253.096,2.5936,3868.67,0
255.397,3491.58,805.557,232.768,5.68111,3948.43,0
256.075,3483.85,798.581,236.93,6.11394,3968.16,0
256.762,3482.14,786.385,241.258,5.82551,3964.23,0
257.448,3489.21,782.164,246.744,4.45642,3926.2,0
258.135,3512.46,773.404,277.253,1.21569,3825.65,0
258.811,3491.8,769.41,269.484,4.19262,3895.5,0
259.497,3470.81,782.541,260.109,6.13086,3966.08,0
260.186,3476.21,795.008,243.016,4.91356,3934.83,0
260.873,3484.15,805.561,257.753,3.47946,3894.02,0
261.568,3493.39,809.759,245.281,2.29087,3848.37,0
262.246,3492.39,820.629,270.884,2.01712,3842.24,0
262.938,3490.17,786.888,263.085,2.39178,3840.57,0
263.626,3477.01,779.99,266.83,3.98359,3880.45,0
264.317,3464.93,784.153,266.111,5.12708,3916.03,0
264.998,3463.14,800.549,241.901,4.91722,3912.71,0
265.667,3485.32,817.418,245.73,1.6558,3819.35,0
266.354,3486.16,806.822,253.783,1.65293,3806.36,0
267.029,3463.67,811.878,249.125,4.31786,3880.97,0
267.711,3441.3,820.871,247.883,6.40648,3954.64,0
268.396,3439.81,840.663,247.834,5.71786,3950.1,0
269.082,3449.82,836.025,265.877,4.30422,3902.84,0
269.781,3433.48,851.926,288.503,5.48024,3953.3,0
270.466,3407.75,854.192,270.18,7.6114,4038.41,0
271.143,3398.41,850.125,292.718,7.73816,4062.75,0
271.829,3386.38,855.476,290.055,7.76197,4096.79,0
272.504,3384.56,855.825,306.785,6.71712,4093.29,0
273.187,3377.63,849.557,293.375,7.17152,4108.44,0
273.877,3372.65,818.513,284.107,7.38966,4116.28,0
274.573,3334.91,815.407,273.435,10.4362,4243.29,0
275.255,3325.45,817.273,274.866,9.24241,4267.12,0
275.945,3328.27,802.981,279.542,7.61101,4246.23,0
276.632,3304.71,806.848,292.751,9.0435,4320.88,0
277.314,3275.64,789.843,296.916,10.8059,4415.07,0
277.995,3281.89,783.399,283.993,7.80797,4381.76,0
278.682,3280.17,785.768,287.246,6.55783,4377.13,0
279.362,3283.57,782.044,290.006,5.64342,4354.33,0
280.043,3267.45,773.07,279.742,7.18132,4401.28,0
280.729,3277.49,755.405,275.194,5.55153,4354.78,0
281.422,3296.56,754.874,244.343,2.75475,4276.28,0
282.107,3291.1,734.202,245.547,3.57621,4285.26,0
282.789,3280.31,724.424,245.349,4.76515,4313.08,0
283.479,3265.61,710.1,231.014,6.58913,4354.44,0
284.169,3257.94,709.832,221.763,6.73115,4370.83,0
284.858,3262.34,717.256,219.326,5.16626,4344.82,0
285.55,3250.86,703.446,217.892,6.51582,4374.5,0
286.24,3261.26,700.925,201.349,4.98001,4327.64,0
286.913,3267.76,704.301,191.585,3.73636,4294.82,0
287.602,3245.58,736.378,201.01,5.45169,4361.65,0
288.289,3275.23,753.249,208.967,0.824979,4248.42,0
288.974,3263.88,741.883,233.396,2.44507,4277.61,0
289.666,3242.92,730.587,200.812,5.58482,4339.76,0
290.356,3225.41,724.12,200.724,7.3185,4389.76,0
291.05,3212.41,722.558,206.328,7.62867,4423.95,0
291.739,3217.88,725.911,198.465,6.0966,4394.75,0
292.429,3223.29,737.775,205.474,4.42733,4365.87,0
293.12,3221.82,714.944,205.347,5.10167,4360.59,0
293.813,3254.02,705.001,210.519,0.792351,4240.73,0
294.496,3238.87,725.78,204.096,2.18259,4282.32,0
295.191,3219.29,720.74,214.77,4.60951,4338.57,0
295.879,3241.83,710.736,211.813,1.52039,4252.32,0
296.566,3218.38,715.723,215.495,4.37679,4321.55,0
297.246,3233.12,722.763,216.796,2.03405,4262.04,0
297.921,3204.6,758.703,247.799,4.67164,4348.13,0
298.61,3196.36,730.921,268.999,5.74128,4365.71,0
299.296,3195.32,735.741,267.152,5.40194,4359.17,0
299.984,3199.28,751.915,257.568,3.83268,4335.96,0
300.674,3230.28,706.391,256.664,0.697106,4222.92,0
301.352,3230.29,688.02,238.737,1.34972,4213.4,0
302.037,3239.05,689.992,222.555,0.251881,4174.8,0
302.719,3220.37,680.141,225.951,3.07704,4227.1,0
303.411,3222.4,669.096,221.645,3.12362,4210.8,0
304.087,3230.06,658.84,202.901,2.55006,4176.24,0
304.776,3218.49,663.548,206.416,3.65491,4204.77,0
305.468,3210.2,645.089,204.793,5.27392,4222.38,0
306.148,3218.48,632.512,206.765,4.08667,4185.97,0
306.838,3186.49,658.571,189.365,7.33651,4280.79,0
307.531,3180.99,664.655,189.228,6.90234,4289.05,0
308.21,3184.93,671.823,215.538,5.07783,4266.78,0
308.887,3194.71,685.652,210.191,2.96781,4225.78,0
309.578,3193.29,696.838,227.18,2.66234,4220.93,0
310.257,3185.5,723.438,243.995,2.86812,4236.81,0
310.945,3181.08,714.782,243.055,3.54443,4241.66,0
311.63,3176.52,688.828,239.557,4.44795,4246.96,0
312.313,3160.76,694.658,249.031,5.89085,4288.14,0
313.003,3137.61,703.753,263.803,7.40376,4352.64,0
313.69,3145.64,697.841,268.964,5.28433,4317.53,0
314.374,3134.72,692.972,296.643,6.2267,4342.85,0
315.069,3172.81,701.064,293.309,0.449342,4212.37,0
315.752,3154.62,711.205,308.885,2.54733,4260.89,0
316.44,3163.01,712.26,284.249,1.51793,4225.08,0
317.125,3135.23,718.906,254.72,5.14095,4303.56,0
317.807,3145.46,698.686,250.217,3.99476,4262.13,0
318.493,3131.16,721.506,230.145,5.39577,4297.86,0
319.189,3133.86,731.157,217.662,4.4803,4280.04,0
319.873,3130.94,734.026,217.709,4.59482,4280.02,0
320.549,3129.02,735.117,213.392,4.44406,4276.96,0
321.226,3120.58,732.372,223.569,5.08045,4294.24,0
321.919,3115.1,729.909,216.161,5.58981,4302.01,0
322.605,3090.71,728.595,220.012,7.86768,4368.46,0
323.284,3067.5,722.019,255.108,8.92484,4431.08,0
323.981,3061.71,714.927,245.448,7.79176,4439.43,0
324.667,3052.04,712.356,251.365,7.81535,4459.83,0
325.363,3059.91,709.644,262.019,5.35044,4426.11,0
326.053,3061.86,705.544,266.212,4.50971,4410.74,0
326.73,3063,738.995,279.962,3.32275,4398.11,0
327.416,3051.65,714.413,274.053,5.28135,4423.57,0
328.105,3038.54,706.281,259.57,7.02544,4454.26,0
328.785,3021.34,686.736,249.329,8.92491,4497.34,0
329.462,3071.04,685.505,228.694,0.95512,4337.26,0
330.152,3076.67,663.073,193.331,1.20067,4311.13,0
330.846,3080.42,649.52,204.589,1.00859,4290.74,0
331.54,3061.29,640.758,199.034,3.94445,4339.48,0
332.224,3039.83,660.115,201.707,6.23356,4395.14,0
332.91,3043.62,645.477,198.125,5.58719,4374.7,0
333.587,3050.23,659.901,211.319,3.65781,4346,0
334.275,3046.72,647.833,220.952,4.21866,4347.57,0
334.965,3023.9,658.959,210.9,6.55099,4406.73,0
335.656,3017.91,658.069,215.048,6.40771,4415.51,0
336.338,3033.44,642.849,240.915,3.7012,4360.36,0
337.037,3021.71,648.471,242.777,5.08106,4386.14,0
337.718,3006.18,652.266,247.422,6.77852,4423.26,0
338.407,2993.69,637.286,248.228,7.94123,4451.19,0
339.091,2993.01,622.82,251.259,7.23107,4444.2,0
339.768,3004.67,616.362,230.154,5.23796,4401.03,0
340.444,3021.73,597.579,218.446,3.28979,4342.18,0
341.121,3018.19,592.125,223.107,3.89148,4343.93,0
341.799,3006.99,592.124,241.725,4.97593,4368.09,0
342.478,2992.73,579.728,237.044,7.31693,4401.08,0
343.173,2977.99,577.908,227.622,9.19052,4435.12,0
343.861,2988.18,564.857,235.793,6.53887,4396.61,0
344.549,2983.01,568.111,246.98,6.43842,4402.84,0
345.243,2978.64,561.289,243.233,6.55653,4406.65,0
345.925,2949.19,553.97,259.715,10.0796,4483.09,0
346.599,2928.46,558.487,253.085,11.177,4534.16,0
347.288,2934.73,549.202,249.603,8.61964,4507.12,0
347.979,2935.59,541.54,232.717,7.72059,4495.72,0
348.669,2918.31,543.373,209.209,9.87753,4536.37,0
349.351,2897.87,543.552,196.322,11.7067,4586.02,0
350.037,2903.37,517.244,186.979,1.26419,4561.32,0
350.725,2889.58,499.203,188.287,5.60323,4591.69,0
351.398,2877.76,502.047,184.8,6.56876,4616.54,0
352.079,2873.43,511.795,191.482,5.5883,4619.9,0
352.774,2881.54,515.911,186.688,3.4019,4587.81,0
353.449,2872.55,502.687,180.978,6.35703,4604.48,0
354.141,2868.03,505.938,187.316,6.04273,4608.26,0
354.821,2870.96,500.623,174.28,6.12622,4591.17,0
355.513,2859.17,487.262,166.168,9.23111,4615.38,0
356.201,2852.63,504.386,163.823,7.3982,4624.82,0
356.88,2863.35,492.632,156.516,5.80369,4585.99,0
357.556,2875.88,484.833,154.264,3.74686,4542.3,0
358.248,2862.25,493.753,159.629,4.90078,4571.55,0
358.936,2856.01,487.629,174.341,5.99948,4580.17,0
359.612,2869.28,495.028,171.402,2.21591,4534.66,0
360.29,2856.15,486.321,144.73,6.91288,4562.58,0
360.974,2862.11,484.504,167.863,4.78369,4537.42,0
361.662,2869.19,497.403,171.823,1.52832,4509.2,0
362.336,2848.42,503.888,183.876,4.79835,4558.15,0
363.027,2834.83,488.912,187.818,8.27122,4586.9,0
363.713,2834.78,470.34,197.134,8.714,4578.39,0
364.386,2854.81,489.683,181.406,1.68779,4514.98,0
365.066,2847.47,482.76,160.323,4.89874,4526.65,0
365.756,2843.12,517.336,169.717,1.24065,4530.01,0
366.443,2833.18,495.274,188.141,4.92657,4548.65,0
367.133,2852.07,498.089,182.576,0.185125,4488.65,0
367.812,2829.64,485.104,178.518,6.75196,4541.33,0
368.501,2852.87,496.807,165.599,0.300974,4469.81,0
369.187,2857.23,489.089,156.856,0.594911,4449.7,0
369.867,2847.04,496.831,154.573,1.90811,4469.06,0
370.55,2850.43,475.933,143.279,4.09844,4451.67,0
371.243,2842.32,479.635,155.156,4.59424,4465.21,0
371.927,2843.62,490.398,150.487,3.00518,4453.52,0
372.61,2833.54,508.933,151.852,2.96178,4472.39,0
373.284,2835.73,491.915,178.164,3.31836,4458.47,0
373.964,2838.04,492.469,186.252,2.21105,4444.16,0
374.648,2839.02,476.801,187.796,3.60646,4433.44,0
375.324,2839.12,476.483,197.653,3.04806,4425.2,0
376.002,2816.29,494.412,202.482,5.69946,4477.91,0
376.683,2819.44,506.87,213.774,2.06531,4461.48,0
377.366,2812.79,510.725,216.137,2.93539,4471.01,0
378.048,2808.97,523.781,174.053,3.99396,4473.06,0
378.733,2782.76,537.325,168.772,8.42338,4534.17,0
379.421,2781.27,512.567,182.99,8.95188,4529.89,0
380.111,2788.48,520.129,180.035,5.38629,4502.69,0
380.793,2799.49,490.135,186.14,5.3213,4465.7,0
381.476,2785.14,483.363,152.834,9.7441,4495.33,0
382.165,2792.27,498.817,146.651,5.23582,4468.57,0
382.841,2779.01,500.032,156.09,7.39284,4495.32,0
383.525,2771.29,492.756,155.646,8.79052,4507.42,0
384.21,2793.82,500.404,152.664,1.44533,4440.75,0
384.891,2806.7,485.899,126.022,1.17212,4399.41,0
385.575,2806.31,488.076,107.566,1.60647,4392.64,0
386.259,2809.24,455.523,100.374,6.60438,4377.28,0
386.945,2818.2,470.504,80.7643,1.96689,4346.35,0
387.625,2826.83,464.147,62.2644,1.55209,4316.46,0
388.314,2834.78,458.92,70.7009,0.38979,4288.34,0
388.982,2838.91,424.423,78.3983,5.56323,4270.36,0
389.664,2822.86,451.323,73.5187,4.00928,4304.07,0
390.353,2819.94,467.687,37.7079,2.11555,4303.96,0
391.038,2823.66,462.397,49.422,1.94356,4286.89,0
391.722,2820.89,444.704,52.319,5.60448,4286.5,0
392.413,2811.66,464.988,56.4849,3.33479,4302.45,0
393.106,2821.46,465.069,31.9497,1.23534,4269.94,0
393.795,2815.53,452.248,26.6247,5.04915,4277.53,0
394.488,2833.17,441.021,26.3171,2.50717,4225.3,0
395.167,2838.59,430.426,1.05135,3.52614,4204.32,0
395.852,2817.41,444.376,6.97987,5.04723,4250.55,0
396.551,2806.09,462.836,6.55081,3.27217,4271.62,0
397.237,2810.4,469.355,17.6684,0.499087,4253.37,0
397.914,2802.53,475.833,26.6346,1.04938,4265.91,0
398.597,2772.2,474.857,38.6665,8.14057,4334.7,0
399.283,2763.76,488.241,36.0291,6.95634,4348.4,0
399.974,2748.14,508.988,58.4093,6.33121,4379.94,0
400.653,2754.19,518.821,55.2636,2.38936,4357.4,0
401.332,2738.17,524.539,48.9433,5.55231,4389.96,0
402.019,2719.99,495.055,32.299,4.52576,4427.68,0
402.706,2723.83,484.711,26.582,5.33263,4410.58,0
403.383,2726.34,463.618,20.5469,8.98402,4396.96,0
404.067,2723.02,456.817,7.3637,10.574,4397.74,0
404.753,2715.91,433.336,-1.25671,8.02913,4407.85,0
405.437,2714.63,456.77,-2.35532,0.280736,4403.56,0
406.116,2701.53,456.41,-0.94191,4.48429,4428.46,0
406.802,2693.65,472.718,12.1717,1.4459,4440.36,0
407.48,2686.14,453.996,16.8775,9.75807,4451.4,0
408.151,2684.65,442.689,2.5629,2.13454,4447.73,0
408.83,2686.64,430.512,-5.39195,5.42453,4435.5,0
409.515,2685.63,422.021,3.64769,7.84123,4430.52,0
410.206,2685.23,418.722,-10.6014,8.34293,4424.04,0
410.885,2694.68,407.765,-1.84377,9.43277,4393.72,0
411.565,2657.89,413.694,15.204,4.99877,4475.87,0
412.246,2643.28,421.549,20.5199,4.11827,4503.92,0
412.931,2628.16,433.056,12.6452,2.90834,4533.05,0
413.612,2638.6,423.244,-9.34754,5.09139,4500.35,0
414.296,2630.82,406.792,-17.3699,6.20796,4511.7,0
414.984,2622.17,410.168,-4.56404,6.60322,4525.05,0
415.657,2622.66,409.491,-15.9417,6.10531,4516.56,0
416.351,2638.81,390.329,-21.3879,0.866063,4470.25,0
417.026,2655.05,379.21,-27.593,2.86991,4424.07,0
417.722,2644.45,380.513,-37.778,4.74178,4442.07,0
418.401,2624.67,368.072,-39.8602,8.93534,4482.14,0
419.089,2613.48,350.275,-48.7119,1.27713,4501.48,0
419.764,2623.48,343.705,-54.9619,3.35679,4470.41,0
420.441,2610.92,340.049,-58.7525,9.2228,4493.08,0
421.121,2621.86,339.285,-80.3593,1.80582,4459.85,0
421.812,2613.88,309.153,-73.1269,7.49916,4471.47,0
422.488,2620.13,307.753,-74.1061,6.63028,4449.52,0
423.178,2625.32,272.567,-75.2029,10.3819,4430.01,0
423.853,2627.78,273.666,-82.2727,6.27878,4417.13,0
424.534,2614.69,270.408,-71.7692,3.92494,4440.9,0
425.215,2601.2,245.173,-58.4407,1.99412,4465.49,0
425.902,2556.85,255.741,3.36062,0.56,4562.44,0
426.581,2538.76,275.701,19.0633,0.553017,4597.57,0
427.26,2559.6,267.625,-31.1413,0.553821,4541.49,0
427.951,2550.13,246.058,-3.92268,0.546457,4556.3,0
428.648,2502.41,246.52,-14.8302,0.547211,4660.22,0
428.653,2499.95,246.937,-14.6009,0.552656,4665.9,0
