0.683451,4482.95,403.661,493.258,1.81843,24945.9,0
1.36295,4472.13,413.483,489.4,2.95592,20451.7,0
2.04598,4470.56,419.678,496.23,2.71627,14390.7,0
2.73431,4457.26,415.33,481.785,4.80571,15631.8,0
3.42237,4486.27,416.107,511.302,0.251985,4012.98,0
4.11945,4477.61,406.671,516.828,1.38168,5434.45,0
4.79403,4471.65,406.102,508.476,2.34654,5912.81,0
5.47884,4450.28,404.897,509.607,4.86079,9075.75,0
6.15734,4444.31,389.695,498.647,5.62055,9045.28,0
6.84719,4466.56,399.728,525.142,1.45225,4883.95,0
7.52598,4472.2,415.57,498.628,1.06848,3694.45,0
8.22582,4473.29,432.066,505.674,0.403982,3247.03,0
8.9095,4456.9,395.313,496.015,3.43266,4837.34,0
9.59356,4455.91,400.51,493.269,3.46047,4596.22,0
10.2772,4434.94,402.594,504.122,5.30551,6330.59,0
10.9693,4438.51,417.512,522.406,3.976,5605.93,0
11.6468,4457.4,419.534,528.846,1.2525,3657.82,0
12.3227,4432.96,401.914,560.396,3.75712,5440.32,0
13.0174,4432.11,389.969,567.206,3.65929,5215.33,0
13.6977,4427.4,402.331,555.927,3.93211,5300.05,0
14.3865,4445.4,401.529,547.242,1.6709,3794.97,0
15.0761,4454.29,397.204,522.188,1.17922,3031.95,0
15.7635,4415.8,355.462,553.929,6.00215,5341.18,0
16.4487,4410.44,356.274,546.682,6.10785,5444.95,0
17.1355,4397.23,343.925,537.729,7.5704,5997.3,0
17.8205,4400.03,337.582,542.065,6.15844,5610.1,0
18.5031,4412.63,329.393,554.475,3.80548,4722.11,0
19.1864,4417.32,314.496,603.515,2.02418,4309.39,0
19.8793,4415.19,284.906,616.249,2.30883,4266.37,0
20.5719,4436.6,223.28,570.127,1.62814,3081.76,0
21.2391,4420.28,234.864,561.216,3.87131,3753.59,0
21.9254,4436.14,241.827,575.461,1.13744,2912.68,0
22.6169,4443.72,241.89,576.727,0.070697,2488.31,0
23.292,4434.42,218.185,590.362,1.06709,2815.7,0
23.9842,4423.53,209.376,600.456,2.25302,3188.3,0
24.6588,4432.3,199.825,609.361,0.850254,2745.42,0
25.3513,4408.33,184.85,573.618,5.34198,3615.87,0
26.0408,4401.92,184.971,573.366,5.68851,3766.49,0
26.733,4385.02,178.276,599.971,6.22121,4301.01,0
27.4143,4379.46,182.07,583.949,6.62112,4396.85,0
28.107,4378.82,176.622,567.592,6.36885,4311.51,0
28.7956,4368.83,167.305,552.213,7.2349,4555.3,0
29.4878,4361.94,165.688,560.943,7.0252,4682.08,0
30.1746,4349.33,158.181,548.778,7.99141,4993.3,0
30.8645,4350.1,176.146,538.389,6.68439,4856.8,0
31.5526,4338.42,186.308,532.499,7.55734,5121.09,0
32.2378,4332.98,175.27,530.492,7.15565,5180.95,0
32.9257,4299.58,178.48,514.763,10.4241,6086.96,0
33.6046,4271.71,179.611,525.729,1.10442,6793.43,0
34.2971,4266.46,151.747,530.895,2.01897,6809.29,0
34.9929,4261.78,154.582,527.346,2.80177,6807.66,0
35.6798,4260.51,156.375,513.462,3.55169,6712.12,0
36.3632,4270.73,156.102,510.995,2.15899,6304.92,0
37.048,4261.28,143.764,497.702,4.2194,6443.44,0
37.7379,4275.68,122.446,515.165,1.50156,5944.28,0
38.4246,4278.49,142.555,514.63,0.883283,5764.81,0
39.1014,4275.71,172.234,504.723,1.19836,5736.03,0
39.7891,4257.08,191.015,495.03,3.90741,6105.15,0
40.4679,4252.45,197.579,478.54,5.0962,6117.13,0
41.1518,4234.46,200.484,475.112,7.50821,6452.74,0
41.8344,4224.49,198.392,475.751,7.59644,6585.74,0
42.5216,4205.76,192.034,498.818,8.0713,6919.66,0
43.2103,4197.33,194.859,490.09,8.16435,7004.55,0
43.8985,4194.6,182.493,474.064,7.8816,6956.99,0
44.5822,4199.85,198.607,482.318,5.28773,6732.45,0
45.2641,4206.31,201.643,469.376,4.66765,6488.41,0
45.9427,4194.27,189.889,474.287,5.77975,6654.63,0
46.6261,4187.56,187.779,477.064,5.98285,6700.94,0
47.3142,4158.5,156.237,472.794,9.64646,7217.69,0
48.0053,4169.19,156.994,482.187,6.23539,6891.06,0
48.6813,4187.25,163.897,476.076,3.29121,6424.42,0
49.37,4187.98,144.321,525.32,0.462683,6320.08,0
50.0512,4145,147.667,520.537,7.09697,7092.81,0
50.736,4154.88,145.145,534.909,4.0715,6802.23,0
51.4221,4141.2,138.991,515.611,6.55917,6977.51,0
52.1102,4145.17,134.174,516.115,5.42578,6809.3,0
52.798,4125.37,128.627,519.569,7.76264,7095.56,0
53.4685,4105.93,126.472,547.431,7.37211,7370.08,0
54.1613,4094.3,107.599,543.449,8.41407,7490.52,0
54.8374,4080.6,103.373,554.283,8.65145,7648.05,0
55.5245,4101.76,106.722,553.742,4.36625,7172.31,0
56.2067,4102.98,97.7253,554.034,3.9883,7063.59,0
56.8864,4098.29,115.173,592.041,2.1477,7061.56,0
57.5607,4083.87,129.696,617.055,2.99652,7229.39,0
58.2544,4058.8,122.308,595.877,7.52947,7573.63,0
58.9327,4065.31,129.716,598.018,5.22134,7376.07,0
59.6212,4062.87,153.031,598.984,4.80732,7331.88,0
60.3081,4088.71,166.731,598.171,0.310512,6819.81,0
60.9988,4059.41,163.203,576.242,6.02554,7222.86,0
61.6886,4076.62,164.458,564.85,3.68938,6863.2,0
62.3743,4088.95,173.581,545.86,2.51552,6590.01,0
63.053,4090.12,175.672,539.519,2.5783,6500.63,0
63.7384,4088.37,171.95,519.958,4.11775,6458.06,0
64.4253,4092.78,140.862,529.46,3.33235,6320.85,0
65.1192,4090.8,135.86,514.611,4.4573,6283.84,0
65.8044,4064.79,158.441,514.022,7.89501,6613.69,0
66.4952,4058.62,130.521,514.354,7.39109,6637.78,0
67.1837,4047.54,132.996,535.579,6.8412,6734.73,0
67.859,4032.02,147.849,547.977,7.257,6896.3,0
68.5547,4016.6,132.114,547.945,8.90057,7051.25,0
69.235,4009.31,155.741,558.712,7.2163,7087.31,0
69.9268,4008.03,156.56,546.192,7.31573,7035.45,0
70.6029,4004.87,156.054,583.886,4.96658,7012.82,0
71.2825,4009.53,165.298,592.748,3.36829,6880.61,0
71.9589,4014.89,122.346,566.6,4.56293,6741.55,0
72.642,3997.85,127.791,564.103,7.02141,6912.68,0
73.3213,4010.62,131.843,553.676,5.15178,6674.45,0
73.9978,4029.15,144.904,558.317,1.40382,6362.98,0
74.6853,4001.85,174.698,571.981,4.66721,6669.95,0
75.3771,4018.71,182.623,578.82,1.22534,6385.06,0
76.0644,4010.38,158.521,606.152,1.55061,6436.86,0
76.7514,3975.87,151.175,606.213,7.13219,6828.96,0
77.4408,3989,160.716,606.377,4.48516,6598.61,0
78.1326,4007.55,192.323,597.41,1.09056,6302.75,0
78.8056,4000.18,168.997,622.203,1.43288,6342.44,0
79.4898,4000.67,166.789,597.872,2.34776,6281.73,0
80.162,4002.43,165.774,581.933,2.92621,6207,0
80.8496,3999.45,180.7,577.021,3.39444,6191.1,0
81.5316,3964.68,176.306,567.641,9.15222,6565.74,0
82.2147,3967.07,189.482,554.481,8.18484,6482.15,0
82.8942,3951.23,201.514,567.284,8.27906,6620.15,0
83.5861,3948.4,191.063,542.097,9.06234,6599.14,0
84.2705,3942.65,199.461,550.728,8.22589,6613.84,0
84.9493,3934.69,226.188,558.747,7.26733,6654.64,0
85.6417,3922.26,209.347,557.068,8.96378,6746,0
86.3281,3929.95,203.843,574.81,5.44757,6603.3,0
87.0212,3937.27,202.738,574.816,3.9251,6466.6,0
87.6989,3945.71,212.325,574.408,1.94984,6320.36,0
88.3848,3947.82,241.584,544.031,2.61739,6247.48,0
89.0718,3941.16,256.812,539.838,3.60255,6274.06,0
89.751,3922.45,255.658,549.874,6.09346,6435.02,0
90.4401,3907.58,258.193,550.917,7.7249,6550.39,0
91.1173,3913.38,266.593,558.812,5.31595,6438.09,0
91.7998,3909.97,290.084,564.632,4.34791,6427.37,0
92.4927,3895.29,304.268,573.303,5.50802,6537.97,0
93.1766,3922.71,329.877,561.453,0.417851,6195.67,0
93.8556,3899.06,330.494,575.868,3.87785,6402.83,0
94.5413,3899.51,307.757,579.588,3.91978,6351.6,0
95.2165,3889.64,310.687,605.948,4.40348,6410.24,0
95.9059,3873.77,302.338,599.065,7.13942,6529.62,0
96.5863,3882.55,294.765,593.422,5.21391,6392.76,0
97.2708,3871.7,296.595,584.319,6.93028,6459.25,0
97.9503,3860.86,288.289,600.326,7.49256,6525.14,0
98.6213,3866.39,286.796,590.273,5.87575,6424.64,0
99.2985,3867.16,284.796,600.822,4.66755,6373.1,0
99.9872,3855.04,282.717,613.337,5.85748,6450.42,0
100.667,3846.64,258.27,629.568,6.65033,6490.29,0
101.357,3856.83,271.458,635.961,3.72401,6345.57,0
102.033,3837.36,292.725,629.253,6.2303,6494.42,0
102.715,3851.29,290.605,625.391,3.47326,6315.66,0
103.41,3825.45,277.981,629.79,7.59612,6523.1,0
104.108,3834.21,257.661,642.493,4.76191,6395.22,0
104.8,3823.32,278.005,636.221,6.28544,6456.91,0
105.48,3829.16,274.404,635.693,4.70286,6359.86,0
106.171,3808.77,284.248,629.192,7.73854,6510.57,0
106.854,3793.99,294.157,650.414,8.09597,6607.23,0
107.548,3793.18,303.407,640.548,7.09291,6572.09,0
108.245,3796.13,291.765,652.887,5.78243,6502.58,0
108.929,3788.71,308.845,665.12,6.07679,6529.87,0
109.621,3793.71,309.46,672.898,4.47471,6443.04,0
110.3,3803.33,323.27,690.928,2.27531,6316.14,0
110.985,3803.28,325.027,690.506,2.27907,6277.58,0
111.659,3804.4,327.246,710.946,1.66602,6229.74,0
112.34,3787.58,345.124,717.872,4.00295,6341.59,0
113.034,3787.89,335.573,713.847,3.96165,6300.01,0
113.725,3801.89,348.858,716.502,1.39843,6138.55,0
114.412,3789.26,347.972,682.924,3.98903,6212.14,0
115.095,3790.93,356.335,672.285,3.73422,6160.73,0
115.773,3780.74,346.226,684.308,4.99265,6212.69,0
116.465,3766.92,331.963,697.757,6.49548,6294.47,0
117.163,3773.72,335.737,711.467,4.34162,6198.83,0
117.847,3771.48,344.984,733.075,4.11278,6181.92,0
118.531,3793.09,335.206,745.401,0.568063,5963.91,0
119.21,3778.42,355.246,739.274,2.71639,6053.03,0
119.886,3788.91,328.584,730.004,1.44245,5931.4,0
120.568,3774.43,306.366,729.802,3.78713,6017.91,0
121.25,3756.34,318.42,748.701,5.96307,6133.29,0
121.936,3755.29,332.552,752.971,5.70073,6107.42,0
122.623,3775.71,323.94,739.106,2.48714,5906.59,0
123.315,3760.52,336.683,740.541,4.52219,5996.7,0
124.005,3759.18,345.565,741.412,3.95624,5974.1,0
124.693,3773.37,363.571,753.083,1.48205,5827.37,0
125.377,3768.64,382.706,781.481,1.76997,5833.33,0
126.059,3763.65,372.092,801.432,2.32126,5841.37,0
126.739,3766.32,395.005,778.373,2.00144,5788.87,0
127.434,3761.99,403.68,784.265,2.51251,5791.28,0
128.121,3752.08,417.101,794.059,3.35967,5837.6,0
128.816,3752.23,452.319,805.568,2.99981,5804.97,0
129.508,3727.04,465.444,795.435,5.89371,5968.42,0
130.188,3731.84,455.835,816.682,4.79884,5900.39,0
130.875,3743.39,465.737,828.479,2.9888,5781.2,0
131.562,3744.57,472.095,847.569,2.50353,5741.99,0
132.241,3733.09,469.189,863.074,3.77558,5799.34,0
132.92,3735.04,482.157,886.753,3.25903,5755.02,0
133.589,3716.38,483.297,903.66,5.08118,5865.89,0
134.279,3703.52,494.465,922.978,5.93233,5931.56,0
134.957,3693.83,507.495,908.238,6.66839,5973.52,0
135.649,3694.41,514.956,912.028,5.83612,5938.78,0
136.34,3685.8,513.583,912.353,6.15078,5971.85,0
137.02,3685.17,516.261,908.746,5.54896,5946.77,0
137.709,3701.46,495.86,893.676,3.30892,5798.76,0
138.397,3719.7,470.229,880.604,0.93186,5638.15,0
139.079,3687.51,458.66,867.733,5.01235,5841.92,0
139.768,3683.44,462.509,879.863,4.92932,5842.31,0
140.451,3688.21,448.815,869.385,4.26271,5779.87,0
141.149,3696.58,459.762,878.722,2.9072,5691.99,0
141.83,3686.63,457.881,909.197,4.02302,5734.84,0
142.52,3711.64,441.525,893.372,0.767961,5531.55,0
143.209,3693.16,419.542,917.446,3.04436,5633.99,0
143.909,3699.72,403.936,899.96,2.08262,5561.03,0
144.594,3693.61,400.444,896.076,2.85049,5576.92,0
145.275,3675.01,427.569,922.203,4.59165,5678.84,0
145.949,3675.55,429.093,936.28,4.1854,5648.91,0
146.64,3664.67,412.083,936.823,5.37945,5696.5,0
147.33,3651.12,399.3,931.802,6.55775,5761.77,0
148.021,3640.16,392.167,918.669,7.07058,5808.93,0
148.701,3634.8,392.225,920.504,6.70235,5818.37,0
149.392,3639.14,411.603,920.966,5.58301,5762.41,0
150.071,3651.68,406.971,927.103,3.64093,5652.8,0
150.764,3643.52,416.696,905.769,4.39779,5680.92,0
151.453,3617.71,412.037,876.242,7.24727,5825.46,0
152.147,3613,414.438,882.106,6.85865,5829.92,0
152.838,3621.87,405.26,892.689,4.8945,5745.47,0
153.524,3622.7,395.531,868.886,4.5504,5714.41,0
154.204,3598.46,402.49,871.962,7.33932,5846.41,0
154.884,3613.05,401.048,864.299,4.52896,5726.52,0
155.582,3634.49,394.113,876.217,1.37958,5563.05,0
156.268,3602.53,389.009,851.775,5.78093,5743.16,0
156.962,3611.68,374.193,878.134,4.36295,5659.46,0
157.646,3616.38,357.042,873.037,3.49967,5605.09,0
158.331,3632.6,368.007,865.388,1.21455,5478.37,0
159.005,3635.33,389.671,898.78,0.68683,5437.99,0
159.687,3622.8,399.11,915.735,2.11921,5493.26,0
160.376,3629.62,373.439,945.845,0.997965,5427.15,0
161.052,3631.63,355.198,924.496,0.690195,5391.88,0
161.739,3633.73,348.313,932.267,0.398823,5356,0
162.426,3625.73,363.208,925.423,1.4528,5382.54,0
163.11,3608.23,343.924,918.901,3.794,5467.31,0
163.797,3618.29,334.53,933.622,2.34149,5382.95,0
164.487,3621.15,366.858,914.372,1.95567,5343.01,0
165.174,3632.03,350.226,920.827,0.388779,5254.9,0
165.85,3619.08,357.676,898.659,2.12843,5311.55,0
166.536,3622.2,341.631,867.416,1.84538,5270.92,0
167.218,3603.49,343.587,878.835,4.23022,5361.32,0
167.897,3604.92,334.578,872.731,3.83124,5331.12,0
168.593,3599.69,331.71,863.711,4.22167,5340.15,0
169.28,3602.44,309.017,877.21,3.27024,5302.23,0
169.977,3571.83,327.502,868.439,7.13382,5460.58,0
170.663,3582.33,325.219,861.903,5.04731,5377.06,0
171.332,3588.38,341.036,879.929,4.01801,5320.81,0
172.011,3599.71,338.387,875.245,2.38986,5233.9,0
172.677,3598.6,312.507,879.289,2.45616,5220.11,0
173.351,3600.19,327.923,896.051,2.12014,5190.69,0
174.027,3587.32,314.095,886.747,3.93129,5244.49,0
174.709,3600.19,334.235,895.578,1.97951,5150.32,0
175.392,3610.77,302.303,885.268,0.569306,5069.94,0
176.076,3585.8,287.41,914.261,3.81147,5192.08,0
176.763,3559.02,287.957,928.073,6.75726,5323.37,0
177.463,3555.7,261.39,922.24,6.47203,5321.1,0
178.146,3555.83,244.999,926.607,5.95262,5299.95,0
178.822,3561.36,236.27,926.039,4.85713,5249.02,0
179.501,3553.63,226.267,938.853,5.47154,5272.24,0
180.189,3551.42,209.532,953.707,5.47109,5264.33,0
180.869,3553.18,222.124,955.722,4.74417,5234.84,0
181.555,3550.74,211.423,941.399,4.69236,5228.51,0
182.242,3531.37,210.287,944.715,6.71429,5315.09,0
182.931,3563.62,210.319,954.393,1.96957,5118.75,0
183.622,3559.58,233.645,968.158,2.43128,5121.49,0
184.3,3533.02,212.307,950.673,5.87435,5246.79,0
184.988,3535.95,231.207,922.353,5.10814,5211.43,0
185.673,3524.09,184.097,956.909,6.01098,5256.07,0
186.355,3503.62,163.872,947.22,7.81807,5346.66,0
187.026,3524.21,155.067,928.176,3.99994,5217.36,0
187.711,3530.34,123.19,924.464,2.82793,5165.7,0
188.391,3532.97,95.4939,904.228,2.4005,5133.1,0
189.072,3511.48,86.6896,920.734,5.22147,5228.28,0
189.757,3494.3,100.148,905.969,6.8319,5299.92,0
190.434,3482.29,90.706,902.795,7.13469,5344.15,0
191.119,3456.95,89.5174,908.822,8.89445,5457.61,0
191.799,3462.42,74.4778,891.939,7.3726,5409.76,0
192.487,3466.14,40.5331,887.187,6.43803,5371.06,0
193.167,3478.53,35.9497,919.546,4.07886,5287.98,0
193.862,3490.02,50.5838,921.848,2.52745,5209.77,0
194.557,3489.16,62.4444,936.316,2.31055,5195.58,0
195.25,3474.93,78.0009,934.518,4.07228,5250.04,0
195.941,3485.65,107.199,955.055,2.33005,5176.83,0
196.622,3458.62,103.724,952.113,5.31832,5296.33,0
197.303,3445.53,84.4409,966.959,6.23422,5344.44,0
197.997,3436.31,85.881,956.224,6.62656,5372.28,0
198.68,3428.15,81.2765,956.296,6.81838,5394.84,0
199.359,3466.99,65.0242,948.987,1.84213,5181.64,0
200.051,3459.82,26.6141,958.83,2.60158,5199.57,0
200.74,3448.27,53.9196,984.477,3.45178,5239.26,0
201.427,3452.8,85.1414,969.684,2.88456,5198.9,0
202.107,3432.31,99.3965,963.591,5.17948,5282.79,0
202.798,3420.16,92.1446,961.331,6.01957,5324.72,0
203.476,3416.38,95.5558,959.283,5.79813,5325.52,0
204.175,3427.74,89.792,952.1,4.05983,5251.66,0
204.87,3446.56,82.8601,970.289,1.38669,5142,0
205.548,3453.37,99.817,970.002,0.543491,5091.88,0
206.239,3442.72,81.1974,995.987,1.51457,5126.5,0
206.929,3425.37,93.8256,993.932,3.55724,5193.21,0
207.613,3427.34,82.7606,980.418,3.40161,5166.65,0
208.308,3438.72,80.5263,1012.35,1.64335,5094.74,0
208.991,3421.71,64.2775,1023.88,3.34865,5159.49,0
209.673,3444.82,65.1623,1011.14,0.732111,5032.5,0
210.366,3431.83,80.2043,1000.88,2.37645,5077.67,0
211.049,3440.52,77.3671,957.964,1.8287,5020.08,0
211.733,3418.47,56.839,950.994,4.49775,5107.99,0
212.415,3436.43,53.1979,963.288,1.98057,5007.02,0
213.102,3425.3,43.3814,975.644,3.044,5043.13,0
213.782,3425.75,50.8948,999.764,2.6395,5024.97,0
214.48,3441.2,64.6228,1047.27,0.237746,4936.57,0
215.165,3419.82,48.5064,1041.7,2.81072,5020.26,0
215.86,3393.97,41.5974,1061.58,5.51041,5123.83,0
216.545,3406.38,30.2411,1078.45,3.34876,5050.29,0
217.225,3408.89,37.703,1094.29,2.7927,5022.94,0
217.906,3406.79,15.7639,1080.2,3.13666,5016.9,0
218.594,3432.21,21.9158,1069.6,0.21433,4884.79,0
219.269,3433.47,38.8611,1052.95,0.246375,4864.04,0
219.953,3396.54,34.3903,1047.77,4.62585,5016.77,0
220.634,3410.61,13.377,1025.23,2.98289,4937.53,0
221.313,3410.8,37.6747,1047.24,2.65661,4921.53,0
222,3404.31,24.0954,1056.92,3.2518,4935.56,0
222.673,3404.37,25.0437,1029.31,3.45205,4920.37,0
223.358,3386.81,10.6055,1035.01,5.15444,4983.88,0
224.043,3377.27,-9.69019,1026.01,5.61802,5011.22,0
224.736,3368.99,-9.97447,1006.85,6.19442,5032.63,0
225.409,3375.81,-19.5571,1037.44,4.60905,4987.35,0
226.091,3387.39,-20.4642,1012.89,3.32926,4921.09,0
226.777,3369.22,-22.8391,1036.72,5.21321,4986.34,0
227.454,3370.69,-6.90491,1038.79,4.4174,4964.99,0
228.133,3401.43,17.4023,1043.39,0.654846,4815.5,0
228.817,3402.35,30.5832,1047.63,0.486004,4797.07,0
229.512,3386.22,65.9293,1048.92,2.34932,4852.82,0
230.198,3400.5,56.5014,1040.75,0.731029,4776.33,0
230.873,3395.09,79.7497,1038.11,1.40492,4785.8,0
231.544,3402.66,69.6607,1025.64,0.670478,4739.21,0
232.224,3375.59,66.866,1031.43,3.77505,4841.9,0
232.904,3381.79,75.2627,1055.3,2.64605,4801.15,0
233.601,3391.38,91.1569,1061.07,1.3982,4745.8,0
234.282,3370.21,104.828,1049.34,3.89772,4822.37,0
234.959,3366.83,121.033,1044.77,4.02452,4822.86,0
235.65,3370.4,117.878,1051.18,3.44461,4793.55,0
236.335,3360.81,120.05,1028.17,4.68626,4820.24,0
237.004,3361.91,142.072,1023.1,4.32857,4801.97,0
237.691,3367.56,118.748,1009.95,3.63296,4764.34,0
238.374,3359.02,126.48,1007.66,4.33178,4786.52,0
239.053,3378.43,114.2,1045.66,1.42714,4691.71,0
239.742,3369.5,91.0013,1069.1,2.21311,4715.49,0
240.421,3359.73,78.7608,1091.37,3.04099,4742.82,0
241.109,3381.09,104.631,1089.54,0.423208,4640.7,0
241.797,3370,124.046,1099.15,1.59287,4673.36,0
242.489,3377.37,123.151,1071.91,0.982343,4629.59,0
243.165,3380.9,135.818,1075.6,0.494975,4602.24,0
243.849,3350.69,161.64,1063.02,3.95984,4713.22,0
244.525,3343.42,141.587,1091.05,4.30503,4729.91,0
245.206,3326.48,144.631,1100.97,5.25174,4785.84,0
245.893,3324.08,155.38,1090.93,5.17894,4782.25,0
246.576,3324.73,170.977,1102.22,4.65076,4766.34,0
247.265,3327.44,165.545,1110.46,3.96351,4742.1,0
247.948,3342.61,161.382,1124.88,1.77566,4667.89,0
248.623,3328.65,153.885,1132.75,3.34751,4711.36,0
249.316,3325.97,151.936,1100.21,3.69225,4709,0
250.006,3303.76,131.684,1099.73,6.09658,4784.84,0
250.693,3313.52,134.245,1111.34,4.25329,4732.8,0
251.382,3307.76,144.522,1082.74,4.9295,4742.72,0
252.064,3314.25,110.679,1096.8,3.75868,4704.17,0
252.741,3310.77,97.622,1098.22,3.9679,4705.34,0
253.429,3333.36,66.4462,1110.66,0.963377,4603.41,0
254.107,3301.63,30.6369,1094.28,4.96939,4716,0
254.79,3296.69,44.4499,1099.12,5.07864,4722.76,0
255.476,3301.75,41.6552,1105.24,4.04341,4690.25,0
256.167,3324.89,15.0071,1092.68,1.34061,4587.27,0
256.853,3293.07,21.0187,1112.98,4.89813,4698.9,0
257.548,3292.95,5.48726,1120.44,4.47837,4686.69,0
258.235,3292.85,-3.6204,1136.8,4.21435,4674.62,0
258.912,3281.9,-3.36589,1136.25,5.11101,4704.68,0
259.612,3264.51,-15.3172,1121.94,6.97259,4758.99,0
260.298,3277.99,-5.43777,1121.87,4.88949,4694.65,0
260.985,3293.5,-0.213325,1103.62,2.87693,4622.86,0
261.679,3285.22,6.38086,1102.67,3.70959,4642.27,0
262.363,3309.11,10.5119,1106.2,0.621507,4539.11,0
263.037,3302.74,-19.3659,1121.93,1.19659,4551.67,0
263.718,3292.97,-1.44004,1135.33,2.25981,4576.96,0
264.407,3292.27,9.58774,1143.35,2.17059,4567.69,0
265.106,3284.75,34.0402,1113.75,3.39726,4584.01,0
265.785,3297.65,63.7982,1160.45,1.27554,4523.75,0
266.469,3288.81,13.2033,1158.36,2.38067,4545.32,0
267.155,3307.25,6.31724,1136.72,0.338355,4464.65,0
267.845,3302.09,17.3735,1146.83,0.825062,4472.4,0
268.537,3290.14,-4.42113,1202.8,1.65313,4505.37,0
269.22,3270.08,5.35348,1198.06,4.06005,4568.46,0
269.912,3280.25,31.6084,1218.47,2.39899,4519.08,0
270.6,3277.78,32.762,1215.79,2.70012,4516.7,0
271.288,3255.41,15.353,1216,5.24501,4587.73,0
271.969,3264.99,-27.4386,1214.13,3.88799,4540.99,0
272.659,3265.17,-22.1292,1215.59,3.5045,4528.86,0
273.35,3240.92,-6.1799,1221.13,5.91259,4606.11,0
274.033,3243.91,6.36875,1236.67,4.86704,4583.73,0
274.707,3239.02,-16.179,1231.73,5.08266,4590.27,0
275.394,3249.7,-23.6507,1221.42,3.623,4540.04,0
276.084,3243.52,-39.4994,1241.15,3.9783,4551.07,0
276.766,3253.92,-38.4501,1230.47,2.63974,4502.29,0
277.458,3233.02,-28.8143,1260.27,4.64383,4566.38,0
278.147,3232,-9.61893,1248.95,4.59555,4558.75,0
278.829,3231.69,-24.2462,1247.85,4.44766,4548.7,0
279.513,3239.04,-26.6033,1269.51,3.08375,4511.29,0
280.2,3222.16,-24.0092,1288.48,4.68461,4560.44,0
280.882,3194.79,-25.6418,1291.99,7.63944,4646.85,0
281.563,3210.68,-28.2033,1322.8,4.4668,4579.16,0
282.255,3219.72,-33.7746,1334.46,2.87716,4535.89,0
282.938,3217.59,-43.3949,1340.15,3.06874,4532.48,0
283.614,3220.84,-32.2133,1338.83,2.51948,4510.19,0
284.302,3233,-25.8951,1346.31,0.91231,4456.54,0
284.988,3227.55,-23.5235,1332.36,1.71188,4464.91,0
285.683,3241.39,-3.83281,1332.44,0.0200393,4405.61,0
286.368,3231.51,-3.64284,1333.9,1.1808,4429.57,0
287.057,3221.12,-10.1868,1344.63,2.27655,4455.14,0
287.746,3237.68,25.0649,1342.41,0.281741,4386.94,0
288.422,3199.71,-4.29297,1367.1,4.61352,4508.3,0
289.11,3180.19,-5.35001,1374.19,6.51854,4565.06,0
289.803,3154.29,-20.4196,1370.25,8.35643,4643.53,0
290.482,3151.43,-26.4256,1353.75,7.25544,4642.51,0
291.171,3167.73,-10.8406,1363.98,4.46771,4575.56,0
291.852,3162.46,10.1954,1369.39,4.81419,4582.94,0
292.53,3178.47,1.33712,1338.55,3.03125,4517.58,0
293.207,3171.97,12.1658,1358.03,3.56903,4529.31,0
293.896,3172.88,46.6019,1342.76,3.35135,4515.6,0
294.578,3186.03,46.5442,1351.65,1.59264,4460.51,0
295.264,3177.88,53.7709,1328.53,2.80598,4477.76,0
295.95,3172.64,47.0489,1313.67,3.52981,4485.1,0
296.63,3196.01,51.9926,1311.34,0.620485,4396.01,0
297.315,3184.13,58.02,1318.48,1.96224,4425.83,0
298.001,3188.65,84.7865,1302.34,1.51016,4400.48,0
298.684,3184.29,71.9011,1307.35,1.92776,4405.03,0
299.376,3198.92,77.8607,1281.71,0.377672,4345.97,0
300.064,3164.29,65.6647,1295.92,4.37805,4451.4,0
300.746,3173.36,71.7303,1308.59,3.01471,4411.15,0
301.425,3184.73,51.4085,1331.89,1.27553,4363.52,0
302.111,3187.31,81.8479,1303.22,1.21,4345.06,0
302.8,3179.97,69.3374,1314.65,1.9866,4359.42,0
303.481,3177.56,38.2659,1302.28,2.39358,4357.56,0
304.171,3164.08,21.3715,1290.05,3.97174,4392.01,0
304.864,3194.1,9.21864,1279.71,0.287604,4283.56,0
305.556,3167.5,19.097,1282.61,3.42314,4360.92,0
306.248,3153.91,32.0349,1294.86,4.62682,4395.44,0
306.938,3124.72,37.2894,1310.41,7.18004,4480.65,0
307.623,3138.74,20.7053,1315.05,4.8211,4425.09,0
308.307,3118.5,-16.7091,1307.82,6.59787,4480.9,0
308.993,3109.26,-19.3844,1305.6,6.91148,4500.88,0
309.677,3099.01,-23.6043,1280.76,7.69219,4524.04,0
310.368,3085.14,4.73441,1272.32,8.40661,4558.64,0
311.04,3081.76,3.6077,1287.84,7.45554,4559.68,0
311.733,3080.13,-11.8476,1267.77,6.68831,4554.76,0
312.417,3091.2,-18.5027,1282.13,4.63728,4509.36,0
313.107,3097.77,-3.78223,1292.88,3.41315,4478.44,0
313.793,3110.06,19.7824,1258.73,2.1505,4429.47,0
314.483,3108.9,19.9883,1257.52,2.23436,4423.45,0
315.181,3108.17,4.81043,1263.97,2.17791,4415.98,0
315.865,3108.26,0.51456,1243.06,2.32598,4406.13,0
316.549,3102.3,-22.0806,1255.93,2.86755,4415.44,0
317.219,3098.39,-11.5062,1249.99,3.40904,4418.43,0
317.899,3075.54,-9.54209,1248.25,5.97537,4480.87,0
318.578,3079.09,-27.4473,1257.84,5.32549,4460.16,0
319.265,3066.74,-24.9597,1268.09,6.14453,4489.24,0
319.947,3074.39,-44.5312,1273.55,4.50699,4455.78,0
320.652,3061.44,-45.3137,1293.34,5.53119,4486.37,0
321.336,3059.82,-23.6429,1304.77,5.3346,4481.84,0
322.02,3082.02,-25.9997,1309.17,2.17981,4403.38,0
322.699,3077.48,-7.88888,1303.83,2.68168,4408.21,0
323.393,3057.03,-1.43742,1317.57,5.03584,4461.96,0
324.092,3073.66,-10.2075,1339.53,2.41213,4401.02,0
324.78,3051.65,-26.0283,1338.07,5.07512,4459.48,0
325.469,3064.26,-46.9345,1323.2,3.45646,4411.29,0
326.149,3043.77,-45.4877,1316.7,5.80641,4464.92,0
326.838,3059.61,-11.5704,1319.98,3.2888,4407.04,0
327.522,3066.67,12.8638,1321.02,2.25257,4376.29,0
328.213,3059.29,-14.4797,1344.13,2.90193,4389.57,0
328.887,3052.01,-19.3366,1324.73,3.82521,4402.69,0
329.579,3056.99,-2.82593,1322.51,3.01744,4378.34,0
330.26,3051.47,12.8083,1360.22,3.31362,4386.04,0
330.945,3075.27,7.25382,1354.8,0.345726,4305.03,0
331.634,3075.32,-22.6081,1328.42,0.599367,4295.95,0
332.319,3055.29,-35.9927,1319.85,3.10477,4347.35,0
333.002,3046.2,-12.7138,1318.39,4.06622,4365.72,0
333.693,3040.55,-25.1646,1280.03,4.80014,4373.63,0
334.389,3033.84,-26.1014,1302.5,5.16464,4384.59,0
335.07,3022.68,-25.7979,1303.3,5.95968,4409,0
335.748,2998.21,-35.6162,1303.17,8.27348,4472.97,0
336.435,2987.55,-21.9545,1301.15,7.89335,4495.5,0
337.125,2984.36,-12.2463,1305.2,6.85739,4495.78,0
337.808,2971.28,-11.5738,1293.47,7.75451,4525.41,0
338.497,2977.1,2.92701,1301.41,6.01356,4499.01,0
339.176,2958.82,-11.3715,1302.27,7.24358,4543.9,0
339.856,2955.3,-5.53792,1276.43,6.86874,4545.16,0
340.54,2931.99,-13.4017,1292.65,8.33113,4604.48,0
341.223,2918.89,-11.2836,1308.98,8.39601,4633.64,0
341.905,2920.5,-5.81598,1308.54,6.89921,4619.72,0
342.587,2910.2,-3.17257,1321.41,7.38525,4640.58,0
343.265,2896.35,9.90683,1324.85,8.16027,4671.76,0
343.946,2894.71,16.7627,1345.61,7.3388,4667.26,0
344.636,2897.29,10.7482,1348.32,6.10422,4650.45,0
345.327,2900.94,25.5212,1376.37,5.02298,4630.58,0
346.013,2915.06,43.2235,1391.96,2.81632,4580.59,0
346.698,2903.18,25.2268,1382.4,4.22118,4605.8,0
347.398,2906.55,49.2249,1393.75,3.34877,4586.8,0
348.092,2900.08,53.3839,1383.99,4.10013,4596.25,0
348.779,2920.28,39.652,1355.17,1.62421,4529.28,0
349.471,2911,31.2566,1396.12,2.44252,4546.87,0
350.154,2895.05,61.2696,1380.34,4.43374,4583.56,0
350.837,2914.18,72.9725,1384.35,1.69958,4520.1,0
351.531,2915.1,63.1722,1402.9,1.43082,4508.56,0
352.207,2885.53,69.302,1400.91,5.09459,4583.86,0
352.898,2900.84,51.5924,1396,3.0107,4531.5,0
353.584,2897.75,59.8413,1388.41,3.23359,4531.44,0
354.267,2898.74,58.4587,1361.44,3.28937,4519.91,0
354.951,2895.78,65.9451,1347.37,3.61169,4519.57,0
355.63,2898.38,54.35,1361.88,3.0706,4503.6,0
356.307,2918.16,50.7542,1362.32,0.54402,4439.55,0
356.989,2908.85,22.8798,1314.27,2.09223,4457.13,0
357.671,2877.85,36.2793,1305.86,5.91484,4535.32,0
358.351,2875.17,25.8751,1297.84,5.62754,4534.18,0
359.032,2855.48,-3.64545,1309.44,7.35808,4580.42,0
359.723,2870.16,-8.85855,1306.01,4.9141,4530.82,0
360.4,2894.94,3.94872,1321.83,1.48548,4453.55,0
361.081,2896,16.4983,1322.19,1.26672,4442.23,0
361.76,2890.27,45.0173,1286.6,2.20142,4449.73,0
362.436,2900.35,51.4544,1271.52,1.01939,4413.6,0
363.127,2882.09,47.8626,1278.28,3.23126,4455.5,0
363.8,2867.15,37.1451,1273.72,4.82892,4488.31,0
364.473,2842.35,37.1307,1267.21,7.3993,4548.08,0
365.155,2841.83,74.5138,1251.37,6.60213,4541.01,0
365.839,2826.16,78.3401,1246.67,7.74148,4575.35,0
366.527,2828.12,83.3886,1260.64,6.61748,4561.42,0
367.218,2843.14,86.186,1248.39,3.84905,4511.93,0
367.907,2844.94,71.6722,1266.86,3.12277,4498.58,0
368.59,2849.67,81.9703,1267.94,2.26927,4477.42,0
369.283,2854.39,99.0427,1285.54,1.50316,4456.24,0
369.965,2840.1,84.7038,1320.99,3.04466,4486.62,0
370.649,2825.23,97.3978,1324.79,4.78607,4518.48,0
371.326,2841,97.9542,1333.57,2.55585,4467.78,0
372.005,2820.01,93.0972,1328.31,5.1983,4516.04,0
372.691,2829.17,94.6203,1308.19,3.90172,4483.14,0
373.383,2842.5,93.3248,1322.6,1.97755,4439.13,0
374.062,2830.12,90.4422,1315.46,3.539,4464.17,0
374.745,2843.44,51.2689,1309.84,1.81486,4420.5,0
375.436,2837.78,68.4319,1308.75,2.51064,4427.45,0
376.109,2828.79,48.0096,1295.56,3.69956,4443.4,0
376.787,2827.91,69.991,1299.09,3.56336,4437.75,0
377.471,2804.01,80.4139,1296.95,6.26524,4493.02,0
378.16,2821.15,67.9274,1287.52,3.62355,4439.53,0
378.851,2827.61,60.3129,1285.15,2.53684,4414.39,0
379.54,2821.11,42.8469,1305.32,3.11992,4423.49,0
380.223,2831.93,42.3617,1291.41,1.76773,4387.08,0
380.903,2839.18,18.0913,1298.52,0.783566,4360.22,0
381.584,2823.89,2.84888,1328.77,2.5519,4392.51,0
382.272,2809.62,-4.6623,1343.44,4.06749,4421.92,0
382.97,2804.92,-12.1138,1344.01,4.33986,4426.15,0
383.654,2800.51,-13.257,1344.95,4.68179,4429.75,0
384.336,2821.52,-27.5176,1355.95,1.77048,4367.23,0
385.011,2809.7,-18.5097,1381.88,3.00145,4390.26,0
385.7,2798.86,-7.75445,1362.26,4.32751,4410.53,0
386.382,2816.55,-5.52982,1370.34,1.83821,4356.97,0
387.061,2797.46,-7.11145,1377.42,4.23681,4398.64,0
387.752,2803.84,-22.3509,1369.18,3.33983,4374.34,0
388.441,2780.24,-29.844,1361.95,6.03041,4427.35,0
389.134,2804.37,-21.733,1357.39,2.61699,4357.44,0
389.82,2815.15,-24.7416,1369.73,1.06122,4322.12,0
390.511,2798.55,13.6859,1385.93,3.11125,4356.98,0
391.197,2776.5,28.4204,1364.88,5.71587,4405.71,0
391.887,2774.37,21.2351,1338.05,5.57519,4403.38,0
392.574,2805.51,-9.77696,1359.42,1.29436,4316.36,0
393.261,2811.63,-10.1376,1403.19,0.215708,4293.25,0
393.944,2809.7,-5.98275,1443.29,0.209092,4290.72,0
394.63,2796.6,-6.91359,1424.14,1.97288,4316.46,0
395.312,2758.85,-13.6368,1434.23,6.57584,4404.5,0
395.994,2747.41,-18.0623,1444.17,7.23278,4425.79,0
396.675,2749.53,-27.6813,1486.3,5.98605,4412.85,0
397.364,2730.24,-28.9732,1496.57,7.48231,4453.74,0
398.052,2723.13,-15.8228,1502.74,6.9755,4463.9,0
398.739,2738.02,-30.0362,1496.78,4.46381,4418.89,0
399.428,2740.53,-11.3194,1483.75,3.94263,4404.97,0
400.114,2767.5,-40.8347,1497.17,0.324516,4330.02,0
400.796,2763.74,-63.8963,1484.02,0.855741,4332.02,0
401.468,2757.18,-55.0493,1506.43,1.55988,4341.11,0
402.159,2754.49,-54.3055,1504.57,1.78361,4340.33,0
402.842,2755.78,-59.6858,1508.55,1.57937,4329.8,0
403.53,2756.11,-49.5833,1487.39,1.64901,4321.59,0
404.208,2743.31,-33.6769,1473.22,3.38131,4346.02,0
404.9,2727.21,-23.7472,1489.09,5.19967,4378.33,0
405.594,2727.16,-17.8509,1482.01,4.73827,4370.98,0
406.287,2744.45,-15.4984,1513.05,2.21569,4320.95,0
406.969,2725.64,-11.6814,1506.88,4.40127,4359.94,0
407.653,2721.8,-2.1484,1502.1,4.65616,4362.04,0
408.343,2711.16,3.39984,1485.3,5.60654,4380.74,0
409.019,2700.14,-3.74612,1513.26,6.40018,4400.45,0
409.707,2701.18,-23.0899,1524.04,5.71045,4390.52,0
410.39,2704.9,-51.9087,1527.85,4.79839,4374.14,0
411.07,2690.6,-45.271,1500.6,6.15641,4401.69,0
411.754,2713.76,-46.5146,1520.17,2.65719,4338.12,0
412.437,2691.92,-34.2229,1525.51,5.12626,4383.9,0
413.128,2694.53,-22.2004,1537.92,4.47219,4370.25,0
413.814,2693.66,-4.92185,1555.71,4.40729,4365.09,0
414.499,2685.64,-9.14593,1557.97,5.22615,4377.23,0
415.182,2690.28,-8.29297,1553.5,4.11184,4358.86,0
415.864,2696.93,-11.5613,1574.82,3.04385,4335.71,0
416.545,2685.64,-29.5336,1578.94,4.29781,4355.75,0
417.241,2673.47,-39.7307,1566.93,5.77553,4377.64,0
417.94,2662.61,-25.717,1559.04,6.42657,4396.3,0
418.626,2677.03,-29.2288,1579.24,3.95387,4354.67,0
419.319,2676.87,-34.4997,1585.91,3.66935,4347.83,0
420.006,2677.61,-35.8643,1586.52,3.37321,4338.98,0
420.687,2685.95,22.1508,1614.47,2.15592,4312.11,0
421.361,2686.2,14.7628,1630.4,1.98226,4304.61,0
422.054,2697.81,24.1713,1614.63,0.537989,4270.05,0
422.742,2688.24,21.3996,1625.68,1.76003,4285.73,0
423.431,2662.13,46.3843,1623.02,5.1396,4340.42,0
424.119,2681.23,49.2912,1637.74,2.19401,4288.35,0
424.801,2685.47,102.774,1667.24,1.44105,4271.49,0
425.493,2684.31,82.1562,1668.4,1.58374,4267.25,0
426.169,2678.37,53.0702,1677.38,2.321,4274.44,0
426.859,2692.89,56.9023,1651.91,0.468471,4233.51,0
427.552,2674.16,81.8634,1638.94,2.82922,4270.46,0
428.236,2677.66,72.4281,1632.59,2.23389,4255.44,0
428.926,2679.67,102.808,1661.13,1.79784,4243.92,0
429.626,2660.65,118.018,1648.79,4.24969,4281.28,0
430.31,2668.17,117.777,1657.17,2.97783,4257.01,0
431.003,2661.56,100.213,1658.45,3.6624,4265.49,0
431.693,2645.59,96.1663,1640.41,5.479,4295.66,0
432.383,2649.69,90.9161,1636.52,4.508,4279.32,0
433.058,2645.11,88.2811,1633.79,4.56911,4283.23,0
433.735,2630.57,82.303,1625.34,5.88735,4310.07,0
434.424,2625.67,95.7654,1610.58,6.05248,4314.52,0
435.104,2614.43,87.0665,1607.58,6.83907,4333.61,0
435.795,2619.79,81.5897,1592.18,5.45784,4314.44,0
436.472,2609.91,72.9028,1593.58,6.1839,4330.37,0
437.161,2589.67,77.2106,1588.26,7.93986,4369.84,0
437.839,2604.16,68.6663,1563.36,5.26497,4329.98,0
438.53,2598.63,61.615,1558.62,5.53579,4335.78,0
439.225,2576.19,65.9123,1537.18,7.25703,4380.02,0
439.908,2583.45,76.5042,1552.19,5.5168,4356.71,0
440.598,2572.69,79.2877,1542.57,6.27587,4374.3,0
441.289,2576.57,109.095,1529.88,5.04426,4358.67,0
441.976,2586.26,107.667,1529.12,3.17759,4329.96,0
442.664,2584.24,126.054,1554.16,3.29868,4327.79,0
443.349,2601.22,123.855,1565.3,0.983278,4282.81,0
444.038,2603.9,144.452,1562.52,0.635217,4270.14,0
444.723,2594.18,123,1571.9,1.86819,4285.42,0
445.411,2586.04,109.7,1587.7,2.87075,4297.07,0
446.092,2592.32,127.115,1599.61,2.02696,4276.43,0
446.777,2605.63,120.612,1570.13,0.270364,4240.08,0
447.457,2590.53,97.6099,1572.42,2.22725,4267.39,0
448.132,2595.68,130.925,1621.65,1.44799,4249.47,0
448.814,2592.3,134.798,1632.42,1.77446,4250.54,0
449.496,2581.78,135.305,1621.84,3.09378,4267.49,0
450.186,2569.81,157.212,1604.03,4.60093,4287.55,0
450.876,2580.75,166.164,1608.01,2.90033,4256.71,0
451.573,2573.44,158.912,1599,3.81378,4266.32,0
452.259,2556.33,139.547,1597.65,5.69771,4297.7,0
452.941,2553.15,143.982,1617.17,5.74773,4298.23,0
453.634,2555.18,124.996,1618.83,4.99725,4287.2,0
454.323,2572.63,138.559,1594.62,2.57118,4242.28,0
455.003,2556.37,167.717,1591.65,4.54397,4271.69,0
455.694,2570.01,162.864,1582.79,2.64053,4235.27,0
456.377,2558.46,130.89,1588.1,4.03964,4254.25,0
457.069,2550.28,136.831,1579.73,4.86656,4265.7,0
457.757,2538.55,152.628,1563.32,5.81245,4284.92,0
458.443,2519.65,145.944,1558.1,7.23208,4319.74,0
459.119,2531.24,161.51,1549.28,5.22394,4288.13,0
459.801,2527.75,175.496,1551.12,5.07666,4289.36,0
460.483,2508.61,183.385,1569.11,6.9239,4324.57,0
461.156,2520.89,181.313,1549.22,4.67282,4291.62,0
461.848,2545.47,182.39,1557.68,1.2375,4231.97,0
462.53,2547.94,187.732,1555.47,0.878828,4220.4,0
463.212,2529.27,188.954,1552.81,3.21455,4254.5,0
463.905,2509.89,173.148,1576.15,5.3276,4289.92,0
464.048,2499.87,158.996,1574.66,6.55222,4310.17,0
