0.68847,4489.05,-44.2773,7.01556,2.23857,15909.8,0
1.37658,4493.05,-70.4054,0.764361,0.0478924,5051.96,0
2.06089,4489.39,-52.9335,-50.1183,0.247616,5147.01,0
2.74482,4471.33,-88.1537,-41.5223,0.354336,10444.9,0
3.41944,4439.27,-82.2346,-33.4667,4.04512,17760.4,0
4.10601,4426.26,-94.0356,-43.0974,4.06587,17960.2,0
4.78557,4424.24,-81.6864,-53.6402,4.44239,15831.8,0
5.47536,4440.79,-78.5227,-46.6359,3.09294,10813.4,0
6.16828,4455.47,-61.3848,-77.785,1.05594,7218.71,0
6.85824,4439.12,-48.8559,-109.628,1.20922,8876.36,0
7.5497,4457.25,-66.3607,-65.6874,1.26871,5662.58,0
8.22792,4444.22,-56.257,-75.8447,2.35099,6779.17,0
8.90854,4450.72,-74.2921,-70.1475,1.11798,5531.99,0
9.58682,4456.52,-64.1376,-44.7959,2.20052,4535.3,0
10.2804,4465.91,-44.7118,-68.9051,0.959453,3316.08,0
10.9717,4471.17,-58.708,-16.3109,1.9054,2627.64,0
11.6509,4450.06,-42.8068,-24.7849,4.33858,4286.61,0
12.3298,4447.66,-61.4453,-30.1735,3.05691,4245.32,0
13.019,4427.52,-69.3858,-11.5472,4.66956,5566.99,0
13.7073,4403.04,-62.7401,-12.612,6.88601,7073.92,0
14.3812,4392.51,-62.2831,-7.21704,7.14859,7474.46,0
15.072,4389.99,-72.948,-15.7988,5.93962,7299.03,0
15.7531,4389.97,-89.7892,-0.995816,4.32414,6984.5,0
16.4304,4384.02,-82.1664,-17.3303,5.08931,7059,0
17.1129,4399.53,-68.2107,-20.3205,4.23585,5871.07,0
17.797,4408.39,-60.3018,-25.2033,3.6987,5147.28,0
18.4784,4400.62,-64.9258,-0.700229,4.22532,5378.15,0
19.1638,4412.26,-85.198,-1.26036,1.40664,4578.53,0
19.8435,4421.14,-82.8343,6.08739,0.676332,3974.19,0
20.5325,4409.48,-68.9875,9.77083,2.81053,4408.76,0
21.2167,4402.33,-61.2432,9.19892,3.9448,4603.66,0
21.8974,4418.16,-50.1623,-16.6678,2.95784,3737.41,0
22.5816,4408.14,-47.6624,-24.8226,3.76446,4067.84,0
23.2638,4387.52,-52.39,-25.2482,5.17965,4834.81,0
23.9442,4404.55,-59.3048,2.84747,3.20025,3986.34,0
24.6394,4413.8,-59.7193,-15.9878,1.85126,3498.37,0
25.3232,4402.19,-67.8414,-12.3392,2.45273,3862.44,0
26.0069,4398.11,-94.0276,8.95641,0.779252,3917.76,0
26.698,4394.11,-94.5908,-24.8052,0.926788,3966.33,0
27.3827,4372.19,-96.2021,2.48113,3.176,4667.64,0
28.0687,4380.41,-115.061,-24.298,0.491364,4260.69,0
28.7586,4337.57,-119.683,-30.3813,4.17978,5647.94,0
29.4407,4341.76,-114.031,-23.5314,4.0622,5374.94,0
30.1183,4321.72,-105.412,-30.9985,6.11989,5919.17,0
30.8063,4306.68,-103.927,-24.6446,6.82397,6275.22,0
31.4934,4314.66,-100.3,-9.98422,5.83049,5885.01,0
32.1674,4327.49,-92.2331,-13.71,4.73538,5363.01,0
32.855,4313.16,-85.2068,33.8593,5.69721,5686.69,0
33.5354,4315.39,-86.2062,20.0443,5.40148,5505.05,0
34.2275,4318.34,-57.4755,14.2102,6.94897,5307.56,0
34.915,4312.22,-46.0454,8.84149,7.59004,5378.18,0
35.6061,4300.78,-21.357,0.589954,9.10598,5595.17,0
36.2935,4313.34,-38.173,0.684928,5.25032,5143.15,0
36.9756,4318.03,-41.5699,5.31326,4.06062,4921.3,0
37.6691,4314.48,-35.0185,11.1278,4.63743,4924.93,0
38.3455,4342.71,-44.7619,1.89087,1.14017,4101.84,0
39.0263,4353.33,-34.7567,26.1453,0.316044,3758.32,0
39.7198,4331.56,-28.295,1.84481,3.63477,4240.78,0
40.4124,4327.08,-25.3003,10.4001,4.10485,4278.78,0
41.1039,4322.09,-36.0977,-7.24528,3.55777,4328.38,0
41.8002,4342,-26.0018,-11.925,2.32025,3779.82,0
42.4813,4345.42,-15.745,-33.9981,1.18175,3638.75,0
43.1655,4365.03,-27.7486,-7.37776,0.0468021,3126.77,0
43.8502,4356.03,-26.9841,-4.39627,0.957774,3283.21,0
44.5311,4357.36,-16.8779,-3.17609,1.66807,3203.13,0
45.2037,4356.3,-7.11377,-14.0718,1.87726,3178.99,0
45.8922,4343.49,11.1906,-13.518,2.7286,3410.4,0
46.5764,4342.48,2.83845,18.2015,2.58279,3382.03,0
47.251,4353.26,11.2195,10.3093,1.80399,3105.63,0
47.9337,4341.25,38.8031,-6.57018,0.930058,3311.8,0
48.6213,4330.62,58.5073,-10.8852,0.225486,3483.6,0
49.3046,4304.82,60.1723,6.75667,2.57857,3958.74,0
49.9851,4299.12,52.0256,14.9085,3.60974,4018.77,0
50.6639,4293.25,54.6511,3.37468,4.07095,4080.82,0
51.3429,4288.21,66.5275,25.3466,2.97873,4125.05,0
52.0286,4288.23,36.8097,21.9781,5.35703,4070.34,0
52.721,4274.07,32.0629,10.527,6.40007,4285.36,0
53.4053,4307.71,29.787,22.5931,2.37031,3600.64,0
54.0896,4294.91,39.9794,10.7304,3.15762,3791.59,0
54.7636,4288.34,41.1549,7.05603,3.6269,3865.05,0
55.4575,4281.01,63.7044,4.93379,2.24955,3948.74,0
56.1377,4249.64,89.2884,15.0029,2.79487,4459.77,0
56.8197,4218.5,104.907,6.80747,4.18156,4954.28,0
57.513,4218.08,105.885,31.209,3.4698,4901.8,0
58.2005,4202.36,115.693,35.9626,3.83112,5114.02,0
58.8835,4209.43,108.464,36.3547,3.60587,4934.71,0
59.5623,4198.01,101.979,46.4119,4.81821,5070.23,0
60.2374,4191.55,95.4063,57.5967,5.31782,5120.6,0
60.9202,4175.84,109.492,44.2686,5.51537,5320.99,0
61.6098,4172.93,132.309,85.963,0.873846,5308.78,0
62.2913,4163.62,123.754,74.6258,3.40258,5400.08,0
62.9736,4172.12,120.223,41.4221,4.36908,5206.64,0
63.654,4149.93,118.693,42.693,6.08795,5499.56,0
64.3376,4127.27,132.934,23.5857,6.17174,5793.32,0
65.0359,4108.65,151.81,11.1794,4.89932,6017.45,0
65.7134,4128.57,160.727,-6.64408,1.47171,5652.32,0
66.3998,4134.71,156.377,22.1804,1.11056,5501.37,0
67.078,4136.64,145.304,9.82165,2.3774,5416.94,0
67.7597,4129.89,149.273,10.3227,2.51119,5462.03,0
68.4546,4140.77,140.818,4.13819,2.44112,5247.68,0
69.1444,4133.82,133.092,1.17778,4.04093,5295.94,0
69.8388,4143.24,120.321,-10.0123,4.2538,5108.29,0
70.5286,4119.9,116.568,-1.91348,6.2731,5389.35,0
71.2188,4131.06,107.498,23.7269,5.16517,5180.42,0
71.9085,4126.48,90.6041,10.0902,7.26131,5194.36,0
72.5844,4109.2,96.0235,8.16556,7.10708,5384.07,0
73.2662,4096.12,125.656,-5.16769,3.79313,5512.48,0
73.9517,4087.49,126.831,10.5617,4.16539,5578.07,0
74.6377,4100.05,114.779,13.7439,4.33028,5358.5,0
75.325,4108.48,137.123,10.291,0.367019,5197.69,0
76.0163,4086.84,122.141,39.0319,3.86392,5435.21,0
76.7094,4080.88,116.393,27.7398,5.41615,5463.74,0
77.404,4108.2,114.64,39.42,2.32087,5061.72,0
78.0944,4073.22,139.772,26.8581,2.81602,5464.9,0
78.7828,4064.91,119.347,14.9137,6.62403,5522.64,0
79.4689,4082.77,143.544,18.4206,1.01466,5250.27,0
80.1596,4080.11,110.859,8.18378,5.94903,5238.23,0
80.8435,4063.98,97.3337,5.31609,8.59814,5393.42,0
81.5305,4070.67,118.004,-1.13749,4.32906,5265.89,0
82.2139,4062.52,102.678,-6.94223,6.98532,5321.23,0
82.903,4063.89,89.7499,-8.77777,7.51729,5260.46,0
83.584,4075.54,102.985,-13.8944,3.93603,5078.24,0
84.2642,4051.15,117.323,-11.8787,4.00487,5326.74,0
84.9601,4039.22,95.5677,-2.06971,8.04963,5423.54,0
85.6428,4041.56,102.699,-14.0044,5.67297,5352.97,0
86.3293,4032.98,102.974,-20.8353,5.14689,5409.72,0
87.0029,4032.98,109.065,-45.6515,2.88496,5367.82,0
87.691,4021.85,129.49,-32.4504,1.40561,5452.73,0
88.3813,4008.58,133.716,-38.0268,1.83502,5560.26,0
89.0555,4003.13,116.804,-55.6384,3.77218,5579.34,0
89.7412,3990.12,114.757,-39.4005,6.00763,5681.69,0
90.4195,3963.33,121.961,-24.585,7.1226,5935.3,0
91.104,3978.57,119.092,-22.0201,5.54421,5723.49,0
91.789,3976.53,126.139,-40.1511,3.37437,5703.01,0
92.4725,3968.38,99.63,-23.5503,8.77092,5748.95,0
93.1538,3944.38,95.4531,-32.9259,9.80189,5964.56,0
93.8394,3938.73,94.3647,-27.9668,9.38124,5981.14,0
94.5305,3944.64,80.761,-5.63111,10.2158,5874.91,0
95.2206,3959.27,63.5409,12.6091,9.80686,5678.75,0
95.9076,3965,71.844,12.1943,6.11586,5578.24,0
96.596,3957.73,61.1181,10.5513,8.10496,5613.83,0
97.275,3959.76,53.6136,6.32545,8.02576,5553.73,0
97.9583,3965.36,76.5024,15.6501,2.53457,5457.88,0
98.6324,3924.12,75.9097,34.034,5.15951,5838.6,0
99.3181,3928.6,60.4537,34.2392,6.94637,5753.26,0
100.013,3920.48,52.0037,31.0657,8.21869,5794.4,0
100.7,3917.2,49.0149,6.96595,9.31064,5787.53,0
101.389,3912.07,43.1854,-0.326191,9.16476,5798.8,0
102.058,3896.85,61.9255,-3.72131,5.69662,5909.92,0
102.744,3921.2,54.2103,-10.4337,4.62148,5633.42,0
103.429,3927.76,13.3852,-19.5712,8.94138,5532.71,0
104.108,3931.16,-3.94058,-34.581,5.74672,5463.97,0
104.788,3954.69,17.5964,-44.4635,1.24461,5203.92,0
105.474,3922.78,20.8011,-23.2599,6.4549,5472.64,0
106.154,3917.14,18.7159,-9.73214,7.6529,5490.75,0
106.829,3927.17,17.1217,-21.19,4.54168,5362.14,0
107.519,3922.73,7.4358,-7.77339,7.62498,5369.04,0
108.214,3907.24,-46.621,-16.4459,0.420405,5477.68,0
108.899,3902.7,-33.6652,-3.80622,3.90512,5484.85,0
109.589,3901.41,-27.8099,16.4087,4.20069,5462.13,0
110.281,3892.42,-29.6022,9.81523,4.40443,5509.4,0
110.963,3862.69,-33.0386,9.05723,5.41666,5743.43,0
111.641,3853.43,-24.9127,19.7507,6.19,5791.46,0
112.304,3850.14,-21.9718,10.9293,7.47831,5786.64,0
112.99,3867.95,-17.1314,15.7783,5.68318,5593.88,0
113.671,3861.14,-27.8561,-11.6195,4.34097,5620.24,0
114.35,3837.44,-41.446,3.05799,3.20727,5794.14,0
115.027,3852.31,-34.3396,-13.5107,3.21412,5630.72,0
115.711,3853.69,-28.7192,8.55729,4.43989,5585.59,0
116.386,3825.78,-42.8963,16.8289,1.79322,5792.9,0
117.071,3815.18,-44.7971,-10.3211,2.34355,5849.63,0
117.768,3804.58,-40.2554,-15.4105,3.82732,5905.02,0
118.443,3834.67,-41.4031,-9.33152,1.9168,5617.34,0
119.127,3825.19,-46.7053,-1.61626,1.23797,5664.61,0
119.807,3828.74,-36.6681,-6.99593,3.44176,5602.83,0
120.483,3842.71,-41.0326,-18.0115,0.4452,5455.42,0
121.174,3839.29,-23.6786,-34.6238,1.38564,5452.62,0
121.851,3836.69,-11.4259,-25.7154,5.10842,5443.61,0
122.533,3847.22,-6.19674,-32.4027,2.91474,5327.37,0
123.219,3848.69,-6.55914,-22.9836,5.03845,5285.79,0
123.907,3845.99,-26.2294,-21.1335,2.39865,5278.21,0
124.591,3840.38,-3.30675,-28.4981,3.97255,5294.23,0
125.281,3840.5,-0.854963,-25.0507,4.48333,5264.16,0
125.959,3834.85,1.01898,-18.5092,6.16535,5280.65,0
126.644,3825.78,-12.3797,-4.6666,7.6183,5323.71,0
127.322,3822.79,-2.83098,-13.3472,6.6048,5318.87,0
128.008,3837.71,15.8396,-15.1323,3.30864,5173.82,0
128.692,3844.76,-11.8117,-26.5584,0.876177,5091.52,0
129.377,3841.65,21.0418,-23.3976,0.555485,5088.59,0
130.059,3850.17,-13.7492,-11.8362,3.40457,4996.42,0
130.741,3860.97,-9.75599,-7.25731,3.79396,4887.76,0
131.426,3862.27,17.3902,-1.26274,2.3661,4852.41,0
132.094,3859.82,17.3446,-3.05097,2.44104,4846.44,0
132.787,3838.17,27.982,2.3485,1.34774,4984.11,0
133.474,3840.92,3.6228,-25.3632,1.59104,4937.91,0
134.161,3817.28,-5.86483,-22.571,3.65135,5088.8,0
134.849,3844.25,-20.4929,-15.9906,1.08481,4862.86,0
135.528,3818.15,-17.3453,-12.6897,3.86951,5031.06,0
136.217,3800.87,-13.4963,7.71467,6.1344,5132.49,0
136.894,3800.78,-19.0126,-2.44113,4.84877,5107.73,0
137.585,3787.72,-20.8553,-5.50752,4.67235,5177.06,0
138.264,3780.76,-21.8977,-3.83234,4.25302,5201.95,0
138.945,3780.29,-16.1152,-7.40681,5.50527,5179.8,0
139.626,3783.93,-19.4722,20.4869,1.76754,5128.47,0
140.297,3775.17,-14.937,16.929,3.8303,5166.37,0
140.989,3752.76,-25.7721,11.4399,3.06639,5299.96,0
141.663,3733.35,-24.1632,-7.94041,4.41372,5411.83,0
142.357,3735.99,-8.33888,-8.43756,8.22143,5366.86,0
143.048,3740.12,-6.22761,24.9255,2.2376,5312.05,0
143.724,3715.77,-11.1066,21.4843,3.8546,5456.48,0
144.398,3708.68,-14.6947,3.79618,6.61999,5480.15,0
145.088,3732.24,-25.1701,-10.9316,0.336664,5291.68,0
145.757,3696.56,-22.0364,12.5665,2.59495,5512.17,0
146.433,3687.83,-24.0045,10.1516,2.58945,5546.35,0
147.116,3695.67,-8.06616,-0.138346,9.44542,5467.35,0
147.794,3688.82,-1.79554,0.0979928,0.61707,5488.6,0
148.487,3657.78,3.50913,2.18046,0.0951068,5672.04,0
149.162,3621.43,11.5147,-5.68506,0.553776,5890.05,0
149.852,3608.98,17.5376,12.8777,5.84127,5946.02,0
150.538,3603.95,17.3687,-4.49814,7.41565,5952.32,0
151.218,3579.67,19.7494,2.11749,7.98395,6086.11,0
151.907,3572.26,39.2907,12.3905,9.22527,6107.27,0
152.584,3550.55,48.4423,17.2227,8.92307,6222.47,0
153.273,3514.36,24.0234,2.45528,3.77983,6430.6,0
153.953,3500.23,15.7248,16.1735,3.54532,6494,0
154.581,3473.11,4.77581,4.1243,10.4105,6643.07,1
