0.683632,4475.87,-481.713,499.623,2.82177,35299.6,0
1.37372,4468.5,-493.423,529.958,2.87232,22931.7,0
2.06912,4486.1,-492.507,517.29,0.788294,6717.88,0
2.75787,4456.25,-473.757,539.306,4.39295,15864.6,0
3.44822,4462.84,-491.078,540.691,3.11122,10775.3,0
4.13606,4431.86,-483.161,535.65,6.61853,16474.5,0
4.81603,4442.39,-478.17,529.131,4.97739,11962.7,0
5.50549,4455.32,-464.94,528.144,3.21889,8114.96,0
6.19205,4446.18,-463.443,527.579,4.34766,8691.01,0
6.88031,4455.26,-460.17,533.093,3.03293,6503.17,0
7.55345,4469.22,-440.469,527.878,1.76019,4074.78,0
8.24154,4457.34,-429.981,532.341,3.27393,5175.87,0
8.92982,4440.05,-441.869,541.846,4.82877,6713.31,0
9.61161,4442.65,-442.418,558.957,3.83253,5967.15,0
10.2988,4451.34,-444.069,558.57,2.62421,4724.46,0
10.9748,4450.06,-440.899,545.61,2.9897,4550.21,0
11.6648,4438.95,-439.755,533.856,4.43252,5233.91,0
12.3582,4442.68,-444.616,541.33,3.31812,4638.52,0
13.0336,4432.15,-411.451,534.815,5.241,5205.66,0
13.7123,4440.68,-416.666,545.225,3.43085,4325.72,0
14.3877,4442.71,-424.785,563.767,2.52376,3981.65,0
15.0831,4420.63,-432.871,596.905,4.45039,5262.24,0
15.7675,4417.88,-465.257,580.068,4.5078,5208.04,0
16.4578,4419.06,-451.075,594.925,3.76641,4917.91,0
17.1455,4411.42,-448.498,597.356,4.48163,5166.1,0
17.8252,4413.33,-432.176,613.298,3.94741,4862.01,0
18.5048,4403.2,-468.673,594.264,4.55042,5231.12,0
19.1921,4397.16,-478.96,607.083,4.68053,5358.64,0
19.8755,4400.5,-471.587,618.185,3.77695,5005.98,0
20.5656,4402.07,-446.007,622.596,3.73655,4762.01,0
21.2486,4396.38,-438.832,594.16,4.58322,4876.61,0
21.9265,4434.32,-424.512,569.967,0.306199,2995.53,0
22.6082,4402.49,-419.378,571.397,4.40308,4312.9,0
23.2983,4392.97,-416.59,582.724,4.88812,4593.75,0
23.9846,4384.48,-411.657,578.053,5.48025,4816.53,0
24.665,4370.08,-418.141,578.649,6.51703,5267.18,0
25.3499,4367.72,-415.411,595.117,6.05554,5218.02,0
26.046,4341.5,-412.954,585.515,8.53167,6085.54,0
26.7292,4338.93,-427.403,595.38,7.20508,6025.92,0
27.4193,4358.98,-416.157,588.684,4.28139,5143.03,0
28.1068,4372.6,-419.159,533.98,3.63003,4532.78,0
28.7839,4369.87,-414.94,523.633,4.10707,4520.89,0
29.4714,4363.62,-432.954,539.404,4.01241,4627.64,0
30.1589,4375.87,-435.347,538.466,2.29863,4115.98,0
30.8421,4383.87,-442.545,553.159,0.722034,3765.2,0
31.5183,4357.28,-432.008,595.02,3.23412,4528.32,0
32.1969,4342.62,-441.368,574.398,5.2459,4888.2,0
32.8834,4359.54,-424.308,586.01,2.82016,4271.41,0
33.5735,4346.75,-411.119,588.021,4.39767,4564.64,0
34.261,4337.67,-414.369,567.806,5.50979,4738.09,0
34.9527,4313.1,-383.714,563.893,8.44782,5347.34,0
35.6376,4330.53,-389.916,560.805,5.26117,4755.35,0
36.3182,4327.1,-380.287,571.642,5.06068,4760.57,0
37.0044,4342.74,-378.097,569.036,2.86524,4249.82,0
37.6955,4345.59,-366.366,562.471,2.70614,4096.18,0
38.3809,4321.22,-359.21,556.394,6.20767,4658.12,0
39.0646,4303.06,-377.95,560.251,7.52674,5041.46,0
39.7571,4287.76,-381.22,556.758,8.24283,5338.41,0
40.4545,4287.33,-378.069,580.578,6.80503,5257.01,0
41.1398,4291.68,-357.065,572.422,5.80017,5063.61,0
41.8142,4282.17,-343.714,576.229,6.64657,5209.57,0
42.4954,4306.96,-346.478,569.924,3.0356,4542.63,0
43.1812,4298.41,-345.818,577.645,3.80004,4668.55,0
43.8658,4296.96,-326.973,588.134,3.85125,4628.73,0
44.5581,4297.84,-325.51,607.704,2.95025,4537.02,0
45.2355,4288.55,-333.252,620.631,3.62835,4674.37,0
45.9244,4274.34,-328.202,615.903,5.54136,4913.67,0
46.6161,4270.78,-310.849,621.291,5.84292,4917.12,0
47.3,4277.9,-295.392,608.285,5.02878,4695.51,0
47.9815,4279.01,-316.621,610.405,4.1901,4605.72,0
48.6777,4293.43,-313.211,597.856,2.53905,4243.7,0
49.3667,4302.92,-318.59,607.418,0.8424,3992.26,0
50.0435,4290.5,-335.729,591.008,2.60465,4186.32,0
50.7393,4266.77,-346.403,597.853,4.67511,4596.66,0
51.4233,4273.54,-350.106,600.101,3.44821,4403.92,0
52.1118,4292.82,-320.44,581.917,1.78105,3975.59,0
52.793,4281.01,-307.463,573.511,3.78022,4148.08,0
53.4758,4285.14,-283.328,572.875,3.51275,4017.82,0
54.1604,4297.72,-289.312,569.358,1.66567,3734.88,0
54.855,4286.69,-295.752,562.092,3.11901,3888.58,0
55.5419,4306.41,-282.199,545.762,1.16806,3485.4,0
56.2274,4305.15,-277.008,513.816,2.57548,3465.31,0
56.9083,4298.59,-265.633,535.007,2.8388,3539.14,0
57.5966,4295.18,-270.245,542.258,2.70101,3556.1,0
58.2811,4303.67,-316.898,517.04,1.42056,3368.6,0
58.9632,4280.78,-322.94,522.328,4.02496,3717.86,0
59.6578,4264.41,-313.059,525.544,5.88006,3948.97,0
60.3425,4265.55,-305.422,512.474,5.97292,3885.36,0
61.0325,4262.64,-321.003,544.026,4.40316,3889.13,0
61.7135,4273.56,-319.525,551.027,2.46401,3669.23,0
62.3981,4260.69,-323.417,567.288,3.39519,3835.25,0
63.0858,4255.47,-338.585,584.422,3.08323,3876.19,0
63.7776,4255.18,-346.579,583.837,2.90495,3838.62,0
64.4643,4261.32,-335.598,575.044,2.49321,3702.46,0
65.1452,4238.7,-325.748,591.437,5.17843,4011.06,0
65.8186,4230.04,-301.494,583.584,6.38653,4101.51,0
66.5073,4225.8,-304.325,588.952,6.1023,4122.82,0
67.1871,4219.54,-305.239,608.462,5.6247,4174.33,0
67.87,4196.32,-307.634,607.254,7.82457,4474.38,0
68.5625,4199.47,-300.301,599.128,6.52008,4383.32,0
69.2436,4194.3,-280,573.442,7.6838,4414.81,0
69.9217,4191.4,-297.879,565.262,7.00099,4413.52,0
70.6108,4202.31,-284.834,584.858,4.55234,4215.98,0
71.2899,4223.21,-293.593,589.944,1.14594,3882.61,0
71.9761,4209.5,-252.485,575.869,4.32885,4036.01,0
72.6653,4213.43,-260.299,598.942,2.3336,3943.75,0
73.3503,4219.28,-276.239,615.554,0.689374,3827.15,0
74.0405,4205.76,-270.457,648.251,1.56998,3974.03,0
74.7321,4206.6,-249.121,636.782,2.04517,3926.08,0
75.4166,4200.14,-260.425,606.511,3.81432,3976.08,0
76.1074,4206.13,-277.49,635.634,1.59146,3861.24,0
76.7831,4205.21,-320.016,622.725,1.47491,3839.27,0
77.462,4194.73,-340.987,601.817,3.20367,3940.89,0
78.1437,4198.59,-326.147,597.698,2.93147,3857.1,0
78.8162,4197.3,-308.052,581.533,3.75777,3840.56,0
79.4996,4199.36,-329.667,606.53,2.22675,3781.71,0
80.1889,4181.44,-316.89,601.516,4.93166,3972.58,0
80.8684,4189.36,-315.742,610.055,3.34592,3841.33,0
81.553,4203.94,-312.308,589.296,1.88655,3630.28,0
82.2283,4198.28,-331.166,561.148,3.25524,3669.32,0
82.9182,4195.57,-349.824,536.414,3.93824,3671.4,0
83.5943,4189.27,-354.353,540.074,4.38504,3717.09,0
84.2731,4210.82,-383.936,529.134,0.643798,3431.46,0
84.9585,4207.46,-375,550.526,0.619535,3443.32,0
85.6335,4215.97,-344.475,539.856,0.434267,3316.82,0
86.3244,4194.1,-331.604,546.992,3.49496,3543.6,0
86.9994,4200.12,-343.588,583.054,1.03108,3446.92,0
87.6797,4193.51,-366.211,619.573,0.494491,3495.51,0
88.3616,4183.54,-333.234,651.262,1.53137,3581.43,0
89.0504,4184.5,-332.305,656.124,1.26909,3542.92,0
89.7301,4164.39,-378.489,699.4,2.45109,3740.17,0
90.41,4163.49,-392.512,695.635,2.4594,3722.02,0
91.0964,4148.57,-410.366,697.101,3.91954,3857.83,0
91.7754,4134.47,-407.376,685.495,5.66619,3982.92,0
92.4687,4122.44,-412.799,684.659,6.79124,4083.11,0
93.1475,4112.65,-411.954,685.725,7.21122,4158.42,0
93.8371,4110.42,-398.112,704.133,6.51453,4151.7,0
94.5245,4089.17,-404.826,716.965,7.58085,4346.24,0
95.215,4095.18,-396.237,735.902,5.69433,4251.61,0
95.8988,4090.91,-424.236,734.72,5.6463,4265.82,0
96.5794,4073.62,-421.498,734.833,6.79116,4414.86,0
97.2583,4082.68,-408.007,758.166,4.74518,4290.88,0
97.9465,4056.57,-411.049,738.135,7.84437,4527.28,0
98.6236,4066.06,-406.936,726.674,5.50754,4399.98,0
99.3139,4095.89,-420.395,741.952,0.805156,4068.97,0
99.9977,4095.12,-405.123,758.208,0.793877,4048.85,0
100.677,4080.8,-405.723,752.074,2.78641,4163.81,0
101.361,4064.71,-401.651,742.875,4.78331,4294.43,0
102.053,4068.63,-387.162,759.659,3.94675,4226.92,0
102.735,4087.27,-418.798,785.19,0.659994,4017.45,0
103.425,4070.17,-422.833,793.415,2.69601,4155.98,0
104.098,4068.37,-424.497,819.813,2.44167,4146.36,0
104.792,4069.55,-475.019,803.123,2.11037,4107.64,0
105.49,4065.81,-454.687,793.698,2.75033,4115.92,0
106.171,4070.93,-445.059,757.858,2.49615,4041.28,0
106.86,4073.01,-437.553,744.067,2.4243,3995.8,0
107.535,4082.08,-444.283,704.657,1.70645,3886.34,0
108.22,4080.47,-437.422,717.873,1.76254,3876.61,0
108.908,4074.57,-446.111,703.016,2.71052,3906.35,0
109.601,4075.66,-444.926,695.994,2.64994,3871.67,0
110.285,4070.71,-441.234,711.422,3.05887,3892.57,0
110.958,4090.41,-434.34,720.848,0.185723,3691.37,0
111.646,4073.27,-456.427,703.875,2.55821,3822.18,0
112.336,4062.84,-451.758,727.337,3.55151,3891.54,0
113.033,4036.75,-466.53,730.258,6.52108,4098.4,0
113.716,4047.86,-465.268,704.898,4.9405,3976.01,0
114.39,4048.97,-455.496,702.152,4.68729,3942.87,0
115.07,4054.47,-436.177,718.825,3.61657,3871.8,0
115.747,4067.62,-436.451,710.682,1.80995,3735.54,0
116.43,4081.6,-461.163,672.208,0.18656,3593.55,0
117.12,4063.6,-462.954,648.355,3.08485,3726.06,0
117.789,4077.46,-441.258,664.604,1.10964,3587.27,0
118.476,4062.55,-434.298,696.922,2.61156,3692.34,0
119.162,4051.13,-438.27,680.084,4.38819,3766.87,0
119.847,4058.39,-466.044,699.403,2.46982,3684.81,0
120.524,4064.36,-501.602,731.125,0.847647,3614.52,0
121.208,4051.05,-496.883,724.513,2.67262,3703.97,0
121.902,4056.92,-501.606,746.707,1.51482,3634.7,0
122.581,4040.65,-505.867,744.286,3.57452,3747.34,0
123.261,4046.6,-520.171,760.974,2.44057,3678.34,0
123.944,4058.88,-528.21,743.343,0.957511,3559.07,0
124.627,4062.29,-500.185,689.486,1.42114,3512.16,0
125.313,4048.24,-499.721,692.388,3.29653,3605.03,0
126.003,4044.92,-498.406,709.304,3.52945,3611.66,0
126.699,4047.42,-533.567,716.56,2.71657,3572.09,0
127.384,4043.72,-540.445,724.191,2.95936,3581.91,0
128.072,4024.48,-539.097,714.476,5.419,3712.93,0
128.766,4031.33,-536.064,709.63,4.14993,3639.67,0
129.45,4051.07,-523.474,705.665,1.62853,3468,0
130.124,4045.89,-517.595,692.617,2.5492,3489.87,0
130.806,4023.35,-498.915,685.092,5.47223,3643.98,0
131.49,4002.42,-491.118,661.248,7.89788,3784.19,0
132.162,4010.83,-503.917,662.265,5.61356,3701.28,0
132.846,4000.37,-504.71,658.713,6.48825,3760.96,0
133.538,4004.72,-523.799,669.365,4.85294,3708.9,0
134.218,3997.67,-530.199,660.683,5.40337,3742.63,0
134.918,3989.4,-546.408,683.325,5.68084,3784.5,0
135.608,4006.31,-537.999,670.671,3.24845,3640.56,0
136.296,3985.23,-506.327,663.92,5.95903,3776.89,0
136.991,3994.32,-514.661,683.986,3.85843,3691.31,0
137.674,4016.72,-498.495,672.01,0.90521,3510.32,0
138.362,4005.05,-498.371,674.157,2.45365,3577.2,0
139.045,3992.98,-490.721,677.637,3.84742,3646.44,0
139.726,3981.06,-497.378,673.935,5.36288,3713.96,0
140.413,3985.38,-497.253,685.692,4.31594,3665.08,0
141.105,3975.78,-495.353,712.934,5.02259,3715.14,0
141.78,3967.89,-467.737,688.48,6.31195,3753.07,0
142.469,3977.7,-471.978,698.657,4.31543,3666.07,0
143.149,3958.87,-469.562,666.958,6.7746,3780.19,0
143.83,3960.24,-474.706,663.354,5.55936,3752.75,0
144.516,3949.36,-489.317,689.616,6.18788,3810.25,0
145.195,3969.85,-491.03,683.435,2.92392,3651.28,0
145.872,3969.77,-474.569,692.742,2.84565,3634.87,0
146.556,3944.97,-497.279,673.022,6.18829,3787.15,0
147.246,3953.7,-482.727,701.974,4.44311,3710.13,0
147.932,3949.12,-475.954,704.484,4.94823,3723.9,0
148.609,3930.98,-461.968,717.229,6.89845,3828.98,0
149.284,3923.24,-453.95,713.671,7.1779,3863.5,0
149.968,3915.29,-459.955,693.698,7.57389,3898.91,0
150.648,3929.18,-455.624,685.184,4.93664,3789.11,0
151.325,3935.44,-453.527,675.883,3.71202,3730.74,0
152.01,3938.38,-436.333,690.837,3.20977,3694.61,0
152.702,3923.01,-462.217,685.352,5.00234,3778.51,0
153.377,3910.2,-454.375,672.457,6.53711,3845.45,0
154.067,3902.26,-452.098,670.894,6.77403,3879.71,0
154.754,3906.02,-450,674.906,5.52131,3838.19,0
155.448,3908.95,-461.229,660.96,4.58501,3802.23,0
156.129,3926,-455.469,634.955,2.37894,3676.47,0
156.816,3924.53,-494.891,626.033,2.25471,3669.73,0
157.502,3928.91,-484.912,602.474,2.0262,3625.92,0
158.187,3927.87,-480.638,578.674,2.54589,3616.81,0
158.874,3928.56,-447.822,566.077,3.23836,3596.81,0
159.554,3919.07,-435.234,558.824,4.63778,3640.95,0
160.24,3933.42,-433.035,546.045,2.39618,3535.82,0
160.919,3942.52,-426.314,520.222,1.81181,3464.35,0
161.61,3927.66,-422.737,511.981,4.62798,3541.46,0
162.286,3919.13,-414.119,514.487,5.76049,3579.27,0
162.972,3895.55,-399.594,523.628,8.68426,3708.89,0
163.654,3893.09,-406.365,516.168,7.17501,3708.49,0
164.352,3888.55,-397.731,520.294,7.15874,3720.4,0
165.038,3903.98,-396.015,512.203,4.19548,3611.43,0
165.721,3929.34,-390.641,495.444,0.301544,3443.5,0
166.401,3921.1,-409.561,472.127,2.08215,3478.94,0
167.081,3906.21,-406.492,454.683,5.41504,3553.89,0
167.756,3915.83,-412.78,440.728,3.71778,3482.28,0
168.449,3925.79,-411.393,468.259,0.725178,3408.78,0
169.131,3909.87,-402.881,460.731,4.23075,3489.2,0
169.816,3925.17,-383.109,480.153,1.16321,3385.02,0
170.51,3922.89,-369.531,521.521,0.19224,3384.61,0
171.194,3926.01,-338.084,521.904,0.559702,3352.85,0
171.874,3903.62,-336.438,502.44,5.61185,3469.85,0
172.56,3880.45,-332.573,506.876,8.65391,3590.33,0
173.247,3885.95,-326.844,507.636,6.07894,3544.35,0
173.932,3870.98,-337.898,528.23,6.70663,3616.49,0
174.606,3891.2,-372.504,502.453,2.66342,3486.69,0
175.302,3884.46,-366.028,486.959,4.7482,3511.31,0
175.988,3900.44,-372.344,488.169,1.23934,3406.82,0
176.674,3887.86,-367.289,469.264,4.66048,3464.82,0
177.364,3883.73,-380.272,502.236,3.08747,3474.58,0
178.059,3880.71,-372.41,515.619,3.27182,3477.99,0
178.732,3865.93,-353.253,504.074,6.61181,3547.58,0
179.419,3862.23,-346.111,498.146,7.28178,3554.62,0
180.098,3866.93,-349.445,482.234,6.32538,3515.17,0
180.788,3872.05,-354.895,472.513,5.24231,3473.41,0
181.467,3858.78,-355.851,471.802,6.65979,3533.52,0
182.163,3860.07,-338.411,455.628,7.17242,3512.96,0
182.846,3848.81,-349.699,461.074,7.34974,3561.38,0
183.538,3837.99,-352.668,447.691,9.07472,3606.94,0
184.217,3839.76,-358.497,463.934,5.95963,3584.05,0
184.895,3820.21,-363.216,450.693,9.74482,3676.65,0
185.577,3830.8,-360.07,456.293,6.15339,3606.04,0
186.261,3845.18,-350.175,448.274,3.45075,3515.6,0
186.943,3827.81,-375.982,448.64,5.23951,3595.69,0
187.613,3812.95,-392.676,469.682,6.08884,3662.04,0
188.294,3820.53,-382.268,482.983,3.83519,3608.57,0
188.982,3821.03,-382.843,476.574,3.96558,3592.8,0
189.662,3820.96,-408.262,438.77,4.47053,3580.26,0
190.35,3824.48,-398.557,452.35,3.16612,3548.83,0
191.039,3805.02,-394.487,470.41,6.1419,3637.91,0
191.727,3803.89,-406.085,475.64,4.84968,3630.73,0
192.403,3803.59,-406.523,469.478,4.79431,3619.55,0
193.091,3801.99,-370.271,472.407,6.27116,3614.93,0
193.777,3806.97,-356.838,484.683,4.50954,3576.44,0
194.454,3778.73,-362.786,481.6,9.40918,3709.22,0
195.133,3792.02,-350.477,486.797,5.17129,3628.2,0
195.81,3780.87,-365.93,500.831,5.69811,3672.59,0
196.494,3776.93,-351.498,491.169,6.60295,3679.85,0
197.172,3765.79,-360.838,491.246,7.91639,3723.7,0
197.85,3763.13,-376.404,483.82,6.34402,3724.36,0
198.526,3765.25,-389.511,480.008,5.25638,3701,0
199.211,3773.09,-400.503,485.387,2.73192,3648.96,0
199.903,3777.2,-391.153,488.738,1.95142,3615.75,0
200.583,3774.65,-437.492,498.087,0.684881,3616.21,0
201.259,3772.09,-429.244,488.579,1.67757,3616.8,0
201.943,3776.46,-430.844,477.833,1.11198,3582.9,0
202.629,3746.16,-437.797,477.248,6.64089,3720.28,0
203.309,3743.97,-441.025,472.624,6.04984,3718.6,0
203.995,3743.52,-428.878,477.924,5.20186,3708.32,0
204.685,3741.46,-401.476,482.795,5.72916,3705.86,0
205.361,3733.37,-404.655,495.487,6.25075,3733.06,0
206.051,3741.22,-406.699,497.572,4.00771,3682.5,0
206.735,3747.65,-417.464,480.967,2.79249,3639.19,0
207.422,3746.03,-419.691,487.441,2.59063,3634.97,0
208.101,3744.36,-427.508,483.764,2.84193,3631.14,0
208.781,3752.85,-420.037,507.127,0.31791,3578.63,0
209.47,3737.54,-410.853,493.196,4.33304,3639.94,0
210.153,3733.18,-416.392,477.879,5.38223,3648.84,0
210.841,3731.67,-391.379,476.872,5.88595,3644.13,0
211.537,3733.81,-400.433,527.247,2.78296,3622.03,0
212.228,3715.87,-393.592,543.033,5.68721,3694.73,0
212.912,3723.54,-394.841,529.907,4.30473,3646.83,0
213.6,3731.19,-401.16,525.934,2.58866,3599.31,0
214.286,3736.63,-420.656,532.619,0.771896,3562.4,0
214.968,3726.43,-399.756,518.626,3.46561,3598.54,0
215.66,3711.17,-393.095,504.827,6.52881,3657.73,0
216.349,3722.02,-359.302,524.826,3.82497,3595.93,0
217.034,3725.73,-354.909,542.271,2.28188,3567.51,0
217.719,3720.6,-375.394,544.753,2.77071,3579.87,0
218.407,3720.8,-373.149,520.956,3.44019,3567.66,0
219.107,3718.23,-367.635,516.535,4.16794,3567.98,0
219.794,3725.26,-351.156,511.987,3.2066,3524.84,0
220.485,3720.89,-324.281,494.761,6.05773,3533.64,0
221.171,3718.77,-339.179,500.027,4.72041,3532.24,0
221.855,3726.75,-317.674,530.095,1.74301,3485.37,0
222.539,3723.95,-292.895,547.271,2.12105,3487.24,0
223.216,3715.47,-288.189,521.294,5.11615,3514.68,0
223.903,3730.44,-281.75,509.439,2.26733,3437.05,0
224.584,3709.1,-275.489,516.349,6.35283,3521.65,0
225.268,3698.91,-269.26,526.611,7.00485,3556.16,0
225.944,3677.06,-269.055,516.317,0.737844,3642.21,0
226.631,3651.48,-293.346,529.825,5.31342,3744.07,0
227.315,3663.27,-287.286,528.698,2.32108,3680.94,0
228.003,3640.92,-284.168,543.174,7.1749,3767.86,0
228.681,3637.51,-293.745,536.879,7.00806,3771.58,0
229.358,3633.28,-311.26,532.425,7.15963,3778.91,0
230.04,3633.49,-323.162,535.481,5.98411,3766.8,0
230.721,3638.22,-313.602,546.38,4.32714,3735.14,0
231.41,3654.93,-332.732,528.874,0.310993,3651.82,0
232.087,3641.08,-307.901,526.603,4.61403,3700.87,0
232.767,3629.79,-317.235,527.077,6.93782,3738.55,0
233.446,3638.6,-311.991,507.799,4.44171,3689.91,0
234.123,3642.72,-311.719,501.992,3.17349,3661.68,0
234.811,3620.39,-315.951,510.867,8.53196,3746.02,0
235.488,3617.96,-320.217,502.174,8.57589,3745.59,0
236.169,3610.6,-330.292,505.915,7.8454,3765.92,0
236.859,3616.34,-349.51,514.512,4.6082,3730.73,0
237.539,3611.57,-342.605,516.332,5.15686,3740.15,0
238.224,3593.76,-328.854,509.541,9.43451,3804.14,0
238.919,3587.39,-327.557,500.867,9.6611,3819.73,0
239.595,3596.43,-329.177,502.774,5.49511,3771.25,0
240.282,3591.89,-347.728,486.692,6.39856,3779.37,0
240.966,3599.14,-378.944,483.167,3.14125,3738.51,0
241.641,3588.59,-367.881,484.286,5.90163,3771.75,0
242.328,3585.52,-367.112,484.291,6.30929,3773.72,0
243.009,3586.88,-373.589,477.02,5.11175,3757.58,0
243.699,3588.97,-377.939,466.226,4.28696,3738.33,0
244.379,3563.38,-392.48,464.636,10.625,3832.67,0
245.068,3561.53,-394.032,483.75,8.78652,3829.41,0
245.755,3557.48,-397.56,468.147,8.90175,3835.22,0
246.429,3568.59,-389.138,472.685,4.38964,3779.61,0
247.117,3549.78,-396.733,469.908,8.42301,3845.21,0
247.801,3571.89,-425.538,467.767,0.877297,3745.39,0
248.486,3568.4,-409.664,451.146,2.09731,3749.1,0
249.171,3568.89,-385.831,473.493,1.82352,3736.82,0
249.853,3558.94,-388.597,453.992,4.97018,3766.45,0
250.54,3549.83,-386.293,450.34,7.1118,3792.5,0
251.22,3539.63,-378.7,457.509,8.62174,3822.84,0
251.906,3512.86,-403.92,455.534,4.00479,3918.68,0
252.594,3503.99,-394.144,459.709,6.43723,3943.14,0
253.277,3516.62,-412.42,433.577,2.46804,3882.6,0
253.951,3510.79,-446.22,448.072,3.99647,3895.28,0
254.642,3515.57,-415.742,452.695,3.07468,3865.94,0
255.322,3514.6,-397.155,452.046,3.41801,3859.46,0
256.009,3511.67,-410.566,443.269,4.08798,3860.51,0
256.693,3498.19,-424.793,450.875,6.60769,3902.77,0
257.382,3478.39,-415.3,446.476,7.84323,3969.25,0
258.061,3493.62,-414.706,447.719,4.85375,3899.79,0
258.751,3504.44,-395.694,451.092,3.13293,3847.57,0
259.426,3508.79,-402.82,439.314,1.36461,3820.77,0
260.116,3507.88,-426.188,443.002,1.62955,3814.13,0
260.807,3503.62,-450.084,424.23,3.01158,3820.37,0
261.49,3506.57,-476.659,443.892,1.95592,3799.12,0
262.174,3504.62,-466.747,410.881,2.76734,3796.65,0
262.851,3500.09,-487.528,417.65,3.45427,3804.1,0
263.526,3490.57,-486.58,435.127,4.40236,3830.47,0
264.217,3480.93,-481.969,436.469,5.23003,3856.94,0
264.898,3475.24,-480.677,430.146,5.56461,3868.51,0
265.572,3477.68,-477.06,429.764,4.99941,3849.5,0
266.26,3481.29,-469.693,423.801,4.29259,3825.99,0
266.946,3494.2,-479.513,422.753,2.34014,3767.81,0
267.629,3492.36,-485.793,397.532,2.87288,3765.04,0
268.321,3502.68,-503.363,395.941,0.892663,3716.88,0
269.009,3503.47,-515.163,389.558,0.467912,3704.44,0
269.703,3496.57,-511.696,370.6,1.85401,3720.49,0
270.388,3479.29,-493.747,371.399,4.32516,3774.97,0
271.079,3469.11,-475.688,370.82,5.77041,3802.93,0
271.767,3461.24,-475.962,378.44,6.00461,3822.25,0
272.449,3476.69,-477.652,390.55,3.50748,3755.97,0
273.14,3483.27,-441.94,375.874,3.73983,3722.39,0
273.829,3495.5,-451.231,356.332,2.6572,3668.35,0
274.512,3494.4,-440.89,361.624,2.96334,3663.21,0
275.197,3477.24,-475.237,360.455,4.09075,3716.47,0
275.874,3476.67,-453.642,385.229,3.99847,3709.4,0
276.561,3475.4,-420.236,380.249,4.95149,3704.78,0
277.248,3476.54,-423.899,399.444,3.99143,3691.49,0
277.933,3488.2,-420.645,406.051,2.24973,3640.45,0
278.622,3462.12,-415.543,398.462,5.79823,3725.03,0
279.296,3471.55,-427.41,402.157,3.78125,3682.31,0
279.981,3473.16,-414.488,405.922,3.72637,3667.53,0
280.674,3494.36,-411.393,425.92,0.505763,3582.96,0
281.363,3481.77,-412.686,425.381,1.99002,3618.9,0
282.046,3465.05,-403.724,432.112,3.92403,3669.42,0
282.726,3461.59,-386.055,453.251,3.7882,3672.86,0
283.412,3461.71,-377.671,460.256,3.56915,3663.52,0
284.099,3444.65,-368.22,442.755,6.16276,3714.72,0
284.788,3443.34,-356.102,452.23,5.70039,3710.35,0
285.482,3451.82,-377.253,461.991,3.40283,3671.61,0
286.168,3435.29,-390.686,462.711,4.94222,3720.57,0
286.846,3437.06,-371.378,469.123,4.67401,3705.62,0
287.534,3452.03,-374.52,465.09,2.66032,3644.67,0
288.219,3431.42,-356.761,466.686,5.49888,3707.51,0
288.907,3454.54,-345.803,462.805,2.71188,3618.69,0
289.591,3449.86,-365.681,470.162,2.51562,3626.29,0
290.265,3455.37,-368.259,484.611,1.31735,3598.89,0
290.949,3446.02,-368.933,465.588,2.88565,3622.57,0
291.636,3437.53,-382.061,467.786,3.3901,3643.13,0
292.318,3428.83,-379.02,474.114,4.30142,3664.39,0
293,3412.22,-380.447,497.186,5.15045,3712.56,0
293.682,3414.25,-400.945,493.88,4.19602,3697.02,0
294.366,3388.47,-401.012,494.848,7.01342,3776.01,0
295.062,3410.66,-404.841,493.167,3.38241,3691.9,0
295.744,3394.47,-404.697,497.845,5.08637,3738.15,0
296.429,3410.92,-397.872,479.962,3.40338,3674,0
297.111,3408.7,-376.657,473.181,4.27826,3673.03,0
297.795,3407.61,-354.96,463.378,4.86777,3668.25,0
298.479,3407.86,-333.496,465.643,5.076,3659.03,0
299.177,3415.45,-327.812,423.522,5.04749,3625.11,0
299.862,3399.59,-318.746,440.307,6.27089,3669.72,0
300.541,3384.16,-315.708,440.198,7.6594,3712.75,0
301.225,3358.09,-321.313,442.558,9.39402,3790.89,0
301.906,3336.62,-300.872,457.981,9.79608,3853.45,0
302.594,3329.48,-291.774,471.716,8.82222,3868.3,0
303.278,3346.13,-279.248,469.941,5.72265,3804.68,0
303.961,3352.42,-293.825,477.528,3.77039,3775.4,0
304.646,3378.52,-304.574,462.065,0.578453,3681.25,0
305.34,3370.97,-308.556,483.633,0.616553,3697.63,0
306.019,3340.53,-329.771,472.617,4.48666,3788.87,0
306.706,3351.19,-324.627,470.08,2.96824,3745.65,0
307.388,3357.85,-343.637,458.732,1.98176,3715.65,0
308.068,3329.6,-296.899,472.898,6.04025,3799.15,0
308.755,3327.96,-292.014,466.309,6.01683,3796.01,0
309.441,3335.82,-296.767,475.178,4.00755,3762.19,0
310.137,3327.56,-285.13,471.523,5.25341,3780.4,0
310.824,3335.29,-281.682,464.364,4.03833,3747.17,0
311.513,3322.6,-279.454,485.57,4.67767,3779.64,0
312.195,3328.08,-282.14,508.769,2.85658,3753.81,0
312.876,3302.52,-259.054,515.269,6.29935,3827.33,0
313.564,3301.76,-275.525,509.586,5.56185,3821.35,0
314.253,3290.16,-277.322,503.283,6.85224,3849.88,0
314.938,3282.7,-267.063,505.575,6.82075,3865.2,0
315.628,3280.13,-261.359,523.328,5.84505,3864.9,0
316.323,3295.53,-229.09,523.934,4.12052,3807.73,0
316.997,3328.67,-218.426,502.596,0.672576,3695.08,0
317.676,3317.42,-214.24,528.505,1.10406,3722.6,0
318.363,3311.13,-242.221,548.357,0.499868,3734.31,0
319.045,3283.57,-241.609,524.307,5.09983,3812.72,0
319.726,3282.69,-242.975,517.688,5.0867,3807.35,0
320.403,3285.43,-247.434,519.342,4.26535,3790.74,0
321.088,3288.53,-257.537,515.223,3.46229,3773.03,0
321.776,3298.42,-238.37,518.401,2.24169,3734.22,0
322.46,3291.37,-246.127,505.926,3.48711,3748.15,0
323.143,3278.81,-240.425,529.752,4.1692,3779.1,0
323.831,3250.07,-220.724,544.24,7.39671,3859.81,0
324.51,3250.49,-224.227,542.12,6.32524,3850.45,0
325.202,3253.64,-208.587,527.144,5.68349,3832.59,0
325.884,3260.71,-185.802,512.294,5.11095,3802.86,0
326.575,3270.97,-214.869,506.616,2.97418,3763.38,0
327.263,3260.28,-201.916,487.178,5.39707,3788.16,0
327.946,3266.45,-213.729,482.827,4.06128,3761.46,0
328.632,3245.09,-218.74,473.311,6.85042,3818.58,0
329.315,3227.36,-224.46,469.436,8.45551,3864.52,0
330.005,3236.26,-228.921,461.412,6.5414,3829.45,0
330.686,3226.49,-241.478,468.717,6.04458,3851.11,0
331.375,3214.66,-266.198,470.49,6.4322,3878.82,0
332.055,3207.47,-273.671,476.663,5.5987,3892.52,0
332.737,3201.23,-268.688,484.797,5.47967,3903.31,0
333.423,3210.13,-278.109,489.416,3.29657,3868.58,0
334.109,3204.51,-289.122,478.686,4.10569,3877.45,0
334.783,3211.65,-303.791,503.542,1.45107,3848.31,0
335.46,3183.6,-314.787,519.949,4.38786,3924.18,0
336.135,3183.25,-315.043,508.752,4.28628,3917.31,0
336.827,3180.15,-297.249,530.521,4.07795,3918.47,0
337.52,3179.77,-283.679,519.378,4.38281,3911.56,0
338.2,3164.42,-296.774,511.012,6.20795,3949.09,0
338.876,3169.61,-313.155,518.467,4.4886,3925.89,0
339.567,3181.2,-294.35,513.523,3.29917,3883.77,0
340.267,3144.23,-309.863,531.215,7.06302,3984.44,0
340.939,3159.37,-299.596,532.702,4.54203,3932.17,0
341.628,3154.18,-318.633,552.293,3.94828,3939.42,0
342.316,3158.56,-347.7,586.405,1.38173,3918.73,0
342.996,3156.04,-311.866,604.17,1.75567,3918.29,0
343.679,3128.2,-309.386,602.335,5.54541,3991.5,0
344.37,3115.33,-311.434,599.386,6.76624,4020.87,0
345.056,3116.52,-268.451,583.339,7.13344,4009.44,0
345.741,3112.92,-252.351,592.592,6.72403,4011.89,0
346.424,3099.93,-257.811,602.14,7.14584,4041.51,0
347.097,3106.34,-267.592,615.748,4.76722,4015.18,0
347.776,3098.8,-265.108,632.459,5.1462,4029.03,0
348.457,3096.73,-298.518,656.578,4.13172,4027.1,0
349.136,3103.01,-304.278,677.306,2.42877,4001.27,0
349.819,3074.16,-294.497,674.513,6.36837,4075.94,0
350.502,3085.7,-285.843,675.98,4.28862,4035.06,0
351.183,3069.88,-285.789,691.973,5.67379,4072.29,0
351.878,3077.63,-297.07,717.844,3.12959,4042.23,0
352.569,3076.76,-284.78,705.817,3.53798,4036.77,0
353.251,3081.09,-272.447,718.107,2.54838,4016.73,0
353.932,3064.62,-261.219,710.245,4.98702,4055.51,0
354.617,3094.15,-246.658,711.732,0.552687,3964.43,0
355.3,3088.74,-256.671,727.534,0.841811,3972.01,0
355.984,3082.51,-268.998,713.909,1.93061,3981.91,0
356.671,3074.8,-257.883,707.178,3.17802,3995.85,0
357.355,3061.27,-238.428,706.725,5.00928,4026.07,0
358.047,3067.04,-251.755,730.927,3.08275,4002.16,0
358.739,3056.76,-252.044,760.838,3.80538,4023.1,0
359.429,3046.97,-267.836,790.578,4.41678,4042.6,0
360.112,3036.4,-260.495,785.391,5.58056,4064.28,0
360.796,3023.92,-249.722,786.982,6.89429,4091.18,0
361.476,3030,-276.11,803.821,5.03597,4066.66,0
362.164,3014.73,-283.305,795.279,6.70251,4101.08,0
362.841,3003.29,-280.831,788.384,7.38729,4124.98,0
363.533,3013.23,-265.754,799.367,5.07879,4089.79,0
364.221,3012.32,-245.266,802.849,4.50652,4084.55,0
364.908,3000.68,-243.457,809.908,5.65619,4108.75,0
365.603,3005.62,-243.225,817.866,4.25646,4087.43,0
366.295,3002.2,-238.543,826.701,4.33348,4089.06,0
366.978,3002.53,-242.017,819.194,4.16646,4080.56,0
367.672,3005.4,-250.986,828.697,3.39008,4065.03,0
368.36,3004.77,-253.693,805.733,3.79793,4059.15,0
369.044,3002.03,-249.248,783.893,4.31794,4059.06,0
369.725,2995.78,-257.112,775.309,4.66344,4068.49,0
370.41,3020.41,-251.56,745.512,1.60625,3994.46,0
371.095,3028.65,-256.086,749.813,0.244244,3964.87,0
371.783,3020.41,-279.611,724.63,1.80892,3979.72,0
372.467,2999.35,-290.134,763.935,3.88623,4028.94,0
373.144,2981.55,-290.082,780.297,5.62806,4069.33,0
373.825,2997.83,-293.49,764.03,3.26432,4018.38,0
374.507,2993.96,-297.373,750.967,3.72679,4021.4,0
375.19,2979.78,-318.721,748.854,5.35191,4051.88,0
375.872,2977.18,-302.319,756.059,5.48433,4051.43,0
376.555,2966.22,-318.317,753.03,6.37403,4073.19,0
377.232,2946.98,-326.198,738.371,8.40967,4116.88,0
377.928,2954.21,-342.553,742.577,6.22362,4090.17,0
378.623,2954.84,-333.066,741.679,5.5114,4080.99,0
379.309,2949.89,-329.682,731.313,5.78835,4086.68,0
379.994,2954.11,-337.385,724.767,5.01652,4068.18,0
380.67,2963.95,-323.021,703.379,3.72712,4035.12,0
381.362,2971.56,-331.078,725.567,1.96053,4007.84,0
382.037,2951.01,-338.758,755.597,4.15474,4054.56,0
382.713,2946.21,-343.597,749.266,4.75526,4059.95,0
383.401,2949.93,-346.467,755.155,4.00494,4042.95,0
384.096,2960.65,-338.346,763.586,2.0031,4007.72,0
384.785,2962.74,-331.279,762.855,1.7427,3995.1,0
385.469,2956.08,-338.005,770.713,2.46261,4005.32,0
386.152,2930.15,-317.721,749.575,6.36166,4065.35,0
386.843,2930.61,-297.986,757.311,5.73184,4056.92,0
387.521,2909.15,-294.639,754.882,7.97012,4105.19,0
388.199,2905.85,-289.488,757.931,7.20272,4106.54,0
388.89,2910.23,-272.947,775.667,5.68951,4087.96,0
389.577,2909.05,-253.85,763.113,5.37099,4083.79,0
390.269,2896.49,-261.055,776.767,6.2368,4108.72,0
390.961,2929.1,-253.549,791.302,1.0996,4018.06,0
391.637,2892.45,-256.231,800.322,5.60504,4104.69,0
392.329,2896.39,-257.532,804.264,4.70048,4087.4,0
393.032,2878.17,-251.701,799.727,6.71487,4126.45,0
393.712,2867.66,-273.601,799.707,7.18699,4146.02,0
394.402,2871.53,-289.548,816.369,5.54323,4128.97,0
395.088,2864.61,-268.671,808.739,6.33833,4139.32,0
395.763,2863.09,-273.465,806.424,5.81855,4136.07,0
396.454,2884.65,-256.687,791.297,2.55125,4074.49,0
397.141,2885.41,-258.642,786.237,2.44218,4065.54,0
397.823,2897.84,-281.044,795.331,0.365834,4027.31,0
398.508,2872.79,-278.611,789.053,3.85559,4083.26,0
399.191,2867.58,-263.048,784.027,4.60725,4089.33,0
399.864,2877.18,-280.345,784.806,3.02078,4058.42,0
400.54,2875.47,-275.608,782.303,3.22672,4055.85,0
401.225,2841.95,-277.062,753.467,8.34076,4132.46,0
401.903,2831.41,-272.815,755.419,8.15646,4151.73,0
402.59,2818.68,-279.813,753.972,8.17528,4176.26,0
403.276,2827.5,-281.149,754.607,5.60897,4147.28,0
403.954,2813.43,-282.13,762.911,7.0565,4175.16,0
404.63,2802.43,-303.331,781.247,7.23582,4195.37,0
405.311,2811.5,-278.837,807.065,5.16945,4165.95,0
406.002,2801.49,-264.123,830.888,5.87782,4183.51,0
406.681,2814.74,-267.046,821.694,3.5302,4143.94,0
407.356,2807.95,-268.294,811.586,4.44336,4153.74,0
408.045,2811.7,-278.862,816.435,3.47131,4137.54,0
408.729,2831.34,-273.141,768.27,1.30549,4082.57,0
409.414,2821.35,-246.588,745.369,3.3418,4100.14,0
410.1,2806.04,-253.668,758.646,5.28828,4130.61,0
410.776,2833.54,-280.673,789.807,0.497929,4056.85,0
411.463,2833.57,-261.926,784.178,0.649899,4050,0
412.146,2798.03,-254.809,767.389,6.15434,4129.54,0
412.823,2781.52,-263.173,767.548,7.93225,4162.76,0
413.505,2773.64,-254.556,757.431,7.9389,4174.94,0
414.183,2781.19,-257.478,757.5,6.06982,4149.89,0
414.859,2787.18,-271.546,760.7,4.82274,4128.67,0
415.537,2810.01,-275.774,771.231,0.971807,4067,0
416.228,2777.07,-270.155,776.271,5.67653,4139.39,0
416.923,2761.45,-259.618,744.981,7.78154,4169.95,0
417.612,2763.29,-243.229,754.984,6.57396,4158.67,0
418.294,2753.64,-239.063,766.402,7.06401,4174.95,0
418.979,2739.88,-227.923,769.611,8.29385,4200.97,0
419.668,2729.28,-244.032,781.367,7.99888,4219.33,0
420.348,2728.97,-261.966,765.834,6.75052,4213.25,0
421.041,2713.83,-256.221,749.854,8.20809,4242.27,0
421.727,2717.75,-249.416,744.103,7.12404,4226.07,0
422.416,2708.7,-239.826,748.209,7.5885,4240.6,0
423.104,2705.05,-245.762,726.808,7.55586,4242.35,0
423.791,2700.88,-238.555,727.119,6.65052,4245.3,0
424.477,2686.26,-223.048,732.402,8.23005,4272.89,0
425.167,2678.58,-229.796,722.935,8.0596,4284.01,0
425.854,2672.69,-233.169,715.906,7.97483,4290.94,0
426.542,2670.71,-241.333,716.095,6.59605,4288.65,0
427.219,2669.59,-243.103,715.062,5.93619,4284.48,0
427.89,2683.52,-261.39,730.221,2.90583,4245.2,0
428.58,2672.93,-267.076,697.241,4.99158,4263.08,0
429.267,2680.14,-292.267,686.726,3.72426,4239.47,0
429.951,2692.12,-272.681,698.572,1.56204,4204.85,0
430.634,2675.74,-294.959,663.067,4.83762,4236.22,0
431.321,2694.79,-309.007,660.051,1.0465,4185.32,0
432.004,2685.62,-295.882,674.285,2.56775,4199.91,0
432.684,2690.07,-306.444,677.868,1.62334,4183.02,0
433.367,2693.45,-327.472,659.812,1.10481,4168.65,0
434.047,2693.22,-357.19,680.275,0.601208,4162.64,0
434.736,2678.86,-361.467,664.592,3.18103,4189.08,0
435.431,2682.35,-361.247,685.956,2.20595,4174.37,0
436.11,2691.17,-389.16,689.791,0.562221,4147.66,0
436.792,2666.63,-389.372,683.746,4.50347,4197.36,0
437.478,2658.67,-393.01,675.512,5.58871,4208.96,0
438.17,2659.67,-380.26,678.225,5.19414,4200.04,0
438.854,2660.73,-367.169,687.531,4.59939,4191.07,0
439.54,2640.27,-365.688,710.763,6.87775,4231.09,0
440.222,2636.83,-349.999,699.558,6.87176,4232.35,0
440.902,2650.63,-327.735,689.906,4.1836,4194.51,0
441.585,2665.29,-328.662,676.832,1.75989,4154.83,0
442.288,2668.36,-337.808,645.5,1.63999,4141.29,0
442.973,2673.42,-397.504,639.301,0.328079,4123.45,0
443.659,2648.07,-399.27,628.994,4.67721,4174.23,0
444.347,2663.58,-400.037,622.456,1.79974,4132.85,0
445.031,2651.48,-403.17,595.401,4.17821,4153.68,0
445.719,2665.84,-375.155,599.978,1.6965,4115.06,0
446.411,2654.26,-401.602,601.421,3.48132,4134.61,0
447.102,2654.55,-377.645,583.416,4.13512,4127.57,0
447.79,2648.94,-378.199,593.501,4.62115,4133.78,0
448.47,2661.12,-379.537,584.816,1.98179,4100.35,0
449.152,2661.76,-376.073,580.216,1.79351,4092.69,0
449.829,2643.06,-400.527,558.497,5.54643,4128.09,0
450.508,2627.87,-403.728,565.136,7.42077,4155.6,0
451.192,2610.56,-400.336,553.217,9.55917,4187.66,0
451.869,2607.52,-394.506,576.118,7.89428,4188.13,0
452.566,2634.64,-389.762,565.82,2.46656,4121.75,0
453.248,2636.38,-375.333,581.438,1.88545,4111.71,0
453.932,2635.4,-405.13,567.385,1.81138,4107.67,0
454.607,2642.57,-404.154,566.948,0.302321,4085.79,0
455.289,2623.35,-436.246,577.113,3.42494,4121.9,0
455.978,2613.05,-455.171,581.996,4.74422,4138.25,0
456.667,2620.24,-488.518,589.689,2.94461,4116.26,0
457.348,2627.02,-468.147,590.433,1.97564,4095.31,0
458.032,2610.94,-446.291,599.728,4.67549,4124.3,0
458.729,2606.47,-458.37,601.38,4.94308,4127.78,0
459.421,2622.25,-465.686,580.273,2.12206,4087.2,0
460.11,2617.27,-470.059,610.975,2.59852,4091.91,0
460.789,2611.79,-475.782,582.854,3.6865,4097.77,0
461.482,2595.51,-469.445,590.05,6.0197,4126.89,0
462.16,2605.55,-459.716,606.915,3.83249,4099.12,0
462.854,2612.94,-494.663,580.919,2.45567,4077.01,0
463.541,2603.24,-491.582,592.184,3.38687,4091.89,0
464.216,2620.33,-506.726,571.008,0.437752,4049.13,0
464.907,2597.18,-528.159,557.214,4.10289,4092.91,0
465.588,2595.89,-522.627,535.671,4.24442,4089.68,0
466.283,2607.46,-554.206,547.382,1.77224,4058.79,0
466.966,2602.27,-602.569,566.418,2.14603,4063.97,0
467.652,2585.36,-610.012,591.221,4.47863,4094.15,0
468.341,2562.17,-606.173,587.387,7.35452,4137.65,0
469.031,2562.06,-610.26,603.808,6.1662,4131.79,0
469.713,2564.03,-590.775,617.094,5.33432,4121.61,0
470.397,2549.97,-606.488,611.657,6.70232,4145.49,0
471.076,2560.81,-610.205,596.221,4.32873,4116.5,0
471.752,2558.57,-592.73,585.879,4.45714,4115.37,0
472.436,2559.73,-565.783,583.273,3.81293,4106.95,0
473.118,2539.97,-583.553,593.647,6.53707,4142.78,0
473.806,2535.68,-585.75,589.662,6.53422,4145.83,0
474.486,2525.02,-596.248,582.035,6.95649,4162.36,0
475.168,2540.72,-574.748,588.123,4.10511,4123.34,0
475.851,2520.38,-586.947,579.307,6.48579,4160.17,0
476.539,2519.64,-569.672,575.969,5.8338,4155.72,0
477.223,2542.84,-568.051,591.493,1.69462,4101.15,0
477.905,2546.65,-596.768,612.199,0.986922,4087.32,0
478.593,2535.46,-584.693,617.6,2.54752,4104.81,0
479.288,2536.91,-579.456,606.799,2.23515,4095.85,0
479.971,2525.84,-586.911,598.112,3.66422,4113.09,0
480.656,2533.06,-584.656,583.495,2.5318,4092.19,0
481.334,2546.99,-570.948,573.809,0.270037,4057.5,0
482.014,2544.81,-585.211,542.769,0.634643,4056.29,0
482.709,2536,-539.964,541.483,2.09886,4068.7,0
483.391,2524.34,-555.971,561.14,3.89681,4087.08,0
484.079,2522.44,-544.757,543.188,4.11414,4085.2,0
484.757,2519.41,-562.743,524.228,4.31025,4085.75,0
485.453,2530.35,-529.685,517.318,1.98353,4057.35,0
486.138,2521.54,-542.88,535.345,3.38736,4069.75,0
486.826,2531.79,-557.505,531.251,1.49637,4042.94,0
487.501,2537.29,-568.009,503.221,0.54814,4026.07,0
488.177,2513.77,-576.314,503.365,4.51075,4068.67,0
488.863,2512.75,-566.552,508.154,4.55499,4065.04,0
489.33,2499.96,-563.215,491.303,6.58571,4087.3,0
