0.688337,4475.05,209.99,84.9924,1.79747,36243.1,0
1.37783,4471.37,216.53,88.1272,1.65669,20778.5,0
2.05328,4475.86,194.689,93.2993,2.26577,11754.8,0
2.73697,4483.78,177.44,109.455,1.80957,5927.54,0
3.43165,4483.34,155.902,117.902,2.72241,4853.66,0
4.12776,4505.72,140.391,134.32,0.405808,-1386.61,0
4.81178,4503.8,124.764,127.485,1.62713,-790.499,0
5.49581,4495.28,136.72,121.276,2.24036,858.166,0
6.17187,4488.37,116.66,121.67,3.81983,1884.05,0
6.85732,4491.59,122.153,131.088,2.65229,1226.34,0
7.53677,4497.49,126.065,152.114,0.790427,333.691,0
8.22548,4493.49,120.352,110.867,3.32841,791.368,0
8.91441,4499.63,149.638,96.2465,1.73016,41.6569,0
9.60252,4488.04,176.626,94.6978,1.52801,1244.99,0
10.2947,4469.99,171.602,100.833,3.46989,2915.41,0
10.9706,4447.31,169.474,105.442,5.41947,4802.71,0
11.6581,4458.39,160.044,90.0393,4.83302,3568.98,0
12.3344,4461.69,140.701,65.1792,5.7395,3105.57,0
13.0153,4506.65,130.825,57.1483,1.70528,-510.804,0
13.7069,4502.25,134.429,71.2131,1.53105,-163.986,0
14.3947,4471.27,116.115,60.4687,5.96059,1995.71,0
15.0806,4478.9,118.478,53.9318,4.44484,1399.08,0
15.7679,4483.96,133.078,35.5151,3.23347,1017.09,0
16.4617,4462.99,133.756,28.9627,5.24032,2248.16,0
17.1591,4461.79,142.579,39.9253,4.29593,2227.08,0
17.8478,4459.35,162.03,89.9073,1.75744,2277.68,0
18.5362,4453.18,163.045,86.9938,2.51503,2526.03,0
19.2286,4455.95,156.847,56.992,3.44222,2290.93,0
19.9094,4461.53,182.056,49.559,1.22015,1932.19,0
20.5981,4430.32,178.003,60.8671,4.59544,3382.67,0
21.2788,4439.03,163.507,58.4588,4.33252,2865.48,0
21.9609,4441.29,169.878,45.2413,3.74388,2673.38,0
22.6399,4444.32,174.986,30.5321,3.15578,2459.18,0
23.3198,4425.61,185.412,45.5142,4.11216,3190.06,0
24.0145,4425.82,169.944,48.7032,4.88538,3088.81,0
24.693,4411.77,187.041,61.9506,4.40954,3573.26,0
25.3735,4404.38,202.388,54.8395,3.96771,3768.45,0
26.049,4409.37,228.497,43.0763,1.62179,3479.07,0
26.7411,4409.1,241.8,68.8352,0.300497,3399.42,0
27.4314,4385.05,235.604,75.861,3.18576,4190.45,0
28.1267,4385.5,270.221,48.0591,1.06119,4070.75,0
28.8075,4399.61,251.914,40.2124,0.866271,3484.84,0
29.4973,4383.62,245.312,47.4731,3.07496,3945.58,0
30.1876,4413.09,220.604,51.3089,1.45244,2879.02,0
30.8697,4386.93,196.912,74.6193,5.44045,3662.7,0
31.5556,4382.9,194.343,75.7431,5.19326,3710.92,0
32.2315,4361.28,188.682,79.7632,7.28727,4303.74,0
32.9185,4375.93,203.673,90.7698,3.57203,3769.02,0
33.6036,4383.9,203.498,93.3503,2.45644,3455.1,0
34.2936,4400.52,200.664,97.1534,0.576318,2900.84,0
34.9776,4368.62,200.474,113.57,3.5137,3756.11,0
35.6566,4373.56,222.838,117.41,1.15935,3546.09,0
36.3384,4354.93,215.24,91.8454,4.64595,3992.3,0
37.0205,4365.65,243.537,96.1007,1.11261,3628.94,0
37.6965,4341.83,266.866,98.1811,2.14029,4195.95,0
38.3803,4330.36,263.034,90.2388,3.77795,4419.92,0
39.0587,4310.45,281.56,73.3574,4.6606,4852.86,0
39.753,4313.43,284.188,89.6511,3.44234,4693.33,0
40.4311,4314.15,247.806,96.2654,5.60039,4596.68,0
41.1137,4307.92,248.021,91.8735,5.75541,4671.81,0
41.8047,4295.73,242.786,93.8775,6.98065,4886.3,0
42.4822,4301.98,245.175,78.1651,5.64771,4661.35,0
43.1733,4301.03,247.452,95.0682,4.76273,4608.56,0
43.864,4284.4,238.449,75.4897,7.21264,4915.17,0
44.5466,4264.2,236.573,74.8108,8.25617,5293.28,0
45.2405,4267.28,230.895,74.4345,7.23346,5144.07,0
45.9275,4251.12,243.953,65.6525,6.99248,5418.91,0
46.6161,4271.55,245.812,76.3115,3.68811,4900.63,0
47.3016,4243.61,230.166,67.458,8.15218,5420.22,0
47.9767,4217.06,222.419,42.4468,10.2958,5897.48,0
48.661,4230.03,212.414,54.6691,7.52252,5547.97,0
49.3355,4259.14,226.394,56.2743,2.21217,4882.1,0
50.027,4280.84,211.039,50.4134,1.29989,4380.86,0
50.712,4267.88,183.07,43.4448,5.36834,4577.3,0
51.4023,4251.46,189.938,46.8951,5.55508,4835.25,0
52.0898,4238.93,206.273,54.441,4.929,5011.94,0
52.78,4250.61,192.999,70.3916,4.08009,4725.08,0
53.4683,4254.51,165.885,70.2012,5.82844,4591.26,0
54.1592,4245.99,157.909,69.9627,7.04206,4690.04,0
54.8389,4243.95,152.71,68.5968,6.86171,4669.05,0
55.5156,4245.86,141.323,79.498,6.3169,4577.89,0
56.2054,4258.59,123.523,54.5243,7.04745,4295.2,0
56.9045,4265.05,141.204,87.3227,2.6777,4128.77,0
57.5985,4249.86,127.826,101.135,4.51173,4342.9,0
58.2734,4254.36,117.227,135.613,2.08203,4215.28,0
58.9653,4270.98,88.6472,127.912,2.60052,3883.95,0
59.6487,4270.86,48.9424,144.365,2.87409,3841.55,0
60.3427,4280.58,35.5338,130.579,3.44,3636.27,0
61.0137,4279.21,34.8033,150.147,1.6473,3618.68,0
61.6945,4271.33,22.9202,152.174,2.31266,3706.49,0
62.3807,4251.12,20.7697,161.67,3.42109,3989.71,0
63.061,4253.86,41.2534,155.081,3.26526,3903.27,0
63.7458,4254.08,40.9732,131.9,5.16962,3857.78,0
64.4395,4248.71,41.2754,141.47,4.56046,3899.7,0
65.1264,4224.9,57.3912,139.494,6.16101,4224.04,0
65.8053,4231.14,76.2808,147.331,3.58735,4085.69,0
66.4912,4248.75,99.9445,140.209,0.982009,3778.72,0
67.1748,4228.76,104.033,132.759,3.3061,4037.82,0
67.8679,4226.69,101.053,124.432,4.26931,4027.08,0
68.5479,4229.47,80.7926,129.013,4.57171,3946.64,0
69.2274,4233.28,77.401,130.87,3.93899,3852.78,0
69.9202,4257.11,86.6716,132.437,0.761906,3473.83,0
70.6076,4272.8,74.0184,101.98,2.2341,3217.73,0
71.2905,4294.67,39.6177,107.269,1.1035,2880.18,0
71.9754,4270.85,56.4936,126.497,1.20078,3183.73,0
72.6527,4270,39.4446,127.733,1.79264,3165.8,0
73.3283,4287.63,33.8705,99.4484,2.66634,2896.21,0
74.0116,4273.86,53.5155,112.189,2.15503,3055.45,0
74.6992,4270.19,18.056,91.7591,5.30149,3076.44,0
75.3889,4276.03,17.2329,81.0159,5.38715,2970.87,0
76.0742,4263.89,27.9317,74.8058,6.09612,3103.69,0
76.766,4253.38,27.7524,79.3055,6.1225,3212.66,0
77.4546,4235.02,17.6826,115.626,4.07197,3421.16,0
78.1458,4224.81,36.2212,155.6,0.723209,3521.55,0
78.8336,4212.13,10.3678,141.01,3.99142,3651.67,0
79.5159,4187.96,-10.1037,150.575,5.23638,3924.25,0
80.1933,4197.84,23.4833,157.894,2.82222,3767.86,0
80.882,4184.13,6.43412,148.88,5.24261,3905.33,0
81.5681,4184.82,-7.22747,153.789,4.26987,3863.96,0
82.256,4187.51,-8.95593,167.623,2.22864,3798.93,0
82.9384,4186.47,5.08254,152.312,3.78916,3780.27,0
83.6241,4185.76,28.5585,154.68,3.12439,3757.73,0
84.3074,4214.17,11.6368,139.764,1.90042,3390.32,0
84.9965,4197.03,31.0293,129.126,4.30408,3564.53,0
85.6808,4199.35,42.269,140.499,2.33661,3508.98,0
86.3585,4236.81,-4.91145,120.222,1.24234,3047.65,0
87.0373,4183.73,-25.7765,155.738,2.71331,3633.78,0
87.7226,4174.39,1.16682,163.186,3.14688,3711.82,0
88.4151,4181.83,-5.60791,151.47,3.66416,3598.55,0
89.1023,4189.87,5.46699,166.998,1.02441,3480.58,0
89.7816,4163.93,9.62019,154.79,5.118,3743.23,0
90.4626,4185.08,16.0713,143.439,3.91503,3481.23,0
91.1475,4189,35.4186,134.605,3.98544,3412.01,0
91.8353,4210.82,-0.614989,133.55,2.3503,3148.89,0
92.5187,4207.21,-34.7942,123.956,3.1794,3164.62,0
93.2087,4204.13,-55.0811,109.842,3.96331,3174.27,0
93.8932,4181,-60.2669,87.3026,7.14208,3397.45,0
94.5826,4173.52,-61.7462,103.718,5.261,3451.77,0
95.2638,4171.22,-74.1226,99.9271,4.53789,3451.21,0
95.9584,4175.21,-64.9148,115.318,3.0481,3384.74,0
96.64,4160.5,-56.7908,102.052,6.18761,3513.08,0
97.3311,4157.58,-40.8927,94.5024,7.02331,3518.13,0
98.0199,4159.22,-65.4653,103.457,4.03342,3476.66,0
98.708,4164.64,-63.6456,98.6682,3.77672,3397.53,0
99.3924,4140.37,-64.699,90.7573,6.37255,3618.31,0
100.07,4136.16,-88.2148,84.7896,4.35349,3635.83,0
100.75,4134.63,-72.3716,95.0091,4.73535,3626.52,0
101.433,4123.92,-59.6951,93.5649,6.25213,3707.63,0
102.113,4130.97,-80.8421,107.993,2.27046,3613.93,0
102.806,4160.38,-64.702,97.5215,1.47746,3303.47,0
103.484,4147.1,-58.7635,78.7088,4.98114,3410.24,0
104.167,4144.98,-50.7216,53.7857,7.66507,3408.16,0
104.858,4136.98,-54.7622,63.8625,6.22736,3462.03,0
105.539,4136.15,-44.852,67.4096,5.88999,3447.49,0
106.222,4137.02,-30.3212,58.9321,7.0903,3417.16,0
106.908,4134.2,-43.1367,25.0276,7.61949,3421.66,0
107.6,4131.93,-46.9863,46.6909,5.13086,3420.75,0
108.285,4155.22,-55.0068,34.3896,2.91453,3184.03,0
108.976,4149.52,-22.9906,32.3779,6.11457,3216.12,0
109.647,4150.86,-5.6927,41.2864,5.25173,3184.21,0
110.336,4153.57,-4.92005,41.8114,4.27416,3139.75,0
111.022,4175.82,-10.5856,43.2476,1.72789,2919.97,0
111.713,4178.69,-22.7622,21.2065,2.88319,2876.23,0
112.408,4170.18,-27.6286,24.4859,2.74334,2934.14,0
113.091,4174.69,-48.4883,3.28722,0.929602,2876.52,0
113.781,4152.82,-67.3282,-5.94054,0.662452,3051.27,0
114.465,4137.34,-62.0362,13.415,2.51836,3168.31,0
115.161,4146.49,-39.4602,28.6395,3.33958,3069.74,0
115.847,4153.73,-30.8015,22.1817,3.81237,2989.03,0
116.526,4156.63,-34.0302,40.7576,1.663,2946.74,0
117.2,4144.82,-46.2274,36.4762,2.08581,3030.57,0
117.89,4161.91,-8.5473,37.9711,2.79565,2867.85,0
118.58,4157.17,-48.6031,11.8325,1.82165,2891.17,0
119.252,4150.87,-53.0451,18.4994,1.68372,2927.7,0
119.93,4126.25,-66.064,31.3168,1.90151,3116.44,0
120.618,4142.74,-70.1784,23.8187,0.157553,2961.87,0
121.313,4135.89,-64.0757,26.7531,1.31248,3001.36,0
122.001,4116.85,-72.1336,-1.06899,2.7088,3140.58,0
122.683,4108.34,-76.9477,4.13924,2.79415,3192.44,0
123.366,4096.13,-59.7484,17.281,5.54337,3273.77,0
124.038,4093.21,-46.3405,29.5915,6.09793,3279.58,0
124.725,4083.7,-39.211,18.6328,7.66129,3337.73,0
125.406,4078.35,-14.6604,23.3186,8.70312,3362.23,0
126.089,4098.15,5.77125,19.157,6.49249,3187.07,0
126.772,4115.95,9.75299,16.154,4.50034,3029.44,0
127.465,4107.38,-13.4973,23.3383,3.81182,3080.23,0
128.143,4119.42,-21.2782,17.3477,2.51361,2969.98,0
128.831,4108.98,-19.0995,6.83194,4.17795,3035.12,0
129.518,4095.16,-45.1562,24.9933,1.18435,3125.74,0
130.206,4107.91,-35.0156,30.9178,0.719885,3011.28,0
130.885,4076.91,-27.2,40.9058,2.96758,3232.53,0
131.576,4054.39,-51.3034,62.7647,0.265227,3386.71,0
132.262,4068.17,-24.1639,25.0919,5.52294,3264.96,0
132.948,4057.37,-16.6709,66.912,1.37244,3329.37,0
133.628,4038.19,-43.7048,53.1417,3.05386,3455.94,0
134.309,4031.76,-50.7836,31.3972,4.79387,3486.27,0
134.999,4044.17,-53.3484,47.8016,1.74651,3376.52,0
135.688,4028.88,-43.123,66.7652,1.66664,3472.06,0
136.374,4004.01,-34.1914,63.4158,4.92938,3637.02,0
137.064,4002.28,-35.6793,48.6585,6.39386,3631.31,0
137.744,4004.76,-63.8434,43.4234,2.87101,3595.38,0
138.436,3995.61,-41.3943,55.6236,4.78806,3643.49,0
139.117,3989.93,-34.9949,38.3628,7.5583,3666.5,0
139.804,3985.79,-26.7296,22.7795,8.89582,3678.05,0
140.485,3985.18,0.513773,53.4759,4.79291,3664.59,0
141.167,3993.68,1.56976,29.0847,7.48082,3586.69,0
141.849,3999.3,3.16344,18.6776,7.52202,3529.81,0
142.551,3985.19,24.5242,24.9521,4.8274,3611.41,0
143.234,3988.61,17.4632,18.0344,5.62019,3570.29,0
143.915,3993.68,37.8429,33.7245,0.69281,3518.22,0
144.588,3997.34,34.7087,35.844,0.509552,3476.52,0
145.263,4009.42,28.0613,17.5309,2.1923,3377.17,0
145.956,4008.95,14.131,27.109,2.61005,3364.39,0
146.639,3973.05,-11.8054,50.8033,1.78692,3593.52,0
147.327,3949.9,-32.23,36.9365,4.23801,3733.89,0
148.016,3926.99,-41.522,60.7478,1.27536,3871.3,0
148.697,3946.53,-41.2021,50.5165,1.35346,3722.15,0
149.386,3950.75,-50.0141,33.067,1.96265,3676.71,0
150.076,3941.28,-60.2159,17.9609,2.11191,3722.91,0
150.756,3891.91,-84.9308,-17.0282,1.00982,4033.64,0
151.433,3889.33,-84.6844,-9.0378,1.49697,4032.6,0
152.118,3896.93,-74.4926,11.8456,2.95314,3964.5,0
152.806,3899.6,-79.2391,11.5266,1.60633,3929.17,0
153.499,3915.79,-66.8379,-18.6918,2.54296,3805.95,0
154.186,3921.08,-64.0705,-11.8553,2.75616,3754.67,0
154.876,3914.66,-66.0135,-11.6505,2.67623,3779.43,0
155.557,3918.2,-50.5881,-11.6608,5.22497,3740.12,0
156.241,3912.93,-67.126,-19.4636,1.66152,3757.48,0
156.938,3891.06,-46.3188,-19.7818,6.95881,3880.14,0
157.628,3880.54,-62.5645,5.31374,4.45389,3929.91,0
158.316,3882.27,-59.2421,-6.25684,4.58114,3901.87,0
159.002,3854.53,-57.4972,28.6344,4.9896,4059.49,0
159.687,3845.06,-47.3727,60.7289,2.1409,4101.4,0
160.366,3863.73,-42.1703,55.1069,2.57364,3967.62,0
161.054,3886.49,-54.1895,29.3143,2.5987,3809.33,0
161.748,3904.5,-52.2025,27.2908,1.73009,3681.65,0
162.431,3874.62,-38.2838,0.225988,7.95163,3850.14,0
163.116,3891.04,-29.0776,-7.10689,7.33608,3733.31,0
163.805,3878.31,-34.0134,8.60588,6.3636,3795.29,0
164.496,3882.27,-40.2366,0.507513,4.43126,3755.25,0
165.184,3883.54,-30.1274,-14.6208,5.63324,3731.94,0
165.855,3871.02,-29.6405,-30.8307,4.03334,3792.33,0
166.54,3855.67,-29.1463,-48.8142,1.66098,3868.92,0
167.228,3882.1,-18.1654,-40.8085,2.60446,3694.96,0
167.903,3869.02,-38.0259,-41.5679,0.867875,3758.03,0
168.583,3865.77,-39.7363,-30.0867,2.35657,3762.09,0
169.265,3877.06,-28.4496,2.26928,6.07779,3680.25,0
169.948,3859.22,-41.7419,-20.6868,2.64516,3770.43,0
170.629,3867.5,-33.2259,-18.063,3.75074,3706.9,0
171.313,3865.66,-40.4713,-24.4183,1.3069,3702.78,0
172.001,3851.95,-30.1438,-19.2811,4.92638,3767.68,0
172.68,3853.21,-27.4604,-15.2576,5.55986,3745.61,0
173.355,3840.27,-40.6097,-6.68931,3.84332,3805.67,0
174.034,3836.36,-37.2882,-15.3232,4.08428,3813.27,0
174.729,3825.5,-33.5619,-29.8771,3.28937,3860.25,0
175.417,3824.03,-24.3829,-30.9622,4.62433,3853.5,0
176.116,3804.43,-6.11227,-28.822,7.93577,3949.49,0
176.802,3802.44,4.03736,-28.6438,7.0433,3945.45,0
177.488,3812.96,11.654,-20.8599,6.99358,3870.9,0
178.171,3822.59,13.7255,0.747609,7.38531,3802.04,0
178.87,3818.73,8.83132,-1.29902,7.89973,3808.73,0
179.551,3807.46,31.8582,-6.43729,1.84088,3857.06,0
180.239,3792.13,34.0343,-9.95909,1.93525,3927.4,0
180.923,3793.9,28.169,9.33424,3.24725,3902.76,0
181.614,3802.92,-10.1375,16.969,4.99585,3838.28,0
182.306,3827.58,6.86635,13.2479,4.42426,3688.38,0
182.992,3809.73,-1.34709,-0.168392,8.5137,3772.12,0
183.677,3813.21,-7.54401,0.648213,5.83269,3739.14,0
184.368,3851.51,-17.967,-1.16845,0.350599,3517.36,0
185.048,3861.46,1.62021,12.3498,0.962777,3450.64,0
185.74,3873.51,2.30207,4.40444,1.84444,3372.94,0
186.428,3835.39,3.84062,11.685,2.51802,3564.97,0
187.109,3873.43,5.29952,10.5692,0.186738,3348.69,0
187.803,3851.33,6.47367,0.306519,2.93336,3453.98,0
188.494,3843.94,-3.24483,9.86837,2.62156,3480.55,0
189.178,3848,-1.40449,2.90027,3.94653,3446.48,0
189.856,3834.37,-7.39823,-6.43339,3.02574,3505.96,0
190.55,3859.31,2.29556,-11.3737,0.955512,3362.33,0
191.239,3883,-0.795226,-4.76187,0.861433,3226.32,0
191.927,3861.88,-3.44457,3.98502,2.12647,3324.8,0
192.611,3840.48,4.60108,-6.65621,2.85334,3424.08,0
193.301,3839.44,5.22703,1.33552,3.61241,3417.26,0
193.995,3845.84,-12.9114,4.45764,1.12652,3372.04,0
194.686,3819.86,12.5415,6.44221,2.63586,3493.52,0
195.369,3851.08,4.23996,-7.56809,1.92317,3321.5,0
196.056,3856.34,12.9529,-2.28955,0.545409,3283.04,0
196.738,3821.87,15.2041,-5.96092,1.79793,3446.86,0
197.424,3804.45,15.8347,10.3106,2.19574,3523.15,0
198.109,3798.4,10.9171,4.39192,4.52021,3541.48,0
198.797,3780.77,25.9333,-6.57453,1.01467,3617.91,0
199.471,3769.7,8.03635,-20.1363,3.32329,3661.17,0
200.166,3771.35,9.29712,-16.5779,4.02881,3640.21,0
200.848,3769.46,14.8102,-13.2897,3.44574,3637.29,0
201.529,3775.99,6.77869,1.2193,6.72134,3592.57,0
202.221,3749.04,8.63533,-10.9998,5.29172,3713.59,0
202.91,3771.95,-3.78484,-17.112,2.64245,3588.04,0
203.587,3797.34,13.7636,10.9098,1.1116,3451.4,0
204.267,3785.73,-2.65903,4.70212,5.40066,3496.72,0
204.95,3795.02,-8.9874,-2.77716,3.43378,3439.76,0
205.635,3795.43,-6.14153,0.282842,4.20276,3426.29,0
206.307,3775.46,9.63157,-7.17014,3.19934,3511.96,0
206.984,3805.36,5.01404,9.22869,1.91509,3355.99,0
207.674,3810.2,2.66303,8.02184,2.15336,3321.55,0
208.362,3789.71,17.1274,-4.3637,0.42099,3408.94,0
209.046,3755.42,-3.87347,-15.3208,2.93279,3561.82,0
209.739,3742.11,-12.1979,-9.54883,3.74476,3613.5,0
210.428,3723.31,-8.998,-11.3246,4.4584,3690.99,0
211.117,3719.49,0.733973,-13.5764,4.69846,3697.04,0
211.8,3727.23,-11.307,-11.3525,2.96381,3648.59,0
212.484,3728.9,-12.1622,9.30384,2.85798,3628.99,0
213.167,3726.94,-8.52631,11.9645,2.79431,3626.54,0
213.86,3742.24,-5.8001,10.3659,2.82888,3543.26,0
214.552,3749.93,1.6594,14.6538,1.40009,3496,0
215.242,3777.45,-6.35062,-12.012,0.331566,3356.93,0
215.932,3748.46,6.72872,3.65581,3.54857,3480.44,0
216.615,3762.72,2.61871,10.1276,1.61523,3403.63,0
217.293,3732.76,-1.91344,-12.2298,2.00395,3530.89,0
217.984,3704.27,1.90017,-10.0793,3.9362,3650.38,0
218.665,3696.31,-7.42518,6.62958,3.56937,3675.45,0
219.35,3702.35,-9.67928,7.64138,2.12233,3636.43,0
220.035,3694.95,3.97516,6.40408,4.29726,3658.72,0
220.72,3711.15,-0.976833,-13.1029,0.979624,3574,0
221.407,3716.94,-4.08116,-3.3466,3.78028,3536.73,0
222.096,3727.19,-11.1476,0.203782,1.01319,3479.63,0
222.775,3751.85,-0.189398,-2.50048,2.86651,3358.34,0
223.472,3740.27,1.90906,-1.30043,3.53984,3399.68,0
224.159,3755.95,-1.25889,-1.07551,2.88726,3319.3,0
224.846,3776.61,-2.915,1.65741,1.21183,3217.25,0
225.525,3760.56,-7.47944,-4.26745,0.389157,3278.73,0
226.223,3730.17,9.74434,2.81685,1.21155,3402.96,0
226.91,3722.87,12.5004,3.4679,0.083287,3424.82,0
227.595,3716.92,0.296715,-5.65719,2.9944,3440.69,0
228.284,3738.71,-1.90029,-4.19812,2.40895,3334.83,0
228.977,3765.93,-0.347464,-1.08631,2.0619,3205.85,0
229.657,3771.54,-3.56215,3.15491,0.55364,3171.97,0
230.351,3757.17,0.977102,2.83747,1.94379,3224.78,0
231.041,3751.25,-9.29482,0.592097,0.229892,3240.79,0
231.726,3763.36,2.95568,0.959401,1.67699,3178.94,0
232.412,3764.53,-1.69544,3.23734,1.38565,3164.52,0
233.093,3746.55,-1.77875,7.30773,0.858103,3232.39,0
233.776,3717.7,-4.32003,-2.29386,3.09359,3346.36,0
234.464,3708.28,8.50307,-7.82364,0.681357,3376.73,0
235.142,3711.37,-11.6997,-2.13045,0.250614,3353.83,0
235.818,3732.91,2.53629,2.00176,2.54553,3252.89,0
236.504,3727.56,4.23627,-5.64991,1.24314,3266.08,0
237.186,3713.43,3.77527,-8.40152,0.856846,3316.23,0
237.872,3727.86,-3.02405,1.01642,2.47194,3246.05,0
238.555,3740.95,6.63983,2.94742,0.417869,3181.89,0
239.241,3731.09,1.22884,-1.31922,2.75927,3213.97,0
239.927,3721.8,-3.01266,1.39703,2.69838,3243.47,0
240.604,3707.38,4.90124,7.27182,1.06407,3294.29,0
241.294,3716.83,8.05237,-0.132366,1.03978,3245.71,0
241.988,3707.89,1.93361,-1.51747,3.68377,3273.37,0
242.665,3710.62,-9.74279,-3.76692,0.217515,3252.96,0
243.345,3696.14,-5.46985,-4.78531,2.00686,3303.36,0
244.025,3686.56,3.06267,5.19855,2.76206,3333.44,0
244.708,3702.05,1.80125,2.07252,3.68856,3260.83,0
245.391,3692.85,7.21097,0.234125,2.00545,3289.25,0
246.085,3713.32,5.17604,1.75708,1.93689,3196.78,0
246.773,3727.87,8.30113,-2.51719,0.225645,3128.9,0
247.466,3739.92,-5.63556,-3.97453,0.410793,3071.46,0
248.156,3734.08,2.77089,-5.33438,0.947609,3086.43,0
248.837,3757.5,3.05641,-1.01293,0.722964,2983.88,0
249.523,3751.64,2.1434,-3.22109,0.755057,2999.18,0
250.218,3718.19,2.77425,-1.24564,2.62091,3124.52,0
250.894,3750.05,6.26003,-1.68597,0.0442408,2989.13,0
251.579,3729.33,0.027715,-0.320578,3.18609,3063.34,0
252.269,3742.1,0.319318,-2.41205,1.69392,3004.35,0
252.953,3741.91,2.11641,2.84599,1.2989,2996.96,0
253.641,3667.39,5.03199,6.33635,1.89951,3282.64,0
254.334,3657.67,7.55838,-3.20354,1.98482,3311.91,0
255.007,3640.74,-2.33488,24.5868,4.70032,3369.56,0
255.707,3640.54,-35.591,36.1457,2.79409,3361.13,0
256.397,3640.97,-32.1549,23.3647,2.69915,3350.39,0
257.082,3632.88,-42.0675,38.6211,4.72638,3372.94,0
257.759,3626.89,-32.2073,51.5004,6.38361,3387.3,0
258.444,3634.87,-4.97105,60.6852,2.07552,3347.45,0
259.136,3639.92,-12.2778,30.0138,1.42061,3319.05,0
259.811,3636.43,-14.111,37.8681,2.24267,3323.85,0
260.493,3627.29,-27.7382,26.1308,5.87,3350.23,0
261.176,3608.45,-29.7301,30.4159,11.9073,3413.61,0
261.852,3600.33,-31.1205,2.87865,4.70624,3435.81,0
262.535,3600.06,-50.1293,5.56922,2.92938,3427.86,0
263.232,3568.63,-79.4628,15.9786,1.36867,3538.2,0
263.931,3540.89,-69.8722,6.36806,7.28976,3633.94,0
264.617,3511.56,-47.7667,-7.44481,2.64808,3735.35,0
265.302,3502.61,-30.3725,-25.4832,6.42262,3759.44,0
265.992,3477.62,-27.2869,-32.9149,4.13025,3843.63,0
266.675,3467,-9.87508,0.479312,1.65322,3873.62,0
266.7,3465.45,-7.65982,1.48951,5.16682,3879.08,1
