0.682565,4498.1,475.203,-369.158,1.02849,2779.28,0
1.3687,4491.28,456.493,-330.173,3.24593,6369.27,0
2.04683,4486.45,452.789,-316.121,4.10778,6618.28,0
2.74176,4483.85,463.886,-302.086,3.92929,5889.42,0
3.43096,4472.12,456.764,-312.978,5.26293,8126.29,0
4.12558,4476.46,472.351,-318.29,3.4699,5706.45,0
4.81191,4470.31,492.373,-297.889,3.73733,6170.58,0
5.49798,4445.56,476.538,-310.115,6.66708,9900.98,0
6.17168,4460.82,488.625,-326.161,3.34956,6348.88,0
6.85838,4430.15,501.272,-308.062,6.73112,10184.2,0
7.54919,4418.4,513.726,-301.695,7.03201,10808.9,0
8.23855,4401.69,513.386,-296.199,8.19571,11932.7,0
8.92763,4408.36,511.286,-303.673,5.96248,10265,0
9.61645,4396.28,498.474,-293.634,7.31452,10785.6,0
10.301,4402.69,519.908,-296.278,4.86164,9446.69,0
10.9878,4383.29,497.75,-314.742,7.41881,10621.7,0
11.6774,4381.91,504.892,-325.743,6.48422,10112.9,0
12.3637,4399.33,531.048,-329.028,3.02851,8142.03,0
13.0523,4407.6,525.934,-335.172,1.99558,7079,0
13.748,4411.05,547.183,-344.902,0.720092,6469.69,0
14.4335,4402.27,551.014,-359.383,1.46025,6770.72,0
15.1194,4383.95,573.747,-368.467,2.87194,7675.32,0
15.8013,4393.3,614.474,-366.069,0.65946,6752.59,0
16.4818,4382.39,664.789,-393.643,0.569387,7135.47,0
17.1664,4363.8,670.507,-389.098,2.89338,7934.23,0
17.851,4355.62,647.674,-401.583,4.05151,8088.3,0
18.5359,4355.07,642.834,-418.464,3.76589,7818.63,0
19.2174,4354.4,638.416,-412.703,3.8369,7576.44,0
19.8958,4352.37,622.916,-406.555,4.24726,7420.31,0
20.5752,4338.25,614.155,-387.691,6.26342,7861.33,0
21.263,4336.09,630.057,-385.62,5.30593,7708.49,0
21.9438,4321,626.894,-389.319,6.85379,8157.26,0
22.6292,4319.05,627.706,-371.758,6.77754,7996.46,0
23.3121,4314.11,643.253,-366.122,6.31788,7974.15,0
24.0046,4318.48,647.054,-369.551,5.01968,7562.07,0
24.6892,4318.33,658.259,-375.074,4.46961,7358.09,0
25.3608,4304.07,653.259,-366.328,5.8865,7725.83,0
26.0451,4314.91,663.756,-384.751,3.29066,7106.35,0
26.7344,4293.08,651.896,-422.831,5.49037,7740.01,0
27.4192,4276.53,632.25,-423.341,7.27194,8149.97,0
28.1033,4300.43,637.455,-415.504,3.52497,7101.12,0
28.7924,4330.47,615.064,-400.362,0.176115,5888.14,0
29.4762,4313.01,614.494,-417.862,2.19719,6343.75,0
30.1545,4297.11,630.967,-390.299,4.11381,6728.33,0
30.8444,4283.66,617.273,-394.244,5.93951,7013.82,0
31.5261,4284.43,637.198,-420.28,4.2965,6837.92,0
32.204,4288.19,633.841,-408.143,3.62218,6577.02,0
32.8862,4270.08,643.543,-414.53,5.30325,6991.31,0
33.5685,4278.97,653.98,-415.613,3.48542,6584.49,0
34.2505,4276.8,653.753,-407.942,3.72173,6516.83,0
34.9296,4277.8,665.725,-421.209,3.12601,6361.28,0
35.6194,4287.98,665.83,-430.614,1.57846,5952.26,0
36.3136,4265.85,644.986,-472.63,4.25838,6448.08,0
37.0003,4272.77,634.947,-452.3,3.59998,6141.33,0
37.6763,4283.89,665.617,-453.48,1.49581,5735.89,0
38.3577,4276.85,692.264,-472.706,1.72717,5817.6,0
39.0342,4275.66,676.858,-487.989,1.8999,5747.27,0
39.7154,4280.01,664.43,-521.621,1.11995,5539.1,0
40.3953,4284.7,680.412,-450.629,1.07392,5329.85,0
41.0658,4281.83,665.122,-469.817,1.42894,5312.58,0
41.7514,4260.6,671.698,-460.957,3.97367,5734.04,0
42.4314,4276.66,647.087,-444.989,2.46665,5263.53,0
43.1121,4287.57,626.209,-437.076,1.51174,4927.3,0
43.7957,4292.57,643.932,-417.495,0.753673,4736.31,0
44.4816,4263.31,654.633,-415.668,4.3262,5321.16,0
45.1667,4259.29,661.71,-416.716,4.50317,5329.39,0
45.854,4248.82,653.266,-410.403,5.66802,5477.78,0
46.5325,4230.05,640.27,-420.859,7.6941,5801.29,0
47.2191,4237.68,647.457,-421.096,5.42156,5555.27,0
47.9059,4214.75,647.858,-415.895,8.02154,5954.31,0
48.5887,4231.77,672.366,-419.591,4.7575,5520.42,0
49.2636,4231.87,677.777,-425.352,4.41947,5442.68,0
49.942,4232.31,682.321,-402.055,4.38296,5360.05,0
50.6241,4210.95,687.828,-395.87,6.56033,5709.73,0
51.3051,4212.21,690.94,-378.326,5.68606,5609.41,0
51.9886,4203.79,684.786,-370.944,6.28868,5697.51,0
52.666,4201.6,695.063,-392.003,5.65055,5665.83,0
53.3507,4183.43,686.212,-396.914,7.52023,5933.71,0
54.0355,4201.32,692.533,-399.077,4.35303,5527.48,0
54.7086,4215.28,692.949,-386.184,2.20661,5204.23,0
55.4082,4209.29,717.306,-383.757,2.56949,5246.61,0
56.0907,4223.36,735.209,-365.113,0.525014,4932.05,0
56.7782,4194.14,726.126,-352.004,4.67787,5386.87,0
57.4667,4178.03,731.389,-344.514,6.40878,5602.71,0
58.1564,4206.05,757.57,-322.453,2.17561,5054.52,0
58.834,4203.31,788.811,-317.858,1.90612,5042.75,0
59.5122,4195.57,767.555,-290.832,3.40399,5115.4,0
60.1917,4181.72,773.005,-313.285,4.76743,5287.77,0
60.8779,4200.38,777.919,-312.736,1.88959,4921.61,0
61.5588,4192.48,806.37,-325.504,2.32992,4995.62,0
62.2454,4183.24,770.117,-320.97,4.21969,5088.96,0
62.9311,4176.46,793.8,-337.028,4.50522,5141.24,0
63.608,4168.9,769.262,-334.052,5.4292,5205.27,0
64.2984,4169.88,789.467,-351.733,4.48936,5134.25,0
64.9787,4174.28,789.437,-349.38,3.78765,5012.76,0
65.6588,4178.22,769.896,-363.015,3.48187,4900.86,0
66.3375,4158.83,777.307,-360.621,5.65775,5142.99,0
67.0289,4152.61,776.942,-348.162,6.09285,5182.62,0
67.7155,4143.01,760.589,-357.77,6.76869,5271.88,0
68.4035,4166.06,801.277,-340.359,2.7295,4881.94,0
69.0912,4154.08,827.794,-329.382,3.83203,5006.74,0
69.7824,4140.64,802.609,-328.957,5.62058,5149.78,0
70.4777,4142.49,816.392,-333.662,4.79826,5072.65,0
71.1755,4135.69,809.695,-340.134,5.2663,5118.44,0
71.8553,4135.39,795.378,-332.498,4.84786,5074.25,0
72.5368,4154.36,791.965,-336.496,2.13977,4765,0
73.2236,4143.61,793.236,-309.624,3.63134,4867.15,0
73.92,4144.92,829.247,-306.928,2.77392,4803.63,0
74.6065,4136.07,838.627,-255.961,4.02468,4877.95,0
75.2911,4102.92,836.612,-256.949,7.59587,5273.88,0
75.9672,4098.34,827.387,-284.612,7.20394,5287.27,0
76.6406,4109.59,840.754,-254.956,5.09656,5094.08,0
77.3211,4140.31,841.265,-219.887,1.09569,4651.89,0
78.0087,4120,860.926,-225.107,3.382,4871.26,0
78.6874,4130.11,833.632,-198.669,2.52752,4700.71,0
79.3818,4133.14,869.325,-224.052,1.30674,4621.51,0
80.0636,4144.74,848.294,-201.926,0.123955,4437.25,0
80.742,4115.76,855.194,-173.855,3.86866,4758.81,0
81.4293,4140.58,852.55,-185.31,0.488553,4413.92,0
82.1155,4128.35,858.742,-191.057,1.86474,4525.93,0
82.7968,4111.06,854.875,-181.957,4.17867,4697.46,0
83.4844,4110.4,868.812,-192.27,3.86077,4666.72,0
84.1817,4103.37,867.634,-176.427,4.52835,4711.63,0
84.8721,4099.19,852.305,-183.442,4.82832,4722.57,0
85.5558,4092.6,847.344,-162.998,5.1429,4761.77,0
86.2445,4117.66,881.221,-160.049,0.923022,4433.24,0
86.9243,4098.03,882.141,-147.753,3.42909,4624.37,0
87.6097,4111.61,921.109,-149.792,1.07453,4433.17,0
88.2869,4089.81,931.093,-142.365,3.72006,4646.08,0
88.9654,4081.04,902.688,-103.854,4.94723,4709.19,0
89.6488,4095.99,890.465,-125.622,2.91379,4506.54,0
90.3379,4110.49,854.397,-121.932,1.55882,4311.66,0
91.023,4086.45,883.294,-125.277,4.23325,4543.33,0
91.7113,4106.78,898.201,-122.402,1.35487,4287.63,0
92.4013,4079.53,893.923,-116.294,4.68448,4550.48,0
93.0867,4058.06,900.024,-107.431,6.86342,4747.6,0
93.7681,4063.13,898.506,-111.694,5.34774,4659.04,0
94.4479,4073.23,914.063,-99.2161,3.54758,4518.57,0
95.1452,4079.7,918.253,-93.7145,2.47065,4417.47,0
95.8324,4087.81,927.576,-116.675,1.24334,4301.11,0
96.5218,4075.1,919.267,-126.028,2.93634,4402.17,0
97.209,4051.3,916.29,-129.576,5.76323,4615.83,0
97.8956,4056.56,918.891,-112.644,4.67223,4529.76,0
98.5706,4062.67,901.421,-115.049,3.72256,4436.67,0
99.2539,4068.18,918.816,-107.593,2.7559,4350.63,0
99.9258,4070.84,947.813,-132.406,1.9703,4294.82,0
100.609,4074.07,988.883,-123.277,1.1166,4233.5,0
101.293,4073.86,948.119,-131.268,1.43191,4206.95,0
101.987,4049.49,959.776,-149.449,4.24619,4417.33,0
102.674,4045.16,954.558,-144.871,4.55027,4429.9,0
103.356,4039.1,944.935,-115.561,5.01216,4459.37,0
104.04,4061.89,943.29,-110.145,1.92866,4210.94,0
104.724,4065.09,914.74,-100.038,1.81168,4152.92,0
105.403,4061.47,911.97,-112.232,2.25527,4160.52,0
106.086,4032.68,917.327,-95.7774,5.71353,4405.15,0
106.767,4014.99,934.981,-94.7737,6.75188,4542.65,0
107.457,3994.81,936.131,-102.66,8.17403,4701.36,0
108.14,4004.59,946.679,-116.034,5.93738,4581.17,0
108.823,3990.32,963.709,-107.888,6.48168,4683.6,0
109.502,3968.89,978.375,-116.4,8.13314,4850.2,0
110.189,3982.04,978.164,-113.633,5.54435,4700.62,0
110.876,4013.45,998.024,-114.503,1.14781,4388.21,0
111.567,4004.43,1003.7,-129.78,2.18059,4441.93,0
112.249,4002.22,983.315,-93.9181,2.48522,4434.62,0
112.926,3998.65,968.328,-62.6957,3.09841,4439.69,0
113.617,4017.14,928.141,-54.0569,1.16072,4249.89,0
114.301,3995.84,940.224,-35.4883,3.72417,4410.8,0
114.99,3992.39,959.644,-33.1991,3.76466,4414.36,0
115.677,3982.23,961.061,-20.2937,4.85411,4475.97,0
116.364,3976.75,945.054,-24.3975,5.04392,4496.63,0
117.052,3992.62,953.494,-39.5599,2.55466,4334.67,0
117.742,3981.12,957.397,-45.5777,3.96271,4406.89,0
118.426,3967.25,942.074,-66.9114,5.64148,4498.55,0
119.098,3970.22,926.813,-73.4626,4.97816,4448.28,0
119.78,3972.56,928.582,-80.1894,4.39982,4403.4,0
120.465,3995.39,891.088,-85.6071,1.77269,4188.82,0
121.15,3972.87,866.93,-74.2029,5.09143,4351.01,0
121.834,3965.34,883.156,-79.8674,5.4409,4388.4,0
122.517,3956.7,902.634,-65.4598,6.03444,4434.49,0
123.195,3965.89,906.116,-53.048,4.17031,4335.49,0
123.882,3979.46,910.926,-72.5797,2.07489,4201.93,0
124.573,3972.83,922.941,-54.6634,2.80698,4231.8,0
125.255,3955.18,926.006,-44.7442,4.69828,4349.65,0
125.954,3951.36,911.007,-56.2909,4.96274,4355.88,0
126.637,3939.64,906.298,-59.6108,6.10096,4424.91,0
127.321,3922.19,907.134,-67.585,7.48065,4538.22,0
128.012,3907.27,918.501,-51.5394,8.50794,4630.24,0
128.706,3900.51,901.139,-30.4506,8.64193,4657.81,0
129.385,3890.96,897.49,-18.1571,8.08135,4707.2,0
130.064,3899.96,926.775,-37.8699,5.48652,4613.4,0
130.741,3873.39,936.933,-50.3053,7.81114,4792.72,0
131.425,3867.12,936.42,-83.9346,7.29673,4815.47,0
132.108,3852.47,928.322,-94.6936,7.77375,4901.53,0
132.793,3828.37,900.787,-113.366,9.62027,5057.69,0
133.485,3798.89,915.708,-127.182,0.693141,5252.33,0
134.171,3765,922.064,-113.344,5.10332,5478.13,0
134.858,3779.75,906.294,-106.496,2.99038,5340.81,0
135.542,3780.82,889.996,-99.0235,2.88902,5305.98,0
136.227,3780.26,900.485,-109.199,2.67811,5283.41,0
136.908,3775.05,894.905,-127.997,3.28769,5295.18,0
137.592,3752.65,885.389,-123.439,6.26742,5431.64,0
138.274,3765.19,887.691,-119.468,4.04933,5314.15,0
138.961,3746.33,885.276,-119.753,6.19522,5423.65,0
139.637,3734.44,891.174,-116.388,7.00934,5482.52,0
140.32,3742.4,902.846,-97.669,4.92816,5399.09,0
141.012,3764.98,923.092,-128.124,1.53025,5212.47,0
141.698,3762.24,908.419,-155.58,1.95545,5206.52,0
142.383,3765.37,897.771,-168.191,1.5882,5159.52,0
143.065,3758.45,906.578,-186.261,2.32572,5183.3,0
143.752,3757.94,905.539,-210.695,2.13885,5162.09,0
144.434,3738.76,915.88,-215.243,4.51304,5270.46,0
145.111,3728.42,897.335,-209.316,5.58096,5317.12,0
145.787,3736.29,892.171,-206.606,4.08364,5238.56,0
146.474,3739.59,904.635,-229.91,3.14055,5191.46,0
147.159,3724.16,902.787,-222.237,5.05059,5272.12,0
147.848,3717.47,917.429,-218.643,5.30641,5292.8,0
148.536,3711.2,912.703,-230.936,5.7969,5310.51,0
149.221,3694.41,903.909,-220.521,7.14035,5398.6,0
149.907,3678.26,901.092,-205.899,7.88519,5481.66,0
150.587,3676.32,899.093,-194.417,7.29856,5469.78,0
151.264,3657.73,883.539,-197.037,8.75551,5568.21,0
151.945,3686.52,902.395,-201.721,3.61265,5353.78,0
152.63,3680.9,954.567,-197.593,3.91748,5366.57,0
153.321,3685.76,953.313,-182.903,3.24581,5310.7,0
154.004,3670.6,990.493,-175.166,4.7287,5385.61,0
154.691,3652.3,989.242,-186.03,6.51958,5479.91,0
155.377,3645.3,983.296,-183.578,6.63631,5500.83,0
156.061,3641.71,982.584,-195.883,6.37835,5499.74,0
156.742,3654.77,962.989,-190.371,4.16736,5392.52,0
157.428,3645.88,1010.01,-184.684,4.77272,5425.45,0
158.111,3637.93,1011.22,-164.779,5.26883,5452.31,0
158.802,3624.03,1030.65,-182.222,6.49196,5516.08,0
159.498,3632.07,1067.23,-186.809,4.8268,5441.62,0
160.188,3611.96,1061.64,-179.835,6.74957,5543.75,0
160.872,3608.94,1059.31,-165.949,6.5129,5538.95,0
161.556,3617.96,1062.73,-177.318,4.50621,5459.66,0
162.239,3612.62,1073.67,-165.273,4.98438,5469.59,0
162.919,3624.66,1088.7,-184.397,3.11801,5372.86,0
163.608,3625.47,1088.25,-175.146,2.85373,5345.26,0
164.285,3617.63,1080.04,-208.063,3.80864,5371,0
164.971,3620.26,1082.97,-210.165,3.26132,5332.69,0
165.655,3634.84,1116.29,-242.561,1.08839,5222.63,0
166.335,3628.31,1133.23,-235.472,1.90797,5240.59,0
167.014,3604.21,1137.1,-239.712,5.03491,5363.53,0
167.696,3602.34,1137.12,-262.812,4.90478,5352.88,0
168.383,3611.99,1164.44,-269.685,3.38978,5273.74,0
169.056,3617.61,1158.53,-280.604,2.44893,5219.52,0
169.729,3610.49,1154.54,-273.737,3.29516,5240.76,0
170.414,3623.3,1209.01,-290.992,1.26186,5144.52,0
171.104,3617.85,1210.78,-306.786,1.94219,5155.63,0
171.79,3626.23,1212.98,-295.781,0.852676,5086.27,0
172.49,3625.46,1179.22,-327.853,1.03032,5070.07,0
173.178,3627.33,1179.7,-329.289,0.799787,5039.15,0
173.854,3605.55,1176.48,-341.509,3.58247,5144.81,0
174.535,3602.04,1202.17,-331.014,3.81629,5144.88,0
175.214,3601.67,1217.25,-330.529,3.61222,5127.04,0
175.894,3605.12,1225.31,-317.552,3.01475,5087.62,0
176.581,3600.01,1198.39,-316.177,3.70234,5096.75,0
177.264,3627.8,1183.04,-289.505,0.0336562,4920.34,0
177.944,3617.53,1168.03,-268.573,1.4236,4959.27,0
178.625,3602.75,1176.68,-284.751,3.33222,5023.09,0
179.299,3617.53,1159.53,-272.13,1.43778,4921.77,0
179.991,3604.39,1142.16,-313.122,2.98756,4975.86,0
180.675,3602.9,1126.86,-335.552,3.06943,4965.3,0
181.369,3593.69,1112.79,-313.982,4.10741,4997.04,0
182.067,3595.81,1110.8,-332.658,3.68208,4966.27,0
182.755,3596.01,1102.34,-350.573,3.43908,4946.46,0
183.441,3603.95,1113.2,-353.266,2.25141,4884.7,0
184.13,3618.45,1092.65,-369.354,0.356295,4787.66,0
184.832,3609.35,1108.48,-361.9,1.56426,4818.71,0
185.516,3601.98,1095.49,-319.758,2.51109,4840.67,0
186.196,3604.44,1132.18,-302.001,2.04958,4809.77,0
186.873,3594.93,1099.15,-292.156,3.36953,4843.24,0
187.565,3598.05,1097.53,-302.176,2.78008,4808.7,0
188.244,3596.78,1079.62,-266.877,2.94794,4798.14,0
188.936,3596.37,1055.65,-288.721,3.04008,4782.72,0
189.61,3596.6,1063.67,-263.697,2.93827,4764.55,0
190.297,3601.45,1046.93,-258.54,1.96781,4721.81,0
190.985,3606.75,1050.49,-273.364,1.25103,4677.06,0
191.673,3605.52,1013.48,-242.179,1.49342,4666.68,0
192.352,3594.03,1062.78,-286.428,2.86225,4709.98,0
193.034,3607.4,1105.66,-293.782,0.942807,4624.03,0
193.728,3587.95,1078.78,-315.193,3.43307,4707.87,0
194.415,3588.98,1071.98,-274.018,3.22819,4685.93,0
195.101,3605.94,1028.52,-304.908,1.05869,4582.53,0
195.786,3587.93,1023.25,-304.337,3.34246,4658.48,0
196.472,3579.95,1019.98,-303.367,4.2113,4682.88,0
197.151,3581.73,1007.09,-268.865,3.74467,4657.72,0
197.834,3574.43,1024.42,-258.82,4.35369,4678.52,0
198.517,3570.62,1029.2,-267.89,4.52204,4681.62,0
199.206,3541.92,1027.43,-272.236,7.39657,4809.47,0
199.89,3539.19,1018.35,-272.066,7.06114,4806.69,0
200.576,3522.69,1023.67,-279.233,8.22327,4872.53,0
201.261,3501,1025.08,-293.419,9.23009,4963.71,0
201.944,3504.77,1027.67,-293.36,7.48965,4928.24,0
202.638,3493.91,1006.64,-305.262,7.70951,4964.96,0
203.312,3491.11,1008.87,-302.761,7.04866,4962.26,0
203.993,3491.42,1003.64,-277.946,6.26824,4944.18,0
204.678,3478.98,995.905,-275.469,6.68268,4988.44,0
205.375,3476.74,999.148,-273.455,5.73925,4982.41,0
206.058,3483.53,1021.26,-286.525,4.21213,4932.95,0
206.734,3486.67,1014.75,-288.781,3.72104,4901.62,0
207.428,3480.53,998.011,-304.244,4.40958,4914.82,0
208.115,3510,976.555,-336.193,0.842082,4756.97,0
208.798,3483.92,978.816,-356.363,4.08988,4866.34,0
209.475,3481.41,971.276,-353.207,4.18986,4862.57,0
210.159,3469.93,966.543,-344.38,5.19784,4901.39,0
210.833,3461.23,974.009,-338.893,5.53479,4926.96,0
211.52,3477.52,992.611,-324.833,3.1691,4833.95,0
212.218,3491.14,994.026,-331.45,1.35935,4753.9,0
212.902,3502.16,980.825,-356.461,0.111336,4686.85,0
213.591,3491.87,1002.99,-405.092,0.930097,4719.89,0
214.28,3492.27,1007.98,-360.979,1.00144,4702.9,0
214.974,3475.28,1028.69,-410.129,2.58122,4766.74,0
215.665,3492.51,1004.63,-406.99,0.754367,4671.55,0
216.357,3464.75,992.621,-371.327,4.25713,4784.93,0
217.044,3452.62,1002.31,-391.201,5.1826,4825.64,0
217.723,3454.08,992.046,-399.023,4.41786,4803.92,0
218.409,3459.16,972.047,-418.874,3.57643,4765.55,0
219.086,3483.08,937.992,-404.929,1.10905,4641.64,0
219.772,3468.31,941.182,-397.453,2.77618,4694.37,0
220.474,3458.23,924.935,-386.823,4.12761,4725.14,0
221.156,3457.23,928.057,-370.302,4.01394,4715.09,0
221.835,3450.94,911.685,-385.019,4.80012,4729.01,0
222.523,3442.2,911.996,-387.546,5.24764,4753.68,0
223.213,3428.21,898.53,-371.96,6.43762,4801.67,0
223.901,3439.4,892.855,-356.605,4.27857,4736.93,0
224.584,3413.22,896.311,-358.517,7.08931,4839.09,0
225.261,3420.66,914.388,-352.606,5.29806,4791.52,0
225.945,3428.74,901.553,-356.545,4.20211,4741.22,0
226.634,3419.72,862.192,-365.98,5.49868,4766.62,0
227.317,3429.02,871.817,-350.77,3.84972,4711.39,0
228,3427.58,896.112,-367.463,3.31245,4703.6,0
228.682,3419.05,898.28,-333.506,4.11947,4726.86,0
229.372,3391.55,905.1,-315.57,6.80901,4832.56,0
230.048,3385.98,908.622,-318.307,6.02275,4842.55,0
230.735,3389.1,899.311,-322.836,5.1239,4814.61,0
231.415,3394.63,890.608,-331.47,4.23294,4776.56,0
232.107,3395.16,887.147,-334.269,4.07018,4760.06,0
232.793,3387.31,896.222,-317.398,4.76345,4779.72,0
233.464,3377.4,902.702,-324.534,5.61251,4808.45,0
234.157,3381.47,879.167,-345.134,4.84773,4776.81,0
234.844,3367.73,885.703,-348.673,5.92746,4821.39,0
235.536,3381.4,893.213,-344.747,3.6744,4749.17,0
236.218,3385.41,881.105,-329.033,3.2844,4718.49,0
236.899,3365.2,879.729,-326.592,5.20153,4790.25,0
237.581,3358.21,889.534,-333.336,5.50837,4805.89,0
238.268,3351.91,907.042,-342.463,5.61797,4818.5,0
238.944,3341.91,924.091,-343.496,5.76457,4846.67,0
239.636,3307.86,908.098,-352.524,8.947,4974.81,0
240.319,3306.77,895.715,-339.247,7.80933,4965.19,0
241.002,3313.17,883.58,-312.117,6.16989,4924.54,0
241.688,3289.44,908.993,-299.191,8.3524,5008.77,0
242.393,3297.08,905.059,-293.936,6.59296,4962.7,0
243.078,3300.63,880.385,-291.007,5.88687,4934.1,0
243.758,3310.73,892.31,-286.735,4.0218,4878.91,0
244.444,3320.73,908.365,-283.382,2.41358,4824.29,0
245.129,3306.72,894.718,-288.002,4.12391,4867.96,0
245.827,3305.81,883.738,-299.536,3.91723,4857.84,0
246.51,3300.78,881.334,-317.879,4.19701,4864.82,0
247.197,3327.37,897.88,-303.761,0.767486,4743.69,0
247.89,3332.29,897.511,-258.529,0.322042,4710.6,0
248.57,3312.38,887.114,-272.83,2.88139,4777.81,0
249.243,3308.65,897.986,-291.855,2.97853,4779.88,0
249.925,3318.38,890.707,-276.735,1.84824,4727.9,0
250.609,3294.13,923.662,-294.14,4.22292,4811.78,0
251.307,3294.76,940.439,-296.851,3.6582,4795.88,0
252.005,3301.38,914.606,-296.99,3.0538,4756.34,0
252.686,3287.67,954.812,-292.626,4.13474,4797.77,0
253.375,3273.51,974.235,-311.424,5.50073,4840.61,0
254.064,3263.17,947.84,-296.591,6.45534,4868.17,0
254.743,3275.07,937.657,-291.996,4.59326,4808.51,0
255.428,3255.71,916.479,-308.099,6.43777,4871.38,0
256.117,3255.66,916.171,-319.209,5.76113,4858.5,0
256.814,3286.99,915.818,-304.964,1.6203,4723.29,0
257.491,3266.1,923.394,-272.473,4.11424,4792,0
258.181,3284.95,892.279,-280.003,1.96809,4706.18,0
258.874,3296.13,890.826,-285.95,0.564289,4650.43,0
259.558,3285.35,903.8,-264.547,1.81418,4679.69,0
260.252,3282.42,915.254,-275.514,1.97724,4678.48,0
260.938,3277.91,906.378,-259.219,2.65491,4683.46,0
261.625,3279.67,908.082,-239.661,2.42541,4664.43,0
262.324,3266.35,891.721,-253.993,4.14394,4702.78,0
263.012,3269.29,896.967,-236.543,3.53858,4679.31,0
263.7,3268.26,904.15,-234.817,3.39856,4671,0
264.396,3278.52,894.547,-224.015,2.15306,4619.9,0
265.089,3264.07,881.109,-242.947,3.90017,4662.33,0
265.77,3285.03,888.987,-261.915,1.0266,4571.5,0
266.458,3264.82,874.721,-285.579,3.37563,4635.55,0
267.134,3269.69,883.396,-313.883,2.46535,4605.59,0
267.817,3278.78,849.427,-316.632,1.70638,4559.91,0
268.492,3283.76,838.6,-305.175,1.29547,4529.9,0
269.186,3273.02,836.612,-310.905,2.60577,4558.11,0
269.871,3279.16,863.779,-316.084,1.3882,4523.8,0
270.556,3266.75,868.703,-295.622,2.81734,4558.22,0
271.241,3252,864.601,-307.364,4.31291,4601.08,0
271.917,3234.63,846.056,-318.509,6.27734,4653.51,0
272.605,3223.65,858.211,-299.243,6.74159,4682.03,0
273.284,3228.64,859.023,-288.122,5.28184,4652.17,0
273.957,3225.07,847.937,-289.598,5.42094,4653.74,0
274.636,3205.45,861.134,-313.016,6.83764,4713.69,0
275.317,3192.19,875.028,-327.112,7.08537,4750.19,0
276.002,3202.66,865.496,-340.509,5.05819,4700.48,0
276.683,3187.79,911.343,-349.563,6.02626,4742.63,0
277.367,3194.96,901.595,-350.832,4.75387,4705.1,0
278.059,3220.49,910.17,-340.862,1.34191,4601.59,0
278.743,3204.65,885.469,-361.279,3.38569,4647.11,0
279.416,3222.08,897.444,-391.6,0.829239,4573.54,0
280.105,3202.94,927.683,-397.557,2.79047,4630.6,0
280.782,3194.95,925.988,-400.253,3.66869,4647.93,0
281.46,3212.02,930.8,-390.084,1.5045,4576.06,0
282.14,3216.38,938.38,-381.228,0.92482,4549.6,0
282.825,3194.24,934.548,-319.137,3.85238,4616.84,0
283.506,3173.17,939.108,-304.755,6.25124,4680.08,0
284.204,3156.02,941.354,-298.675,7.41329,4728.93,0
284.892,3138.63,951.389,-313.258,8.35375,4778.55,0
285.586,3141.63,943.687,-290.419,6.92013,4756.42,0
286.264,3144.95,947.321,-294.886,5.7688,4733.59,0
286.944,3148.35,942.624,-270.658,4.95116,4710.5,0
287.628,3142.81,974.794,-282.282,4.6825,4718.56,0
288.313,3146.11,968.296,-275.538,4.22335,4695.9,0
289.001,3164.46,984.347,-287.096,1.66937,4621.22,0
289.684,3144.52,974.097,-295.216,4.16717,4679.17,0
290.367,3149.61,988.248,-307.682,3.18441,4650.63,0
291.059,3155.92,956.731,-305.844,2.67487,4617.91,0
291.726,3167.77,983.747,-319.926,0.762114,4566.73,0
292.419,3146.6,981.649,-341.237,3.21899,4628.29,0
293.112,3137.04,979.286,-357.288,4.09283,4649.97,0
293.798,3153.12,986.779,-349.459,1.91745,4584.36,0
294.482,3157.25,984.908,-386.233,1.25899,4559.69,0
295.174,3146.73,960.394,-376.565,2.80761,4584.65,0
295.867,3143.68,941.276,-399.98,3.25589,4584.24,0
296.551,3135.19,947.697,-376.102,3.97178,4602.29,0
297.237,3134.87,935.122,-386.356,3.75517,4592.73,0
297.921,3120.33,957.145,-381.355,5.24319,4630.99,0
298.608,3137.71,975.576,-369.341,2.63697,4562.14,0
299.291,3123.76,1007.96,-371.59,3.87593,4598.35,0
299.982,3119.31,1002.54,-380.299,4.25145,4602.56,0
300.679,3141.17,994.017,-391.137,1.53524,4519.21,0
301.361,3140.36,995.876,-389.18,1.60656,4511.68,0
302.04,3136,1011.21,-399.65,1.95436,4515.97,0
302.727,3120.48,987.789,-390.522,3.9943,4556.99,0
303.409,3118.9,947.25,-377.457,4.34247,4551.92,0
304.099,3139.92,947.436,-384.624,1.58324,4472.51,0
304.784,3117.26,972.088,-368.637,4.18655,4536.78,0
305.469,3122.4,946.783,-355.3,3.62791,4509.77,0
306.161,3138.35,932.303,-335.767,1.72313,4447.49,0
306.857,3122.97,932.575,-322.03,3.68792,4487.54,0
307.531,3148.47,920.327,-329.946,0.614295,4394.77,0
308.201,3138.69,913.916,-366.581,1.78346,4416.97,0
308.896,3129.52,925.175,-345.752,2.87323,4436.71,0
309.59,3126.53,957.388,-341.323,2.86458,4436.43,0
310.275,3138.84,959.618,-321.837,1.35812,4386.95,0
310.971,3130.37,941.747,-326.794,2.53583,4404.38,0
311.657,3145.78,963.436,-326.991,0.389875,4345.22,0
312.339,3122.9,968.141,-309.818,3.24217,4408.99,0
313.016,3110.21,994.415,-312.733,4.5097,4440,0
313.696,3110.16,1003.17,-313.332,4.19851,4430.53,0
314.385,3085.8,997.465,-287.94,7.01326,4498.3,0
315.075,3077.44,997.1,-282.218,7.22724,4514.99,0
315.762,3077.05,1002.34,-247.004,6.42937,4506.39,0
316.442,3091.69,1008.68,-230.285,3.8638,4450.44,0
317.117,3079.23,1014.7,-223.283,5.2485,4480.28,0
317.805,3068.34,1035.87,-234.057,5.86561,4504.84,0
318.488,3080.37,1025.77,-243.284,3.65109,4457.39,0
319.171,3059.6,1029.25,-282.075,5.73034,4512.94,0
319.854,3054.18,1033.86,-263.998,5.65922,4520.26,0
320.538,3066.25,1032.55,-277.858,3.71224,4472.96,0
321.233,3062.81,1046.3,-274.895,3.7276,4473.98,0
321.923,3085.03,1011.54,-295.996,1.06284,4395.36,0
322.604,3057.5,974.631,-321.699,4.66867,4471.42,0
323.288,3062.89,1003.58,-325.841,3.60899,4445.3,0
323.973,3073.55,996.565,-336.141,2.23912,4402.98,0
324.653,3070.75,1011.77,-359.135,2.29709,4402.4,0
325.344,3069.21,1003.85,-380.471,2.45589,4397.76,0
326.029,3069.11,1022.09,-394.587,2.20901,4388.84,0
326.711,3069.02,1047.92,-384.583,2.0004,4379.96,0
327.385,3061.88,1060.93,-401.709,2.60319,4392.73,0
328.076,3069.68,1061.54,-443.57,1.45033,4359.71,0
328.764,3066.01,1065.11,-420.952,1.96153,4361.75,0
329.445,3068.5,1078.48,-419.456,1.51443,4345.19,0
330.134,3055.53,1077.51,-388.631,3.26328,4375.4,0
330.824,3041.48,1067.96,-384.059,5.05876,4408.73,0
331.505,3032.88,1074.81,-389.482,5.53847,4425.62,0
332.183,3019.44,1093.68,-392.996,6.39807,4457.07,0
332.861,3003.69,1091.87,-402.553,7.25836,4495.31,0
333.544,2999.92,1095.64,-395.658,6.71475,4497.38,0
334.222,2988.33,1078.51,-396.075,7.3,4522.95,0
334.901,3007.26,1066.46,-397.546,4.15406,4457.25,0
335.576,3027.27,1077.16,-381.844,1.40052,4388.68,0
336.262,3032.12,1081.82,-418.575,0.608298,4365.28,0
336.938,3006.65,1084.48,-418.611,3.71934,4432.14,0
337.625,2996.8,1093.53,-430.646,4.55093,4452.27,0
338.295,3018.69,1096.68,-429.014,1.66733,4378.74,0
338.977,3024.56,1096,-467.4,0.780517,4352.62,0
339.666,3027.82,1070.67,-481.767,0.516245,4334.19,0
340.352,3016.55,1054.07,-476.26,2.08828,4358.59,0
341.035,3013.35,1047.81,-486.448,2.48203,4359.23,0
341.726,3025.39,1079.57,-496.326,0.636716,4315.18,0
342.409,3017.6,1073.31,-486.342,1.72416,4329.33,0
343.088,3028.86,1082.43,-481.828,0.215907,4287.94,0
343.779,3022.63,1071.15,-493.203,1.07109,4297.46,0
344.467,2994.09,1067.82,-464.084,4.65907,4371.72,0
345.151,3007.88,1082.09,-479.489,2.50868,4323.1,0
345.827,2984.62,1080.94,-439.162,5.36968,4381.9,0
346.521,2999.87,1085.75,-447.211,2.94855,4329.13,0
347.209,2983.26,1082.17,-439.469,4.85834,4368.38,0
347.89,2982.61,1065.86,-421.143,4.80462,4361.68,0
348.565,2977.16,1053.87,-434.616,4.99406,4368.88,0
349.246,2969.51,1034.28,-420.091,5.86704,4382.27,0
349.934,2959.34,1048.88,-413.391,6.38537,4402.72,0
350.62,2960.9,1058.87,-403.227,5.55492,4389.65,0
351.307,2960.82,1076.83,-400.208,4.96148,4381.29,0
351.988,2964.61,1054.02,-391.773,4.2597,4362.05,0
352.681,2954.07,1069.2,-384.44,5.0867,4383.38,0
353.361,2972.36,1059.17,-402.754,2.58218,4323.18,0
354.042,2983.36,1021.2,-400.579,1.43756,4283.78,0
354.728,2985.64,1040.78,-407.125,0.927755,4269.08,0
355.418,2973.14,997.499,-427.453,2.78973,4295.97,0
356.1,2957.49,983.267,-428.349,4.57767,4331.68,0
356.779,2956.56,971.825,-432.273,4.61074,4326.04,0
357.47,2962.78,982.14,-436.617,3.31008,4300.26,0
358.155,2959.01,991.781,-436.756,3.63653,4302.57,0
358.829,2969.23,997.249,-448.114,2.22633,4266.01,0
359.518,2934.37,997.905,-456.968,6.30045,4354.79,0
360.215,2935.47,1009.37,-475.628,5.46307,4343.32,0
360.905,2944.29,1013.8,-474.882,3.64483,4310.59,0
361.597,2957.22,1009.99,-478.729,1.95292,4266.57,0
362.271,2964.98,1002.37,-537.436,0.815316,4237.22,0
362.948,2954.05,977.305,-552.918,2.24878,4259.43,0
363.635,2940.08,968.653,-529.643,3.90575,4289.79,0
364.313,2934.05,974.774,-504.906,4.62706,4298.36,0
364.998,2952.82,970.743,-541.541,1.93821,4238.86,0
365.676,2966.66,947.083,-528.684,0.386137,4193.17,0
366.358,2955.96,961.157,-525.29,1.65778,4214.55,0
367.042,2952.79,918.463,-518.775,2.39762,4215.35,0
367.724,2933.94,914.243,-501.203,4.7916,4258.79,0
368.41,2929.46,916.793,-509.859,5.08889,4263.01,0
369.1,2913.13,908.104,-489.401,6.46598,4299.3,0
369.779,2907.93,902.577,-517.199,6.31784,4305.45,0
370.468,2928.08,913.941,-502.177,3.21992,4243.07,0
371.151,2947.61,892.471,-526.161,0.826079,4182.64,0
371.833,2904.4,905.658,-525.865,5.91644,4291.18,0
372.515,2906.69,914.643,-500.051,4.84587,4277.17,0
373.202,2886.88,909.881,-502.476,7.03486,4322.38,0
373.884,2875.54,916.538,-484.554,7.46002,4344.81,0
374.567,2896.85,919.222,-486.016,4.12585,4280.01,0
375.246,2908.77,927.974,-474.746,2.39068,4240.51,0
375.931,2887.35,950.525,-463.296,4.67543,4289.74,0
376.619,2899.72,952.39,-469.215,2.80081,4249.07,0
377.305,2871.57,961.176,-457.625,5.88,4315.96,0
377.995,2882.72,965.413,-470.068,3.69834,4278.57,0
378.682,2882.49,932.62,-460.208,3.84184,4271.43,0
379.367,2875.53,958.431,-462.984,4.30356,4282.05,0
380.058,2896.85,970.349,-460.82,1.45154,4218.16,0
380.739,2901.57,948.092,-465.801,0.995675,4198.24,0
381.428,2895.54,986.843,-463.392,1.40204,4206.44,0
382.118,2904.19,977.29,-445.084,0.411924,4176.23,0
382.797,2898.78,949.212,-440.624,1.28463,4182.95,0
383.472,2878.25,956.991,-424.743,3.81971,4229.13,0
384.165,2873,950.216,-433.483,4.23128,4235.17,0
384.861,2889.54,960.002,-421.203,1.78791,4184.54,0
385.545,2899.52,935.756,-395.607,0.774053,4151.22,0
386.231,2886.68,913.813,-380.913,2.62425,4177.09,0
386.915,2885.98,900.077,-415.049,2.67749,4171.52,0
387.6,2866.67,891.558,-413.566,4.96843,4213.96,0
388.272,2874.68,895.124,-433.695,3.51349,4186.04,0
388.957,2864.19,922.489,-406.038,4.67927,4205.63,0
389.644,2877.4,905.92,-436.088,2.93334,4164.3,0
390.338,2887.35,926.817,-430.124,1.42891,4131.43,0
391.024,2891.98,934.351,-411.703,0.857507,4112.35,0
391.709,2885.54,983.536,-398.502,1.35939,4121.59,0
392.397,2884.23,960.374,-420.697,1.60272,4117.69,0
393.08,2889.93,948.178,-376.589,1.05995,4096.04,0
393.769,2882.54,998.366,-405.934,1.55187,4107.65,0
394.458,2885.39,989.596,-416.617,1.19044,4093.23,0
395.153,2872.38,988.565,-419.594,2.84353,4118.97,0
395.843,2853.96,973.634,-419.665,5.05756,4158.32,0
396.535,2865.48,952.793,-420.97,3.58592,4122.01,0
397.223,2870.09,952.424,-414.824,2.88687,4103.25,0
397.908,2877.87,942.739,-441.253,1.69088,4076.65,0
398.605,2866.57,947.741,-418.874,3.08437,4097.87,0
399.288,2882.88,964.664,-438.139,0.784191,4050,0
399.975,2879.9,944.699,-404.336,1.40704,4050.51,0
400.656,2874.66,951.458,-407.646,2.00348,4056.7,0
401.343,2868.22,946.475,-398.206,2.79,4065.81,0
402.026,2869.76,980.442,-388.626,2.32403,4055.05,0
402.716,2861.61,972.555,-402.478,3.31949,4068.36,0
403.403,2851.03,963.894,-398.693,4.69299,4087.64,0
404.096,2832.4,962.143,-404.089,6.65603,4126.74,0
404.788,2842.46,955.087,-404.842,4.88436,4094.85,0
405.467,2875.51,980.34,-385.012,0.445307,4006.46,0
406.15,2849.99,1008.41,-371.166,3.56718,4062.56,0
406.824,2842.07,1004.79,-361.543,4.54984,4075.29,0
407.504,2832.99,1012.99,-346.46,5.42861,4090.77,0
408.185,2852.15,996.639,-367.865,2.91138,4037.01,0
408.871,2825.3,996.632,-360.559,6.05303,4095.91,0
409.55,2833.24,1006.13,-356.324,4.55257,4069.73,0
410.239,2853.91,999.286,-376.009,1.81964,4012.52,0
410.926,2836.55,1002.3,-371.67,4.04209,4048.05,0
411.604,2862.19,982.088,-396.397,0.705428,3979.1,0
412.294,2862.81,1013.94,-400.737,0.39763,3970.93,0
412.976,2853.67,1008.35,-382.539,1.67232,3986.49,0
413.666,2864.95,980.831,-380.048,0.325598,3952.58,0
414.352,2859.09,1001.54,-409.939,0.856478,3960.17,0
415.036,2846.17,1006.1,-429.142,2.42164,3984.79,0
415.719,2862.03,1002.87,-438.285,0.234078,3940.08,0
416.396,2847.35,989.776,-447.29,2.19643,3968.93,0
417.077,2852.42,978.49,-471.349,1.48147,3950.29,0
417.762,2861.06,968.174,-461.814,0.448938,3923.14,0
418.447,2858.61,942.49,-477.753,0.83727,3922.58,0
419.139,2863.82,929.232,-466.901,0.190635,3903.68,0
419.825,2823.41,917.486,-463.891,5.32188,3993.55,0
420.5,2831.49,912.897,-448.024,4.08986,3967.92,0
421.196,2844.12,943.473,-463.949,2.07728,3931.38,0
421.88,2851.96,925.001,-448.889,1.16603,3906.41,0
422.572,2825.71,903.045,-455.14,4.42545,3962.15,0
423.249,2818.53,888.799,-468.248,4.89222,3972.78,0
423.919,2806.5,879.733,-491.165,5.97463,3994.87,0
424.599,2827.27,876.834,-493.247,2.7005,3939.57,0
425.284,2820.72,856.04,-508.985,3.36038,3948.61,0
425.965,2812.03,865.704,-521.196,4.19875,3962.7,0
426.647,2821.8,841.558,-529.204,2.92606,3933.46,0
427.335,2824.31,844.225,-517.443,2.60476,3921.26,0
428.011,2801.16,824.529,-528.96,5.32233,3969.15,0
428.688,2810.94,807.471,-545.994,3.65868,3940.07,0
429.373,2834.22,796.197,-560.93,0.543412,3879.56,0
430.069,2829.61,830.085,-555.473,0.947853,3884,0
430.745,2819.86,807.044,-545.855,2.38431,3900.54,0
431.427,2795.65,806.812,-554.393,5.21345,3950.5,0
432.102,2797.59,826.763,-568.07,4.64176,3939.84,0
432.79,2794.56,856.834,-592.385,4.57043,3940.57,0
433.464,2779.79,849.642,-601.829,6.21911,3968.52,0
434.147,2767.98,854.019,-593.501,7.24462,3989.49,0
434.827,2762.5,853.305,-583.082,7.36379,3995.85,0
435.514,2751.51,837.501,-582.618,7.46409,4014.77,0
436.206,2768.95,837.843,-603.235,4.51042,3968.42,0
436.865,2771.68,848.468,-621.398,3.78712,3956.19,0
437.553,2776.39,856.324,-614.645,2.88802,3939.21,0
438.233,2752.3,846.34,-603.835,5.70069,3988.06,0
438.93,2738.79,842.703,-600.773,6.88742,4012.5,0
439.617,2714.98,832.115,-596.041,8.48304,4060.41,0
440.299,2714.03,840.046,-601.77,7.51722,4056.26,0
440.983,2724.87,870.396,-629.033,5.15325,4025.38,0
441.665,2738.34,878.993,-639.878,2.89771,3988.69,0
442.351,2752.13,888.194,-630.395,1.04933,3951.32,0
443.031,2751.35,898.621,-637.897,1.04176,3947.02,0
443.707,2746.8,884.507,-625.827,1.73777,3951.26,0
444.396,2745.85,896.602,-621.659,1.79166,3947.27,0
445.074,2757.21,891.325,-578.965,0.43883,3915.73,0
445.761,2733.14,886.472,-572.546,3.59921,3963.7,0
446.444,2759.29,880.856,-567.335,0.127455,3899.06,0
447.127,2743.64,872.1,-596.804,2.08247,3928.09,0
447.803,2743.9,870.849,-592.132,1.91493,3921.6,0
448.494,2754.3,886.081,-586.672,0.478366,3892.36,0
449.179,2738.77,871.91,-574.529,2.52261,3920.99,0
449.858,2726.79,859.652,-553.816,4.00062,3941.71,0
450.555,2725.29,843.343,-579.118,3.99323,3938.94,0
451.235,2721.18,830.471,-572.881,4.37429,3942.11,0
451.928,2705.44,836.058,-599.531,5.90175,3970.9,0
452.6,2708.26,842.535,-595.341,5.02151,3958.78,0
453.281,2697.8,859.46,-608.272,5.60969,3975.9,0
453.965,2683.24,883.442,-609.939,6.69525,4001.97,0
454.651,2703.03,885.583,-615.532,3.83309,3952.43,0
455.331,2692.08,890.332,-628.405,5.12338,3970.56,0
456.025,2708.64,895.2,-621.129,2.6727,3928.21,0
456.72,2709.35,900.353,-618.946,2.4217,3920.68,0
457.41,2719.21,924.011,-625.806,0.98443,3893.2,0
458.087,2703.28,940.866,-626.254,2.93305,3922.23,0
458.762,2704.04,957.738,-617.711,2.69309,3914.79,0
459.447,2686.56,930.824,-616.844,4.76962,3947.01,0
460.12,2702.4,915.973,-598.454,2.58757,3906.8,0
460.803,2691.77,931.002,-599.71,3.8419,3924.09,0
461.495,2686.94,939.615,-596.251,4.31047,3928.67,0
462.183,2686.41,937.027,-604.061,4.18843,3923.96,0
462.858,2662.14,942.385,-592.972,6.94202,3970.66,0
463.545,2711.71,916.397,-569.639,0.0953897,3857.87,0
464.23,2698.35,910.139,-591.163,1.82023,3880.94,0
464.923,2681.65,887.309,-603.594,3.8663,3911.09,0
465.609,2678.27,886.669,-596.99,4.07767,3912.58,0
466.297,2636.83,877.963,-592.024,8.48928,3995.67,0
466.987,2638.09,890.071,-584.952,7.01895,3987.07,0
467.673,2621.46,891.503,-598.925,8.15174,4016.77,0
468.368,2597.88,881.265,-605.669,9.71547,4061.16,0
469.043,2588.14,883.499,-592.012,8.93297,4076.08,0
469.74,2583.48,876.9,-597.803,8.06771,4079.96,0
470.431,2592.9,870.786,-611.461,5.80482,4053.94,0
471.114,2591.05,873.485,-623.191,5.38433,4051.98,0
471.807,2597.35,869.9,-616.339,4.14166,4032.68,0
472.481,2582.42,903.693,-588.536,5.92182,4058.53,0
473.174,2593.21,892.429,-587.93,4.03919,4029.79,0
473.847,2599.93,876.975,-571.008,3.1164,4009.89,0
474.529,2605.77,874.322,-585.571,2.25427,3991.82,0
475.223,2612.06,876.596,-567.345,1.40599,3972.75,0
475.915,2618.2,892.529,-563.853,0.540997,3954.07,0
476.597,2587.08,885.767,-553.754,4.59364,4013.7,0
477.284,2586.51,895.971,-527.613,4.51973,4009.13,0
477.972,2558.01,889.934,-546.338,7.36136,4062.99,0
478.651,2560.9,889.26,-561.004,6.22634,4051.19,0
479.336,2564.79,897.29,-546.497,5.12996,4037.27,0
480.015,2565.65,901.18,-548.438,4.46586,4029.76,0
480.693,2545.54,899.081,-553.309,6.47585,4065.92,0
481.369,2553.42,895.399,-536.988,4.75287,4043.84,0
482.056,2553.26,891.632,-544.468,4.56481,4038.41,0
482.734,2559.26,882.726,-557,3.56757,4020.31,0
483.416,2552.23,878.669,-562.114,4.31589,4029.17,0
484.094,2557.12,893.456,-554.353,3.49519,4013.44,0
484.781,2546.9,918.831,-545.395,4.42902,4028.84,0
485.469,2571.44,923.852,-549.949,0.965975,3972.57,0
486.161,2562.72,897.508,-587.658,2.11668,3984.85,0
486.847,2532.49,926.263,-570.356,5.60335,4041.34,0
487.529,2519.03,937.327,-576.173,6.89181,4063.3,0
488.215,2525.14,919.413,-579.972,5.32667,4045.06,0
488.903,2533.02,937.494,-567.687,4.01272,4023.25,0
489.58,2511.71,945.94,-569.124,6.39946,4061.21,0
490.263,2512.54,938.737,-564.094,5.51673,4053.88,0
490.95,2523.81,937.883,-522.116,3.5583,4025.23,0
491.636,2518.04,934.237,-509.807,4.04953,4031.35,0
492.318,2519.61,928.24,-531.533,3.50589,4022.57,0
492.724,2500.12,919.107,-540.157,5.98044,4058.82,0
