0.673363,4479.59,624.916,-251.315,1.68316,30304.9,0
1.35279,4481.99,620.076,-257.244,1.45169,13316.6,0
2.04068,4453.3,624.353,-274.715,4.39491,22885.7,0
2.72575,4438.29,618.564,-274.996,6.09469,22640.8,0
3.41422,4460.08,608.58,-275.216,3.21019,11693.3,0
4.10077,4464.14,599.896,-257.732,3.05341,8745.32,0
4.78293,4461.24,601.09,-266.114,3.24523,8103.4,0
5.46881,4471.48,583.889,-251.329,2.6124,5215.14,0
6.15534,4453.12,585.082,-237.295,4.76168,7616.17,0
6.84052,4460.53,571.519,-231.247,4.19033,5769.83,0
7.53749,4456.66,552.487,-243.289,5.02191,5750.01,0
8.21297,4465.64,530.526,-250.571,4.24855,4184.14,0
8.89991,4467.17,519.352,-252.507,4.3381,3688.36,0
9.59106,4454.1,515.686,-268.575,5.08016,4786.16,0
10.2807,4451.29,501.54,-267.094,5.62091,4738.05,0
10.9691,4461.84,496.965,-282.4,3.98054,3479.18,0
11.6531,4440.43,514.154,-296.695,5.51623,5111.71,0
12.3271,4456.06,523.429,-274.84,3.08953,3564.37,0
13.0007,4449.26,532.562,-272.478,3.55698,3902.92,0
13.6875,4445.04,517.754,-272.426,4.325,4015.47,0
14.3772,4437.5,525.917,-280.902,4.42249,4347.15,0
15.0762,4449.72,552.652,-273.021,1.89385,3335.28,0
15.7646,4456.41,528.388,-257.079,2.10505,2764.82,0
16.446,4441.55,549.721,-252.29,3.30608,3554.13,0
17.1339,4421.93,534.915,-221.101,6.52945,4556.62,0
17.8084,4444.84,537.366,-238.374,3.07939,3097.67,0
18.507,4442.9,513.202,-258.7,3.74063,3085.3,0
19.1803,4455.29,494.46,-283.122,2.18231,2330.84,0
19.8656,4448.42,525.005,-280.233,2.0325,2596.41,0
20.5578,4423.24,528.473,-275.925,5.13767,3733.96,0
21.2355,4419.25,533.039,-263.017,4.97835,3802.38,0
21.924,4424.47,538.695,-284.803,3.30465,3445.04,0
22.6199,4413.88,569.273,-289.46,3.34914,3807.34,0
23.3081,4411.45,574.264,-335.192,2.6978,3799.15,0
23.9914,4425.47,578.332,-303.731,1.21493,3106.67,0
24.6824,4407.88,574.604,-288.959,3.74774,3732.35,0
25.3657,4427.44,573.644,-263.798,1.52165,2860.37,0
26.0543,4433.27,560.017,-250.935,1.3838,2561.08,0
26.7415,4425.19,580.195,-247.772,1.70802,2797.37,0
27.4251,4416.38,598.836,-273.822,1.84293,3048.95,0
28.1123,4426.44,596.696,-268.076,0.532199,2616.59,0
28.7946,4407.27,678.708,-248.115,0.922265,3220.37,0
29.477,4396.57,703.698,-268.733,1.39275,3508.85,0
30.1674,4403.75,707.394,-282.274,0.220226,3190.36,0
30.8545,4389.92,664.404,-319.514,2.55823,3567.73,0
31.5456,4388.89,634.324,-299.501,3.62156,3522.11,0
32.2285,4377.26,617.228,-295.638,5.38423,3808.33,0
32.9211,4389.62,633.095,-307.058,2.81937,3352.98,0
33.6038,4405.09,633.1,-314.497,0.702432,2824.51,0
34.297,4388.82,644.445,-287.83,2.7869,3241.8,0
34.9843,4392.23,653.987,-281.749,2.00963,3080.63,0
35.6668,4375.59,665.783,-300.754,3.47227,3488.23,0
36.3537,4379,667.215,-286.976,2.91536,3328.4,0
37.04,4364.43,660,-265.312,4.98222,3660.01,0
37.7142,4365.45,651.397,-260.581,4.93591,3567.6,0
38.4004,4361.97,659.044,-264.558,4.89837,3594.51,0
39.0852,4391.62,663.313,-245.932,1.10032,2773.01,0
39.7688,4367.65,666.544,-229.413,4.10311,3328.08,0
40.4506,4371.79,671.102,-232.889,3.27478,3169.59,0
41.1393,4358.21,681.926,-239.666,4.59777,3446.48,0
41.8285,4358.49,685.702,-248.68,4.09587,3383.21,0
42.5146,4349.23,677.43,-251.906,5.04053,3546.24,0
43.1898,4330.95,690.872,-251.213,6.4739,3914.13,0
43.8712,4333.25,707.372,-233.642,5.38052,3800.8,0
44.5602,4347.79,717.911,-205.606,3.1247,3415.87,0
45.2449,4363.37,706.485,-205.672,1.31074,3019.8,0
45.9265,4370.89,671.948,-200.729,1.3128,2811.16,0
46.6074,4365.07,664.949,-199.37,2.20197,2895.04,0
47.2822,4355.13,666.411,-194.302,3.39306,3063.94,0
47.9678,4357.82,690.323,-216.966,2.04131,2964.04,0
48.6564,4359.44,668.829,-235.694,2.23206,2888.92,0
49.3346,4372.54,657.436,-220.64,0.997256,2583.57,0
50.0179,4368.15,656.797,-209.365,1.62405,2636,0
50.7124,4365.67,634.341,-231.203,2.39603,2648.87,0
51.4012,4356.9,619.309,-258.176,3.671,2784.08,0
52.087,4340.83,610.69,-256.614,5.92342,3055.94,0
52.7712,4334.76,602.672,-263.576,6.10008,3131.22,0
53.4574,4363.72,615.617,-289.734,1.26403,2549.38,0
54.131,4354.58,659.064,-301.409,1.11332,2686.53,0
54.8113,4361.78,642.437,-297.765,0.605883,2521.83,0
55.4889,4336.12,671.581,-289.692,3.28971,2953.44,0
56.1809,4357.82,654.098,-273.846,1.04672,2530.67,0
56.8718,4344.94,672.164,-251.964,2.43437,2726.5,0
57.5596,4316.8,660.594,-265.478,6.10352,3182.78,0
58.2378,4321.82,660.141,-270.16,5.08826,3059.48,0
58.9208,4318.9,650.994,-268.258,5.28717,3073.64,0
59.5995,4307.07,654.754,-261.798,6.48556,3237.12,0
60.2901,4309.69,647.286,-253.594,5.52464,3156.61,0
60.9882,4307.53,659.097,-245.996,5.14901,3155.81,0
61.6783,4313.73,644.933,-227.959,4.72944,3020.06,0
62.3614,4304.41,648.894,-250.861,5.24323,3136.44,0
63.041,4305.62,651.055,-241.854,4.9131,3083.45,0
63.7407,4295.29,637.969,-239.92,5.82513,3211.61,0
64.4138,4285.27,633.54,-274.281,6.40277,3333.56,0
65.1038,4302.85,624.286,-265.48,3.75471,3028.31,0
65.7883,4278.09,620.759,-258.589,6.56809,3373.05,0
66.477,4280.38,598.888,-266.217,5.87493,3303.64,0
67.1626,4284.51,587.633,-246.445,5.30708,3208.49,0
67.8447,4271.66,586.726,-274.135,6.14497,3365.65,0
68.5306,4287.31,567.287,-270.16,4.21624,3103.59,0
69.225,4290.51,572.992,-274.683,3.36067,3026.19,0
69.9071,4275.29,553.437,-288.077,5.60815,3214.37,0
70.5923,4300.32,558.598,-288.888,1.78082,2828.67,0
71.273,4312.1,554.96,-271.368,0.58836,2636.3,0
71.9615,4289.43,548.83,-261.616,3.9427,2926.21,0
72.6322,4299.56,544.998,-251.786,2.68802,2759.62,0
73.3141,4319.78,525.457,-268.261,0.32776,2458.2,0
73.982,4297.84,539.738,-231.645,3.4267,2732.59,0
74.6668,4313.69,555.044,-234.599,0.577364,2495.16,0
75.3538,4293.88,567.236,-258.957,2.40901,2735.39,0
76.0485,4293.59,552.343,-234.08,3.46183,2714.15,0
76.7252,4276.81,553.416,-231.975,5.50582,2908.96,0
77.4227,4282.03,583.382,-220.104,3.38016,2815.33,0
78.1035,4277.02,610.71,-244.277,2.64159,2854.94,0
78.7899,4256.66,628.918,-251.124,4.59555,3088.49,0
79.4621,4251.82,630.286,-257.013,4.71842,3123.2,0
80.1542,4238.76,608.466,-273.044,6.42327,3259.28,0
80.8414,4229.37,603.43,-276.002,7.28563,3347.62,0
81.5377,4236.94,592.212,-280.366,5.8774,3226.24,0
82.2245,4229.53,583.945,-265.572,6.74813,3289.46,0
82.9101,4230.66,598.046,-275.885,4.97605,3248.57,0
83.5935,4249.59,595.218,-262.619,2.53642,2995.62,0
84.2865,4256.06,594.338,-293.711,1.15709,2894.2,0
84.9724,4255.24,606.02,-327.927,0.305983,2880.52,0
85.6579,4242.07,611.941,-292.9,2.40033,3011.21,0
86.3395,4247.93,606.207,-279.938,1.8248,2919.54,0
87.027,4236.81,654.127,-244.907,2.26462,3024.22,0
87.7154,4240.21,679.894,-213.388,1.35439,2961.73,0
88.396,4223.4,656.564,-216.574,4.35458,3129.05,0
89.0755,4248.61,658.353,-238.016,0.440693,2822.19,0
89.7497,4223.83,663.753,-230.653,3.71174,3077.12,0
90.4453,4242.96,697.944,-211.804,0.260562,2841.92,0
91.1346,4228.36,665.728,-230.473,3.02767,2980.6,0
91.8155,4216.9,669.18,-204.573,4.51581,3083.38,0
92.4994,4209.33,635.777,-206.515,6.25226,3142.36,0
93.1776,4213.47,629.9,-199.746,5.38302,3075.07,0
93.8549,4226.07,618.214,-184.032,3.87465,2918.64,0
94.5254,4218.85,627.872,-207.867,3.83988,2974.36,0
95.222,4236.82,646.415,-235.262,0.375425,2763.88,0
95.918,4201.17,679.384,-228.043,4.27393,3115.42,0
96.6049,4211.83,667.082,-222.119,3.05127,2983.01,0
97.2845,4215.53,677.612,-259.479,1.80955,2924.11,0
97.9699,4205.66,674.939,-244.297,3.22382,3004.38,0
98.6613,4186.06,672.081,-241.36,5.63014,3181.97,0
99.3516,4199.74,665.942,-227.169,3.73666,3022.17,0
100.035,4196.2,662.974,-232.858,3.86206,3036.93,0
100.715,4214.42,662.301,-228.776,1.17554,2835.47,0
101.402,4206.67,675.547,-180.319,2.26034,2892.74,0
102.087,4214.96,640.293,-170.557,2.40676,2792.11,0
102.765,4216.21,627.07,-172.877,2.66208,2761.56,0
103.451,4198.57,595.882,-176.794,6.18072,2913.73,0
104.137,4216.17,614.295,-171.477,2.53658,2725.55,0
104.814,4212.72,602.601,-163.658,3.57455,2740.84,0
105.503,4193.88,607.282,-154.523,5.63814,2901.56,0
106.177,4209.34,609.771,-167.836,2.77996,2737.53,0
106.866,4209.58,639.195,-180.835,1.45151,2717.6,0
107.544,4181.1,635.633,-163.271,5.47247,2965.34,0
108.23,4170.1,629.844,-157.16,6.21006,3048.18,0
108.917,4196.65,621.645,-155.576,2.49607,2785.12,0
109.601,4193.95,632.525,-144.435,2.42031,2792.38,0
110.293,4165,633.184,-152.359,6.38543,3037.35,0
110.976,4164.56,637.753,-137.208,5.9131,3022.64,0
111.657,4139.11,639.503,-131.651,8.23811,3232.15,0
112.34,4132.65,632.828,-137.725,8.33364,3269.99,0
113.023,4127.04,627.696,-136.261,7.76992,3299.87,0
113.706,4119.85,627.331,-139.495,7.56051,3343.25,0
114.396,4121.18,632.271,-133.644,6.24066,3311.47,0
115.078,4131.4,633.244,-159.067,3.88033,3203.06,0
115.758,4126.52,636.392,-179.999,3.8924,3226.38,0
116.443,4100.01,664.188,-195.743,6.28659,3435.09,0
117.132,4103.1,688.326,-183.141,4.42246,3388.5,0
117.834,4098.26,686.302,-196.089,4.89668,3409.38,0
118.52,4084.34,682.13,-186.777,6.30274,3507.04,0
119.194,4086.04,658.929,-174.467,5.94066,3472.99,0
119.88,4101.52,649.381,-168.512,3.75025,3323.95,0
120.564,4086.02,665.848,-160.478,5.23058,3433.69,0
121.25,4081.64,663.515,-149.593,5.57032,3450.37,0
121.927,4070.85,684.177,-161.924,5.63787,3519.76,0
122.615,4107.76,678.622,-171.985,0.158149,3198.98,0
123.3,4107.38,656.552,-172.973,0.961252,3184.25,0
123.985,4104.7,640.047,-178.479,1.82314,3188.31,0
124.685,4096.58,660.789,-151.373,2.4194,3235.53,0
125.368,4108.14,667.984,-112.007,0.656356,3125.64,0
126.055,4107.38,648.515,-133.153,1.35044,3114.68,0
126.74,4082.71,640.331,-114.01,5.3098,3292.47,0
127.427,4066.7,629.663,-123.013,7.46458,3400.36,0
128.113,4074.85,641.017,-134.394,4.84806,3318.53,0
128.794,4077.03,636.088,-110.317,4.65738,3284.04,0
129.472,4079.74,648.323,-122.673,3.48783,3245.98,0
130.16,4094.2,649.314,-145.491,1.0321,3117.68,0
130.846,4063.65,637.097,-148.085,5.97157,3334.8,0
131.524,4070,628.12,-146.713,4.85122,3269.37,0
132.21,4072.47,630.758,-139.807,3.91457,3233.7,0
132.9,4069.39,640.163,-145.879,3.8487,3240.11,0
133.585,4058.45,646.834,-142.639,5.04888,3305.37,0
134.266,4048.9,645.271,-124.993,6.06551,3359.72,0
134.947,4070.44,640.749,-126.989,2.67811,3183.17,0
135.623,4075.32,660.298,-161.329,0.83375,3131.32,0
136.308,4066.21,690.141,-177.53,1.01322,3182.41,0
136.989,4068.52,686.381,-142.775,1.02602,3149.77,0
137.666,4063.88,691.969,-160.25,1.36514,3167.95,0
138.356,4047.67,705.808,-175.972,3.11195,3269.35,0
139.03,4052.76,733.069,-163.331,1.65272,3216.83,0
139.708,4037.76,733.033,-154.454,3.81964,3308.64,0
140.392,4036.39,743.138,-160.9,3.54942,3302.28,0
141.095,4040.07,730.558,-137.423,3.3198,3259.74,0
141.78,4054.75,725.578,-128.437,1.25729,3140.4,0
142.463,4046.64,736.908,-154.504,1.93555,3182.33,0
143.144,4052.75,735.543,-138.287,1.06013,3124.5,0
143.818,4025.53,730.674,-125.773,5.1129,3299.08,0
144.497,4010.3,735.116,-108.803,6.94432,3389,0
145.187,4013.26,704.735,-104.136,6.69217,3352.5,0
145.874,4007.47,684.926,-121.932,7.21396,3376.37,0
146.552,4009.34,682.572,-125.379,5.88356,3348.03,0
147.229,4002.24,670.738,-126.23,6.74833,3380.83,0
147.914,4030.45,702.867,-118.368,0.89423,3174.5,0
148.604,4013.68,715.508,-116.075,3.0153,3272.61,0
149.29,4023.09,729.718,-90.4724,1.12361,3194.53,0
149.973,3992.26,698.907,-102.184,6.41307,3385.56,0
150.656,3973.74,695.426,-97.4712,7.97955,3493.11,0
151.342,3996.42,697.276,-88.2057,3.25318,3327.4,0
152.02,4003.05,675.29,-102.883,2.76807,3269.01,0
152.696,3969.83,661.554,-116.707,7.69273,3472.06,0
153.379,3967.32,656.221,-86.678,7.24784,3472.99,0
154.073,3965.75,645.585,-93.825,7.01071,3467.51,0
154.763,3982.22,642.944,-94.7544,3.81825,3345.64,0
155.444,3973.03,652.678,-75.2692,4.82464,3390.1,0
156.118,3979.69,667.21,-81.5819,2.936,3332.8,0
156.799,3979.9,667.446,-77.5166,2.90609,3317.01,0
157.487,3986.51,683.145,-89.5108,1.17055,3260.53,0
158.163,3975.74,726.68,-79.5354,1.44286,3314.68,0
158.854,3980.91,743.819,-47.2965,0.204571,3267.71,0
159.541,3976.53,717.469,-32.8245,1.6966,3281.1,0
160.224,3949.56,737.682,-39.2536,5.09122,3435.45,0
160.908,3962.93,763.514,-80.6215,2.13362,3337.72,0
161.596,3967.06,753.353,-104.71,1.65447,3297.97,0
162.279,3953.55,765.282,-149.136,3.1268,3367.35,0
162.97,3963.46,729.009,-152.846,2.35262,3292.24,0
163.645,3941.7,736.41,-160.369,5.23347,3411.68,0
164.33,3947.91,707.885,-148.988,4.82381,3359.67,0
165.016,3948.51,695.327,-136.174,4.84409,3342.02,0
165.698,3946.57,705.301,-128.096,4.56508,3339.99,0
166.376,3968.53,705.691,-132.028,0.832745,3194.39,0
167.058,3936.56,697.299,-130.143,5.7368,3372.71,0
167.736,3937.98,706.615,-139.847,4.63749,3350.63,0
168.421,3914.12,718.578,-141.368,7.19532,3478.67,0
169.111,3902.69,721.919,-127.806,7.56138,3532.04,0
169.789,3888.43,715.137,-124.433,8.78233,3601.92,0
170.472,3918,721.143,-134.604,3.24754,3414.04,0
171.162,3915.28,705.403,-117.803,4.06969,3416.18,0
171.841,3900.07,724.826,-98.8735,5.39393,3491.2,0
172.519,3906.32,731.903,-78.4416,3.98847,3441.24,0
173.203,3896.9,739.242,-92.8246,4.94451,3482.08,0
173.892,3896.72,757.444,-99.7456,4.2654,3469.29,0
174.578,3914.72,787.547,-109.509,0.823233,3352.55,0
175.254,3902.23,774.118,-87.1975,2.93752,3410.91,0
175.936,3895.47,758.354,-119.29,4.06456,3436.06,0
176.613,3897.65,758.699,-99.6539,3.28452,3410.58,0
177.296,3915.83,710.438,-88.2395,1.72834,3294.89,0
177.98,3928.87,682.28,-95.957,0.464486,3208.96,0
178.669,3908.26,710.836,-98.4917,2.93554,3311.97,0
179.356,3914.43,662.346,-80.1867,3.84093,3264.85,0
180.038,3905.93,687.718,-101.004,4.08437,3299.71,0
180.709,3886.75,685.352,-105.6,6.82768,3393.57,0
181.387,3888.49,698.569,-104.471,5.40606,3371.3,0
182.077,3922.82,664.152,-107.825,0.803505,3169.98,0
182.771,3888.26,657.457,-94.1528,6.95426,3347.04,0
183.459,3873.28,654.377,-99.3733,8.84011,3416.15,0
184.138,3880.27,661.746,-92.3429,6.11557,3365.55,0
184.816,3883.55,674.525,-97.89,4.36402,3335.47,0
185.508,3898.09,681.781,-147.866,1.14521,3244.65,0
186.198,3895.2,677.367,-130.329,1.87717,3248.16,0
186.876,3883.8,681.283,-134.616,3.57143,3297.35,0
187.571,3894.32,690.281,-118.575,1.38205,3229.05,0
188.254,3879.98,671.929,-131.084,4.38078,3293.54,0
188.936,3871.76,668.822,-109.174,5.92106,3325.15,0
189.612,3874.7,675.104,-95.5853,4.90326,3297.78,0
190.293,3878.36,673.545,-89.0052,3.92455,3266.73,0
190.988,3864.38,669.638,-105.049,6.06377,3328.06,0
191.669,3885.47,664.005,-95.4925,2.58429,3206.2,0
192.352,3889.73,666.621,-95.8022,1.71072,3172.68,0
193.04,3872.64,653.421,-84.3182,5.1609,3249.88,0
193.72,3878.29,671.166,-107.725,2.86669,3209.3,0
194.394,3871.32,651.451,-95.278,4.98152,3234.04,0
195.088,3853.45,664.824,-87.1516,6.57187,3314.15,0
195.773,3849.82,664.376,-91.2445,5.89807,3321.08,0
196.459,3854.16,664.699,-118.605,4.44417,3287.43,0
197.151,3860.75,662.561,-147.14,2.81726,3242.43,0
197.85,3849.09,650.033,-159.892,5.00448,3289.91,0
198.537,3861.92,660.662,-174.441,1.88435,3213.89,0
199.233,3857.44,683.633,-161.562,1.87778,3225.19,0
199.918,3856.46,710.184,-153.748,1.30951,3219,0
200.603,3826.39,738.459,-143.095,5.41312,3357.93,0
201.292,3827.95,720.683,-140.129,5.32425,3338.69,0
201.983,3829.2,725.422,-156.305,4.51992,3321.05,0
202.669,3845.92,740.909,-151.746,1.32295,3227.36,0
203.35,3848.16,725.614,-137.114,1.3821,3205.53,0
204.045,3830.52,707.514,-179.743,4.16199,3281.03,0
204.727,3821.93,704.008,-192.216,5.2776,3312.06,0
205.425,3840.87,702.116,-199.365,1.87768,3208.59,0
206.121,3839.24,674.877,-205.921,2.60352,3205.7,0
206.806,3849.56,678.083,-212.166,0.620202,3145.15,0
207.486,3851.79,657.691,-166.239,1.32396,3124.14,0
208.173,3853.85,625.525,-161.251,2.39211,3103.9,0
208.86,3846.2,608.875,-152.919,4.72726,3130.32,0
209.545,3840.65,614.425,-149.523,5.07547,3146.6,0
210.223,3825.07,623.222,-154.991,7.17136,3210.56,0
210.906,3815.66,604.135,-185.738,8.13112,3244.77,0
211.591,3828.7,614.484,-178.289,4.68017,3172.63,0
212.267,3806.52,616.496,-165.143,8.50625,3267.02,0
212.956,3806.36,633.348,-156.582,6.5666,3257.19,0
213.643,3803.5,614.647,-166.003,6.89943,3260.11,0
214.315,3809.77,600.563,-176.029,5.51639,3220.65,0
214.999,3800.11,619.554,-172.662,5.97791,3255.32,0
215.689,3806.62,624.382,-156.922,4.19799,3214.71,0
216.375,3783.29,612.451,-165.652,8.56508,3312.36,0
217.064,3771.14,618.667,-188.308,8.9924,3357.82,0
217.754,3783.54,630.93,-195.522,5.1941,3290.22,0
218.444,3765.02,612.79,-220.67,8.20005,3364.62,0
219.123,3765.71,614.692,-199.421,6.53249,3351.04,0
219.802,3752.34,615.375,-203.956,7.93689,3401.53,0
220.483,3771,613.209,-221.63,3.44743,3306.39,0
221.159,3775.84,620.399,-198.401,2.59473,3274.4,0
221.841,3771.94,632.494,-216.379,2.54791,3281.9,0
222.528,3756.5,625.582,-198.219,5.65759,3341.15,0
223.214,3757.7,628.597,-216.488,4.24527,3325.5,0
223.892,3761.44,636.448,-211.827,3.07627,3298.74,0
224.56,3747.71,664.494,-210.777,4.64786,3350.04,0
225.249,3739.07,667.611,-230.274,5.31563,3378.16,0
225.944,3733.5,680.026,-230.539,5.35135,3392.44,0
226.644,3736.02,714.844,-236.134,3.98791,3370.82,0
227.32,3719.02,708.3,-218.353,6.5276,3435.57,0
228.009,3724.28,717.8,-234.459,4.51233,3402.12,0
228.699,3736.09,719.472,-245.125,2.37394,3340.25,0
229.387,3722.88,701.066,-227.12,4.83012,3387.82,0
230.076,3726.55,706.672,-232.284,3.75388,3361.73,0
230.761,3742.93,715.245,-241.176,0.655245,3280.75,0
231.445,3721.07,731.445,-244.991,3.85798,3365.52,0
232.138,3720.87,743.591,-252.232,3.44547,3356.31,0
232.818,3703.52,733.781,-260.471,5.73829,3421.04,0
233.498,3700.29,724.031,-267.491,5.68898,3424.93,0
234.186,3690.8,723.104,-252.04,6.88559,3455.39,0
234.879,3696.18,726.364,-266.871,5.48502,3422.27,0
235.566,3706.95,718.343,-283.257,3.55323,3366.59,0
236.247,3710.59,743.837,-264.47,2.54233,3341.45,0
236.935,3715.41,774.727,-259.974,1.39727,3311.43,0
237.623,3722.12,782.524,-233.11,0.330993,3273.59,0
238.308,3712.86,806.755,-224.431,1.50627,3303.04,0
238.989,3717.25,776.52,-208.584,1.11858,3275.25,0
239.67,3713.47,780.235,-182.835,1.67694,3281.73,0
240.353,3704.57,744.719,-204.488,3.5003,3309.42,0
241.041,3679.41,744.832,-201.309,7.008,3404.38,0
241.745,3665.76,736.656,-200.421,8.23726,3450.93,0
242.426,3662.9,731.2,-203.059,7.81639,3453.03,0
243.112,3656.46,728.973,-210.409,7.67192,3469.76,0
243.795,3680.26,718.843,-240.554,3.21683,3362.43,0
244.489,3681.19,706.141,-221.945,3.24234,3349.07,0
245.165,3690.74,743.877,-232.908,1.00548,3300.9,0
245.85,3692.36,731.664,-232.625,0.825326,3285.08,0
246.527,3681.54,726.808,-246.427,2.64354,3319.96,0
247.221,3687.07,697.905,-264.641,1.75464,3288.28,0
247.919,3690.72,693.147,-247.206,1.29025,3264.27,0
248.607,3685.12,673.94,-248.996,2.59686,3277.78,0
249.298,3687.91,670.099,-247.733,2.14292,3257.5,0
249.994,3674.64,679.528,-254.205,4.15516,3301.53,0
250.682,3682.05,685.597,-226.914,2.5776,3262.9,0
251.371,3696.22,672.523,-202.531,0.266798,3197.58,0
252.058,3675.61,673.666,-174.603,4.30692,3270.66,0
252.749,3678.17,682.395,-152.04,3.56627,3251.56,0
253.44,3668.63,684.502,-139.767,5.13623,3280.35,0
254.132,3667.94,689.466,-136.12,4.89142,3274.13,0
254.816,3668.08,667.491,-139.831,4.57322,3264.8,0
255.505,3655.64,660.718,-135.03,6.66022,3304.69,0
256.192,3652.39,656.301,-145.057,6.30417,3308.49,0
256.879,3664.76,626.545,-138.056,4.51715,3251.49,0
257.554,3679.15,660.274,-136.328,0.217851,3187.11,0
258.24,3644.3,663.736,-118.86,6.95257,3313.59,0
258.924,3673.01,651.175,-113.56,0.896252,3193.96,0
259.609,3641.91,632.671,-127.682,7.97464,3305.3,0
260.285,3654.11,630.428,-138.754,4.31842,3249.85,0
260.964,3651.02,641.416,-158.485,4.12947,3253.25,0
261.647,3645.06,647.418,-159.361,4.94007,3267.52,0
262.33,3633.68,628.831,-139.089,7.62368,3302.42,0
263.021,3646.16,638.091,-136.298,3.8017,3246.27,0
263.704,3644.27,624.709,-119.536,4.54642,3245.03,0
264.386,3658.14,631.012,-122.998,1.00959,3184.22,0
265.076,3651.86,646.004,-120.923,1.96955,3199.61,0
265.766,3656.87,651.539,-151.002,0.500057,3172.46,0
266.443,3644.26,685.42,-165.499,2.17418,3211.72,0
267.13,3640.73,687.329,-160.453,2.7618,3216.69,0
267.816,3613.59,656.325,-157.907,8.65848,3309.77,0
268.5,3611.43,647.442,-159.289,7.76825,3309.4,0
269.188,3612.5,643.272,-152.587,6.83955,3296.97,0
269.873,3597.86,636.675,-135.147,9.15214,3342.84,0
270.555,3607.41,643.13,-152.242,5.92629,3299.12,0
271.239,3614.14,636.019,-146.648,3.81683,3265.98,0
271.929,3591.87,637.398,-141.764,8.25104,3339.58,0
272.617,3584.79,648.249,-154.271,8.39074,3357.12,0
273.303,3612.44,653.871,-149.204,1.342,3247.52,0
273.99,3614.17,663.757,-139.611,0.616243,3233.07,0
274.671,3592.21,654.74,-129.692,5.47735,3305.02,0
275.36,3593.91,655.05,-126.002,4.58512,3290.58,0
276.048,3600.58,684.595,-118.196,2.55241,3258.19,0
276.738,3595.86,668.394,-107.784,3.58219,3267.11,0
277.417,3592.55,667.991,-133.279,3.94087,3271.06,0
278.098,3604.3,653.025,-133.883,1.4247,3220.83,0
278.77,3604.54,626.623,-152.669,1.85595,3212.17,0
279.462,3606.24,629.727,-146.241,1.32078,3198.15,0
280.152,3588.1,635.032,-137.737,5.33608,3255.02,0
280.839,3589.91,657.532,-163.586,4.21324,3240.59,0
281.527,3607.07,638.966,-160.407,0.469246,3171.73,0
282.22,3602.37,608.381,-141.293,2.56931,3180.6,0
282.903,3578.5,623.224,-147.894,7.53887,3257.29,0
283.592,3569.43,621.368,-145.812,7.67865,3281.36,0
284.275,3579.19,642.551,-129.889,4.47442,3239.15,0
284.959,3589.8,625.779,-144.36,2.16274,3194.13,0
285.631,3589.74,598.775,-159.409,2.68429,3186.85,0
286.311,3597.94,577.581,-167.851,1.02878,3150.62,0
286.988,3597.15,551.641,-189.447,2.19157,3145.95,0
287.673,3582.16,541.004,-200.784,7.11866,3190.58,0
288.355,3601.2,537.728,-226.347,0.00695938,3116.99,0
289.057,3599.41,513.579,-262.73,0.828055,3115.6,0
289.742,3588.61,530.668,-284.509,2.60014,3145.53,0
290.42,3586.98,574.124,-263.081,1.97261,3143.8,0
291.116,3589.14,587.537,-305.429,0.8737,3128.86,0
291.801,3568.16,604.6,-317.497,5.06311,3193.42,0
292.49,3573.26,596.518,-294.471,4.05275,3168.45,0
293.172,3579.05,611.437,-296.192,2.61393,3141.32,0
293.86,3574.83,614.636,-313.154,3.15154,3148.35,0
294.552,3588.89,612.613,-306.951,0.239052,3093.21,0
295.231,3573.11,610.584,-301.661,3.56551,3139.55,0
295.913,3562.89,623.129,-301.4,5.18286,3166.84,0
296.593,3561.45,601.243,-313.002,5.23277,3164.45,0
297.271,3560.12,599.108,-304.769,5.31959,3161.68,0
297.947,3576.08,599.803,-293.391,1.79425,3100.94,0
298.636,3552.82,637.461,-278.311,6.18126,3171.69,0
299.323,3550.16,636.116,-267.963,6.06065,3173.3,0
300.014,3561.02,636.566,-249.183,3.64013,3129.8,0
300.694,3561.08,629.302,-272.352,3.46903,3122.5,0
301.384,3534.63,632.418,-274.596,8.148,3203.12,0
302.068,3527.99,633.611,-250.24,8.36535,3217.84,0
302.745,3507.19,645.063,-261.233,10.8125,3279.37,0
303.428,3495.61,655.787,-266.259,9.73204,3310.15,0
304.112,3481.89,645.932,-266.651,9.79585,3347.81,0
304.795,3475.17,626.878,-271.674,9.16524,3362.35,0
305.48,3476.51,615.122,-259.755,8.18364,3350.44,0
306.164,3493.09,603.491,-256.693,5.13186,3288.8,0
306.851,3497.46,629.662,-236.075,3.87305,3267.2,0
307.533,3504.81,610.23,-230.473,3.04477,3236.05,0
308.208,3485.03,604.782,-216.278,5.6443,3293.13,0
308.893,3478.23,608.319,-240.839,5.34676,3307.85,0
309.589,3473.4,601.545,-247.734,5.33256,3316,0
310.27,3465.08,607.989,-228.67,5.85459,3335.53,0
310.958,3444.13,607.949,-221.743,7.77071,3395.55,0
311.64,3446.23,599.847,-215.464,6.83945,3381.37,0
312.322,3437.11,586.508,-219.735,7.40596,3403.19,0
313.009,3440.49,580.541,-219.454,6.10646,3384.92,0
313.7,3429.45,579.026,-224.796,6.51012,3412.64,0
314.38,3414.67,584.243,-245.139,7.16933,3452.28,0
315.068,3416.34,581.773,-228.986,6.43747,3439.46,0
315.755,3411.87,590.011,-220.765,6.04294,3446.12,0
316.44,3408.9,614.188,-207.421,5.39553,3448.04,0
317.123,3417.35,645.125,-221.437,3.02183,3413.99,0
317.811,3430.12,636.112,-236.803,1.36702,3366.39,0
318.504,3403.36,634.11,-228.61,4.76096,3443.09,0
319.195,3399.14,658.579,-233.372,4.30297,3448.87,0
319.883,3401.06,641.721,-232.5,4.18265,3435.46,0
320.568,3402.44,646.059,-237.41,3.57654,3423.79,0
321.255,3392.61,660.723,-228.225,4.48092,3447.07,0
321.947,3401.19,656.13,-240.639,3.25383,3413.02,0
322.637,3391.96,646.823,-231.783,4.57982,3434.33,0
323.32,3391.5,642.378,-247.641,4.42728,3428.48,0
324.007,3405.86,646.627,-261.335,2.17027,3376.89,0
324.695,3396.85,634.315,-292.246,3.28613,3397.51,0
325.382,3406.87,637.696,-290.479,1.71424,3359.52,0
326.072,3390.15,666.658,-288.711,3.06241,3403.7,0
326.762,3401.97,666.029,-337.841,0.953688,3360.35,0
327.463,3394.03,666.865,-365.918,1.5989,3377.38,0
328.142,3386.18,662.623,-389.577,2.41466,3394.31,0
328.825,3387.21,675.524,-393.611,1.97726,3384.16,0
329.512,3392.94,677.283,-404.617,1.05901,3359.71,0
330.19,3364.07,702.934,-407.683,4.14084,3440.25,0
330.866,3357.92,703.526,-415.633,4.6741,3451.8,0
331.559,3359.69,710.802,-426.288,3.9741,3439.24,0
332.244,3377.75,722.44,-446.448,1.17532,3377.79,0
332.939,3369.03,740.927,-461.196,1.77956,3396.94,0
333.626,3360.99,765.682,-432.355,2.61474,3414.02,0
334.304,3339.98,774.11,-457.288,4.74937,3469.97,0
334.995,3342.37,777.161,-469.009,4.123,3455.66,0
335.683,3329.67,748.31,-447.375,5.82743,3486.42,0
336.369,3309.79,765.552,-422.202,7.44354,3538.41,0
337.058,3327.99,768.208,-439.236,4.52378,3477.16,0
337.742,3332.36,774.09,-453.534,3.45705,3457.2,0
338.421,3319.85,779.144,-438.05,4.80212,3487.24,0
339.107,3319.46,786.694,-405.025,4.6774,3481.32,0
339.789,3323.03,785.317,-396.048,3.98817,3463.83,0
340.469,3342.7,797.57,-418.524,1.10066,3399.15,0
341.158,3325.57,783.905,-436.701,3.30783,3442.48,0
341.844,3323.78,800.187,-425.172,3.27348,3440.81,0
342.522,3308.46,810.882,-422.286,4.95072,3478.72,0
343.207,3314.31,832.712,-432.414,3.53324,3454.75,0
343.892,3328.71,865.413,-442.147,1.17303,3405.98,0
344.576,3324.85,880.238,-415.93,1.59834,3410.41,0
345.249,3330.38,883.199,-445.299,0.733434,3387.75,0
345.934,3321.62,868.232,-442.897,1.92401,3406.37,0
346.613,3308.47,845.572,-469.327,3.50463,3437.63,0
347.297,3315,823.155,-454.494,2.83398,3412.06,0
347.999,3335.79,798.697,-477.65,0.347702,3345.44,0
348.682,3318.22,797.57,-508.87,2.26612,3389.27,0
349.364,3311.58,803.211,-506.056,2.9636,3401.66,0
350.048,3324.79,793.632,-478.376,1.56137,3357.29,0
350.735,3317.93,826.446,-489.075,1.95865,3370.27,0
351.419,3292.35,838.119,-499.81,4.86402,3436.5,0
352.102,3297.43,835.935,-507.543,3.80436,3415.42,0
352.795,3300.23,831.594,-484.873,3.45915,3400.76,0
353.491,3294.4,846.701,-483.909,3.80845,3410.56,0
354.172,3309.24,860.049,-474.29,1.69328,3362.1,0
354.855,3304.8,886.621,-463.2,1.97286,3368.13,0
355.544,3290.33,872.658,-441.016,3.937,3402.3,0
356.228,3285.46,844.456,-446.986,4.70554,3409.46,0
356.916,3274.11,830.456,-445.081,5.7152,3434.67,0
357.603,3275.35,845.503,-452.751,4.92308,3424.61,0
358.289,3282.17,883.332,-433.418,3.59954,3399.02,0
358.963,3298.3,885.155,-413.057,1.61636,3347.69,0
359.642,3303.66,898.135,-453.793,0.604093,3326.46,0
360.333,3286.36,901.249,-457.914,2.5758,3368.11,0
361.025,3298.09,909.699,-468.041,1.00495,3329.15,0
361.704,3300.52,902.43,-501.673,0.613206,3316.2,0
362.4,3273.6,906.861,-509.854,3.57164,3384.11,0
363.078,3266.77,940.059,-513.472,3.81318,3396.59,0
363.772,3265.99,959.472,-501.736,3.66036,3392.25,0
364.469,3283.07,968.863,-504.928,1.32649,3338.92,0
365.154,3267.33,953.153,-516.725,3.27773,3375.74,0
365.828,3262.78,934.987,-511.541,3.84675,3381.96,0
366.506,3282.74,921.382,-533.961,1.39156,3321.24,0
367.187,3280.81,875.227,-517.769,2.14829,3320.36,0
367.872,3278.01,845.746,-493.029,2.90475,3321.78,0
368.553,3265.72,874.794,-496.554,3.86881,3349,0
369.24,3240.12,873.878,-483.179,6.57296,3412.09,0
369.918,3238.55,889.196,-512.978,5.8483,3410.08,0
370.604,3234.33,890.848,-513.659,6.02467,3415.14,0
371.287,3221.58,916.22,-533.85,6.61477,3443.21,0
371.984,3219.79,930.919,-522.11,5.8281,3441.56,0
372.667,3207,955.103,-510.261,6.40288,3469.57,0
373.356,3187.36,942.672,-522.871,8.04114,3515.78,0
374.05,3172.82,950.629,-529.64,8.15345,3548.14,0
374.73,3161.37,959.12,-528.665,8.02696,3572.26,0
375.423,3148.84,961.127,-547.192,8.36346,3599.02,0
376.108,3147.91,961.543,-549.072,7.08334,3594.96,0
376.794,3133.92,937.294,-562.327,7.90272,3625.53,0
377.487,3131.21,928.401,-547.842,7.22956,3626.04,0
378.166,3133.55,910.995,-532.295,6.52335,3613.38,0
378.854,3128.29,922.936,-548.783,5.94038,3620.69,0
379.537,3115.08,928.528,-542.113,6.92172,3648.96,0
380.213,3084.15,920.762,-556.595,9.44818,3723.84,0
380.894,3082.42,909.737,-578.853,7.65351,3721.73,0
381.58,3076.8,884.872,-575.919,7.42345,3729.76,0
382.262,3073.47,877.969,-577.265,7.32374,3731.82,0
382.946,3075.07,885.964,-574.256,5.91488,3720.96,0
383.637,3072.95,894.358,-576.754,5.55158,3719.79,0
384.322,3065.79,874.829,-584.427,5.74518,3731.79,0
385.014,3072.89,874.779,-554.498,4.57116,3706.64,0
385.7,3075.43,893.217,-537.613,3.95574,3693.46,0
386.387,3059.57,876.515,-547.698,5.49167,3727.94,0
387.08,3045.53,874.076,-552.235,6.71681,3757.54,0
387.768,3062.62,871.037,-549.63,3.89421,3706.79,0
388.456,3052.5,872.444,-556.633,4.85151,3726.28,0
389.142,3076.49,865.165,-563.884,1.61283,3658.07,0
389.815,3060.81,865.969,-582.524,3.4263,3691.98,0
390.499,3053.88,867.523,-584.42,3.94993,3703.27,0
391.182,3037.65,868.196,-589.906,5.55106,3738.29,0
391.869,3039.27,884.673,-578.894,4.94018,3727.6,0
392.549,3016.55,897.598,-568.592,7.21227,3779.02,0
393.234,3009.02,898.037,-564.129,7.0406,3791.59,0
393.913,3031.24,889.137,-568.657,3.7056,3728.63,0
394.594,3053.26,881.718,-565.47,0.897119,3666.4,0
395.278,3043.14,881.099,-571.743,2.03756,3685.65,0
395.965,3051.26,880.709,-568.264,1.02719,3658.75,0
396.644,3037.13,856.249,-608.446,2.77385,3688.12,0
397.33,3012.89,855.433,-604.227,5.56079,3742.76,0
398.011,3000.85,857.537,-606.311,6.4553,3766.61,0
398.696,3031.83,848.687,-580.595,2.43736,3682.42,0
399.381,3033.65,855.436,-589.017,2.00531,3671.57,0
400.072,3014.97,858.911,-603.441,4.09963,3711.9,0
400.753,3018.27,883.978,-593.969,3.46235,3697.38,0
401.444,3003.91,871.19,-603.497,4.89671,3726.78,0
402.134,3001.91,879.822,-612.06,4.62534,3725.35,0
402.814,3005.89,884.836,-590.157,4.03873,3709.19,0
403.492,2999.56,918.226,-585.811,4.34507,3718.63,0
404.182,2990.53,908.632,-593.428,5.39421,3734.63,0
404.875,2998.29,901.476,-597.229,4.14783,3709.08,0
405.551,3013.59,889.781,-596.244,2.24409,3665.16,0
406.241,2995.79,902.325,-570.287,4.38418,3702.75,0
406.932,2985.98,905.286,-567.285,5.39197,3720.57,0
407.624,2971.54,906.272,-570.288,6.63174,3749.67,0
408.32,2968.89,896.426,-555.929,6.41666,3749.78,0
409.012,2987.09,865.291,-530.989,4.00999,3698.95,0
409.7,2969.71,865.838,-535.278,5.79611,3735.15,0
410.396,2958.06,867.608,-524.139,6.59977,3757.21,0
411.072,2946.32,863.045,-532.794,7.04631,3779.58,0
411.752,2927.3,862.159,-559.195,8.10254,3819.53,0
412.442,2923.43,867.123,-569.853,7.11646,3822.53,0
413.127,2917.41,870.509,-593.519,6.63172,3830.76,0
413.818,2915.64,857.732,-596.467,6.18571,3828.63,0
414.507,2912.7,850.778,-613.747,5.75065,3829.37,0
415.187,2919.88,851.665,-629.172,4.34288,3805.8,0
415.86,2931.46,852.55,-620.842,2.85916,3771.81,0
416.55,2929.69,862.021,-669.729,2.69577,3769.8,0
417.232,2906.84,887.864,-660.816,5.29575,3818.4,0
417.92,2903.08,884.626,-677.505,5.56037,3821.11,0
418.608,2896.68,872.545,-690.78,5.8531,3830.13,0
419.303,2901.69,859.232,-686.29,4.98096,3811.81,0
419.983,2901.5,850.683,-692.226,4.6666,3806.1,0
420.666,2890.44,846.83,-709.62,5.49606,3826.22,0
421.349,2880.32,864.77,-699.737,6.2556,3844.04,0
422.027,2890.91,865.307,-696.117,4.43992,3812.77,0
422.711,2874.9,866.25,-671.969,6.01415,3844.46,0
423.388,2869.02,854.22,-673.126,6.27977,3852.22,0
424.078,2872.54,887.354,-657.353,5.0442,3837.64,0
424.763,2876.98,889.409,-649.345,4.10924,3820.99,0
425.446,2881.04,871.964,-619.712,3.61046,3805.32,0
426.132,2896.48,891.018,-631.95,1.39538,3762.96,0
426.816,2872.05,859.502,-640.691,4.65216,3814.17,0
427.499,2872.16,865.603,-637.007,4.31489,3807.81,0
428.192,2870.29,873.173,-634.783,4.26151,3806.02,0
428.879,2859.99,887.901,-637.344,5.33718,3823.94,0
429.571,2887.47,895.572,-632.014,1.53246,3753.82,0
430.263,2888.13,905.652,-628.222,1.32806,3746.25,0
430.941,2878.47,903.975,-626.258,2.56315,3762.76,0
431.619,2852.6,917,-620.081,5.51442,3816.79,0
432.305,2847.39,899.889,-623.113,5.65075,3822.79,0
432.987,2847.83,941.001,-605.757,5.21348,3815.75,0
433.673,2869.06,931.565,-610.85,2.46038,3760.75,0
434.356,2870.57,925.612,-595.573,2.15642,3751.36,0
435.047,2874.24,913.661,-609.073,1.65516,3736.99,0
435.732,2849.72,919.246,-597.418,4.78974,3787.38,0
436.418,2847.94,900.841,-611.373,4.8597,3785.5,0
437.091,2865.01,909.029,-599.435,2.43076,3740.62,0
437.781,2870.85,934.323,-616.391,1.44007,3721.38,0
438.463,2870.21,937.284,-577.646,1.63567,3717.06,0
439.148,2866.2,977.859,-574.632,1.88297,3720.38,0
439.843,2842.94,955.609,-579.666,4.75663,3767.39,0
440.54,2857.8,967.156,-583.703,2.3849,3727.7,0
441.223,2856.59,962.849,-599.029,2.43791,3724.67,0
441.914,2859.17,991.391,-617.347,1.80665,3713.02,0
442.603,2847.92,1004.38,-622.352,3.15302,3732.64,0
443.282,2842.91,980.949,-622.015,3.85339,3738.22,0
443.969,2862.48,982.947,-636.578,1.25321,3688.36,0
444.653,2857.93,986.253,-639.725,1.79675,3692.93,0
445.336,2862.55,994.42,-662.187,1.03065,3676.89,0
446.018,2839.14,997.609,-662.596,4.01312,3723.74,0
446.696,2854.75,994.874,-681.614,1.67169,3683.16,0
447.383,2838.06,1002.19,-676.703,3.65858,3714.8,0
448.071,2858.58,1016.11,-685.037,0.76943,3663.31,0
448.761,2834.75,1004.05,-681.817,3.89727,3710.78,0
449.434,2836.7,980.48,-676.604,3.58834,3700.88,0
450.123,2839.32,989.005,-641.082,3.11915,3689.39,0
450.811,2821.56,1002.69,-623.225,5.25341,3723.16,0
451.497,2801.6,1018.9,-613.234,6.87154,3761.71,0
452.183,2819.76,1020.08,-622.515,4.11207,3715.83,0
452.877,2817.08,1010.39,-608.14,4.34812,3716.05,0
453.559,2815.03,1005.68,-620.362,4.35778,3714.99,0
454.25,2835.36,988.491,-620.169,1.68455,3664.6,0
454.935,2843.12,986.817,-594.138,0.752334,3642.01,0
455.622,2828,982.535,-579.767,2.6948,3669.71,0
456.312,2818.43,987.598,-582.126,3.42848,3685.13,0
456.996,2819.19,983.347,-588.577,3.07146,3677.95,0
457.676,2824.22,1001.96,-595.077,2.24514,3661.49,0
458.361,2827.3,1000.99,-602.351,1.77553,3649.32,0
459.039,2822.11,1000.61,-631.749,2.21507,3655.22,0
459.722,2823.65,997.429,-647.908,1.96228,3646.44,0
460.406,2811.16,958.321,-624.311,3.77435,3668.16,0
461.097,2821.14,975.768,-646.003,2.24309,3641.02,0
461.772,2817.66,989.155,-656.353,2.50335,3643.23,0
462.47,2813.65,1010.42,-662.643,2.84185,3646.4,0
463.16,2822.75,1006.02,-622.137,1.76371,3621.32,0
463.85,2801.77,1025.36,-633.704,4.25209,3661.17,0
464.539,2819.84,993.866,-644.724,1.91008,3616.84,0
465.219,2804.82,998.449,-645.505,3.73355,3643.82,0
465.905,2797.4,985.94,-652.414,4.42585,3654.4,0
466.597,2806.77,984.228,-648.831,2.93837,3628.88,0
467.277,2810.04,990.541,-658.132,2.39929,3616.61,0
467.955,2812.25,998.838,-676.481,1.90962,3606.66,0
468.643,2809.1,1027.92,-664.644,2.20568,3608.09,0
469.322,2801.71,1033.56,-645.784,3.15454,3618.61,0
470.006,2777.51,1023.9,-653.865,5.83794,3664.82,0
470.695,2766.86,1030.92,-643.217,6.46643,3682.08,0
471.379,2747.86,1039.97,-634.325,7.97664,3717.06,0
472.051,2777.72,1039.86,-626.075,3.66107,3648.5,0
472.736,2791.21,1031.95,-608.381,1.88306,3614.69,0
473.427,2763.67,1016.38,-606.742,5.43784,3667.57,0
474.114,2749.56,1000.92,-612.957,6.95513,3692.02,0
474.795,2747.32,1006.57,-598.841,6.45338,3691.45,0
475.481,2766.64,1022.17,-581.235,3.48267,3645.49,0
476.168,2784,1048.51,-543.187,1.20228,3603.78,0
476.87,2772.06,1050.63,-559.024,2.54922,3623.5,0
477.561,2783.19,1048.14,-581.359,1.03806,3594.96,0
478.251,2784.52,1084.37,-585.215,0.697003,3586.99,0
478.94,2770.95,1086.05,-601.092,2.41533,3610.15,0
479.62,2747.72,1097.35,-590.681,5.08655,3653.48,0
480.299,2750.8,1098.8,-586.67,4.2978,3641.9,0
480.986,2727.91,1115.56,-595.18,6.30981,3684.29,0
481.66,2731.71,1137.03,-588.309,5.03002,3671.25,0
482.348,2724.29,1141.86,-585.216,5.53509,3681.4,0
483.026,2707.33,1154.39,-569.828,6.92753,3711.33,0
483.719,2690.08,1165.89,-576.534,7.89844,3741.68,0
484.409,2686.58,1171.49,-587.831,7.27458,3743.58,0
485.098,2695.94,1166.17,-571.897,5.52875,3718.97,0
485.77,2698.46,1158.23,-581.935,4.67103,3708.62,0
486.455,2691.14,1149.56,-581.569,5.14413,3718.45,0
487.146,2703.69,1138.55,-602.543,3.12448,3687.42,0
487.823,2714.14,1131.96,-599.142,1.69153,3660.89,0
488.515,2701.6,1118.51,-624.198,3.18454,3681.35,0
489.204,2687.71,1129.78,-623.109,4.78003,3704.56,0
489.892,2693.57,1121.45,-640.705,3.90026,3687.41,0
490.572,2671.46,1129.93,-631.993,6.35041,3727.36,0
491.25,2650.8,1134.82,-615.392,8.11726,3764.28,0
491.938,2662.02,1139.33,-609.759,5.88543,3736.21,0
492.62,2663,1136.99,-615.972,5.39081,3729.03,0
493.294,2646.04,1145.11,-603.9,7.07176,3758.31,0
493.981,2642.61,1135,-604.789,6.75118,3760.04,0
494.672,2653.96,1148.14,-600.747,4.57306,3731.85,0
495.354,2642.2,1134.1,-611.493,5.69431,3750.46,0
496.037,2644.6,1134.5,-620.851,4.9716,3740.45,0
496.728,2641.99,1136.73,-622.562,5.03186,3740.51,0
497.426,2628.09,1139.75,-635.652,6.40222,3763.19,0
498.115,2651.13,1136.31,-635.398,3.24631,3711.74,0
498.796,2652.58,1156.05,-649.657,2.96337,3703.75,0
499.484,2641.11,1182.14,-635.834,4.18825,3721.62,0
500.167,2636.16,1169.21,-638.585,4.69402,3726.44,0
500.845,2623.22,1161.17,-659.592,5.65032,3747.22,0
501.535,2637.5,1159.59,-653.342,3.42699,3713.59,0
502.214,2643.83,1174.94,-641.625,2.42239,3695.99,0
502.896,2638.31,1168.95,-643.251,3.11706,3701.94,0
503.572,2625.4,1170.54,-638.712,4.51809,3722.61,0
504.265,2620.39,1183.85,-632.99,4.67006,3727.43,0
504.953,2619.91,1188.22,-651.883,4.39269,3723.29,0
505.641,2625.69,1193.53,-669.145,3.22837,3706.8,0
506.323,2596.82,1188.98,-672.061,6.71002,3758.82,0
507.003,2608.22,1211.74,-676.509,4.45373,3731.3,0
507.679,2603.93,1187.26,-646.742,4.7917,3734.79,0
508.369,2604.99,1173.17,-682.003,4.15233,3727.63,0
509.056,2603.85,1156.02,-709.427,3.88873,3724.83,0
509.743,2599.2,1165.91,-705.744,4.29292,3728.94,0
510.419,2614.56,1163.46,-693.903,2.22946,3693.9,0
511.101,2606.57,1143.06,-689.79,3.25187,3704.61,0
511.788,2590.62,1137.54,-668.426,5.31129,3730.8,0
512.479,2578.94,1147.17,-654.516,6.37646,3748.57,0
513.159,2594.82,1135.4,-657.033,3.67841,3712.65,0
513.841,2606.26,1161.83,-637.496,2.07088,3685.47,0
514.52,2612.05,1132.45,-628.374,1.42395,3669.34,0
515.216,2609.11,1165,-576.902,1.77261,3670.09,0
515.903,2586.71,1182.07,-577.735,4.34629,3708.62,0
516.586,2572.63,1182.65,-580.256,5.77392,3730.97,0
517.271,2577.91,1198.51,-569.401,4.45134,3715.83,0
517.958,2576.4,1210.23,-533.777,4.27992,3713.82,0
518.639,2584.37,1205.84,-535.714,3.16672,3693.56,0
519.328,2582.68,1189.21,-499.044,3.4385,3691.93,0
520.013,2569.81,1196.12,-493.839,4.91936,3711.81,0
520.707,2563.33,1205.78,-496.331,5.22231,3719.31,0
521.387,2546.37,1190.54,-482.111,6.74298,3746.99,0
522.063,2539.15,1189.64,-464.682,6.9478,3755.97,0
522.745,2540.85,1198.38,-443.516,6.19958,3747.81,0
523.428,2550.75,1193.78,-464.645,4.63825,3724.01,0
524.103,2545.8,1224.2,-446.153,5.04504,3728.65,0
524.786,2544.1,1227.11,-445.737,4.88985,3727.04,0
525.465,2542.73,1214.92,-450.224,4.65806,3724.84,0
526.148,2546.85,1215.21,-457.295,3.85258,3712.17,0
526.835,2563.43,1203.25,-452.87,1.62611,3675.87,0
527.517,2564.74,1172.06,-436.09,1.47172,3668.61,0
528.197,2568.35,1176.02,-448.471,0.957004,3657.06,0
528.895,2551.86,1152.19,-459.081,3.1311,3683.42,0
529.577,2557.05,1178.66,-472.938,2.15014,3668.87,0
530.261,2547.25,1206.89,-451.771,3.31969,3682.62,0
530.947,2542.36,1223.07,-463.565,3.84263,3687.06,0
531.63,2546.01,1221.43,-475.341,3.18546,3675.47,0
532.317,2560.56,1225.58,-474.121,1.17971,3643.4,0
533.002,2534.2,1239.2,-466.818,4.55329,3688.17,0
533.691,2521.9,1241.46,-449.917,5.59879,3706.45,0
534.374,2544.41,1239.46,-472.142,2.36056,3659.59,0
535.053,2542.57,1230.6,-487.737,2.56988,3658.37,0
535.733,2546.88,1211.99,-478.072,2.013,3645.7,0
536.418,2531.4,1210.17,-447.671,3.8949,3669.89,0
537.106,2532.2,1204.6,-433.055,3.66759,3663.7,0
537.79,2549.92,1227.65,-408.281,1.21358,3626.09,0
538.481,2555.88,1216.37,-412.377,0.430922,3610.37,0
539.156,2549.59,1229.53,-393.069,1.19731,3617.53,0
539.837,2550.56,1272.97,-439.777,1.00407,3611.16,0
540.524,2521.3,1252.36,-433.863,4.85853,3660.71,0
541.202,2537.24,1258.83,-436.449,2.45686,3626.67,0
541.891,2528.29,1252.99,-428.204,3.41468,3638.58,0
542.578,2550.96,1288.8,-416.892,0.362218,3592.18,0
543.264,2533.67,1288.32,-415.132,2.58904,3619.47,0
543.949,2542.99,1294.13,-462.989,1.35737,3597.79,0
544.631,2530.12,1272.34,-461.737,2.957,3616.9,0
545.304,2550.21,1265.28,-449.652,0.251338,3575.6,0
545.993,2536.25,1235.86,-478.946,2.11675,3596.67,0
546.675,2513.8,1236.06,-466.467,4.92158,3633.24,0
547.351,2507.38,1240.22,-459.887,5.32645,3640.47,0
547.505,2499.94,1239.37,-456.056,6.19707,3653.04,0
