0.686848,4498.45,-742.78,-377.34,0.2536,2251.62,0
1.36885,4485.29,-716.256,-388.27,2.24743,10744.3,0
2.04238,4483.08,-676.301,-410.828,2.97819,8286.63,0
2.71744,4449.73,-702.586,-391.753,6.43761,18498.9,0
3.39809,4446.6,-718.677,-410.177,5.57257,15714.2,0
4.08171,4456.8,-717.156,-401.972,3.84107,10585,0
4.7684,4458.25,-714.417,-403.603,3.62727,8754.63,0
5.46907,4467.49,-725.98,-410.282,2.0648,5943.48,0
6.15347,4461.3,-738.345,-389.35,2.76556,6289.95,0
6.82847,4458.75,-746.579,-363.135,3.05441,6040.38,0
7.50336,4450.32,-774.117,-343.074,3.69364,6621.65,0
8.2005,4455.07,-771.34,-339.747,2.95029,5478.77,0
8.89248,4466.56,-781.902,-324.41,1.43543,3760.76,0
9.58145,4460.52,-775.896,-377.658,1.87785,4119.95,0
10.2589,4456.16,-779.885,-383.587,2.23578,4273.72,0
10.9427,4460.8,-792.163,-374.97,1.53362,3581.91,0
11.6269,4458.03,-773.796,-373.083,2.10709,3609.75,0
12.3146,4442.12,-763.859,-369.008,3.94562,4700.47,0
13.0037,4436.62,-785.074,-375.267,4.09545,4873.8,0
13.6864,4444.76,-787.633,-387.14,2.73729,4036.26,0
14.3709,4431.21,-789.917,-375.299,4.25312,4786.8,0
15.0487,4427.2,-793.288,-338.557,4.70155,4837.31,0
15.7231,4435.8,-762.029,-328.004,4.08916,4083.14,0
16.4076,4416.25,-772.764,-327.01,5.73521,5104.05,0
17.0878,4429.21,-792.007,-305.296,3.603,4142.84,0
17.781,4427.84,-803.88,-272.961,3.72608,4058.37,0
18.4764,4430.55,-836.9,-287.573,2.68227,3759.05,0
19.1551,4432.7,-824.877,-280.506,2.57227,3513.52,0
19.848,4451.03,-813.372,-276.775,0.491484,2467.36,0
20.5302,4438.46,-826.15,-254.734,1.89614,2997.67,0
21.2117,4419.65,-829.578,-242.892,4.14526,3788.14,0
21.9017,4421.53,-834.939,-236.365,3.73237,3582.68,0
22.5856,4434.51,-813.446,-230.754,2.39718,2899.69,0
23.2708,4418.99,-809.263,-230.643,4.15646,3481.11,0
23.9637,4401.87,-824.793,-215.594,5.85502,4094.89,0
24.648,4391.14,-819.014,-205.831,6.582,4416.5,0
25.3301,4393.84,-832.459,-237.296,5.18103,4191.11,0
26.0247,4425.23,-832.38,-242.725,1.12021,2873.05,0
26.7063,4425.67,-821.891,-261.56,1.10853,2783.34,0
27.3925,4395.63,-811.717,-287.392,4.66347,3810.18,0
28.072,4380.12,-836.24,-281.833,5.79886,4270.39,0
28.7546,4371.48,-857.225,-298.028,5.61331,4469.59,0
29.4253,4403.07,-843.214,-279.729,1.79988,3293.97,0
30.1134,4408.98,-839.04,-326.128,0.874207,3022.71,0
30.7902,4391.62,-831.464,-333.804,3.03378,3519.96,0
31.4755,4371.77,-852.576,-322.609,4.90067,4073.86,0
32.1709,4381.76,-869.916,-333.975,3.02148,3675.52,0
32.8522,4378.88,-866.855,-343.094,3.28301,3686.74,0
33.5457,4366.01,-856.878,-315.969,4.8505,3994.25,0
34.2197,4365.73,-871.868,-305.48,4.36493,3923.83,0
34.8898,4374.8,-864.817,-308.351,3.16521,3588.48,0
35.5738,4374.19,-877.79,-311.103,3.01984,3536.47,0
36.2546,4372.47,-891.688,-304.26,2.90227,3517.56,0
36.9364,4371.75,-900.608,-277.287,2.97214,3472.15,0
37.6187,4383.47,-923.217,-261.882,1.18175,3097.68,0
38.3024,4358.83,-899.143,-257.973,4.44464,3685.78,0
38.9733,4337.22,-881.975,-248.088,6.84118,4176.71,0
39.6674,4334.03,-889.011,-243.839,6.30799,4184.15,0
40.3463,4326.87,-896.991,-255.984,6.28036,4291.15,0
41.036,4318.95,-885.89,-265.708,6.61309,4411.89,0
41.7304,4307.17,-885.684,-256.102,7.39681,4620.91,0
42.4135,4297.96,-885.983,-241.578,7.43538,4763.46,0
43.1055,4316.15,-888.803,-252.387,4.32919,4265.18,0
43.7859,4335.98,-902.536,-257.003,1.51153,3745.88,0
44.4689,4337.45,-897.344,-271.901,1.2418,3655.28,0
45.1567,4326.9,-885.007,-239.674,2.61488,3833.22,0
45.85,4335.68,-878.558,-231.437,1.59344,3583.79,0
46.5329,4338.84,-887.603,-236.214,1.0346,3463.32,0
47.2233,4321.88,-895.143,-213.475,3.04886,3771.93,0
47.9063,4332.65,-902.522,-207.173,1.54466,3493.33,0
48.588,4315.25,-900.85,-208.572,3.63449,3802.37,0
49.2688,4322.23,-912.138,-210.536,2.56005,3608.23,0
49.9534,4325.36,-907.066,-180.063,2.29555,3495.97,0
50.6359,4310.45,-943.584,-150.205,3.687,3743.41,0
51.3175,4294.83,-961.946,-148.9,5.0448,3997.96,0
52.0049,4329.69,-938.613,-142.133,0.889503,3274.98,0
52.7062,4309.23,-917.456,-87.0864,3.74417,3619.59,0
53.4,4310.24,-906.945,-115.441,3.60521,3553.62,0
54.0846,4305.17,-898.787,-120.907,4.28521,3602.31,0
54.7731,4296.09,-890.448,-140.263,5.36771,3722.85,0
55.4518,4304.03,-886.984,-145.059,4.3144,3534.08,0
56.1313,4288.83,-884.504,-120.768,5.95809,3762.01,0
56.8142,4302.04,-892.637,-119.484,3.77107,3484.33,0
57.4934,4318.1,-919.685,-123.365,1.31351,3163.85,0
58.1901,4306.54,-950.769,-127.082,2.19907,3324.66,0
58.8682,4295,-970.706,-134.486,3.28801,3482.42,0
59.5458,4307.56,-968.461,-164.962,1.67914,3231.77,0
60.2376,4289.11,-952.211,-182.355,3.95562,3501.04,0
60.9227,4302.47,-952.013,-179.637,2.24054,3242.24,0
61.6028,4277.31,-945.834,-161.819,5.08573,3614.92,0
62.2756,4267.91,-941.603,-160.449,5.70311,3726.75,0
62.9586,4286.94,-916.828,-179.373,3.42882,3384.08,0
63.6545,4300.52,-921.186,-171.332,1.60566,3133.82,0
64.3378,4293.19,-946.997,-166.071,2.13972,3214.49,0
65.0184,4282.33,-958.911,-182.108,3.21309,3347.88,0
65.7067,4288.07,-964.724,-195.242,2.36557,3225.35,0
66.4017,4285.32,-995.207,-224.131,2.24883,3232.99,0
67.0754,4265.7,-988.595,-204.065,4.55545,3493.04,0
67.7664,4286.19,-985.69,-199.272,2.01497,3155.06,0
68.4539,4292.01,-989.37,-196.209,1.26888,3038.39,0
69.1415,4267.19,-984.252,-204.467,4.16916,3367.11,0
69.8221,4258.09,-953.981,-177.718,5.19815,3464.71,0
70.5129,4260.13,-949.986,-180.468,4.6445,3401.81,0
71.1962,4251.76,-968.605,-194.77,5.22167,3486.72,0
71.8808,4257.56,-987.774,-187.507,3.83697,3372.77,0
72.559,4237.97,-996.694,-204.349,5.78368,3611.24,0
73.2602,4233.63,-994.639,-213.408,5.7737,3635.96,0
73.9483,4227.04,-974.991,-202.131,6.12546,3691.25,0
74.6384,4217.71,-968.088,-213.575,6.39047,3782.13,0
75.3273,4205.84,-970.39,-218.875,6.82595,3905.14,0
76.0205,4194.38,-984.259,-216.029,7.15608,4020.21,0
76.7042,4197.91,-988.353,-197.669,6.00161,3938.36,0
77.3893,4188.59,-1015.99,-183.615,6.09098,4023.97,0
78.0806,4199.28,-1000.28,-197.517,4.08022,3851.43,0
78.7611,4218.42,-997.611,-209.925,1.63777,3575.15,0
79.4477,4229.79,-969.867,-206.524,0.536732,3401.1,0
80.1386,4217.18,-969.973,-201.982,2.08256,3529.17,0
80.8266,4207.83,-942.67,-173.989,3.57222,3614.74,0
81.5131,4198,-928.768,-160.982,4.76978,3704.88,0
82.2011,4191.71,-954.505,-162.421,4.85739,3750.38,0
82.8948,4173.27,-933.049,-159.579,6.75821,3941.44,0
83.5794,4167.48,-922.616,-147.741,6.80988,3978.53,0
84.2712,4176,-911.326,-148.757,5.15485,3844.71,0
84.9602,4200.31,-928.434,-179.59,1.68386,3527.47,0
85.6466,4184.05,-955.631,-187.705,3.27693,3689.03,0
86.3298,4171.59,-942.599,-202.887,4.84264,3804.14,0
87.0091,4198.75,-947.416,-200.865,1.18966,3462.25,0
87.7005,4189.13,-927.836,-222.354,2.5045,3544.67,0
88.383,4166.54,-932.979,-222.442,4.79898,3772.94,0
89.0688,4162.55,-907.602,-239.887,4.95934,3788.62,0
89.7565,4164.45,-929.106,-259.076,4.19406,3738.49,0
90.4374,4192.53,-915.118,-235.792,0.73765,3399.78,0
91.1277,4176.28,-875.919,-222.603,3.34054,3552.39,0
91.8089,4175.2,-903.845,-216.922,2.85963,3537.78,0
92.4977,4178.42,-931.572,-215.931,2.02758,3476.65,0
93.1794,4146.09,-948.391,-217.983,5.79635,3798.13,0
93.8552,4159.37,-936.211,-215.797,3.95336,3629.32,0
94.5369,4168.58,-935.749,-214.451,2.63699,3505.75,0
95.2165,4158.03,-963.222,-205.215,3.63234,3591.5,0
95.9032,4169.35,-945.534,-210.714,2.29465,3447.75,0
96.5968,4152.59,-919.687,-204.06,4.59665,3596.55,0
97.2859,4145.85,-915.653,-199.52,5.21215,3640.28,0
97.9776,4146.47,-927.53,-233.611,4.66147,3608.29,0
98.6596,4137.35,-918.34,-222.058,5.7873,3675.78,0
99.3402,4155.6,-929.798,-224.01,3.10881,3466.89,0
100.017,4144.69,-936.957,-226.489,4.0605,3552.46,0
100.703,4136.24,-958.492,-229.742,4.52328,3612.18,0
101.387,4140.75,-942.773,-235.276,3.86057,3543.35,0
102.066,4147.97,-935.794,-229.029,2.87141,3449.09,0
102.765,4154.92,-900.398,-240.513,2.39718,3357.92,0
103.453,4140.32,-901.985,-246.417,4.01707,3476.78,0
104.141,4144.2,-880.691,-241.551,3.6413,3416.5,0
104.826,4123.05,-869.357,-256.781,6.03674,3595.99,0
105.51,4122.09,-874.203,-266.422,5.24645,3581.76,0
106.196,4111.59,-875.039,-271.02,5.96738,3657.54,0
106.883,4110.12,-890.379,-275.932,5.52817,3647.72,0
107.583,4102.81,-880.392,-277.482,5.97753,3691.94,0
108.272,4124.48,-865.213,-285.648,3.15255,3468.26,0
108.957,4121.25,-896.553,-298.518,2.9743,3476.16,0
109.64,4115.29,-902.671,-339.231,3.44539,3508.83,0
110.322,4088.38,-925.847,-328.444,6.43896,3731.08,0
111.01,4073.31,-930.339,-324.674,7.43798,3843.73,0
111.697,4065.83,-919.48,-331.907,7.44775,3887.02,0
112.383,4073.58,-926.169,-333.603,5.40462,3794.3,0
113.062,4065.44,-940.839,-334.345,5.45115,3843.57,0
113.754,4052.68,-943.568,-326.051,6.48097,3932.37,0
114.437,4045.51,-953.971,-322.275,6.55827,3971.53,0
115.13,4026.77,-957.536,-339.609,7.65468,4110.41,0
115.806,4030.7,-946.125,-328.239,6.45655,4052.44,0
116.491,4040.43,-977.069,-330.219,4.55367,3945.11,0
117.179,4046,-989.729,-319.769,3.45857,3874.46,0
117.872,4049.25,-980.079,-315.721,3.02099,3824.1,0
118.548,4036.92,-994.588,-314.707,4.06994,3906.29,0
119.234,4015.56,-996.611,-303.304,6.23196,4062.95,0
119.919,4046.43,-981.642,-312.466,2.2741,3782.27,0
120.605,4053.33,-973.423,-334.381,1.37547,3703.57,0
121.291,4063.64,-968.71,-355.637,0.0503271,3597.66,0
121.975,4048.08,-965.254,-379.294,1.94217,3705.06,0
122.657,4059.82,-970.501,-396.314,0.260131,3588.68,0
123.347,4039.74,-981.031,-375.701,2.67827,3731.44,0
124.032,4049.36,-968.047,-331.366,1.61382,3633.23,0
124.719,4035.31,-962.558,-335.101,3.2412,3725.85,0
125.407,4029.63,-940.492,-325.816,4.09336,3750.71,0
126.091,4036.34,-958.718,-327.073,3.06065,3677.22,0
126.771,4047.49,-983.221,-336.891,1.38562,3569.52,0
127.453,4017.76,-946.167,-339.239,5.28982,3783.65,0
128.147,4022.2,-949.489,-323.378,4.39027,3728.52,0
128.831,4023.01,-968.025,-326.966,3.76108,3702.42,0
129.515,4042.56,-976.312,-337.085,1.14856,3531.91,0
130.204,4039.66,-972.552,-331.085,1.59481,3535.51,0
130.894,4030.04,-974.786,-378.086,2.59264,3590.42,0
131.58,4015.01,-999.195,-360.749,4.17132,3685.86,0
132.269,4012.25,-1002.61,-368.617,4.08353,3687.56,0
132.955,4025.63,-985.776,-366.366,2.41051,3567.87,0
133.641,4026.82,-1044.31,-386.161,1.65808,3540.66,0
134.322,4016.37,-1017.84,-401.306,3.12871,3600.49,0
135.01,4003.87,-1009.06,-373.505,4.58686,3674.74,0
135.686,4001.51,-1004.94,-363.994,4.70396,3673.84,0
136.375,3989.61,-998.453,-386.146,6.03769,3742.51,0
137.054,3981.59,-998.693,-383.458,6.06576,3782.52,0
137.736,3992.25,-1001.82,-380.101,4.25938,3686.44,0
138.427,3991.05,-1026,-385.761,3.92989,3676.71,0
139.128,3988.48,-1015.45,-412.669,4.00372,3676.63,0
139.808,3979.51,-992.58,-406.319,4.94182,3722.92,0
140.491,4001.93,-1031.37,-424.202,1.46048,3545.19,0
141.175,3986,-1036,-385.539,3.53467,3640.89,0
141.862,3978.75,-1019.66,-382.13,4.3832,3674.31,0
142.551,3954.97,-1006.54,-408.321,6.95251,3823.38,0
143.247,3935.12,-1005.32,-398.368,7.93706,3943.39,0
143.939,3923.88,-1001.25,-399.281,8.08161,4002.54,0
144.631,3929.71,-997.061,-403.426,6.12835,3943.09,0
145.311,3904.96,-980.23,-434.478,8.00476,4094.96,0
145.994,3907.88,-967.024,-413.732,6.56715,4055.77,0
146.669,3899.98,-969.313,-415.627,6.54404,4091,0
147.362,3892.21,-978.856,-411.214,6.89325,4124.49,0
148.054,3909.82,-991.523,-410.012,3.806,3986.24,0
148.744,3898.73,-986.239,-418.686,5.03257,4042.32,0
149.419,3900.27,-992.739,-408.666,4.29218,4013.73,0
150.096,3903.17,-999.026,-390.919,3.79973,3976.36,0
150.785,3894.5,-989.797,-380.47,4.64819,4015.66,0
151.482,3912.98,-986.779,-349.315,2.14012,3875.18,0
152.174,3901.01,-985.651,-308.751,3.72634,3936.2,0
152.862,3888.11,-973.289,-280.312,5.3927,4002.9,0
153.545,3861.49,-985.679,-269.621,7.59675,4158.44,0
154.241,3858.27,-997.695,-259.259,6.897,4160.56,0
154.932,3855.59,-975.616,-283.97,6.51502,4159.3,0
155.614,3861.12,-1002.09,-299.173,5.11204,4105.56,0
156.309,3863.47,-1029.27,-319.48,4.20853,4072.22,0
156.99,3861.91,-1029.56,-307.449,4.1926,4064.53,0
157.684,3891.8,-1039.89,-300.744,0.192068,3857.07,0
158.383,3860.54,-1034.14,-326.977,4.15715,4037.42,0
159.062,3846.38,-1024.32,-324.077,5.72524,4109.21,0
159.752,3828.48,-1037.51,-315.674,7.29416,4203.5,0
160.437,3821.22,-1014.29,-288.424,7.33561,4230.83,0
161.124,3824.69,-1016.46,-285.262,6.2425,4191.25,0
161.81,3818.71,-1005.05,-276.433,6.36213,4210.45,0
162.481,3819.22,-969.969,-256.752,5.90075,4189.88,0
163.169,3831.17,-967.598,-267.609,3.97024,4098.98,0
163.851,3816.71,-988.077,-265.311,5.36425,4170.22,0
164.532,3809.17,-1011.62,-292.248,5.66266,4198.78,0
165.216,3821.43,-1040.17,-278.557,3.46379,4107.16,0
165.902,3830.38,-1103.47,-259.557,1.88477,4036.22,0
166.586,3841.98,-1095.79,-260.543,0.43037,3950.04,0
167.275,3836.44,-1078.57,-264.493,1.20999,3966.89,0
167.962,3835.56,-1073.79,-262.591,1.31135,3955.93,0
168.652,3831.51,-1089.82,-270.736,1.67383,3963.76,0
169.349,3808.37,-1092.55,-253.485,4.44848,4084.02,0
170.03,3787.71,-1094.4,-234.174,6.19351,4189.19,0
170.716,3806.81,-1077.79,-210.047,3.42813,4060.48,0
171.396,3797.09,-1060.35,-210.717,4.7493,4101.08,0
172.088,3810.04,-1058.02,-208.832,2.94008,4009.33,0
172.769,3800.64,-1068.12,-206.359,3.92963,4047.92,0
173.453,3819.46,-1053.12,-176.999,1.4833,3923.48,0
174.146,3822.18,-1033.84,-143.828,1.28578,3892.23,0
174.832,3825.59,-999.798,-154.645,1.04361,3857.49,0
175.521,3803.29,-974.025,-130.909,4.11382,3969.36,0
176.218,3784.9,-978.137,-145.468,6.09566,4058.02,0
176.906,3790.11,-1001.9,-156.091,4.53326,4012.79,0
177.588,3788.51,-1020.83,-166.201,4.15526,4006.41,0
178.281,3788.68,-1004.69,-172.653,3.91357,3989.87,0
178.957,3770.58,-1012.69,-175.553,5.92185,4075.94,0
179.64,3789.55,-1013.05,-186.511,3.04984,3954.83,0
180.321,3770.71,-1010.41,-198.584,5.21438,4044.42,0
181.007,3797.04,-989.042,-221.433,1.71859,3883.6,0
181.699,3781.6,-1002.43,-236.664,3.49213,3953.8,0
182.377,3783.21,-1020.06,-223.899,3.01683,3930.28,0
183.069,3779.55,-1033.13,-215.7,3.1689,3935.43,0
183.76,3775.53,-1001.26,-209.032,3.60404,3942.49,0
184.447,3753.01,-1009.76,-211.275,5.76144,4049.9,0
185.131,3758.33,-1001.81,-217.445,4.52664,4006.17,0
185.82,3784.88,-1005.06,-209.975,1.05324,3848.46,0
186.509,3785.57,-997.787,-223.731,0.961628,3830.54,0
187.188,3779.96,-969.602,-218.831,1.79672,3846.63,0
187.867,3782.39,-971.486,-227.829,1.45526,3819.8,0
188.555,3792.04,-968.487,-232.597,0.151306,3754.67,0
189.239,3748.66,-946.343,-248.359,5.66886,3970.32,0
189.921,3749.61,-946.688,-275.589,5.18664,3951.08,0
190.601,3749.43,-957.962,-269.827,4.72102,3937.93,0
191.295,3765.92,-927.26,-275.016,2.462,3837.44,0
191.97,3779.72,-914.859,-270.096,0.621776,3752.03,0
192.659,3784.74,-886.723,-323.202,0.0306042,3712.55,0
193.335,3753.64,-896.875,-350.375,3.96915,3860.44,0
194.026,3725.65,-881.406,-354.26,7.10177,3990.99,0
194.714,3731.43,-873.659,-353.067,5.48223,3947.19,0
195.405,3759.91,-895.683,-357.932,1.21925,3787.45,0
196.091,3715.68,-897.583,-349.691,6.70269,3999.78,0
196.772,3710.46,-882.162,-358.128,6.40759,4012.49,0
197.462,3717.9,-873.693,-354.893,5.12398,3960.78,0
198.146,3704.31,-874.388,-344.975,6.42252,4015.67,0
198.834,3693.4,-846.465,-336.093,6.83797,4056.66,0
199.513,3692.94,-840.411,-356.856,6.19746,4045.15,0
200.201,3682.09,-838.996,-335.708,6.49726,4085.42,0
200.889,3692.79,-843.775,-344.389,4.5719,4018.18,0
201.575,3682.7,-853.699,-340.102,5.39063,4054.59,0
202.253,3676.55,-849.213,-325.263,5.54705,4071.41,0
202.942,3696.47,-855.671,-321.067,2.32479,3959.41,0
203.631,3685.34,-860.486,-324.072,3.69154,4000.68,0
204.313,3666.19,-836.336,-307.847,6.2117,4081.05,0
204.987,3667.79,-832.565,-332.981,5.17987,4059.8,0
205.665,3655.25,-833.102,-313.915,6.29841,4107.41,0
206.345,3663.28,-831.503,-327.529,4.59169,4054.97,0
207.025,3662.86,-820.009,-350.941,4.60945,4043.67,0
207.72,3643.76,-802.721,-349.077,6.6249,4122.08,0
208.415,3654.3,-808.706,-349.321,4.51854,4057.78,0
209.104,3663.05,-798.105,-346.388,3.18961,4002.57,0
209.791,3676.64,-801.227,-384.236,0.99077,3924.7,0
210.469,3670.81,-806.039,-376.473,1.82507,3939.74,0
211.151,3659.21,-811.615,-378.672,3.35424,3981.95,0
211.84,3648.38,-798.438,-378.263,4.73397,4020.11,0
212.521,3647.6,-805.421,-390.181,4.38492,4010.9,0
213.204,3637.67,-780.393,-386.582,5.40797,4044.6,0
213.894,3639.25,-765.647,-368.048,5.0016,4024.18,0
214.579,3630.71,-755.993,-368.568,6.02112,4051.15,0
215.269,3648.85,-769.11,-385.152,2.83663,3953.9,0
215.946,3643.71,-785.005,-401.636,3.32215,3965.29,0
216.627,3657.03,-787.296,-398.347,1.3296,3891.37,0
217.319,3650.07,-802.237,-396.092,2.23892,3910.97,0
218.007,3646.62,-805.184,-386.659,2.64556,3914.45,0
218.696,3652.79,-804.971,-382.701,1.76099,3873.9,0
219.374,3639.69,-808.739,-364.125,3.47566,3921.68,0
220.052,3638.52,-828.79,-355.324,3.1258,3914.88,0
220.737,3635.16,-809.488,-377.901,3.54049,3917.97,0
221.416,3647.41,-780.481,-407.277,1.74136,3850.63,0
222.096,3658.26,-784.828,-410.72,0.0632835,3789.97,0
222.782,3650.31,-785.678,-391.856,1.27579,3814.01,0
223.469,3619.43,-773.301,-390.21,5.42661,3940.44,0
224.145,3596.47,-762.305,-368.955,8.05068,4031.03,0
224.83,3604.85,-757.447,-359.679,6.02767,3981.45,0
225.516,3589.19,-779.784,-373.842,7.33057,4038.79,0
226.202,3598.5,-788.17,-375.228,4.94825,3985.37,0
226.886,3597.4,-780.686,-400.793,4.74428,3978.23,0
227.572,3624.16,-811.604,-378.762,0.765573,3848.63,0
228.26,3606.92,-829.996,-352.104,3.16692,3912.53,0
228.944,3617.19,-841.163,-364.301,1.63551,3856.02,0
229.629,3607.86,-860.3,-338.59,2.87121,3885.16,0
230.312,3585.95,-851.857,-336.383,5.49789,3968.76,0
230.991,3579.92,-833.769,-327.793,5.72026,3983.19,0
231.671,3587.97,-831.931,-290.28,4.21094,3936.72,0
232.365,3588.86,-821.246,-279.428,3.85844,3921.13,0
233.044,3582.01,-846.872,-284.867,4.23281,3939.14,0
233.739,3569.98,-834.143,-303.357,5.55849,3978.87,0
234.424,3578.63,-842.638,-320.563,3.8492,3930.35,0
235.108,3584.52,-867.303,-301.475,2.85385,3893.88,0
235.792,3576.71,-868.602,-303.138,3.70782,3915.69,0
236.471,3553.24,-856.298,-313.356,6.67351,4003.7,0
237.153,3561.05,-854.159,-315.895,5.00193,3959.26,0
237.841,3557.05,-842.217,-329.933,4.89151,3964.63,0
238.529,3568.12,-838.713,-321.767,3.02093,3906.78,0
239.215,3570.74,-838.405,-302.323,2.63523,3884.62,0
239.903,3566.62,-835.819,-300.766,3.21226,3890.67,0
240.587,3578.98,-858.6,-275.414,1.32055,3828.22,0
241.275,3563.01,-874.966,-275.781,3.46749,3883.48,0
241.954,3549.45,-879.803,-285.084,5.03976,3928.64,0
242.631,3549.45,-889.315,-296.999,4.57931,3917.68,0
243.314,3544.99,-886.867,-291.262,4.96595,3924.99,0
244.001,3550.52,-872.235,-294.112,3.90023,3891.28,0
244.683,3540.81,-876.86,-283.836,4.76849,3920.14,0
245.371,3540.07,-891.971,-293.52,4.67148,3912.17,0
246.06,3561.19,-891.634,-320.646,1.66337,3815.4,0
246.735,3558.22,-899.69,-306.948,1.94926,3816.95,0
247.417,3561.24,-876.949,-323.728,1.52169,3794.26,0
248.102,3544.59,-860.093,-313.079,3.82767,3850.87,0
248.785,3529.01,-866.064,-329.738,5.35113,3902.94,0
249.476,3527.69,-877.472,-354.015,5.08853,3897.39,0
250.165,3548.05,-859.585,-358.423,2.24151,3805.29,0
250.85,3553.3,-895.986,-346.246,1.47697,3773.97,0
251.54,3553.78,-932.574,-322.387,1.36377,3761.69,0
252.228,3544.29,-921.023,-318.321,2.6014,3789.08,0
252.904,3532.1,-898.793,-282.359,4.15285,3827.13,0
253.591,3528.98,-884.286,-289.853,4.37914,3829.07,0
254.273,3533.26,-895.358,-278.913,3.56816,3801.99,0
254.959,3558.14,-897.072,-283.241,0.054539,3694.18,0
255.642,3537.44,-915.673,-288.095,2.81096,3765.25,0
256.327,3527.11,-948.089,-294.852,3.99848,3795.52,0
257.006,3523.18,-930.114,-293.306,4.3143,3800.77,0
257.678,3512.91,-945.097,-311.755,5.4212,3830.73,0
258.363,3511.28,-935.351,-314.438,4.90506,3826.85,0
259.041,3517.04,-916.032,-343.056,3.74224,3794.59,0
259.735,3514.2,-903.287,-366.913,3.74034,3795.39,0
260.425,3505.3,-911.201,-356.939,4.59006,3819.53,0
261.104,3524.14,-935.084,-348.6,1.83616,3737.46,0
261.789,3526.39,-959.167,-355.917,1.504,3719.06,0
262.466,3524.28,-942.32,-342.4,1.80603,3717.5,0
263.149,3520.23,-955.659,-334.144,2.24588,3723.25,0
263.831,3535.94,-969.174,-340.519,0.0844357,3654.06,0
264.521,3524.46,-938.661,-380.272,1.5997,3687.95,0
265.201,3517.18,-919.336,-355.835,2.47513,3705.94,0
265.892,3523.79,-907.027,-362.873,1.58626,3671.45,0
266.585,3513.41,-932.222,-364.938,2.90739,3700.83,0
267.278,3495.41,-945.834,-370.485,4.89866,3758.61,0
267.953,3491.4,-937.256,-359.158,5.31974,3764.09,0
268.643,3483.23,-950.712,-350.995,5.62985,3784.85,0
269.334,3483.69,-947.555,-351.491,5.08732,3773.41,0
270.007,3481.49,-946.749,-356.159,4.93903,3772.18,0
270.69,3493.83,-932.265,-339.973,3.61665,3717.07,0
271.37,3500.17,-944.223,-321.499,2.55353,3684.38,0
272.062,3516.39,-953.872,-317.205,0.181788,3615.38,0
272.739,3504.57,-995.78,-364.429,1.6944,3649.73,0
273.422,3499.15,-1029.32,-371.1,2.36402,3660.47,0
274.108,3506.86,-1008.89,-373.327,1.36937,3623.17,0
274.794,3491.79,-982.335,-390.858,3.1796,3668.97,0
275.485,3483.13,-979.095,-390.235,4.02186,3691.2,0
276.171,3512.12,-966.411,-356.871,0.606368,3577.07,0
276.857,3511.78,-973.507,-340.889,0.511823,3569.42,0
277.541,3483.92,-981.697,-330.126,3.91057,3661,0
278.225,3478.54,-951.447,-325.462,4.54191,3671.34,0
278.909,3488.79,-933.268,-327.464,3.30733,3625.59,0
279.604,3473.62,-933.175,-312.264,5.07034,3670.83,0
280.293,3456.75,-950.15,-316.614,6.20056,3722,0
280.981,3461.1,-950.265,-330.268,4.81756,3697.39,0
281.674,3460.75,-959.747,-329.25,4.11145,3689.57,0
282.346,3475.46,-954.17,-368.603,2.19107,3628.66,0
283.033,3478.4,-1005.02,-400.133,1.15089,3609.48,0
283.713,3472.22,-975.564,-400.397,2.16142,3622.61,0
284.384,3463.13,-968.324,-383.151,3.3184,3646.01,0
285.069,3455.89,-963.459,-369.189,4.11486,3662.65,0
285.747,3455.1,-967.864,-396.478,3.84634,3656.75,0
286.427,3448.12,-947.018,-407.615,4.43134,3672.44,0
287.111,3437.59,-937.009,-400.989,5.53854,3700.35,0
287.803,3447.71,-964.878,-381.764,3.60713,3656.3,0
288.483,3438.42,-964.342,-395.523,4.38775,3679.85,0
289.178,3430.26,-981.742,-403.258,4.79535,3699.24,0
289.863,3430.41,-1013.42,-392.477,4.31042,3689.98,0
290.545,3437.1,-1037.26,-414.134,3.08333,3658.3,0
291.225,3437.94,-1022.24,-403.272,3.06415,3646.89,0
291.91,3440.69,-1000.77,-414.48,2.88579,3628.89,0
292.602,3436.26,-1011.84,-428.004,3.05959,3635.45,0
293.296,3414.02,-1004.96,-422.754,5.23733,3702.67,0
293.991,3413.33,-1007.67,-435.123,4.98337,3696.26,0
294.675,3442.47,-1017.48,-461.1,1.12353,3588.8,0
295.356,3441.68,-999.812,-446.34,1.48937,3583.21,0
296.049,3440.15,-1015.8,-419.131,1.57553,3579.97,0
296.744,3435.76,-1025.63,-397.915,2.02129,3586.39,0
297.425,3406.05,-1026.47,-360.891,5.31809,3678.06,0
298.103,3412.23,-1033.28,-364.053,4.24681,3648.97,0
298.79,3412.85,-1053.84,-396.016,3.63303,3638.5,0
299.471,3408.17,-1045.49,-398.006,4.19837,3645.85,0
300.164,3399.04,-1030.87,-400.04,5.10694,3667.85,0
300.858,3393.47,-1047.75,-390.874,5.29579,3677.9,0
301.552,3397.36,-1021.46,-414.674,4.60887,3656.55,0
302.239,3390.56,-1028.55,-393.766,5.09983,3670.74,0
302.937,3388.94,-1033.53,-393.354,4.85221,3667.62,0
303.625,3390.42,-1017.61,-379.842,4.75832,3654.45,0
304.308,3389.16,-1026.8,-367.107,4.53875,3650.38,0
304.986,3364.63,-1014.01,-376.946,7.05671,3722.69,0
305.672,3369.4,-1003.79,-394.188,5.58134,3698.75,0
306.359,3401.61,-1010.45,-388.3,1.55439,3585.31,0
307.043,3411.79,-991.211,-414.956,0.407089,3544.14,0
307.731,3404.86,-1006.58,-428.148,0.947871,3558.77,0
308.428,3386.84,-990.33,-426.644,3.1114,3609.14,0
309.102,3358.46,-962.138,-418.424,6.59042,3693.09,0
309.793,3369.37,-945.143,-429.834,4.70464,3649.62,0
310.471,3376.63,-956.079,-436.958,3.31767,3618.27,0
311.156,3362.52,-930.954,-419.503,5.0233,3655.65,0
311.854,3380.19,-916.102,-441.648,2.75664,3590.82,0
312.536,3377.28,-907.558,-418.875,3.23464,3592.29,0
313.229,3369.9,-903.576,-413.077,3.87982,3607.91,0
313.926,3347.4,-900.406,-414.618,6.2862,3671.56,0
314.612,3368.64,-901.155,-412.269,3.5103,3596.06,0
315.296,3374.47,-929.419,-403.801,2.46234,3569.75,0
315.976,3389.79,-978.087,-395.983,0.14008,3513.6,0
316.663,3375.09,-1025.52,-393.595,1.39747,3552.38,0
317.345,3369.1,-1011.49,-454.162,1.95702,3563.62,0
318.026,3368.24,-1016.62,-467.534,1.91256,3558.7,0
318.698,3362.11,-1001.64,-432.143,2.91056,3570.44,0
319.374,3377.89,-1011.41,-443.6,0.78612,3513.46,0
320.065,3374.41,-958.642,-444.765,1.7614,3516.77,0
320.751,3355.87,-977.237,-439.007,3.67918,3567.02,0
321.427,3362.24,-998.103,-408.696,2.73538,3539.73,0
322.11,3328.77,-986.721,-409.82,6.47196,3636.12,0
322.804,3332.69,-970.809,-410.348,5.40398,3616.14,0
323.491,3330.49,-992.96,-398.586,5.01771,3615.28,0
324.176,3311.02,-987.385,-392.496,6.91791,3667.69,0
324.848,3295.45,-984.771,-404.237,7.63307,3708.02,0
325.548,3289.37,-1001.03,-389.782,7.18253,3718.75,0
326.241,3281.31,-1022.82,-390.063,7.11858,3735.56,0
326.927,3290.78,-1019.52,-390.338,5.33784,3698.73,0
327.61,3275.74,-1015.07,-410.268,6.36988,3736.95,0
328.301,3273.14,-1022.32,-406.43,5.92676,3737.01,0
328.971,3268.84,-1004.77,-408.804,6.0632,3742.45,0
329.667,3268.08,-1005.02,-397.229,5.63233,3736.86,0
330.356,3270.8,-993.323,-405.077,4.9032,3720.85,0
331.04,3267.95,-980.732,-427.446,4.8015,3721.76,0
331.741,3257.44,-974.676,-417.575,5.74546,3745.57,0
332.436,3275.73,-989.611,-398.235,3.41752,3682.72,0
333.122,3262.03,-1016.91,-418.182,4.51721,3716.26,0
333.812,3274.11,-1022.66,-404.67,2.77845,3672.39,0
334.493,3263.11,-1009.15,-418.163,4.11553,3697.8,0
335.186,3247.32,-1038.63,-392.83,5.59396,3737.26,0
335.865,3240.99,-1017.43,-370.677,6.16728,3748.57,0
336.548,3244.88,-995.877,-376.738,5.41596,3729.4,0
337.229,3227.63,-989.728,-393.146,6.78865,3773.02,0
337.906,3237,-1003.64,-390.655,5.10181,3737.72,0
338.591,3236.64,-1015.62,-378.966,4.67392,3731.24,0
339.277,3221.68,-1018.73,-381.317,5.85519,3767.78,0
339.959,3214.01,-999.116,-407.845,6.41091,3782.79,0
340.651,3245.29,-987.236,-416.754,1.94592,3683.27,0
341.335,3255.24,-1016.07,-405.223,0.447138,3646.75,0
342.024,3247.66,-1015.59,-424.812,1.23131,3661.55,0
342.708,3233.2,-1016.62,-439.167,2.84328,3696.45,0
343.397,3240.29,-1046.34,-445.392,1.56311,3668.37,0
344.08,3236.74,-1060.53,-454.991,1.8341,3671.4,0
344.768,3234.41,-1110.29,-442.544,1.64623,3670.86,0
345.454,3220.09,-1116.02,-452.857,3.29814,3705.01,0
346.141,3223.96,-1148.14,-443.646,2.45225,3686.48,0
346.828,3209.56,-1160.51,-428.408,4.08291,3720.68,0
347.503,3204.28,-1167.93,-443.829,4.37532,3728.66,0
348.179,3177.89,-1191.43,-435.324,7.20876,3797.22,0
348.863,3191.4,-1171.41,-450.244,5.01567,3751.03,0
349.542,3179.64,-1173.45,-443.285,5.87754,3777.4,0
350.236,3179.15,-1158.94,-456.204,5.78514,3771.3,0
350.915,3159.92,-1165.15,-463.279,7.33324,3818.82,0
351.609,3155.8,-1173.29,-452.664,6.75079,3822.99,0
352.285,3164.27,-1183.95,-466.287,5.06761,3791.62,0
352.966,3163.31,-1164.21,-455.623,4.85525,3787.02,0
353.652,3197.07,-1150.22,-435.857,0.657848,3684.2,0
354.345,3199.48,-1168.94,-397.327,0.323781,3670.2,0
355.039,3175.09,-1165.8,-392.774,3.33571,3731.74,0
355.727,3193.34,-1159.54,-419.939,0.956686,3673.2,0
356.403,3194.87,-1149.62,-392.739,0.916857,3661.96,0
357.091,3197.63,-1154.38,-385.393,0.515416,3647.17,0
357.771,3197.67,-1143.63,-385.268,0.589721,3640.13,0
358.46,3176.61,-1150.7,-406.001,3.02928,3691.87,0
359.152,3177.4,-1149.95,-381.102,2.92772,3682.57,0
359.834,3193.62,-1144.78,-395.494,0.882114,3630.52,0
360.523,3198.41,-1145.89,-388.166,0.284686,3610.29,0
361.207,3198.87,-1119.39,-386.08,0.511484,3602.18,0
361.895,3175.1,-1098.76,-401.035,3.57137,3661,0
362.578,3185.44,-1110.96,-388.33,2.01408,3625.59,0
363.263,3194.2,-1118.53,-374.142,0.910037,3594.65,0
363.934,3181.06,-1139.1,-386.671,2.21202,3624.11,0
364.625,3160.18,-1136.23,-397.768,4.65794,3674.52,0
365.316,3152.69,-1144.34,-384.378,5.28758,3688.06,0
366.001,3148.34,-1156.82,-391.028,5.24293,3693.05,0
366.694,3153.02,-1156.96,-380.911,4.37288,3673.32,0
367.375,3172.72,-1163.89,-409.813,1.64131,3612.87,0
368.055,3166.24,-1172.02,-365.673,2.44924,3623.8,0
368.745,3162.06,-1180.17,-345.392,2.85507,3628.37,0
369.424,3164.96,-1164.13,-352.532,2.61076,3613.85,0
370.113,3165.15,-1155.28,-362.762,2.60482,3606.59,0
370.794,3165.2,-1189.07,-358.463,2.18177,3599.83,0
371.477,3155.24,-1221.4,-377.31,2.97795,3620.04,0
372.165,3144.29,-1245.61,-413.652,3.82219,3642.78,0
372.841,3142.87,-1290.54,-390.959,3.52589,3639.96,0
373.536,3142.05,-1292.81,-407.897,3.39398,3635.39,0
374.225,3158.82,-1306.64,-400.111,1.13676,3583.89,0
374.91,3154.25,-1325.06,-400.6,1.40274,3589.52,0
375.584,3146.67,-1336.64,-418.04,2.21028,3603.27,0
376.255,3154.09,-1345.06,-414.457,1.13235,3577.13,0
376.943,3152.5,-1363.5,-372.715,1.2661,3574.81,0
377.632,3137.39,-1401.3,-367.172,2.80585,3608.3,0
378.323,3134.66,-1401.44,-355.221,3.15713,3608.91,0
379.013,3123.46,-1369.52,-354.512,4.77706,3631.91,0
379.695,3125.67,-1331.28,-326.27,4.87513,3619.56,0
380.381,3109.59,-1355.95,-312.786,6.04421,3655.3,0
381.055,3151.74,-1368.52,-330.265,0.287469,3538.22,0
381.738,3147.74,-1359.84,-333.101,0.836474,3542.39,0
382.432,3141.77,-1367.35,-320.391,1.5213,3551.55,0
383.119,3133.74,-1356.65,-316.65,2.60113,3566.14,0
383.797,3130.21,-1352.88,-308.432,3.09935,3569.05,0
384.478,3117.39,-1390.12,-303.804,4.25426,3596.07,0
385.163,3108.16,-1370.8,-312.322,5.261,3613.64,0
385.859,3104.89,-1353.49,-321.165,4.99232,3615.58,0
386.543,3097.8,-1357.41,-315.5,5.3175,3627.54,0
387.227,3088.03,-1339.32,-307.258,6.22677,3646.35,0
387.916,3118.11,-1346.78,-311.619,2.01619,3562.33,0
388.607,3108.59,-1333.12,-302.937,3.17043,3580.52,0
389.284,3102.42,-1348.04,-285.639,3.68605,3590.13,0
389.971,3101.41,-1304.92,-301.333,3.95949,3586.4,0
390.664,3098.25,-1313.55,-307.653,4.21016,3588.11,0
391.359,3092.95,-1323.05,-277.138,4.58003,3595.3,0
392.048,3070.02,-1315.07,-295.555,6.88599,3647.46,0
392.735,3068.79,-1295.83,-295.353,6.36719,3644.21,0
393.425,3063.1,-1281.74,-309.154,6.57643,3652.3,0
394.097,3055.64,-1278.72,-294.971,6.77023,3664.98,0
394.776,3042.01,-1275.39,-296.955,7.27645,3693.21,0
395.467,3042.68,-1284.28,-297.583,5.91029,3685.07,0
396.155,3045.32,-1277.5,-295.283,5.19186,3671.99,0
396.851,3026.35,-1261.09,-291.255,6.99189,3713.37,0
397.532,3001.72,-1255.36,-304.924,8.80786,3768.95,0
398.217,3011.36,-1241.23,-324.753,6.48183,3738.26,0
398.9,3005.74,-1241.91,-316.944,6.14356,3745.96,0
399.585,3011.72,-1233.04,-327.764,4.78769,3724.58,0
400.267,3036.09,-1233.28,-331.83,1.64242,3657.34,0
400.949,3047.79,-1236.2,-315.48,0.155741,3621.92,0
401.636,3044.38,-1251.27,-342.278,0.373851,3624.22,0
402.319,3021.8,-1251.87,-349.552,3.13657,3674.2,0
402.998,3011.88,-1258.09,-359.355,4.01867,3692.63,0
403.691,3002.91,-1247.14,-343.503,4.96482,3708.51,0
404.379,2997.58,-1252.42,-359.91,5.00111,3715.37,0
405.062,2995.65,-1251.63,-365.683,4.8924,3713.88,0
405.76,3012.32,-1234.3,-349.346,2.65775,3666.41,0
406.445,3003.5,-1232.84,-364.187,3.66743,3681.92,0
407.128,2999.43,-1240.07,-344.087,4.03817,3685.74,0
407.807,3014.94,-1245.93,-318.125,1.96014,3641.58,0
408.485,3028.84,-1220.02,-314.082,0.441613,3601.52,0
409.167,3021.72,-1244.03,-321.307,1.10552,3612.91,0
409.845,3016.62,-1250.73,-296.732,1.72927,3619.37,0
410.526,3020.21,-1227.17,-291.853,1.52278,3604.62,0
411.21,3001.53,-1205.19,-295.761,4.02628,3644.05,0
411.897,2982.12,-1225.76,-289.961,5.88694,3685.1,0
412.583,2995.69,-1213.89,-279.765,3.87877,3646.07,0
413.275,2993.98,-1229.04,-291.579,3.80272,3644.11,0
413.953,2987.42,-1230.66,-266.82,4.2994,3653.98,0
414.642,2965.11,-1225.7,-234.872,6.90375,3701.71,0
415.321,2987.85,-1222.07,-257.442,3.67293,3640.93,0
416.01,2981.86,-1231.51,-247.03,4.23774,3649.29,0
416.694,2981.74,-1230.06,-237.668,4.00888,3643.59,0
417.374,2965.72,-1261.68,-244.464,5.47164,3676.03,0
418.059,2981.99,-1273.88,-234.073,3.10647,3631.08,0
418.729,2976.43,-1243.86,-226.044,3.96146,3638.56,0
419.416,2989.41,-1251.03,-206.677,2.20262,3601.65,0
420.103,2994.25,-1261.23,-188.719,1.47259,3584.24,0
420.795,2993.85,-1222.05,-195.668,1.84448,3579.29,0
421.477,2998.16,-1216.45,-190.452,1.3079,3563.28,0
422.168,2969.52,-1217.6,-186.484,4.67371,3625.29,0
422.858,2996.18,-1250.43,-200.151,0.823145,3556.34,0
423.539,2996.29,-1202.83,-207.589,1.23112,3550.34,0
424.235,2968.53,-1215.46,-199.456,4.51718,3609.96,0
424.916,2939.84,-1209.1,-213.972,7.64734,3671.68,0
425.6,2948.53,-1210.55,-216.338,5.75139,3645.38,0
426.288,2954.83,-1221.65,-197.398,4.48967,3624.71,0
426.961,2945.04,-1229.02,-202.622,5.41098,3641.92,0
427.643,2958.68,-1234.54,-224.185,3.16181,3604.21,0
428.322,2963.19,-1242.71,-220.388,2.37519,3587.98,0
429.014,2953.63,-1218.19,-199.743,3.80054,3604.49,0
429.694,2930.66,-1214.35,-182.856,6.57856,3652.22,0
430.381,2937.31,-1224.01,-164.992,4.65771,3630.95,0
431.067,2948.16,-1194.24,-132.378,3.35231,3599.99,0
431.753,2949.58,-1194.66,-130.682,3.02036,3590.98,0
432.433,2961.25,-1182.91,-143.489,1.60949,3558.36,0
433.121,2954.71,-1172.39,-149.641,2.49196,3567.81,0
433.804,2936.33,-1172,-145.048,4.71296,3604.56,0
434.486,2968.43,-1151.41,-168.099,0.686153,3525.03,0
435.172,2939.53,-1119.13,-175.78,4.56769,3585.87,0
435.861,2949.59,-1098.06,-195.577,3.33063,3557.13,0
436.544,2936.01,-1096.88,-177.759,4.9466,3582.66,0
437.23,2924.85,-1116.65,-168.163,5.84944,3602.56,0
437.915,2905.83,-1117.36,-161.713,7.24129,3640.36,0
438.6,2876.99,-1123.62,-160.625,9.02479,3700.43,0
439.289,2887.02,-1122.07,-165.625,6.60089,3671.8,0
439.975,2881.57,-1145.89,-165.817,6.30391,3678.47,0
440.663,2895.8,-1146.79,-165.556,3.8586,3640.42,0
441.352,2886.62,-1133.35,-170.406,4.83878,3655.54,0
442.044,2894.64,-1144.74,-187.701,3.49031,3631.67,0
442.724,2910.62,-1148.23,-182.996,1.33479,3589.99,0
443.399,2884.24,-1136.83,-212.961,4.69172,3644.03,0
444.088,2900.49,-1155.79,-219.373,2.31288,3601.78,0
444.785,2887,-1137.56,-198.825,4.1853,3626.48,0
445.47,2880.2,-1135.03,-207.088,4.62601,3636.16,0
446.142,2861.5,-1118.56,-205.995,6.73576,3672.59,0
446.824,2870.83,-1102.71,-179.914,4.89234,3646.1,0
447.518,2877.48,-1097.2,-179.504,3.73723,3625.6,0
448.196,2886.03,-1099.96,-174.503,2.50875,3601.03,0
448.886,2896.79,-1129.46,-171.241,0.933448,3571.52,0
449.582,2895.75,-1119.74,-197.181,1.10048,3568.31,0
450.26,2871.01,-1129.6,-202.479,4.0792,3617.88,0
450.94,2855.47,-1110.94,-199.397,5.79987,3646.88,0
451.631,2859.3,-1109.47,-200.482,4.47252,3632.84,0
452.322,2874.36,-1121.15,-201.128,2.26176,3593.99,0
453.007,2869.61,-1103.12,-194.283,2.93416,3599.04,0
453.682,2867.6,-1125.46,-208.554,2.91038,3598.13,0
454.372,2887.14,-1137.56,-252.472,0.216626,3549.65,0
455.053,2861.13,-1129.28,-269.862,3.5331,3601.5,0
455.739,2872.79,-1134.64,-286.825,1.86738,3570.48,0
456.431,2882.69,-1121.99,-298.139,0.598555,3543.39,0
457.128,2869.51,-1137.46,-262.778,2.12264,3566.8,0
457.811,2847.45,-1128.44,-250.277,4.87201,3609.68,0
458.506,2860.57,-1132.68,-191.725,3.12312,3575.59,0
459.186,2840.93,-1108.36,-196.012,5.60004,3613.07,0
459.874,2833.97,-1089.99,-197.594,6.36272,3622.79,0
460.549,2858.69,-1121.12,-222.459,2.50473,3563.81,0
461.227,2862.97,-1143.83,-199.553,1.72502,3549.28,0
461.91,2835.11,-1152.53,-209.243,5.05779,3604.35,0
462.598,2841.55,-1159.31,-217.26,4.05839,3585.07,0
463.279,2825.25,-1142.37,-227.402,5.75332,3614.99,0
463.953,2824.72,-1153.84,-241.566,5.22999,3610.89,0
464.651,2800.63,-1156.4,-248.696,7.54074,3657.31,0
465.332,2806.14,-1148.61,-261.05,6.16884,3640.11,0
466.03,2782.54,-1152.22,-259.137,8.4486,3685.3,0
466.711,2769.62,-1147.42,-254.193,8.24112,3707.59,0
467.399,2760.65,-1150.45,-240.54,8.06381,3721.34,0
468.094,2779.1,-1141.35,-256.55,5.01114,3676.4,0
468.775,2787.53,-1110.95,-254.403,3.89888,3653.09,0
469.467,2808.27,-1093.14,-247.636,1.29689,3603.52,0
470.155,2814.65,-1090.02,-218.611,0.512436,3584.67,0
470.844,2802.51,-1134.18,-191.912,1.8048,3605.2,0
471.528,2809.7,-1109.26,-180.741,1.0078,3584.74,0
472.205,2804.43,-1135.21,-182.682,1.51424,3590.76,0
472.898,2760.27,-1119.64,-175.325,7.00233,3678.87,0
473.569,2740.96,-1134.07,-182.164,8.0926,3714.44,0
474.253,2744.13,-1136.92,-193.137,6.42522,3702.4,0
474.948,2761.3,-1137.09,-178.175,3.73873,3660.83,0
475.639,2750.54,-1145.51,-181.343,4.88559,3678.13,0
476.331,2773.01,-1133.2,-207.692,1.66777,3625.62,0
477.021,2770.63,-1126.87,-182.919,2.00463,3625.35,0
477.709,2767.97,-1160.05,-130.994,2.17034,3625.69,0
478.397,2751.17,-1149.31,-122.147,4.25602,3655.6,0
479.081,2740.6,-1160.27,-111.224,5.20877,3672.45,0
479.763,2730.25,-1151.4,-121.581,6.10646,3688.79,0
480.455,2726.99,-1146.4,-132.825,5.8174,3690.28,0
481.144,2739.4,-1127.78,-139.889,3.65857,3659.21,0
481.832,2743.75,-1139.11,-135.716,2.85945,3644.95,0
482.517,2735.53,-1178.81,-145.535,3.57387,3656.8,0
483.195,2738.54,-1205.61,-124.688,2.98909,3645.45,0
483.884,2747.04,-1191.35,-115.847,1.93734,3622.68,0
484.559,2748.05,-1194.03,-107.735,1.80513,3615.56,0
485.248,2746.49,-1205.87,-110.858,1.94402,3613.64,0
485.93,2747.09,-1208.45,-144.087,1.84132,3607.33,0
486.612,2751.91,-1213.42,-145.79,1.18247,3592.37,0
487.291,2749.79,-1225.44,-132.17,1.35003,3591.71,0
487.983,2722.55,-1262.03,-124.988,4.47626,3642.45,0
488.673,2722.74,-1265.01,-152.633,4.13861,3636.91,0
489.37,2728.57,-1281.09,-108.123,3.04102,3619.82,0
490.055,2699.6,-1290.18,-128.695,6.41346,3673.87,0
490.733,2701.78,-1280.29,-133.383,5.25264,3664.35,0
491.415,2679.68,-1269.84,-102.799,7.22725,3704.25,0
492.106,2674.92,-1302.92,-99.442,6.60558,3708.7,0
492.792,2693.19,-1305.54,-100.009,3.84539,3666.47,0
493.476,2701.96,-1326.69,-99.3549,2.53551,3643.62,0
494.17,2684.63,-1323.88,-89.8032,4.57771,3673.57,0
494.865,2686.4,-1344.73,-97.597,4.08379,3664.85,0
495.549,2661.21,-1335.59,-84.7524,6.8241,3710.62,0
496.235,2664.62,-1352.17,-77.7337,5.70067,3698.62,0
496.921,2659.86,-1335.95,-75.1496,5.87365,3703.09,0
497.61,2657.97,-1346.95,-81.8352,5.3616,3701.75,0
498.29,2663.35,-1352.66,-119.26,4.24313,3685.91,0
498.966,2672.02,-1346.35,-137.374,2.79093,3663.53,0
499.65,2667.58,-1348.29,-145.799,3.31617,3667.4,0
500.33,2651.73,-1325.97,-167.448,5.35314,3694.1,0
501.015,2642.72,-1322.16,-173.556,5.70184,3707.03,0
501.705,2639.05,-1326.74,-174.04,5.41872,3709.25,0
502.399,2641.01,-1320.55,-157.939,4.68539,3700.23,0
503.082,2635.71,-1323.74,-150.791,5.1097,3705.73,0
503.767,2617.09,-1333.58,-148.887,6.75815,3737.65,0
504.455,2635,-1335.51,-141.055,3.86133,3697.06,0
505.143,2639.09,-1355.36,-152.121,3.19344,3683.93,0
505.823,2623.01,-1349.22,-152.724,5.07642,3710.76,0
506.512,2627.11,-1302.32,-149.95,4.29813,3697.63,0
507.201,2646.81,-1312.26,-178.214,1.61331,3653.76,0
507.879,2631.87,-1333.45,-159.192,3.26951,3678.29,0
508.567,2627.63,-1342.2,-154.093,3.78535,3681.66,0
509.256,2641.1,-1350.8,-150.491,1.97998,3650.22,0
509.936,2630.45,-1361.08,-147.509,3.25596,3666.25,0
510.612,2627.52,-1348.22,-129.047,3.49649,3667.13,0
511.304,2617.78,-1326.85,-145.054,4.59584,3681.22,0
512.001,2613.48,-1337.22,-162.437,4.68483,3684.61,0
512.68,2617.18,-1319.38,-166.105,4.07314,3672.51,0
513.345,2613.29,-1309.67,-183.575,4.33135,3675.32,0
514.035,2622.9,-1326.31,-177.729,2.86608,3651.69,0
514.72,2624.83,-1337.6,-180.669,2.50496,3643.08,0
515.405,2625.11,-1329.61,-175.514,2.41225,3637.71,0
516.089,2631.45,-1316.33,-183.621,1.48062,3620.59,0
516.786,2608.15,-1324.48,-165.601,4.45075,3660.79,0
517.464,2621.02,-1293.99,-188.946,2.76276,3631.14,0
518.157,2631.33,-1321.75,-192.224,1.18368,3606.38,0
518.836,2597.82,-1319.41,-217.179,5.53293,3666.24,0
519.521,2607.34,-1336.57,-225.725,3.91205,3643.09,0
520.207,2597.76,-1348.79,-221.999,4.96199,3656.7,0
520.901,2626.07,-1370.49,-232.327,1.00095,3597.47,0
521.576,2597.99,-1370.81,-227.445,4.64734,3646.66,0
522.261,2624.84,-1342.99,-223.79,1.06565,3590.47,0
522.943,2621.48,-1307.75,-202.729,1.58191,3592.21,0
523.629,2613.67,-1302.87,-233.305,2.58912,3602.41,0
524.319,2617.28,-1301.34,-191.418,2.10152,3590.79,0
525,2602.8,-1308.05,-191.176,3.67051,3613.71,0
525.688,2591.24,-1305.72,-200.543,4.87678,3630.97,0
526.375,2592.79,-1289.3,-193.472,4.30179,3623.29,0
527.061,2603.3,-1309.53,-188.598,2.73206,3598.64,0
527.738,2616.33,-1333.04,-170.12,0.845053,3569.33,0
528.412,2611.4,-1291.95,-175.45,1.57931,3574.1,0
529.086,2594.8,-1281.3,-173.182,3.72072,3600.93,0
529.769,2592.19,-1281.64,-187.078,3.6574,3601.21,0
530.449,2616.96,-1317.9,-206.79,0.183585,3549.89,0
531.132,2600.48,-1343.43,-210.556,2.31776,3576.36,0
531.822,2605.65,-1369.75,-209.407,1.36537,3562,0
532.511,2592.01,-1365.86,-208.353,3.17596,3583,0
533.199,2585.11,-1363.6,-211.08,3.91368,3591.32,0
533.875,2565.92,-1396.83,-206.996,5.96663,3622.72,0
534.555,2574.14,-1410.55,-191.999,4.05749,3602.73,0
535.241,2564.67,-1393.85,-177.44,5.01604,3615.81,0
535.922,2563.31,-1391.22,-177.012,4.77284,3613.75,0
536.61,2544.72,-1382.78,-192.998,6.92962,3643.77,0
537.292,2551.74,-1388.4,-187.145,5.16173,3626.07,0
537.989,2558.49,-1386.24,-194.029,3.93496,3608.83,0
538.668,2561.12,-1392.49,-194.485,3.28782,3599.39,0
539.352,2557.26,-1403.51,-206.428,3.60022,3601.99,0
540.045,2575.76,-1402.64,-242.255,1.14527,3563.12,0
540.726,2569.89,-1413.89,-236.445,1.87037,3569.48,0
541.402,2545.03,-1421.3,-252.35,4.81895,3610.95,0
542.093,2559.42,-1432.6,-242.251,2.72259,3579.79,0
542.771,2571.77,-1433.67,-228.352,1.0077,3552.57,0
543.447,2541.21,-1434.79,-241.849,4.90048,3604.39,0
544.148,2563.86,-1435.48,-241.171,1.73362,3558.11,0
544.83,2566.62,-1426.46,-221.377,1.31407,3548.59,0
545.513,2559.19,-1431.55,-241.422,2.23511,3557.77,0
546.199,2544.78,-1430.84,-243.03,3.99396,3579.68,0
546.887,2524.71,-1434.33,-233.965,6.06206,3611.88,0
547.56,2510.67,-1421.62,-231.719,6.91278,3633.08,0
547.754,2499.85,-1424.43,-243.041,8.05854,3651.56,0
