0.6821,4519.08,-49.0222,111.652,0.758199,-27970.6,0
1.3692,4505.85,-35.7034,80.5607,4.22378,-4270.85,0
2.07137,4500.52,-46.0865,89.3792,3.64016,-253.365,0
2.75835,4500.83,-43.3159,110.117,2.39548,-302.577,0
3.44356,4483.07,-64.8886,92.7633,4.36817,4915.65,0
4.13153,4474.76,-51.6928,82.1843,5.91368,6108.83,0
4.80778,4461.21,-43.2256,97.2207,6.13954,8067.53,0
5.50053,4454.66,-22.5594,86.9271,6.84131,8243.41,0
6.17799,4461.26,-23.8131,118.176,3.44349,6271.34,0
6.86054,4463.26,-14.5982,126.836,2.54847,5354.54,0
7.55138,4453.08,-34.2877,138.778,2.40786,6213.21,0
8.24144,4467.53,-2.04582,133.175,1.58033,3940.38,0
8.93943,4475.61,10.7817,138.247,0.290776,2728.87,0
9.62492,4467.37,13.5072,109.677,3.04704,3390.02,0
10.3155,4441.65,-2.28015,126.706,4.39159,5656.9,0
10.9997,4418.25,8.76661,95.5214,8.13756,7432.29,0
11.6894,4441.7,26.2102,82.1339,5.76122,4987.25,0
12.3762,4439.66,14.0088,84.4532,5.49249,4875.67,0
13.0607,4454.86,6.26606,80.6768,4.09117,3456.4,0
13.7428,4437.72,23.5283,75.1432,5.40344,4531.86,0
14.4247,4436.67,31.2991,65.5636,5.40376,4390.08,0
15.1092,4448.8,34.3284,46.4566,4.79471,3388.64,0
15.7946,4456.7,35.0586,43.9104,3.80141,2741.74,0
16.4678,4457.88,58.1505,23.9482,3.11242,2557.91,0
17.1576,4461.73,56.8778,22.2353,2.81701,2230.66,0
17.8447,4462.1,61.0753,35.5374,2.01323,2123.95,0
18.5202,4431.71,44.5476,29.0865,6.02043,3687.39,0
19.2061,4426.15,35.1127,52.9849,5.06405,3845.21,0
19.8948,4438.91,52.1752,28.3068,3.90261,3070.7,0
20.5791,4434.89,42.0789,29.9225,4.33277,3164.09,0
21.271,4457.32,37.8088,5.66521,2.91534,2006.26,0
21.9509,4438.54,33.0556,28.7362,4.16315,2799.8,0
22.6399,4461.3,46.5698,32.0597,1.03681,1709.38,0
23.321,4444.42,32.3953,45.7881,2.62246,2383.34,0
24.006,4426.53,35.1821,66.5716,2.71848,3060.62,0
24.6805,4432.32,53.532,64.5059,1.46375,2742.2,0
25.3596,4434.2,41.4271,76.3768,1.05004,2594.64,0
26.0462,4431.38,33.0526,43.1814,3.62459,2634.62,0
26.738,4429.95,36.9891,36.3536,3.85019,2619.83,0
27.4199,4420.46,41.8586,19.3007,4.71493,2900.81,0
28.1006,4451.72,53.4028,0.950417,0.993307,1718.09,0
28.7806,4467.68,27.4619,13.4814,1.01865,1122.9,0
29.4643,4448.86,9.02081,-9.03947,3.95088,1735.59,0
30.1572,4428.95,16.5285,-14.5531,4.9972,2356.14,0
30.8449,4417.96,10.3581,-22.8937,5.49118,2659.75,0
31.5248,4411.6,17.6019,-28.5909,5.11468,2804.1,0
32.2224,4429.59,2.61174,-17.239,4.31083,2185.25,0
32.9136,4464.07,-29.2511,1.21419,0.147468,1091.62,0
33.6003,4444.64,-47.3996,8.37207,0.652643,1647.57,0
34.2845,4411.91,-45.1316,0.985198,3.93329,2569.29,0
34.9721,4390.85,-43.1112,-11.0516,5.44282,3120.97,0
35.6567,4389.56,-21.8381,-33.3312,5.58168,3097.44,0
36.3318,4399.21,-0.426052,-51.39,3.27365,2774.1,0
37.0274,4413.94,-24.6112,-48.5,1.57664,2324.17,0
37.708,4412.15,-15.4852,-44.5429,2.23525,2329.87,0
38.3942,4401.88,-28.1379,-28.1432,3.58499,2555.52,0
39.0673,4386.67,-22.4302,-46.4958,4.07896,2900.97,0
39.7485,4374.71,-35.3413,-51.7234,4.00361,3152.04,0
40.4323,4377.31,-28.1847,-39.5724,4.63254,3034.42,0
41.1076,4382.96,-39.2804,-41.9422,3.08292,2847.2,0
41.7944,4384.61,-30.2719,-18.8619,4.54287,2760.78,0
42.4752,4375.49,-29.4273,0.729499,5.45078,2931.37,0
43.1677,4406.76,-37.8742,-8.66339,1.54174,2159.88,0
43.846,4397.37,-31.142,1.40308,3.06161,2340.76,0
44.5292,4379.66,-8.67374,3.62958,5.98946,2702.48,0
45.2127,4382.22,-4.56383,5.93199,5.21221,2605.09,0
45.8986,4383.89,-5.62666,-19.4912,3.54734,2529.73,0
46.5842,4392.39,18.4802,-46.1334,0.366364,2309.95,0
47.2611,4364.71,43.3464,-48.6278,1.80375,2862.52,0
47.951,4342.33,77.8403,-50.94,1.66086,3288.06,0
48.6444,4342.29,76.1138,-67.9777,0.892662,3242.07,0
49.3306,4317.17,83.2698,-27.3314,4.46063,3706.15,0
50.0056,4318.77,78.686,-14.1101,4.53319,3624.19,0
50.6891,4336.04,85.2477,-28.1394,1.94461,3234.6,0
51.3788,4332.5,100.837,-0.000464729,1.22589,3260.17,0
52.0613,4305.43,79.6265,-10.7659,5.25817,3737.28,0
52.75,4316.89,90.2751,-9.87578,2.56332,3471.37,0
53.4299,4315.39,83.7886,-10.7248,3.09207,3455.27,0
54.1142,4307.94,100.411,-15.296,2.23469,3549.22,0
54.8001,4321.19,102.597,-26.3475,0.519571,3262.94,0
55.4836,4281.36,127.508,-36.2797,2.09262,3940.54,0
56.1621,4283.6,119.294,-50.8458,2.14486,3853.12,0
56.8586,4264.19,130.868,-42.5044,3.20318,4147.23,0
57.5472,4241.63,149.179,-41.8065,3.68524,4489.74,0
58.2327,4269.35,148.543,-20.6691,1.22264,3960.85,0
58.9275,4261.43,143.381,-18.8914,2.62295,4048.59,0
59.6148,4253.94,132.785,-49.9588,3.64273,4127.43,0
60.3052,4270.21,112.7,-66.5505,2.91855,3810.48,0
60.9842,4267.21,115.56,-101.132,1.03299,3817.14,0
61.6676,4267.61,97.8803,-124.86,0.499334,3768.45,0
62.3492,4241.23,98.3996,-125.224,3.21472,4150.32,0
63.0418,4229.3,91.566,-135.344,3.80468,4293.94,0
63.73,4244.37,99.0799,-144.916,0.784444,4011.18,0
64.4122,4246.43,93.3947,-136.778,1.53741,3936.74,0
65.0943,4230.27,77.4793,-160.019,2.03306,4143.75,0
65.7781,4229.07,93.5464,-171.474,0.311078,4118.84,0
66.4726,4225.07,107.655,-136.59,3.08941,4135.92,0
67.1481,4233.43,141.632,-123.896,0.628754,3969.95,0
67.83,4219.3,134.767,-130.515,2.18938,4138.25,0
68.5172,4205.44,147.281,-102.472,4.5568,4299.09,0
69.218,4219.39,131.526,-107.646,3.90906,4054.04,0
69.9081,4245.71,118.319,-108.899,2.03667,3637.53,0
70.5878,4246.33,116.108,-94.3616,2.98079,3593.63,0
71.2858,4264.44,80.1176,-107.919,2.59618,3304.43,0
71.9727,4274.49,105.938,-85.3834,1.30487,3133.29,0
72.6556,4275.73,112.163,-92.3607,0.227907,3086.79,0
73.3354,4288.98,98.684,-77.7767,0.772244,2877.52,0
74.0183,4269.33,113.216,-65.5533,2.31314,3116.42,0
74.705,4247.94,111.865,-73.9217,4.05225,3374.13,0
75.3928,4254.39,112.094,-84.8989,2.60283,3257.71,0
76.0761,4258.87,115.778,-85.6073,1.73776,3169.63,0
76.762,4253.12,110.076,-82.7178,2.88091,3216.12,0
77.4422,4229.03,114.872,-70.6702,5.41955,3498.97,0
78.1238,4233.94,112.022,-101.335,3.02858,3405.66,0
78.8205,4246.72,104.973,-110.213,1.5447,3213.32,0
79.5161,4241.31,92.1208,-125.151,1.76354,3253.31,0
80.1964,4248.9,94.5453,-110.367,1.96596,3131.09,0
80.8769,4238.28,87.9161,-113.988,3.03757,3236.07,0
81.5629,4236.25,92.9569,-126.69,1.74302,3233.71,0
82.2511,4235.79,102.902,-117.597,1.84185,3212.2,0
82.9475,4243.91,88.3959,-113.633,2.18365,3087.41,0
83.6351,4236.64,103.95,-125.374,0.917097,3148.9,0
84.3242,4243.01,84.4214,-83.6435,4.65363,3047.67,0
85.007,4248.71,101.007,-83.0641,2.66846,2956.07,0
85.6948,4230.52,92.0044,-72.5423,5.56922,3144.64,0
86.3774,4237.67,96.8006,-68.9384,4.27276,3037.05,0
87.0594,4259.9,84.3521,-77.0015,2.40303,2757.93,0
87.7508,4238.92,69.8788,-72.2499,5.49178,2975.29,0
88.4354,4237.73,59.1659,-53.9534,6.64444,2965.71,0
89.1134,4230.24,61.3328,-48.3556,6.31645,3027.17,0
89.7957,4241.77,54.7843,-66.4881,4.11017,2875.72,0
90.4791,4231.47,50.7025,-63.5965,5.214,2967.9,0
91.1651,4250.72,51.2971,-91.1098,0.959869,2734.33,0
91.8488,4249.06,86.3118,-67.6077,0.57581,2732.07,0
92.538,4248.99,85.7622,-27.4801,2.53459,2712.51,0
93.2308,4229.11,97.8277,3.14738,3.65565,2905.57,0
93.9141,4210.17,101.559,-17.8647,4.8759,3086.09,0
94.6066,4191.15,125.993,-15.1065,3.95198,3264.54,0
95.2944,4190.82,145.207,15.8459,1.60578,3244.49,0
95.9769,4195.13,132.393,-3.21877,2.66202,3176.53,0
96.6713,4189.8,127.919,-16.7574,3.57682,3208.82,0
97.3597,4192.64,136.949,-5.40409,2.21881,3157,0
98.0538,4207.07,114.505,2.08285,3.08812,2987.44,0
98.7428,4226.5,93.2074,-28.3339,2.90155,2769.81,0
99.4299,4231.15,108.975,-30.7677,0.711014,2703.95,0
100.116,4234.01,81.677,-30.2737,3.11879,2656.82,0
100.798,4241.55,57.6193,-38.0889,3.98876,2564.08,0
101.485,4251.85,58.6742,-0.544745,3.85457,2445.21,0
102.166,4241.28,39.8375,18.9748,5.86659,2532.34,0
102.853,4229.28,32.8881,22.1915,6.991,2632.11,0
103.54,4246.34,34.1837,15.7136,5.1842,2449.89,0
104.222,4237.57,41.4108,1.41623,5.23103,2517.98,0
104.911,4252.81,37.4646,0.405563,3.97617,2356.14,0
105.595,4248.16,17.6028,1.96065,5.78184,2384.98,0
106.276,4230.82,4.85473,3.33383,7.81385,2532.84,0
106.957,4233.68,2.78722,2.18882,7.0995,2490,0
107.637,4243.31,-7.22771,9.569,4.76526,2384.83,0
108.321,4259.59,-10.1869,-8.54056,3.06125,2219.45,0
109.009,4241.58,-11.9832,13.3111,4.05681,2370.58,0
109.698,4234.41,-44.5903,-1.3072,2.08908,2421.12,0
110.38,4204.67,-38.4212,-32.0752,4.19757,2675.59,0
111.054,4209.03,-58.1572,-40.7853,1.42891,2620.06,0
111.733,4192.45,-49.0131,-43.4597,3.55565,2752.53,0
112.422,4213.56,-50.9747,-17.7474,2.71214,2547.93,0
113.108,4252.17,-19.1283,-30.5804,0.941597,2191.14,0
113.792,4247.17,-4.65602,-10.8883,3.79835,2221.84,0
114.464,4218.08,10.4587,-5.46298,5.98824,2462.95,0
115.157,4209.53,15.4594,-29.4289,3.92765,2522.39,0
115.843,4214.02,15.8488,-25.5783,3.73618,2468.71,0
116.533,4243.13,4.29186,-14.6383,2.51142,2204.29,0
117.219,4247.25,6.98918,2.59281,2.73954,2156.24,0
117.897,4224.54,16.9654,35.5672,1.67865,2336.44,0
118.59,4208.18,3.5639,25.9987,4.58073,2460.75,0
119.274,4191.38,-4.64649,28.285,5.37276,2587.45,0
119.962,4188.63,-1.4003,29.5084,5.1765,2595.56,0
120.645,4206.85,5.6862,28.5698,3.34396,2429.82,0
121.328,4185.31,36.4592,58.7014,0.915354,2593.73,0
122.011,4167.72,30.2097,79.2094,0.792803,2723.35,0
122.703,4155.87,7.27025,50.5242,5.6698,2804.53,0
123.397,4147.75,25.9827,52.5938,4.82822,2854.64,0
124.096,4171.38,15.4154,51.8657,2.95271,2648.13,0
124.778,4158.79,18.5234,37.2718,5.13998,2734.51,0
125.47,4166.28,43.7938,4.25432,3.82299,2659.77,0
126.165,4161.68,28.1281,-11.5826,5.42348,2681.59,0
126.86,4162.97,22.3083,-13.2241,5.57702,2656.74,0
127.546,4175.64,24.2807,-20.0749,3.55391,2543.12,0
128.235,4201.37,25.8998,-6.39121,1.7251,2328.78,0
128.93,4192.87,-6.95678,-5.00243,4.27517,2382.15,0
129.615,4169.56,4.25901,17.074,4.95284,2549.41,0
130.299,4174.73,-8.35074,38.305,1.9358,2496.37,0
130.992,4154.97,-16.3244,53.3659,1.74972,2633.94,0
131.676,4168.23,-9.92086,46.6089,1.47209,2519.57,0
132.365,4174.99,-34.3596,20.1421,1.73846,2455.38,0
133.044,4144.8,-53.0283,28.3714,2.06004,2669.81,0
133.72,4107.76,-55.5452,5.29325,5.53421,2933.27,0
134.396,4093.97,-55.9981,-11.015,6.26252,3021.13,0
135.078,4099.06,-39.2598,-22.7115,6.71536,2968.18,0
135.759,4100.55,-28.9304,-9.34555,7.58126,2942.35,0
136.438,4104.75,-20.7151,-4.77287,7.43225,2896.94,0
137.127,4093.52,-15.6751,4.52692,7.84535,2964.24,0
137.809,4088.93,0.159488,5.3149,8.47595,2982.93,0
138.488,4080.47,-7.10923,-0.496444,7.67586,3029.36,0
139.174,4094.03,-7.53675,13.2034,4.51663,2916.99,0
139.864,4070.06,-15.846,8.12225,5.99381,3074,0
140.557,4093.04,-15.5476,9.53244,3.61415,2895.36,0
141.247,4083.85,4.36142,2.69837,5.8719,2946.29,0
141.937,4091.67,29.3457,-3.13717,1.55941,2876.83,0
142.623,4072.72,23.2579,9.65633,3.75277,2995.9,0
143.317,4068.89,43.338,27.3107,0.264153,3008.12,0
144.005,4040.87,15.4751,22.4451,5.78238,3188.25,0
144.692,4036,17.2147,25.2532,5.0136,3206.83,0
145.369,4013.79,12.5901,37.5999,4.94708,3344.65,0
146.038,4004.36,-11.7506,49.1029,3.84888,3393.92,0
146.722,3993.72,-8.35286,60.3953,2.91978,3450.58,0
147.397,3964.3,1.93495,72.5122,2.75235,3634.38,0
148.077,3969.78,14.7432,69.814,2.51076,3580.69,0
148.766,3958.34,29.472,78.2655,0.965382,3641,0
149.449,3956.8,19.4816,84.029,0.436835,3634.69,0
150.137,3931.41,-9.30583,86.9646,2.30431,3787.15,0
150.827,3903.32,-9.29858,84.748,5.07634,3956.04,0
151.513,3937.69,5.18678,74.9724,4.15742,3711.31,0
152.206,3965,2.65866,77.0783,1.31593,3514.99,0
152.888,3941.68,9.95713,88.5211,0.932764,3651.79,0
153.573,3941.46,27.6383,83.1847,1.16553,3636.98,0
154.252,3918.14,13.7823,97.7594,0.751424,3772.16,0
154.936,3913.13,8.7904,90.3018,2.87498,3787.85,0
155.608,3900.01,10.593,88.0839,4.24771,3855.77,0
156.292,3910.25,39.3393,61.4028,6.1056,3773.41,0
156.988,3895.52,48.1021,59.627,5.48159,3850.46,0
157.67,3892.34,56.9513,44.6095,5.88928,3853.96,0
158.348,3857.65,84.4883,57.1814,1.76336,4056.54,0
159.039,3824.24,87.1346,47.1352,4.87011,4249.05,0
159.723,3853.84,79.8217,37.6444,5.05207,4045.49,0
160.413,3857.32,92.0718,10.7721,3.57299,4006.39,0
161.098,3871.21,84.9366,-2.54018,4.06787,3903.15,0
161.778,3851.62,91.4114,-18.2226,3.53601,4007.87,0
162.47,3871.82,67.8212,-24.0325,6.75569,3866.43,0
163.156,3863.44,64.849,1.76591,7.57769,3901.55,0
163.837,3846.69,69.1528,-10.5951,6.69531,3987.55,0
164.518,3875.76,65.2848,-14.4146,4.57785,3794.37,0
165.19,3893.43,53.036,-2.1361,6.18018,3671.97,0
165.877,3898.19,37.0971,-14.2785,8.01476,3628.04,0
166.56,3878.23,41.1777,-6.48174,7.16045,3732.99,0
167.237,3894.86,35.5531,3.67617,6.75755,3618.46,0
167.928,3878.32,50.1815,-4.15677,3.81352,3702.03,0
168.62,3866.48,62.264,-9.78524,1.6417,3757.08,0
169.302,3876.12,56.0696,2.16424,2.47587,3685.01,0
169.99,3860.86,45.3645,7.801,5.41846,3759.88,0
170.68,3843.53,8.93418,20.2768,10.4671,3846.17,0
171.363,3795.01,-2.19381,19.9174,1.23508,4114.04,0
172.048,3745.84,9.86249,10.6879,5.55851,4383.42,0
172.745,3732.77,22.4148,-5.23268,3.19681,4441.4,0
173.437,3723.22,-2.72664,8.29722,7.84773,4478.74,0
174.127,3720.45,-7.41446,2.26642,7.503,4476.93,0
174.808,3740.32,12.1135,1.40541,4.08578,4345.81,0
175.497,3740.96,15.9481,-0.515941,2.44442,4325.12,0
176.179,3721,5.71257,3.19494,6.19895,4421.65,0
176.864,3724.11,-8.87378,5.02113,4.05611,4386.96,0
177.558,3741.17,3.18947,7.6626,3.66504,4273.69,0
178.234,3732.71,-10.1462,0.444255,3.45698,4304.97,0
178.921,3749.08,-4.86353,-1.18129,4.33412,4196.93,0
179.597,3714.86,-16.5558,-1.4263,1.58298,4371.69,0
180.287,3722.21,-10.4178,-2.89642,3.64215,4314.18,0
180.963,3703.61,-9.24019,3.91895,4.44453,4400.86,0
181.634,3725.8,1.13938,16.6032,0.721944,4262.41,0
182.313,3742.98,9.93041,-7.71951,1.45605,4152.34,0
183.003,3762.08,7.21928,1.20377,2.28715,4032.28,0
183.693,3777.3,1.25801,11.1783,0.205894,3934.26,0
184.384,3781.13,-8.97986,2.86095,0.612548,3898.76,0
185.074,3800.11,-1.25524,-4.64416,1.04032,3781.67,0
185.757,3784.28,-6.52312,7.02315,0.481873,3853,0
186.434,3782.53,4.88256,-8.87772,0.314095,3848.38,0
187.121,3787.04,-1.90873,0.443619,2.52161,3810.17,0
187.8,3790,0.694678,0.252452,2.76333,3780.6,0
188.494,3785.84,8.7818,-1.50083,0.475384,3788.76,0
189.17,3777.21,-0.918861,-0.914251,3.43291,3820.85,0
189.86,3753.91,4.68147,4.52484,2.85508,3929.7,0
190.543,3780.45,5.81808,-2.29611,1.48351,3776.32,0
191.222,3758.43,7.06318,-3.71328,2.08466,3878.06,0
191.899,3763.86,-8.21079,9.451,0.302046,3836.11,0
192.59,3764.41,1.7125,-1.49399,3.5928,3819.46,0
193.273,3758.12,4.05571,-5.95128,2.38177,3838.5,0
193.963,3755.1,1.47448,-0.134667,4.42621,3840.41,0
194.649,3747.44,1.53979,-0.186765,4.66986,3866.21,0
195.325,3724.7,7.46413,-9.40543,1.91393,3969.25,0
196.005,3752.33,-3.36196,-2.71849,3.35615,3814.56,0
196.683,3778.16,-7.08799,3.89135,0.722473,3670.09,0
197.369,3783.14,1.41971,-1.65171,2.31127,3632.06,0
198.049,3790.62,4.15007,0.177082,1.31988,3581.81,0
198.738,3769.98,-1.05918,-0.46452,3.44089,3673.27,0
199.431,3745.85,4.58596,4.38164,2.88994,3781.49,0
200.122,3751.58,-3.50236,2.70239,3.22807,3739.83,0
200.805,3752.98,9.20254,0.855957,1.2921,3720.11,0
201.487,3719.91,-4.89601,-12.9066,1.15148,3871.66,0
202.16,3735.74,7.49142,-5.244,2.29528,3780.45,0
202.857,3764.78,-2.22722,-8.75043,0.954938,3624.31,0
203.538,3750.82,9.74698,-4.78298,1.04529,3680.81,0
204.21,3749.04,5.75999,4.67764,2.237,3677.38,0
204.888,3784.2,-6.0149,-2.90911,0.616698,3493.6,0
205.562,3782.7,0.0107103,8.14024,0.188435,3489.43,0
206.247,3789.1,-0.704805,-5.61996,0.49974,3446.85,0
206.937,3782.34,-0.917632,3.23627,1.58391,3468.02,0
207.625,3804.46,3.19081,1.93112,0.328466,3349.96,0
208.316,3794.99,-2.64245,-2.87024,0.779304,3384.34,0
208.994,3810.62,2.56732,1.08347,0.209099,3298.58,0
209.68,3800.77,-1.8363,-5.03244,0.0315419,3334.74,0
210.364,3781.44,1.12209,-3.65993,1.46239,3415.82,0
211.044,3779.82,-2.33774,-3.11915,1.49958,3412.47,0
211.725,3787.87,1.11321,-0.570496,1.89744,3363.48,0
212.411,3802.63,2.46103,0.871012,0.616642,3283.13,0
213.096,3801.25,0.0550556,2.21759,0.810668,3279.04,0
213.783,3813.34,-0.963605,-1.24799,0.358373,3211.95,0
214.469,3775.93,-4.29882,3.09606,1.29135,3376.09,0
215.159,3772.37,-5.30723,-3.83676,1.01976,3381.82,0
215.837,3769.18,-2.35834,0.219295,2.46057,3386,0
216.524,3751.48,-1.94966,-3.08108,2.95802,3456.99,0
217.2,3709.86,4.15849,-9.83778,2.34224,3637.83,0
217.882,3724.6,5.34523,7.09054,2.30134,3558.8,0
218.576,3711.4,-1.69392,-5.55444,4.16877,3607.9,0
219.258,3730.93,0.524767,-2.25963,4.8733,3507.61,0
219.94,3746.86,9.21138,-7.45259,0.648143,3424.29,0
220.621,3773.22,5.14602,3.67383,1.14187,3294.27,0
221.297,3758.82,-4.79168,7.27264,1.13533,3349.25,0
221.983,3754.71,-2.53268,-10.447,0.5328,3357.4,0
222.66,3787.49,-0.105683,-1.13086,1.87082,3200.01,0
223.339,3794.35,-2.79478,-1.49642,0.867127,3159.55,0
224.034,3776.28,4.68098,1.5631,1.29969,3230.4,0
224.722,3791.35,-2.42078,-5.2118,0.278961,3153.44,0
225.405,3763.63,-2.5562,-0.594929,2.78705,3266.89,0
226.092,3770.57,5.65851,-2.85021,1.20721,3226.26,0
226.768,3756.04,6.68119,-5.7832,1.08719,3280.71,0
227.456,3761.57,2.77681,-4.58443,1.90831,3246.45,0
228.139,3714.74,-9.04279,-0.929664,2.80099,3442,0
228.833,3740.97,4.79884,-8.82796,1.20631,3316.94,0
229.524,3733.75,1.83298,0.0330739,4.52561,3338.43,0
230.21,3730.2,-8.01335,-5.5827,1.59533,3343.92,0
230.905,3719.15,-0.959228,2.36313,4.77047,3381.69,0
231.588,3715.05,14.1072,1.0664,0.141612,3389.43,0
232.286,3735.71,-10.1888,3.91316,0.686657,3290.29,0
232.974,3729.25,-1.70072,10.5478,1.04762,3308.29,0
233.658,3708.19,4.41576,-4.92205,3.51991,3388.77,0
234.347,3693.68,7.57983,8.03455,1.69882,3440.71,0
235.034,3686.58,1.08845,3.77617,5.14869,3460.84,0
235.707,3689.55,6.30619,-3.45875,3.47215,3438.38,0
236.398,3670.61,-6.44161,0.910021,4.47461,3508.44,0
237.089,3661.4,-1.29861,10.3222,2.63409,3537.06,0
237.785,3678.96,1.91775,-13.0251,0.706403,3452.88,0
238.481,3711.95,3.52702,-8.61799,1.49453,3304.45,0
239.169,3703.61,-9.98985,4.57364,1.23622,3329.82,0
239.854,3693.4,-8.93637,4.25795,1.8088,3362.88,0
240.539,3689.74,-2.0825,1.78647,5.15467,3368.54,0
241.221,3686.83,6.45967,2.01075,3.03581,3371.06,0
241.918,3691.65,0.997513,2.03097,4.79114,3341.4,0
242.609,3689.17,-5.38163,1.44544,3.24637,3342.12,0
243.297,3670.42,7.0634,4.27229,2.19199,3409.76,0
243.988,3689.38,7.58557,-3.27511,1.49181,3322.36,0
244.672,3658.85,0.576173,10.6901,0.668215,3437.86,0
245.359,3634.99,-5.26721,-5.24797,7.61098,3525.48,0
246.042,3616.45,6.59407,3.30806,2.96448,3591.04,0
246.722,3586.41,15.1739,-0.988654,6.10381,3702.9,0
247.4,3581.39,42.0931,1.37321,6.07942,3713.07,0
248.082,3564.54,42.4594,0.338838,3.7099,3770.78,0
248.761,3571.51,20.8338,8.74039,1.36902,3732.47,0
249.446,3560.48,-5.44326,30.2409,7.63612,3766.43,0
250.131,3541.59,9.92788,49.4295,5.09445,3831.65,0
250.814,3536.18,6.72241,33.5775,2.15166,3842.75,0
251.503,3532.83,15.9643,18.8149,7.1365,3845.57,0
252.188,3534.96,23.6818,9.90021,3.59546,3826.66,0
252.877,3534.71,23.2259,13.8578,3.03963,3817.25,0
253.564,3527.35,19.0817,-6.2228,1.32995,3835.92,0
254.256,3501.9,21.0685,-4.10153,3.22393,3925.59,0
254.904,3469.47,5.81555,-3.65237,9.92768,4042.82,1
