0.690339,4465,231.389,-858.481,3.56322,50701,0
1.37982,4457.61,246.384,-844.16,4.49634,30724.6,0
2.05546,4457.72,259.494,-827.244,4.40859,20567.6,0
2.74297,4458.21,260.842,-830.297,3.9994,15234.4,0
3.42029,4459.54,264.726,-805.585,3.98761,11830.5,0
4.09736,4469.07,263.206,-836.705,2.13025,7549.4,0
4.78754,4453.63,287.208,-838.435,3.77238,9685.74,0
5.46374,4434.89,263.683,-842.151,5.78923,11916.6,0
6.15483,4425.06,285.283,-856.35,6.03538,12175.6,0
6.84494,4410.5,269.013,-861.561,6.68144,13075.4,0
7.53891,4407.5,275.955,-859.514,6.47693,12269.8,0
8.22225,4398.49,267.899,-849.176,7.08754,12346.3,0
8.89993,4401.92,277.707,-844.669,6.03955,11020.9,0
9.58764,4410.14,267.918,-849.712,4.38951,9372.04,0
10.2711,4411.53,252.823,-836.577,4.22109,8613.31,0
10.9482,4410.52,258.399,-833.036,4.04203,8172.88,0
11.6375,4423.15,266.607,-842.069,2.10759,6603.96,0
12.3319,4433.19,269.123,-802.355,1.50668,5417.47,0
13.0186,4429.13,234.855,-789.45,2.47029,5443.97,0
13.7067,4421.91,261.203,-796.237,3.07026,5697.23,0
14.3916,4397.86,260.3,-771.496,6.24937,7097.04,0
15.0744,4384.26,263.719,-765.964,7.31651,7677.62,0
15.7662,4411.92,271.632,-757.584,3.41848,5586.37,0
16.4486,4423.67,274.364,-759.425,1.793,4640.31,0
17.135,4420.58,260.021,-734.108,2.8432,4634.93,0
17.8174,4412.33,264.661,-734.416,3.726,4920.39,0
18.5112,4436.63,283,-724.574,0.63742,3423.32,0
19.1866,4423.51,268.956,-721.461,2.41628,3986.71,0
19.8697,4414.04,264.148,-721.123,3.47864,4325.93,0
20.5465,4407.7,229.039,-726.319,4.24485,4492.04,0
21.2341,4421.56,209.302,-720.598,2.51494,3693.91,0
21.9191,4416.55,210.28,-714.149,3.1998,3807.08,0
22.6022,4414.98,212.94,-727.553,2.95519,3761.47,0
23.2888,4410.39,212.639,-709.647,3.63198,3847.79,0
23.964,4394.71,210.374,-687.265,6.15137,4393.47,0
24.637,4389,210.38,-688.927,6.1946,4505.55,0
25.3219,4390.61,200.372,-692.699,5.45914,4320.02,0
26.0102,4405.58,221.465,-699.761,2.70538,3630.05,0
26.6892,4418.07,220.118,-722.057,0.529089,3069.75,0
27.3739,4409.39,222.13,-751.789,0.943726,3310.14,0
28.05,4404.59,234.708,-751.934,1.44596,3401.45,0
28.724,4385.84,248.341,-748.106,3.77355,3974.46,0
29.4046,4380.51,237.691,-722.559,4.76296,4063.61,0
30.0799,4392.7,231.925,-740.529,2.574,3567.13,0
30.7699,4365.77,240.841,-757.984,5.29219,4362.29,0
31.4654,4375.46,241.508,-739.231,4.21346,3958.1,0
32.1489,4406.59,228.287,-728.335,0.502892,2905.47,0
32.8286,4379.9,253.37,-719.55,3.78524,3658.49,0
33.5107,4361.2,245.965,-705.566,6.2993,4142.02,0
34.2039,4395.8,253.626,-711.519,1.36065,3046.42,0
34.8883,4380.71,222.647,-738.2,2.88456,3419.15,0
35.5746,4386.06,227.008,-743.92,1.93041,3202.95,0
36.2645,4385.43,206.031,-725.42,2.5511,3159.28,0
36.9549,4372.93,222.719,-717.23,4.1962,3438.61,0
37.6358,4384.38,245.29,-716.632,2.48244,3071.95,0
38.3161,4380.99,247.564,-704.003,3.13544,3106.1,0
39.0024,4368.63,242.211,-718.553,4.31869,3368.26,0
39.6854,4354.68,228.766,-712.325,5.96858,3661.69,0
40.3644,4340.34,217.184,-718.879,6.79598,3955.57,0
41.0435,4347.45,221.532,-732.033,5.0294,3716.71,0
41.7285,4354.5,214.592,-781.145,2.8638,3486.82,0
42.4292,4364.8,197.647,-770.594,1.79095,3186.58,0
43.1099,4378.12,202.088,-748.521,0.378041,2827.26,0
43.7925,4360.92,207.654,-737.554,2.80146,3175.99,0
44.4789,4364.81,224.273,-752.186,1.78587,3039.52,0
45.1694,4365.41,235.595,-734.808,1.93055,2979.59,0
45.8595,4370.17,246.149,-737.056,1.18563,2831.06,0
46.5434,4356.48,238.511,-708.754,3.62831,3083.62,0
47.235,4319.44,237.954,-698.266,7.81679,3822.5,0
47.9272,4308.12,235.693,-714.118,7.86904,4003.61,0
48.6121,4314.65,247.455,-709.674,6.06902,3812.76,0
49.2911,4320.54,265.669,-722.396,4.56571,3640.75,0
49.9804,4330.93,250.782,-710.628,3.42197,3382.63,0
50.6608,4331.87,237.433,-716.123,3.12679,3318.73,0
51.3431,4327.2,216.236,-710.504,3.92326,3365.69,0
52.0309,4350.73,215.61,-703.864,0.978404,2868.94,0
52.7051,4352.65,228.239,-665.766,1.62645,2795.83,0
53.3962,4351.19,211.114,-708.711,0.808752,2786.99,0
54.0802,4337.45,206.325,-695.334,2.9549,3005.64,0
54.7611,4308.19,185.421,-711.794,6.34301,3502.7,0
55.4519,4306.01,201.42,-708.383,6.03482,3498.38,0
56.1322,4311.1,201.536,-701.261,5.02687,3365.23,0
56.814,4338.92,161.056,-689.948,1.80859,2835.16,0
57.5083,4324.91,165.797,-715.072,2.86142,3044.67,0
58.1892,4313.41,176.123,-730.148,3.76097,3206.63,0
58.8825,4299.98,194.398,-728.897,5.16508,3396.93,0
59.5637,4333.79,202.089,-723.622,0.792285,2790.4,0
60.2347,4312.36,194.507,-761.142,2.66842,3115.23,0
60.9271,4287.3,190.797,-781.671,5.20235,3491,0
61.6131,4306.97,202.755,-797.334,2.12073,3132.93,0
62.3005,4292.38,210.769,-791.802,4.03676,3332.59,0
62.9805,4273.87,200.439,-782.029,6.10321,3590.54,0
63.6705,4272.17,179.131,-783.362,5.69494,3578.27,0
64.3565,4274.05,202.307,-766.201,5.28746,3510.92,0
65.0467,4278.68,189.267,-763.942,4.39365,3402.49,0
65.7283,4295.25,181.24,-738.468,2.63597,3115.11,0
66.3977,4288.65,158.646,-728.16,3.89698,3183.13,0
67.0812,4297.92,137.415,-718.399,2.5963,3012.51,0
67.7638,4297.89,118.874,-700.886,3.09204,2982.58,0
68.4454,4279.02,113.78,-686.985,5.77978,3228.59,0
69.1336,4290.81,105.027,-676.535,3.95784,3025.84,0
69.8158,4278.88,82.7783,-665.198,5.72635,3167.23,0
70.5065,4291.43,87.0784,-651.839,4.03149,2958.21,0
71.1844,4269.22,84.0426,-636.146,6.93961,3241.99,0
71.8607,4282.14,76.1021,-649.87,3.89512,3031.65,0
72.5497,4277.98,49.7498,-618.925,5.50578,3060.2,0
73.2348,4275.8,56.6985,-647.933,4.29848,3061.38,0
73.9252,4294.21,41.4842,-627.283,2.37606,2783.81,0
74.6023,4284.06,66.7157,-628.743,3.6083,2894.6,0
75.2775,4268.59,53.7268,-601.877,6.64529,3074.12,0
75.9588,4267.96,48.3829,-612.061,5.45078,3054.78,0
76.6457,4265.24,61.747,-594.387,5.83705,3062.9,0
77.3264,4274.24,61.2469,-612.03,3.63175,2919.56,0
78.0222,4281.02,53.1787,-598.125,3.06419,2806.59,0
78.7049,4275.25,45.79,-573.889,4.90062,2855.55,0
79.3908,4261.99,30.6934,-575.005,6.26164,2998,0
80.0696,4249.72,41.2712,-590.015,6.42477,3125.74,0
80.7475,4248.17,31.259,-580.157,6.29622,3118.75,0
81.4377,4264.28,43.71,-580.158,3.37882,2894.48,0
82.1152,4258.4,41.0244,-582.344,3.92209,2942.17,0
82.8063,4259,61.6731,-596.307,3.00317,2910.4,0
83.4909,4257.54,57.9715,-588.065,3.48745,2903.98,0
84.1774,4253.44,51.8049,-577.663,4.42104,2929.01,0
84.8647,4251.01,66.0733,-563.485,5.04507,2934.02,0
85.5439,4236.7,81.2099,-563.781,6.59868,3077.9,0
86.2378,4232.86,93.1557,-572.449,5.74433,3097.7,0
86.9264,4221.7,65.0256,-577.665,6.20317,3201.57,0
87.6117,4227.32,58.7013,-583.998,4.88084,3112.36,0
88.2968,4222.6,65.4056,-603.903,4.08208,3141.7,0
88.9758,4208.79,57.0029,-591.589,6.32992,3272.96,0
89.6637,4197.62,66.5114,-610.405,6.11467,3372.33,0
90.3378,4183.6,60.8356,-600.678,7.73159,3502.37,0
91.0225,4184.85,59.8621,-620.026,5.6253,3462.37,0
91.714,4197.78,85.0685,-625.128,3.15409,3295.27,0
92.3941,4187.89,104.587,-627.183,4.19005,3378,0
93.0785,4181.31,99.3547,-629.448,4.64776,3423.93,0
93.7628,4185.34,113.311,-641.081,3.32579,3355.95,0
94.4396,4183.19,131.089,-649.174,2.88781,3354.62,0
95.1202,4176.16,147.95,-650.661,3.50792,3404.54,0
95.8027,4179.82,156.483,-632.997,3.40634,3342.05,0
96.4879,4166.6,156.824,-651.393,4.28666,3455.35,0
97.1714,4166.5,143.56,-645.422,4.36933,3432.08,0
97.8538,4157.39,161.786,-646.962,5.20602,3501.26,0
98.5207,4158.99,152.582,-644.084,4.93375,3461.32,0
99.2059,4180.78,164.007,-632.038,1.77208,3217.73,0
99.8938,4187.7,200.977,-626.897,0.553241,3126.27,0
100.585,4171.74,230.763,-660.452,1.32431,3263.48,0
101.276,4155.79,247.697,-637.399,4.09805,3398.69,0
101.963,4163.46,217.806,-629.961,3.51406,3300.6,0
102.63,4171.22,198.331,-643.732,2.02362,3203.55,0
103.319,4153.46,185.964,-614.854,5.69501,3354.05,0
103.992,4162.84,167.926,-619.204,3.84752,3242.23,0
104.676,4153.72,172.492,-609.015,5.27918,3308.15,0
105.371,4169.66,145.723,-584.41,4.22747,3135.04,0
106.065,4161.81,133.919,-581.293,5.2871,3188.56,0
106.753,4161.88,131.879,-569.712,5.28795,3167.34,0
107.438,4185.48,139.674,-557.687,2.20326,2927.44,0
108.124,4152.8,136.511,-550.969,7.06283,3211.09,0
108.81,4121.18,162.131,-573.567,8.82562,3481.5,0
109.493,4118,178.769,-574.66,7.80293,3488.79,0
110.183,4104.93,171.762,-575.33,8.35018,3585.53,0
110.867,4100.4,167.545,-579.819,7.6264,3604.28,0
111.559,4095.33,160.412,-574.474,7.283,3627.38,0
112.244,4074.26,152.39,-570.043,9.14656,3792.97,0
112.923,4080.28,165.743,-558.073,7.34061,3716.86,0
113.615,4070.03,164.035,-555.462,7.97959,3784.48,0
114.294,4068.43,151.733,-578.96,5.93176,3775.93,0
114.971,4074.45,153.001,-592.336,3.95167,3701.35,0
115.66,4061.35,158.775,-591.026,5.46721,3792.61,0
116.353,4054.24,179.282,-599.587,5.62369,3831.09,0
117.035,4051.85,196.076,-594.227,5.37271,3829.19,0
117.717,4048.86,192.283,-604.229,4.97088,3832.44,0
118.407,4039.47,198.329,-589.924,6.3677,3889.41,0
119.086,4037.11,205.156,-581.278,6.2539,3887.01,0
119.77,4045.54,222.65,-571.082,4.43778,3794.47,0
120.453,4048.53,220.334,-603.223,2.28753,3748.14,0
121.144,4038.65,206.987,-599.954,3.93178,3808.3,0
121.826,4054.89,186.165,-594.3,1.85026,3653.63,0
122.499,4053.06,171.891,-597.859,2.14752,3648.54,0
123.19,4037.17,162.709,-576.906,5.72101,3757.07,0
123.88,4043.9,146.389,-602.171,3.25575,3681.79,0
124.563,4050.86,147.584,-627.155,0.903009,3605.73,0
125.257,4029.7,134.533,-621.156,4.45565,3754.68,0
125.939,4042.97,158.347,-612.201,2.2928,3629.01,0
126.629,4040.83,176.851,-625.722,1.74196,3626.14,0
127.307,4027.1,174.548,-605.632,4.73726,3714.66,0
127.994,4048.51,165.192,-613.62,0.736234,3527.46,0
128.684,4042.4,132.875,-590.698,3.22478,3555.98,0
129.376,4026.43,169.963,-575.169,5.76456,3660.42,0
130.057,4029.95,175.727,-600.439,2.98565,3614.19,0
130.735,4037.46,178.522,-626.51,0.550496,3538.04,0
131.411,4029.95,167.052,-599.043,3.02627,3576.98,0
132.091,4014.61,140.554,-585.77,6.3636,3674.63,0
132.781,4037.83,118.283,-579.964,2.83887,3480.69,0
133.474,4040.13,127.852,-587.428,1.89879,3445.36,0
134.154,4000.74,141.847,-591.377,7.64812,3721.56,0
134.835,4000.08,125.769,-582.11,7.11654,3707.69,0
135.53,4030.18,113.263,-609.822,0.401519,3466.54,0
136.214,4002.88,111.034,-582.461,6.40315,3649.52,0
136.907,4011.62,95.6218,-589.924,4.26059,3567.25,0
137.589,4023.25,106.142,-597.565,1.69067,3465.04,0
138.276,4016.6,101.135,-577.371,4.02141,3495.88,0
138.977,4001.06,91.2565,-549.621,7.82873,3590.06,0
139.672,3979.96,86.7061,-539.092,10.169,3723.29,0
140.361,3973.2,61.2727,-559.497,8.08859,3753.16,0
141.056,3994.56,73.9166,-552.319,3.82203,3583.25,0
141.733,4003.78,31.4507,-548.266,2.71629,3501.1,0
142.418,4005.23,36.8717,-516.25,4.95131,3474.09,0
143.096,3990.59,29.4244,-533.206,5.49472,3559.9,0
143.78,3984.99,41.4302,-535.671,5.84064,3581.9,0
144.464,3983.21,40.5141,-535.715,5.24339,3577.28,0
145.158,3987.34,27.4937,-527.019,5.01777,3531.75,0
145.85,3991.71,24.9077,-523.607,4.19107,3484.99,0
146.534,3982.92,9.72755,-544.073,3.84135,3528.72,0
147.21,3986.9,-2.851,-550.372,2.40356,3485.48,0
147.894,3976.79,-13.8997,-545.144,4.48398,3537.76,0
148.596,3971.38,-13.9388,-501.116,8.57325,3557.46,0
149.279,3964.74,-17.8448,-503.774,7.42846,3585.64,0
149.972,3947.73,-27.8908,-512.707,8.34696,3682.52,0
150.653,3945.47,-32.1503,-529.485,5.87235,3680.87,0
151.332,3928.47,-29.9474,-508.418,10.1949,3776.69,0
152.022,3914.9,-29.7527,-500.289,11.0631,3848.79,0
152.702,3928.09,-16.3943,-513.681,5.44782,3745.29,0
153.39,3923.67,-9.48091,-494.851,7.92427,3757.3,0
154.075,3917.96,-9.40161,-501.521,7.27669,3777.67,0
154.767,3911.18,21.6667,-492.7,8.42264,3804.53,0
155.449,3923.3,16.1539,-485.719,6.02047,3709.86,0
156.135,3939.26,0.429245,-498.171,1.19202,3591.38,0
156.817,3922.2,-31.4993,-524.718,1.35629,3684.57,0
157.487,3915.84,-32.367,-533.49,1.6008,3709.26,0
158.173,3895.01,-18.6145,-524.672,6.31029,3824.86,0
158.858,3920.66,8.36473,-521.594,1.16735,3646.9,0
159.54,3894.55,26.8554,-523.719,5.80363,3794.96,0
160.227,3876.39,15.7556,-535.476,7.73697,3892.02,0
160.913,3866.69,22.3282,-524.276,9.33082,3935.76,0
161.59,3857.1,34.5276,-528.036,9.07574,3978.59,0
162.283,3860.68,25.104,-532.996,6.38174,3939.55,0
162.965,3868.82,29.4843,-542.806,3.4694,3873.07,0
163.64,3883.19,27.5443,-532.792,1.3038,3769.3,0
164.322,3868.16,22.7936,-501.58,7.72596,3845.16,0
164.998,3883.51,7.25126,-508.332,3.04772,3736.37,0
165.678,3872.81,26.6599,-499.743,5.96408,3785.57,0
166.356,3871.58,33.0354,-500.301,5.17317,3777.57,0
167.051,3874.17,51.1517,-518.426,1.97796,3746.36,0
167.734,3851.86,40.3885,-549.199,3.41021,3864.07,0
168.421,3857.31,46.8201,-554.035,1.70076,3815.98,0
169.104,3842.85,54.5006,-545.648,5.1778,3886.1,0
169.793,3860.85,32.9026,-558.194,0.133385,3764.28,0
170.477,3849.35,23.9623,-543.657,3.87402,3816.68,0
171.157,3853.55,16.3829,-537.715,3.10068,3776.92,0
171.843,3864.6,21.8305,-521.209,2.30787,3697.57,0
172.525,3863.15,13.8864,-508.113,4.06426,3691.35,0
173.209,3857.84,21.437,-510.992,4.24744,3707.42,0
173.893,3856.96,29.1961,-494.12,5.9602,3697.9,0
174.575,3840.6,22.7282,-497.724,8.48356,3777.14,0
175.254,3839.65,15.391,-496.151,7.56239,3767.95,0
175.937,3827.74,15.8789,-480.23,10.57,3821.01,0
176.628,3816.43,8.0618,-462.766,4.37114,3870.12,0
177.32,3807.82,8.07864,-463.716,5.89547,3903.57,0
178.006,3822.67,33.2394,-466.108,1.52297,3805.09,0
178.69,3802.09,30.9466,-479.633,3.65965,3905.69,0
179.371,3798.39,26.2097,-481.11,4.02539,3911.51,0
180.066,3792.04,27.7355,-458.168,8.96022,3931.66,0
180.753,3795.1,26.8514,-462.975,5.00148,3899.78,0
181.445,3807.55,60.717,-463.598,0.871799,3816.34,0
182.13,3800.07,94.0795,-458.693,2.51257,3843.01,0
182.806,3799.94,95.1776,-456.763,2.35213,3829.51,0
183.486,3780.63,97.4811,-453.249,6.81102,3920.58,0
184.173,3788.93,78.4144,-474.383,0.629824,3860.88,0
184.863,3764.55,84.3561,-461.514,8.80358,3978.35,0
185.549,3776.71,105.15,-468.761,2.61061,3898.11,0
186.232,3767.96,102.745,-460.824,6.16662,3930.79,0
186.918,3774.69,103.779,-450.658,5.91458,3880.37,0
187.596,3770.88,80.9544,-422.687,1.48621,3886.62,0
188.282,3758.55,67.3639,-393.637,0.664997,3937.95,0
188.963,3759.77,55.3948,-375.187,6.88917,3917.3,0
189.65,3748.73,58.5964,-388.869,3.93927,3961.33,0
190.327,3773.47,69.1838,-374.698,2.09559,3817.28,0
191.011,3773.38,72.5887,-363.527,5.12282,3804.08,0
191.7,3763.61,69.4255,-373.174,4.227,3841.35,0
192.386,3779.29,57.2415,-369.362,2.45434,3746.17,0
193.056,3791.18,59.2012,-359.809,2.94852,3671.58,0
193.75,3798.91,39.7057,-354.337,3.58178,3618.51,0
194.443,3776,28.2791,-355.662,8.46896,3723.46,0
195.131,3771.7,27.5298,-342.873,0.0786785,3732.37,0
195.817,3765.46,56.9061,-324.835,5.96256,3751.13,0
196.507,3769.41,72.4121,-329.458,2.24893,3717.9,0
197.192,3765.91,57.9117,-314.647,8.1154,3722.72,0
197.879,3780.43,48.3006,-325.514,1.64464,3636.43,0
198.563,3801.95,42.7486,-310.531,2.9179,3515.49,0
199.241,3800.6,63.9951,-309.244,2.21779,3510.35,0
199.919,3800.38,70.615,-288.328,8.18477,3499.51,0
200.596,3801.15,79.7752,-258.505,4.60349,3483.85,0
201.278,3794.74,79.435,-261.582,3.94731,3503.92,0
201.969,3792.75,87.231,-250.007,7.1549,3501.77,0
202.645,3811.34,52.6797,-248.122,7.5427,3398.37,0
203.332,3810.16,73.7762,-246.541,5.72263,3392.67,0
204.022,3832.58,80.1801,-247.077,1.37196,3271.32,0
204.705,3820.95,94.9516,-229.832,5.91059,3317.2,0
205.395,3815.45,110.047,-226.537,4.72752,3332.85,0
206.088,3818.72,80.9963,-199.54,3.99408,3305.76,0
206.768,3820.43,75.1172,-206.306,2.41702,3286.64,0
207.456,3817.67,87.1464,-205.188,1.62036,3289.03,0
208.151,3804.2,97.8894,-177.908,9.35652,3342.78,0
208.829,3800.15,90.9954,-152.906,6.02051,3351.32,0
209.513,3815.73,85.0209,-150.601,5.81324,3265.98,0
210.2,3813.32,73.9925,-142.878,8.89621,3266.79,0
210.893,3807.01,67.2837,-146.067,8.42025,3285.96,0
211.583,3806.21,77.7562,-128.302,10.2938,3279.06,0
212.269,3807.62,70.2998,-118.111,0.447477,3261.81,0
212.957,3814.2,80.9426,-100.639,2.49084,3220.37,0
213.637,3803.21,88.7027,-94.4218,3.02921,3261.57,0
214.33,3812.09,69.0219,-98.9081,4.73869,3209.6,0
215.026,3812.74,57.9435,-92.6695,7.40715,3196.15,0
215.703,3809.81,65.5548,-96.638,4.94762,3199.74,0
216.395,3823.46,45.1675,-97.4805,5.8225,3126.4,0
217.078,3827.44,63.1323,-105.029,0.973665,3098.26,0
217.77,3832.03,64.7423,-65.0218,8.60095,3067.29,0
218.445,3844.21,72.8248,-78.1094,3.25091,3002.1,0
219.136,3818.64,90.8735,-68.5869,3.20232,3109.32,0
219.832,3827.61,89.3415,-49.7572,5.68144,3058.63,0
220.506,3818.98,88.9054,-34.5297,7.63671,3088.43,0
221.191,3818.71,93.8702,-25.2858,5.78976,3080.08,0
221.87,3823.71,69.8632,-0.153997,0.185091,3048.14,0
222.552,3812.5,57.6258,13.6381,3.87978,3089.16,0
223.227,3801.47,51.2109,30.205,3.99251,3129.22,0
223.911,3806.81,45.7582,30.2443,4.61783,3095.83,0
224.592,3813.44,20.3521,65.0851,0.278749,3056.91,0
225.285,3795.93,15.7588,63.6675,1.85627,3125.24,0
225.969,3776.64,-0.182365,63.8575,3.46251,3201.14,0
226.647,3745.35,-4.01071,60.6209,6.57637,3329.63,0
227.337,3737.31,5.43967,59.5651,6.98799,3354.88,0
228.029,3718.23,-20.8797,72.9365,1.32871,3428.38,0
228.708,3701.89,-21.1818,67.3462,3.98106,3489.65,0
229.392,3694.1,-44.8241,63.5193,0.185561,3513.18,0
230.082,3661.73,5.28668,53.7473,1.77571,3643.34,0
230.763,3681.34,-0.291644,36.7195,9.3227,3547.63,0
231.445,3677.15,8.60285,37.0804,6.11031,3555.27,0
232.129,3667.86,-7.91016,38.8235,5.05655,3584.83,0
232.816,3679.53,-12.414,32.7457,6.91852,3524.1,0
233.503,3692.54,-29.3362,24.9656,3.74222,3458.04,0
234.187,3686.94,-15.5405,17.9662,9.16444,3471.86,0
234.877,3689.07,0.575028,21.7468,8.29273,3452.58,0
235.558,3684.19,12.3684,29.2861,3.35139,3463.33,0
236.249,3657.59,12.8651,27.7891,4.15863,3565.78,0
236.939,3662.44,-0.272235,24.2091,3.15657,3534.91,0
237.627,3655.81,-5.0101,24.4866,2.70492,3552.6,0
238.317,3636.94,-1.12366,21.1015,7.67001,3621.48,0
239.003,3620.85,1.17697,39.4799,0.778115,3678.41,0
239.69,3613.64,-6.54947,30.6965,4.40554,3697.94,0
240.38,3617.66,-4.734,30.9642,1.85325,3670.62,0
241.076,3610.1,6.35462,34.6737,5.00314,3691.38,0
241.758,3593.19,17.7916,25.364,1.17847,3750.91,0
242.448,3581.27,44.3245,54.4949,3.02515,3789.38,0
243.133,3558.56,55.3463,49.4531,2.16562,3872.12,0
243.824,3537.52,53.9095,43.993,3.47513,3947.46,0
244.5,3517.93,54.2967,49.0264,2.437,4016.66,0
245.189,3510.71,58.2479,52.1193,4.69202,4034.82,0
245.884,3500.89,58.9343,62.6784,7.35351,4063.33,0
246.575,3485.3,46.1676,67.4132,7.59092,4115.18,0
247.256,3495.85,51.0464,48.599,6.03212,4061.18,0
247.938,3497.12,46.2718,40.3179,10.3725,4044.89,0
248.625,3470.98,26.9057,43.8229,3.69985,4138.83,0
249.311,3479.01,8.3408,21.8231,3.79333,4095.25,0
249.482,3474.49,-2.6668,5.25581,11.709,4110.56,1
