0.684647,4482.37,-153.839,-745.446,1.61995,25748.2,0
1.35767,4483.47,-176.144,-756.292,1.11843,12173.8,0
2.04054,4468.5,-154.37,-779.943,2.47394,15438.3,0
2.73051,4483.09,-152.977,-762.605,0.891421,6194.3,0
3.41128,4464.54,-131.304,-769.973,3.11353,10393.8,0
4.09622,4460.85,-120.035,-766.314,3.53354,9556.93,0
4.78744,4482.66,-135.295,-778.425,0.387397,3621.32,0
5.46524,4479.91,-108.087,-761.713,1.14239,3676.28,0
6.14499,4451.1,-126.446,-783.224,4.16875,7957.66,0
6.83,4452.62,-125.331,-822.571,2.99029,6936.82,0
7.52008,4457.62,-123.6,-857.417,1.67707,5635.6,0
8.20681,4450.69,-102.525,-870.655,2.3028,6008.61,0
8.89073,4463.36,-67.6288,-877.533,0.694771,4121.2,0
9.58353,4464.94,-78.23,-886.625,0.323701,3658.85,0
10.2708,4444.94,-95.589,-886.821,2.66777,5361.13,0
10.9578,4432.26,-85.0144,-868.364,4.435,6182.05,0
11.6378,4415.45,-57.7742,-859.271,6.24215,7264.88,0
12.325,4431.37,-54.7111,-852.162,3.96565,5568.07,0
13.0122,4434.92,-44.7792,-861.756,3.24084,5001.38,0
13.6859,4436.17,-59.2304,-860.269,2.89639,4664.17,0
14.3725,4429.26,-45.4653,-874.899,3.37229,4921.6,0
15.0484,4452.25,-54.9344,-859.436,0.672668,3173.11,0
15.7325,4446.54,-57.5884,-838.022,1.68451,3398.03,0
16.4053,4405.01,-63.2498,-835.876,6.49309,5790.1,0
17.0881,4411.59,-80.3564,-831.52,5.17214,5173.96,0
17.7661,4435.62,-83.5735,-854.155,1.65125,3623.73,0
18.4619,4420,-79.1323,-842.904,3.54188,4333.37,0
19.1365,4417.73,-83.3103,-851.75,3.38072,4299.01,0
19.8258,4411.4,-62.0375,-855.315,3.98923,4469.07,0
20.5073,4417.05,-49.3166,-855.341,3.20908,4044.84,0
21.1867,4400.6,-79.6001,-887.127,4.45847,4691.39,0
21.877,4392.76,-83.9126,-877.09,5.21512,4901.78,0
22.5631,4385.97,-116.495,-869.89,5.71571,5053.61,0
23.2437,4396.96,-94.8268,-888.637,3.72026,4433.07,0
23.9159,4401.76,-101.462,-881.381,3.19683,4107.77,0
24.6052,4391.63,-122.609,-908.779,3.85976,4404.48,0
25.2957,4389.99,-130.639,-894.874,3.9996,4348.95,0
25.9785,4394.33,-143.733,-899.894,3.0797,4067.52,0
26.6676,4413.37,-124.847,-912.32,0.533954,3248.64,0
27.3623,4403.35,-127.958,-943.117,1.27877,3532.07,0
28.0473,4407.11,-84.1764,-940.208,0.922388,3312,0
28.7281,4399.62,-82.1692,-945.805,1.72662,3494.03,0
29.4094,4410.1,-85.6749,-937.739,0.52311,3056.84,0
30.0853,4377.7,-86.2045,-930.223,4.47821,4064.95,0
30.7676,4386.89,-98.2632,-923.564,3.26959,3676.18,0
31.4626,4362.57,-101.147,-909.184,6.04793,4368.15,0
32.1474,4384.13,-115.654,-906.148,3.07912,3604.47,0
32.8296,4380.58,-99.9551,-904.886,3.49077,3637.46,0
33.5172,4369.38,-100.666,-870.61,5.02262,3897.2,0
34.2044,4407.57,-102.08,-853.116,0.168151,2702.33,0
34.8804,4392.48,-120.289,-873.454,1.63881,3082.55,0
35.57,4380.32,-124.195,-885.472,2.85799,3364.73,0
36.2462,4392.61,-135.575,-892.229,1.03554,2962.75,0
36.9326,4381.31,-103.866,-924.997,2.01168,3213.73,0
37.6211,4361,-97.2089,-944.187,4.07773,3694.71,0
38.3034,4365.27,-85.6744,-953.783,3.13397,3517.42,0
38.9924,4355.84,-73.5666,-936.766,4.45167,3697.18,0
39.6768,4348.68,-76.0251,-943.859,4.98961,3813.9,0
40.365,4334.29,-77.487,-946.193,6.13366,4105.26,0
41.06,4331.59,-93.2958,-954.75,5.81126,4101.52,0
41.7445,4338.41,-103.346,-976.506,4.31156,3870.97,0
42.4199,4332.1,-120.874,-972.099,4.76693,3958.1,0
43.0975,4322.48,-108.005,-957.911,5.45269,4119.13,0
43.7891,4311.34,-129.229,-934.144,6.51763,4308.45,0
44.4682,4316.34,-120.55,-933.269,4.86942,4130.05,0
45.153,4337.27,-122.633,-896.904,2.62629,3603.98,0
45.8313,4345.16,-120.785,-892.094,1.67506,3378.52,0
46.529,4329.99,-117.978,-888.542,3.56976,3653.74,0
47.2068,4354.2,-95.1715,-890.326,0.493541,3088.48,0
47.8904,4325.61,-80.7512,-897.641,3.9106,3641.47,0
48.5822,4317.22,-99.751,-900.741,4.55213,3762.31,0
49.2592,4312.94,-88.131,-886.142,4.89365,3797.56,0
49.947,4313.05,-66.9671,-886.191,4.45745,3742.94,0
50.6315,4316.33,-94.584,-902.357,3.59537,3627.63,0
51.3118,4337.71,-117.475,-885.228,1.02949,3162.75,0
51.9867,4321.7,-126.268,-880.559,3.05595,3429.66,0
52.6682,4314.98,-145.93,-857.381,4.00804,3513.02,0
53.3542,4327.87,-127.481,-838.482,2.6167,3226.23,0
54.0482,4302.75,-118.458,-821.662,5.84194,3649.58,0
54.7316,4314.64,-131.444,-827.542,3.70228,3386.76,0
55.4227,4301.12,-154.832,-828.106,4.67187,3588.35,0
56.1125,4296.29,-148.971,-820.51,5.12131,3630.42,0
56.8076,4309.34,-135.006,-822.129,3.35086,3356.29,0
57.4879,4305.68,-154.551,-823.31,3.62411,3380.14,0
58.1645,4277.48,-109.714,-835.953,6.66774,3825.68,0
58.8555,4267.18,-119.037,-834.198,7.06289,3955.72,0
59.5417,4279.99,-110.465,-834.738,4.67263,3695.09,0
60.2253,4276.74,-119.402,-864.447,4.09193,3707.15,0
60.9122,4251.88,-127.151,-877.823,6.8673,4073.45,0
61.5975,4256.95,-137.707,-864.404,5.57915,3945.75,0
62.2911,4254.59,-147.827,-854.395,5.35712,3939.65,0
62.9709,4236.3,-154.22,-854.805,6.88168,4187.71,0
63.6555,4253.09,-170.18,-851.013,4.09877,3878.81,0
64.3433,4235.55,-171.285,-836.645,5.97882,4109.96,0
65.0336,4262.01,-191.422,-812.333,2.68197,3659.53,0
65.7159,4252,-203.906,-796.378,4.12923,3773.87,0
66.3861,4240.14,-195.397,-808.498,5.1847,3914.31,0
67.0697,4236.51,-180.006,-793.841,5.2476,3928.6,0
67.7582,4230.36,-174.487,-776.746,6.06994,3979.44,0
68.4467,4228.78,-177.439,-771.929,5.79536,3962.43,0
69.1316,4211.48,-176.98,-784.497,6.65246,4173.56,0
69.8119,4204.82,-180.011,-786.608,6.75508,4228.23,0
70.4996,4207.79,-177.303,-772.487,6.10881,4144.86,0
71.174,4216.4,-186.76,-773.398,4.42432,3984.61,0
71.8631,4214.15,-181.768,-748.521,4.85211,3977.7,0
72.553,4224.35,-222.08,-755.274,3.0042,3799.27,0
73.2416,4209.45,-225.663,-750.004,4.86572,3967.06,0
73.9263,4234.52,-243.024,-747.479,1.4066,3591.19,0
74.6112,4231.51,-225.164,-786.795,1.06523,3598.46,0
75.2938,4220.97,-252.05,-771.796,2.48553,3705.84,0
75.9871,4230.03,-276.594,-787.165,0.798001,3552.9,0
76.6796,4234.48,-280.578,-796.361,0.0122195,3462.78,0
77.3609,4202.72,-279.331,-775.308,4.5048,3842.8,0
78.0527,4225.5,-252.188,-780.227,1.52737,3516.89,0
78.7455,4222.12,-253.836,-766.916,2.11413,3528.87,0
79.4388,4208.8,-253.893,-779.71,3.46336,3665.7,0
80.1206,4220.23,-253.247,-779.059,1.89816,3491.9,0
80.7981,4218.57,-238.789,-788.466,1.90136,3483.15,0
81.4833,4226.91,-235.746,-773.941,1.10616,3351.43,0
82.1654,4219.75,-220.861,-770.397,2.23513,3410.82,0
82.8492,4216.71,-254.082,-780.698,2.16203,3419.4,0
83.5343,4223.86,-252.918,-828.005,0.330175,3305.72,0
84.2199,4224.57,-278.507,-774.425,1.04473,3270.33,0
84.9044,4220.71,-292.063,-755.307,1.81727,3289.49,0
85.5913,4219.87,-328.833,-765.351,1.36334,3272.85,0
86.2663,4205.32,-321.805,-758.188,3.35931,3415.93,0
86.952,4198.88,-326.252,-767.005,3.75269,3463.05,0
87.6321,4209.59,-297.891,-780.666,2.28489,3313.93,0
88.3198,4205.31,-290.906,-776.881,2.86868,3336.68,0
89.0067,4210.72,-292.93,-789.41,1.87525,3250.13,0
89.6965,4186.2,-282.41,-810.212,4.62841,3498.5,0
90.3928,4176.57,-312.267,-809.113,5.10191,3578.04,0
91.08,4171.5,-318.156,-814.738,5.24528,3606.7,0
91.7837,4168.44,-306.857,-805.659,5.60484,3612.41,0
92.4766,4139.05,-314.061,-806.776,8.13871,3903.12,0
93.1642,4141.52,-297.294,-797.07,7.20796,3847.78,0
93.8542,4142.15,-301.46,-798.622,6.07085,3812.85,0
94.5332,4138.5,-315.581,-780.6,6.09383,3824.06,0
95.2243,4158.22,-349.931,-786.086,2.63288,3589.24,0
95.9144,4177.31,-355.077,-760.135,0.444414,3364.36,0
96.6046,4150.31,-339.253,-739.865,4.4815,3619.78,0
97.2904,4146.62,-307.037,-756.103,4.67344,3632.26,0
97.9692,4174.03,-307.566,-783.262,0.337004,3327.29,0
98.647,4145.48,-297.3,-783.982,4.01017,3593.81,0
99.3313,4160.27,-298.552,-779.922,1.90238,3420.13,0
100.013,4130.18,-290.207,-758.811,6.00803,3697.74,0
100.688,4128.97,-301.014,-762.877,5.60025,3685,0
101.366,4159.72,-296.944,-766.714,1.3347,3356.98,0
102.053,4150.03,-272.573,-759.217,2.87451,3429.24,0
102.751,4166.27,-265.251,-758.959,0.724296,3248,0
103.437,4168.98,-250.152,-743.204,0.784131,3200.17,0
104.123,4153.61,-279.686,-736.138,2.78535,3326.71,0
104.82,4144.3,-284.249,-751.066,3.47838,3393.45,0
105.505,4161.03,-229.434,-739.806,1.7989,3212.82,0
106.185,4161.2,-219.95,-698.195,2.93668,3190.67,0
106.874,4158.72,-239.365,-729.729,2.15187,3193.25,0
107.56,4157.06,-200.461,-702.555,3.31124,3188.36,0
108.254,4165.44,-194.498,-693.12,2.30699,3090.48,0
108.936,4162.42,-192.889,-726.872,1.77028,3098.85,0
109.62,4139.3,-203.872,-730.283,4.6859,3290.45,0
110.303,4140.91,-221.316,-726.73,4.10691,3255.47,0
110.98,4120.07,-220.933,-748.3,6.13427,3423.46,0
111.668,4133.03,-196.982,-751.387,4.03949,3286.28,0
112.348,4126.83,-208.147,-775.902,3.94933,3321.6,0
113.033,4128.86,-213.676,-783.522,3.26924,3283.45,0
113.724,4119.45,-229.605,-808.056,3.83638,3346.22,0
114.407,4102.6,-252.452,-792.558,5.93259,3473.59,0
115.087,4089.85,-241.009,-799.539,6.82939,3563.84,0
115.782,4088.57,-238.284,-809.119,6.10458,3553.5,0
116.469,4097.96,-232.494,-825.382,4.13581,3451.9,0
117.161,4097.04,-238.839,-814.2,4.19575,3439.38,0
117.85,4100.31,-253.791,-811.519,3.53718,3391.56,0
118.544,4096.54,-256.036,-815.423,3.63992,3403.51,0
119.228,4097.72,-228.315,-806.852,3.63248,3374.01,0
119.915,4106.87,-240.457,-822.458,1.99695,3278.43,0
120.607,4106.82,-243.02,-788.392,2.59798,3260.05,0
121.287,4079.18,-248.782,-794.874,5.93084,3469.6,0
121.959,4084.21,-242.629,-787.834,4.80752,3409.23,0
122.637,4101.16,-241.868,-785.582,2.1838,3252.16,0
123.327,4099.87,-214.049,-827.049,1.67951,3244.47,0
124.013,4110.54,-242.756,-822.187,0.173275,3140.5,0
124.694,4070.76,-243.207,-846.061,4.91763,3442.3,0
125.388,4076.96,-246.327,-875.358,3.5048,3373.88,0
126.078,4060.02,-272.007,-884.82,5.0289,3489.79,0
126.748,4080.98,-244.618,-883.17,2.17241,3305.95,0
127.439,4090.95,-251.127,-883.891,0.791587,3209.79,0
128.117,4063.17,-261.791,-878.628,4.3595,3409.65,0
128.802,4060.62,-275.462,-876.599,4.34069,3411.32,0
129.485,4077.3,-296.457,-901.559,1.69809,3264.47,0
130.161,4076.33,-292.001,-859.749,2.2977,3254.98,0
130.836,4075.28,-285.057,-871.293,2.34081,3246.2,0
131.533,4066.02,-314.588,-908.333,2.87897,3299.44,0
132.217,4054.85,-311.516,-893.378,4.23424,3366.83,0
132.909,4061.61,-291.082,-893.409,3.23798,3298.43,0
133.592,4044.82,-285.402,-906.962,4.76736,3407.22,0
134.263,4043.18,-284.795,-912.307,4.70662,3402.44,0
134.937,4055.14,-278.931,-919.003,2.99408,3296.78,0
135.621,4051.03,-287.108,-937.178,3.1534,3310.5,0
136.31,4022.6,-280.275,-948.441,6.08357,3502.27,0
136.994,4019,-284.466,-954.407,6.08071,3511.08,0
137.678,4006.24,-259.231,-953.481,6.82764,3586.3,0
138.357,4001.54,-264.213,-934.186,6.59608,3602.74,0
139.046,3989.18,-262.17,-922.002,7.24345,3673.77,0
139.734,3992.35,-274.024,-911.664,5.80421,3632.99,0
140.417,3997.36,-274.209,-889.733,4.91365,3579.61,0
141.111,3974.1,-285.063,-908.286,7.05657,3726.83,0
141.792,3986.01,-289.382,-900.365,4.98102,3624.98,0
142.479,4012.43,-270.548,-876.203,1.8222,3422.08,0
143.179,4018.05,-296.021,-832.282,1.46597,3366.09,0
143.865,3994.46,-320.877,-839.354,4.27439,3514,0
144.552,4001.85,-308.4,-860.156,2.79808,3446.16,0
145.242,4005.39,-332.402,-854.03,2.22194,3405.44,0
145.937,4010.69,-313.772,-828.745,1.82962,3352.86,0
146.619,4002.07,-334.729,-835.77,2.67588,3396.08,0
147.3,4009.85,-343.896,-835.194,1.57601,3327.55,0
147.989,4013.47,-313.125,-826.01,1.38211,3287.57,0
148.671,4017.26,-323.632,-849.587,0.517817,3247.07,0
149.36,3991.68,-317.497,-880.585,3.53671,3403.33,0
150.031,3977.86,-299.281,-874.059,5.22541,3480.19,0
150.717,3986.87,-317.488,-904.687,3.46894,3404.62,0
151.4,3982.8,-303.548,-915.985,3.83128,3416.11,0
152.083,3967.89,-307.304,-907.675,5.11928,3498.83,0
152.766,3950.83,-306.409,-920.097,6.57969,3594.83,0
153.445,3930.88,-321.222,-902.574,8.02945,3708.92,0
154.13,3940.19,-333.243,-915.21,5.42615,3632.03,0
154.828,3920.59,-364.591,-913.843,6.75612,3742.32,0
155.516,3921.86,-382.36,-902.573,5.8046,3717.52,0
156.195,3924.02,-360.694,-914.189,4.80045,3687.55,0
156.875,3943.04,-371.607,-911.026,2.15922,3550.37,0
157.553,3943.14,-374.154,-940.297,1.88314,3534.43,0
158.244,3945.87,-347.473,-926.448,1.71145,3501.77,0
158.92,3936.51,-361.523,-932.287,2.79832,3545.77,0
159.607,3917.64,-352.681,-924.026,4.9241,3648.71,0
160.296,3924.54,-345.246,-931.831,3.84578,3589.98,0
160.977,3919.23,-349.878,-935.816,4.38069,3607.79,0
161.665,3944.85,-361.3,-913.224,1.08107,3433.92,0
162.362,3930.93,-360.331,-887.595,3.097,3504.96,0
163.051,3915.57,-354.359,-885.646,4.76253,3584.34,0
163.741,3931.73,-352.174,-866.742,2.72778,3470.54,0
164.433,3933.59,-360.917,-860.897,2.42495,3444.66,0
165.114,3921.92,-360.502,-857.825,3.85065,3501.08,0
165.799,3926.42,-371.856,-863.25,3.0154,3459.51,0
166.477,3936.7,-379.999,-872.317,1.45508,3383.65,0
167.16,3939,-371.932,-836.186,1.55879,3356.08,0
167.833,3947.52,-384.071,-829.38,0.397249,3291.84,0
168.525,3919.76,-402.195,-819.007,4.11965,3443.06,0
169.208,3924.57,-430.511,-829.743,2.98158,3400.74,0
169.898,3937.32,-409.529,-813.898,1.49365,3311.87,0
170.588,3938.72,-452.739,-818.319,1.00959,3290.25,0
171.275,3937.58,-464.829,-814.106,1.11882,3283.75,0
171.959,3917.3,-465.117,-814.378,3.75172,3388.62,0
172.65,3931.17,-480.279,-794.074,1.92854,3294.71,0
173.336,3903.26,-471.515,-808.252,5.45668,3442.7,0
174.023,3878.16,-480.861,-799.089,8.25475,3573.3,0
174.711,3886.71,-473.726,-794.71,6.13278,3510.31,0
175.385,3903.84,-482.146,-802.927,3.12834,3399.12,0
176.071,3885.35,-518.353,-796.415,5.23355,3490.92,0
176.766,3891.75,-506.582,-827.285,3.58628,3441,0
177.453,3883.57,-500.52,-828.197,4.52797,3473.76,0
178.134,3895.02,-481.563,-830.728,2.99294,3396.18,0
178.822,3905.18,-478.223,-828.163,1.59259,3326.3,0
179.509,3880.83,-485.154,-820.084,4.67983,3449.22,0
180.207,3879.88,-474.373,-838.559,4.32062,3441.14,0
180.898,3886.08,-493.613,-832.598,3.3121,3393.76,0
181.586,3873.39,-480.161,-869.592,4.56065,3450.73,0
182.273,3843.09,-467.973,-868.028,7.76451,3603.96,0
182.956,3870.66,-456.08,-873.52,3.68003,3439.85,0
183.64,3865.6,-447.173,-887.665,4.0638,3454.56,0
184.335,3843,-435.123,-890.242,6.53833,3564.17,0
185.024,3860.15,-448.299,-928.468,3.63243,3458.2,0
185.705,3858.1,-415.213,-907.151,4.03193,3456.58,0
186.385,3864.29,-447.275,-909.908,3.04271,3410.76,0
187.069,3864.61,-431.302,-926.32,2.82292,3396.53,0
187.756,3869.66,-429.877,-926.885,2.17712,3357.22,0
188.445,3849.97,-439.777,-923.126,4.52256,3449.41,0
189.132,3858.41,-454.212,-908.835,3.21016,3392.27,0
189.826,3866.66,-467.837,-905.897,2.01298,3336.4,0
190.516,3879.5,-462.695,-897.621,0.373133,3256.96,0
191.202,3860.77,-493.532,-906.464,2.57842,3343.23,0
191.878,3867.92,-490.029,-918.523,1.58625,3294.14,0
192.564,3851.34,-495.67,-920.046,3.65098,3368.54,0
193.256,3855.36,-523.234,-944.31,2.82949,3335.7,0
193.943,3847.89,-506.024,-943.8,3.70235,3362.38,0
194.629,3850.67,-484.806,-932.091,3.11142,3336.24,0
195.315,3828.72,-490.289,-943.97,5.42844,3436.93,0
196.005,3835.93,-483.287,-952.088,4.01396,3387.99,0
196.68,3853.13,-453.122,-957.714,1.70891,3288.94,0
197.366,3841.43,-463.083,-946.056,3.17595,3336.78,0
198.045,3819.98,-468.079,-939.915,5.94939,3433.67,0
198.724,3825.39,-469.376,-939.242,4.67732,3394.71,0
199.421,3812.67,-491.403,-948.134,5.45704,3446.62,0
200.11,3806.68,-507.369,-974.978,5.50774,3464.69,0
200.802,3826.55,-507.655,-977.044,2.71029,3353.81,0
201.487,3814.38,-499.489,-975.5,4.17593,3402.81,0
202.172,3811.78,-518.311,-1011.53,4.08186,3404.11,0
202.858,3824.5,-518.254,-1002.16,2.20724,3329.9,0
203.534,3824.35,-499.944,-1013.33,2.17427,3319.59,0
204.223,3837.55,-476.18,-1035.96,0.390967,3243.76,0
204.909,3826.08,-473.51,-1032.15,1.87591,3288.86,0
205.589,3827.78,-506.026,-1029.54,1.51227,3269.74,0
206.273,3816.12,-498.22,-1040.65,2.95569,3315.4,0
206.96,3804.64,-527.345,-1070.11,4.12135,3359.85,0
207.64,3825.33,-537.385,-1081.31,1.25374,3249.23,0
208.326,3806.41,-525.078,-1074.62,3.74666,3329.34,0
209.007,3819.64,-528.84,-1053.33,2.06226,3255.2,0
209.697,3813.13,-524.506,-1059.98,2.77967,3275.56,0
210.385,3804.78,-514.762,-1074.13,3.74537,3304.5,0
211.077,3789.36,-525.481,-1068.88,5.41188,3366.72,0
211.763,3803.85,-523.851,-1085.88,3.2023,3287.39,0
212.455,3790.09,-545.954,-1090.45,4.6693,3341.44,0
213.14,3791.95,-553.212,-1073.85,4.22296,3321.98,0
213.828,3795.92,-565.986,-1096.71,3.4481,3292.76,0
214.51,3811.56,-545.821,-1106.63,1.40904,3209.36,0
215.202,3816.77,-551.744,-1149.49,0.451609,3174.84,0
215.886,3812.26,-532.023,-1166.02,0.983202,3185.67,0
216.578,3814.27,-533.638,-1206.64,0.47378,3166.18,0
217.256,3808.32,-511.397,-1190.24,1.40625,3183.7,0
217.949,3785,-500.973,-1240.44,4.0822,3280.57,0
218.633,3784.88,-523.746,-1228.27,4.0223,3270.85,0
219.323,3806.2,-506.692,-1255.38,0.951341,3163.38,0
220.005,3797.89,-451.914,-1267.18,2.07604,3191.34,0
220.69,3788.95,-428.916,-1283.72,3.12287,3221.94,0
221.384,3799.03,-432.699,-1265.55,1.76229,3166.32,0
222.07,3781.92,-431.592,-1283.22,3.84522,3233.57,0
222.74,3763.34,-435.022,-1291.24,5.77481,3307.26,0
223.417,3753.22,-431.013,-1324.08,6.10531,3342.55,0
224.099,3753.35,-420.613,-1336.99,5.56277,3331.78,0
224.78,3755.92,-419.537,-1344.02,4.69734,3310.27,0
225.46,3767.02,-435.392,-1347.08,2.94032,3251.06,0
226.152,3755.06,-438.825,-1355.33,4.29553,3293.97,0
226.845,3752.5,-455.705,-1331.26,4.31951,3295.21,0
227.528,3751.45,-441.024,-1327.98,4.12853,3289.92,0
228.213,3780.84,-386.608,-1340.97,0.251317,3151.29,0
228.889,3769.81,-382.356,-1325.4,1.70686,3190.13,0
229.579,3767.94,-403.23,-1311.22,1.96682,3188.69,0
230.268,3771.31,-454.356,-1294.99,1.51577,3164.52,0
230.956,3754.16,-450.798,-1291.53,3.72603,3229.38,0
231.635,3748.06,-423.513,-1288.1,4.39027,3246.22,0
232.325,3749.95,-417.047,-1246.9,3.94921,3228.44,0
233.003,3757.32,-396.093,-1241.79,2.96546,3187.42,0
233.685,3759.82,-428.73,-1265.24,2.34064,3167.44,0
234.373,3774.57,-435.181,-1242.9,0.525983,3095.21,0
235.062,3769.27,-442.376,-1262.33,1.07667,3108.67,0
235.76,3757.09,-431.667,-1241.1,2.74059,3151.14,0
236.446,3741.14,-422.134,-1253.16,4.50114,3209.42,0
237.132,3724.87,-432.941,-1263.21,5.60568,3268.78,0
237.814,3736.93,-445.645,-1268.88,3.15317,3208.69,0
238.509,3722.21,-435.477,-1272.33,4.80447,3261.05,0
239.193,3721.01,-426.311,-1277.64,4.80126,3256.74,0
239.88,3724.69,-413.922,-1239.11,4.39186,3232.09,0
240.561,3720.4,-407.621,-1244.35,4.72995,3240.76,0
241.25,3729.84,-432.242,-1245.88,3.14067,3192.36,0
241.939,3733.4,-426.747,-1245.62,2.45735,3168.57,0
242.625,3718.08,-438.819,-1244.77,4.28161,3222.73,0
243.3,3702.56,-422.011,-1248.68,5.99933,3277.62,0
243.984,3689.02,-419.466,-1227.48,7.18019,3323.92,0
244.674,3726.7,-409.145,-1218.65,1.55519,3160.55,0
245.366,3735.61,-363.641,-1204.58,0.516692,3115.32,0
246.058,3717.33,-325.103,-1209.48,2.89958,3180.84,0
246.743,3714.45,-291.408,-1235.39,3.0484,3183.68,0
247.433,3718.55,-314.517,-1246.63,2.34646,3158.25,0
248.12,3691.26,-318.268,-1248.93,5.42108,3259.47,0
248.806,3691.75,-315.045,-1249.98,4.85345,3248.51,0
249.498,3675.09,-312.345,-1252.91,6.37519,3306.27,0
250.179,3674.02,-328.236,-1264.52,5.81761,3301.55,0
250.852,3672.59,-337.394,-1258.63,5.03956,3298.38,0
251.542,3678.04,-340.631,-1265.1,3.90301,3267.7,0
252.233,3683.08,-328.881,-1275.02,3.13913,3238.73,0
252.909,3653.66,-330.005,-1298.06,6.39498,3346.42,0
253.589,3639.9,-352.486,-1300.77,7.03488,3391.73,0
254.281,3654.58,-351.512,-1291.38,4.20238,3324.75,0
254.959,3666.79,-345.351,-1278.09,2.52664,3268.03,0
255.651,3671.79,-362.64,-1281.5,1.80907,3239.62,0
256.339,3646.83,-367.194,-1279.24,5.04544,3328.31,0
257.023,3642.86,-380.698,-1248.21,5.47353,3334.87,0
257.702,3631.63,-387.764,-1266.37,6.24189,3369.65,0
258.397,3622.9,-392.64,-1242.31,6.75583,3394.39,0
259.088,3606.99,-364.125,-1253.82,7.94799,3446.76,0
259.769,3600.9,-361.953,-1276.33,7.18057,3461.14,0
260.452,3591.89,-360.758,-1283.1,7.17913,3486.66,0
261.134,3625.65,-338.134,-1289.93,2.22652,3348.29,0
261.811,3611.2,-342.578,-1260.2,4.10759,3394.82,0
262.493,3602.52,-363.433,-1259.63,4.90527,3419.08,0
263.179,3606.21,-352.601,-1266.84,4.10527,3396.15,0
263.868,3616.09,-363.363,-1265.93,2.76499,3349.81,0
264.55,3621.51,-372.986,-1264.8,1.88761,3320.69,0
265.234,3617.77,-375.601,-1229.25,2.45683,3326.21,0
265.917,3633.1,-375.306,-1208.32,0.466384,3260.04,0
266.598,3629.38,-399.192,-1187.07,0.982442,3265.67,0
267.286,3619.35,-395.084,-1201.86,2.26667,3294.8,0
267.967,3621.72,-364.911,-1193.75,1.92432,3277.56,0
268.657,3617.99,-368.033,-1224.94,2.29927,3283.03,0
269.338,3599.64,-347.511,-1241.14,4.57225,3342.87,0
270.029,3600.95,-343.488,-1235.02,4.05495,3329.43,0
270.705,3593.62,-346.44,-1243.59,4.91179,3348.23,0
271.396,3588.69,-321.527,-1232.91,5.13667,3357.87,0
272.08,3580.51,-323.964,-1256.49,5.50706,3379.5,0
272.765,3589.04,-342.307,-1261.78,3.79278,3339.73,0
273.447,3608,-317.666,-1227.47,1.28691,3262.05,0
274.126,3602.63,-317.737,-1231.6,1.94861,3273.55,0
274.81,3584.75,-306.471,-1230.66,4.22828,3330.47,0
275.494,3615.16,-319.959,-1233.31,0.204516,3211.83,0
276.181,3605.86,-353.033,-1271.89,1.33228,3237.5,0
276.848,3585.95,-364.138,-1282.94,3.87933,3301.62,0
277.532,3558.82,-356.313,-1293.27,6.71278,3391.27,0
278.224,3562.31,-371.615,-1304.78,5.56708,3370.28,0
278.911,3552.86,-375.297,-1309.26,6.37336,3395.84,0
279.596,3570.08,-385.858,-1282.91,3.86519,3325.94,0
280.281,3591.46,-381.926,-1260.04,1.04842,3241.53,0
280.966,3587.31,-350.603,-1287.23,1.53406,3248.41,0
281.656,3557.9,-327.02,-1274.66,5.34595,3344.87,0
282.345,3550.54,-339.127,-1241.87,5.81565,3362.78,0
283.034,3551.37,-319.22,-1230.34,5.15931,3351.63,0
283.719,3556.05,-298.858,-1238.32,4.13677,3327.05,0
284.404,3558.85,-291.73,-1230.73,3.54171,3309.19,0
285.088,3553.35,-297.536,-1230.08,4.01256,3320.56,0
285.769,3536.6,-288.999,-1218.24,5.76744,3371.26,0
286.453,3545.92,-287.582,-1233.3,3.96203,3330.67,0
287.14,3566.41,-292.236,-1230.33,1.06437,3251.35,0
287.833,3567.14,-302.974,-1248.56,0.931012,3240.97,0
288.511,3560.78,-306.38,-1256.48,1.73418,3255.4,0
289.206,3557.79,-318.347,-1220.89,2.15534,3257.91,0
289.887,3535.02,-331.786,-1230.53,4.95073,3328.83,0
290.576,3565.38,-302.987,-1251.61,0.715762,3216.43,0
291.262,3547.58,-259.506,-1258.2,3.05801,3269.98,0
291.955,3538.8,-264.788,-1254.32,4.17475,3292.29,0
292.642,3528.05,-293.151,-1243.03,5.38357,3321.3,0
293.329,3545.53,-276.078,-1243.76,2.75159,3253.91,0
294.012,3559.69,-271.021,-1225.97,0.82111,3198.21,0
294.699,3559.21,-267.128,-1212.09,0.89432,3192.36,0
295.384,3557.24,-255.243,-1198.97,1.15355,3191.66,0
296.067,3541.81,-226.08,-1164.92,3.17131,3236.39,0
296.749,3538.99,-227.589,-1180.61,3.46991,3238.47,0
297.443,3541.23,-241.404,-1124.26,3.2032,3223.38,0
298.116,3530.64,-214.364,-1149.69,4.43159,3251.63,0
298.797,3543.48,-218.428,-1160.45,2.51825,3201.23,0
299.484,3540.44,-239.753,-1162.49,2.79002,3204.03,0
300.167,3514.3,-289.925,-1137.83,5.9663,3283.83,0
300.851,3506.28,-295.09,-1137.24,6.07604,3303.05,0
301.538,3492.35,-275.514,-1162.45,6.56543,3341.71,0
302.213,3489.1,-288.676,-1180.53,5.95063,3345,0
302.89,3470.88,-309.444,-1183.83,7.18632,3397.67,0
303.577,3469.04,-297.077,-1177.38,6.27275,3396.06,0
304.259,3453.85,-315.075,-1187.88,7.01014,3438.34,0
304.941,3434.5,-301.365,-1186.1,7.89816,3494.13,0
305.62,3439.65,-313.633,-1188.11,5.94692,3469.49,0
306.31,3451.08,-308.662,-1210.48,4.01859,3424.36,0
306.987,3469.32,-277.167,-1206.04,1.86038,3357.4,0
307.689,3465.92,-246.962,-1211.71,2.22535,3360.8,0
308.368,3458.53,-252.835,-1196.65,3.16226,3377.37,0
309.051,3423.72,-243.664,-1187.64,6.94003,3482.52,0
309.736,3406.82,-231.999,-1197.8,7.82388,3529.4,0
310.417,3405.3,-225.777,-1192.37,7.18332,3526.54,0
311.11,3393.42,-226.669,-1182.33,7.58838,3556.89,0
311.79,3384.23,-239.749,-1189.97,7.14805,3578.59,0
312.478,3378.67,-232.544,-1197,6.68031,3588.5,0
313.167,3390.97,-223.908,-1197.38,4.68894,3541.34,0
313.851,3399.67,-221.424,-1201.65,3.3201,3505.9,0
314.533,3417.73,-222.066,-1232.82,0.781145,3440.89,0
315.227,3416.2,-241.852,-1202.19,1.26983,3438.15,0
315.908,3397.97,-247.15,-1195.39,3.52453,3488.47,0
316.586,3384.5,-256.821,-1200.52,4.59242,3523.54,0
317.269,3413.89,-252.591,-1182.72,1.13024,3423.31,0
317.955,3412.07,-222.832,-1203.9,1.17506,3421.65,0
318.64,3388.16,-227.299,-1200.54,3.96927,3489.33,0
319.327,3389.83,-224.275,-1188.67,3.63206,3476.59,0
320.013,3394.09,-208.949,-1177,3.24519,3455.83,0
320.705,3379.88,-205.424,-1181.82,4.75318,3492.67,0
321.381,3398.54,-220.79,-1191.71,2.23412,3427.28,0
322.068,3382.41,-227.959,-1198.1,3.88819,3470.03,0
322.745,3378.06,-220.567,-1177.61,4.53459,3476.25,0
323.431,3358.05,-206.753,-1177.21,6.22188,3530.75,0
324.112,3374.99,-186.787,-1187.98,3.57214,3471.06,0
324.795,3382.27,-213.648,-1186.74,2.56643,3441.35,0
325.485,3400.08,-223.917,-1188.94,0.348004,3379.32,0
326.173,3374.75,-210.937,-1187.09,3.36954,3449.86,0
326.86,3332.45,-221.076,-1181.21,7.77545,3572.01,0
327.539,3341.08,-213.407,-1174.86,6.06409,3538.28,0
328.222,3315.94,-201.147,-1158.93,8.19363,3607.51,0
328.911,3321.69,-200.437,-1156.85,6.56196,3582.47,0
329.59,3315.89,-198.529,-1149.95,6.6709,3592.68,0
330.276,3300.05,-198.648,-1152.93,7.49024,3633.19,0
330.967,3302.43,-203.107,-1146.78,6.21708,3618.39,0
331.642,3291.92,-210.894,-1142.72,7.02864,3642.72,0
332.332,3268.39,-218.745,-1163.24,8.31561,3705.98,0
333.021,3251.47,-207.904,-1159.71,8.66144,3749.09,0
333.706,3245.62,-212.423,-1148.04,7.81178,3758.94,0
334.382,3251.29,-222.747,-1139.06,6.15927,3734.37,0
335.071,3258.23,-247.048,-1122.13,5.06533,3706.01,0
335.742,3251.12,-267.951,-1114.53,5.38046,3719.77,0
336.438,3257.26,-257.959,-1109.64,4.1792,3693.83,0
337.128,3248.99,-251.822,-1143.54,4.48803,3710.79,0
337.816,3248.99,-244.052,-1118.09,4.56831,3703.22,0
338.495,3267.09,-249.247,-1132.83,1.89598,3642.33,0
339.184,3258.92,-266.825,-1147.13,2.66311,3659,0
339.86,3266.4,-226.65,-1160.3,1.57168,3629.73,0
340.542,3266.51,-216.842,-1146.51,1.69115,3622.13,0
341.227,3250.97,-216.355,-1160.86,3.33371,3660.41,0
341.904,3277.21,-204.273,-1162.69,0.125415,3576.4,0
342.593,3271.62,-193.439,-1154.93,0.824629,3585.54,0
343.273,3262.42,-166.728,-1186.93,1.65016,3605.24,0
343.958,3259.56,-192.957,-1154.99,2.32139,3606.38,0
344.627,3274.49,-179.297,-1159.23,0.411215,3556.06,0
345.311,3278.81,-189.923,-1128.28,0.184784,3536.49,0
345.993,3261.12,-143.432,-1112.93,2.495,3580.64,0
346.677,3270.83,-158.771,-1127.56,1.06687,3545.58,0
347.364,3260.61,-163.627,-1136.41,2.13325,3567.98,0
348.044,3234.33,-195.507,-1116.5,5.36871,3636.52,0
348.725,3248.84,-209.912,-1123.97,3.16307,3587.82,0
349.403,3233.98,-217.971,-1130.19,4.64824,3623.38,0
350.088,3229.25,-257.298,-1138.14,4.86351,3629.81,0
350.779,3231.34,-228.307,-1163.78,4.09223,3616.69,0
351.461,3225.16,-237.283,-1176.82,4.4594,3627.26,0
352.148,3240.33,-223.26,-1209.88,2.1123,3577.11,0
352.83,3237.73,-241.618,-1234.99,2.08274,3577.56,0
353.519,3226.72,-207.356,-1228.62,3.59552,3601.73,0
354.205,3222.62,-186.002,-1244.16,3.82701,3606.33,0
354.886,3212,-172.055,-1232.68,4.69248,3629.34,0
355.567,3224.22,-156.329,-1255.29,2.73046,3588.01,0
356.258,3215.66,-157.227,-1260.37,3.52296,3605.08,0
356.946,3213.01,-162.469,-1264.83,3.57531,3605.55,0
357.634,3229.54,-187.385,-1298.3,1.05187,3552.41,0
358.316,3226.81,-176.824,-1284.03,1.5688,3553.25,0
359,3206.18,-180.49,-1275.24,3.98738,3603.97,0
359.678,3192.24,-183.538,-1291.1,5.2558,3635.92,0
360.363,3195.53,-180.989,-1298.35,4.34015,3619.88,0
361.057,3198.12,-189.156,-1294.09,3.65352,3605.73,0
361.74,3198.47,-183.983,-1298.79,3.44537,3597.97,0
362.421,3201.37,-185.336,-1252.55,3.50992,3583.2,0
363.1,3211.97,-193.121,-1275.9,1.89625,3547.31,0
363.78,3199.42,-196.221,-1276.22,3.37667,3575.19,0
364.455,3217.02,-215.623,-1302.85,0.864773,3520.28,0
365.152,3203.51,-225.337,-1327.58,2.23045,3550.56,0
365.838,3206.71,-248.947,-1339.62,1.63524,3535.15,0
366.519,3189.86,-269.211,-1312,3.86343,3574.56,0
367.21,3196.98,-292.858,-1315.03,2.89201,3548.44,0
367.901,3195.87,-295.619,-1311.22,2.91425,3544.8,0
368.58,3187.84,-283.768,-1302.69,3.75589,3560.05,0
369.268,3191.4,-284.12,-1299.07,3.16888,3543.77,0
369.942,3214.24,-274.731,-1287.94,0.545657,3475.56,0
370.621,3188.99,-287.189,-1293.2,3.45256,3537.34,0
371.3,3187.4,-274.472,-1310.81,3.17777,3535.14,0
371.988,3204.64,-298.837,-1295.55,1.13988,3482.25,0
372.682,3194,-313.13,-1309.77,2.25276,3504.34,0
373.37,3181.14,-301.457,-1316.25,3.73087,3532.33,0
374.053,3186.16,-311.213,-1304.54,2.84407,3512.45,0
374.752,3176.52,-295.53,-1265.3,4.33011,3531.62,0
375.43,3174.32,-287.396,-1282.53,4.06177,3531.09,0
376.109,3157.91,-298.782,-1281.75,5.72309,3568.36,0
376.788,3165.45,-267.529,-1277.44,4.43413,3541.92,0
377.477,3158.52,-269.576,-1286.54,4.80414,3553.81,0
378.16,3168.8,-282.735,-1315.07,2.88915,3520.2,0
378.847,3182.4,-276.611,-1326.67,1.02147,3477.92,0
379.526,3166.76,-288.843,-1299.24,3.16228,3512.9,0
380.208,3179.03,-262.971,-1319.61,1.43597,3474.34,0
380.886,3170.18,-272.814,-1315.38,2.51517,3491.38,0
381.57,3159.1,-289.118,-1358.77,3.38549,3514.16,0
382.261,3139.08,-295.276,-1366.09,5.34494,3560.19,0
382.947,3156.46,-297.639,-1385.7,2.72885,3508.41,0
383.633,3131.61,-287.342,-1385.34,5.49343,3566.91,0
384.315,3139.3,-283.273,-1375.72,4.1819,3540.58,0
385.002,3169.56,-278.845,-1364.93,0.403082,3455.66,0
385.684,3155.59,-257.388,-1372.2,2.06025,3485.79,0
386.37,3130.43,-275.716,-1339.3,5.30696,3544.71,0
387.05,3132.34,-257.033,-1337.04,4.62681,3533.53,0
387.739,3121.81,-255.65,-1312.29,5.6997,3554.43,0
388.423,3129.08,-240.235,-1303.85,4.5594,3529.45,0
389.097,3133.31,-196.66,-1301.26,4.02317,3512.47,0
389.784,3134.52,-226.294,-1308.66,3.45436,3503.19,0
390.459,3122.22,-237.473,-1320.73,4.64482,3528.62,0
391.137,3117.14,-224.166,-1313.88,5.048,3535.5,0
391.819,3120.88,-222.595,-1296.8,4.43841,3519.78,0
392.508,3130.14,-223.332,-1320.51,2.74966,3490.02,0
393.204,3112.57,-224.092,-1318.56,4.8165,3528.52,0
393.888,3114.1,-237.621,-1340.59,4.26252,3518.51,0
394.569,3128.99,-230.045,-1348.08,2.23601,3474.71,0
395.253,3116.53,-220.687,-1328.92,3.93313,3500.22,0
395.923,3096.55,-231.976,-1330.04,6.06296,3544.75,0
396.612,3079.34,-218.451,-1342.33,7.18966,3581.99,0
397.291,3073.24,-229.939,-1336.56,6.83249,3591.23,0
397.975,3078.72,-215.692,-1328.48,5.3767,3571.28,0
398.66,3103.89,-191.403,-1336.28,1.98207,3501.99,0
399.343,3112.81,-181.743,-1305.6,1.17688,3473.68,0
400.022,3094.18,-150.377,-1309.02,3.42216,3514.34,0
400.713,3095.75,-140.397,-1291.94,3.31431,3504.37,0
401.389,3081.14,-142.316,-1310.15,4.63955,3534.87,0
402.066,3095.88,-144.948,-1293.12,2.78374,3492.26,0
402.751,3069.92,-115.489,-1287.59,5.74553,3550.77,0
403.428,3068.07,-143.342,-1288.77,5.26255,3549.39,0
404.113,3064.11,-154.147,-1302.34,5.19482,3553.18,0
404.805,3072.03,-161.733,-1290.83,3.93341,3527.55,0
405.484,3085.25,-152.257,-1281.55,2.28783,3489.04,0
406.171,3094.09,-171.111,-1279.46,1.11764,3461.39,0
406.854,3079.26,-183.265,-1321.26,2.50636,3492.01,0
407.531,3087.45,-199.311,-1322.02,1.36561,3466.11,0
408.219,3086.4,-213.386,-1318.42,1.49873,3462.85,0
408.907,3063.33,-217.912,-1268.39,4.70887,3513.44,0
409.595,3054.09,-212.464,-1294.4,5.34649,3530.1,0
410.278,3057.51,-196.934,-1287.83,4.82887,3515.88,0
410.96,3039.43,-216.493,-1279.43,6.3057,3554.03,0
411.631,3023.12,-227.507,-1280.38,7.39991,3587.87,0
412.325,3026.17,-215.462,-1289.88,6.30956,3574.44,0
413.006,3023.39,-209.599,-1277.72,6.05141,3575.28,0
413.702,3015.58,-193.331,-1289.3,6.24278,3588.14,0
414.383,3028.69,-160.993,-1294.09,4.11573,3550.61,0
415.071,3038.57,-137.47,-1287.78,2.78163,3520.91,0
415.758,3035.54,-147.325,-1316.87,2.7633,3522.38,0
416.436,3039.77,-160.795,-1348.02,1.88731,3506.49,0
417.121,3036.81,-162.341,-1349.27,2.09788,3507.84,0
417.812,3027.22,-151.774,-1323.44,3.57963,3524.98,0
418.502,3023.57,-153.003,-1327.23,3.83524,3527.9,0
419.195,3008.88,-154.918,-1312.17,5.51801,3557.11,0
419.885,3007.87,-177.119,-1316,4.92525,3553.65,0
420.577,2994.17,-202.251,-1321.79,6.13616,3580.4,0
421.267,2988.09,-211.429,-1296.39,6.10614,3588.97,0
421.955,2978.47,-204.651,-1300.53,6.47514,3605.89,0
422.65,2969.23,-206.142,-1309.78,6.4429,3621.85,0
423.336,2966.39,-209.996,-1316.65,6.25963,3622.67,0
424.033,2967.19,-227.137,-1319.41,5.6265,3614.85,0
424.713,2957.52,-217.604,-1314.11,6.24997,3631.81,0
425.407,2944.5,-225.754,-1333.09,6.77535,3656.5,0
426.086,2947.01,-224.115,-1323.36,5.79872,3644.79,0
426.763,2943.8,-233.465,-1307.21,5.59527,3646.53,0
427.442,2943.51,-208.048,-1296.32,5.28288,3641.41,0
428.139,2940.99,-210.953,-1298.62,5.09175,3641.37,0
428.821,2959.78,-203.444,-1310.81,2.4534,3591.76,0
429.502,2938.5,-191.921,-1313.93,4.99242,3635.61,0
430.189,2913.16,-191.155,-1321.22,7.63102,3688.7,0
430.88,2915.84,-200.412,-1325.02,5.91679,3676.57,0
431.56,2923.51,-201.008,-1310.82,4.77036,3653,0
432.249,2956.69,-167.205,-1307.63,0.511148,3570.41,0
432.928,2945.23,-190.353,-1276.89,2.18049,3591.29,0
433.608,2948.32,-175.412,-1251.58,1.88817,3578.52,0
434.277,2957.01,-156.535,-1252.54,0.799915,3553.01,0
434.967,2938.73,-149.229,-1251.92,3.13596,3589.4,0
435.647,2945.33,-125.985,-1269.79,1.98423,3568.64,0
436.326,2953.02,-131.105,-1248.13,1.17383,3545.47,0
437.007,2941.79,-150.293,-1215.89,2.84925,3565.65,0
437.683,2928.13,-127.51,-1252.59,4.16413,3591.34,0
438.376,2925.81,-127.723,-1252.36,4.00569,3590.96,0
439.065,2927.79,-139.775,-1248.46,3.63643,3580.82,0
439.742,2947.92,-132.663,-1235.17,1.04674,3529.53,0
440.428,2937.68,-107.502,-1232.72,2.3498,3547.27,0
441.107,2951.84,-105.257,-1232.11,0.511629,3509.73,0
441.792,2926.23,-90.9772,-1218.3,3.86889,3562.25,0
442.474,2911.3,-111.209,-1228.79,5.35829,3590.49,0
443.158,2888.92,-115.315,-1235.24,7.12275,3635.45,0
443.837,2904,-117.422,-1226.41,4.58107,3595.92,0
444.53,2896.3,-127.689,-1247.61,5.1052,3607.63,0
445.211,2898.96,-100.691,-1259.59,4.11025,3596.13,0
445.892,2910.23,-113.583,-1291.02,2.07449,3565.37,0
446.58,2912.58,-115.628,-1292.48,1.75355,3554.63,0
447.268,2889.18,-95.495,-1257.39,4.89849,3601.46,0
447.956,2893.31,-103.176,-1269.67,3.98661,3586.71,0
448.643,2894.42,-98.3547,-1240.08,3.77834,3578.74,0
449.328,2886.24,-67.7003,-1218.62,4.94379,3591.5,0
450.007,2887.59,-51.9282,-1228.69,4.26367,3583.08,0
450.702,2885.09,-26.6956,-1200.52,4.57535,3583.09,0
451.39,2848.53,-40.6913,-1201.05,8.28983,3658.62,0
452.067,2843.31,-30.8729,-1204.09,7.92942,3664.69,0
452.748,2844.02,-44.7558,-1189.33,7.11827,3657.62,0
453.428,2838.39,-55.5255,-1186.61,6.72254,3664.54,0
454.11,2838.58,-35.983,-1195.84,5.7252,3658.63,0
454.795,2833.44,-48.8203,-1182.9,5.68309,3664.41,0
455.475,2827.76,-63.5634,-1181.75,5.72517,3671.42,0
456.153,2817.49,-77.135,-1187.43,6.28824,3688.49,0
456.834,2805.69,-77.9207,-1170.18,7.01319,3708.8,0
457.52,2801.11,-99.159,-1171.01,6.65516,3713.26,0
458.209,2810.41,-90.3238,-1149.85,4.86676,3687.37,0
458.907,2803.32,-79.3955,-1160.3,5.37696,3697.22,0
459.585,2794.03,-76.4075,-1169.54,6.06303,3711.99,0
460.267,2804.99,-84.4818,-1145.03,4.47275,3682.67,0
460.949,2808.6,-77.0425,-1162.7,3.60606,3669.39,0
461.622,2810.26,-65.9564,-1169.73,3.17799,3660.45,0
462.309,2801.39,-107.252,-1188.95,3.93674,3674.18,0
462.992,2787.44,-116.534,-1192.94,5.5033,3698.91,0
463.666,2785.03,-125.57,-1210.37,5.11653,3698.71,0
464.355,2784.14,-138.494,-1201.47,4.8928,3695.16,0
465.036,2759.73,-161.619,-1200.31,7.20232,3742.22,0
465.712,2750.36,-155.464,-1193.11,7.45728,3756.91,0
466.396,2733.32,-126.432,-1187.13,8.24157,3787.94,0
467.076,2727.97,-133.246,-1175.34,7.29099,3793.88,0
467.764,2726.8,-137.727,-1183.48,6.72334,3790.79,0
468.451,2731.32,-136.102,-1195.32,5.39698,3775.59,0
469.131,2719,-111.579,-1193.3,6.39136,3796.38,0
469.822,2723.6,-116.919,-1178.57,5.26502,3781.01,0
470.502,2746.03,-127.606,-1185.63,2.04526,3727.87,0
471.192,2747.63,-130.798,-1200.15,1.72351,3719.02,0
471.873,2747.23,-131.74,-1174.81,1.86395,3714.51,0
472.553,2729.95,-146.475,-1175.79,3.9931,3745.72,0
473.248,2711.46,-131.436,-1178.11,6.02123,3779.29,0
473.939,2736.59,-134.225,-1183.44,2.16028,3720.74,0
474.622,2747.1,-126.941,-1192.11,0.672664,3693.26,0
475.308,2739.54,-124.668,-1179.68,1.67694,3703.83,0
475.997,2732.06,-101.927,-1147.11,2.8267,3714.18,0
476.685,2716.87,-110.669,-1160.51,4.48312,3740.69,0
477.369,2740.19,-122.203,-1144.33,1.31583,3686.48,0
478.046,2741.96,-140.466,-1175.24,0.902714,3677.55,0
478.731,2723.71,-164.141,-1153.31,3.29396,3710.42,0
479.404,2730.57,-182.679,-1180.26,2.0669,3690.89,0
480.088,2730.27,-213.927,-1142.92,2.22173,3686.27,0
480.768,2710.52,-210.523,-1123.68,4.70566,3722.12,0
481.454,2683.43,-213.835,-1123.52,7.66386,3773.09,0
482.142,2695.57,-234.177,-1138.73,4.99176,3742.52,0
482.825,2683.61,-240.319,-1130.3,6.01562,3762.02,0
483.504,2684.47,-235.321,-1133.65,5.30492,3754.94,0
484.199,2679.19,-214.665,-1139.2,5.20856,3760.46,0
484.879,2665.62,-211.142,-1137.36,6.33577,3783.16,0
485.571,2676.09,-188.996,-1153.71,4.52354,3756.22,0
486.262,2673.03,-160.1,-1143.33,4.44812,3757.17,0
486.948,2661.13,-119.954,-1141.45,5.62731,3776.3,0
487.629,2665.74,-116.372,-1141.24,4.61129,3761.58,0
488.315,2670.98,-122.894,-1178.51,3.68374,3745.57,0
489,2691.47,-78.6979,-1177.51,0.895425,3698.43,0
489.689,2689.82,-65.7646,-1191.89,1.04662,3696.59,0
490.382,2683.14,-80.2669,-1168.6,1.9066,3704.98,0
491.061,2685.63,-94.9033,-1174.02,1.53747,3694.79,0
491.737,2659.61,-117.333,-1192.25,4.74118,3742.63,0
492.423,2666.35,-114.847,-1174.35,3.45944,3723.73,0
493.107,2666.08,-125.51,-1182.16,3.38168,3719.11,0
493.797,2670.86,-149.087,-1165.51,2.75375,3704.23,0
494.488,2686.08,-179.026,-1126.75,0.783513,3668.27,0
495.175,2669.35,-170.657,-1102.64,3.04881,3696.98,0
495.857,2665.91,-170.043,-1089.54,3.43732,3698.83,0
496.547,2661.05,-137.022,-1077.47,3.89914,3703.48,0
497.236,2654.56,-137.563,-1071.44,4.42426,3711.39,0
497.92,2660.23,-143.391,-1057.22,3.52077,3694.91,0
498.603,2656.23,-160.233,-1049.14,3.93124,3697.88,0
499.297,2650.91,-143.252,-1047.92,4.36656,3703.39,0
499.982,2647.67,-103.599,-1050.19,4.2484,3704.79,0
500.658,2641.56,-111.674,-1016.37,4.88783,3711.99,0
501.338,2636.22,-118.173,-1013.65,5.10102,3717.61,0
502.024,2623.38,-95.4835,-1011.21,6.19314,3738.11,0
502.698,2601.15,-121.144,-1014.42,7.77158,3777.31,0
503.388,2601.01,-110.518,-1009.98,6.81809,3772.41,0
504.091,2591.68,-115.877,-996.939,6.94728,3785.67,0
504.78,2578.18,-119.304,-1002.65,7.51301,3807.24,0
505.46,2603.84,-106.258,-982.348,3.82503,3751.35,0
506.153,2595.94,-115.274,-968.368,4.52706,3761.83,0
506.83,2603.16,-70.1308,-956.491,3.22359,3742.56,0
507.509,2596.24,-58.5045,-946.727,3.79443,3751.19,0
508.188,2615.06,-58.5,-962.085,1.09422,3709.14,0
508.868,2621.49,-50.3768,-961.282,0.189912,3691.54,0
509.548,2606.04,-44.3151,-978.343,2.16025,3716.95,0
510.235,2602.35,-46.334,-988.287,2.45927,3719.16,0
510.927,2594.79,-49.258,-1018.52,3.26436,3728.93,0
511.618,2581.13,-69.4932,-1031.88,4.72667,3750.58,0
512.301,2602.18,-51.4365,-1008.98,1.70668,3704.51,0
512.992,2601.06,-51.2896,-1006.21,1.88107,3701.69,0
513.675,2595.42,-49.3341,-991.425,2.60902,3707.76,0
514.353,2562.78,-51.3074,-982.852,6.46683,3766.32,0
515.039,2566.56,-75.2741,-993.448,5.52081,3753.96,0
515.725,2562.86,-85.5547,-1014.05,5.54037,3756.15,0
516.418,2567.21,-89.803,-1023.61,4.77488,3742.69,0
517.106,2566.71,-70.5265,-1016.56,4.41479,3738.67,0
517.781,2561.38,-89.9043,-1016.67,4.79828,3744.08,0
518.48,2573.29,-55.0019,-1022.49,3.02703,3716.08,0
519.173,2574.3,-61.6778,-1030,2.81947,3709.17,0
519.862,2561.8,-86.5355,-1035.29,4.26223,3728.3,0
520.546,2557.49,-80.2078,-1035.89,4.52683,3731.67,0
521.227,2541.38,-51.4326,-1051.4,6.44291,3757.71,0
521.91,2552.08,-49.189,-1067.54,4.70685,3732.29,0
522.595,2559.59,-50.9816,-1054.04,3.46168,3713.03,0
523.283,2557.09,-44.4853,-1058.25,3.61644,3712.93,0
523.957,2548.73,-57.6787,-1073.74,4.52612,3724.11,0
524.642,2564.82,-45.6391,-1071.46,2.15848,3688.56,0
525.319,2555.93,-68.3199,-1059.92,3.31539,3700.75,0
525.988,2569.77,-103.812,-1072.47,1.34909,3669.72,0
526.675,2540.24,-98.2746,-1073.29,5.07523,3721,0
527.358,2546.63,-113.437,-1062.85,3.97037,3704.06,0
528.046,2539.1,-110.949,-1040.28,4.8366,3713.51,0
528.725,2571.4,-148.736,-1021.71,0.492403,3647.65,0
529.411,2547.69,-183.284,-1025.46,3.49273,3687.7,0
530.095,2551.45,-162.3,-1014.49,2.83625,3675.86,0
530.78,2535.31,-154.394,-1007.02,4.74285,3701.53,0
531.46,2535.82,-147.098,-1029.84,4.29968,3695.82,0
532.146,2538.91,-149.74,-1017.25,3.6772,3685.26,0
532.831,2544.08,-148.427,-999.16,2.9591,3670.8,0
533.519,2537.73,-150.336,-1012.09,3.63734,3677.98,0
534.218,2552.14,-153.991,-1013.17,1.67771,3646.19,0
534.919,2556.47,-153.281,-972.49,1.11223,3633.32,0
535.595,2556.09,-139.821,-955.096,1.17545,3629.44,0
536.275,2559.45,-128.44,-927.916,0.725113,3618.58,0
536.958,2559.85,-128.839,-916.817,0.678919,3613.22,0
537.646,2544.16,-117.4,-889.915,2.78981,3637.79,0
538.325,2542.69,-105.124,-891.58,2.75188,3635.93,0
539.004,2529.37,-77.32,-876.744,4.43529,3656.05,0
539.698,2515.55,-57.5635,-878.668,6.24865,3676.96,0
540.376,2513.41,-73.0537,-876.42,6.01849,3676.31,0
541.055,2519.97,-65.9685,-886.945,4.32846,3659.57,0
541.733,2507.31,-62.0772,-893.014,5.88216,3678.36,0
541.984,2499.92,-64.2518,-897.542,6.63511,3690.28,0
