0.692839,4466.91,-267.797,-111.794,2.71265,47761.2,0
1.37198,4460.86,-285.444,-138.365,1.57296,28526.4,0
2.05825,4440.15,-265.843,-132.352,5.11952,29079.3,0
2.74249,4445.04,-247.807,-133.054,5.08757,20038.7,0
3.42984,4468.09,-253.425,-158.94,0.686909,9302.93,0
4.10903,4477.11,-228.161,-157.552,1.02761,5570.81,0
4.78479,4451.32,-239.907,-176.251,2.69001,10173.5,0
5.47535,4443.24,-234.564,-186.248,3.40538,10366.3,0
6.16475,4428.43,-237.441,-203.999,3.71011,11609,0
6.8538,4412.68,-223.061,-227.915,4.91954,12740.9,0
7.54566,4419.48,-213.641,-246.665,3.28186,10671,0
8.23206,4415.48,-194.69,-233.105,5.18302,10266.8,0
8.91348,4395.79,-177.174,-230.043,7.66135,11691.6,0
9.60469,4387.81,-168.828,-218.462,8.13301,11681.3,0
10.2892,4379.97,-177.274,-237.837,6.66924,11665.3,0
10.9774,4375.34,-189.65,-229.624,6.15096,11356.1,0
11.6724,4364.35,-202.066,-239.786,5.4973,11621.7,0
12.3675,4337.74,-199.998,-248.44,7.40023,13119.6,0
13.0537,4337.56,-190.739,-241.229,7.32669,12444.1,0
13.7457,4339.6,-195.266,-221.331,7.30068,11669.3,0
14.432,4352.81,-211.475,-233.063,3.58984,10198.6,0
15.1104,4363.74,-243.488,-225.443,0.920992,9017.67,0
15.7845,4347.88,-233.851,-262.631,1.38534,9637.57,0
16.469,4355.12,-229.906,-247.159,1.48747,8797.27,0
17.1534,4330.89,-226.69,-236.89,5.16407,9858.94,0
17.8389,4340.95,-230.618,-234.836,3.73691,8915.84,0
18.5286,4380.6,-223.255,-187.456,1.5993,6443.92,0
19.2213,4353.34,-200.393,-192.118,5.68753,7630.07,0
19.8987,4361.56,-204.723,-210.249,3.27553,6957.2,0
20.5812,4356.67,-189.47,-206.177,4.71747,6964.18,0
21.2569,4356.13,-170.365,-205.96,5.41764,6768.31,0
21.9385,4370.7,-176.739,-191.938,3.67259,5893.76,0
22.6219,4364.52,-189.225,-182.88,4.13966,5989.02,0
23.3078,4374.48,-162.339,-176.768,4.46607,5385.5,0
23.9874,4379.69,-149.885,-204.208,2.64195,5015.67,0
24.6821,4384.24,-153.062,-211.887,1.50571,4689.83,0
25.3662,4356.58,-123.571,-225.127,4.8315,5653.89,0
26.0464,4362.73,-137.053,-198.082,4.82903,5270.3,0
26.7205,4382.38,-116.6,-211.778,2.21664,4401.73,0
27.4079,4370.64,-108.209,-215.11,3.50358,4719.92,0
28.092,4389.44,-120.671,-152.036,4.87599,3935.76,0
28.7774,4392.07,-114.895,-154.233,4.30182,3750.64,0
29.4647,4383.3,-116.443,-164.667,4.20224,3960.59,0
30.1466,4402.31,-106.257,-159.16,2.6576,3240.35,0
30.8301,4392.22,-94.4248,-142.36,5.02189,3495.97,0
31.5212,4386.17,-76.1673,-145.16,5.85816,3611.15,0
32.2045,4370.52,-59.163,-141.311,7.37406,4020.64,0
32.8876,4380.73,-49.2719,-127.112,6.83768,3626.7,0
33.5779,4373.09,-48.1866,-129.029,6.52879,3779.72,0
34.2609,4375.26,-53.1,-135.246,5.21846,3640.82,0
34.9467,4345.95,-38.9598,-137.539,7.4277,4408.1,0
35.6383,4345.87,-39.0339,-123.91,7.09864,4324.93,0
36.3169,4340.71,-41.2592,-122.957,6.67484,4386.15,0
36.9968,4348.71,-23.1504,-121.473,5.61995,4089.19,0
37.6798,4344.35,-19.2008,-149.802,3.50856,4130.89,0
38.3663,4340.57,-27.4936,-144.603,4.1819,4155.4,0
39.0447,4339.87,-43.9375,-137.788,4.26179,4101.21,0
39.7305,4351.5,-61.8586,-146.348,1.66674,3737.56,0
40.4039,4360.06,-48.8246,-130.325,2.37401,3463.48,0
41.0851,4319.64,-57.09,-120.797,6.71091,4389.82,0
41.7835,4331.87,-51.2305,-121.64,4.977,4023.79,0
42.4779,4326.26,-63.9446,-107.473,5.57583,4090.18,0
43.1604,4334.2,-41.1212,-108.412,5.18938,3841.54,0
43.8366,4330.18,-29.6437,-103.995,5.98566,3873.87,0
44.5269,4321.26,-34.6552,-95.4223,6.44398,4014.17,0
45.2101,4334.35,-17.1889,-99.4473,4.40086,3664.01,0
45.8957,4321.52,-35.1901,-109.025,4.24908,3888.78,0
46.5768,4337.53,-39.8928,-107.537,2.55169,3488.25,0
47.258,4319.81,-33.4671,-111.999,3.86611,3812.9,0
47.9445,4311.69,-17.1647,-92.0752,6.52347,3927.62,0
48.6202,4335.69,-14.3349,-81.5793,4.69833,3379.47,0
49.2978,4333.53,2.22156,-61.7864,6.22561,3376.87,0
49.9889,4333.08,3.49493,-54.0791,6.19862,3339.22,0
50.6755,4331.01,-4.50505,-39.7037,6.67833,3334.79,0
51.3749,4326.77,8.81349,-45.8687,6.03307,3371.89,0
52.063,4297.15,3.38549,-37.0556,8.68773,3896.27,0
52.7446,4287.77,4.79882,-22.6554,9.03875,4023.75,0
53.4156,4284.8,14.2671,-20.454,7.47528,4028.86,0
54.0978,4296.26,22.2339,-5.86236,5.78684,3766.07,0
54.7832,4303.13,23.778,-10.8715,4.32061,3593.66,0
55.4697,4304.03,-8.57647,-17.2772,4.38741,3532.96,0
56.1616,4297.19,-0.600055,-8.7778,5.53879,3611.2,0
56.8523,4306.32,9.71679,17.5412,3.37713,3406.7,0
57.5339,4303.93,-0.0686599,-17.4115,3.50561,3407.97,0
58.2278,4276.61,8.75422,-14.0405,5.80041,3836.49,0
58.9117,4280.56,5.5627,-25.5837,4.10591,3724.83,0
59.5951,4277.72,14.3338,-19.3666,4.32844,3729.92,0
60.2931,4276.57,3.17766,-33.4531,3.07454,3705.78,0
60.9754,4291.53,-19.8913,-11.8861,2.6088,3418.94,0
61.6548,4280.63,-35.9324,8.96115,2.30336,3558.03,0
62.3405,4279.51,-43.135,-30.4977,0.871268,3536.93,0
63.028,4263.64,-21.7781,-20.7109,4.35082,3750.13,0
63.7154,4275.33,-14.8111,-36.7292,2.24011,3526.07,0
64.3973,4279.07,-16.5719,-31.8392,2.30676,3430.78,0
65.0785,4287.22,-37.1121,-0.419516,1.42144,3269.53,0
65.7535,4253.58,-20.0921,9.09505,5.82762,3747.6,0
66.436,4281.23,-24.8136,-10.5446,2.37015,3292.87,0
67.1249,4278.22,-11.6984,-3.25434,3.95275,3303.92,0
67.8094,4266.69,-2.99993,10.1189,4.82292,3440.67,0
68.4996,4238.02,-5.37692,21.8067,5.92813,3824.55,0
69.189,4211.02,-9.56966,33.2685,6.43819,4176.61,0
69.8786,4183.85,-13.386,55.1764,5.85048,4524.29,0
70.5719,4182.99,-4.67405,38.8595,6.99562,4491.98,0
71.2584,4186.92,-36.2917,28.6599,5.15278,4393.59,0
71.9375,4190.75,-42.5924,2.51067,4.36274,4298.87,0
72.6286,4204.87,-56.9206,1.19716,1.29489,4063.57,0
73.3093,4201.83,-22.5928,0.430198,5.13275,4067.32,0
73.9893,4198.75,-20.4366,-34.5531,3.28322,4071.57,0
74.6742,4189.35,-9.4318,-45.071,3.33725,4160.1,0
75.3602,4159.43,6.27543,-40.2836,6.19724,4519.16,0
76.0464,4151.22,24.6583,-46.0773,5.04646,4586.42,0
76.7253,4144.44,33.7964,-70.2119,2.4687,4634.13,0
77.4142,4168.33,12.3741,-47.0263,3.57551,4284.41,0
78.1037,4149.29,-4.06869,-32.6365,6.60579,4490.34,0
78.7853,4163.22,-14.929,-40.4201,3.96454,4274.69,0
79.4744,4154.84,-22.8534,-28.9767,5.09394,4343.02,0
80.1583,4155.92,-30.6703,-12.7601,4.82222,4292.57,0
80.8496,4145.57,-37.164,-31.3943,3.54524,4383.76,0
81.5239,4156.08,-46.8361,-21.1865,2.16022,4218.61,0
82.2005,4149.78,-42.4413,-36.965,2.13061,4260.57,0
82.8735,4158.47,-50.9124,-18.0535,1.61482,4121.11,0
83.5477,4160.36,-23.212,-30.0916,3.26328,4065.25,0
84.2287,4173.59,-24.825,-16.2422,2.95693,3875.32,0
84.915,4168.57,-33.7097,-4.86939,2.86194,3903.05,0
85.5974,4174.98,-28.3871,0.538108,2.86395,3797.08,0
86.2864,4162.15,28.7544,-13.7838,3.33003,3915.43,0
86.9714,4154.79,24.7126,-2.35525,4.67354,3969.18,0
87.6559,4145.2,14.609,-26.7205,4.50202,4047.68,0
88.349,4139.27,39.4056,-35.1552,2.16691,4083.04,0
89.043,4139.87,37.2946,-8.04266,3.86317,4044.41,0
89.7268,4150.18,23.7387,-18.0365,3.71717,3898.68,0
90.4137,4127.66,5.95301,-29.5185,5.2048,4118.2,0
91.0979,4132.57,13.319,-42.798,2.61135,4033.33,0
91.7835,4098.27,22.9635,-66.2421,2.11464,4376.96,0
92.4666,4092.74,30.4832,-64.1398,2.47563,4404.39,0
93.1558,4073.91,34.1056,-41.7392,6.15944,4573.99,0
93.8366,4067.51,41.1362,-26.6632,6.47281,4608.94,0
94.5341,4085.62,40.5293,-28.3748,4.38514,4383.42,0
95.2273,4088.41,17.6402,-45.6619,3.93645,4322.21,0
95.9045,4095.48,16.7251,-54.2431,2.23688,4217.96,0
96.5992,4099.86,35.5142,-50.6618,1.03538,4142.31,0
97.2843,4103.51,13.5993,-38.5332,3.36189,4075.6,0
97.9797,4107.69,30.6333,-45.7926,1.09251,4004.01,0
98.6703,4086.2,20.1719,-51.8209,2.8885,4193.75,0
99.3588,4080.15,25.2822,-53.8096,2.7183,4225.58,0
100.047,4080.42,48.7743,-55.6287,0.635125,4193.83,0
100.74,4086.98,40.0309,-22.7138,3.81429,4099.86,0
101.418,4083.95,34.626,-14.7734,4.60382,4102.37,0
102.108,4094.05,25.4697,-23.9597,3.67227,3975.69,0
102.792,4080.32,16.1723,-4.31649,6.8994,4082.78,0
103.477,4083.75,-0.272534,-7.44235,6.84784,4022.63,0
104.167,4085.03,10.4022,-47.9658,0.999589,3983.69,0
104.848,4081.62,16.6057,-30.6801,3.182,3990.32,0
105.532,4072.45,10.3728,-23.2857,4.99625,4051.42,0
106.214,4058.75,10.2003,-20.3646,5.97848,4154.39,0
106.898,4101.11,-1.3792,-17.1422,2.82568,3731.54,0
107.583,4088.4,11.6456,0.251541,4.52516,3825.89,0
108.272,4089.97,23.1681,24.1632,1.28802,3787.09,0
108.966,4069.47,3.42778,37.2696,2.42136,3951.03,0
109.659,4066.53,7.34331,20.8051,4.78257,3952.88,0
110.338,4058.7,-4.81999,18.1049,5.54913,3999.56,0
111.021,4079.88,-21.917,-5.00093,3.01531,3784.17,0
111.7,4079.16,-10.5543,7.75971,4.17259,3767.56,0
112.392,4096.34,11.3178,-4.83743,2.66737,3591.53,0
113.083,4083.3,22.7141,-0.908982,2.40331,3684.93,0
113.775,4090.88,9.89883,3.69227,3.21135,3595.87,0
114.461,4128.68,-4.5863,4.87027,0.456793,3244.08,0
115.149,4102.83,-14.7786,-0.648777,1.63039,3449.21,0
115.831,4090.19,-2.19307,-15.2251,2.67662,3538,0
116.52,4079.1,17.7052,-24.4578,1.63075,3612.28,0
117.205,4098.79,20.7908,-16.2015,0.408089,3423.14,0
117.886,4104.53,18.7395,-3.89079,0.859822,3354.72,0
118.57,4115.7,12.5985,-11.6834,0.126683,3241.11,0
119.257,4104.43,-9.2752,5.8264,1.78398,3316.98,0
119.936,4103.6,1.47731,14.7797,1.31625,3305.14,0
120.622,4080.23,6.21335,-2.33651,4.38667,3480.05,0
121.318,4075.83,8.53869,-14.0864,3.49831,3496.33,0
122.017,4061.12,7.43757,0.560785,5.70026,3596.87,0
122.699,4075.85,-4.18831,-10.758,3.56229,3456.81,0
123.381,4082.97,-12.0492,-16.536,1.65482,3380.04,0
124.067,4073.52,-23.6035,-12.4729,1.61809,3437.48,0
124.751,4077.14,17.325,-17.1216,1.59381,3389.61,0
125.444,4092.05,19.3801,-13.6313,0.377088,3252.03,0
126.134,4083.04,-13.8228,11.2058,1.87734,3305.68,0
126.818,4085.8,-5.7014,13.1061,2.14263,3266.07,0
127.502,4062.55,-2.89756,24.6582,2.55426,3430.92,0
128.191,4063.25,31.0417,4.16094,1.59829,3407.04,0
128.872,4056.33,2.20487,-13.2694,4.64135,3442.72,0
129.559,4056.13,15.5916,-0.391666,4.10134,3426.03,0
130.256,4052.43,15.1439,-5.55239,4.21575,3436.08,0
130.938,4075.34,14.5453,-1.06314,2.30813,3243.26,0
131.619,4077.86,19.2365,-15.2402,0.606533,3207.26,0
132.291,4048.15,0.581334,-16.6499,4.21373,3415.54,0
132.986,4045.85,17.9045,-9.56706,3.80008,3415.02,0
133.666,4065.26,-4.1233,-27.5831,0.942524,3252.48,0
134.352,4070.99,1.33202,-7.77191,3.17931,3193.17,0
135.04,4074.81,8.15495,-8.48378,2.30428,3148.63,0
135.719,4076.18,-3.70854,0.748581,3.1831,3122.75,0
136.417,4076.92,-20.3912,1.48447,0.872272,3101.35,0
137.112,4066.42,4.0813,0.343152,3.97231,3162.22,0
137.794,4048.34,-2.10012,10.7655,4.36124,3277.77,0
138.485,4069.24,16.5912,3.9605,1.69645,3110.54,0
139.167,4050.8,12.9328,18.8482,2.17185,3227.75,0
139.838,4055.74,8.05924,-1.42345,3.82357,3176.95,0
140.52,4042.59,-0.360678,3.93115,5.14183,3255.13,0
141.198,4057.49,-17.1864,-14.0268,1.13121,3133.97,0
141.875,4062.27,-2.54638,7.396,2.76312,3085.34,0
142.559,4043.05,14.4578,24.2889,1.34754,3205.31,0
143.242,4033.11,-2.22733,6.78681,5.17979,3259.46,0
143.923,4027.96,18.3037,26.6352,1.82117,3279.82,0
144.612,4017.34,7.95768,28.292,3.18734,3337.59,0
145.285,4019.02,15.4584,23.8865,3.1985,3310.59,0
145.968,4047.88,26.4214,9.69242,0.724604,3097.35,0
146.649,4019.54,27.8031,1.89223,2.95849,3276.29,0
147.329,4020.79,21.8693,-2.25566,3.54338,3252.67,0
148.02,4006.84,12.7632,10.7071,5.48293,3331.71,0
148.716,4012.27,4.23121,3.26719,6.35578,3279.6,0
149.4,3991.02,20.2265,25.6062,3.28005,3406.82,0
150.077,3995.12,11.2192,12.9642,5.36514,3364.12,0
150.759,3998.24,23.6133,1.76752,3.74067,3328.19,0
151.446,3997.09,17.0849,1.86156,4.81018,3320.73,0
152.125,3978.96,12.8364,-5.73749,6.45564,3425.05,0
152.81,3982.58,7.00107,-4.5472,6.28402,3386.04,0
153.512,3989.23,4.78593,-4.19611,5.28634,3327.24,0
154.195,4011.43,12.1073,-16.8204,0.958659,3168.53,0
154.87,3991.69,-0.212348,-2.15115,5.57305,3282.17,0
155.558,3970.44,-3.88056,-14.088,4.94904,3404.29,0
156.244,3980.26,3.49255,-14.5027,3.97191,3326.51,0
156.927,3970.43,-29.8253,-23.8669,0.714925,3374.64,0
157.608,3967.64,-21.4845,-11.8495,3.0578,3377.72,0
158.302,3965.25,-17.9018,-19.1997,2.72566,3378.05,0
158.983,3945.23,-7.96189,-23.2427,4.47304,3489.49,0
159.674,3937.43,-21.7438,-12.7677,4.74682,3523.22,0
160.361,3944.15,-15.0674,-5.08349,5.85104,3466.23,0
161.056,3949.33,-24.037,-13.5907,2.84452,3419.09,0
161.735,3915.02,-38.1771,-13.2509,2.97986,3616.92,0
162.421,3870.47,-58.0861,-4.75662,2.20603,3875.93,0
163.106,3865.97,-39.7296,2.64097,6.39324,3887.22,0
163.796,3866.82,-21.4471,10.6824,8.81321,3865.66,0
164.474,3856.45,-10.9111,25.5745,7.11368,3912.78,0
165.161,3855.8,-17.2182,22.5554,6.3693,3900.41,0
165.85,3854.69,15.6964,44.2542,1.66011,3890.92,0
166.522,3841.77,26.5079,23.2354,5.58499,3952.81,0
167.207,3840.61,16.8095,23.8333,7.0272,3943.57,0
167.884,3816.26,13.6562,26.429,7.00109,4072.7,0
168.56,3811.87,13.6299,34.8873,4.43422,4082.43,0
169.236,3820.46,21.3579,26.948,4.69672,4015.37,0
169.915,3830.05,8.35336,42.0625,1.43087,3942.84,0
170.594,3824.97,13.264,38.3384,2.25693,3956.95,0
171.279,3821.29,14.5749,31.1705,4.09214,3962.56,0
171.954,3843.23,22.8952,30.4491,1.57296,3819.47,0
172.653,3845.43,3.58474,17.263,6.37302,3791.22,0
173.345,3852.98,2.54386,-1.81993,8.16052,3732.54,0
174.026,3828.85,0.500976,-17.8956,5.47758,3856.62,0
174.706,3828.19,30.4557,2.00623,1.85031,3845.36,0
175.394,3835.34,12.1462,-0.207624,6.03071,3789.54,0
176.093,3814.31,17.333,-3.49138,5.74837,3893.92,0
176.785,3843.19,3.3753,-7.40143,6.04552,3715.3,0
177.465,3850.37,-6.83191,0.354925,5.50543,3660.61,0
178.154,3866.02,-11.1933,-18.233,0.627342,3558.6,0
178.834,3872.52,-7.03156,-10.9257,2.11297,3508.74,0
179.52,3851.1,-11.5847,1.28755,3.72684,3614.67,0
180.212,3818.93,-20.0502,-0.295283,3.25439,3779.25,0
180.901,3815.38,-26.6368,17.7165,0.262062,3784.51,0
181.59,3834.08,-7.05524,8.913,4.48021,3667.14,0
182.282,3850.42,1.53918,17.9482,1.65379,3563.6,0
182.959,3861.61,4.94396,13.6949,1.77034,3489.23,0
183.644,3866.06,5.16411,1.73564,3.49551,3452,0
184.325,3858.6,-5.45927,2.36144,3.78802,3479.75,0
184.997,3848.45,1.30241,-1.07525,5.29154,3521.97,0
185.684,3844.42,9.70781,11.626,1.76829,3530.65,0
186.36,3836.2,12.1206,-6.73061,2.54803,3561.93,0
187.046,3869.69,-2.89646,10.535,1.09516,3369.82,0
187.737,3887.05,7.71257,-3.50432,0.454163,3264.96,0
188.414,3854.87,-6.57619,14.8664,0.69656,3424.02,0
189.102,3848.99,-15.7614,-8.23702,0.706282,3442.61,0
189.791,3818.15,-22.2978,1.11219,1.22337,3592.63,0
190.469,3789.69,-20.0165,9.16487,2.92705,3729.28,0
191.155,3768.21,-16.3537,2.26218,5.90732,3828.24,0
191.837,3771.9,-15.9015,-6.34953,4.85112,3795.41,0
192.516,3747.42,-27.5554,2.13167,2.35707,3909.15,0
193.207,3774.96,-13.8817,10.9061,4.09469,3752.63,0
193.898,3782.7,-4.60262,-7.52696,6.00128,3699.39,0
194.579,3768.52,25.2944,-3.05683,0.9965,3759.31,0
195.268,3761.77,6.40488,0.684003,6.9861,3780.62,0
195.954,3757.18,-22.3135,-8.27482,0.381999,3790.8,0
196.638,3754.6,2.9912,-0.15031,7.154,3790.71,0
197.327,3752.28,4.61437,-7.40427,4.78023,3789.27,0
198.016,3753.68,2.51812,-10.1162,4.04713,3769.01,0
198.7,3729.15,-6.02121,-9.85499,4.64699,3879.48,0
199.387,3723.31,4.68775,-2.18098,6.72975,3895.38,0
200.069,3732.99,0.130027,-16.8747,1.68308,3833.73,0
200.749,3706.24,-4.70811,-17.0224,2.49865,3954,0
201.432,3745.93,-4.9879,-9.26033,3.44257,3743.56,0
202.125,3755.74,-7.91137,14.1732,0.848556,3682.19,0
202.813,3751.3,16.7021,-3.75096,0.202584,3691.56,0
203.491,3726.6,11.8483,-2.54454,3.11937,3800.66,0
204.177,3720.05,11.1883,-3.07869,3.39811,3819.98,0
204.857,3726.62,3.00244,14.2726,2.0254,3775.2,0
205.538,3692.67,15.3914,-11.1817,0.878127,3927.86,0
206.231,3715.14,-14.4696,-6.43955,1.2627,3805.72,0
206.913,3718.35,0.979571,5.24515,4.88586,3777.66,0
207.601,3708.05,4.70327,8.13364,3.77207,3814.75,0
208.29,3712.01,0.0884753,-12.6566,2.2748,3783.16,0
208.966,3728.19,-0.56185,-7.13803,3.64674,3693.48,0
209.651,3722.11,-1.70243,-16.4839,0.289218,3710.39,0
210.352,3705.64,-1.42597,-6.59488,5.17026,3776.34,0
211.046,3712.38,-0.733062,-12.2906,2.24239,3732,0
211.725,3715.93,-2.84006,12.0063,2.02779,3703.24,0
212.409,3688.84,-4.92275,-3.61249,5.601,3818.85,0
213.091,3686.64,-8.90311,7.05122,2.80419,3816.96,0
213.768,3679.26,-1.78838,4.15857,6.21142,3839.38,0
214.459,3695.31,9.35592,4.54319,2.38466,3752.18,0
215.134,3676.1,-7.95517,1.64242,3.84652,3829.71,0
215.824,3678.19,9.51564,-11.4482,0.349575,3807.79,0
216.493,3680.67,-3.97304,-1.28702,5.14602,3784.54,0
217.181,3664.16,-2.89777,6.61843,3.86774,3848.61,0
217.876,3665.62,18.4676,2.96116,1.55678,3829.62,0
218.566,3664.33,-0.444882,-13.6539,3.25431,3823.41,0
219.252,3671.91,16.4856,1.29434,1.26977,3776.89,0
219.937,3673.52,4.07638,-4.58089,5.97525,3757.8,0
220.625,3676.8,11.4342,-5.32999,1.78827,3731.23,0
221.315,3669.45,-1.54632,12.4108,1.84175,3752.78,0
221.987,3680.16,2.8343,9.38039,2.65579,3693.21,0
222.675,3671.35,-5.51305,-3.58692,4.28812,3721.34,0
223.347,3678.08,1.02885,1.01674,6.4166,3680.02,0
224.03,3666.49,0.274164,-0.615262,7.14753,3720.52,0
224.722,3681.3,1.54,1.17113,5.66623,3643.19,0
225.403,3684.16,5.0523,1.92622,3.58746,3619.48,0
226.083,3695.64,3.61814,6.11779,2.249,3557.81,0
226.766,3712.07,-5.82953,0.467263,2.23274,3474.62,0
227.449,3712.98,8.82008,-1.09711,0.851265,3460.18,0
228.133,3711.01,-7.20668,-5.85107,0.828142,3458.48,0
228.822,3701.47,9.08684,1.07617,1.24824,3489.75,0
229.512,3670.96,6.76555,3.96763,2.47269,3612.16,0
230.191,3647.95,-2.75528,10.8063,2.52981,3701.51,0
230.872,3644.31,-16.1304,16.8229,5.89702,3706.34,0
231.557,3662.26,-1.99228,24.2272,7.09215,3617.88,0
232.244,3666.46,-8.66169,2.94267,2.45063,3589.09,0
232.924,3658.5,3.18965,12.5083,0.58078,3612.76,0
233.61,3651.95,7.27854,-1.09968,4.17209,3630.18,0
234.305,3673.51,-5.06908,12.1309,0.888019,3527.39,0
234.985,3659.84,2.88553,0.947918,6.32183,3575.4,0
235.671,3668.42,-8.5495,-2.46337,1.36611,3528.58,0
236.358,3674.1,-2.50377,-4.14114,3.14792,3494.28,0
237.045,3678.46,-2.82916,-3.25057,3.21176,3465.76,0
237.731,3673.37,-6.81703,-8.86188,0.128942,3477.17,0
238.416,3666.91,5.09509,5.08374,2.23713,3494.25,0
239.1,3675.46,3.50187,-0.609811,3.78373,3448.52,0
239.785,3657.16,6.66744,1.0519,2.72657,3514.97,0
240.463,3633.05,18.8775,7.02082,8.2591,3605.35,0
241.14,3611.48,-0.51754,8.57813,5.85011,3684.67,0
241.829,3590.08,-28.2212,22.8907,3.49827,3762.64,0
242.496,3591.93,-21.2192,32.0437,2.15864,3744.67,0
243.181,3586.43,-44.6595,41.5684,2.01304,3756.75,0
243.869,3551.88,-38.9527,47.7294,8.98605,3887.8,0
244.555,3539.09,-38.9897,38.1795,6.98138,3929.2,0
245.247,3551.64,-2.45644,33.5521,2.25205,3866.94,0
245.94,3518.63,10.4497,41.3577,4.38972,3990.26,0
246.628,3509.66,26.4864,6.63033,11.5139,4015.5,0
247.157,3486.41,3.03588,-1.97529,16.0514,4101.01,4
