0.683049,4485.47,-8.47574,789.67,1.88311,21276.1,0
1.37478,4480.7,9.41232,765.486,2.95668,14039.8,0
2.06494,4484.65,-41.7866,777.653,2.03574,7432.11,0
2.7581,4491.09,-85.6028,774.313,1.25203,3231.82,0
3.44741,4495.76,-66.9219,783.267,0.503561,1229.02,0
4.14099,4491.65,-54.5925,797.052,0.738462,2015.89,0
4.82484,4493.65,-95.4084,784.322,0.672601,1316.28,0
5.51569,4492.55,-95.6293,793.315,0.602769,1349.84,0
6.19101,4476.59,-87.3925,767.578,3.10627,3780.78,0
6.88003,4496.72,-75.4767,742.314,1.17965,477.107,0
7.55162,4474.91,-62.6521,726.818,4.28034,3322.48,0
8.24481,4485.83,-58.107,727.255,2.77019,1718.49,0
8.92838,4475.57,-36.7813,693.408,4.73892,2736.49,0
9.60936,4472.12,-43.3464,691.383,4.82349,2901.62,0
10.2928,4452.54,-63.7363,678.445,6.96869,4610.67,0
10.9847,4439.34,-71.9297,662.128,7.48182,5521.87,0
11.6775,4449.2,-59.9255,674.238,5.36837,4349.84,0
12.3718,4444.51,-66.4902,672.349,5.38546,4485.42,0
13.0541,4451.7,-55.092,689.257,3.56818,3700.22,0
13.7432,4447.34,-77.8263,672.979,4.28638,3831.99,0
14.4291,4447.94,-59.9799,673.303,4.18148,3608.04,0
15.1226,4459.62,-72.7505,696.751,1.92222,2670.35,0
15.8193,4424.8,-61.3432,689.784,6.11007,4753.62,0
16.513,4424.24,-63.3838,665.832,6.15687,4588.17,0
17.1889,4428.74,-73.5711,657.336,4.93717,4145.46,0
17.8729,4404.06,-82.6624,655.825,7.33995,5367.9,0
18.5608,4395.92,-89.8721,660.577,7.44045,5607.57,0
19.2457,4391.19,-101.971,673.513,6.54296,5653.62,0
19.9173,4391.4,-126.019,655.616,6.17289,5452.52,0
20.5988,4408.28,-150.619,637.18,3.82019,4452.84,0
21.2882,4404.3,-163.583,639.939,4.07841,4495.54,0
21.9716,4407.28,-172.467,644.946,3.22766,4220.19,0
22.6515,4418.74,-158.536,653.202,1.46349,3587.5,0
23.3491,4393.5,-195.886,628.267,5.08502,4561,0
24.032,4385.15,-202.305,625.032,5.6822,4779.13,0
24.7178,4396.62,-208.354,663.776,2.56607,4182.47,0
25.4089,4370.18,-195.034,656.014,6.08826,5109.1,0
26.1046,4363.28,-204.105,633.699,6.66807,5237.42,0
26.7871,4354.1,-211.068,631.521,7.04912,5446.67,0
27.4707,4363.08,-201.225,639.261,5.18902,4984.39,0
28.1562,4352.65,-228.489,659.14,5.18535,5233.47,0
28.8382,4361.48,-216.621,662.863,3.80446,4803.49,0
29.5333,4363.66,-230.762,659.078,3.35764,4616.44,0
30.2223,4372.61,-223.791,648.034,2.23948,4215.02,0
30.9079,4362.69,-244.712,638.085,3.6365,4442.46,0
31.5917,4360.21,-284.785,700.809,1.77954,4424.87,0
32.2876,4347.73,-301.36,703.667,3.14017,4715.99,0
32.9704,4333.31,-288.806,704.194,4.91458,5055.8,0
33.6664,4368.39,-285.833,697.55,0.520785,3909.29,0
34.3406,4351.63,-281.122,707.566,2.47224,4320.46,0
35.0275,4334.74,-291.254,710.322,4.34415,4718.04,0
35.7078,4319.58,-282.607,716.109,5.75462,5052.8,0
36.3978,4324.82,-278.278,718.506,4.66194,4812.83,0
37.0844,4302.49,-269.748,717.791,6.90069,5325.88,0
37.7758,4322.44,-276.904,704.366,4.1303,4700.28,0
38.4524,4307.46,-303.146,702.121,5.48717,5007.31,0
39.1355,4306.01,-297.215,698.832,5.19387,4956.86,0
39.8221,4291.63,-313.257,687.289,6.51515,5232.48,0
40.5075,4305.92,-302.743,679.891,4.33245,4791.33,0
41.1942,4303.76,-305.715,664.217,4.79546,4763.87,0
41.8828,4313.02,-316.105,677.904,2.95968,4464.45,0
42.566,4300.34,-320.682,688.819,4.07395,4690.6,0
43.2439,4328.72,-334.496,651.109,1.05384,3960.74,0
43.9313,4324.38,-326.04,691.82,0.791908,3997.7,0
44.6045,4297.01,-360.749,705.875,3.64501,4550.98,0
45.2879,4318.52,-375.717,717.692,0.408925,4007.21,0
45.9755,4302.71,-390.521,727.75,2.02463,4291.26,0
46.6638,4295.61,-363.293,760.243,2.589,4379.99,0
47.3472,4285.83,-372.033,758.253,3.69764,4523.37,0
48.0283,4297.69,-356.903,740.201,2.54759,4212.33,0
48.7091,4306.93,-356.834,738.395,1.37813,3963.73,0
49.3878,4300.32,-323.792,766.102,1.98235,4043.08,0
50.0818,4309.43,-345.083,797.463,0.130493,3805.14,0
50.7602,4303.42,-300.717,768.075,1.72917,3872.74,0
51.4433,4303.53,-273.196,749.014,2.32042,3819.11,0
52.1313,4317.59,-283.878,752.922,0.243445,3499.05,0
52.8279,4299.52,-242.298,757.192,2.76354,3795,0
53.5138,4284.68,-239.117,762.483,4.513,4023.72,0
54.1891,4280.05,-251.275,767.82,4.31679,4058.95,0
54.8692,4278.9,-231.076,774.583,4.31685,4029.54,0
55.5519,4272.42,-200.722,767.401,5.22956,4096.63,0
56.2463,4271.74,-176.763,769.444,4.87776,4058.22,0
56.9309,4286.46,-177.065,784.259,2.28374,3750.92,0
57.6067,4272.51,-162.786,804.793,3.73495,3948.99,0
58.2969,4270.58,-143.659,805.217,4.01557,3935.41,0
58.9903,4297.7,-150.889,790.914,0.651443,3429.33,0
59.6749,4292.76,-126.404,792.477,1.35223,3472.78,0
60.3513,4250.65,-138.998,790.397,6.65735,4131.63,0
61.0455,4244.68,-131.664,798.849,6.51449,4182.42,0
61.7263,4256.42,-136.561,797.561,4.4419,3946.16,0
62.4091,4277.62,-132.811,793.326,1.45289,3563.25,0
63.09,4263.21,-156.548,818.259,2.69531,3753.27,0
63.776,4276.24,-162.199,829.507,0.712029,3508.53,0
64.4594,4275.45,-158.588,839.264,0.610321,3483.61,0
65.1482,4267.58,-131.966,828.479,1.86787,3567.5,0
65.8398,4260.44,-128.61,846.045,2.36473,3638.54,0
66.5309,4263.76,-129.976,844.639,1.92789,3550.89,0
67.212,4261.62,-134.736,845.616,2.11571,3546.7,0
67.9003,4267.75,-134.116,850.791,1.20467,3420.46,0
68.5913,4261.98,-145.171,863.469,1.66679,3470.18,0
69.2661,4247.35,-155.869,859.306,3.52116,3647.5,0
69.9549,4215.77,-158.779,878.252,6.87998,4063.04,0
70.6324,4201.52,-152.103,878.615,7.60175,4225.78,0
71.3168,4196.66,-156.231,899.576,6.77199,4253.38,0
71.9899,4175.08,-173.334,890.688,8.40626,4513.43,0
72.6771,4171.08,-161.948,915.64,7.30396,4525.83,0
73.3624,4176.63,-144.474,913.282,5.44994,4407.88,0
74.0552,4159.2,-131.919,933.282,6.8788,4601.93,0
74.7449,4179.08,-145.486,941.259,3.76082,4293.58,0
75.4395,4164.72,-132.248,949.616,5.22621,4444.32,0
76.1187,4168.55,-134.55,958.599,4.06963,4354.44,0
76.7993,4166.19,-137.448,960.343,4.22552,4346.48,0
77.4818,4165.46,-137.387,953.152,4.01595,4317.71,0
78.1603,4165.54,-146.102,957.999,3.76066,4279.09,0
78.8454,4149.68,-116.288,937.817,5.79505,4443.17,0
79.5277,4157.5,-123.664,930.377,4.61025,4306.69,0
80.2143,4142.1,-115.516,933.734,6.25368,4461.85,0
80.9026,4138.9,-121.436,952.372,5.61438,4463.39,0
81.5965,4125.64,-121.802,944.029,6.83206,4587.98,0
82.2786,4130.17,-111.857,949.052,5.49623,4494.86,0
82.9638,4133.22,-123.655,935.787,4.91412,4420.95,0
83.645,4143.25,-121.946,934.136,3.58594,4265.02,0
84.3319,4133.19,-115.535,935.557,4.32203,4349.64,0
85.0153,4161.71,-115.576,920.503,0.761626,3979.18,0
85.6992,4159.92,-96.2535,968.186,0.415635,3968.35,0
86.3838,4130.97,-96.7292,970.821,3.84097,4272.04,0
87.0668,4118.53,-100.71,962.573,4.98402,4381.4,0
87.7426,4110.11,-91.3683,966.25,5.40679,4443.53,0
88.4223,4103.68,-95.7273,973.972,5.47888,4482.12,0
89.1171,4090.87,-83.2566,962.831,6.67636,4590.96,0
89.8069,4100.09,-62.9569,951.606,5.2799,4453.04,0
90.4931,4103.75,-36.5599,952.012,4.33616,4378.75,0
91.181,4113.68,-64.0098,968.016,2.54948,4236.88,0
91.8641,4112.26,-69.719,988.908,2.50337,4220.81,0
92.5566,4124.71,-56.0169,996.185,0.866285,4054.76,0
93.2449,4100.04,-48.0026,972.039,4.10336,4289.31,0
93.9269,4095.44,-30.7468,969.587,4.4491,4307.23,0
94.6213,4088.47,-49.9272,995.681,4.70629,4349.24,0
95.3158,4064.77,-33.1553,993.452,6.93579,4566.22,0
95.997,4046.74,-15.0309,1016.18,7.95649,4721.56,0
96.6827,4054.38,8.36974,1029.47,5.89823,4609.11,0
97.3727,4057.45,11.2049,1020.85,4.87757,4544.89,0
98.0674,4045.42,11.9174,1008.29,6.06936,4635.43,0
98.7414,4059.89,12.7101,1011.74,3.9327,4457.22,0
99.4279,4042.78,22.0245,1013.17,5.7616,4598.55,0
100.111,4062.77,21.563,1020.93,2.94423,4367.45,0
100.794,4053.06,24.9014,1026.69,3.90288,4434.17,0
101.489,4052.31,54.129,1021.66,3.75632,4411.17,0
102.182,4044.15,57.6134,1011.83,4.72608,4461.16,0
102.867,4020.43,51.723,1000.33,7.20038,4662.05,0
103.553,4031,35.8428,1001.45,5.22743,4529.07,0
104.228,4072.11,58.5505,981.961,0.102647,4105.3,0
104.906,4055.43,57.1895,979.553,2.22464,4237.84,0
105.594,4053.63,79.1094,971.109,2.50183,4227.2,0
106.269,4057.49,108.164,962.337,1.99988,4164.07,0
106.949,4069.64,108.654,963.595,0.383776,4023.98,0
107.632,4064.37,94.4316,909.453,1.75128,4047.44,0
108.305,4056.29,95.2038,953.728,2.2265,4096.89,0
108.995,4046.14,80.2352,939.644,3.67251,4164.09,0
109.677,4051.74,89.0265,936.279,2.91235,4087.07,0
110.368,4034.24,52.136,930.297,5.10106,4220.05,0
111.061,4028.52,61.3744,915.261,5.54199,4245.23,0
111.753,4024.03,59.694,932.323,5.36744,4259.14,0
112.436,4021.83,45.2255,930.381,5.19628,4252.78,0
113.12,4004.74,54.0786,940.374,6.5226,4378.2,0
113.802,3988.85,68.9937,938.051,7.49452,4491.58,0
114.483,4010.77,68.681,943.365,4.03756,4273.41,0
115.168,3996.27,105.918,968.321,5.23707,4373.84,0
115.846,3986.74,127.446,956.528,6.00391,4430.51,0
116.531,3964.15,139.413,950.811,7.72709,4598.36,0
117.229,3973.82,156.51,956.665,5.51947,4488.52,0
117.903,3981.38,160.231,952.788,4.15804,4398.73,0
118.583,3967.78,132.976,954.432,5.48633,4488.14,0
119.27,3980.6,121.924,960.08,3.4669,4354.82,0
119.958,3958.53,117.544,964.971,5.86743,4513.86,0
120.636,3976.26,150.178,986.168,2.87681,4341.5,0
121.309,3939.2,155.878,1001.02,6.92018,4622.88,0
121.997,3942.53,143.156,988.754,5.60335,4569.53,0
122.685,3933.92,140.765,1003.4,5.83602,4614.1,0
123.37,3934.47,142.595,1008.55,5.17381,4584.06,0
124.053,3928.08,158.633,1009.51,5.40067,4610.31,0
124.738,3926.33,169.782,1001,5.12852,4599.03,0
125.414,3932.26,166.146,976.279,4.3776,4526.96,0
126.103,3935.3,167.919,988.752,3.7164,4478.04,0
126.788,3945.05,186.418,979.691,2.40724,4377,0
127.47,3929.48,192.02,985.886,4.22221,4475.69,0
128.156,3916.1,162.716,980.461,5.65726,4556.2,0
128.851,3915.32,147.731,988.514,5.32117,4537.64,0
129.533,3921.78,149.417,983.486,4.2086,4463.85,0
130.208,3921.3,148.871,991.205,4.00491,4444.38,0
130.888,3908.37,146.221,996.196,5.45488,4520.11,0
131.574,3912.72,159.624,1006.99,4.40148,4463.47,0
132.259,3895.42,166.388,1007.8,5.92917,4571.2,0
132.944,3887,193.013,995.367,6.37687,4611.01,0
133.625,3887.69,204.475,981.343,5.56608,4582.29,0
134.314,3890.02,199.222,970.73,4.76,4541.46,0
135.002,3904.85,205.539,971.861,2.45493,4408.43,0
135.687,3897.5,207.925,1002.59,3.10078,4440.36,0
136.367,3905.56,197.813,1001.92,1.96928,4359.11,0
137.065,3899.04,189.974,983.049,2.85772,4384.5,0
137.756,3898.74,195.508,1020.74,2.49398,4364.68,0
138.433,3903.04,203.248,1031.37,1.81229,4312.25,0
139.116,3900.33,223.182,1025.7,2.18654,4310.55,0
139.814,3874.35,224.814,1009.05,5.44951,4474.91,0
140.499,3891.54,213.346,1045.19,2.60135,4330.72,0
141.192,3896.76,196.254,1044.26,1.93485,4272.44,0
141.883,3907.21,194.246,1009.62,0.84628,4177.99,0
142.559,3886.46,170.954,1010.48,3.45395,4303.75,0
143.251,3901.65,195.696,989.868,1.58385,4176.93,0
143.941,3894.48,191.803,993.122,2.47981,4206.72,0
144.629,3906.95,176.255,981.631,0.902826,4100.5,0
145.316,3903.99,180.206,978.868,1.28888,4101.46,0
146,3902.86,178.871,967.644,1.41143,4090.02,0
146.676,3888.46,213.493,974.224,3.11007,4169.36,0
147.364,3873.83,212.833,996.812,4.49507,4249.1,0
148.057,3893.44,198.989,982.732,1.9184,4096.77,0
148.746,3907.32,197.084,986.669,0.0211982,3984.49,0
149.43,3874.05,181.957,963.243,4.53048,4188.9,0
150.119,3869.36,164.895,942.745,4.92603,4200.94,0
150.808,3877.77,180.746,928.493,3.87922,4125.99,0
151.498,3873.38,188.984,943.637,3.93511,4136.16,0
152.18,3874.26,190.538,928.737,3.69936,4111.82,0
152.863,3879.84,227.342,965.211,2.52548,4056.99,0
153.56,3881.46,240.476,947.884,2.44243,4028,0
154.247,3857.14,248.589,964.209,5.1243,4167.73,0
154.931,3871.06,227.381,966.22,3.1594,4059.52,0
155.609,3873.79,225.456,994.13,2.53622,4024.26,0
156.29,3869.23,207.935,992.64,3.10635,4035.87,0
156.994,3879.62,209.06,986.881,1.67609,3951.63,0
157.682,3884.68,212.212,1002.96,0.905734,3902.27,0
158.359,3863.75,206.115,985.873,3.71323,4017.76,0
159.037,3883.93,234.289,1008.05,0.866628,3873.73,0
159.723,3874.23,254.668,1012.38,2.06162,3917.83,0
160.417,3873.4,219.462,1043.9,1.97872,3906.08,0
161.093,3845.58,243.187,1042.87,5.36499,4062.39,0
161.77,3834.02,245.822,1044.42,6.31004,4116.81,0
162.457,3839.33,230.254,1046.69,5.09361,4066.76,0
163.136,3851.53,239.381,1026.19,3.21808,3975,0
163.829,3869.82,233.053,1004.92,0.935529,3846.55,0
164.513,3857,272.32,983.28,2.64607,3908.47,0
165.196,3855.05,256.728,988.366,2.8002,3904.12,0
165.885,3854.52,262.768,1005.56,2.66366,3891.11,0
166.569,3839.51,251.182,991.789,4.62744,3965.27,0
167.25,3857.66,219.446,974.061,2.12406,3840.59,0
167.935,3862.39,215.806,996.274,1.29642,3796.76,0
168.625,3853.59,206.054,987.81,2.3897,3833.4,0
169.308,3854.82,205.651,972.629,2.31211,3810.7,0
169.992,3845.58,172.846,980.659,3.44101,3849.72,0
170.673,3866.67,166.65,982.313,0.619306,3710.79,0
171.353,3850.17,90.4136,960.095,2.98917,3792.36,0
172.032,3851.6,74.2373,956.359,2.65501,3769.06,0
172.719,3860.1,58.8797,937.944,1.62508,3704.83,0
173.404,3859.45,92.2936,943.777,1.57751,3694,0
174.094,3857.03,84.4654,942.886,1.81567,3693.22,0
174.779,3843.13,86.2487,928.791,3.5676,3758.29,0
175.464,3856.42,88.076,962.787,1.42849,3667.86,0
176.151,3832,72.8189,961.019,4.67929,3792.21,0
176.853,3818.18,57.8092,954.27,6.08505,3855.27,0
177.538,3812.95,75.4174,950.392,5.72294,3869.88,0
178.221,3827.51,58.9403,951.402,3.40417,3773.36,0
178.911,3845.37,67.9941,962.823,0.918281,3658.99,0
179.599,3827.41,36.8608,968.012,3.28415,3744.93,0
180.269,3815.44,59.8557,979.166,4.49928,3797.42,0
180.945,3812.43,55.52,985.738,4.55156,3799.88,0
181.629,3810.56,70.8356,973.233,4.5559,3795.89,0
182.315,3825.86,97.1841,1005.51,2.10352,3697.66,0
182.996,3832.53,101.669,1009.06,1.15743,3647.48,0
183.678,3821.2,127.717,1016.86,2.54249,3695.61,0
184.367,3818.85,101.517,1013.11,2.74235,3694.53,0
185.055,3814.04,92.4598,1004.54,3.35711,3706.78,0
185.736,3805.02,84.6051,1007.95,4.39144,3741.77,0
186.419,3795.64,91.2636,1004.99,5.35281,3778.35,0
187.1,3791.26,117.387,1000.97,5.41803,3788,0
187.787,3794.88,140.458,1009.63,4.62308,3754.92,0
188.476,3803.08,145.93,1013.22,3.21175,3697.68,0
189.151,3819.51,155.076,978.954,1.2741,3597.62,0
189.833,3810.56,162.336,995.78,2.3224,3631.85,0
190.507,3783.47,157.865,989.787,5.49794,3761.16,0
191.199,3807.97,146.494,987.477,2.11328,3619.42,0
191.889,3804.47,132.978,975.887,2.66194,3624.67,0
192.579,3814.14,143.25,978.543,1.32135,3561.42,0
193.268,3803.1,153.815,991.888,2.64757,3605.89,0
193.962,3803.43,151.615,993.331,2.53927,3591.29,0
194.641,3803.42,170.057,995.079,2.46529,3578.82,0
195.33,3799.8,172.238,1000.85,2.85244,3584.67,0
196.03,3796.69,126.014,997.355,3.17564,3587.75,0
196.718,3772.5,134.617,989.48,6.03505,3698.21,0
197.399,3763.85,147.389,984.564,6.21887,3729.26,0
198.081,3762.5,148.56,973.783,5.605,3723.2,0
198.772,3774.83,158.335,975.44,3.81264,3648.27,0
199.461,3771.98,147.137,969.091,4.07788,3649.93,0
200.14,3774.95,152.305,987.643,3.45416,3622.72,0
200.811,3739.58,155.834,978.296,7.44445,3786.73,0
201.49,3735.3,172.329,973.129,6.7844,3795.23,0
202.183,3755.13,185.397,972.981,3.50412,3684.11,0
202.867,3757.06,210.288,956.912,3.26314,3662.19,0
203.554,3766.24,217.813,982.289,1.83008,3604.73,0
204.247,3772.78,226.781,1023.08,0.723961,3560.52,0
204.934,3760.9,233.429,1065.72,2.03499,3606.53,0
205.633,3751.97,203.458,1078.47,3.0243,3637.69,0
206.315,3746.84,211.17,1071.13,3.53966,3650.53,0
207.014,3740.58,218.895,1060.85,4.07604,3668.44,0
207.691,3737.87,240.874,1066.86,3.91227,3669.51,0
208.386,3721.15,234.71,1077.21,5.79021,3737.52,0
209.06,3736.82,216.152,1085.66,3.34975,3650.52,0
209.754,3715.61,208.151,1094.29,5.73754,3739.57,0
210.454,3720.41,212.871,1082.55,4.60775,3704.32,0
211.138,3728.35,223.815,1088.52,3.21594,3654.71,0
211.834,3722.8,242.63,1094.29,3.8416,3668.91,0
212.52,3722.32,251.676,1091.05,3.79653,3659.33,0
213.21,3735.78,267.393,1076.61,2.01904,3584.35,0
213.898,3727.39,255.733,1101.17,2.93295,3612.05,0
214.584,3715.06,243.657,1106.07,4.34757,3657.94,0
215.287,3709.91,239.054,1092.68,4.77412,3669.96,0
215.968,3686.53,211.505,1087.76,7.08492,3766.64,0
216.656,3693.33,228.868,1080.99,5.49327,3723.27,0
217.332,3714.23,233.889,1084.4,2.42836,3615.51,0
218.013,3713.36,265.766,1084.89,2.48568,3608.22,0
218.702,3694.63,244.889,1079.42,4.93997,3682.49,0
219.391,3689.04,260.229,1081.82,5.40928,3696.41,0
220.071,3693.78,281.438,1091.84,4.2523,3663.45,0
220.752,3698.91,279.694,1074.22,3.34211,3628.92,0
221.439,3710.44,297.333,1085.81,1.76808,3565.6,0
222.109,3715.12,332.838,1075.85,1.07345,3533.75,0
222.798,3682.31,308.438,1065.21,5.33429,3670.08,0
223.485,3674.49,304.743,1083.19,5.69096,3693.83,0
224.163,3661.16,275.043,1100.12,6.72451,3742.11,0
224.841,3654.63,275.961,1074.27,6.77962,3759.86,0
225.52,3660.49,287.307,1061.64,5.39052,3722.55,0
226.203,3673.32,282.421,1089.9,3.32549,3654.62,0
226.883,3671.93,266.537,1087.86,3.37739,3649.78,0
227.566,3689.67,267.653,1080.19,1.04429,3560.87,0
228.268,3680.34,232.408,1092.1,2.26979,3590.79,0
228.948,3666.32,210.101,1097.51,3.97876,3641.35,0
229.633,3688.95,202.414,1102.5,0.851809,3531.93,0
230.312,3661.85,194.04,1090.04,4.34541,3639.19,0
230.992,3687.21,203.273,1079.34,0.86797,3518.7,0
231.682,3654.47,187.944,1090.07,4.8983,3649.52,0
232.374,3664.04,166.348,1087.21,3.40825,3597.48,0
233.056,3678.47,170.783,1079.98,1.4818,3525.03,0
233.736,3673.78,164.761,1087.78,2.04407,3534.84,0
234.427,3683.38,169.039,1090.43,0.767451,3483.47,0
235.118,3676.4,162.667,1051.39,1.78913,3502.94,0
235.794,3678.62,123.47,1071.9,1.45844,3483.48,0
236.492,3681.34,113.421,1097.21,0.998622,3461.68,0
237.176,3666.46,100.494,1102.6,2.86957,3514.42,0
237.861,3672.16,85.9192,1115.22,1.93053,3480.34,0
238.551,3679.42,93.7557,1095.32,1.00216,3439.85,0
239.241,3658.24,68.3101,1113.95,3.6485,3518.45,0
239.923,3659.98,49.6387,1076.62,3.55116,3501.2,0
240.611,3662.43,52.9133,1075.5,3.11852,3481.01,0
241.299,3680.24,86.9802,1075.77,0.607092,3397.27,0
241.985,3661.55,113.031,1098.63,2.95362,3464.87,0
242.67,3657.96,117.659,1083.44,3.4362,3469.88,0
243.349,3663.33,120.069,1059.45,2.60755,3438.14,0
244.044,3675.83,148.361,1102.37,0.792811,3377.14,0
244.729,3661.99,144.281,1097.83,2.59353,3424.23,0
245.413,3641.38,127.47,1102.37,5.20567,3498.69,0
246.101,3642.61,115.386,1115.16,4.69142,3483.92,0
246.783,3658.6,127.704,1111.78,2.37149,3409.47,0
247.466,3657.79,145.719,1119.55,2.44981,3403.35,0
248.153,3653.21,127.505,1121.55,2.89974,3412.37,0
248.838,3662.69,136.478,1136.61,1.49595,3364.9,0
249.517,3653.72,135.259,1114.89,2.6608,3391.66,0
250.204,3639.09,141.422,1121.08,4.4455,3440.85,0
250.893,3635.15,134.55,1134.59,4.54301,3447.08,0
251.591,3616.32,107.151,1143.91,6.72548,3512.38,0
252.274,3587.77,101.603,1148.02,9.33307,3616.03,0
252.96,3599.95,81.5399,1150.95,6.61139,3558.09,0
253.651,3607.56,82.7058,1165,4.63797,3518.37,0
254.335,3617.21,79.8155,1145.43,3.28563,3470.97,0
255.014,3620.41,93.207,1142.22,2.74234,3449.2,0
255.698,3604.31,122.915,1118.51,4.83258,3502.93,0
256.38,3635.1,111.828,1119.83,0.629845,3373.51,0
257.062,3628.88,93.9657,1131.86,1.38811,3388.74,0
257.735,3611.93,84.8163,1150.69,3.4926,3445.68,0
258.432,3601.13,87.7334,1152.82,4.64967,3478.16,0
259.125,3588.36,66.942,1163.2,5.80878,3518.13,0
259.813,3590.73,74.0911,1171.51,4.96052,3499.71,0
260.491,3587.57,78.4114,1157.33,5.02734,3502.74,0
261.177,3594.12,59.6783,1142.04,3.95569,3468.45,0
261.854,3596.11,53.5856,1136.24,3.51107,3451.89,0
262.542,3589.88,59.7265,1105.48,4.29017,3466.59,0
263.22,3611.93,65.0144,1108.59,1.10226,3373.86,0
263.906,3586.82,83.6732,1103.14,4.27448,3460.23,0
264.598,3582.64,101.497,1095.36,4.50856,3466.99,0
265.285,3569.64,118.105,1095.84,5.61174,3507.02,0
265.974,3552.59,123.618,1071.54,6.65216,3562.05,0
266.661,3542.76,114.276,1073.97,6.94883,3589.74,0
267.336,3557.88,123.408,1050.87,4.3734,3524.1,0
268.017,3535.58,102.238,1074.64,6.52519,3598.35,0
268.704,3531.45,90.608,1059.1,6.0942,3604.53,0
269.393,3545.28,86.7203,1058.85,3.61568,3543.98,0
270.077,3540.98,72.2626,1049.62,4.06225,3550.91,0
270.755,3529.6,60.6374,1089.67,5.25276,3584.05,0
271.442,3502.57,57.3071,1089.46,7.91856,3674.56,0
272.128,3508,59.9001,1093.08,6.0692,3645.35,0
272.813,3504.67,58.5785,1088.53,5.94633,3648.4,0
273.492,3482.6,35.0605,1113.84,7.50361,3720.02,0
274.184,3466.18,30.736,1091.77,8.31487,3770.56,0
274.863,3472.87,41.6343,1093.44,6.42748,3736.89,0
275.552,3466.94,30.466,1103.23,6.18362,3749.07,0
276.227,3457.46,31.149,1107.59,6.53231,3774.2,0
276.914,3460.46,33.368,1108.18,5.13429,3754.02,0
277.6,3477.56,54.5091,1085.27,3.14556,3683.13,0
278.283,3504.12,52.2156,1084.94,0.0559318,3578.67,0
278.973,3465.91,43.7918,1094.18,4.383,3706.78,0
279.665,3487.67,49.2695,1095.87,1.7714,3619.78,0
280.347,3479.12,60.3504,1096.73,2.74822,3641.5,0
281.033,3483.65,69.2989,1086.67,2.25864,3616.47,0
281.712,3492.76,60.9179,1117.5,0.820375,3575.41,0
282.402,3465.99,58.641,1126.6,3.82697,3661.5,0
283.083,3458.7,45.3001,1123.08,4.37167,3678.43,0
283.762,3473.18,35.7812,1133.28,2.4495,3618.59,0
284.44,3452.93,18.7973,1142.47,4.62462,3681.15,0
285.126,3459.04,5.8561,1148.53,3.71456,3650.86,0
285.819,3429.89,5.49618,1149.2,6.65085,3744.03,0
286.497,3447.97,-5.02602,1128.52,4.17102,3672.05,0
287.18,3457.41,6.92752,1130.8,2.86762,3630.42,0
287.863,3458.64,19.7108,1105.24,2.93328,3617.55,0
288.55,3451.5,24.8265,1136.52,3.33884,3633.68,0
289.243,3446.33,39.9793,1138.34,3.75208,3642.86,0
289.927,3440.4,36.0817,1124.67,4.32892,3654.72,0
290.619,3456.36,40.4764,1115.18,2.37551,3591.09,0
291.31,3450.4,57.1965,1145.44,2.64138,3603.03,0
292.004,3444.79,63.1622,1152.6,3.19731,3613.67,0
292.684,3445.67,61.6408,1177.57,2.72091,3602.3,0
293.359,3440.21,52.48,1200.72,2.96932,3612.62,0
294.043,3443.48,39.1823,1187.23,2.71289,3593.1,0
294.728,3421.38,36.969,1209.08,4.88769,3659.73,0
295.404,3432.8,34.5614,1207.29,3.35942,3612.69,0
296.081,3423.93,48.4822,1206.07,4.26811,3634.37,0
296.761,3423.86,39.9856,1197.6,4.14739,3626.3,0
297.442,3451.73,71.1522,1217.03,0.436856,3524.29,0
298.126,3442.24,87.7527,1185.75,1.85888,3548.02,0
298.806,3452.17,97.6392,1149.42,1.06753,3506.72,0
299.492,3454.07,141.183,1123.5,1.07951,3492.36,0
300.173,3453.23,161.77,1130.16,1.07191,3487.24,0
300.87,3427.92,160.897,1151.89,3.82459,3563.26,0
301.555,3386.63,152.107,1152.88,8.07818,3692.1,0
302.233,3388.59,140.266,1142.7,6.95734,3677.34,0
302.914,3385.69,141.411,1134.07,6.30389,3678.65,0
303.594,3395.06,114.581,1140.51,4.71455,3639.53,0
304.284,3383.25,101.78,1151,5.33922,3670.09,0
304.986,3361.34,91.2781,1159.55,7.01786,3733.48,0
305.664,3387.01,88.9402,1169.83,3.5331,3641.23,0
306.351,3396.04,79.7479,1172.04,2.33383,3603.57,0
307.04,3405.68,76.7326,1194.14,0.907832,3564.1,0
307.728,3380.64,63.4297,1171.67,4.03495,3637.49,0
308.418,3377.44,82.7034,1153.65,4.34481,3639.72,0
309.102,3355.27,102.503,1154.56,6.69856,3703.41,0
309.798,3348.37,105.213,1165.53,6.21072,3717.37,0
310.485,3358.59,93.755,1176.8,4.27997,3676.22,0
311.166,3354.28,77.1612,1182.01,4.47026,3682.03,0
311.845,3367.87,83.9356,1169.54,2.62117,3630.42,0
312.528,3371.49,54.6763,1186.49,1.98906,3610.92,0
313.216,3366.68,64.9887,1178.76,2.61568,3618.32,0
313.901,3373.58,79.6096,1169.09,1.71834,3588.46,0
314.592,3343.1,80.5236,1155.06,5.42767,3677.46,0
315.287,3367.97,74.3595,1161.72,1.81398,3590.48,0
315.973,3361.02,86.5697,1136.44,2.84935,3604.69,0
316.652,3370.43,91.9989,1131.81,1.62693,3567.25,0
317.333,3371.84,86.8453,1127.45,1.50432,3555.15,0
318.02,3362.8,94.3894,1161.85,2.18171,3575.89,0
318.704,3360.81,73.6539,1180.23,2.18025,3574.44,0
319.396,3356.15,99.3114,1217.61,2.24787,3581.28,0
320.078,3368.65,59.5824,1228.93,0.560845,3534.62,0
320.77,3361.91,51.4693,1254.63,1.05812,3548.01,0
321.454,3363.97,72.7934,1213.6,1.27933,3534.03,0
322.138,3352.38,66.6919,1166.97,3.21949,3562.51,0
322.823,3346.11,46.0146,1165.99,3.76609,3574.36,0
323.505,3363.32,40.4251,1169.26,1.6046,3513.65,0
324.201,3367.84,67.7822,1180.3,0.901978,3492.15,0
324.892,3369.73,35.994,1200.21,0.442002,3478.89,0
325.586,3368.45,64.838,1200.01,0.569667,3475.44,0
326.271,3353.13,92.2221,1165.85,2.74396,3515.1,0
326.962,3357.58,147.391,1148.36,2.34873,3494.04,0
327.647,3372.09,155.928,1147.2,0.581803,3442.44,0
328.328,3355.01,143.343,1129.26,2.84999,3487.33,0
329.021,3357.16,142.689,1103.24,2.77857,3473.47,0
329.71,3349.96,131.486,1107.07,3.55516,3488.02,0
330.402,3360.01,119.295,1115.59,2.15603,3450.31,0
331.083,3358.26,116.104,1115.69,2.31459,3448.5,0
331.763,3325.48,104.824,1107.11,5.86758,3540.24,0
332.446,3321.97,101.489,1110.12,5.8547,3543.52,0
333.138,3348.88,101.608,1080.35,2.49402,3455.39,0
333.817,3332.25,83.5342,1065.3,4.50111,3498.16,0
334.495,3340.66,95.2909,1091.65,2.94631,3465.94,0
335.167,3338.71,110.62,1065.05,3.38198,3464.81,0
335.836,3337.02,114.999,1038.32,3.56717,3462.94,0
336.519,3358.22,137.641,1034.49,0.899608,3392.93,0
337.202,3343.56,170.754,1037.51,2.5278,3429.53,0
337.891,3342.54,170.207,1016.02,2.83773,3425.53,0
338.581,3348.65,193.107,1029.78,1.85935,3400.52,0
339.26,3343.12,215.928,1033.46,2.35326,3410,0
339.94,3341.77,195.885,1027.71,2.61533,3407.16,0
340.616,3339.87,200.508,1027.43,2.8135,3405.98,0
341.308,3354.05,250.031,1025.3,0.990378,3357.51,0
341.992,3351.63,255.296,1025.68,1.21805,3357.88,0
342.682,3350.58,299.615,1021.3,1.26064,3354.19,0
343.361,3346.77,309.647,1023.2,1.62544,3358.66,0
344.05,3334.66,300.332,1083.22,2.43488,3387.13,0
344.726,3337.5,305.17,1092.49,1.8455,3372.25,0
345.41,3325.86,275.304,1101.85,3.24532,3399.25,0
346.099,3344.19,306.408,1147.04,0.390349,3339.55,0
346.779,3311.77,316.352,1172.46,3.86849,3426.46,0
347.471,3323.33,311.043,1187.1,2.10383,3386.37,0
348.151,3330.36,318.192,1140.85,1.7518,3359.58,0
348.833,3337.94,306.14,1124.74,1.03194,3331.27,0
349.527,3342.43,304.241,1140.25,0.261494,3311.82,0
350.218,3315.62,322.809,1128.21,3.57824,3381.83,0
350.901,3289,338.495,1107.43,6.37308,3451.1,0
351.586,3305.12,330.521,1109.12,3.92482,3398.55,0
352.272,3308.94,300.82,1090.44,3.57892,3381.08,0
352.96,3306.71,300.517,1095.59,3.71099,3380.81,0
353.64,3329.96,311.093,1115.36,0.646013,3308.57,0
354.319,3325.86,313.164,1072.75,1.61272,3313.8,0
355.006,3304.36,322.617,1067.71,4.06319,3367.95,0
355.687,3308.66,343.086,1079.71,3.1082,3349.41,0
356.374,3305.88,336.58,1063.29,3.51056,3350.75,0
357.053,3288.19,343.12,1047.69,5.29982,3393.93,0
357.74,3273.01,367.277,1036.43,6.57504,3429.84,0
358.435,3261.81,373.752,1047.02,6.83767,3454.44,0
359.118,3255.56,382.115,1018.45,7.08508,3465.26,0
359.8,3260.64,380.49,1023.14,5.82626,3444.58,0
360.486,3273.05,387.431,993.574,4.22273,3403.59,0
361.173,3258.76,402.774,1015.63,5.34358,3436.69,0
361.853,3237.69,391.175,1025.74,7.11619,3488.46,0
362.542,3229.92,382.503,1030.63,6.782,3503.27,0
363.228,3243.38,379.288,1044.64,4.00469,3459.58,0
363.909,3254.35,380.292,1049.91,2.36596,3422.98,0
364.584,3220.32,382.486,1051.86,5.91593,3509.98,0
365.264,3216.25,360.514,1052.51,6.03321,3514.57,0
365.955,3200.12,375.886,1061.22,7.24262,3552.03,0
366.64,3178.83,382.261,1069.56,8.62666,3603.46,0
367.32,3167.68,382.226,1061.55,8.56897,3627.14,0
368.001,3169.75,383.484,1055.23,6.94138,3614.79,0
368.686,3172.65,389.422,1046.69,5.92801,3600.2,0
369.368,3175.65,395.236,1050.8,4.94908,3585.46,0
370.059,3178.6,402.5,1076.86,3.86075,3570.78,0
370.742,3177.54,388.69,1067.95,3.82495,3567.05,0
371.43,3200.63,389.806,1057.28,0.982139,3498.3,0
372.117,3196.16,385.827,1082.42,1.26113,3503.83,0
372.801,3190.86,403.17,1048.41,2.2205,3511.64,0
373.493,3177.86,395.467,1051.82,3.59767,3539.94,0
374.184,3182.37,417.765,1051.82,2.9383,3521.34,0
374.864,3176.72,397.223,1043.87,3.78655,3530.01,0
375.554,3184.75,384.09,1024.81,2.82834,3502.17,0
376.237,3194.29,402.08,1016.49,1.69616,3470.44,0
376.93,3195.93,396.65,1022.25,1.45782,3459.72,0
377.624,3199.32,393.153,1009.89,1.1949,3444.38,0
378.3,3180.74,390.272,985.681,3.61289,3487.34,0
378.988,3202.71,398.967,964.904,0.968793,3423.05,0
379.677,3187.54,388.413,955.175,2.99061,3456.77,0
380.364,3192.83,399.919,986.235,1.96228,3436.63,0
381.059,3197.3,421.995,981.812,1.3569,3418.62,0
381.748,3187.14,422.778,983.035,2.53226,3439.08,0
382.432,3179.77,441.431,956.693,3.61425,3452.19,0
383.125,3188.63,404.907,914.305,3.04887,3422.82,0
383.807,3171.07,393.7,903.628,4.93143,3462.49,0
384.492,3177.58,376.489,885.243,4.09066,3439.4,0
385.18,3165.02,361.718,880.299,5.38601,3465.86,0
385.865,3166.93,374.162,894.569,4.57889,3454.75,0
386.549,3165.59,382.562,895.004,4.2924,3452.1,0
387.238,3143.8,391.424,860.609,6.50844,3502.23,0
387.915,3138.76,381.858,861.286,6.2645,3509.12,0
388.601,3141.91,364.483,858.481,5.53831,3494.81,0
389.285,3145.14,375.867,843.968,4.81562,3480.37,0
389.961,3149.33,392.105,844.105,3.98518,3463.59,0
390.654,3154.84,398.257,850.189,3.00598,3443.34,0
391.342,3160.27,369.745,832.908,2.59342,3423.43,0
392.03,3164.79,382.013,837.994,1.85072,3405.9,0
392.728,3148.93,389.764,851.631,3.54949,3440.22,0
393.412,3136.19,378.635,856.423,4.84832,3466.62,0
394.097,3153.33,354.887,867.25,2.33093,3417.11,0
394.778,3141.45,375.268,878.232,3.41966,3441.29,0
395.467,3113.68,376.892,851.539,6.86682,3505.53,0
396.156,3110.32,389.843,876.724,5.95859,3507.9,0
396.841,3099.34,362.741,879.683,6.87092,3529.54,0
397.531,3100.41,363.827,881.312,6.07439,3520.69,0
398.216,3100.01,354.052,890.381,5.52469,3515.65,0
398.899,3097.52,373.659,895.042,5.08022,3515.87,0
399.589,3103.72,366.18,909.752,3.97391,3494.28,0
400.266,3097.51,366.384,923.169,4.35382,3503.9,0
400.946,3083.19,389.917,908.14,5.95797,3533.66,0
401.621,3087.58,386.16,897.462,5.17741,3516.8,0
402.303,3072.57,392.213,889.331,6.57124,3548.16,0
402.979,3080.75,386.488,889.062,5.01194,3521.9,0
403.664,3082.23,390.9,905.214,4.20781,3512.24,0
404.358,3097.29,363.333,912.027,2.32774,3468.98,0
405.04,3084.01,375.292,903.78,3.8975,3495.92,0
405.731,3093.04,401.113,875.731,2.82279,3467.73,0
406.409,3083.09,418.099,869.976,3.74615,3486.41,0
407.099,3079.45,444.549,911.151,3.50292,3489.46,0
407.778,3050.7,452.937,920.164,6.20835,3554.14,0
408.461,3046.15,457.771,938.852,5.86102,3559.35,0
409.144,3053.94,438.927,946.172,4.48624,3534.35,0
409.826,3015.22,435.526,941.803,8.5322,3622.95,0
410.51,3011.42,441.758,931.463,7.80151,3626.17,0
411.202,3005.01,453.915,946.849,7.18737,3635.65,0
411.887,3032.38,476.925,941.712,3.28857,3563.15,0
412.573,3009.3,483.574,952.047,5.79849,3613.18,0
413.262,3004.15,472.364,945.881,5.90113,3619.62,0
413.943,2989.15,494.368,942.469,6.89432,3649.9,0
414.625,3007.08,494.427,931.192,4.09378,3600.66,0
415.309,3013.57,510.711,915.775,3.23525,3579.1,0
415.999,3015.87,503.531,925.805,2.71626,3567.62,0
416.687,3005.11,527.632,926.042,3.82849,3587.56,0
417.371,3004.78,527.305,897.731,3.95682,3582.47,0
418.062,3023.2,504.348,868.198,1.91957,3532.5,0
418.751,3013.29,499.264,862.138,3.17007,3550.34,0
419.435,3004.4,523.76,849.349,4.00621,3565.76,0
420.121,2993.16,514.987,864.731,5.13578,3586.67,0
420.808,3000.92,520.609,871.237,3.61783,3562.39,0
421.495,2988.18,543.604,874.714,4.87192,3586.81,0
422.176,2992.58,538.583,866.005,4.03835,3570.6,0
422.861,2988.18,487.747,878.662,4.35234,3575.22,0
423.552,2982.66,495.417,847.705,5.06,3582.42,0
424.241,2978.62,486.642,864.007,5.26648,3586.12,0
424.934,2965.31,499.226,852.766,6.51801,3611.59,0
425.605,2966.67,491.984,869.104,5.67073,3602.72,0
426.283,2961.25,487.784,886.111,5.52638,3609.69,0
426.965,2962.04,522.449,888.502,4.77855,3602.09,0
427.653,2947.05,510.573,883.163,6.21369,3631.33,0
428.336,2963.47,513.669,870.936,3.71789,3587.19,0
429.028,2965.47,538.909,853.424,3.33758,3576.76,0
429.721,2949.7,551.405,869.409,5.13682,3607.69,0
430.408,2955.63,526.919,875.209,4.31586,3588.17,0
431.094,2937.43,537.889,865.746,6.34338,3624.67,0
431.77,2948.03,546.471,854.135,4.45567,3594.43,0
432.463,2958.76,519.235,845.737,3.05721,3563.86,0
433.168,2951.85,526.233,844.231,3.85674,3574.01,0
433.858,2966.36,521.343,818.723,2.02149,3534.88,0
434.548,2966.13,533.316,857.717,1.67574,3529.79,0
435.23,2951.56,540.305,835.565,3.66413,3557.75,0
435.91,2951.92,535.962,850.656,3.33154,3551.37,0
436.589,2956.84,535.373,844.271,2.7289,3534.59,0
437.263,2923.07,553.045,832.448,6.96399,3606.37,0
437.94,2939.77,559.31,829.92,4.12022,3562.66,0
438.623,2952.62,543.634,828.446,2.50777,3527.81,0
439.312,2970.25,545.937,815.924,0.222334,3482.15,0
439.993,2966.66,533.609,848.99,0.498953,3484.93,0
440.673,2946.39,556.627,886.247,2.63901,3525.53,0
441.362,2948.17,573.014,878.629,2.29047,3516,0
442.038,2947.98,588.745,891.168,2.01573,3511.05,0
442.726,2944.2,571.951,923.527,2.27541,3514.14,0
443.411,2960.62,556.73,907.597,0.38712,3471.67,0
444.103,2949.39,583.352,891.127,1.81773,3491.56,0
444.799,2944.61,577.228,890.44,2.30685,3496.84,0
445.478,2925.44,580.318,884.963,4.5796,3534.54,0
446.159,2936.48,545.591,883.188,3.10074,3504.41,0
446.833,2920.5,530.386,876.045,4.80009,3534.88,0
447.506,2927.09,527.923,850.53,3.98985,3514.82,0
448.19,2932.56,537.581,846.099,3.23731,3497.27,0
448.88,2932.69,543.152,820.113,3.29101,3491.59,0
449.569,2940.36,530.359,840.832,2.15508,3469.19,0
450.257,2947.54,510.496,820.807,1.4792,3447.94,0
450.93,2932.97,490.033,820.885,3.48478,3475.1,0
451.613,2930.87,496.48,818.042,3.55643,3474.51,0
452.304,2916.09,504.725,811.237,5.16862,3501.87,0
452.988,2919.1,518.652,820.575,4.40428,3489.93,0
453.671,2941.6,525.087,846.158,0.99344,3435.08,0
454.36,2934.92,539.433,847.445,1.7524,3444.58,0
455.051,2932.04,563.954,838.931,2.03211,3445.68,0
455.736,2939.49,563.384,869.131,0.815394,3424.15,0
456.414,2921.35,563.208,864.012,3.09384,3458.81,0
457.094,2925.79,540.072,864.122,2.50174,3443.96,0
457.782,2934.14,549.102,857.766,1.39597,3420.55,0
458.464,2935.48,548.178,809.746,1.53368,3412.52,0
459.142,2914.31,563.419,803.794,4.14332,3453.6,0
459.827,2893.44,576.99,822.343,6.01271,3493.84,0
460.507,2890.29,584.99,832.294,5.62041,3495.52,0
461.187,2892.37,588.823,865.206,4.38163,3485.86,0
461.866,2912.8,578.949,882.851,1.62035,3436.49,0
462.552,2886.27,572.503,875.492,5.01687,3488.75,0
463.235,2915.69,573.827,880.002,1.08326,3420.1,0
463.93,2911.54,578.023,859.406,1.70139,3423.92,0
464.624,2913.92,591.423,856.708,1.23246,3413.69,0
465.309,2907.06,583.571,846.284,2.11526,3423.4,0
465.987,2914.8,555.414,837.366,1.27968,3401.82,0
466.66,2901.6,565.424,852.503,2.74235,3425.19,0
467.341,2920.21,566.263,855.246,0.276809,3380.39,0
468.021,2902.04,562.767,847.918,2.65458,3414.29,0
468.704,2899.22,601.725,859.189,2.62147,3415.33,0
469.387,2897.66,585.995,852.081,2.7596,3413.68,0
470.073,2880.23,574.449,844.743,4.87601,3445.78,0
470.763,2884.07,574.129,841.59,4.02546,3432.57,0
471.459,2868.12,574.209,834.928,5.74994,3461.33,0
472.146,2861.01,586.912,822.562,6.20908,3471.37,0
472.826,2871.99,588.308,805.891,4.55442,3443.15,0
473.512,2860.09,595.877,789.735,5.83661,3463.29,0
474.21,2864.26,612.346,796.31,4.55761,3449.4,0
474.896,2886.47,610.481,815.159,1.59409,3397.65,0
475.591,2881.35,610.972,809.938,2.23632,3403.44,0
476.285,2854.8,593.318,781.597,5.68558,3454.24,0
476.975,2861.81,607.782,789.922,4.15067,3434.53,0
477.653,2854.49,592.418,769.955,5.15121,3444.98,0
478.345,2836.11,601.401,792.095,6.87339,3478.43,0
479.032,2832.59,611.265,794.927,6.04538,3480.79,0
479.72,2824.62,625.159,757.21,6.68176,3492.42,0
480.409,2818.83,618.879,777.977,6.65439,3499.46,0
481.097,2807.12,632.381,781.832,7.25297,3518.79,0
481.778,2792.62,613.088,778.945,7.65044,3543.91,0
482.472,2797.33,612.514,795.871,6.10428,3529.05,0
483.145,2785.41,614.586,794.354,6.83989,3548.81,0
483.832,2810.25,607.522,800.597,3.12727,3492.43,0
484.523,2814.44,597.928,812.833,2.39115,3478.8,0
485.203,2800.32,564.15,817.05,4.23117,3503.02,0
485.886,2764.68,587.077,826.092,8.08761,3571.45,0
486.568,2765.27,584.629,816.093,6.8937,3565.24,0
487.248,2747.16,578.155,827.464,8.2334,3597.42,0
487.931,2740.07,584.304,842.071,7.66806,3606.92,0
488.618,2739.5,612.597,848.049,6.5769,3603.02,0
489.29,2752.09,623.967,863.696,4.17504,3572.34,0
489.974,2756.91,604.398,871.722,3.41986,3557.53,0
490.662,2753.1,619.958,894.651,3.67141,3560.3,0
491.351,2755.21,604.649,893.213,3.35406,3551,0
492.035,2743.73,623.579,902.448,4.18993,3569.4,0
492.723,2770.97,623.364,892.911,0.6347,3509.14,0
493.413,2759.63,638.552,934.224,1.85708,3527.21,0
494.099,2753.91,640.269,934.228,2.54368,3533.89,0
494.791,2769.74,637.627,940.538,0.424218,3496.96,0
495.475,2752.23,627.141,955.45,2.64375,3527.46,0
496.158,2740.5,621.661,968.171,3.94831,3546.25,0
496.839,2726.83,621.766,937.665,5.65449,3568.89,0
497.524,2740.31,624.428,928.623,3.63348,3536.89,0
498.213,2732.77,626.389,935.275,4.40457,3547.13,0
498.906,2715.21,643.843,950.804,5.98203,3577.42,0
499.596,2718.68,636.473,957.662,4.96954,3565.52,0
500.282,2728.61,651.145,959.027,3.31982,3540.79,0
500.966,2729.26,626.096,977.665,3.18128,3534.65,0
501.643,2736.09,592.329,982.381,2.28189,3516.27,0
502.333,2733.65,589.316,985.156,2.57146,3516.28,0
503.014,2718.81,584.808,984.371,4.27674,3541.03,0
503.705,2737.16,614.403,982.469,1.64659,3499.75,0
504.381,2747.77,624.37,985.627,0.25385,3474.03,0
505.062,2740.56,590.981,982.489,1.30737,3483.61,0
505.735,2731.15,605.458,983.086,2.38248,3497.58,0
506.421,2738.3,575.038,994.259,1.46571,3478.72,0
507.116,2708.87,553.506,958.489,5.35084,3531.99,0
507.806,2683.52,541.268,959.192,7.63635,3577.11,0
508.474,2680.44,540.737,948.176,6.93284,3578.47,0
509.174,2681.12,538.21,933.692,5.86064,3572.21,0
509.856,2672.91,540.735,944.346,6.09348,3583.55,0
510.545,2680.41,558.105,931.139,4.8524,3564.02,0
511.222,2697.78,556.724,918.167,2.50232,3525.32,0
511.902,2694.83,566.141,918.612,2.70599,3526.4,0
512.587,2669.67,579.349,908.461,5.64157,3570.78,0
513.261,2649.43,598.123,898.67,7.51449,3605.51,0
513.951,2674.34,598.35,910.491,3.69568,3552.21,0
514.639,2668.03,626.988,900.048,4.36038,3559.71,0
515.333,2641.95,634.916,906.161,7.17489,3605.53,0
516.017,2652.87,631.713,915.67,5.14179,3579.59,0
516.702,2664.34,631.71,918.377,3.22606,3552.65,0
517.388,2666.85,599.449,921.178,2.79775,3543.08,0
518.073,2670.52,617.312,921.509,2.1835,3531.31,0
518.77,2686.56,575.418,894.588,0.270771,3495.64,0
519.449,2681.47,637.17,946.544,0.640326,3500.89,0
520.137,2666.3,627.611,983.571,2.50832,3525.42,0
520.825,2683.79,598.906,962.133,0.298842,3487.18,0
521.518,2677.15,617.868,998.165,1.02084,3495.27,0
522.208,2664.03,624.994,1031.33,2.5897,3515.78,0
522.893,2660.64,670.888,1016.04,2.90909,3517.66,0
523.58,2655.14,683.414,1004.41,3.53226,3523.54,0
524.261,2635.51,684.878,994.375,5.75802,3556.42,0
524.951,2634.77,694.571,996.311,5.14284,3553.15,0
525.634,2637.53,680.504,979.263,4.61819,3543.29,0
526.315,2621.52,673.597,980.03,6.16457,3569.12,0
526.999,2610.96,686.51,975.702,6.8224,3584.53,0
527.691,2594.46,690.885,958.4,8.06206,3611.09,0
528.376,2590.63,684.034,952.145,7.54736,3613.65,0
529.07,2590.06,685.493,951.653,6.44003,3609.99,0
529.753,2576.32,684.285,958.719,7.08173,3631.28,0
530.428,2588.78,675.773,944.3,4.59599,3603.17,0
531.115,2605.16,664.172,966.257,2.1911,3567.67,0
531.806,2586.52,626.382,964.542,4.6588,3598.08,0
532.495,2568.49,613.707,990.486,6.38733,3627.29,0
533.174,2572.87,593.239,998.922,5.32345,3614.45,0
533.862,2601.25,584.15,1002.44,1.54136,3556.63,0
534.547,2611.58,578.26,1000.76,0.172358,3532.74,0
535.23,2597.07,583.563,1011.66,2.01487,3555.35,0
535.92,2589.67,585.064,1018.84,2.90155,3564.58,0
536.611,2611.11,600.438,1025.32,0.0222707,3520.04,0
537.302,2588.51,598.209,1020.41,2.9435,3557.57,0
537.984,2568.87,604.265,1018.85,5.30968,3589.57,0
538.665,2570.09,588.393,1032.83,4.48024,3582.77,0
539.351,2563.3,596.673,1023.62,5.05833,3590.8,0
540.026,2543.19,594.68,1013.47,6.94394,3623.54,0
540.704,2549.07,583.137,1020.29,5.42907,3608.13,0
541.394,2559.33,574.122,1023.45,3.73388,3584.58,0
542.07,2556.87,583.552,1025.12,3.57456,3584.65,0
542.748,2551.81,588.093,1029.38,3.99213,3589.49,0
543.435,2545.7,600.509,1027.5,4.66906,3596.2,0
544.122,2546.4,615.008,1004.55,4.25942,3590.38,0
544.815,2538.21,599.481,997.364,4.9167,3600.84,0
545.495,2526.89,569.067,1004.12,5.75476,3617.1,0
546.18,2522.4,550.818,1040.95,5.80788,3620.78,0
546.872,2509.06,537.429,1051.72,6.83068,3640.59,0
547.064,2499.89,533.73,1049.19,7.5996,3656.09,0
