0.689735,4485.57,-210.251,-214.524,0.772377,20919.3,0
1.36885,4458.8,-207.069,-205.135,4.21436,30098,0
2.04799,4457.77,-193.913,-207.374,4.55377,20622.6,0
2.71753,4469.39,-182.89,-199.319,3.86835,11262.3,0
3.40589,4474.59,-180.767,-192.292,3.54482,7461.33,0
4.08996,4447.69,-186.727,-188.575,6.09634,12790.4,0
4.76976,4452.15,-174.532,-179.493,5.87994,10032.6,0
5.44637,4430.08,-171.902,-173.715,7.67716,12838,0
6.14012,4417.8,-168.647,-178.523,7.47797,13387.1,0
6.83633,4412.74,-182.156,-174.244,7.0885,12764.7,0
7.5252,4411.49,-174.735,-187.23,5.89208,11761.6,0
8.20695,4412.95,-163.852,-173.472,6.4234,10606.8,0
8.89277,4394.45,-159.056,-179.693,7.68091,11869.2,0
9.5864,4400.94,-141.866,-186.196,6.4697,10333.8,0
10.2673,4407.97,-152.748,-187.068,4.64277,8963.01,0
10.955,4401.48,-144.312,-196.079,4.87807,8993.17,0
11.6338,4410.7,-132.575,-187.055,4.58342,7675.73,0
12.3231,4409.38,-164.486,-192.657,2.72983,7353.36,0
13.006,4403.01,-195.292,-167.721,2.94984,7457.37,0
13.6847,4373.13,-201.011,-174.252,5.38818,9271.06,0
14.3647,4363.25,-196.476,-172.647,6.13297,9520.17,0
15.0569,4374,-176.22,-199.826,3.97573,8367.96,0
15.7413,4398.75,-139.508,-198.18,2.72153,6432.19,0
16.4246,4392.62,-150.672,-213.998,2.02261,6538,0
17.112,4415.66,-134.205,-192.053,1.43296,4928.6,0
17.8015,4401.72,-118.458,-188.597,3.67781,5520.74,0
18.4871,4400.89,-117.663,-205.486,2.59366,5360.94,0
19.1727,4402.12,-105.281,-178.522,4.53194,5105.1,0
19.8569,4418.44,-78.5921,-181.198,3.25403,4107.44,0
20.5493,4426.71,-59.4027,-173.21,3.34116,3566.44,0
21.2383,4411.41,-64.1665,-167.58,5.04925,4171.18,0
21.9101,4409.79,-58.4938,-167.457,4.98548,4117.32,0
22.5981,4404.27,-62.4994,-164.71,5.40382,4236.11,0
23.2818,4411.45,-90.8556,-176.514,2.63683,3803.44,0
23.9735,4388.4,-121.931,-165.996,4.54162,4655.22,0
24.6649,4391.56,-142.913,-158.76,3.47383,4396.54,0
25.3487,4394.95,-132.333,-162.235,3.29598,4144.07,0
26.0327,4379.92,-171.817,-142.249,3.65818,4612.55,0
26.7194,4383.06,-164.08,-129.426,4.0715,4376.5,0
27.4005,4364.96,-150.309,-134.608,6.30266,4928.26,0
28.0851,4362.79,-150.72,-112.736,6.80924,4885.5,0
28.7733,4353.54,-161.736,-112.266,6.25813,5090.18,0
29.4552,4346.22,-167.821,-109.644,6.21509,5220.72,0
30.1369,4346.38,-158.268,-110.65,6.2049,5097.46,0
30.8233,4345.27,-138.147,-83.0678,7.52929,5019.9,0
31.5118,4325.27,-132.742,-82.4298,8.44167,5544.81,0
32.2072,4320.03,-126.449,-98.9896,7.12176,5587.89,0
32.8929,4312.54,-140.882,-115.326,5.20662,5699.15,0
33.5735,4302.13,-137.144,-117.703,5.45182,5893.62,0
34.2556,4295.82,-141.078,-125.839,5.17403,5960.6,0
34.9356,4302.02,-138.563,-120.015,4.54254,5666.89,0
35.6269,4298.15,-145.594,-138.706,2.94859,5665.56,0
36.3072,4287.99,-145.16,-171.521,1.81056,5839.42,0
36.9938,4288.43,-134.69,-155.98,3.43975,5719.09,0
37.6824,4279.09,-150.243,-172.855,2.32267,5862.53,0
38.3692,4256.92,-161.936,-168.905,4.19542,6335.31,0
39.059,4267.12,-149.921,-174.7,3.23594,5962.36,0
39.7487,4258.87,-130.664,-154.337,6.44006,6066.36,0
40.4373,4261.72,-137.123,-158.672,4.64895,5892.52,0
41.1228,4289.47,-121.734,-158.281,2.289,5119.51,0
41.8097,4274.67,-149.762,-174.894,1.01477,5389.38,0
42.4991,4282.86,-122.547,-172.26,1.79035,5109.36,0
43.1843,4272.24,-151.738,-143.772,3.24803,5274.11,0
43.869,4269.39,-129.61,-166.601,3.317,5256.75,0
44.5567,4257.5,-129.128,-159.199,4.97335,5442.51,0
45.2357,4276.09,-92.02,-145.591,5.84372,4949.88,0
45.9218,4279.83,-107.541,-158.582,3.56578,4794.37,0
46.6025,4280.47,-94.7753,-170.137,2.92508,4710.61,0
47.2926,4221.71,-71.9107,-166.61,9.50011,5884.49,0
47.9628,4224.06,-62.456,-149.638,9.38383,5753.27,0
48.6614,4217.07,-78.1351,-147.317,7.91655,5814.26,0
49.3487,4212.31,-79.5861,-139.814,7.81769,5829.79,0
50.0314,4209.78,-78.6986,-137.533,7.1228,5800.67,0
50.7035,4189.27,-67.6352,-132.013,8.89616,6128.4,0
51.3836,4166.8,-82.2936,-131.303,8.71024,6484.5,0
52.0771,4174.51,-101.274,-126.273,6.10614,6250.24,0
52.7538,4156.86,-109.947,-112.552,7.64452,6504.64,0
53.4354,4158.15,-120.064,-121.387,5.05224,6397.5,0
54.1192,4141.33,-126.757,-132.772,4.83123,6627.41,0
54.8109,4144.13,-149.911,-114.979,3.7664,6492.76,0
55.4825,4134.53,-175.244,-92.8961,3.54641,6587.04,0
56.1649,4145.05,-186.118,-91.0141,1.12494,6319.76,0
56.8542,4174.74,-166.257,-76.7512,0.65568,5720.95,0
57.5386,4117.51,-183.89,-82.9112,4.64089,6647.49,0
58.2218,4108.37,-182.242,-74.9981,5.86644,6726.44,0
58.9044,4118.6,-172.403,-66.7396,5.92485,6474.89,0
59.5887,4108.63,-182.578,-86.5308,4.27193,6567.9,0
60.2757,4097.47,-188.591,-73.7906,5.41954,6678.16,0
60.9687,4084.35,-166.884,-74.4214,8.69116,6817.38,0
61.6477,4069.98,-173.202,-69.0701,7.9611,6975.53,0
62.3329,4053.52,-177.207,-90.32,6.94767,7162.8,0
63.0241,4054.92,-157.387,-77.2762,9.00775,7062.08,0
63.705,4056.36,-147.858,-76.0993,8.55082,6964.04,0
64.3905,4056.81,-154.946,-75.5554,6.1646,6882.8,0
65.0665,4051.85,-142.069,-61.4521,8.24632,6887.58,0
65.7482,4051.05,-132.024,-70.5515,7.42336,6828.26,0
66.4305,4071.7,-132.445,-73.8485,4.45176,6447.38,0
67.1172,4098.56,-120.609,-61.462,3.79361,5981.14,0
67.8015,4098.39,-128.489,-79.2779,1.64894,5923.29,0
68.4955,4122.8,-82.4162,-84.604,3.45517,5506.97,0
69.1854,4126.99,-67.4109,-67.0931,5.78712,5391.42,0
69.8722,4133.63,-57.1936,-63.834,5.71364,5243.48,0
70.5563,4115.92,-67.5995,-62.2645,5.88328,5443.62,0
71.2536,4105.32,-65.2688,-60.6006,6.45985,5539.07,0
71.945,4095.34,-62.5214,-68.6914,6.47134,5624.51,0
72.624,4081.75,-53.3294,-72.4001,7.35753,5759.1,0
73.3082,4087.77,-67.2221,-50.6239,6.17588,5623.28,0
73.9876,4099.61,-39.2747,-57.1368,6.40197,5411.53,0
74.667,4107.63,-50.816,-54.1781,4.56234,5254.92,0
75.351,4133.41,-54.3671,-54.8536,1.69772,4865.06,0
76.0283,4134.3,-61.0294,-53.5446,1.07891,4810,0
76.713,4106.79,-76.067,-62.6951,1.39806,5125.73,0
77.3836,4094.61,-48.0108,-60.5205,5.38324,5238.71,0
78.0646,4093.37,-37.2438,-73.4922,4.30976,5208.92,0
78.7396,4110.51,-38.77,-65.3227,3.38765,4946.52,0
79.4212,4085.66,-28.0622,-62.1413,6.22163,5216.96,0
80.1031,4107.03,-47.7332,-49.3922,3.69771,4905.86,0
80.7924,4091.71,-61.8968,-34.2688,4.44652,5053.55,0
81.4746,4102.08,-53.7534,-34.7499,3.77848,4884.03,0
82.1506,4108.91,-61.5811,-39.6023,1.79888,4760.67,0
82.8266,4075.03,-82.8704,-48.0365,1.76649,5130.85,0
83.5126,4065.41,-71.3414,-52.6412,3.67307,5203.88,0
84.1962,4054.32,-99.3465,-41.4299,1.92797,5293.4,0
84.8893,4049.5,-79.6932,-46.0283,4.66796,5306.95,0
85.5731,4059.38,-77.8278,-57.9966,2.86817,5149.03,0
86.2524,4056.64,-96.9952,-40.6988,1.82758,5140.26,0
86.9271,4053.53,-78.0821,-61.76,2.89629,5136.12,0
87.6111,4064.78,-74.1549,-53.2662,3.00629,4967.62,0
88.2924,4080.72,-87.6638,-20.147,1.59543,4748.82,0
88.977,4085.5,-84.2984,-31.8401,1.10273,4658.55,0
89.6643,4082.03,-63.8252,-22.202,4.52779,4661.5,0
90.3573,4071.68,-55.3495,-5.77292,6.43828,4740.28,0
91.0456,4079.88,-38.6646,10.7135,7.0987,4614.43,0
91.7406,4096.33,-25.0703,0.694557,6.78403,4400.17,0
92.43,4115.53,-16.6894,17.2157,4.17417,4159.54,0
93.1232,4120.23,-7.63176,26.7473,3.05962,4078.11,0
93.815,4105,-23.4101,5.95206,4.74293,4210.37,0
94.4986,4119.67,-34.0444,0.693884,2.06988,4024.69,0
95.1769,4092.05,-28.2155,14.3551,4.74576,4286.25,0
95.8594,4095.33,-42.601,19.6149,2.29116,4221.49,0
96.5449,4099.07,-28.1036,29.8375,2.72221,4152.78,0
97.2259,4079.46,-29.8023,43.462,2.72522,4325.36,0
97.9078,4058.9,-7.57575,72.0994,1.70714,4505.26,0
98.5879,4036.88,-2.5583,46.5014,7.296,4697.51,0
99.2734,4056.78,-8.29773,16.1288,8.35,4464.66,0
99.9631,4040.28,-7.38487,26.0443,7.53187,4598.87,0
100.658,4038.37,10.0783,37.8741,5.00589,4586.14,0
101.339,4025.54,6.18784,37.0606,5.20519,4681.85,0
102.034,4030.58,10.5964,29.1325,5.33086,4600.63,0
102.721,4017.3,7.38068,43.411,3.92353,4699.17,0
103.409,4016.02,5.42921,28.8858,6.0606,4680.25,0
104.098,4003.51,-2.91869,47.4248,3.79525,4769.41,0
104.793,3993.47,2.04454,45.796,4.72837,4833.6,0
105.479,3957.31,-6.51143,57.9908,5.12537,5145.04,0
106.157,3961.54,-18.11,50.3244,4.9172,5072.31,0
106.844,3976.97,-10.257,34.3045,6.36379,4895.26,0
107.52,3964.04,-7.7473,51.5642,3.95028,4984.71,0
108.204,3954.05,-24.4827,48.7853,4.09943,5045.55,0
108.896,3977.45,-27.9416,35.2439,3.67881,4798.65,0
109.576,3970.43,-25.8186,26.2541,5.44521,4832.89,0
110.261,3953.63,-61.5753,-8.25697,2.1562,4955.25,0
110.94,3967.02,-53.6816,-11.6933,2.18616,4804.21,0
111.629,3952.42,-49.5427,-17.8801,3.20243,4905.3,0
112.309,3938.91,-56.4712,-21.1885,2.74865,4995.98,0
112.994,3965.01,-47.1285,-22.4013,2.07906,4734.69,0
113.694,3984.03,-40.9473,-10.989,2.25722,4538.21,0
114.377,3992.56,-4.72192,-15.3393,5.78657,4436.6,0
115.057,3995.19,2.84617,-39.7217,1.44822,4387.43,0
115.741,3989.33,19.4793,-35.1207,1.82673,4412.16,0
116.427,3995.06,-0.428546,-29.795,2.76671,4336.97,0
117.115,3992.07,5.78615,-42.2809,0.640684,4337,0
117.797,3978.35,-3.48064,-31.6441,3.52194,4428.39,0
118.482,3961,6.45706,-18.5206,5.99972,4549.18,0
119.175,3934.54,-10.3379,-6.28078,7.60814,4744.77,0
119.865,3951.08,-5.56732,-34.5738,1.27193,4579.43,0
120.555,3920.73,-17.2529,-28.5607,3.72839,4805.05,0
121.238,3961.65,-31.8547,-1.31371,0.717017,4440.39,0
121.917,3953.42,-31.8813,-16.7267,0.426304,4483.23,0
122.609,3899.63,-35.2796,8.52798,4.14155,4896.66,0
123.292,3886.24,-26.685,2.65286,6.71787,4978.08,0
123.978,3898.68,-20.2474,-2.33973,6.57872,4850.24,0
124.66,3881.88,-18.6237,-6.33609,6.97825,4958.49,0
125.333,3870.85,-11.226,-13.6312,7.31981,5019.83,0
126.029,3884.08,-32.6607,-13.3282,1.86006,4887.1,0
126.723,3879.64,-32.4177,-9.00662,2.47985,4895.4,0
127.405,3874.06,-44.5356,-6.17364,0.249812,4912.97,0
128.091,3863.43,-40.2036,13.7055,1.24743,4969.65,0
128.769,3836.47,-34.6087,-6.16545,4.9026,5152.83,0
129.438,3846.54,-9.40087,-30.2323,4.50043,5048.45,0
130.118,3822.25,2.68523,-24.9385,7.36897,5208.75,0
130.797,3816.75,23.873,4.55361,6.60969,5223.77,0
131.483,3818.43,6.31076,-7.06154,9.51765,5183.68,0
132.164,3832.5,18.1111,-6.43494,4.82887,5050.52,0
132.836,3826.29,10.1606,12.9765,5.36015,5071.78,0
133.519,3818.97,16.5492,19.223,3.23601,5100.62,0
134.202,3818.54,25.592,10.4636,2.41683,5077.86,0
134.896,3817.06,33.2705,5.03027,0.718856,5062.72,0
135.589,3843.93,22.3312,4.02329,1.85224,4838.64,0
136.271,3826.8,20.0573,21.7296,1.00277,4940.19,0
136.952,3807.49,-13.8059,16.1029,4.27007,5056.62,0
137.63,3803.41,-16.6394,16.3315,3.68261,5061.35,0
138.315,3822.15,-26.6289,4.48782,1.28069,4900.8,0
139.002,3815.42,-13.5056,21.2987,2.04609,4924.98,0
139.689,3795.76,-22.0585,24.2586,1.11271,5041.5,0
140.36,3807.99,-4.96647,15.1603,4.76876,4930.26,0
141.046,3802.6,-15.8128,0.190356,4.73402,4944.45,0
141.727,3794.09,-10.2756,11.8049,4.78152,4980.76,0
142.406,3781.8,-8.70882,2.09258,6.86173,5043.33,0
143.088,3793.16,-3.50694,13.0111,4.45808,4939.9,0
143.771,3804.27,6.43772,9.31352,4.36027,4839.15,0
144.456,3830.58,-10.6729,17.1848,0.19541,4634.04,0
145.138,3839.87,-6.50357,-0.421732,2.9715,4548.3,0
145.818,3824.18,-2.17298,-2.8612,4.5959,4634.72,0
146.5,3807.66,-2.53181,15.9834,2.16499,4725.91,0
147.188,3813.35,1.68207,2.34966,5.17899,4665.14,0
147.867,3792.48,-18.8206,-5.72717,1.59923,4784.82,0
148.54,3772.36,-8.43558,-6.82052,5.52737,4898.61,0
149.227,3775.61,-6.30402,2.22739,6.02203,4854.27,0
149.92,3770.95,-13.042,-10.6592,2.71059,4862.89,0
150.602,3744.19,-13.5759,-16.2108,2.79003,5018.58,0
151.274,3733.56,-15.5627,-10.8161,3.7309,5066.59,0
151.953,3734.12,1.04188,-2.14388,8.96457,5040.22,0
152.629,3740.47,17.2945,-6.30401,2.46431,4976.33,0
153.321,3728.62,16.3318,14.9023,1.62847,5031.11,0
154.007,3745.37,0.860054,22.8282,0.681788,4899.96,0
154.686,3740.22,4.29219,12.9401,3.91235,4911.75,0
155.374,3721.07,-10.3521,-14.9785,2.16699,5013.25,0
156.066,3701.51,16.3571,-9.12107,2.50594,5116.36,0
156.752,3719.14,-0.44738,-15.2853,3.34869,4981.51,0
157.427,3700.24,15.8669,-13.5758,1.30645,5080.18,0
158.112,3691.2,7.89001,-15.1244,3.49647,5115.34,0
158.803,3695.73,-0.384961,-5.31007,7.46623,5064.6,0
159.495,3696.15,1.11391,5.96731,6.3916,5039.99,0
160.175,3680.48,5.65033,9.48042,4.20914,5116.4,0
160.856,3681.78,-10.0822,-2.6912,4.57035,5086.68,0
161.53,3681.09,-7.71206,10.213,3.4755,5069.68,0
162.215,3717.51,8.62322,8.13138,2.59229,4823.78,0
162.889,3703.94,3.45523,-0.575446,6.52542,4887.13,0
163.575,3725.97,1.31462,5.59976,4.17336,4731.97,0
164.264,3728.86,10.1329,3.91473,1.97303,4694.52,0
164.95,3740.71,-7.39495,-4.93193,2.0806,4603.14,0
165.64,3742.74,-9.99383,-2.40506,1.44255,4571.73,0
166.326,3738.74,11.2865,2.7978,1.15982,4576.89,0
167.014,3734.95,-11.8561,2.35145,1.21122,4580.73,0
167.699,3729.02,11.7442,-8.9862,0.464437,4597.41,0
168.385,3730.96,5.09433,-7.24292,2.49288,4567.16,0
169.077,3721.61,5.58983,-0.869707,4.02048,4603.78,0
169.772,3741.24,7.73982,7.91893,1.00109,4469.31,0
170.457,3735.36,-3.04514,-4.27897,3.21806,4485.81,0
171.132,3784.63,3.32471,-1.36336,1.18797,4180.23,0
171.802,3802.71,1.23605,-1.00538,0.798379,4058.72,0
172.493,3784.54,-3.08516,-2.22677,1.17571,4147.79,0
173.186,3786.49,4.41117,-0.2076,0.969785,4119.92,0
173.865,3782.59,-3.22653,-1.68673,1.47734,4126.23,0
174.557,3774.82,-2.1274,1.78247,2.11669,4154.41,0
175.236,3808.3,1.66875,2.39846,0.21498,3947.23,0
175.925,3783.33,5.28164,-3.94797,0.458418,4073.7,0
176.609,3793.61,3.50948,2.15271,0.633348,3999.71,0
177.292,3782.21,-0.457279,4.23041,1.24069,4048.65,0
177.98,3783.24,-0.464511,-3.51067,1.28104,4027.22,0
178.67,3779.35,5.06255,1.83445,0.853826,4033.4,0
179.358,3778.47,7.13371,-0.956297,0.293765,4022.84,0
180.041,3770.46,4.21108,-2.65465,1.41836,4052.08,0
180.723,3788.3,1.00441,3.07458,0.945737,3938.09,0
181.419,3770.24,7.05624,4.33146,0.354762,4022.5,0
182.107,3801.18,1.2102,-0.782809,0.823961,3837.38,0
182.795,3783.12,5.97657,0.238052,0.43137,3921.75,0
183.484,3765.52,-3.93355,-2.38149,1.72121,4002.95,0
184.168,3768.36,0.788673,-4.83095,1.45498,3972.64,0
184.873,3740.11,7.90388,-9.42756,0.155206,4110.34,0
185.564,3753.19,0.482914,-2.68963,2.87442,4024.56,0
186.258,3754.82,-0.840944,4.1174,2.18925,4000.79,0
186.951,3751.51,3.95073,6.55824,1.16606,4003.68,0
187.64,3737.59,8.68208,5.02138,0.870695,4063.17,0
188.33,3721.27,1.65766,-3.45902,3.92274,4134.94,0
189.009,3704.88,7.21348,9.2701,1.11485,4206.79,0
189.69,3758.92,-2.92282,5.40231,0.909945,3906.77,0
190.372,3742.75,1.09209,4.1012,2.37323,3977.73,0
191.068,3727.88,-0.0970864,8.60616,1.52943,4041.1,0
191.756,3734.6,8.34963,-5.28981,0.834666,3991.52,0
192.44,3712.25,8.84997,5.51735,1.22238,4093.47,0
193.12,3717.48,-3.04451,-0.685937,3.69248,4052.01,0
193.809,3721.16,8.01989,-3.11994,1.36385,4018.58,0
194.489,3727.85,-8.84967,-4.76773,0.596982,3970.15,0
195.172,3727.06,-8.02106,-1.34167,1.26046,3960.27,0
195.85,3740.83,1.63196,3.99,1.98842,3876.28,0
196.531,3730.11,-3.16245,-6.77139,1.24111,3917.41,0
197.216,3723.38,5.1906,5.23885,1.3195,3937.92,0
197.905,3711.9,10.7899,3.0596,0.0228575,3982.21,0
198.591,3716.47,5.24174,-4.0168,1.7779,3945.45,0
199.286,3737.94,3.24746,3.60915,1.43934,3823.95,0
199.967,3720.99,-0.584767,-4.74106,2.14413,3895.68,0
200.644,3710.67,1.64714,8.05281,1.06045,3934,0
201.325,3714.69,-4.4624,-2.0266,2.0984,3900.73,0
202.008,3711.2,-0.915623,-8.91888,0.601917,3904.81,0
202.677,3691.92,7.00643,1.24836,2.21287,3987.05,0
203.361,3687.28,-5.40377,5.91662,1.81802,3996.46,0
204.042,3664.04,-7.5777,-3.94904,2.1772,4097.02,0
204.73,3652.43,-2.18646,9.96998,1.20544,4139.94,0
205.407,3653.8,-11.0626,-3.18674,4.08844,4119.6,0
206.104,3674.05,3.75147,-10.4727,4.35962,4007.42,0
206.784,3697.06,10.3059,6.38201,2.66497,3883,0
207.459,3707.35,9.73097,-0.580225,3.1279,3820.76,0
208.146,3705.85,0.150878,2.80308,6.01284,3815.36,0
208.829,3694.69,-2.0952,3.77844,5.74202,3856.32,0
209.518,3685.98,-12.4954,-3.00523,1.89328,3885.2,0
210.202,3707.98,3.64208,1.55027,4.81877,3767.87,0
210.888,3710.09,8.88404,-9.64444,0.856585,3745.62,0
211.576,3723.73,7.39238,-7.95725,1.19171,3668.97,0
212.264,3713.08,-3.17846,3.32382,4.34164,3707.27,0
212.942,3728.01,-2.43675,-9.87074,1.54693,3625.38,0
213.633,3714.71,-5.02504,3.13552,3.6811,3675.9,0
214.332,3700.91,-2.49281,2.78217,5.20782,3728.26,0
215.016,3708.33,-4.38219,0.850575,4.40497,3681.93,0
215.695,3727.04,10.3424,-4.7796,0.668629,3583.6,0
216.389,3761.43,-2.4743,0.0678081,2.11626,3413.16,0
217.068,3739.19,-3.10546,-4.4396,2.17268,3504.91,0
217.753,3748.78,-8.53261,3.01309,0.492546,3449.86,0
218.421,3770.25,0.75555,5.5551,0.620719,3341.02,0
219.106,3754.89,-1.57302,3.17218,2.12627,3400.69,0
219.794,3755.59,-5.28578,1.75727,1.43023,3386.86,0
220.473,3713.36,6.09684,0.408763,3.10826,3567.98,0
221.161,3685.65,10.9822,-1.54401,1.83037,3682.14,0
221.844,3678,2.18653,-1.65226,6.06106,3705.32,0
222.533,3672.42,-1.00317,13.6518,0.714078,3718.89,0
223.217,3651.55,1.72104,-2.43209,4.42093,3801.02,0
223.909,3637.4,6.68123,2.0338,6.57196,3852.47,0
224.603,3633.84,4.94606,8.60398,7.06868,3856.4,0
225.293,3644.06,-9.05482,18.9046,2.32753,3799.24,0
225.975,3612.16,-11.2341,35.6073,2.75524,3928.93,0
226.654,3607.22,-11.6394,24.8023,5.45456,3938.96,0
227.34,3606.28,-3.09053,11.2864,6.15686,3931.22,0
228.038,3603.8,-5.36858,26.7877,6.71778,3930.03,0
228.725,3598.12,-14.9453,27.8249,8.02721,3943.08,0
229.404,3609.63,-21.0632,10.6604,1.58753,3881.21,0
230.088,3602.39,-25.358,-30.8804,4.11196,3901.14,0
230.774,3593.77,-15.7482,-49.4021,7.09279,3926.91,0
231.449,3602.98,-7.73955,-29.4763,3.388,3875.68,0
232.134,3599.54,-25.9058,-22.8557,4.61058,3879.04,0
232.827,3595.71,-30.9272,-21.5335,5.16945,3883.96,0
233.525,3592.91,-15.7066,-20.8988,6.12232,3884.35,0
234.206,3585.9,-1.40935,-31.2205,9.32099,3902.95,0
234.891,3563.15,22.3277,-18.9883,11.0798,3988.45,0
235.573,3537.93,36.0284,-51.7082,8.16902,4083.96,0
236.262,3519.36,29.7141,-28.7917,8.28672,4150.66,0
236.959,3515.63,23.4692,-51.7848,3.28594,4154.16,0
237.645,3528.43,-10.0261,-31.6433,2.18409,4088.34,0
238.328,3511.58,5.11149,-35.2648,7.44639,4147.31,0
239.025,3488.73,1.89702,-10.2053,6.52052,4230.82,1
239.084,3489.69,1.32656,-2.57066,14.1853,4225.74,2
