0.690802,4474.14,316.129,-424.817,3.07406,37439.3,0
1.37454,4463.82,336.166,-426.681,3.4851,26318.6,0
2.06276,4476.92,343.998,-423.11,1.64608,11186.7,0
2.74778,4451.4,334.341,-449.58,3.96157,17685.3,0
3.42883,4437.44,319.676,-467.427,5.09896,18245.3,0
4.11245,4430.24,336.862,-466.777,5.11054,16962.1,0
4.80517,4419.1,320.819,-467.2,6.16872,16836.7,0
5.49562,4408.71,331.338,-481.555,6.12021,16612.1,0
6.18053,4394.38,319.71,-472.144,7.13162,17089.2,0
6.86437,4394.76,311.059,-469.609,6.23007,15330.7,0
7.54886,4387.42,300.765,-466.922,6.7781,14913.7,0
8.22939,4387.2,303.538,-465.008,6.16847,13707,0
8.91793,4396.89,314.334,-477.994,3.62051,11562.4,0
9.60448,4416.5,337.842,-485.145,0.25164,8693.34,0
10.2979,4405.88,352.149,-475.134,1.6104,9139.73,0
10.9802,4399.42,355.477,-501.43,1.52079,9159.81,0
11.6652,4379.61,358.908,-496.744,4.11789,10320.8,0
12.3494,4395.47,377.552,-483.169,1.85752,8464.54,0
13.023,4385.85,397.058,-502.712,2.03728,8765.62,0
13.7084,4383.61,411.48,-500.629,2.09797,8490.31,0
14.3871,4390.48,389.675,-476.353,2.35943,7612.55,0
15.0796,4389.77,379.768,-488.677,2.12846,7309.72,0
15.7739,4374.9,387.399,-510.277,3.12759,7930.6,0
16.4475,4377.05,394.446,-522.839,2.38577,7475.23,0
17.1205,4367.6,392.083,-522.409,3.48442,7733.23,0
17.8091,4357.81,389.589,-546.316,4.08103,7983.97,0
18.4981,4350.04,405.98,-548.632,4.51556,8106.79,0
19.1776,4357.44,417.43,-561.173,2.81487,7433.67,0
19.8638,4370.76,402.299,-599.023,0.405791,6506.39,0
20.5437,4343.73,403.384,-607.909,3.6577,7606.6,0
21.238,4355.94,426.009,-605.423,1.6805,6782.91,0
21.9177,4343.62,397.494,-634.392,3.04117,7134.68,0
22.6035,4333.51,403.513,-604.647,4.79172,7365.87,0
23.2945,4319.66,402.394,-594.125,6.66396,7741.8,0
23.9795,4322.91,400.132,-586.17,5.58216,7384.88,0
24.6575,4318.23,405.116,-594.791,5.43855,7371.68,0
25.3536,4296.89,429.764,-558.67,8.24895,8011.16,0
26.0425,4301.72,437.859,-564.816,6.27865,7613.75,0
26.7299,4299.24,416.622,-573.287,6.00149,7510.84,0
27.4167,4308.66,412.773,-582.298,4.35634,6978.9,0
28.0997,4323.71,417.715,-576.771,2.19805,6273.71,0
28.7975,4310.54,422.639,-549.432,4.36445,6579.05,0
29.4888,4300.65,441.369,-547.379,5.11481,6760.17,0
30.1717,4288.93,438.832,-552.862,6.13621,6995.68,0
30.8625,4312.82,456.219,-563.942,2.08946,6064.99,0
31.5461,4295.11,451.548,-548.361,4.75275,6494.84,0
32.2399,4303.21,471.12,-546.906,3.08059,6103.97,0
32.9224,4285.42,468.965,-570.072,4.66221,6517.77,0
33.6177,4278.27,477.172,-582.758,4.86067,6595.67,0
34.3118,4283.67,470.454,-615.394,3.29971,6304.76,0
34.9817,4295.56,483.759,-644.789,0.935929,5844.16,0
35.6662,4298.14,463.292,-656.247,0.668524,5659.61,0
36.3482,4272.47,440.179,-664.273,4.14732,6259.66,0
37.0237,4277.67,426.409,-628.409,4.14661,6004.95,0
37.7019,4282.13,417.725,-634.073,3.40847,5778.8,0
38.3871,4274.72,415.267,-640.175,4.08089,5868.69,0
39.0815,4275.69,416.465,-643.619,3.71446,5739.55,0
39.7678,4268.3,425.225,-659.823,3.88251,5826.25,0
40.445,4279.56,440.537,-639.617,2.39766,5450.31,0
41.1254,4270.38,457.042,-635.127,3.25444,5583.5,0
41.8208,4278.99,437.997,-653.943,1.93669,5284.66,0
42.5125,4288.56,399.658,-647.339,1.33935,4973.51,0
43.205,4278.06,376.787,-630.426,3.36333,5136.84,0
43.8865,4258.63,384.426,-631.821,5.64525,5499.89,0
44.5621,4273.07,385.511,-630.667,3.38862,5092.54,0
45.2455,4271.4,384.986,-629.746,3.62157,5052.53,0
45.92,4263.52,378.062,-626.38,4.67845,5149.91,0
46.6032,4258.53,367.793,-616.803,5.41443,5181.42,0
47.2834,4290.23,368.627,-644.186,0.308855,4436.34,0
47.9689,4275.42,355.549,-647.581,2.35459,4681.82,0
48.6531,4273.43,369.434,-657.793,2.14322,4656.77,0
49.3455,4272.42,387.919,-696.692,1.16862,4611.97,0
50.0235,4262.6,402.816,-685.875,2.44173,4745.8,0
50.7041,4260.24,392.05,-711.099,2.34517,4728.58,0
51.3887,4227.37,392.537,-693.997,6.16371,5305.31,0
52.0718,4228.98,367.27,-689.442,5.67912,5204.78,0
52.7558,4232.78,343.829,-690.923,4.63896,5065.28,0
53.4458,4227.89,356.411,-687.161,4.91972,5091.26,0
54.1251,4242.82,358.488,-693.832,2.584,4751.61,0
54.8029,4259.46,332.736,-678.526,0.87058,4389.13,0
55.5003,4251.02,336.09,-717.168,1.1106,4486.06,0
56.1898,4240.44,321.862,-728.341,2.36795,4619.35,0
56.8773,4235.6,340.54,-714.687,3.09232,4648.68,0
57.5584,4237.44,336.124,-711.296,2.86891,4561.59,0
58.2482,4245.31,317.552,-698.718,2.15004,4372.52,0
58.9343,4236.2,329.606,-670.69,3.80459,4476.19,0
59.6177,4242.52,342.51,-714.961,1.80669,4318.89,0
60.3011,4226.7,326.886,-746.576,3.3632,4532.29,0
60.9866,4241.2,328.481,-755.288,1.23297,4243.57,0
61.6746,4228.1,315.941,-741.372,3.18761,4408.7,0
62.3617,4222.02,317.511,-715.555,4.36674,4457.59,0
63.0507,4214.04,342.74,-729.849,4.73978,4535.47,0
63.7334,4195.44,349.17,-721.839,6.4078,4778.6,0
64.4191,4225.59,353.357,-706.424,2.01546,4259.83,0
65.0988,4207.38,394.977,-697.5,3.95653,4495.05,0
65.7843,4202.94,392.234,-695.326,4.36082,4515.73,0
66.4744,4222.25,392.885,-684.883,1.67244,4178.23,0
67.1581,4217.14,363.86,-669.827,3.05221,4211.92,0
67.8543,4231.74,368.826,-634.346,1.70335,3953.54,0
68.5579,4240.16,389.815,-627.957,0.342165,3790.12,0
69.2405,4207.07,385.042,-628.902,4.84315,4230.59,0
69.9223,4236.23,389.811,-605.649,1.12459,3772.26,0
70.6077,4222.21,371.428,-615.115,3.04473,3934.31,0
71.2983,4228.88,353.395,-591.943,3.02699,3802.62,0
71.9774,4233.94,341.838,-576.66,2.88255,3696.48,0
72.671,4223.26,352.188,-586.663,3.75156,3808.1,0
73.3641,4231.26,366.138,-571.777,2.56882,3663.16,0
74.0525,4251.66,352.591,-552.629,0.576478,3353.62,0
74.7319,4240.73,342.728,-569.288,1.74166,3469.34,0
75.4205,4247.91,357.093,-524.244,1.89242,3342.43,0
76.0988,4247.74,360.238,-543.769,1.19247,3314.88,0
76.7709,4236.32,348.432,-594.824,1.42632,3434.67,0
77.4568,4238.27,355.655,-599.647,0.842824,3379.09,0
78.1452,4238.02,320.758,-603.444,1.2536,3352.53,0
78.826,4239.16,322.787,-577.905,1.73555,3309.08,0
79.5059,4241.02,296.117,-579.228,1.90372,3257.31,0
80.1916,4221.31,306.497,-574.441,4.53758,3475.26,0
80.8741,4227.86,306.816,-583.968,3.12585,3364.92,0
81.5489,4216.67,286.252,-591.037,4.51326,3474.41,0
82.2283,4214.55,279.802,-606.04,3.92239,3471.43,0
82.9121,4214.3,287.369,-629.664,2.95661,3445.79,0
83.5971,4203.62,290.954,-615.819,4.51141,3545.3,0
84.2835,4191.7,301.601,-603.803,6.18787,3657.85,0
84.9695,4207.94,311.295,-595.019,3.42992,3437.2,0
85.6535,4191.93,281.623,-584.214,6.24952,3596.66,0
86.3377,4181.17,262.403,-575.779,7.05483,3692.8,0
87.0235,4189.78,255.129,-561.748,5.56491,3564.8,0
87.7103,4189.4,250.542,-557.272,5.30273,3541.26,0
88.3992,4188.91,259.131,-582.441,3.8631,3519.2,0
89.0884,4211.08,266.282,-561.535,1.25036,3243.09,0
89.7743,4192.23,258.838,-585.246,3.08527,3428.25,0
90.4479,4190.15,262.628,-560.203,4.26302,3425.75,0
91.1217,4189.65,266.75,-555.6,4.18116,3405.87,0
91.8057,4200.71,274.517,-579.406,1.41746,3259.99,0
92.4941,4203.45,263.784,-558.439,2.05432,3206.2,0
93.1792,4198.83,246.162,-548.187,3.36403,3232.13,0
93.8587,4201.6,245.906,-558.818,2.40012,3179.24,0
94.5469,4203.92,240.071,-537.494,3.04909,3131.62,0
95.225,4203.66,234.986,-547.497,2.64316,3111.95,0
95.9093,4193.14,236.293,-591.621,2.20507,3199.45,0
96.5917,4193.67,250.588,-628.283,0.43625,3171.44,0
97.2795,4194.34,248.338,-591.408,1.66055,3142.12,0
97.9649,4183.17,248.333,-576.497,3.83045,3234.07,0
98.6489,4180.13,231.947,-591.212,3.50647,3242.56,0
99.3369,4180.62,254.856,-598.784,2.62603,3215.15,0
100.017,4163.9,264.712,-625.283,3.77726,3360.44,0
100.706,4150.36,274.831,-615.562,5.46302,3471.93,0
101.39,4167.77,259.919,-609.301,3.0688,3276.76,0
102.072,4154.04,255.913,-597.89,5.32435,3389.35,0
102.752,4177.56,247.299,-605.876,1.6746,3138.04,0
103.423,4175.83,246.403,-610.731,1.78946,3134.42,0
104.094,4186.16,263.212,-593.479,0.646745,3015.01,0
104.773,4188.41,265.251,-596.776,0.146486,2973.92,0
105.444,4164,265.847,-601.343,3.42419,3186.54,0
106.122,4175.94,251.198,-605.426,1.678,3053.64,0
106.807,4165.67,246.233,-600.423,3.31926,3130.23,0
107.488,4163.68,249.894,-624.934,2.48055,3128.91,0
108.173,4144.88,263.982,-627.421,4.82708,3282.92,0
108.861,4147.07,263.529,-633.075,3.87454,3242.01,0
109.559,4131.44,255.864,-622.465,6.19348,3364.06,0
110.239,4137.33,253.776,-612.956,5.0762,3289.88,0
110.927,4141.36,257.503,-611.707,4.16625,3233.13,0
111.6,4135.31,266.053,-613.393,4.37343,3267.85,0
112.283,4121.89,263.985,-632.835,5.35342,3367.45,0
112.971,4125.65,260.334,-621.15,4.98127,3313.68,0
113.655,4112.24,276.964,-608.149,6.51141,3411.7,0
114.334,4108.67,267.34,-621.882,6.0294,3422.72,0
115.021,4138.23,262.851,-619.49,1.49424,3145.21,0
115.704,4130.98,282.94,-625.352,2.00174,3189.37,0
116.376,4139.57,290.354,-628.991,0.468831,3097.09,0
117.059,4114.26,293.431,-630.148,4.03831,3295.25,0
117.744,4112.57,303.782,-640.18,3.68539,3290.46,0
118.428,4099.89,292.247,-666.599,4.8175,3378.55,0
119.115,4120.61,320.501,-660.76,1.50396,3185.1,0
119.802,4120.94,319.041,-690.087,0.607651,3164.1,0
120.486,4112.73,313.624,-701.333,1.53637,3214.21,0
121.187,4107.02,323.829,-708.651,2.06385,3242.78,0
121.87,4082.38,321.534,-704.978,5.33894,3426.75,0
122.548,4080.37,333.95,-697.837,5.2965,3424.18,0
123.229,4083.03,334.571,-683.999,4.91896,3383.68,0
123.919,4077.84,343.488,-696.76,4.71313,3406.74,0
124.611,4065.28,341.101,-684.582,6.16857,3488.6,0
125.296,4055.97,342.571,-673.052,6.97921,3543.86,0
125.984,4085.48,343.768,-662.123,2.52364,3290.26,0
126.675,4098.97,351.6,-644.663,0.861444,3165.81,0
127.362,4078.61,340.116,-655.275,3.6724,3308.59,0
128.038,4066.39,327.887,-669.81,5.08126,3386.59,0
128.725,4047.81,333.945,-681.533,6.72539,3512.81,0
129.407,4021.6,330.862,-674.319,9.25805,3696.82,0
130.094,3993.1,305.234,-694.002,0.722036,3896.44,0
130.761,3961.23,284.14,-682.023,5.97541,4120.26,0
131.453,3935.65,291.825,-668.291,9.3865,4293.2,0
132.139,3944.57,286.355,-665.186,6.67826,4203.38,0
132.828,3937.27,275.18,-653.923,7.41414,4236.56,0
133.518,3949.13,283.987,-644.963,4.94627,4125.82,0
134.2,3933.33,282.614,-645.726,6.90997,4222.59,0
134.879,3928.88,282.621,-634.357,7.05693,4234.29,0
135.564,3944.59,263.902,-604.584,5.29299,4096.99,0
136.255,3914.59,253.291,-625.489,8.49887,4296.44,0
136.943,3910.25,253.659,-599.09,8.55452,4306.54,0
137.633,3912.87,253.745,-604.978,6.6199,4265.9,0
138.32,3923.49,268.098,-596.12,4.50856,4167.97,0
139,3936.95,256.929,-619.735,1.37166,4050.7,0
139.686,3935.73,232.245,-639.993,1.02256,4039.58,0
140.37,3934.08,213.783,-659.426,0.735334,4031.64,0
141.055,3921.42,182.291,-672.972,2.65076,4101.85,0
141.735,3908.42,187.768,-674.299,4.57119,4173.82,0
142.427,3917.74,200.848,-689.557,2.33219,4088.12,0
143.106,3902.22,194.433,-694.416,4.66032,4177.16,0
143.785,3912.19,164.176,-678.901,3.58829,4088.09,0
144.473,3898.26,164.421,-700.012,4.98661,4165.1,0
145.157,3883.65,154.976,-710.913,6.15309,4246.09,0
145.84,3874.49,131.006,-734.907,6.63521,4289.04,0
146.528,3866.65,138.176,-727.452,6.90043,4322.35,0
147.215,3867.96,143.957,-723.678,6.17694,4293.34,0
147.907,3868.94,144.471,-701.462,6.07328,4266.6,0
148.592,3846.26,147.491,-707.558,8.49625,4399.57,0
149.286,3827.91,133.154,-706.112,9.35596,4502.04,0
149.966,3811.96,137.331,-711.209,9.68894,4587.98,0
150.661,3816.7,123.797,-718.278,7.01318,4535.36,0
151.344,3825.37,137.066,-722.697,4.8383,4457.63,0
152.036,3809.98,123.6,-714.721,7.22398,4538.5,0
152.716,3805.24,120.965,-707.753,7.22127,4549.32,0
153.412,3793.45,135.602,-712.076,7.90693,4605.56,0
154.096,3787.53,143.308,-713.438,8.01891,4623.53,0
154.793,3787.85,163.374,-724.302,6.47184,4600.63,0
155.48,3811.02,170.52,-714.975,2.39778,4431.34,0
156.166,3820.34,164.958,-674.513,1.91822,4352.19,0
156.846,3817.5,188.608,-651.039,3.07285,4351.42,0
157.534,3803.9,189.177,-654.559,5.22014,4418.72,0
158.209,3785.99,176.634,-652.857,7.85295,4513.07,0
158.891,3808.89,161.874,-652.798,3.41117,4349.59,0
159.57,3814.91,178.217,-675.768,1.28151,4293.36,0
160.258,3807.13,188.719,-650.368,3.32698,4323.48,0
160.938,3805.35,164.725,-634.551,4.40721,4316.3,0
161.61,3799.82,189.269,-615.611,5.57937,4332.53,0
162.289,3786.18,185.372,-610.6,8.02432,4398.44,0
162.969,3788.97,174.072,-600.323,7.17988,4362.98,0
163.655,3760.17,168.76,-593.947,11.5116,4520.68,0
164.346,3751.09,164.956,-597.458,0.853355,4556.89,0
165.042,3723.03,143.892,-601.495,7.01192,4707.71,0
165.73,3720.53,156.867,-612.798,6.0144,4703.28,0
166.425,3723.6,172.407,-645.28,3.52029,4665.18,0
167.109,3732.15,154.224,-653.497,1.54313,4594.94,0
167.788,3728.24,151.035,-634.617,2.96902,4599.61,0
168.471,3714.67,165.545,-622.349,5.97661,4661.51,0
169.163,3716.64,168.84,-587.531,6.24337,4630.82,0
169.843,3725.57,192.926,-583.667,3.5771,4559.68,0
170.532,3715.68,192.926,-584.629,5.42299,4599.23,0
171.214,3698.59,183.633,-576.16,8.9001,4680.76,0
171.909,3686.51,196.092,-581.481,9.73871,4732.11,0
172.593,3675.94,190.174,-595.019,9.95511,4774.59,0
173.292,3674.21,189.351,-590.997,8.46107,4765.28,0
173.969,3660.05,198.197,-586.462,9.93597,4828.16,0
174.658,3657.3,209.554,-570.223,9.56458,4824.84,0
175.349,3683.7,219.66,-560.829,2.02866,4655.27,0
176.041,3676.64,217.088,-554.503,4.08384,4677.08,0
176.727,3672.55,241.415,-557.215,3.92476,4682.09,0
177.412,3663.94,233.221,-557.71,6.11285,4712.53,0
178.104,3669.94,245.692,-563.7,3.52194,4660.54,0
178.785,3677.52,236.646,-540.585,3.23411,4600.35,0
179.473,3651.99,251.644,-556.284,7.5878,4724.99,0
180.154,3646.33,231.289,-567.445,7.28788,4738.56,0
180.84,3649.4,223.68,-550.234,6.45771,4703.59,0
181.522,3659.95,238.613,-586.193,1.51927,4627.79,0
182.203,3631.98,240.861,-606.971,6.87739,4764.03,0
182.887,3621.98,233.924,-616.205,7.63614,4800.87,0
183.574,3601.21,233.486,-612.942,10.5617,4896.04,0
184.263,3586.53,221.959,-580.946,0.857455,4957.43,0
184.951,3569.4,232.982,-615.807,4.14235,5031.63,0
185.637,3564.59,224.144,-633.551,4.54272,5038.93,0
186.309,3569.56,205.215,-659.999,2.97467,4994.05,0
187.004,3563.23,200.33,-641.228,4.57502,5009.35,0
187.693,3579.89,235.389,-634.619,0.759674,4902.2,0
188.379,3572.67,241.034,-640.311,2.18523,4922.67,0
189.062,3571.32,244.945,-628.589,2.48376,4912.06,0
189.754,3560.27,288.104,-626.921,4.40565,4952.34,0
190.443,3551.86,306.699,-640.754,5.5623,4978.62,0
191.134,3546.45,316.779,-635.209,6.22351,4988.94,0
191.819,3533.06,308.933,-644.724,7.81144,5040.88,0
192.513,3542.46,314.165,-636.87,4.93399,4973.87,0
193.199,3530.28,331.456,-607.557,6.93292,5019.28,0
193.883,3557.52,335.186,-602.537,1.09968,4861.05,0
194.561,3550.51,373.295,-603.971,2.356,4880.17,0
195.247,3547.6,395.986,-584.302,2.95555,4877.93,0
195.925,3526.35,404.511,-600.677,6.52588,4969.48,0
196.609,3532.21,399.44,-583.517,4.64868,4922.42,0
197.291,3513.96,398.625,-570.802,7.47834,4997.89,0
197.976,3518.67,386.955,-574.136,5.64173,4956.84,0
198.668,3531.8,391.474,-570.021,2.584,4873.43,0
199.348,3522.79,378.707,-579.942,4.09322,4902.03,0
200.034,3517.31,377.105,-591.353,4.97917,4912.63,0
200.717,3522.12,381.12,-616.964,3.65455,4871.96,0
201.397,3530.09,390.159,-611.809,2.05572,4815.92,0
202.082,3505.61,396.089,-584.543,6.6892,4920.73,0
202.777,3496.04,382.81,-608.214,7.11164,4951.03,0
203.464,3501.04,392.211,-583.488,5.93029,4909.74,0
204.142,3521.14,392.494,-599.908,1.62425,4795,0
204.827,3513.09,365.334,-603.435,3.11407,4818.26,0
205.506,3515.17,382.127,-592.725,2.69402,4792.2,0
206.186,3503.78,397.792,-578.716,4.7867,4831.67,0
206.87,3507.09,411.09,-588.593,3.30141,4799.66,0
207.558,3503.19,409.407,-584.241,3.78005,4802.57,0
208.238,3483.39,406.594,-575.78,6.18956,4881.94,0
208.928,3469.17,388.241,-571.346,7.52264,4933.9,0
209.622,3480.84,355.56,-567.969,5.68933,4861.9,0
210.318,3473.93,364.74,-573.638,5.60059,4878.65,0
211.012,3473,352.268,-571.829,5.23454,4867.02,0
211.698,3480.05,333.835,-579.987,4.23776,4817.92,0
212.384,3485.43,326.13,-594.68,2.99257,4777.04,0
213.072,3469.91,326.467,-606.309,4.45413,4834.45,0
213.766,3479.7,272.777,-626.024,3.28212,4772.95,0
214.45,3469.06,270.83,-604.036,4.83642,4807.38,0
215.132,3456.07,255.857,-602.56,6.13117,4852.5,0
215.828,3495.88,219.095,-563.727,2.27078,4652.39,0
216.511,3468.33,233.355,-560.621,5.41417,4764.97,0
217.2,3465.06,254.79,-543.984,5.75235,4764.92,0
217.891,3468.54,263.241,-570.13,3.97177,4733.86,0
218.574,3458.23,254.551,-576.437,4.98167,4766.21,0
219.263,3442.48,269.818,-575.993,6.30591,4823.08,0
219.951,3453.99,280.183,-576.168,4.42492,4755.67,0
220.634,3452.42,266.773,-593.579,3.958,4748.06,0
221.329,3457.38,261.878,-599.246,3.11768,4710.72,0
222.016,3436.56,256.461,-611.54,5.41168,4789.94,0
222.708,3434.59,244.903,-603.239,5.59739,4783.89,0
223.388,3442.33,234.93,-606.32,4.44814,4734.7,0
224.087,3431.68,244.604,-608.939,5.25703,4767.42,0
224.773,3427.79,254.434,-609.855,5.15158,4770.17,0
225.453,3414.12,262.308,-614.156,5.82807,4816.44,0
226.153,3405.9,246.189,-624.679,6.02247,4837.89,0
226.833,3424.23,259.731,-623.949,3.09643,4742.59,0
227.509,3403.8,243.068,-633.237,5.37683,4818.28,0
228.192,3403.72,227.855,-619.509,5.27262,4804.2,0
228.88,3410.77,239.889,-612.301,4.0698,4758.96,0
229.575,3426.43,214.217,-606.743,2.39245,4676.36,0
230.252,3403.32,188.184,-629.289,4.65093,4762.95,0
230.927,3394.07,190.202,-631.787,5.41478,4789.1,0
231.613,3399.89,207.547,-620.178,4.65148,4749.76,0
232.301,3394.18,204.562,-607.183,5.27193,4760.29,0
232.986,3390.27,203.068,-607.662,5.42159,4763.1,0
233.664,3387.07,208.806,-611.013,4.81469,4762.94,0
234.341,3393.34,232.253,-620.865,3.2539,4722.43,0
235.031,3377.39,250.436,-614.921,5.10323,4776.44,0
235.721,3363.16,269.342,-600.196,6.34095,4822.81,0
236.406,3362.7,275.21,-593.269,5.50885,4810.77,0
237.091,3372.4,251.516,-591.606,4.29155,4755.98,0
237.767,3371.86,253.323,-576.193,4.29055,4744.73,0
238.446,3376.05,258.089,-579.983,3.19896,4713.66,0
239.141,3393.17,261.6,-571.455,1.18687,4628.36,0
239.83,3394.44,250.161,-604.053,0.102355,4609.76,0
240.514,3374.24,260.418,-590.259,3.02262,4680.65,0
241.208,3382.84,256.264,-612.285,1.14003,4631.55,0
241.898,3375,230.828,-605.206,2.62842,4650.73,0
242.587,3380.95,257.366,-571.721,2.54615,4612.99,0
243.275,3378.18,254.8,-578.265,2.70149,4611.32,0
243.957,3371.94,280.375,-560.45,3.67869,4624.02,0
244.642,3362.46,331.327,-538.865,4.4409,4649.81,0
245.325,3383.07,330.575,-557.265,1.11999,4552.86,0
246.005,3369.68,355.136,-561.819,2.23146,4594.69,0
246.686,3378.14,412.888,-498.014,1.69396,4547.72,0
247.371,3384.63,427.408,-510.337,0.208452,4508.89,0
248.063,3381.91,416.865,-465.835,1.99096,4507.28,0
248.749,3360.88,412.908,-465.828,4.62491,4579.4,0
249.434,3355.13,422.589,-469.948,4.53001,4589.86,0
250.109,3335.67,430.643,-482.527,6.10445,4655.29,0
250.797,3333.05,430.742,-470.74,6.08354,4652.98,0
251.487,3334.92,431.528,-484.864,4.85774,4632.75,0
252.174,3337.56,446.239,-480.038,4.13295,4609.68,0
252.846,3351.63,463.741,-454.914,2.33923,4541.79,0
253.524,3336.66,504.294,-487.04,2.58892,4588.67,0
254.213,3341.31,470.912,-498.118,2.50354,4557.94,0
254.898,3344.59,479.354,-471.47,2.44346,4532.82,0
255.59,3322.71,467.085,-470.399,5.52509,4606.16,0
256.269,3315.85,489.233,-456.013,5.69647,4620.73,0
256.962,3306.97,500.166,-470.284,5.82657,4642.82,0
257.655,3289.13,484.841,-488.037,7.20709,4699.56,0
258.343,3303.76,493.914,-488.387,4.32273,4630.45,0
259.035,3324.34,492.058,-477.894,1.78416,4538.62,0
259.719,3314.85,518.96,-471.258,2.51113,4563.18,0
260.397,3304.43,515.678,-458.243,3.98885,4591.32,0
261.081,3300.51,508.645,-479.02,4.08269,4594.33,0
261.763,3302.86,492.025,-474.811,4.20645,4573.39,0
262.451,3314.33,489.374,-474.067,2.61225,4517.67,0
263.134,3321.76,481.261,-486.168,1.44712,4477.71,0
263.811,3319.46,452.321,-505.377,1.92733,4474.96,0
264.5,3306.85,438.907,-480.841,4.41615,4510.95,0
265.189,3302.76,440.541,-461.278,5.01374,4514.67,0
265.869,3307.45,426.592,-459.379,4.40567,4485.48,0
266.549,3299.9,441.136,-449.037,4.88936,4502.37,0
267.234,3296.35,428.957,-449.754,5.39859,4504.1,0
267.912,3285.93,414.336,-464.125,6.143,4531.6,0
268.609,3273.33,410.929,-456.318,7.05824,4566.75,0
269.287,3292.09,399.917,-475.8,3.44165,4485.6,0
269.975,3304.34,418.798,-505.87,0.381066,4428.8,0
270.653,3296.78,412.641,-498.267,1.77822,4445.64,0
271.335,3296.15,402.182,-471.854,2.87233,4436.78,0
272.018,3297.01,395.58,-502.892,1.8995,4422.47,0
272.7,3292.3,397.186,-498.475,2.56778,4428.68,0
273.383,3287.14,361.543,-499.974,3.8412,4436.49,0
274.068,3297.76,350.991,-494.269,2.6975,4386.63,0
274.755,3313.47,350.95,-504.857,0.184972,4318.5,0
275.449,3300.85,341.108,-510.486,1.9755,4353.46,0
276.147,3268.62,342.314,-502.859,6.41828,4459.14,0
276.822,3260.08,347.125,-509.467,6.71093,4479.13,0
277.501,3276.11,345.222,-495.164,4.87221,4410.4,0
278.171,3271.13,349.466,-509.539,4.48188,4417.67,0
278.847,3245.18,342.663,-520.771,7.22205,4500.04,0
279.531,3253.89,350.052,-518.197,5.00034,4457.88,0
280.224,3253.22,347.164,-555.156,3.69073,4449.22,0
280.916,3241.33,352.287,-541.017,5.19306,4480.6,0
281.592,3233.56,370.345,-555.719,4.63286,4497.41,0
282.278,3225.4,370.505,-565.537,5.04559,4515.4,0
282.957,3248.06,369.735,-546.774,2.32822,4424.49,0
283.638,3234.41,409.04,-545.334,3.4217,4461.98,0
284.324,3204.79,413.453,-544.955,7.16684,4555.38,0
284.994,3203.61,424.174,-553.963,6.11533,4548.82,0
285.68,3211.78,417.416,-532.571,5.07105,4509.32,0
286.371,3227.99,386.173,-548.496,2.8965,4441.84,0
287.046,3213.98,391.502,-571.659,3.88784,4480.18,0
287.734,3214.2,383.926,-558.394,3.82826,4468.71,0
288.42,3205.53,372.642,-552.164,5.29596,4488.14,0
289.108,3194.58,366.654,-542.111,6.61441,4515.33,0
289.792,3189.17,371.298,-526.22,7.19914,4523.33,0
290.487,3178.74,364.228,-500.098,8.63252,4548.43,0
291.165,3166,362.224,-503.654,8.67784,4581.59,0
291.85,3157.67,373.313,-521.134,7.66221,4599.36,0
292.533,3158.3,353.384,-528.237,7.31891,4586.49,0
293.223,3180.31,340.361,-546.012,3.10917,4500.63,0
293.903,3171.42,323.623,-520.327,5.25437,4520.46,0
294.59,3159.53,303.062,-534.768,6.20309,4550.29,0
295.291,3164.85,301.765,-546.322,4.20085,4521.48,0
295.974,3142.91,311.778,-564.084,6.07131,4585.15,0
296.668,3140.47,317.83,-566.85,5.69531,4582.66,0
297.36,3140.39,294.923,-570.693,5.40309,4572.26,0
298.038,3144.77,295.453,-590.093,3.79008,4547.17,0
298.717,3138.31,287.243,-584.8,4.8857,4558.46,0
299.401,3142.02,303.42,-562.197,4.36935,4535.64,0
300.087,3156.25,293.335,-541.34,3.26493,4477.88,0
300.776,3156.54,338.135,-511.528,3.32109,4466.63,0
301.456,3159.75,345.844,-518.266,2.05816,4445.92,0
302.135,3143.38,365.107,-546.539,2.84524,4490.12,0
302.825,3142.34,369.612,-559.458,2.42702,4483.32,0
303.513,3148.43,325.817,-598.528,1.08035,4453.09,0
304.195,3140.62,374.141,-606.878,1.0311,4468.79,0
304.878,3148.17,375.501,-581.063,0.488359,4434.02,0
305.552,3130.01,391.119,-572.038,2.97454,4483.65,0
306.235,3138.43,382.11,-598.267,1.08089,4446.15,0
306.921,3124.73,412.294,-638.681,1.49479,4480.87,0
307.613,3078.21,410.36,-648.082,7.40214,4622.01,0
308.299,3096.53,384.209,-658.013,4.26556,4552.32,0
308.981,3086.48,358.125,-659.783,5.78516,4574.77,0
309.669,3102.57,371.929,-676.022,2.47815,4512.66,0
310.342,3090.48,377.477,-705.114,3.32022,4541.83,0
311.028,3083.54,377.39,-693.507,4.44345,4554.13,0
311.715,3073.9,360.144,-692.394,5.64674,4575.02,0
312.401,3064.85,353.983,-683.493,6.8348,4593.94,0
313.082,3071.04,357.352,-667.458,5.72396,4564.19,0
313.774,3094.6,350.243,-663.946,2.21615,4479,0
314.464,3102.08,338.97,-694.436,0.556786,4445.41,0
315.147,3078.3,340.149,-707.063,3.51159,4511.23,0
315.835,3088.2,354.488,-703.876,1.93848,4470.06,0
316.519,3075.43,352.327,-692.791,3.77676,4500.76,0
317.2,3091.11,346.981,-715.292,1.07188,4441.66,0
317.891,3078.39,326.675,-732.969,2.69866,4471.99,0
318.582,3063.53,347.583,-738.686,4.33837,4508.94,0
319.261,3083.6,359.875,-758.86,1.02448,4436.49,0
319.951,3059.13,384.499,-746.95,4.17648,4503.4,0
320.637,3049.89,394.787,-743.077,5.14782,4522.59,0
321.323,3037.79,396.043,-736.186,6.07736,4550.59,0
322.005,3072.46,432.989,-717.515,1.02697,4433.29,0
322.691,3052.83,460.457,-709.058,3.35301,4484.69,0
323.377,3062.09,457.77,-721.387,1.80492,4446.53,0
324.055,3058.93,418.472,-716.812,2.68967,4447,0
324.743,3051.23,406.008,-721.823,3.71107,4461.27,0
325.422,3032.72,401.173,-712.532,6.12769,4508.83,0
326.115,3026.52,390.013,-707.509,6.11262,4518.27,0
326.807,3036.5,393.874,-697.547,4.05435,4478.19,0
327.491,3008.86,395.153,-704.743,6.98218,4553.23,0
328.169,3027.34,397.395,-723.479,3.393,4487.5,0
328.85,3040.67,406.199,-718.647,1.4101,4437.68,0
329.52,3023.07,408.123,-724.127,3.64525,4482.06,0
330.208,3023.38,368.742,-729.741,3.79673,4471.8,0
330.889,3033.03,384.397,-737.797,2.1064,4433.42,0
331.571,3028.68,412.749,-725.934,2.57656,4437.42,0
332.249,3015.94,438.322,-721.25,4.1672,4466.7,0
332.943,3009.65,447.343,-717.452,4.75761,4476.28,0
333.63,3034.67,444.257,-687.035,1.75191,4392.08,0
334.311,3016.28,421.188,-640.272,5.47591,4438.14,0
335.002,3012.23,421.632,-657.743,4.87984,4441.07,0
335.688,3004.93,405.09,-666.832,5.69078,4453.76,0
336.367,3022.75,391.017,-671.667,2.99486,4391.77,0
337.049,3020.35,366.99,-687.055,3.28962,4390,0
337.754,3030.36,340.21,-696.61,1.90944,4351.22,0
338.442,3031.31,332.477,-694.199,1.91712,4339.58,0
339.125,3015.29,334.734,-691.631,4.25569,4378.08,0
339.824,3000.54,333.505,-692.06,6.13289,4412.45,0
340.5,2973.35,317.084,-697.302,9.17076,4483.55,0
341.193,2968.96,339.34,-719.015,7.58996,4487.31,0
341.872,2966.51,352.606,-710.84,6.89447,4485.58,0
342.563,2959.93,340.64,-731.761,6.98421,4495.74,0
343.246,2974.42,331.891,-732.273,4.35525,4444.57,0
343.931,2951.08,311.414,-732.3,7.05614,4503.58,0
344.619,2951.69,311.605,-737.465,6.19702,4492.82,0
345.305,2967.05,349.608,-738.754,3.4831,4439.4,0
345.982,2958.45,347.632,-736.482,4.3719,4455.58,0
346.663,2951.14,326.963,-736.89,5.01405,4467.91,0
347.343,2939.66,344.039,-730.631,6.16297,4492.23,0
348.036,2942.92,346.547,-740.139,4.89787,4473.9,0
348.728,2949.98,349.628,-733.436,3.67337,4444.76,0
349.429,2945.94,347.641,-748.582,3.64151,4447.43,0
350.11,2964.79,362.102,-760.403,0.550832,4384.94,0
350.792,2962.56,326.752,-789.883,0.646773,4382.77,0
351.479,2942.41,326.21,-779.318,3.47686,4431.53,0
352.153,2943.3,326.993,-791.208,3.09045,4420.52,0
352.842,2926.66,345.91,-793.045,5.06721,4459.05,0
353.527,2934.83,334.468,-789.735,3.63833,4427.3,0
354.212,2958.48,317.338,-792.659,0.373703,4351.98,0
354.894,2946.38,366.519,-788.602,1.81514,4377.69,0
355.582,2959.4,375.091,-747.902,0.496425,4332.61,0
356.264,2955.64,381.248,-730.897,1.10309,4334.89,0
356.943,2954.58,405.807,-690.778,1.69458,4329.59,0
357.629,2953.02,393.607,-686.614,2.0985,4325.66,0
358.311,2969.37,376.845,-657.588,0.418514,4271.79,0
359.005,2970.65,374.406,-626.442,0.959509,4259.97,0
359.681,2963.62,376.288,-624.975,2.04629,4271.5,0
360.362,2941.04,385.787,-643.75,4.73617,4326.09,0
361.045,2947.71,392.627,-654.069,3.26559,4299.45,0
361.741,2945.75,378.544,-633.179,4.03924,4296.58,0
362.418,2943.76,373.861,-656.601,3.72762,4294.04,0
363.09,2960.05,334.468,-647.233,1.90912,4241.23,0
363.778,2941.93,335.326,-654.834,4.45167,4283.03,0
364.463,2936.37,327.801,-633.274,5.79124,4290.22,0
365.151,2934.88,337.844,-636.004,5.28254,4286.23,0
365.833,2935.33,356.429,-657.826,3.82289,4277.01,0
366.526,2922.64,377.403,-658.752,5.09875,4303.54,0
367.214,2914.12,366.52,-650.525,6.14246,4318.69,0
367.898,2912.16,364.491,-641.716,5.8695,4315.96,0
368.59,2927.38,349.867,-654.204,2.97721,4266.59,0
369.274,2915.06,337.168,-650.714,5.02102,4292.05,0
369.946,2892.8,341.556,-652.608,7.57153,4344.41,0
370.628,2887.03,331.179,-657.725,7.25516,4351.99,0
371.311,2869.95,322.274,-665.807,8.62909,4390,0
371.994,2868.58,327.814,-669.559,7.44513,4385.6,0
372.681,2862.68,333.765,-668.078,7.3614,4393.35,0
373.364,2844.94,331.87,-652.425,8.90768,4432.83,0
374.05,2845.3,329.015,-654.987,7.02302,4423.74,0
374.731,2844.48,304.391,-654.326,6.73526,4417.88,0
375.414,2823.55,295.61,-648.835,8.42513,4465.59,0
376.1,2820.36,289.291,-644.918,8.2407,4465.95,0
376.783,2837.73,295.881,-632.507,4.44013,4411.75,0
377.472,2815.57,307.705,-646.186,6.83105,4462.39,0
378.156,2810.47,300.455,-658.03,6.75457,4467.81,0
378.843,2840.79,281.806,-645.042,1.64081,4379.68,0
379.535,2844.45,271.336,-665.576,0.53326,4362.04,0
380.217,2827.83,248.387,-659.119,3.51947,4397.93,0
380.9,2837.02,244.706,-650.924,2.12958,4365.93,0
381.589,2809.87,245.841,-628.892,7.6671,4429.19,0
382.26,2818.31,264.219,-609.901,5.76065,4399.32,0
382.949,2815.51,282.32,-603.741,5.59178,4398.73,0
383.641,2814.73,288.864,-616.98,4.87815,4392.84,0
384.325,2808.08,291.781,-618.269,5.51917,4402.31,0
385.011,2812.23,299.691,-632.228,3.97969,4383.69,0
385.696,2782.84,296.963,-646.598,7.93905,4452.1,0
386.382,2771.65,285.21,-651.564,8.34089,4473.17,0
387.069,2759.32,289.013,-657.623,8.67176,4497.07,0
387.762,2759.1,275.246,-663.466,7.14135,4489.62,0
388.438,2765.78,263.475,-640.515,5.67978,4464.6,0
389.131,2743.8,281.586,-625.913,9.08379,4513.14,0
389.809,2758.8,295.996,-623.248,5.10979,4466.81,0
390.495,2760,304.077,-649.755,3.47086,4455.88,0
391.179,2759.11,306.574,-651.165,3.33771,4450.38,0
391.86,2727.66,314.443,-639.155,8.45967,4522.89,0
392.544,2739.9,329.713,-622.693,5.2023,4483.83,0
393.225,2726.96,322.521,-612.279,7.21225,4508.96,0
393.91,2743.43,300.688,-598.835,4.06153,4459.33,0
394.599,2756.04,295.419,-580.78,2.02947,4419.57,0
395.28,2750.96,290.065,-589.806,2.77514,4424.82,0
395.972,2748.62,308.732,-582.708,2.90078,4423,0
396.654,2743.32,295.883,-594.59,3.67584,4428.75,0
397.333,2730.3,307.579,-582.864,6.13153,4453.94,0
398.019,2732.14,320.648,-576.5,5.37757,4441.64,0
398.704,2721.49,325.794,-572.689,6.96259,4460.74,0
399.389,2736.89,340.91,-565.271,3.29755,4414.51,0
400.078,2718.79,313.311,-562.893,6.99804,4452.15,0
400.762,2717.26,291.019,-563.427,6.75276,4448.37,0
401.444,2738.37,319.774,-558.195,1.35249,4388.23,0
402.133,2734.56,304.659,-547.705,2.70575,4390.18,0
402.828,2744.54,324.596,-542.735,0.14959,4357.84,0
403.511,2733.21,327.592,-546.602,2.33253,4378.54,0
404.191,2731.78,305.848,-563.656,2.22851,4374.71,0
404.875,2718.69,324.036,-550.578,4.89951,4399.65,0
405.551,2728.18,312.386,-532.23,3.85637,4368.92,0
406.242,2713.65,318.575,-525.307,7.11427,4397.26,0
406.925,2692.91,309.814,-515.109,10.9184,4440.85,0
407.619,2696.98,326.744,-514.772,7.41826,4423.3,0
408.312,2686.29,321.948,-498.85,9.76161,4441.96,0
408.991,2687.37,313.292,-495.639,7.75013,4431.97,0
409.683,2688.41,318.126,-511.935,5.46458,4421.93,0
410.368,2694.49,308.348,-505.403,4.34457,4399.73,0
411.059,2683.28,333.833,-481.212,7.05283,4419.61,0
411.742,2703.9,366.462,-449.019,1.85269,4362.19,0
412.433,2700.82,350.058,-432.646,5.02434,4362.36,0
413.123,2685.7,351.625,-427.79,8.72066,4391.67,0
413.814,2693.62,350.192,-453.643,3.66554,4365.2,0
414.493,2684.12,367.216,-465.536,4.57858,4380.97,0
415.177,2685.84,361.193,-481.461,3.49714,4369.61,0
415.868,2693.94,365.408,-465.454,1.96971,4342.86,0
416.558,2669.9,363.342,-482.313,6.98897,4393.39,0
417.241,2663.45,351.192,-471.653,8.50822,4401.64,0
417.924,2642.12,339.834,-471.757,3.03207,4445.49,0
418.617,2646.78,349.651,-460.043,1.82605,4427.01,0
419.292,2640.34,357.946,-462.015,3.28929,4435.23,0
419.979,2641.28,352.003,-451.408,3.79717,4425.75,0
420.669,2612.28,310.433,-445.084,5.98446,4487.42,0
421.348,2601.3,343.521,-446.383,6.76107,4506.25,0
422.04,2578.6,333.525,-471.335,0.836705,4552.66,0
422.716,2553.25,322.64,-480.172,9.12047,4605.35,0
423.394,2549.72,316.892,-479.587,8.38971,4606.31,0
424.072,2534.59,331.786,-468.941,1.79426,4634.61,0
424.756,2532.95,339.245,-497.872,1.56865,4631,0
425.444,2519.61,327.707,-497.825,5.76556,4654.89,0
426.127,2513.33,332.493,-493.548,7.22249,4662.14,0
426.611,2499.98,328.435,-504.675,10.1573,4688.16,0
