0.684316,4479.02,-355.692,-784.173,1.97748,30651.8,0
1.36379,4469.59,-338.651,-815.234,2.70708,22299.8,0
2.04465,4466.22,-337.622,-851.213,2.51743,16519.7,0
2.7181,4455.43,-379.401,-831.38,3.74351,16396.7,0
3.41119,4422.81,-387.959,-799.77,7.18182,22628.2,0
4.10511,4436.25,-404.179,-806.774,4.78351,15530.2,0
4.78082,4438.71,-417.068,-810.766,3.8442,12819,0
5.4673,4423.51,-413.839,-821.467,5.1864,13989.6,0
6.1447,4411.21,-417.56,-795.976,6.28669,14449.2,0
6.8312,4412.6,-415.222,-787.591,5.60036,12793.8,0
7.51706,4417.53,-412.731,-775.542,4.57436,10970.8,0
8.21271,4424.57,-414.281,-789.787,3.16064,9184.5,0
8.89732,4425.93,-407.85,-822.392,2.38796,8324.55,0
9.58066,4405.87,-415.964,-822.369,4.5321,9825.38,0
10.2629,4403.91,-419.033,-834.68,4.37467,9362.65,0
10.9593,4378.76,-398.15,-824.457,7.26248,11062.8,0
11.6363,4374.45,-392.893,-802.811,7.23498,10789.7,0
12.3135,4382.44,-398.121,-801.078,5.68096,9547.37,0
13.0028,4402.29,-417.405,-832.591,2.40203,7514.79,0
13.6949,4410.68,-470.411,-847.078,0.866963,6521.98,0
14.3778,4387.42,-486.461,-833.91,3.61576,7830.38,0
15.0721,4411.6,-498.429,-852.914,0.328016,5865.2,0
15.7544,4404.32,-504.545,-843.408,1.2336,6073.02,0
16.4371,4407.07,-413.707,-840.677,1.51842,5653.39,0
17.1307,4392.41,-422.068,-856.48,3.01949,6280.64,0
17.8094,4383.88,-464.141,-850.515,3.86343,6520.13,0
18.4921,4373.04,-464.759,-851.138,4.87845,6865.8,0
19.1674,4372.73,-464.143,-855.769,4.60635,6639.82,0
19.8407,4383.44,-468.614,-848.164,3.0547,5875.02,0
20.5349,4369.32,-457.598,-856.846,4.24947,6364.02,0
21.2134,4368,-455.431,-846.466,4.10913,6222.61,0
21.9016,4353.8,-422.343,-836.293,5.58359,6675.26,0
22.5785,4340.72,-435.207,-836.387,6.14136,7054.34,0
23.2661,4333.62,-439.309,-826.339,6.35991,7151.21,0
23.9593,4326.78,-436.128,-810.648,6.38128,7229.67,0
24.6353,4318.07,-429.64,-839.771,6.49782,7385.12,0
25.3284,4320.06,-438.661,-859.307,5.29622,7104.15,0
26.015,4320.94,-446.821,-837.897,5.03029,6882.8,0
26.695,4324.8,-452.052,-823.609,4.25667,6563.2,0
27.3849,4341.87,-447.481,-818.324,2.19535,5774.23,0
28.065,4316.7,-459.811,-812.221,5.11126,6531.22,0
28.7463,4335.58,-474.431,-802.715,2.64302,5719.52,0
29.4334,4321.17,-466.089,-793.275,4.40126,6075.78,0
30.1198,4331.49,-453.268,-810.565,2.78,5594.64,0
30.8025,4328.46,-466.18,-840.493,2.63995,5569.18,0
31.4877,4315.8,-465.44,-833.923,4.04877,5849.82,0
32.1826,4301.2,-441.844,-833.029,5.44702,6177.36,0
32.8821,4298.61,-446.789,-814.294,5.63206,6124.5,0
33.5729,4280.34,-441.135,-818.205,7.03035,6542.8,0
34.2621,4286.89,-438.1,-820.822,5.45037,6219.86,0
34.952,4298.66,-433.934,-828.429,3.66353,5760.55,0
35.6392,4324.48,-431.147,-849.164,0.173498,4924.95,0
36.3152,4314.76,-467.403,-838.52,1.2594,5100.91,0
37.0121,4316.02,-474.179,-858.052,0.851023,4970.92,0
37.7,4280.74,-481.309,-851.917,5.05593,5815.84,0
38.3826,4265.67,-501.29,-839.432,6.33923,6105.07,0
39.0724,4267.79,-493.814,-817.652,5.96988,5943.11,0
39.7588,4300.54,-496.713,-825.684,1.63372,5016.64,0
40.4478,4307.77,-477.045,-827.312,0.75548,4752.63,0
41.1277,4312.64,-464.161,-810.598,0.44369,4555.53,0
41.8156,4275.86,-471.284,-832.586,4.49023,5360.14,0
42.499,4258.89,-436.442,-857.16,5.93776,5673.32,0
43.183,4256.58,-424.23,-845.454,5.74258,5636.86,0
43.8821,4267.47,-437.085,-867.896,3.71786,5298.94,0
44.5665,4283.47,-438.484,-876.51,1.60566,4858.69,0
45.2551,4268.83,-434.662,-873.803,3.39943,5108.09,0
45.9374,4285.15,-406.274,-857.738,1.61675,4676.94,0
46.6197,4258.12,-392.257,-849.598,5.00337,5188.31,0
47.301,4264.97,-397.363,-850.456,3.72558,4968.73,0
47.9934,4268.06,-396.223,-889.666,2.85865,4832.73,0
48.6789,4283.3,-404.155,-915.522,0.621266,4451.52,0
49.3654,4264.6,-385.116,-965.962,2.46694,4768.51,0
50.0461,4258.39,-389.828,-941.06,3.34135,4827.79,0
50.7368,4229.41,-381.584,-947.493,6.24627,5333.3,0
51.4286,4234.13,-361.221,-949.638,5.07654,5169.78,0
52.106,4239.22,-377.796,-952.298,3.98359,5004.77,0
52.7887,4223.64,-387.691,-937.9,5.5457,5235.17,0
53.4662,4245.41,-399.874,-945.663,2.47846,4761.68,0
54.1473,4229.33,-420.409,-939.329,4.25213,4998.77,0
54.8306,4209.72,-422.299,-966.633,6.05303,5294.2,0
55.5226,4215.18,-415.479,-964.286,4.90987,5129.72,0
56.218,4214.91,-405.258,-991.983,4.28617,5071.22,0
56.9048,4223.55,-397.019,-973.005,3.29572,4858.03,0
57.5874,4221.84,-413.573,-975.92,3.2503,4830.13,0
58.2765,4220.2,-406.275,-967.916,3.39946,4801.32,0
58.9728,4232.89,-429.64,-972.243,1.6676,4529.4,0
59.6557,4227,-411.803,-947.474,2.71235,4576.27,0
60.3402,4196.49,-421.463,-908.4,6.66869,5029.98,0
61.0262,4185.7,-432.075,-906.149,6.69465,5150.28,0
61.7183,4182.4,-422.544,-916.578,6.46982,5145.99,0
62.3929,4165.69,-425.952,-915.419,7.65909,5358.09,0
63.0734,4176.51,-415.705,-935.82,5.29522,5128.73,0
63.7629,4161.48,-428.344,-932.04,6.56591,5309.02,0
64.454,4187.02,-409.273,-948.989,2.82872,4855.94,0
65.1417,4188.53,-415.124,-921.777,2.70493,4781.49,0
65.814,4182.86,-401.617,-923.616,3.29274,4818.75,0
66.4959,4149.03,-409.394,-939.892,6.68155,5278.11,0
67.1961,4143.79,-409.334,-935.039,6.432,5301.08,0
67.8865,4123.19,-414.103,-938.578,7.81674,5550.61,0
68.5703,4143.27,-410.408,-915.957,4.65004,5202.46,0
69.2479,4142.1,-416.346,-911.611,4.42158,5168.4,0
69.934,4136.9,-408.469,-898.898,4.97888,5192.09,0
70.6127,4144.52,-391.363,-894.617,3.97129,5034.16,0
71.2969,4133.85,-390.795,-900.665,4.89274,5135.56,0
71.98,4134.25,-383.1,-908.152,4.55481,5081.27,0
72.6621,4142.95,-378.043,-911.464,3.16988,4913.78,0
73.3527,4123.42,-366.371,-916.406,5.49048,5133.83,0
74.0307,4137.98,-380.717,-926.364,3.28513,4890.18,0
74.7151,4138.17,-368.061,-927.801,3.14394,4842.79,0
75.4143,4111.41,-369.11,-941.571,6.20101,5152.78,0
76.0968,4128.01,-390.898,-934.435,3.67249,4888.43,0
76.783,4108.38,-406.586,-929.659,5.73803,5100.32,0
77.4732,4117.91,-403.987,-924.735,4.24371,4931.87,0
78.1561,4123.41,-395.677,-913.268,3.4866,4818.44,0
78.8278,4139.5,-388.731,-932.432,1.19075,4573.26,0
79.518,4133.54,-372.936,-921.279,2.03106,4608.57,0
80.2053,4114.38,-389.153,-900.997,4.25367,4807.94,0
80.8882,4106.32,-388.196,-907.213,4.60937,4866.93,0
81.5763,4111.66,-360.616,-929.48,3.69093,4760.44,0
82.253,4127.27,-370.705,-921.561,1.65991,4531.47,0
82.9315,4118.47,-360.968,-947.732,2.50089,4600.6,0
83.6164,4098.93,-378.861,-917.879,4.81697,4796.5,0
84.3038,4105.94,-382.059,-946.891,3.47944,4674.28,0
84.9917,4120.75,-353.104,-972.75,1.4083,4462.2,0
85.6891,4111.76,-372.531,-940.874,2.75992,4530.8,0
86.3719,4116.76,-377.148,-965.498,1.80351,4437.1,0
87.0533,4109.97,-373.056,-970.724,2.55127,4480.41,0
87.7265,4092.49,-383.882,-950.148,4.59501,4645.26,0
88.4092,4093.14,-382.594,-976.016,4.01638,4601.98,0
89.1007,4082.44,-386.395,-973.251,4.9666,4686.36,0
89.7766,4075.4,-372.125,-957.478,5.55841,4729.53,0
90.47,4056.29,-369.794,-951,7.50588,4904.45,0
91.158,4064.9,-366.008,-953.644,5.25068,4773.08,0
91.844,4061.75,-383.881,-962.767,4.85612,4771.68,0
92.5332,4071.17,-388.73,-962.102,3.33456,4634.29,0
93.227,4071.2,-371.488,-970.22,3.25133,4599.47,0
93.9118,4057.24,-360.453,-963.576,4.93551,4714.66,0
94.5947,4084.07,-358.602,-939.784,1.66883,4397,0
95.2829,4072.19,-361.69,-956.905,2.86501,4489.92,0
95.965,4059.51,-366.875,-960.68,4.2512,4590.15,0
96.6531,4091.3,-376.929,-959.899,0.0953768,4228.51,0
97.3423,4081.18,-340.783,-975.758,1.33252,4302.59,0
98.02,4073.25,-337.375,-960.955,2.40771,4353.75,0
98.7037,4062.22,-324.464,-987.258,3.5415,4435.25,0
99.3979,4076.83,-344.807,-1004.77,1.44476,4257.31,0
100.072,4084.61,-348.509,-1039.06,0.104016,4150.92,0
100.754,4069.33,-359.907,-1055.55,1.81878,4274.48,0
101.426,4044.91,-348.73,-1054.42,4.80409,4486.94,0
102.112,4028.89,-349.075,-1045.12,6.152,4613.68,0
102.804,4024.84,-355.836,-1025.76,5.96384,4622.02,0
103.488,4051.44,-345.475,-1016.11,2.56646,4334.47,0
104.166,4063.98,-323.654,-1024.05,0.911122,4185.81,0
104.838,4063.11,-315.069,-1024.93,1.03136,4167.32,0
105.528,4049.79,-285.031,-1004.32,2.89929,4266.2,0
106.212,4048.55,-283.548,-991.69,2.90143,4250.44,0
106.895,4040.42,-307.626,-982.9,3.74637,4299.38,0
107.576,4058.62,-317.483,-949.17,1.63976,4102.92,0
108.253,4053.48,-346.059,-943.037,2.25149,4124.81,0
108.939,4037.61,-342.907,-950.445,3.98284,4244.48,0
109.631,4045.96,-360.729,-920.014,3.04723,4141.51,0
110.301,4019.76,-379.683,-923.147,5.75646,4353.89,0
110.984,4028.65,-361.105,-903.431,4.31888,4246.98,0
111.673,4027.16,-371.912,-918.047,4.11605,4234.12,0
112.36,4021.32,-378.684,-919.353,4.36376,4260.24,0
113.033,4038.21,-378.997,-889.934,2.25373,4085.48,0
113.71,4036.4,-397.76,-899.206,2.26021,4077.05,0
114.395,4029.14,-386.302,-861.48,3.23757,4116.04,0
115.085,4028.43,-368.711,-848.082,3.54223,4097.61,0
115.761,4014,-340.148,-834.143,5.49872,4198.34,0
116.44,4004.33,-351.743,-836.43,6.36313,4256.84,0
117.118,4009.56,-334.232,-833.22,5.22176,4187.57,0
117.801,4039.45,-338.817,-822.474,1.04245,3909.52,0
118.496,4019.57,-350.048,-802.751,3.98797,4054.43,0
119.187,4028.8,-353.729,-801.06,2.51987,3953.48,0
119.878,4017.9,-371.557,-776.119,4.16324,4021.56,0
120.564,4008.47,-375.367,-786.231,4.80613,4076.95,0
121.245,4002.84,-382.985,-793.023,4.89107,4100.43,0
121.932,4004.91,-373.253,-781.084,4.7894,4060.4,0
122.618,4002.68,-369.077,-777.543,4.89676,4055.85,0
123.311,4004.52,-375.008,-785.921,4.01259,4018.15,0
124.002,4001.2,-383.676,-783.247,4.26684,4022.5,0
124.681,4005.93,-379.678,-790.307,3.32995,3962.68,0
125.37,4011.53,-398.257,-779.059,2.54571,3896.27,0
126.048,3999.18,-388.263,-782.936,4.00638,3973.23,0
126.731,4001.07,-366.078,-763.316,3.96142,3936.94,0
127.417,4004.15,-379.277,-778.974,2.98146,3891.56,0
128.102,3982.81,-367.804,-777.864,5.70479,4037.34,0
128.781,3975.5,-357.031,-765.628,6.12459,4072.78,0
129.464,3955.86,-358.274,-763.072,7.88501,4203,0
130.151,3952.71,-350.374,-765.09,7.23666,4205.05,0
130.833,3953.95,-368.818,-760.78,6.26509,4173.66,0
131.516,3930.66,-332.913,-753.995,8.60273,4329.08,0
132.204,3940.14,-336.533,-767.894,5.84339,4234.84,0
132.891,3943.27,-352.117,-748.244,5.11626,4189.37,0
133.581,3920.04,-340.144,-767.577,7.5378,4341.66,0
134.269,3928.73,-362.977,-768.626,5.22087,4254.66,0
134.957,3947.07,-388.626,-760.612,2.51533,4097.11,0
135.634,3961.58,-420.494,-766.598,0.193167,3969.65,0
136.321,3950.49,-423.107,-788.722,1.3888,4031.03,0
137.01,3947.31,-388.505,-749.731,2.53545,4033.93,0
137.702,3944.56,-419.127,-752.92,2.54416,4033.66,0
138.382,3941.42,-391.534,-715.726,3.72569,4036.53,0
139.068,3962.34,-409.23,-684.579,0.993619,3866.16,0
139.761,3941.41,-426.185,-678.615,3.85529,3996.74,0
140.453,3965.12,-426.885,-642.974,0.946303,3808.22,0
141.143,3943.63,-434.699,-626.39,4.37632,3941.92,0
141.827,3922.7,-436.428,-620.43,6.77207,4070.43,0
142.503,3921.2,-438.48,-609.676,6.37567,4061.63,0
143.186,3917.53,-424.931,-623.824,6.14456,4067.89,0
143.861,3913.66,-430.896,-627.728,5.95127,4075.74,0
144.543,3894.41,-426.828,-628.66,7.73815,4189.69,0
145.228,3885.22,-413.485,-619.65,7.81882,4233.25,0
145.912,3881.44,-398.163,-594.009,8.28777,4239.3,0
146.586,3890.77,-394.83,-580.027,5.9461,4156.15,0
147.271,3879.31,-407.441,-581.1,7.1096,4214.62,0
147.934,3892.37,-419.682,-593.3,3.64211,4107.43,0
148.625,3883.49,-413.825,-586.867,5.08718,4148.12,0
149.311,3891.27,-426.574,-577.797,3.64736,4076.91,0
149.995,3893.39,-418.322,-609.797,2.62708,4044.19,0
150.675,3898.24,-401.841,-598.046,2.40111,3993.8,0
151.357,3899.09,-398.851,-578.147,2.82658,3970.17,0
152.035,3898.02,-398.675,-570.47,3.14048,3959.47,0
152.721,3892.1,-399.818,-585.946,3.24689,3980.47,0
153.422,3891.74,-390.026,-560.578,4.01704,3964.6,0
154.096,3883.09,-382.719,-572.486,5.01032,4003.38,0
154.782,3887.5,-350.027,-580.447,4.25708,3957.2,0
155.458,3864.36,-370.122,-587.544,7.19143,4088.82,0
156.144,3856.02,-372.19,-590.822,7.6434,4124.29,0
156.829,3855,-368.792,-602.082,6.25535,4112.75,0
157.512,3858.88,-374.361,-601.277,4.87512,4070.27,0
158.19,3851.67,-355.412,-608.504,5.97707,4098.42,0
158.877,3872,-356.029,-594.547,2.34039,3952.76,0
159.56,3868.2,-359.767,-588.814,2.98794,3959.64,0
160.246,3875.9,-378.865,-587.358,1.19179,3894.64,0
160.933,3867.33,-381.361,-597.97,2.11182,3931.27,0
161.609,3847.18,-357.148,-597.3,5.60222,4039.51,0
162.29,3856.24,-346.542,-601.8,3.64183,3966.72,0
162.974,3854.48,-342.164,-585.035,4.18325,3960.89,0
163.657,3855.31,-323.074,-571.463,4.51153,3939.31,0
164.346,3863.45,-338.54,-557.422,2.92554,3873.26,0
165.034,3865.76,-343.566,-545.814,2.81444,3843.08,0
165.719,3857.48,-384.565,-519.673,4.14909,3877.15,0
166.413,3841.63,-393.165,-500.75,7.23162,3956.27,0
167.081,3846.27,-412.323,-487.901,5.54817,3912.67,0
167.769,3848.45,-400.076,-478.996,5.0394,3883.62,0
168.458,3842.86,-390.177,-468.952,6.56972,3900.93,0
169.139,3848.57,-400.314,-454.688,5.18805,3851.41,0
169.822,3845.77,-418.583,-445.886,5.11898,3852.44,0
170.506,3841.2,-422.392,-421.007,6.44757,3863.77,0
171.195,3847.73,-417.21,-423.288,4.54779,3810.1,0
171.873,3854.05,-424.093,-402.274,3.70953,3758.28,0
172.566,3834.93,-419.123,-417.935,6.75964,3854.01,0
173.255,3844.91,-438.872,-439.642,2.38114,3781.07,0
173.949,3833.73,-431.311,-420.997,5.72623,3830.28,0
174.647,3847.2,-415.475,-421.189,3.50407,3737.84,0
175.325,3846.03,-436.404,-420.301,2.60368,3730.03,0
176.02,3847.71,-473.877,-404.852,1.18098,3705.76,0
176.715,3829.28,-465.461,-412.653,4.55453,3795.51,0
177.4,3828.08,-483.222,-385.507,4.3993,3787.61,0
178.092,3825.57,-475.463,-371.052,5.15697,3787.01,0
178.775,3814.32,-462.095,-391.754,6.74449,3835.41,0
179.462,3811.46,-455.67,-387.178,7.37579,3836.71,0
180.151,3799.23,-440.442,-392.589,9.43113,3889.87,0
180.833,3790.05,-438.842,-396.468,9.06212,3926,0
181.525,3791.38,-433.567,-396.742,7.57643,3903.73,0
182.217,3772.89,-415.165,-393.568,11.5108,3990.34,0
182.909,3764.53,-417.551,-373.456,0.318603,4020.94,0
183.596,3747.04,-402.24,-372.52,5.99309,4101.18,0
184.274,3745.14,-392.711,-388.321,5.48607,4096.39,0
184.958,3732,-386.776,-393.855,7.85014,4152.3,0
185.642,3738.28,-380.179,-389.149,5.92776,4103.18,0
186.328,3762.89,-375.601,-382.083,0.172237,3955.97,0
187.007,3750.98,-381.209,-359.977,4.90981,4005.3,0
187.694,3763.98,-370.682,-343.832,4.14213,3921.37,0
188.365,3762.47,-384.106,-348.454,1.88351,3915.4,0
189.047,3751.84,-397.615,-356.377,2.21325,3957.54,0
189.728,3769.56,-365.575,-353.27,1.28321,3849.93,0
190.422,3766.14,-367.656,-332.573,4.23075,3853.84,0
191.104,3764,-352.714,-350.17,4.34065,3851.29,0
191.792,3768.87,-335.847,-345.176,5.90073,3812.1,0
192.47,3771.36,-351.769,-352.839,1.7812,3785.72,0
193.15,3765.28,-366.543,-344.42,2.40949,3803.89,0
193.834,3753.02,-372.136,-335.588,5.28222,3853.71,0
194.524,3753.98,-379.069,-324.666,5.08025,3835.12,0
195.198,3771.18,-379.474,-317,1.04781,3733.77,0
195.886,3769.62,-369.325,-314.96,3.19707,3728.59,0
196.565,3725.79,-352.475,-320.888,5.02759,3938.72,0
197.251,3718.41,-365.059,-323.696,3.68325,3962.41,0
197.941,3736.4,-352.047,-317.6,1.48872,3857.71,0
198.633,3721.83,-321.502,-339.044,6.90195,3917.64,0
199.32,3724.17,-301.187,-314.365,3.10326,3892.37,0
200.002,3713.38,-297.256,-305.192,8.34241,3933.04,0
200.685,3730.33,-309.722,-293.839,2.09322,3835.2,0
201.371,3731.07,-289.519,-284.08,8.95392,3818.49,0
202.052,3724.43,-280.475,-276.41,1.21618,3838.48,0
202.733,3736.71,-261.856,-282.267,1.55678,3765.01,0
203.415,3748.25,-253.63,-269.354,3.29443,3695.64,0
204.095,3738.17,-241.865,-261.873,9.69992,3732.75,0
204.789,3740,-241.062,-270.976,5.40643,3711.13,0
205.48,3705.38,-230.349,-269.368,5.91962,3867.16,0
206.155,3708.07,-236.979,-264.364,4.40761,3841.42,0
206.839,3745.98,-214.59,-263.62,2.17166,3645.44,0
207.52,3757.03,-201.839,-263.909,2.66194,3580.23,0
208.201,3748.69,-214.146,-257.32,2.43371,3608.58,0
208.875,3766.7,-182.65,-259.113,5.22103,3510.68,0
209.551,3765.58,-181.202,-251.161,7.32653,3504.74,0
210.239,3754.36,-160.162,-271.938,6.34039,3546.62,0
210.923,3764.45,-165.642,-269.502,3.66361,3487.28,0
211.602,3756.65,-163.78,-262.833,6.99603,3512.99,0
212.289,3756.99,-183.738,-259.398,3.42146,3499.98,0
212.976,3765.04,-205.597,-242.18,1.77499,3450.88,0
213.669,3754.96,-192.714,-248.418,4.60385,3486.86,0
214.345,3761.93,-192.736,-249.818,2.16783,3443.38,0
215.033,3737.65,-185.715,-242.415,10.9212,3545.28,0
215.708,3760.15,-173.577,-235.591,10.4017,3429.89,0
216.394,3753.37,-164.363,-234.757,1.82193,3450.33,0
217.073,3748.89,-157.231,-225.769,7.42194,3460.18,0
217.758,3764.08,-139.767,-239.375,3.54122,3379.55,0
218.433,3748.05,-143.163,-242.602,3.60056,3442.49,0
219.121,3739.17,-124.968,-220.42,5.26635,3472.2,0
219.801,3757.01,-109.693,-200.048,2.15866,3380.28,0
220.491,3755.51,-84.2421,-200.855,6.23468,3376.5,0
221.172,3749.55,-76.1802,-196.487,8.2145,3393.08,0
221.852,3765.56,-68.5739,-195.993,6.77704,3310.51,0
222.541,3778.6,-64.9679,-202.111,2.66943,3241.64,0
223.227,3745.85,-95.6723,-188.55,6.71343,3378.42,0
223.913,3756.41,-90.2184,-189.048,5.79182,3320.89,0
224.602,3739.65,-82.963,-197.683,4.65496,3385.33,0
225.278,3723.64,-100.939,-181.72,9.26258,3446.23,0
225.964,3735.96,-82.6877,-182.263,9.49243,3381.24,0
226.636,3735.37,-90.4264,-175.622,8.90943,3373.83,0
227.316,3742.09,-86.2334,-143.283,9.00621,3334.15,0
227.999,3733.61,-89.0448,-152.171,4.57906,3361.36,0
228.684,3723.26,-65.5554,-147.105,11.3662,3396.57,0
229.363,3720.69,-67.5238,-139.55,2.28856,3397.73,0
230.047,3704.27,-64.2247,-144.047,2.03007,3458.98,0
230.734,3716.05,-67.1301,-124.608,8.60648,3397.62,0
231.417,3703.91,-59.8383,-110.413,4.60044,3440.07,0
232.105,3726.13,-55.5414,-102.903,6.92371,3334.14,0
232.798,3729.13,-60.145,-94.3318,8.24216,3311.32,0
233.481,3741.63,-74.7674,-92.1387,3.28922,3248.1,0
234.162,3735.64,-68.1991,-84.2853,7.24314,3264.24,0
234.847,3743.97,-57.8771,-71.3499,11.6011,3219.26,0
235.537,3753.59,-43.8623,-77.3875,0.190654,3168.96,0
236.236,3759.01,-19.436,-81.7923,1.27976,3136.66,0
236.93,3761.54,-6.35966,-66.0824,6.56212,3116.77,0
237.616,3741.33,-6.22571,-64.8926,7.95064,3192.83,0
238.308,3736.69,4.08306,-37.8377,6.19946,3203.06,0
238.993,3713.31,-16.792,-37.6534,4.81124,3291.68,0
239.679,3709.93,-28.4548,-25.6098,5.95822,3296.38,0
240.376,3731.09,-30.01,-5.31475,7.16165,3198.77,0
241.057,3750.77,-20.2564,1.98322,8.71747,3108.12,0
241.745,3751.63,-6.0294,0.204096,0.491446,3095.71,0
242.436,3752.56,-2.34313,1.32025,1.60916,3083.04,0
243.12,3766.64,1.78418,1.77309,0.9422,3016.45,0
243.793,3764.85,3.00761,0.683543,0.850857,3015.47,0
244.476,3742.14,-0.705601,-1.5092,2.55034,3099.93,0
245.15,3727.86,-7.05737,4.37776,0.718235,3149.67,0
245.836,3725.69,-4.59682,0.269428,2.11815,3149.7,0
246.521,3784.29,-1.19224,-1.36966,0.144032,2903.24,0
247.207,3748.7,3.609,-1.81092,1.24953,3039.16,0
247.89,3763.3,-1.00139,4.47249,0.359143,2971.87,0
248.569,3736.71,-0.376247,4.02089,1.88469,3070.74,0
249.252,3707.64,0.481372,5.30169,2.47903,3178.94,0
249.94,3723.66,0.538737,5.81905,1.69029,3106.12,0
250.627,3721.34,0.910117,0.115376,3.70598,3106.83,0
251.308,3740.45,0.12904,0.586334,2.72214,3022.39,0
251.997,3710.9,4.29538,-7.42268,1.07004,3131.4,0
252.677,3714.55,-1.23262,4.28087,2.60035,3108.52,0
253.361,3692.56,-5.46234,0.547655,3.05482,3186.93,0
254.037,3696.05,2.46998,6.36063,2.31503,3164.68,0
254.722,3750,4.88395,3.58397,0.333204,2944.37,0
255.412,3758.17,1.30708,1.72785,1.28319,2904.44,0
256.094,3732.44,8.49565,1.60155,0.151343,2997.19,0
256.772,3725.39,3.31728,3.0524,2.01967,3016.73,0
257.455,3711.59,-5.95401,1.82732,1.93757,3062.3,0
258.128,3705.26,-4.12391,7.96476,0.9614,3078.86,0
258.813,3710.43,4.54251,3.73643,1.91192,3050.73,0
259.497,3674.97,-2.18161,4.99773,3.34255,3179.35,0
260.179,3675.2,-7.51166,2.95598,2.07322,3170.14,0
260.871,3678.06,2.36839,0.723149,4.88618,3150.76,0
261.556,3679.24,0.608383,1.30811,5.16151,3138,0
262.233,3683.17,0.800786,4.41136,3.36712,3114.89,0
262.916,3682.53,-1.33722,0.383826,4.76108,3109.23,0
263.606,3652.46,-9.8401,5.00893,0.574418,3215.16,0
264.281,3671.13,-6.29011,1.9439,1.40951,3136.32,0
264.962,3659.1,2.7981,-5.10299,1.83944,3173.68,0
265.639,3647.43,-2.66232,28.5477,0.855653,3209.5,0
266.319,3636.91,1.4361,33.4838,4.75848,3240.82,0
267.004,3637.33,-7.15367,68.1819,2.62836,3230.92,0
267.672,3612.57,-41.8533,49.8632,0.43634,3315.36,0
268.354,3585.61,-43.3797,34.2333,1.46337,3407.42,0
269.036,3580.06,-36.0951,8.60862,6.40013,3419.39,0
269.727,3586.11,-16.5031,31.3511,2.92065,3388.22,0
270.415,3574.61,-23.519,34.9639,7.41864,3422.11,0
271.098,3573.52,-28.7066,33.2416,6.66938,3417.52,0
271.785,3551.54,-26.6569,48.3107,6.16512,3489.74,0
272.475,3529.07,-46.4052,57.901,3.17301,3563.37,0
273.164,3535.59,-40.1192,46.5408,2.3475,3530.54,0
273.852,3533.71,-50.0784,45.4895,1.23117,3528.53,0
274.536,3520.42,-48.2364,30.7949,2.53527,3568.14,0
275.215,3498.76,-39.4887,40.9342,8.69602,3638.02,0
275.9,3489.83,-55.3075,31.0746,10.852,3661.37,0
276.58,3478.93,-45.6508,21.7147,7.64333,3691.75,0
277.268,3473.62,-14.6023,25.0184,4.84866,3701.75,0
277.7,3455.32,-5.41364,8.02958,3.94983,3761.9,2
