0.688677,4492.99,473.176,-134.983,1.10473,10181.2,0
1.37608,4477.32,451.366,-147.038,3.8258,16485.1,0
2.06361,4464.08,442.482,-145.366,5.59815,17404.4,0
2.74663,4467.39,440.194,-127.677,5.1228,11871.7,0
3.44233,4453.12,433.435,-128.609,6.64783,13617.4,0
4.12201,4456.71,442.371,-126.885,5.23052,10501.8,0
4.79958,4450.12,432.804,-117.398,6.07083,10393.4,0
5.48825,4442.34,431.514,-135.056,6.28212,10505.7,0
6.1737,4432.45,436.269,-119.198,6.67391,10941,0
6.85602,4449.96,433.148,-122.148,3.91924,7298.61,0
7.54466,4448.3,415.621,-109.786,5.07164,6851.98,0
8.23063,4433.71,440.473,-117.066,5.32227,8054.09,0
8.90863,4409.38,436.447,-117.06,7.68314,10172.3,0
9.58265,4418.37,414.828,-113.086,6.57596,8518.68,0
10.2689,4418.61,415.564,-103.331,5.82058,7925.88,0
10.9564,4440.22,422.677,-105.622,2.37924,5456.5,0
11.6451,4440.16,417.5,-116.346,2.52516,5138.81,0
12.3321,4449.01,431.598,-114.414,0.68059,4134.45,0
13.0155,4409.98,455.774,-85.1262,4.59146,6916.47,0
13.7031,4378.16,470.319,-105.467,7.2686,8891.52,0
14.3916,4367.53,470.281,-107.413,7.27828,9204.49,0
15.0744,4357.59,459.375,-109.143,7.9471,9446.91,0
15.7613,4346.43,459.745,-87.9891,8.08378,9743.76,0
16.4451,4332.51,453.675,-87.854,9.04281,10184.6,0
17.1403,4330.16,461.873,-92.527,7.45918,9908.62,0
17.8245,4341.68,470.059,-91.1222,4.55636,8881.99,0
18.5062,4338.24,467.611,-94.7371,4.86651,8740.87,0
19.1948,4356.89,485.695,-81.1908,1.45653,7455.73,0
19.8751,4344.26,450.689,-81.9958,4.93727,7835.71,0
20.5624,4337.2,450.116,-92.6704,5.35733,7917.21,0
21.2512,4339.12,472.165,-94.5663,3.31047,7570.4,0
21.9295,4330.16,460.538,-124.569,4.61243,7744.66,0
22.6254,4321.38,490.884,-92.0096,4.13139,7894.63,0
23.2993,4295.57,496.834,-79.5337,7.08487,8774.17,0
23.9829,4286.31,488.117,-74.8992,7.45505,8910.14,0
24.6817,4271.16,486.992,-79.617,8.14358,9271.58,0
25.3664,4236.78,498.175,-57.3488,10.5829,10376.7,0
26.0529,4223.81,505.042,-48.8852,9.32513,10601.1,0
26.7317,4212.41,508.748,-38.5227,9.0452,10758.4,0
27.4191,4216.21,493.42,-55.5066,7.9816,10350.1,0
28.1081,4212.97,505.308,-49.7252,6.6247,10211.6,0
28.7976,4230.66,512.038,-54.6578,3.0476,9352.85,0
29.4785,4242.8,492.121,-70.6677,2.4151,8725.1,0
30.1642,4208.51,513.812,-93.1279,5.58861,9663.42,0
30.8431,4189.58,517.895,-95.2307,7.33836,10064.3,0
31.5226,4184.16,503.825,-108.725,7.7128,10019.4,0
32.2104,4189.32,515.109,-113.122,5.10338,9645.26,0
32.9052,4192.49,495.435,-134.283,5.176,9345.45,0
33.5823,4226.64,492.788,-128.238,0.226964,8140.15,0
34.2802,4236.77,457.298,-154.312,0.514309,7678.7,0
34.9533,4215.96,458.655,-154.869,3.26181,8126.2,0
35.638,4217.59,455.508,-146.85,3.26139,7924.29,0
36.32,4197.51,458.992,-163.282,5.10633,8328.43,0
37.0114,4187.58,473.437,-171.778,4.90789,8441.16,0
37.7039,4176.09,509.611,-147.506,4.36522,8590.91,0
38.3918,4186.62,522.383,-169.846,1.60452,8162.58,0
39.0758,4161.03,510.084,-162.309,5.89056,8674.72,0
39.7564,4187.68,489.785,-164.692,2.87794,7855.91,0
40.4488,4185.89,504.937,-151.49,2.36079,7765.6,0
41.1329,4184.24,510.948,-139.63,2.43481,7676.61,0
41.8118,4183.42,513.635,-157.354,2.04538,7571.5,0
42.4982,4168.58,527.736,-173.055,3.01885,7798.46,0
43.1922,4175.46,532.867,-195.462,1.20197,7513.79,0
43.8729,4163.65,505.473,-196.782,4.40381,7666.42,0
44.5435,4153.77,493.918,-187.149,6.38779,7772.83,0
45.2261,4162.55,484.679,-185.169,5.00165,7461.41,0
45.9158,4136.66,458.872,-171.622,9.18178,7913.18,0
46.6006,4123.11,445.584,-165.034,10.4722,8087.68,0
47.2911,4128.56,450.858,-155.517,7.78136,7854.43,0
47.9713,4136.43,451.944,-164.673,5.39311,7578.86,0
48.6674,4121.94,452.261,-165.575,6.67074,7768.19,0
49.3639,4132.8,439.231,-169.844,5.39857,7438.7,0
50.0491,4134.53,453.661,-183.494,3.13373,7302.3,0
50.7296,4136.13,463.265,-218.829,1.0874,7172.73,0
51.422,4115.77,485.05,-197.089,3.29616,7472.06,0
52.113,4124.65,495.182,-193.286,1.26242,7202.56,0
52.7885,4125.68,488.532,-171.724,2.02057,7090.88,0
53.471,4104.93,504.632,-198.061,3.52449,7388.45,0
54.1504,4097,488.803,-184.883,5.77489,7442.27,0
54.8427,4116.79,490.318,-174.221,2.38017,6987.46,0
55.5268,4110.88,466.872,-176.212,4.68006,7007.78,0
56.2038,4100.77,461.935,-169.213,6.07517,7103.31,0
56.8934,4112.36,469.621,-169.96,3.47341,6813.48,0
57.576,4087.85,452.214,-173.204,8.12189,7158.3,0
58.2559,4063.57,433.165,-156.82,0.738056,7491.57,0
58.9461,4052.66,405.605,-149.954,5.16139,7589.04,0
59.6296,4037.98,406.215,-148.004,6.58874,7748.16,0
60.3189,4060.81,408.788,-156.056,1.92315,7281.17,0
61.001,4039.75,409.738,-167.144,4.58273,7544.95,0
61.6914,4037.34,404.485,-155.882,5.28253,7499.62,0
62.3787,4047.06,403.929,-122.631,4.57826,7261.18,0
63.0675,4026.37,397.775,-116.199,8.33742,7509.96,0
63.7565,4016.39,394.097,-118.962,8.58196,7585.22,0
64.4354,4021.51,400.638,-119.516,5.90396,7425.85,0
65.1196,4039.74,411.752,-130.456,1.09465,7067.89,0
65.7992,4038.92,414.864,-136.64,0.554799,7007.43,0
66.4894,4010.21,394.341,-153.407,6.43763,7366.46,0
67.1648,4001.63,387.169,-150.729,7.97778,7420.08,0
67.8486,4007.45,397.172,-168.117,3.88806,7259.56,0
68.5315,4008.77,401.631,-171.568,2.79386,7167.98,0
69.2244,3993.52,393.797,-177.822,5.50995,7316.53,0
69.907,3991.91,406.853,-158.156,4.78244,7268.03,0
70.5864,3990.45,406.73,-143.102,5.30902,7218.8,0
71.2639,3974.15,414.329,-145.559,6.01024,7378.88,0
71.951,3961.09,416.997,-139.587,7.65119,7490.02,0
72.6381,3968.49,403.077,-136.353,7.14185,7317.27,0
73.3224,3980.69,395.435,-124.984,6.19685,7082.6,0
74.0059,3991.98,383.64,-102.855,6.10631,6864.63,0
74.6859,3985.14,388.163,-117.582,5.64523,6893.63,0
75.3671,3986.29,391.796,-135.593,4.03933,6816.08,0
76.0524,3982.84,364.646,-145.842,7.15599,6800.09,0
76.7332,3988.37,360.62,-147.295,5.53733,6667.61,0
77.4089,3979.68,370.144,-147.915,4.95791,6721.75,0
78.0953,3985.27,366.272,-142.933,4.41283,6591.04,0
78.7711,3973.22,361.986,-126.62,7.03952,6687.42,0
79.4625,3973.91,348.727,-138.351,7.18899,6620.56,0
80.1559,3957.27,354.271,-133.414,8.80029,6770.96,0
80.8367,3951.32,340.269,-140.175,9.78313,6787.47,0
81.5122,3944.04,346.937,-141.523,7.87381,6820.51,0
82.1931,3958.25,338.959,-134.355,5.63668,6591.14,0
82.8788,3946.67,336.557,-124.191,7.4239,6676.32,0
83.564,3940.21,321.407,-133.199,8.981,6698.92,0
84.2509,3930.33,334.185,-142.93,6.79034,6761.63,0
84.9419,3931.48,342.554,-130.205,5.61369,6693.08,0
85.6279,3926.22,340.164,-154.021,4.24559,6700.82,0
86.3148,3910.86,336.404,-150.34,7.36439,6825.45,0
87.0011,3933.03,344.443,-147.098,1.99641,6516.82,0
87.6848,3915.54,334.241,-163.628,5.28821,6665.44,0
88.3685,3901.97,342.939,-159.709,6.24239,6767.48,0
89.0618,3906.13,340.326,-176.565,3.86833,6668.08,0
89.7357,3897.47,331.647,-186.773,5.91012,6714.49,0
90.4236,3900.94,330.432,-175.932,5.79742,6625.02,0
91.1015,3904.09,327.591,-218.163,1.27791,6541.12,0
91.7764,3891.98,337.853,-202.052,3.48429,6625.01,0
92.4657,3894.78,331.306,-184.877,5.35051,6545.31,0
93.1431,3903,343.351,-186.378,1.56238,6409.49,0
93.8251,3904.27,338.491,-184.386,2.21162,6349.32,0
94.5074,3884.34,352.94,-172.571,4.32531,6514.4,0
95.1999,3894.09,347.435,-172.626,3.1991,6364.58,0
95.8819,3900.63,345.945,-150.157,4.03552,6251.09,0
96.5515,3911.14,336.805,-155.635,3.06777,6098.89,0
97.2467,3919.75,327.474,-160.682,2.65139,5966.83,0
97.9276,3924.12,326.169,-162.969,1.79776,5880.64,0
98.6181,3923.55,328.856,-155.405,2.02858,5845.32,0
99.3056,3928.63,319.807,-148.387,3.27028,5753.68,0
100.006,3925.83,310.742,-138.328,5.92289,5741.4,0
100.694,3933.37,312.393,-165.46,1.88657,5627.19,0
101.38,3914.51,307.89,-161.236,5.74963,5775.19,0
102.059,3934.65,308.37,-158.961,2.3019,5539.47,0
102.743,3953.12,296.009,-146.879,2.49349,5322.8,0
103.419,3961.03,280.207,-162.09,2.44598,5211.54,0
104.113,3971.61,270.108,-168.961,1.71718,5075.18,0
104.789,3977.17,282.533,-149.683,0.536609,4989.3,0
105.477,3947.6,274.015,-139.654,7.0694,5237.11,0
106.159,3937.27,262.434,-127.338,9.93867,5300.85,0
106.829,3924.12,286.986,-115.87,6.69845,5390.67,0
107.524,3902.76,294.437,-118.448,7.58088,5554.5,0
108.218,3910.86,278.924,-124.225,8.02239,5443.99,0
108.901,3908.97,276.178,-117.384,8.39051,5427.19,0
109.593,3906.51,277.706,-110.627,7.66619,5415.4,0
110.286,3924.87,272.704,-87.4707,6.48685,5214.89,0
110.972,3932.97,261.24,-83.9154,7.31833,5109.66,0
111.656,3918.12,249.133,-71.6898,10.8838,5211.38,0
112.337,3917.08,266.01,-55.2216,6.4384,5189.02,0
113.019,3909.48,295.538,-33.4786,1.31564,5224.94,0
113.717,3898.03,299.304,-61.1394,1.17438,5293.55,0
114.397,3887.32,280.164,-42.1295,8.08138,5355.77,0
115.072,3883.98,282.946,-34.8734,7.31468,5353.36,0
115.754,3874.64,281.546,-29.3149,8.05442,5402.52,0
116.439,3888.01,291.061,-49.4881,2.40795,5255.85,0
117.129,3870.63,296.971,-47.0922,3.63008,5373.26,0
117.805,3881.51,277.253,-61.1656,5.64724,5250.13,0
118.491,3889.52,286.289,-37.0471,2.92095,5152.09,0
119.183,3897.27,269.936,-26.4927,5.7553,5057.19,0
119.857,3902.95,252.871,-32.2458,7.86581,4981.35,0
120.529,3909.07,256.465,-34.8419,5.15621,4902.78,0
121.224,3907.39,234.734,-46.6658,8.77851,4888.57,0
121.901,3892.59,232.847,-30.3286,9.80912,4982.82,0
122.592,3895.41,213.819,-19.4154,2.06976,4931.72,0
123.287,3888.28,199.475,-19.0918,5.52197,4961.76,0
123.965,3897.65,206.027,-48.4027,1.3012,4859.07,0
124.642,3899.71,189.525,-43.2364,5.13262,4816.14,0
125.323,3901.62,203.376,-52.059,0.764458,4774.71,0
126.01,3888.12,210.058,-24.8241,1.80705,4855.83,0
126.695,3891.74,200.533,5.48013,4.10743,4800.94,0
127.387,3901.78,184.531,15.8745,5.9233,4696.09,0
128.069,3906.49,180.717,31.008,5.15973,4634.34,0
128.758,3898.06,163.641,30.0538,9.11124,4674.94,0
129.45,3866.45,162.482,22.064,0.445509,4894.19,0
130.136,3887.27,139.854,23.8124,4.21967,4708.35,0
130.821,3879.1,118.922,21.3175,9.39511,4746.15,0
131.506,3882.74,120.397,19.6873,7.65867,4693.76,0
132.187,3884.37,112.343,40.7625,7.02772,4657.29,0
132.871,3879.94,133.917,44.2342,1.55768,4666.62,0
133.56,3878.71,143.176,22.402,0.69527,4651.8,0
134.249,3847.35,139.013,38.8347,3.6724,4861.5,0
134.938,3837.87,144.815,9.24691,4.14861,4906.89,0
135.63,3840.66,149.535,0.480286,2.59075,4861.28,0
136.315,3841.05,130.227,9.29767,7.41459,4834.06,0
136.997,3850.64,148.42,-12.4121,1.07007,4739.96,0
137.68,3826.24,140.706,-9.325,5.26201,4893.66,0
138.363,3812.24,142.252,-15.2771,5.29014,4970.71,0
139.047,3785.4,152.261,-7.49383,4.68717,5139.29,0
139.724,3780.33,146.832,1.99128,5.82718,5150.63,0
140.418,3776.41,150.659,-0.146146,4.8127,5153.1,0
141.105,3758.66,155.078,13.6765,3.9585,5253.79,0
141.789,3776.75,155.36,19.971,2.0545,5100.87,0
142.474,3787.39,150.061,40.9853,1.50397,5001.69,0
143.163,3783.46,141.766,32.0452,5.23559,5005.07,0
143.841,3790.95,148.014,21.836,2.70533,4929.43,0
144.535,3807.27,145.685,13.6328,2.17785,4792.83,0
145.225,3830.84,141.562,1.23581,1.60751,4607.76,0
145.907,3838.9,137.832,-8.65606,1.99311,4530.98,0
146.586,3812.27,131.434,18.8482,5.20166,4691.63,0
147.262,3793.68,125.79,-9.21765,7.63854,4796.33,0
147.944,3773.44,134.528,-16.5479,5.76145,4911.06,0
148.63,3754.84,123.875,-25.066,10.0966,5013.54,0
149.306,3749.71,114.356,16.5833,2.48057,5025.16,0
150.002,3761.03,106.552,-22.4217,3.94241,4926.4,0
150.677,3763.27,107.494,-28.7915,2.82459,4889.45,0
151.363,3756.19,92.7231,-33.8979,7.02462,4914.12,0
152.057,3772.84,95.416,-46.5513,2.94133,4782.13,0
152.747,3741.36,99.9267,-36.5633,4.55208,4966.64,0
153.422,3758.45,99.8364,-40.1268,2.53866,4833.37,0
154.11,3732.9,87.457,-52.5177,5.5623,4977.63,0
154.782,3727.85,96.4944,-52.2613,2.16416,4988.61,0
155.459,3731.81,93.5896,-45.6706,3.82398,4941.44,0
156.144,3750.12,95.1125,-44.4461,2.314,4802.52,0
156.842,3764.13,96.6124,-29.2545,2.75488,4691.78,0
157.526,3756.93,84.2877,-10.0269,8.66854,4717.12,0
158.21,3753.91,92.4106,-18.4366,4.48187,4715.83,0
158.889,3769.38,85.237,6.2247,5.82862,4598.31,0
159.572,3770.6,77.5227,30.6252,6.07889,4570.98,0
160.251,3786,82.2805,51.1161,0.326629,4455.49,0
160.935,3764.91,81.0722,60.0337,0.116126,4567.61,0
161.618,3791.42,42.0876,65.0359,6.19605,4384.26,0
162.309,3797.46,31.1284,62.9261,6.80423,4328.45,0
162.995,3804.36,29.11,64.8376,5.77751,4267.86,0
163.678,3799.31,35.4441,72.2721,3.13439,4280.91,0
164.363,3782.68,12.1393,88.51,1.09293,4364.26,0
165.047,3766.58,-8.48827,75.6134,6.59002,4443.71,0
165.739,3754.16,7.85578,82.1965,4.11588,4500.09,0
166.423,3755.49,6.27804,83.2457,3.58062,4473.62,0
167.118,3747.52,11.6881,67.8171,8.77183,4502.68,0
167.803,3723.71,13.944,45.4875,5.49929,4626.2,0
168.484,3746.82,17.3638,30.5234,8.29953,4470.36,0
169.17,3730.23,10.1261,39.756,6.07011,4550.27,0
169.855,3734.59,19.931,41.7436,2.43614,4506.24,0
170.542,3725.58,36.2442,22.5476,4.0126,4540.92,0
171.237,3725.02,36.24,21.7,3.86509,4525.77,0
171.918,3722.94,28.9437,5.91303,8.22601,4519.95,0
172.607,3706.85,35.7995,-5.4619,5.0418,4595.15,0
173.288,3699.95,22.3639,24.9206,5.89099,4616.88,0
173.963,3705.36,13.9614,31.7094,4.81369,4567.86,0
174.665,3691.51,28.8405,-1.04787,7.02039,4628.79,0
175.354,3678.86,33.2276,-0.773247,4.98631,4682.78,0
176.04,3672.07,21.6383,-12.5198,9.16554,4703.1,0
176.729,3663.44,22.1344,-13.6253,8.28257,4733.6,0
177.423,3658.6,-1.72197,-12.2744,2.72311,4742.34,0
178.113,3639.49,-5.50572,-2.45445,6.69313,4831.24,0
178.784,3639.17,-12.9057,-28.0333,4.68651,4814.92,0
179.475,3643.52,-34.4213,-14.5872,2.08766,4772.12,0
180.161,3639.7,-59.3244,26.5806,2.10845,4775.16,0
180.857,3636.8,-41.94,21.6173,3.54287,4772.81,0
181.534,3628.04,-44.8735,16.5587,6.77405,4803.27,0
182.228,3618.46,-51.4658,-1.60388,9.63418,4837.56,0
182.914,3601.7,-65.5,-9.60106,3.55305,4911.08,0
183.587,3596.76,-89.4447,-31.5147,2.19975,4919.97,0
184.278,3598.29,-96.3256,-8.98832,7.46752,4893.18,0
184.954,3603.13,-97.402,17.9071,7.17712,4849.17,0
185.636,3609.37,-83.4882,19.4163,5.35872,4797.72,0
186.317,3613.33,-97.986,-0.0392565,6.24875,4758.93,0
186.998,3590.42,-93.4827,16.0887,1.85158,4864.13,0
187.672,3579.82,-67.8248,20.1024,9.46043,4903.13,0
188.358,3560.5,-79.6817,38.8305,3.84363,4987.84,0
189.045,3553.49,-70.0007,68.1652,4.80167,5006.82,0
189.721,3552.11,-54.233,72.1418,6.63769,4996.26,0
190.408,3551.96,-58.8999,53.1035,8.70452,4978.97,0
191.087,3538.54,-39.9305,26.5416,1.34757,5031.53,0
191.777,3529.54,-15.6869,55.7674,4.48846,5060.36,0
192.454,3511.13,-7.01035,68.1004,1.68508,5138.2,0
193.15,3480.21,-1.25559,39.9858,5.57459,5279.78,0
193.823,3468.35,-1.87084,7.0562,2.64,5322.64,3
