0.682791,4466.65,403.16,-845.02,3.65094,48846.8,0
1.36392,4474.49,390.89,-834.635,2.66103,18704.9,0
2.04957,4469.74,383.996,-833.438,3.13321,14764.4,0
2.73601,4450.91,385.065,-818.7,5.25002,17941.9,0
3.42515,4465.31,368.932,-812.275,3.38914,10128.2,0
4.11451,4449.22,380.944,-814.269,5.00787,12341.9,0
4.80549,4457.77,355.228,-816.103,3.75438,8788.84,0
5.48871,4460.92,333.164,-802.302,3.49889,7119.32,0
6.17603,4489.84,320.682,-778.567,0.391629,1644.73,0
6.8596,4469.03,329.277,-789.312,2.69142,4515.2,0
7.54809,4459.19,303.538,-808.746,3.70888,5406.42,0
8.23831,4452.76,281.137,-834.691,3.953,5734.54,0
8.92067,4446.06,257.425,-825.412,4.74327,6046.53,0
9.60508,4433.9,235.085,-866.93,5.40237,6881.59,0
10.2888,4427.78,251.095,-880.77,5.23883,7018.99,0
10.9759,4422.72,248.369,-892.221,5.45007,7040.59,0
11.6567,4407.02,226.46,-888.49,6.76533,7976.65,0
12.3392,4400.31,243.421,-878.382,6.9251,8079.43,0
13.027,4397.11,220.008,-865.996,6.68047,7898.12,0
13.7119,4389.4,201.428,-855.065,7.05398,8065.89,0
14.3932,4366.03,203.284,-853.827,8.45209,9308.11,0
15.0748,4372.4,223.655,-856.759,6.46574,8464.56,0
15.7601,4369.59,212.735,-845.65,6.6035,8274.61,0
16.4538,4367.67,185.194,-849.251,6.07344,8042.5,0
17.1353,4385,205.236,-831.906,3.65749,6711.55,0
17.8221,4372.28,202.162,-816.589,5.0334,7166.33,0
18.51,4376.57,225.164,-831.224,3.89003,6668.21,0
19.1932,4370.47,236.651,-840.124,4.27152,6748.54,0
19.8885,4360.13,249.559,-861.063,4.98564,7032.76,0
20.5804,4359.59,232.435,-845.794,4.75838,6822.51,0
21.2805,4390.69,228.474,-867.054,0.516602,5136.85,0
21.973,4376.63,230.81,-878.85,2.06312,5614.42,0
22.6591,4362.13,234.69,-885.203,3.59254,6084.73,0
23.3375,4353.63,210.026,-884.913,4.30842,6271.95,0
24.025,4344.77,199.91,-880.635,5.16311,6461.2,0
24.7075,4360.11,196.592,-865.435,3.08655,5661.93,0
25.382,4333.87,188.344,-879.104,5.85649,6545.25,0
26.066,4315.62,171.644,-871.688,7.40744,7073.42,0
26.7462,4306.4,165.336,-871.504,7.39603,7238.49,0
27.4232,4327.55,174.078,-883.935,3.83596,6288.55,0
28.1081,4349.17,188.908,-875.457,1.10176,5366.19,0
28.7846,4331.13,168.576,-851.508,3.70592,5866.78,0
29.4596,4322,158.117,-858.08,4.63887,6042.11,0
30.1623,4309.37,152.36,-870.759,5.82056,6320.18,0
30.8447,4286.87,157.593,-885.685,7.35811,6909.83,0
31.534,4292.69,173.945,-890.458,5.59604,6574.22,0
32.2114,4281.07,179.926,-872.497,6.72284,6796.71,0
32.8937,4284.91,192.033,-855.502,5.81703,6538.85,0
33.5728,4268.13,199.608,-857.36,6.76375,6906.6,0
34.2526,4247.01,193.716,-860.926,8.28333,7385.9,0
34.9416,4264.41,192.648,-848.506,4.97073,6742.27,0
35.625,4273.87,197.829,-853.434,3.48651,6347.47,0
36.3198,4263.4,190.345,-864.827,4.3073,6514.35,0
37.0073,4252.95,183.663,-859.282,5.46133,6675.8,0
37.6962,4242,178.691,-849.096,6.54649,6844.12,0
38.3687,4238.79,172.909,-843.426,6.26114,6807.91,0
39.0553,4239.62,166.889,-881.001,5.17539,6667,0
39.7377,4223,162.953,-893.705,6.46522,6970.77,0
40.4268,4228.69,169.98,-911.514,4.64704,6711.18,0
41.1149,4220.91,167.861,-910.946,5.11463,6787.94,0
41.7988,4211.49,170.563,-884.976,5.93268,6902.36,0
42.4943,4207.59,161.519,-882.948,5.82337,6881.15,0
43.1747,4224.79,173.146,-895.888,3.04519,6374.3,0
43.8634,4235.77,169.353,-869.163,2.03249,6023.87,0
44.5467,4203.18,151.229,-878.749,5.59845,6663.11,0
45.2285,4194.32,142.227,-864.073,6.59808,6758.49,0
45.9197,4210.16,161.817,-859.919,4.17138,6311.79,0
46.6038,4221.27,160.469,-859.023,2.56548,5980.81,0
47.2996,4204.92,148.146,-828.255,5.12021,6238.6,0
47.9802,4204.97,168.538,-818.835,4.9702,6149.06,0
48.6714,4210.17,197.879,-823.094,3.50186,5954.88,0
49.3483,4225.44,203.947,-846.557,1.04311,5563.63,0
50.041,4219.7,223.988,-842.411,1.71573,5601.34,0
50.7271,4196.66,222.618,-840.659,4.54495,5979.78,0
51.4092,4196.75,194.644,-819.97,4.62544,5898.81,0
52.0942,4191.5,206.895,-818.759,4.84713,5921.92,0
52.784,4197.73,179.153,-833.327,3.64998,5726.6,0
53.47,4194.03,188.669,-803.81,4.39643,5722.25,0
54.1546,4178.18,181.823,-779.898,6.49018,5942.69,0
54.8423,4164.34,169.037,-789.149,7.33972,6120.5,0
55.5305,4174.98,150.74,-775.365,5.54297,5852.92,0
56.2227,4178.3,155.957,-772.712,4.79513,5721.86,0
56.9063,4190.2,161.674,-768.028,3.12386,5444.02,0
57.5881,4192.59,169.541,-771.154,2.60313,5338.11,0
58.2715,4194.93,172.863,-749.91,2.56125,5235.28,0
58.945,4172.64,190.58,-748.364,5.07536,5553.6,0
59.6369,4159.93,145.093,-751.425,6.28069,5702.29,0
60.3232,4152.84,154.606,-768.638,6.18006,5754.97,0
61.0101,4143.95,137.55,-779.496,6.38864,5835.87,0
61.6971,4146.5,140.33,-804.346,5.01849,5729.56,0
62.3834,4148.3,154.926,-817.835,4.20494,5637.79,0
63.0686,4147.16,153.961,-822.491,3.98425,5594.52,0
63.7567,4171.48,166.714,-807.454,0.881724,5152.78,0
64.4428,4151.86,157.544,-814.116,3.35813,5402.37,0
65.1239,4165.72,146.203,-823.474,1.30768,5133.04,0
65.8241,4126.24,105.727,-838.795,6.27359,5678.16,0
66.5115,4101.25,102.175,-805.462,9.17997,5995.18,0
67.2001,4100.91,108.345,-811.976,7.48275,5938.79,0
67.8947,4092.86,128.967,-791.17,7.73976,5996.64,0
68.5703,4106.27,127.568,-798.795,5.04923,5741.98,0
69.2533,4141.82,130.285,-756.673,1.02907,5172,0
69.9409,4128.63,122.329,-751.962,2.98559,5309.74,0
70.6296,4129.19,102.984,-754.482,2.76659,5250.11,0
71.3072,4142.18,103.907,-766.979,0.472736,5018.05,0
71.997,4140.79,97.5489,-769.408,0.631378,4989.28,0
72.6824,4140.52,38.0965,-747.405,1.39754,4945.94,0
73.3755,4138.65,32.4069,-769.633,0.999624,4924.71,0
74.0592,4144.13,16.2994,-749.483,0.776321,4805.27,0
74.7487,4150.69,49.7156,-725.736,0.467404,4673.15,0
75.4364,4133.35,51.0914,-690.521,4.08669,4860.41,0
76.1111,4130.68,76.4665,-680.272,4.71141,4852.39,0
76.8025,4139.74,84.1387,-694.231,2.76557,4690.73,0
77.4752,4121.69,88.6236,-702.54,4.83762,4883.04,0
78.1508,4126.51,75.4052,-695.34,3.94013,4779.07,0
78.836,4126.48,68.8122,-699.341,3.59511,4737.98,0
79.5191,4120.47,81.5786,-727.297,3.31457,4772.87,0
80.1954,4122.46,68.9045,-719.969,3.16854,4707.72,0
80.8745,4116.7,74.9876,-695.586,4.43247,4739.42,0
81.5625,4116.22,85.1439,-693.896,4.36302,4705.4,0
82.247,4100.9,74.5168,-694.253,5.93402,4852.42,0
82.9362,4120.81,68.0345,-712.445,2.00933,4572.03,0
83.6174,4105.25,52.8223,-725.879,3.73147,4720.96,0
84.3119,4096.04,52.7517,-730.128,4.58365,4791.24,0
84.9913,4087.89,54.7822,-719.553,5.57428,4848.84,0
85.6744,4081.2,56.2051,-755.374,4.84422,4888.23,0
86.3578,4084.59,71.1519,-732.04,4.61203,4810.3,0
87.0541,4084.59,61.3542,-741.655,4.08754,4771.91,0
87.7487,4085.84,55.1013,-777.809,2.83543,4719.86,0
88.4322,4083.27,46.1664,-740.084,3.95676,4712.37,0
89.1118,4096.33,56.6587,-739.195,1.90273,4529.89,0
89.7911,4090.5,66.8855,-774.647,1.74286,4560.54,0
90.4772,4082.82,69.2394,-761.862,3.18676,4610.89,0
91.1607,4062.86,65.7362,-782.662,5.34198,4795.26,0
91.848,4061.02,56.2574,-771.663,5.60771,4779.44,0
92.5311,4066.26,32.203,-769.496,4.17871,4687.55,0
93.2159,4060.88,39.812,-752.761,4.93672,4710.82,0
93.9064,4054.29,38.0793,-754.845,5.23288,4746.32,0
94.596,4058.15,14.3676,-738.88,5.02881,4670.91,0
95.276,4065.78,11.3507,-727.452,3.92069,4557.47,0
95.9603,4027.63,-9.83451,-740.762,8.4385,4922.51,0
96.65,4010.42,-22.6764,-755.277,9.16185,5065.53,0
97.3364,3994.33,-4.27679,-755.531,9.38105,5195.12,0
98.0233,3979.43,-5.15439,-742.531,9.60684,5310.71,0
98.713,3997.61,4.46722,-734.647,6.16174,5089.39,0
99.3974,3998.3,-22.3405,-747.27,5.14394,5047.38,0
100.077,3987.92,-21.0831,-751.583,5.867,5116.89,0
100.757,3991.46,-19.8284,-762.502,4.61868,5047.17,0
101.441,3999.76,-45.0154,-780.898,2.8844,4931.38,0
102.128,4004.33,-39.8137,-803.763,1.6257,4853.45,0
102.816,4010.94,-50.2064,-800.71,0.731418,4756.63,0
103.5,4004.32,-52.6499,-773.155,2.25158,4789.23,0
104.182,3994.03,-57.3377,-787.743,3.3585,4856.65,0
104.88,3987.77,-76.9701,-779.729,4.10743,4884,0
105.553,3999.08,-84.7471,-749.424,2.95957,4745.71,0
106.234,3983.9,-81.0967,-740.363,5.16732,4858.13,0
106.925,3969.28,-90.0007,-763.371,5.93068,4963.48,0
107.619,3988.27,-81.0255,-769.608,2.48148,4755.01,0
108.299,3998.1,-96.722,-776.231,0.763391,4634.38,0
108.987,3989.09,-100.968,-761.399,2.40209,4687.84,0
109.673,3967.63,-96.6128,-790.728,4.79943,4854.18,0
110.351,3999.07,-94.4506,-780.003,0.365163,4539.41,0
111.027,3980.51,-68.2942,-783.948,2.87897,4678.98,0
111.712,3973.6,-54.1475,-783.905,3.61131,4712.11,0
112.388,3963.78,-62.0774,-787.837,4.58659,4771.12,0
113.068,3965.98,-62.5946,-766.458,4.43163,4722.94,0
113.768,3944.17,-45.6106,-750.959,7.40909,4885.65,0
114.45,3949.65,-63.9905,-742.163,5.86805,4808.65,0
115.14,3969.12,-53.3054,-751.174,2.51087,4610.72,0
115.823,3974.87,-57.9687,-766.366,1.22623,4533.92,0
116.519,3950.84,-60.659,-759.005,4.80794,4713.05,0
117.205,3930.5,-89.597,-773.907,6.84745,4859.02,0
117.886,3943.27,-113.311,-759.654,4.66104,4722.64,0
118.568,3969.17,-85.3652,-749.755,0.953888,4476.96,0
119.25,3963.67,-59.2163,-762.282,1.47398,4497.56,0
119.932,3952.35,-58.2147,-764.276,3.09267,4566.34,0
120.61,3928.02,-65.3151,-765.837,6.33972,4742.37,0
121.293,3904.03,-67.1791,-773.032,8.38914,4913.46,0
121.979,3896.74,-60.8124,-782.841,7.88274,4945.58,0
122.66,3888.43,-56.0581,-794.451,6.99559,4985.88,0
123.338,3896.79,-40.1295,-803.83,4.99639,4890.74,0
124.02,3898.67,-39.6051,-785.24,4.76929,4848.69,0
124.705,3891.26,-24.8853,-803.219,5.257,4881.44,0
125.392,3898.16,-38.0269,-788.266,3.98583,4799.65,0
126.08,3890.05,-24.7287,-806.452,4.48593,4837.85,0
126.761,3890.22,-36.4743,-782.367,4.6587,4810.46,0
127.445,3909.47,-26.1632,-782.947,1.59668,4633.61,0
128.132,3897.2,-48.295,-805.73,2.85038,4704.55,0
128.818,3902.22,-52.5566,-823.511,1.76626,4640.49,0
129.501,3901.89,-59.7199,-859.562,1.27497,4618.55,0
130.183,3900.04,-78.234,-857.371,1.49673,4608.58,0
130.857,3908.06,-59.8954,-859.804,0.347447,4523.57,0
131.551,3882.7,-49.4581,-840.756,4.09179,4692.48,0
132.231,3888.5,-61.3753,-827.639,2.98473,4624.45,0
132.916,3883.03,-47.0989,-804.577,4.1269,4641.79,0
133.601,3898.47,-61.8619,-807.163,1.5265,4502.42,0
134.284,3876.35,-65.3656,-810.149,4.50171,4644.28,0
134.965,3888.2,-88.5045,-813.215,2.48879,4533.01,0
135.638,3886.03,-60.1798,-782.561,3.06273,4526.49,0
136.316,3878.59,-23.6761,-774.895,4.05269,4558.6,0
136.997,3861.02,0.561026,-788.444,6.21215,4664.16,0
137.689,3871.61,1.34104,-778.978,4.42279,4563.81,0
138.367,3868.08,-10.02,-781.957,4.68457,4567,0
139.049,3861.01,-1.47821,-796.499,5.12205,4595.45,0
139.736,3859.79,22.9138,-795.095,5.06318,4581.55,0
140.434,3859.8,32.536,-800.417,4.54973,4558.71,0
141.116,3840.4,34.6884,-789.855,7.47343,4674.14,0
141.795,3851.57,20.9392,-799.178,4.9378,4572.98,0
142.491,3846.58,22.1626,-801.766,5.18289,4585.71,0
143.176,3827.18,35.0864,-783.54,7.18855,4699.25,0
143.851,3824.27,25.8535,-790.646,6.66686,4697.42,0
144.535,3819.04,29.4455,-796.701,6.3619,4711.38,0
145.226,3825.37,6.82036,-789.637,5.13103,4645.36,0
145.91,3823.25,-8.83283,-802.56,4.65306,4638.12,0
146.593,3815.46,-5.47729,-792.907,5.38862,4669.67,0
147.279,3805.07,-3.42188,-797.046,6.36833,4718.46,0
147.957,3822.35,20.4677,-770.684,3.72886,4580.07,0
148.645,3793.67,6.03409,-780.34,7.15768,4751.77,0
149.321,3812.72,26.3075,-774.519,3.44548,4602.73,0
150.003,3806.95,19.4095,-763.216,4.36555,4620.21,0
150.685,3805.25,22.4003,-746.798,4.70544,4610.61,0
151.364,3786.37,12.0485,-747.35,7.26134,4714.68,0
152.054,3783.29,6.926,-750.187,6.94093,4713.53,0
152.732,3782.49,-5.33261,-762.157,6.10388,4697.81,0
153.414,3779.22,-5.28602,-763.199,6.15998,4698.28,0
154.103,3794.07,-5.53397,-721.608,4.06073,4580.93,0
154.785,3793.35,-23.7729,-733.215,3.6162,4565.41,0
155.474,3785.42,-39.8494,-721.721,4.85508,4596.13,0
156.156,3764.68,-25.6836,-734.73,7.31618,4708.86,0
156.84,3750.58,-19.6221,-736.279,7.9989,4778.23,0
157.525,3741.52,-12.7744,-718.885,8.51747,4814.96,0
158.206,3740.63,-8.18848,-734.238,7.36371,4799.87,0
158.893,3717.1,-45.426,-742.978,9.70296,4927.23,0
159.582,3721.86,-60.3922,-761.708,7.09612,4876.13,0
160.284,3728.19,-49.1894,-765.264,5.25687,4815.27,0
160.975,3721.96,-38.6748,-761.809,5.88377,4833.32,0
161.656,3727.33,-36.1107,-772.371,4.36441,4779.76,0
162.339,3746.06,-33.8458,-789.559,1.0542,4644.25,0
163.029,3746.84,-49.4089,-814.189,0.60904,4619.78,0
163.721,3742.43,-13.5147,-834.155,1.0025,4627.2,0
164.4,3706.75,-12.9085,-854.404,5.74224,4825.13,0
165.091,3702.66,-19.3383,-864.938,5.58684,4829.74,0
165.782,3701.87,-26.3021,-864.59,5.2643,4814.3,0
166.458,3707.26,-8.65533,-876.167,4.08451,4762.39,0
167.143,3690.87,6.57505,-894.7,5.63028,4840.98,0
167.827,3687,4.93152,-900.14,5.77791,4844.26,0
168.507,3679.69,-5.58439,-903.86,6.39841,4868.09,0
169.185,3677.36,5.59421,-910.713,5.99652,4862.36,0
169.864,3667.15,19.8079,-890.833,6.80209,4903.07,0
170.551,3664.82,38.5981,-900.074,6.19135,4896.97,0
171.232,3677.07,38.841,-900.979,4.07907,4805.92,0
171.928,3673.36,31.1938,-888.822,4.49319,4808.04,0
172.611,3667.96,11.031,-875.414,5.11772,4820.28,0
173.303,3656.58,6.36477,-870.491,6.33686,4866.71,0
173.972,3648.14,15.8005,-851.917,6.86178,4896.54,0
174.655,3660.06,16.5959,-842.731,4.73484,4809.12,0
175.337,3654.58,15.9882,-836.198,5.4605,4821.65,0
176.015,3641.55,10.3091,-832.669,6.52726,4877.17,0
176.695,3641.37,28.5739,-834.95,5.65895,4859.37,0
177.379,3645.31,24.5956,-817.88,4.74254,4818.45,0
178.061,3651.71,35.0398,-807.318,3.72474,4764.03,0
178.743,3637.26,35.8487,-799.34,5.71955,4826.72,0
179.436,3638.49,43.9154,-793.793,5.08911,4801.22,0
180.125,3657.93,77.3213,-807.738,1.79996,4674.89,0
180.805,3641.23,84.4641,-820.448,4.22461,4749.68,0
181.502,3660.14,86.43,-845.37,1.10169,4627.27,0
182.18,3648.74,71.717,-869.812,2.593,4672.62,0
182.875,3654.69,74.4392,-852.257,1.91018,4622.36,0
183.558,3650.12,123.636,-854.038,2.41639,4630.02,0
184.244,3650.42,116.068,-885.592,2.09458,4611.16,0
184.926,3630.19,120.679,-882.973,4.83599,4703.56,0
185.608,3630.48,125.743,-867.882,4.54821,4684.69,0
186.28,3629.54,105.67,-884.695,4.52097,4672.88,0
186.968,3637.29,88.5824,-889.548,3.30521,4614.19,0
187.657,3658.49,94.1524,-907.182,0.102554,4484.28,0
188.348,3649.33,109.537,-932.016,1.13836,4516.49,0
189.035,3627.53,140.913,-937.004,4.07581,4615.4,0
189.717,3627.96,123.856,-925.645,3.77566,4596.55,0
190.406,3595.42,126.118,-922.892,7.63932,4750.81,0
191.09,3596.39,133.057,-907.739,6.18067,4728.71,0
191.788,3589.17,120.898,-912.925,6.4104,4749.15,0
192.465,3614.2,91.4814,-928.311,2.41029,4602.41,0
193.149,3624.18,98.6947,-988.001,0.854932,4534.41,0
193.824,3615.14,71.5103,-987.968,1.98951,4565.26,0
194.51,3606.32,65.7544,-970.022,3.05641,4594.53,0
195.189,3605.02,76.4674,-1002.08,3.02927,4585.17,0
195.867,3595.07,62.7392,-999.613,4.18618,4620.12,0
196.556,3602.89,58.2311,-1006.83,3.04324,4564.17,0
197.239,3592.14,69.0534,-1021.37,4.32819,4602.85,0
197.922,3578.59,72.5953,-1003.25,5.92927,4655.43,0
198.611,3554.72,71.8097,-1004,8.00573,4759.46,0
199.298,3560.46,67.2224,-1021.51,6.31033,4714.22,0
199.971,3577.89,72.9744,-1029.71,3.51742,4611.22,0
200.65,3571.48,56.8783,-1017.66,4.21834,4627.58,0
201.342,3574.52,31.9053,-1027.52,3.53497,4596.59,0
202.029,3558.11,54.7613,-1021.99,5.53362,4662.15,0
202.711,3571.4,66.2829,-1025.6,3.17401,4580.88,0
203.397,3563,81.8163,-1031.06,4.16247,4606.76,0
204.089,3559.9,82.8905,-1019.05,4.3253,4606.34,0
204.769,3567.45,74.635,-1016.12,3.17047,4554.15,0
205.45,3556.98,85.7801,-1035.36,4.42383,4590.03,0
206.142,3564.88,66.5228,-1039.26,3.16055,4536.29,0
206.82,3577.34,57.0114,-1006.46,1.41857,4461.19,0
207.513,3561.52,86.3619,-1011.42,3.44209,4522.52,0
208.193,3544.55,89.699,-1024.16,5.41099,4589.28,0
208.879,3545.8,72.2549,-1037.26,4.84527,4568.21,0
209.556,3551.2,74.4422,-1054.69,4.03591,4527.66,0
210.237,3556.97,60.4086,-1076.47,3.09112,4485.55,0
210.926,3550.97,53.3841,-1063.15,3.71958,4499.34,0
211.6,3540.1,69.8733,-1076.83,4.96169,4536.38,0
212.289,3559.34,74.1275,-1078.1,2.27402,4431.04,0
212.971,3553.28,59.5935,-1084.83,2.94568,4445.29,0
213.653,3564.1,63.4745,-1108.83,1.45588,4380.49,0
214.335,3558.81,62.5538,-1120.1,2.12859,4391.22,0
215.027,3557.86,97.7091,-1142.08,2.19826,4381.49,0
215.705,3568.27,91.8236,-1119.3,0.87711,4319.46,0
216.393,3543.23,84.4129,-1121.66,4.09328,4421.45,0
217.078,3535.89,86.9587,-1110.27,4.73128,4441.31,0
217.76,3564.01,72.9795,-1087.43,0.869392,4298.26,0
218.437,3541.76,55.0997,-1088.3,3.64984,4386.79,0
219.127,3535.72,56.778,-1120.02,4.29457,4400.55,0
219.807,3539.77,38.0805,-1137.33,3.59611,4368.5,0
220.488,3538.36,-2.53846,-1113.46,3.65356,4361.41,0
221.173,3525.09,5.46679,-1117.36,5.2272,4407.91,0
221.872,3529.31,-0.440069,-1113.26,4.52607,4375.02,0
222.559,3527.99,11.4413,-1122.11,4.30735,4367.45,0
223.248,3547.76,-10.3767,-1134.43,1.56142,4265.41,0
223.932,3551.06,-1.09889,-1137.46,1.10218,4237.64,0
224.609,3535.3,22.2645,-1136.03,3.14539,4295.03,0
225.296,3551.98,34.1508,-1131.35,0.958719,4207.87,0
225.989,3542.27,51.3982,-1154.79,2.08518,4237.97,0
226.659,3554.38,56.2326,-1124.83,0.498325,4171.98,0
227.337,3546.47,73.6624,-1131.85,1.51454,4194.34,0
228.019,3554.91,76.2773,-1100.57,0.417563,4144.8,0
228.7,3535.5,48.8548,-1114.25,2.94502,4217.31,0
229.391,3518.62,49.5195,-1105.33,5.12487,4278.19,0
230.074,3517.67,76.6552,-1110.88,4.87649,4269.65,0
230.752,3508.84,62.4824,-1105.19,5.53057,4295.35,0
231.443,3516.51,86.9073,-1097.29,4.05645,4249.4,0
232.124,3503.5,101.269,-1095.66,5.41277,4292.97,0
232.803,3513.53,109.474,-1100.17,3.41288,4237.37,0
233.485,3503.91,124.711,-1064.31,4.59718,4266.17,0
234.166,3514.41,110.202,-1050.72,3.11571,4208.93,0
234.853,3515.21,122.79,-1024.32,2.91517,4193.22,0
235.528,3510.65,135.901,-1035.04,3.44662,4200.56,0
236.217,3511.48,110.339,-1045.47,3.28572,4184.81,0
236.912,3519.65,118.823,-1053.35,2.06542,4138.02,0
237.603,3517.42,84.1826,-1052.22,2.3522,4135.37,0
238.294,3529.04,84.7175,-1036.62,0.797101,4074.61,0
238.977,3520.91,75.5063,-1036.37,1.84913,4096.99,0
239.666,3487.14,109.965,-1032.32,5.9811,4226.1,0
240.353,3492.09,107.7,-1014.57,4.97719,4193.46,0
241.043,3492.06,100.233,-1004.86,4.70259,4181.57,0
241.727,3499.09,91.8413,-1009.16,3.6684,4140.67,0
242.408,3504.19,109.884,-1015.6,2.91934,4108.01,0
243.105,3503.23,127.871,-1025.11,3.04439,4100.15,0
243.786,3499.82,113.703,-997.859,3.38275,4102.71,0
244.474,3510.13,82.2185,-959.478,2.07924,4048.98,0
245.165,3524.73,88.3272,-989.39,0.132931,3978.01,0
245.849,3507.35,102.793,-992.001,2.3457,4037.63,0
246.537,3496.71,87.6064,-994.468,3.52907,4069.55,0
247.215,3499.25,151.174,-973.196,3.16909,4048.08,0
247.897,3496.09,140.652,-980.506,3.34075,4049.7,0
248.571,3505.76,125.486,-975.051,2.08798,3999.81,0
249.263,3502.97,138.17,-990.318,2.22137,3999.92,0
249.944,3500.07,148.582,-1000.69,2.24093,4000.63,0
250.635,3485.59,104.119,-983.885,4.07074,4047.37,0
251.323,3478.84,136.362,-980.459,4.56853,4063.16,0
252.005,3488.36,130.938,-982.803,3.23723,4014.35,0
252.694,3484.23,147.677,-992.659,3.50767,4019.79,0
253.374,3489.82,142.427,-986.572,2.8135,3986.92,0
254.051,3482.32,112.012,-963.419,3.87443,4005.82,0
254.747,3492.95,116.046,-969.969,2.34231,3953.12,0
255.429,3498.41,84.2231,-956.981,1.76825,3921.19,0
256.115,3469.72,64.7931,-946.573,5.08067,4022.74,0
256.814,3476.09,60.439,-939.187,3.96192,3986.98,0
257.498,3451.66,63.4534,-930.166,6.67586,4071.24,0
258.192,3455.8,73.6845,-916.183,5.65991,4044.27,0
258.878,3451.78,85.3268,-908.975,5.85,4049.08,0
259.555,3443.59,81.6326,-912.913,6.07764,4070.08,0
260.237,3444.12,78.0146,-909.329,5.33243,4057.38,0
260.926,3428.42,92.0832,-902.155,6.57926,4106.84,0
261.612,3431.88,92.5782,-903.752,5.35982,4082.84,0
262.293,3420.35,93.1866,-923.446,5.86891,4116.18,0
262.976,3426.61,90.6609,-911.935,4.57968,4081.72,0
263.657,3416.45,60.8924,-892.985,5.8513,4109.69,0
264.337,3407.4,83.3573,-883.013,6.61331,4133.38,0
265.023,3420.43,82.4428,-890.84,4.29273,4073.48,0
265.713,3424.29,75.456,-889.203,3.57841,4048.38,0
266.414,3422,78.7444,-886.717,3.74251,4046.34,0
267.096,3438.04,91.0707,-888.268,1.69256,3975.95,0
267.79,3438.45,97.9777,-891.032,1.52216,3964.11,0
268.473,3435.88,63.4485,-891.978,1.87298,3963.6,0
269.156,3414.9,59.5735,-893.651,4.33334,4031.5,0
269.843,3428.01,68.6107,-901.882,2.40155,3972.63,0
270.525,3418.59,95.6086,-897.146,3.35072,3997.43,0
271.203,3411.55,131.692,-912.4,3.67163,4013.4,0
271.888,3397.02,143.093,-895.83,5.36377,4056.74,0
272.571,3386.93,149.84,-904.653,5.71543,4083.61,0
273.252,3373.47,124.378,-896.303,6.80851,4122.66,0
273.931,3377.01,110.4,-875.596,5.57289,4099.52,0
274.62,3385.01,115.577,-881.427,4.0515,4060.12,0
275.296,3368.48,95.7294,-870.016,5.99357,4110.18,0
275.988,3373.58,102.288,-861.937,4.65095,4081.42,0
276.663,3366.07,92.417,-851.077,5.52322,4098.58,0
277.339,3335.72,68.8361,-862.709,8.08647,4198.04,0
278.026,3318.19,64.2663,-853.644,9.14062,4250.72,0
278.713,3324.39,89.2905,-854.019,6.45003,4217.99,0
279.396,3329.31,73.4034,-854.696,5.44039,4190.06,0
280.082,3324.08,76.1523,-854.819,5.52591,4198.48,0
280.757,3316.77,92.408,-851.006,5.94085,4214.43,0
281.445,3310.21,98.1258,-843.462,6.09343,4227.45,0
282.115,3322.49,113.528,-847.779,4.11855,4173.87,0
282.796,3320.12,109.124,-871.89,3.70206,4172.2,0
283.477,3317.69,104.718,-864.889,3.94738,4170.73,0
284.163,3315.1,101.785,-848.746,4.39754,4169.8,0
284.854,3318.95,99.4929,-826.732,4.19324,4146.17,0
285.544,3312.86,107.126,-831.21,4.47661,4157.47,0
286.227,3296.81,121.253,-836.955,5.73229,4203.63,0
286.903,3303.66,103.225,-852.391,4.2697,4169.85,0
287.589,3293.3,110.153,-857.055,5.12427,4195.91,0
288.266,3304.02,109.273,-880.799,3.24907,4148.87,0
288.941,3323.83,58.1536,-885.56,0.666034,4070.62,0
289.627,3300.11,49.68,-919.865,3.06826,4142.89,0
290.312,3311.27,57.4676,-914.526,1.7343,4094.68,0
291.001,3282.11,56.4143,-892.694,5.43171,4185.16,0
291.682,3271.24,38.5463,-896.67,6.14679,4212.67,0
292.37,3255.17,21.6426,-896.614,7.05609,4257.73,0
293.058,3226.72,14.9088,-887.891,9.68278,4344.79,0
293.737,3220.51,12.3448,-885.018,8.46341,4355.89,0
294.417,3233.87,22.9173,-885.592,5.99217,4300.48,0
295.086,3235.25,24.3075,-870.203,5.36596,4286.04,0
295.784,3258.09,37.5641,-854.917,2.33215,4198.72,0
296.463,3253.6,77.2831,-862.567,2.72163,4204.24,0
297.158,3249.62,73.2037,-864.706,2.94582,4207.79,0
297.846,3230.55,65.9294,-877.931,5.0253,4262.11,0
298.539,3257.52,88.0753,-888.267,1.22877,4161.86,0
299.229,3251.84,79.4718,-909.702,1.60822,4171.27,0
299.919,3239.16,76.4728,-886.069,3.54062,4203.94,0
300.602,3247.89,63.9613,-896.869,2.18261,4165.33,0
301.296,3246.94,54.2448,-882.711,2.49633,4158.88,0
301.986,3255.62,45.5604,-898.549,1.07899,4120.65,0
302.671,3252.52,48.1556,-899.384,1.45326,4121.58,0
303.344,3253.6,58.4732,-875.708,1.67096,4108.86,0
304.04,3236.69,66.1008,-861.344,3.95169,4155.08,0
304.726,3248.27,74.3601,-848.511,2.17807,4107.74,0
305.406,3251.98,111.535,-860.061,1.39225,4086.43,0
306.099,3239.67,90.9875,-854.633,2.98999,4117.41,0
306.788,3239.36,105.471,-847.509,3.03666,4109.15,0
307.474,3255.57,96.8472,-888.252,0.202932,4047.26,0
308.169,3234.93,116.672,-875.742,2.7845,4105.11,0
308.851,3231.47,113.072,-887.727,2.889,4107.26,0
309.526,3237.78,99.6854,-874.909,2.2571,4077.92,0
310.207,3237.31,89.9076,-864.328,2.43715,4070.47,0
310.899,3246.38,59.6613,-890.927,0.819657,4032.26,0
311.589,3239.1,60.9988,-877.117,1.87778,4046.69,0
312.264,3252.92,85.909,-857.483,0.438069,3993.69,0
312.94,3218.45,80.6866,-850.149,4.92426,4095.21,0
313.626,3204.07,78.1421,-846.532,6.19243,4132.08,0
314.312,3220.8,60.2634,-855.908,3.2682,4069.85,0
314.99,3217.85,40.8504,-860.578,3.42588,4070.44,0
315.672,3212.33,36.3051,-874.775,3.75718,4079.14,0
316.361,3215.86,33.5078,-892.246,2.87252,4059.11,0
317.046,3202.05,51.3545,-888.333,4.59554,4093.88,0
317.735,3208.57,54.61,-903.815,3.3027,4064.47,0
318.416,3223.12,56.6132,-887.419,1.6759,4010.09,0
319.113,3204.81,60.8364,-917.346,3.4579,4058.74,0
319.81,3218.86,53.6303,-909.733,1.68719,4005.94,0
320.507,3210.85,46.9385,-903.154,2.81847,4022.23,0
321.192,3208.43,65.7136,-908.617,2.87689,4021.17,0
321.871,3209.05,101.49,-933.87,2.23819,4010.75,0
322.559,3213.61,121.003,-962.772,1.20527,3988.06,0
323.248,3209.67,100.572,-974.969,1.53354,3991.77,0
323.924,3208.13,97.7636,-993.776,1.49451,3988.2,0
324.622,3191.66,109.736,-995.603,3.49972,4030.34,0
325.305,3197.91,140.791,-989.926,2.71299,4002.66,0
325.99,3202.5,138.799,-999.37,2.02232,3980.19,0
326.677,3209.02,163.82,-1024.59,0.808915,3951.85,0
327.358,3190.73,195.524,-1030.48,2.90587,3999.51,0
328.043,3200.5,205.966,-1028.97,1.52319,3961.38,0
328.731,3187.21,243.792,-1012.37,3.22035,3993.52,0
329.43,3171.07,233.154,-1024.8,4.79522,4034.02,0
330.118,3174.47,223.355,-1064.55,3.72609,4015.31,0
330.809,3150.28,208.086,-1072.87,6.12848,4080.06,0
331.492,3146.66,227.556,-1067.01,6.23779,4082.58,0
332.174,3176.32,232.297,-1055.65,2.43746,3984.9,0
332.867,3179.29,239.86,-1052.68,2.08053,3967.68,0
333.548,3179.1,258.197,-1061.93,1.91851,3960.14,0
334.24,3167.18,293.805,-1035.68,3.51893,3987.62,0
334.919,3189.2,313.871,-1018.95,0.784246,3913.79,0
335.597,3172.59,324.885,-1078.26,2.152,3955.35,0
336.283,3161.53,331.671,-1083.39,3.33857,3980.18,0
336.972,3150.29,339.97,-1070.03,4.5786,4005.4,0
337.659,3163.02,336.407,-1060.08,2.8302,3959.55,0
338.338,3149.77,322.857,-1090.86,3.86684,3990.77,0
339.022,3171.63,320.077,-1118.93,0.856046,3918.24,0
339.706,3167.33,331.7,-1100.68,1.48255,3923.02,0
340.391,3159.6,317.333,-1140.81,2.02429,3937.83,0
341.071,3148.68,291.055,-1130.36,3.4958,3961.99,0
341.762,3166.32,284.484,-1115,1.31738,3902.35,0
342.447,3154.78,308.094,-1103.1,2.76272,3928.25,0
343.135,3141.12,318.432,-1089.29,4.20618,3960.2,0
343.826,3131.99,316.137,-1087.08,5.05987,3978.78,0
344.511,3155.72,316.761,-1069.67,1.93009,3902,0
345.193,3134.68,330.182,-1051.4,4.53652,3955.25,0
345.88,3136.68,321.076,-1046.5,4.11495,3941.59,0
346.562,3121.22,331.589,-1061.81,5.59036,3978.45,0
347.255,3123.68,341.729,-1055.31,4.84177,3963.43,0
347.937,3127.93,339.992,-1078.72,3.76134,3943.45,0
348.629,3137.62,332.591,-1071.73,2.5218,3907.81,0
349.316,3113.88,344.664,-1072.3,5.15513,3968.11,0
349.998,3125.04,323.587,-1055.03,3.72082,3928.47,0
350.682,3123,326.197,-1053.09,3.71548,3926.65,0
351.376,3119.44,310.2,-1071,3.50783,3929,0
352.062,3103.17,293.361,-1070.51,5.37396,3967.56,0
352.743,3101.57,293.131,-1081.11,4.79046,3964.45,0
353.429,3098.33,275.954,-1071.51,5.06387,3965.92,0
354.126,3126.82,303.308,-1059.28,1.36925,3877.67,0
354.801,3112.19,314.301,-1072.98,3.04986,3911.52,0
355.485,3099.22,288.54,-1049.69,4.79636,3940.47,0
356.172,3098.09,291.011,-1051.13,4.57272,3936.05,0
356.845,3107.52,286.344,-1038.48,3.07422,3902.19,0
357.526,3127.35,283.149,-1069.82,0.22314,3839.3,0
358.2,3108.88,288.786,-1071.11,2.48043,3883.65,0
358.884,3126.64,275.511,-1049.52,0.516903,3826.75,0
359.567,3120.35,283.243,-1046.32,1.29556,3836.97,0
360.259,3127.18,256.232,-1066.72,0.303273,3810.64,0
360.944,3098.89,288.455,-1078.17,3.57113,3881.78,0
361.627,3082.76,274.79,-1076.07,5.15905,3919.07,0
362.312,3099.84,288.298,-1090.82,2.67708,3864.5,0
362.997,3095.56,292.055,-1098.94,3.09793,3869.02,0
363.687,3083.98,311.259,-1081,4.32071,3893.51,0
364.371,3090.61,326.827,-1083.29,3.32804,3868.01,0
365.052,3083.14,309.159,-1090.29,4.07829,3881.26,0
365.746,3085.84,303.793,-1080.86,3.63911,3866.5,0
366.424,3084.45,284.313,-1127.64,3.28054,3863.17,0
367.103,3062.47,289.241,-1109.93,5.94244,3915.89,0
367.792,3082.68,275.213,-1109.27,3.21647,3853.59,0
368.466,3091.85,305.751,-1105.59,1.93211,3821.65,0
369.16,3091.79,293.015,-1077.66,2.22429,3814.62,0
369.836,3090.2,301.384,-1072.18,2.37224,3811.97,0
370.524,3074.4,337.196,-1064.56,4.22707,3847.51,0
371.203,3074.2,343.371,-1058.46,4.12565,3841.02,0
371.88,3061.49,336.044,-1042.2,5.58513,3868.21,0
372.56,3045.91,345.511,-1042.83,6.78393,3902.96,0
373.252,3042.93,377.343,-1040.8,6.32279,3903.72,0
373.942,3036.59,404.268,-1038.49,6.08808,3913.46,0
374.635,3068.73,403.759,-1009.47,2.09005,3820.43,0
375.307,3046.28,403.966,-1027.01,4.74766,3873.43,0
375.984,3036.9,413.406,-983.754,5.82251,3891.39,0
376.67,3041.14,430.894,-969.641,4.65944,3873.05,0
377.357,3039.8,435.129,-963.906,4.52553,3869.54,0
378.044,3057.95,445.462,-961.723,2.11185,3814.51,0
378.716,3057.03,467.579,-958.369,2.145,3810.15,0
379.401,3071.57,439.231,-961.863,0.39085,3764.95,0
380.087,3043.54,452.627,-958.126,3.7033,3831.92,0
380.774,3029.28,444.157,-958.341,5.26896,3862.44,0
381.457,3056.35,441.385,-975.324,1.53259,3784.56,0
382.136,3028.22,416.516,-987.851,4.86191,3851.46,0
382.82,3011.37,411.055,-992.283,6.46964,3888.59,0
383.516,3024.45,397.136,-984.365,4.60988,3847.43,0
384.197,3023.19,401.286,-998.474,4.26597,3843.89,0
384.887,3010.42,401.773,-986.397,5.66566,3870.17,0
385.58,3011.34,414.152,-982.164,5.01142,3860.84,0
386.267,3005.38,398.984,-977.449,5.4994,3869.38,0
386.948,2999.54,400.147,-978.719,5.81731,3877.67,0
387.635,2987.97,384.839,-994.859,6.47154,3900.65,0
388.33,2996.99,402.192,-1002.25,4.3945,3870.44,0
389.017,2993.5,390.416,-1012.73,4.52441,3872.59,0
389.712,3000.8,374.676,-1039.98,3.08166,3846.93,0
390.399,2959.56,374.109,-1032.69,7.63561,3945.8,0
391.079,2983.87,374.34,-1023.98,3.86831,3876.78,0
391.754,2985.75,382.31,-1024.16,3.45174,3865.3,0
392.441,2979.54,368.169,-1025.7,4.20064,3874.37,0
393.113,2975.02,380.387,-1045.98,4.01748,3879.25,0
393.785,2981.02,389.713,-1019.85,3.30394,3857.39,0
394.459,2975.96,378.169,-1050.03,3.58559,3863.63,0
395.135,2996.74,381.135,-1049.39,0.916537,3804.42,0
395.818,2976.71,373.712,-1019.07,3.64397,3848.46,0
396.507,2984.28,364.864,-1028.35,2.43526,3822.69,0
397.191,2968.51,359.639,-1032.35,4.00402,3855.81,0
397.875,2967.25,311.913,-1023.41,4.05137,3852.35,0
398.561,2949.53,292.472,-1011.73,5.91814,3890.18,0
399.241,2939.02,286.859,-1012.57,6.42851,3909.87,0
399.918,2940.35,287.582,-995.035,5.82511,3899.94,0
400.604,2945.32,288.257,-978.832,4.96083,3880.84,0
401.289,2923.1,280.613,-985.743,6.84488,3929.58,0
401.977,2929.4,266.846,-1004.64,5.38684,3907.19,0
402.666,2908.39,267.623,-1008.63,7.19847,3952.69,0
403.35,2906.76,281.618,-999.485,6.57787,3950,0
404.043,2898.26,281.481,-995.869,6.79605,3964.28,0
404.725,2877.09,290.38,-987.281,8.43023,4009.91,0
405.404,2894.5,301.374,-977.78,5.16353,3960.25,0
406.083,2889.89,304.155,-1001.43,4.80911,3964.96,0
406.774,2905.01,284.975,-1011.32,2.81766,3921.06,0
407.468,2912.47,255.54,-1032.12,1.72893,3896.09,0
408.146,2920.39,247.755,-1021.02,0.798725,3870.21,0
408.83,2895.84,254.389,-1005.24,3.9918,3923.79,0
409.512,2884.13,251.806,-1013.12,4.7732,3945.84,0
410.194,2881.63,265.084,-1003.69,4.82278,3945.36,0
410.892,2900.29,280.289,-1011.23,2.30018,3893.27,0
411.567,2905,275.07,-1031.58,1.54317,3875.43,0
412.265,2892.24,288.667,-1045.14,2.96954,3899.83,0
412.955,2873.3,283.954,-1060.64,5.06861,3939.18,0
413.631,2901.87,309.377,-1054.49,1.17911,3863.67,0
414.309,2900.52,296.017,-1057.57,1.23676,3860.59,0
414.993,2892.13,329.61,-1036.94,2.2006,3874.44,0
415.684,2897.47,302.865,-1032.34,1.51837,3855.17,0
416.364,2876.3,309.058,-1018.32,4.20628,3899.7,0
417.048,2874.66,268.7,-1019.93,4.23721,3897.24,0
417.732,2867.66,269.852,-1034.7,4.69272,3907.62,0
418.418,2855.75,261.431,-1044,5.64878,3929.69,0
419.115,2847.42,262.631,-1050.18,6.10893,3943.03,0
419.802,2848.04,262.116,-1040.8,5.6597,3935.1,0
420.496,2859.59,261.208,-1016.54,3.94132,3901.13,0
421.18,2855.72,273.726,-1023.52,3.99231,3903.98,0
421.867,2850.97,275.282,-998.795,4.61122,3908.88,0
422.559,2879.55,290.91,-986.505,0.800676,3834.86,0
423.234,2884.21,282.232,-1011.22,0.0248003,3817.73,0
423.914,2859.47,284.248,-993.371,3.31734,3869.97,0
424.585,2850.93,259.564,-991.103,4.37249,3883.97,0
425.275,2847.92,260.85,-990.614,4.66058,3884.72,0
425.962,2837.41,273.437,-1008.05,5.55054,3903.15,0
426.653,2849.85,279.601,-1017.59,3.6726,3867.67,0
427.344,2860.67,308.53,-1008.46,2.06292,3836.08,0
428.028,2845.09,318.417,-1016.76,3.84034,3866.36,0
428.704,2861.86,311.736,-992.797,1.80385,3821.13,0
429.388,2852.19,317.727,-1019.34,2.83532,3837.57,0
430.075,2838.49,312.005,-1024.46,4.5499,3863.31,0
430.765,2835.43,305.989,-1027.38,4.70821,3864.23,0
431.455,2826.97,296.765,-1019.87,5.56187,3877.65,0
432.14,2809.57,298.323,-1027.23,7.11641,3911.76,0
432.822,2827.89,317.097,-1053.55,3.9307,3863.28,0
433.502,2814.08,338.425,-1055.51,5.27892,3889.07,0
434.185,2805.75,358.297,-1022.6,6.01358,3902.13,0
434.878,2812.59,354.626,-1019.57,4.61508,3880.19,0
435.565,2804.55,351.49,-1005.02,5.39931,3892.53,0
436.245,2793.01,339.156,-1019.23,6.24879,3912.91,0
436.936,2788.24,359.151,-1029.25,6.17575,3917.65,0
437.632,2790.26,349.571,-1019.09,5.29157,3906.8,0
438.32,2795.29,351.366,-1022.41,4.34576,3889.19,0
438.998,2781.02,370.468,-1012.68,5.61331,3915.69,0
439.684,2779.36,373.179,-1014.93,5.18535,3913.35,0
440.37,2798.42,376.766,-1004.43,2.53496,3863.98,0
441.061,2803.34,380.661,-987.457,1.97779,3846.77,0
441.749,2780.89,332.13,-998.508,4.84805,3891.6,0
442.44,2766.51,315.023,-992.169,6.24313,3918.03,0
443.12,2773.77,324.825,-980.348,4.88153,3895.63,0
443.802,2760.92,315.956,-971.024,6.07332,3918.59,0
444.498,2761.84,330.054,-951.202,5.43355,3910.38,0
445.19,2739.27,319.85,-958.328,7.49797,3955.01,0
445.882,2748.75,322.057,-969.913,5.48337,3927.6,0
446.555,2742.76,307.811,-962.445,5.87277,3935.11,0
447.238,2736.04,289.865,-963.349,6.20077,3944.11,0
447.929,2730.87,286.671,-984.286,6.13526,3949.58,0
448.617,2717.51,264.488,-1000.05,7.06458,3973.31,0
449.308,2728.96,279.386,-1010.9,4.86671,3941.71,0
449.992,2710.74,277.739,-1006.91,6.42103,3976.19,0
450.685,2717.16,261.388,-1017.06,4.6546,3955.84,0
451.368,2711.63,272.509,-1007.98,4.93339,3962.11,0
452.047,2709.12,281.15,-954.826,5.09138,3961.71,0
452.725,2714.97,293.664,-984.62,3.93077,3942.86,0
453.42,2712.44,279.162,-970.313,4.30896,3942.39,0
454.105,2737.74,288.044,-966.688,0.921708,3880.74,0
454.799,2725.72,267.719,-941.311,2.59989,3901.23,0
455.485,2711.36,268.071,-944.72,4.28939,3926.89,0
456.157,2688.03,263.003,-917.193,7.05512,3972.25,0
456.844,2700.76,263.663,-926.126,4.46657,3938.42,0
457.525,2673.89,261.831,-935.894,7.28616,3991.29,0
458.21,2674.89,267.165,-931.268,6.33842,3983.14,0
458.886,2686.57,284.172,-919.272,4.37053,3951.81,0
459.575,2673.51,283.547,-931.32,5.53629,3974.3,0
460.248,2680.15,289.904,-935.106,3.98159,3954.07,0
460.934,2688.7,296.208,-964.131,2.57929,3929.64,0
461.616,2669.02,293.012,-946.573,5.07646,3966.46,0
462.307,2664.82,285.479,-966.99,4.84502,3969.62,0
462.994,2657.49,279.601,-960.254,5.23768,3979.55,0
463.675,2663.6,255.193,-964.294,4.04998,3960.54,0
464.357,2650.81,245.969,-940.61,5.56564,3982.27,0
465.045,2658.54,225.411,-953.64,3.99544,3959.75,0
465.74,2649,239.598,-978.424,4.78942,3974.32,0
466.418,2642.1,221.14,-998.857,5.30016,3983.34,0
467.098,2650.7,224.16,-983.095,3.9206,3959.12,0
467.787,2659.51,234.672,-970.357,2.64453,3934.46,0
468.476,2649.8,225.769,-961.124,3.81253,3949.4,0
469.165,2664.61,246.958,-942.789,1.74494,3912.03,0
469.837,2645.72,249.307,-947.829,4.17317,3946.64,0
470.512,2631.58,255.548,-944.742,5.7585,3971.03,0
471.195,2632.6,261.714,-950.605,5.19763,3963.11,0
471.88,2636.62,260.606,-934.694,4.4549,3948.85,0
472.573,2630.21,258.338,-908.576,5.00754,3956.61,0
473.26,2640.13,270.634,-907.483,3.0734,3929.92,0
473.942,2629.44,244.075,-922.631,4.23,3946.81,0
474.625,2635.12,225.877,-908.694,3.33773,3929.17,0
475.318,2625.49,214.11,-904.435,4.50243,3943.69,0
476.005,2635.22,228.181,-911.641,2.6659,3917.55,0
476.696,2629.94,224.176,-916.489,3.27783,3922.96,0
477.391,2642.14,223.019,-919.205,1.59782,3891.7,0
478.076,2641.83,228.007,-895.508,1.68845,3886.76,0
478.76,2627.86,236.332,-879.751,3.67027,3910.38,0
479.446,2612.09,232.834,-882.72,5.33256,3937.7,0
480.13,2599.25,217.05,-882.119,6.5203,3958.83,0
480.826,2629.84,211.034,-893.605,1.94549,3889.48,0
481.507,2631.59,208.504,-922.697,1.55642,3880.35,0
482.183,2628.3,188.906,-916.457,2.02625,3881.72,0
482.885,2619.35,157.681,-903.772,3.21225,3894.61,0
483.568,2629.38,168.596,-880.061,1.84788,3868.37,0
484.249,2621.02,164.772,-891.309,2.92802,3880.19,0
484.927,2633.02,159.224,-899.22,1.15364,3850.02,0
485.601,2631.14,162.335,-842.594,1.64186,3848.55,0
486.285,2596.83,187.94,-860.444,6.15118,3913.7,0
486.975,2606.66,160.189,-864.508,4.29037,3887.97,0
487.659,2625.46,168.246,-881.639,1.45157,3843.95,0
488.341,2634.5,151.282,-850.054,0.335388,3820.08,0
489.021,2611.16,152.024,-852.842,3.77244,3862.49,0
489.709,2598.65,148.233,-862.815,5.38629,3882.6,0
490.391,2618.27,150.04,-871.752,2.34894,3837.21,0
491.067,2604.36,167.95,-873.823,3.99356,3860.25,0
491.751,2606.95,185.152,-865.2,3.41723,3849.61,0
492.428,2609.14,172.386,-883.434,3.04145,3839.87,0
493.112,2625.72,161.966,-902.809,0.606216,3800.93,0
493.795,2611.42,139.766,-917.203,2.53176,3824.63,0
494.477,2611.24,115.924,-948.612,2.37863,3819.7,0
495.154,2608.15,112.998,-948.344,2.62953,3820.72,0
495.838,2608.77,128.207,-937.65,2.44311,3814.21,0
496.531,2565.27,128.164,-956.216,7.67693,3896.49,0
497.214,2565.24,118.577,-956.057,6.84241,3891.19,0
497.907,2556.14,125.329,-935.448,7.21349,3904.06,0
498.59,2547.74,125.765,-919.598,7.29171,3915.56,0
499.274,2548.68,123.226,-921.172,6.43409,3908.32,0
499.964,2536.27,133.758,-921.743,7.52623,3927.73,0
500.645,2557.7,132.088,-904.643,3.64013,3879.58,0
501.332,2560.76,123.737,-888.187,3.22407,3868.18,0
502.017,2565.42,112.536,-871.258,2.25405,3853.61,0
502.702,2568.69,94.5311,-853.043,1.85144,3841.87,0
503.383,2542.79,100.904,-863.785,5.56609,3888.12,0
504.074,2527.39,86.6759,-849,6.99194,3913.34,0
504.765,2533.23,67.6489,-851.467,5.51214,3896.41,0
505.446,2522.01,56.5583,-837.123,6.68497,3913.37,0
505.919,2499.95,54.364,-832.868,9.01599,3953.3,0
