0.688252,4482.2,842.426,59.1992,1.71341,25866.7,0
1.36708,4447.86,888.107,61.6028,4.91652,38142.4,0
2.06474,4431.95,879.575,65.2228,6.4446,32956.1,0
2.74204,4424.68,904.422,77.6181,6.0686,27468.4,0
3.41977,4409.98,903.339,99.4405,6.76356,26324,0
4.10441,4414.94,904.637,99.1103,5.36562,20724.7,0
4.77498,4419.24,927.767,116.213,4.12498,16913.7,0
5.45972,4438.72,906.894,131.689,1.96089,11224.3,0
6.14214,4418.64,907.323,117.377,4.31304,13245.9,0
6.83551,4415.62,888.431,104.971,4.8505,12343.9,0
7.51234,4424.27,881.546,115.189,3.69932,10080.5,0
8.19993,4403.72,870.855,140.061,5.84719,11741.2,0
8.87618,4411.72,870.084,134.324,4.33025,9945.92,0
9.56547,4402.28,873.25,142.326,5.20747,10215.5,0
10.248,4391.43,905.863,136.272,5.52861,10594.2,0
10.9372,4397.41,884.483,111.094,4.84395,9379.9,0
11.6215,4420.25,905.689,99.0238,1.55075,6862.43,0
12.3119,4419.61,900.204,91.2285,1.67913,6529.12,0
13.0061,4411.6,899.117,75.1562,2.63671,6796.93,0
13.6886,4402.65,898.967,56.3787,3.59512,7111.59,0
14.3692,4399.27,891.06,87.8461,3.89412,7009.9,0
15.0514,4391.63,872.669,72.52,4.75723,7199.69,0
15.742,4374.56,873.963,92.3588,6.37049,7968.29,0
16.4224,4378.78,879.026,88.8483,5.3141,7381.59,0
17.1004,4385.03,876.332,73.8973,4.19559,6723.06,0
17.7845,4376.93,875.296,51.925,4.92884,6920.28,0
18.4727,4374.03,863.815,54.6758,5.00275,6819.51,0
19.1529,4383.25,866.124,55.3436,3.39806,6095.63,0
19.8339,4363.07,874.324,49.8446,5.38731,6903.74,0
20.5168,4352.23,872.949,45.7871,6.05499,7202.26,0
21.1993,4357.42,888.837,44.0271,4.7059,6725.51,0
21.8897,4356.86,905.26,34.684,4.35403,6538.94,0
22.5738,4344.1,887.518,39.021,5.81556,6906.32,0
23.2626,4347.83,878.659,25.8042,5.01732,6541.52,0
23.9463,4347.56,894.368,13.0633,4.37804,6366.06,0
24.6392,4347.36,917.75,16.3299,3.7871,6195.1,0
25.3347,4338.46,902.696,33.4437,4.75062,6376.23,0
26.0176,4338.7,883.435,50.9683,4.54703,6199.45,0
26.7098,4322.79,887.102,31.075,5.96082,6634.6,0
27.3864,4330.75,876.072,25.36,4.72292,6179.99,0
28.0734,4357.12,868.513,43.8856,1.45622,5089.43,0
28.76,4337.94,869.728,39.632,3.67105,5634.84,0
29.4479,4316.74,879.919,28.1405,5.80861,6223.05,0
30.1333,4313.68,853.893,21.9536,6.14766,6183.12,0
30.8254,4327.71,847.744,-6.36418,3.7846,5589.26,0
31.5117,4346.72,866.847,-8.80609,1.01863,4864.16,0
32.1905,4344.94,854.043,-45.2518,1.43838,4817.08,0
32.8719,4331,843.288,-23.1782,3.36866,5141.29,0
33.5449,4332.68,854.426,-20.2137,2.68822,4987.96,0
34.2346,4324.63,825.566,-20.4749,4.07342,5122.67,0
34.9185,4332.92,833.737,-11.5611,2.7886,4784.73,0
35.6058,4319.41,848.951,-28.9641,4.05415,5071.89,0
36.2931,4300.3,841.71,-0.126931,6.04882,5502.55,0
36.9813,4314.81,806.443,-12.2099,4.53617,5007.66,0
37.672,4313.5,795.953,5.4521,4.62007,4950.57,0
38.3625,4318.72,814.565,-10.3045,3.16002,4725.55,0
39.0435,4318.92,770.091,-14.4359,4.06892,4637.85,0
39.7224,4306.13,768.527,-31.4706,5.28106,4880.65,0
40.4024,4302.67,795.822,-46.2897,4.6308,4884.18,0
41.0897,4285.78,800.096,-51.439,6.06041,5213.41,0
41.7844,4280.22,795.344,-62.6277,6.13438,5259.77,0
42.4544,4280.32,783.856,-66.8393,5.66841,5174.47,0
43.1448,4273.95,789.675,-67.5,5.5126,5239.35,0
43.8393,4275.67,762.992,-92.0615,5.17915,5117.04,0
44.5223,4299.89,774.069,-97.8086,1.60506,4494.66,0
45.2017,4300.3,794.785,-103.546,1.02369,4417.96,0
45.8727,4290.62,790.182,-104.363,2.29962,4564.41,0
46.5636,4296.02,793.033,-139.239,1.4363,4380.75,0
47.2401,4257.07,776.216,-133.365,6.69359,5142.44,0
47.9184,4265.54,769.186,-160.617,4.72275,4892.96,0
48.6059,4269,754.174,-174.956,4.05993,4752.45,0
49.2927,4269.06,769.628,-169.844,3.59591,4685.12,0
49.9728,4254.43,793.443,-152.265,4.8711,4913.99,0
50.6529,4284.8,793.067,-136.816,0.87408,4248.55,0
51.3406,4266.4,757.161,-149.513,3.7403,4550.1,0
52.0233,4265,749.655,-146.052,4.04314,4517.23,0
52.7054,4251.51,758.697,-155.98,5.33307,4714.63,0
53.3908,4247.55,774.828,-152.132,4.83957,4728.4,0
54.0766,4239.97,767.596,-158.136,5.37755,4808.5,0
54.7513,4245.55,777.131,-143.559,4.02355,4647.43,0
55.4286,4247.01,787.656,-139.688,3.37602,4564.21,0
56.1108,4243.62,771.548,-120.944,4.12084,4569.2,0
56.7865,4239.2,747.721,-105.997,4.85222,4592.73,0
57.4864,4226.59,729.968,-114.308,6.44939,4756.05,0
58.1808,4217.14,728.009,-111.833,7.07664,4861.7,0
58.8629,4222.02,751.495,-135.841,4.85243,4722.45,0
59.5464,4228.38,746.702,-151.706,3.67438,4561.56,0
60.2416,4237.98,730.724,-180.793,2.55093,4349.53,0
60.9296,4229.05,734.424,-207.458,3.29591,4446.86,0
61.6164,4237.88,734.3,-211.645,1.8585,4254.08,0
62.294,4231.31,720.264,-222.398,2.92697,4313.22,0
62.9928,4214.71,705.768,-226.585,5.26296,4528.94,0
63.6795,4229.95,777.444,-243.908,1.27641,4240.83,0
64.3674,4217.95,802.049,-234.659,2.4089,4381.87,0
65.0577,4213.15,784.984,-235.543,3.29218,4409.24,0
65.7444,4215.98,781.368,-240.974,2.74806,4320.07,0
66.4349,4194.87,822.387,-269.512,4.52379,4592.92,0
67.1168,4198.37,861.576,-291.345,3.20731,4494.09,0
67.7958,4192.84,846.021,-292.12,3.97462,4530.64,0
68.4808,4205.02,843.198,-275.463,2.35588,4307.49,0
69.163,4221.95,835.188,-290.843,0.192052,4020.21,0
69.8441,4191.89,816.678,-318.627,4.06239,4411.43,0
70.5271,4181.9,788.038,-334.993,5.52139,4510.35,0
71.2027,4180.24,802.142,-321.485,5.12386,4490.85,0
71.8858,4177.11,784.869,-307.756,5.42541,4491.76,0
72.5687,4166.33,787.228,-297.155,6.57019,4597.96,0
73.2625,4155.21,779.408,-291.335,7.23522,4706.16,0
73.9497,4171.29,791.955,-305.683,4.25038,4445.11,0
74.6246,4187.67,812.211,-315.532,1.43239,4185.34,0
75.3183,4181.56,792.851,-313.535,2.54479,4227.96,0
76.0073,4161.98,790.361,-287.025,5.10178,4447.26,0
76.6957,4158.69,788.445,-290.083,5.14117,4450.13,0
77.3853,4152.05,785.577,-285.882,5.65501,4496.29,0
78.057,4156.82,760.955,-314.417,4.63835,4396.57,0
78.7432,4159.29,741.103,-309.29,4.60173,4326.89,0
79.4289,4156.96,733.528,-290.94,4.74397,4318.82,0
80.116,4144.71,750.356,-312.884,5.52875,4434.64,0
80.7926,4162.36,758.102,-321.78,2.50733,4179.08,0
81.4784,4181.35,743.13,-301.033,0.361213,3910.84,0
82.1604,4171.08,736.905,-301.442,1.86303,4003.4,0
82.8524,4175.48,754.237,-345.727,0.520721,3916.85,0
83.5386,4170.36,763.12,-340.958,1.10884,3946,0
84.2165,4152.86,780.67,-352.84,2.97995,4121.94,0
84.9121,4137.99,769.328,-342.295,4.89385,4263.41,0
85.5939,4119.35,793.631,-355.312,6.3239,4447.14,0
86.2779,4119,791.76,-348.682,6.05026,4415.98,0
86.9651,4144.08,789.587,-349.823,2.24905,4092.67,0
87.65,4130.65,796.236,-360.04,3.67022,4213.92,0
88.3433,4127.23,790.565,-373.289,3.85176,4219.53,0
89.0261,4134.76,778.915,-380.588,2.82908,4102.59,0
89.7096,4124.42,795.844,-383.489,3.7914,4186.6,0
90.3946,4138.08,794.93,-356.246,2.12967,4003.74,0
91.083,4138.52,778.873,-357.608,2.23292,3968.64,0
91.7633,4136.71,738.047,-344.23,3.27941,3959,0
92.4481,4141.56,740.001,-356.361,2.42482,3877.17,0
93.1256,4124.31,730.304,-348.405,4.76585,4034.19,0
93.8087,4110.13,738.307,-352.657,5.89732,4156.06,0
94.4937,4119.43,736.598,-342.763,4.2629,4027.43,0
95.1754,4138.74,708.894,-342.541,2.10562,3795.78,0
95.8664,4153.17,670.462,-347.895,0.823642,3617.85,0
96.5523,4135.61,671.831,-347.059,3.24725,3774.02,0
97.243,4142.21,668.782,-347.508,2.38081,3679.31,0
97.9191,4132.12,655,-375.876,3.70035,3756.98,0
98.5977,4148.65,661.066,-390.151,0.884399,3563.5,0
99.2824,4144.08,690.048,-414.746,0.610894,3584.91,0
99.9645,4117.51,654.493,-439.368,4.57923,3826.24,0
100.645,4122.36,670.208,-448.666,3.2363,3752.17,0
101.33,4140.6,658.486,-442.631,1.00259,3546.89,0
102.019,4130.83,635.323,-413.17,3.15611,3618.7,0
102.697,4117.14,620.046,-402.222,5.39976,3728.08,0
103.384,4116.12,610.491,-408.594,5.06058,3713.16,0
104.07,4098.98,594.136,-424.251,7.10201,3853.34,0
104.755,4092.1,599.181,-422.899,6.94079,3893.83,0
105.435,4088.94,586.589,-440.314,6.4243,3898.74,0
106.124,4092.2,586.685,-426.77,5.4169,3842.65,0
106.805,4111.36,564.914,-446.991,2.55931,3638.78,0
107.489,4099.6,574.303,-436.426,4.08624,3724.99,0
108.182,4104.88,561.636,-432.244,3.62473,3652.41,0
108.872,4121.22,555.659,-444.896,1.09025,3479.13,0
109.573,4119.8,541.513,-419.943,2.07685,3469.8,0
110.263,4121.99,504.71,-396.044,3.48106,3428.29,0
110.941,4110.13,526.228,-394.711,4.37578,3514.22,0
111.635,4108.5,506.173,-386.075,4.96966,3506.97,0
112.314,4109.51,512.043,-378.028,4.587,3476.74,0
113.009,4101.15,491.789,-350.083,6.86427,3529.36,0
113.692,4091.46,511.449,-367.405,6.40153,3593.39,0
114.376,4091.7,519.049,-367.951,5.3879,3569.85,0
115.064,4103.37,517.405,-364.643,3.49024,3447.06,0
115.746,4088.38,519.31,-355.748,5.62558,3556.21,0
116.421,4098.36,530.985,-348.394,3.57278,3449.93,0
117.111,4091.94,537.527,-365.174,3.76507,3484.39,0
117.79,4112.81,539.725,-329.706,1.33892,3287.13,0
118.467,4078.72,520.426,-329.757,7.26245,3556.06,0
119.162,4070.96,517.499,-330.657,7.43228,3600.43,0
119.83,4065.93,513.948,-324.518,7.52737,3622.41,0
120.513,4070.63,512.864,-331.091,5.34025,3562.83,0
121.198,4062.67,509.593,-320.394,6.48002,3608.35,0
121.881,4075.91,530.482,-317.331,3.22039,3479.5,0
122.558,4071.28,512.951,-327.394,4.43202,3498.09,0
123.242,4092.79,519.337,-329.799,0.517086,3304.12,0
123.928,4084.81,517.353,-298.772,2.59924,3350.27,0
124.613,4079.97,518.935,-318.202,2.74225,3370.7,0
125.305,4089.37,477.397,-319.128,3.01754,3277.05,0
125.992,4057.64,472.144,-342.058,6.79407,3511.05,0
126.669,4042.97,455.276,-338.094,8.55453,3608.1,0
127.361,4046,465.417,-343.331,5.98985,3564.67,0
128.036,4056.61,459.85,-348.969,3.70233,3462.98,0
128.728,4077.62,462.186,-335.413,0.661928,3281.21,0
129.415,4075.65,449.538,-304.275,2.80974,3279.02,0
130.099,4088.93,466.794,-286.308,0.289637,3159.65,0
130.783,4089.87,418.861,-286.249,3.13279,3135.97,0
131.463,4062.25,418.293,-265.822,7.91708,3329.85,0
132.15,4042.84,414.945,-257.079,9.68867,3459.37,0
132.84,4033.62,418.803,-263.017,9.1816,3510.83,0
133.518,4053.52,438.022,-262.47,3.23264,3343.98,0
134.205,4056.11,451.14,-257.931,2.00322,3307.57,0
134.885,4065.57,433.275,-264.784,1.42647,3220.72,0
135.57,4057.94,421.904,-251.739,4.1012,3260.78,0
136.251,4068.01,411.55,-236.24,3.76004,3170.56,0
136.939,4072.97,406.126,-222.391,3.93873,3118.37,0
137.63,4084.36,395.283,-207.746,3.60398,3020.01,0
138.326,4093.47,375.249,-190.871,4.19524,2938.95,0
139.008,4119.51,365.632,-198.024,0.741283,2737.15,0
139.686,4095.12,387.924,-195.169,2.40752,2898.47,0
140.386,4083.6,396.841,-187.895,3.72689,2966.07,0
141.084,4074,417.084,-187.322,3.19608,3019.45,0
141.771,4076.95,409.398,-170.145,3.86665,2984.04,0
142.454,4087.16,399.637,-151.04,3.76817,2898.03,0
143.134,4094.44,396.2,-173.797,1.87408,2833.41,0
143.824,4090.84,371.427,-156.112,5.09689,2844.89,0
144.513,4076.5,374.871,-163.095,6.23786,2930.52,0
145.199,4092.95,377.765,-183.132,1.81587,2803.37,0
145.884,4074.51,415.535,-172.15,1.56234,2916.64,0
146.577,4059.3,414.496,-196.659,3.05461,3006.63,0
147.271,4099.01,387.151,-177.701,0.154925,2722.79,0
147.949,4069.42,393.372,-188.222,3.79024,2910.33,0
148.64,4049.26,390.555,-208.261,6.14795,3032.44,0
149.328,4034.53,398.354,-216.916,6.85696,3117.09,0
150.024,4033.28,395.838,-226.802,5.87519,3111,0
150.709,4033.61,375.835,-235.792,6.09597,3094.67,0
151.397,4052.81,377.297,-239.574,2.26801,2953.79,0
152.084,4050.52,383.115,-245.427,1.63552,2955.44,0
152.763,4044.5,386.651,-233.964,2.72666,2981.74,0
153.451,4038.7,383.757,-219.462,4.51131,3006.14,0
154.128,4034.09,371.871,-195.182,6.97384,3022.84,0
154.814,4052.32,375.289,-188.008,3.08797,2891.77,0
155.497,4061.24,363.378,-187.817,2.91155,2821.68,0
156.176,4036.17,353.404,-181.319,7.44352,2969.9,0
156.863,4034.04,344.097,-178.698,8.115,2970.51,0
157.545,4045.87,327.248,-195.03,6.38664,2882.54,0
158.233,4022.16,340.89,-175.027,8.87877,3019.82,0
158.916,4033.44,358.569,-187.171,3.29538,2935.88,0
159.6,4027.7,347.455,-177.573,5.35931,2959.26,0
160.291,4037.54,334.421,-161.201,5.76918,2885.12,0
160.978,4036.49,340.534,-147.952,5.42421,2879.32,0
161.657,4032.77,337.187,-149.691,5.62021,2890.22,0
162.342,4028.91,337.815,-156.307,5.44696,2901.81,0
163.031,4006.6,342.411,-168.622,6.92234,3026.43,0
163.718,3995.71,321.306,-160.4,10.7629,3080.22,0
164.406,3963.22,313.88,-147.385,5.06359,3264.93,0
165.093,3964.09,311.427,-135.15,5.94653,3246.11,0
165.786,3966.03,329.584,-145.229,1.65229,3220.84,0
166.463,3974.16,321.325,-134.137,2.42801,3158.9,0
167.14,3992.74,304.565,-153.963,0.577853,3034.97,0
167.833,3988.87,304.727,-154.9,1.00738,3045.47,0
168.509,3985.3,283.652,-169.784,3.43868,3054.45,0
169.191,3987.22,269.411,-178.554,3.93904,3030.75,0
169.873,3967.27,291.219,-172.499,4.06745,3136.05,0
170.567,3940.45,326.492,-170.306,3.00229,3280.52,0
171.258,3907.8,360.583,-173.77,2.88173,3457.92,0
171.945,3894.57,344.269,-164.888,8.40389,3521.07,0
172.629,3875.07,361.81,-181.684,6.67216,3620.07,0
173.315,3888.05,378.062,-185.178,0.813194,3530.85,0
173.996,3888.83,365.526,-200.528,1.42159,3512.57,0
174.676,3872.27,384.717,-190.647,2.13655,3593.7,0
175.359,3844.79,377.204,-173.23,9.86392,3736.37,0
176.052,3829.77,353.649,-160.533,5.47584,3806.97,0
176.732,3839.75,345.791,-168.058,3.93017,3735.89,0
177.415,3843.94,336.083,-155.965,6.27026,3697.89,0
178.106,3819.27,349.852,-148.596,7.93203,3822.06,0
178.791,3807.21,328.87,-147.211,3.79565,3874.84,0
179.472,3799.04,328.216,-145.668,5.63744,3905.68,0
180.159,3776.68,318.129,-178.287,8.19481,4014.9,0
180.836,3746.56,321.313,-166.989,3.30288,4166.45,0
181.52,3748.49,304.115,-149.613,10.9569,4140.09,0
182.212,3736.41,308.32,-128.445,3.01152,4190.65,0
182.903,3735.54,310.812,-117.092,3.42763,4179.58,0
183.585,3718.99,298.461,-119.088,10.5268,4254.21,0
184.275,3739.21,285.571,-100.386,3.3596,4128.56,0
184.971,3719.12,279.093,-109.821,8.32331,4221.62,0
185.65,3705.13,280.064,-117.804,7.36679,4281.58,0
186.33,3701.81,289.85,-114.342,3.06115,4283.76,0
187.018,3680.77,273.424,-106.358,5.04972,4380.5,0
187.699,3679.57,259.063,-100.356,2.07985,4371,0
188.386,3642.74,241.616,-85.1049,1.51299,4550.58,0
189.062,3677.44,230.872,-80.7711,5.92347,4350.74,0
189.745,3675.01,211.66,-84.4086,5.68907,4347.86,0
190.437,3678.8,202.94,-84.7047,9.24259,4312.22,0
191.115,3673.54,193.596,-76.5809,5.5633,4324.42,0
191.798,3653.02,177.184,-73.7211,6.22484,4416.03,0
192.476,3667.96,171.362,-51.4477,1.95867,4322.82,0
193.156,3681.79,164.111,-44.1297,6.16061,4236.03,0
193.836,3678.5,164.823,-44.7079,5.74871,4238.13,0
194.518,3678.17,168.811,-38.3049,4.19285,4224.97,0
195.182,3666.16,151.769,-46.1714,1.68778,4272.13,0
195.864,3679.32,147.614,-22.8747,6.71546,4190.06,0
196.547,3675.89,148.621,-25.86,5.25734,4192.94,0
197.238,3661.18,131.805,-24.1302,1.67847,4252.84,0
197.926,3668.55,123.641,3.36093,7.33371,4200.82,0
198.614,3679.55,125.075,4.44566,5.21848,4130.87,0
199.297,3668.23,128.9,-8.25939,2.85364,4173.54,0
199.995,3664.01,126.811,-22.0772,3.35407,4180.05,0
200.679,3632.32,122.867,-31.3677,5.38032,4323.72,0
201.355,3630.86,112.751,-20.0031,3.24924,4316.44,0
202.04,3610.75,107.69,-21.9148,6.67011,4401.33,0
202.714,3596.03,103.705,5.74208,6.25029,4459.33,0
203.404,3585.58,109.007,-8.09229,5.73564,4495.58,0
204.081,3593.84,102.439,-7.84937,4.7519,4440.21,0
204.762,3592.49,133.346,9.95662,4.90707,4432.05,0
205.442,3584.02,110.946,10.4431,4.58163,4458.58,0
206.131,3576.66,102.093,17.9143,4.2287,4479.38,0
206.813,3553.61,81.5233,8.94706,4.80665,4576.07,0
207.49,3561.23,73.6897,-12.197,2.04162,4524.42,0
208.173,3554.52,93.7371,-16.8122,0.543898,4541.79,0
208.858,3546.44,124.887,-26.2931,3.15426,4565.61,0
209.546,3533.79,157.564,-48.3356,3.06507,4610.96,0
210.226,3525.37,144.499,-68.1869,2.95726,4636.07,0
210.911,3524.29,156.108,-73.4926,2.81574,4626.2,0
211.594,3502.21,140.673,-59.3755,2.80362,4715.61,0
212.284,3511.09,149.585,-73.8272,2.6549,4658.42,0
212.981,3517.57,175.743,-69.876,2.10696,4612.77,0
213.655,3533.07,163.564,-50.3841,2.01965,4525.66,0
214.34,3534.23,160.208,-64.8694,2.00641,4505.78,0
215.032,3531.65,135.805,-83.295,1.95918,4503.28,0
215.716,3539.67,127.206,-73.214,1.94752,4451.83,0
216.396,3507.91,105.348,-58.2762,1.92206,4584.58,0
217.078,3490.86,91.896,-64.7591,3.44855,4648.72,0
217.755,3496.76,89.121,-85.9745,0.898306,4607.18,0
218.451,3490.98,71.7891,-71.2355,3.6068,4619,0
219.141,3494.31,49.6045,-55.967,2.4154,4589.26,0
219.829,3496.57,55.4139,-46.5123,0.903817,4564.6,0
220.515,3477.06,36.5765,-39.177,7.1318,4638.86,0
221.195,3483.07,14.6589,-25.8911,8.409,4597.44,0
221.584,3470.83,4.77398,-4.56435,8.96919,4644.61,2
