0.681478,4472.96,426.568,-132.597,2.88158,39674.9,0
1.36615,4480.62,444.743,-151.227,0.756156,14187.9,0
2.05326,4469.63,450.45,-153.936,1.81404,14789,0
2.74314,4456.2,436.645,-183.383,3.37901,15967.8,0
3.43375,4437.27,469.31,-166.231,4.40717,18268.8,0
4.11874,4456.69,483.644,-178.317,0.962741,10514.3,0
4.79651,4449.98,462.345,-165.595,2.96302,10428.9,0
5.47917,4431.94,449.928,-163.944,5.4818,12422.2,0
6.15879,4464.19,425.463,-206.54,1.55752,5814.75,0
6.83412,4446.6,407.065,-216.82,4.25487,7814.02,0
7.51625,4436.89,381.863,-239.219,5.57258,8395.83,0
8.20823,4436.08,389.769,-229.616,5.02217,7787.85,0
8.89472,4414.44,386.597,-227.018,6.96545,9619.39,0
9.58312,4406.29,373.95,-216.324,7.89191,9778.61,0
10.2702,4408.3,371.654,-237.523,5.87738,8928.82,0
10.9596,4427.45,346.014,-244.455,3.89989,6620.02,0
11.647,4417.18,332.765,-252.283,5.24116,7110.57,0
12.3265,4429.41,348.729,-235.449,3.252,5726.41,0
13.0108,4427.05,336.045,-247.184,3.53746,5606.98,0
13.6919,4436.78,341.467,-240.693,2.11435,4617.51,0
14.3837,4431.47,322.034,-270.353,2.47362,4764.24,0
15.0661,4424.63,308.632,-268.006,3.72263,5002.42,0
15.7405,4421.32,311.067,-266.244,3.81966,4998.4,0
16.4172,4440.45,286.365,-289.984,1.47298,3627.42,0
17.0954,4424.92,287.38,-274.122,3.90667,4391.66,0
17.7714,4419.94,295.213,-277.657,3.82304,4505.15,0
18.4534,4413.72,317.625,-258.032,4.21459,4675.38,0
19.1424,4413.68,324.521,-250.374,3.96862,4509.42,0
19.8249,4402.16,344.937,-252.494,4.05298,4935.2,0
20.509,4430.41,340.285,-247.767,0.767752,3393.37,0
21.1949,4427.26,309.019,-248.043,2.55082,3432.01,0
21.8835,4431.32,276.415,-257.946,3.16561,3138.42,0
22.5603,4429.46,303.881,-263.837,1.88074,3126.77,0
23.251,4433.29,306.456,-256.407,1.51925,2868.97,0
23.9374,4423.45,309.919,-252.143,2.64714,3197.95,0
24.6278,4415.39,276.864,-244.829,5.45202,3435.67,0
25.3179,4403.32,272.325,-263.251,5.63344,3818.5,0
26.0014,4401.16,278.377,-276.254,4.63055,3801.24,0
26.6783,4398.31,310.241,-282.465,3.08808,3811.53,0
27.3611,4369.67,312.966,-282.227,6.20993,4763.34,0
28.0596,4380.7,323.395,-276.905,4.01281,4251.51,0
28.7451,4361.33,334.947,-283.055,5.51337,4823.97,0
29.417,4362.74,330.265,-281.704,5.01012,4665.86,0
30.0944,4375.81,328.801,-279.603,3.03203,4126.52,0
30.7774,4379.07,339.926,-271.108,2.36648,3929.11,0
31.462,4350.69,353.236,-253.933,5.68326,4745.59,0
32.1355,4338.85,358.695,-263.679,5.75512,5014.85,0
32.8147,4335.97,360.206,-224.889,6.57674,4998.54,0
33.5099,4351.76,364.897,-241.331,3.15196,4423.75,0
34.191,4345.09,359.017,-228.326,4.54799,4530.61,0
34.876,4357.28,359.723,-228.903,2.71178,4092.3,0
35.5643,4365.05,330.579,-252.34,2.21021,3794.59,0
36.2479,4376.91,300.626,-283.145,0.920915,3395.82,0
36.9321,4371.99,323.618,-279.78,0.617915,3466.01,0
37.6206,4355.66,332.686,-334.296,0.0624967,3836.62,0
38.3097,4354.17,315.537,-331.975,1.06952,3806.52,0
38.9968,4353.46,314.704,-292.35,2.84244,3757.75,0
39.6793,4377.3,332.221,-248.635,0.693102,3092.41,0
40.3616,4372.29,329.445,-240.555,1.77316,3164.16,0
41.0436,4368.43,320.088,-259.955,1.96853,3205.62,0
41.7299,4373.18,305.542,-256.734,2.16895,3038.95,0
42.4168,4345.34,329.59,-250.874,4.533,3646.16,0
43.1083,4358.73,321.687,-258.737,2.72087,3277.08,0
43.7893,4379.08,292.889,-232.233,2.68003,2761.34,0
44.4835,4380.68,289.18,-228.058,2.66613,2682.31,0
45.1748,4389.42,260.952,-224.183,3.22184,2447.81,0
45.864,4383.51,282.484,-241.207,2.03122,2539.83,0
46.5496,4397.19,293.669,-231.791,0.0887926,2208.59,0
47.2268,4394.43,269.562,-210.256,2.57876,2235.34,0
47.9094,4377.22,259.16,-227.977,4.34625,2562.83,0
48.5867,4377.32,270.125,-210.367,4.01417,2524.96,0
49.2791,4372.83,278.659,-206.173,4.06024,2580.58,0
49.9628,4357.64,297.344,-213.337,4.32168,2849.38,0
50.6466,4357.85,299.759,-193.807,4.76245,2806.64,0
51.3368,4357.5,300.338,-181.835,4.50227,2775.87,0
52.0181,4363.1,297.611,-173.78,3.8659,2631.7,0
52.6979,4375.52,271.424,-200.181,2.89339,2362.23,0
53.3795,4378.74,255.27,-218.469,2.49638,2271.63,0
54.07,4378.46,249.677,-204.176,3.3374,2247.76,0
54.7505,4369.39,255.263,-220.063,3.18726,2385.54,0
55.444,4375.24,240.237,-231.797,2.5822,2250.28,0
56.1296,4383.27,242.829,-222.435,1.9005,2079.58,0
56.8155,4367.71,244.786,-245.866,2.53684,2328.38,0
57.488,4369.88,251.236,-228.098,2.76618,2263.42,0
58.1674,4355.45,240.894,-235.358,4.65859,2485.12,0
58.8495,4365.48,269.062,-250.768,0.945247,2285.83,0
59.5263,4354.76,276.173,-242.982,2.27921,2439.92,0
60.2028,4354.94,287.692,-231.426,2.10765,2409.52,0
60.8837,4334.45,306.892,-280.422,1.53898,2719.06,0
61.5678,4334.73,296.877,-286.083,1.74309,2684.28,0
62.2479,4304.07,292.059,-284.221,5.97337,3147.51,0
62.9391,4291.27,303.469,-291.466,6.10448,3316.41,0
63.635,4286.09,277.946,-305.109,6.64356,3361.47,0
64.3242,4270.54,269.814,-309.373,7.7224,3567.23,0
65.0101,4278.54,275.087,-310.611,5.61746,3406.54,0
65.6905,4276.01,237.55,-311.998,7.24454,3409.72,0
66.3793,4279.77,240.204,-314.07,5.53802,3317.76,0
67.0698,4262.65,231.964,-321.577,7.07272,3538.93,0
67.7481,4259,219.937,-326.673,6.86094,3557.27,0
68.4417,4264.03,208.147,-328.668,5.69174,3447.7,0
69.1169,4248.66,228.003,-337.269,5.78145,3636.44,0
69.8068,4272.87,248.911,-340.486,1.27638,3253.72,0
70.4884,4259.77,241.788,-343.136,2.98098,3408.11,0
71.1717,4253.32,229.829,-334.021,4.83582,3465.96,0
71.8534,4236.94,237.653,-326.331,6.39415,3661.03,0
72.5378,4239.6,235.285,-324.262,5.42739,3589.85,0
73.2302,4228.75,234.063,-310.102,6.98463,3704.08,0
73.9154,4250.51,212.134,-318.708,3.58189,3375.34,0
74.599,4235.29,216.897,-326.074,4.60003,3548.4,0
75.2805,4212.76,193.349,-320.638,8.48027,3815.6,0
75.9654,4199.91,196.515,-318.211,8.44124,3950.32,0
76.6427,4193.16,185.769,-312.841,8.29533,4003.5,0
77.3278,4196.5,180.461,-306.013,7.6401,3924.84,0
78.0098,4200.39,177.993,-276.014,8.36859,3840.7,0
78.7046,4194.55,185.166,-256.41,8.59118,3880.95,0
79.3901,4200.86,170.314,-264.976,7.01158,3768.04,0
80.0708,4218.02,178.032,-259.54,4.28488,3521.69,0
80.7596,4224,176.419,-244.037,4.54767,3417.57,0
81.4469,4210.8,182.489,-234.718,6.09421,3550.8,0
82.1295,4207.47,184.76,-226.296,6.2032,3561.83,0
82.8175,4208.64,169.44,-224.44,6.57548,3518.05,0
83.5026,4195.4,156.958,-230.547,6.9793,3647.85,0
84.1893,4211.24,166.071,-220.302,4.61451,3429.95,0
84.876,4218.6,146.404,-239.758,2.71465,3315.47,0
85.5506,4236.61,156.822,-233.606,0.420609,3078.79,0
86.2274,4222.03,176.686,-213.171,2.63665,3223.65,0
86.9093,4227.53,186.26,-208.693,1.55233,3135.13,0
87.5873,4237.22,188.927,-199.915,0.826754,3000.17,0
88.2756,4241.5,146.571,-205.811,2.4769,2928.38,0
88.9545,4209.94,149.782,-238.645,3.05653,3260.73,0
89.6299,4218.88,138.383,-222.382,3.90714,3136.51,0
90.3214,4221.62,129.228,-228.101,3.44523,3082.06,0
91.0038,4227.39,142.711,-244.511,0.413738,2995.54,0
91.6858,4196.44,161.828,-250.62,2.71011,3310.87,0
92.372,4195.24,143.802,-251.399,3.65638,3299.3,0
93.0523,4178.99,129.244,-233.93,7.60723,3449.82,0
93.727,4179.55,121.069,-235.729,6.79007,3419,0
94.41,4172.89,123.123,-221.179,7.50305,3464.78,0
95.0859,4159.28,121.444,-228.856,7.52346,3583.25,0
95.7675,4144.37,126.308,-234.172,7.27779,3713.49,0
96.4587,4126.94,128.524,-242.293,6.84081,3867.53,0
97.1473,4125.54,136.32,-238.035,6.02441,3854.54,0
97.8297,4114.84,141.48,-240.697,6.26953,3937.01,0
98.5194,4123.21,141.552,-285.879,0.154631,3824.54,0
99.2097,4122.1,137.707,-287.609,0.241703,3809.12,0
99.8886,4108.74,148.286,-296.809,0.451118,3916.92,0
100.584,4098.36,143.282,-290.753,2.8423,3993.1,0
101.27,4082.99,136.329,-336.171,0.00781541,4117.81,0
101.952,4047.63,183.785,-334.359,2.81471,4437.09,0
102.636,4049.21,171.507,-355.527,0.834577,4392.09,0
103.328,4030,149.639,-340.249,6.58694,4548.63,0
104.006,4033.33,139.351,-349.85,5.06721,4486.94,0
104.679,4035.81,140.383,-333.977,5.88214,4434.38,0
105.376,4038.47,149.65,-339.389,3.9628,4379.85,0
106.056,4033.39,136.151,-343.134,4.41083,4399.65,0
106.752,4028.8,136.204,-362.721,2.36396,4413.98,0
107.443,4031.42,140.851,-354.417,2.59285,4361.23,0
108.119,4055.2,154.812,-336.836,0.253353,4113.97,0
108.81,4054.19,154.052,-314.748,3.06253,4097.11,0
109.497,4067.81,142.522,-297.37,3.70404,3947.04,0
110.185,4089.33,161.259,-292.277,0.100903,3727.1,0
110.862,4062.63,159.344,-313.605,1.43932,3945.16,0
111.545,4074.93,145.35,-280.861,4.432,3810.76,0
112.237,4082.43,138.827,-281.463,3.36847,3720.44,0
112.92,4104.29,121.02,-268.068,2.87454,3504.34,0
113.608,4088.11,115.19,-285.625,2.97059,3625.49,0
114.3,4058.48,119.822,-301.351,4.32886,3862.82,0
114.984,4069.5,120.618,-297.213,2.90611,3744.01,0
115.672,4067.52,135.116,-311.348,0.646138,3738.81,0
116.354,4069.35,138.762,-295.712,2.1445,3701.22,0
117.043,4058.74,132.87,-283.841,5.36626,3770.1,0
117.738,4059.09,110.568,-300.912,4.20183,3744.85,0
118.433,4046.8,143.439,-302.523,3.90584,3826.65,0
119.117,4043.75,177.118,-313.555,0.7173,3830.32,0
119.79,4040.94,154.584,-306.172,3.36077,3832.18,0
120.473,4047.82,116.232,-305.36,4.41784,3753.38,0
121.158,4055.88,124.596,-288.722,4.63614,3665.65,0
121.841,4059.32,112.72,-307.667,2.11349,3616.87,0
122.533,4057.68,98.9643,-296.267,4.3624,3609.79,0
123.22,4058.69,107.34,-286.406,4.25878,3581.52,0
123.917,4071.31,107.982,-282.989,2.70425,3459.47,0
124.604,4040.35,109.748,-293.715,5.35663,3688.87,0
125.296,4035.58,102.302,-288.762,6.6528,3706.58,0
125.99,4038.71,99.5368,-298.284,4.52051,3661.34,0
126.672,4031.55,128.631,-290.897,4.51228,3698.12,0
127.36,4014.62,122.588,-294.612,5.70946,3811.13,0
128.052,4001.82,130.795,-298.338,6.21271,3890.47,0
128.731,4002.57,124.374,-300.142,5.90651,3864.06,0
129.412,3990.08,132.245,-308.119,5.55172,3940.24,0
130.097,3999.08,136.899,-301.343,4.13838,3850.35,0
130.784,3989.92,157.981,-302.781,3.69422,3900.16,0
131.473,3991.5,159.141,-300.344,3.28171,3867.7,0
132.158,3976.33,164.286,-291.046,6.212,3962.48,0
132.821,3970.93,178.765,-299.956,4.0285,3983.35,0
133.5,3958.01,194.161,-305.906,3.9366,4059.9,0
134.183,3940.86,185.889,-292.613,8.95207,4167.01,0
134.868,3929.18,185.949,-279.052,10.7743,4232.43,0
135.563,3922.31,183.415,-289.608,9.02835,4261.39,0
136.24,3923.47,179.501,-298.563,6.32024,4231.68,0
136.921,3911.31,191.967,-278.749,8.53061,4299.46,0
137.602,3907.99,197.098,-271.617,8.44307,4302.33,0
138.277,3893.84,188.142,-249.582,2.14744,4383.68,0
138.966,3887.05,186.615,-242.883,4.6273,4410.82,0
139.649,3894.42,175.374,-257.008,2.23595,4336.43,0
140.339,3887.65,188.348,-245.04,3.79303,4363.41,0
141.02,3881,173.064,-209.723,0.912908,4389.44,0
141.705,3849.1,177.114,-224.682,1.73395,4593.36,0
142.389,3829.02,181.671,-231.234,2.54266,4712.29,0
143.069,3819.95,174.123,-234.495,4.51706,4753.26,0
143.75,3809.76,175.781,-232.765,5.77195,4801.63,0
144.435,3796.42,185.829,-238.892,3.6622,4871.24,0
145.121,3803.18,198.916,-215.79,5.09429,4801.66,0
145.803,3804.48,181.635,-184.599,4.28377,4770.26,0
146.489,3803.05,195.024,-185.106,0.611652,4757.69,0
147.176,3789.61,168.15,-196.104,6.36116,4826.79,0
147.867,3782.86,161.102,-196.142,8.21747,4849.86,0
148.55,3777.2,142.175,-219.925,5.07496,4865.71,0
149.24,3766.16,137.713,-235.951,1.94073,4917.19,0
149.919,3774.21,110.138,-230.146,7.68617,4841.21,0
150.605,3759.27,98.4345,-209.906,6.64177,4918.33,0
151.288,3754.54,106.805,-207.637,5.50106,4927.46,0
151.974,3766.95,105.082,-216.489,0.536893,4823.5,0
152.659,3777.48,113.623,-188.064,7.14527,4732.91,0
153.349,3776.58,116.843,-189.097,5.44904,4717.46,0
154.037,3758.68,126.963,-193.149,3.72387,4812.6,0
154.732,3751.86,132.233,-182.401,6.77305,4835.06,0
155.417,3746.09,107.712,-191.514,8.89639,4850.85,0
156.105,3743.1,91.107,-202.595,6.73889,4848.68,0
156.782,3756.01,81.6533,-210.866,3.13811,4745.39,0
157.467,3732.53,99.4138,-212.336,2.34143,4873.81,0
158.148,3709.48,118.552,-207.332,2.33444,4998.58,0
158.838,3712.61,112.456,-202.857,5.24615,4957.22,0
159.531,3679.52,119.512,-207.135,5.57028,5143.06,0
160.21,3686.68,120.481,-198.29,8.22512,5076.57,0
160.89,3678.88,106.562,-199.51,0.276532,5103.59,0
161.578,3691.08,81.2012,-180.743,3.6329,5006.33,0
162.257,3687.79,84.507,-174.415,5.89815,5005.73,0
162.944,3671.01,72.625,-176.554,7.14232,5087.58,0
163.636,3668.25,66.6403,-180.55,6.02734,5082.91,0
164.325,3691.28,46.057,-184.752,5.02238,4921.47,0
165.015,3692.96,47.4467,-189.395,2.07459,4890.69,0
165.702,3706.25,63.6432,-147.804,8.55816,4790.19,0
166.394,3695.04,66.0413,-135.044,2.41478,4837.65,0
167.084,3695.15,57.8635,-134.508,4.26848,4817.05,0
167.776,3716.65,76.2199,-115.099,6.60845,4669.03,0
168.46,3699.2,68.2385,-122,5.05287,4753.62,0
169.144,3677,59.2379,-118.119,10.2591,4865.67,0
169.828,3666.91,69.3571,-129.659,0.871855,4905.48,0
170.528,3638.22,77.4243,-94.8051,4.57894,5053.61,0
171.21,3627.84,73.5809,-99.0995,3.05758,5094.12,0
171.888,3643.66,81.7439,-72.5455,1.65804,4981.99,0
172.573,3644.41,63.7071,-86.5726,2.30567,4957.82,0
173.265,3627.84,57.353,-83.2994,7.04053,5033.67,0
173.946,3634.02,53.8223,-67.1614,9.67783,4978.47,0
174.626,3626.08,39.011,-60.2183,0.760049,5004.5,0
175.305,3619.09,28.3958,-87.6979,1.68477,5024.98,0
175.988,3621.68,33.218,-90.8895,4.37993,4990.83,0
176.67,3602.35,31.9132,-94.369,7.12454,5080.96,0
177.359,3614.05,24.005,-85.9755,7.01465,4995.28,0
178.043,3619.12,25.6341,-70.4815,5.81766,4947.58,0
178.738,3605.54,52.9647,-84.6187,5.82596,5004.32,0
179.431,3611.62,55.9204,-80.5166,2.71407,4951.11,0
180.118,3592.64,55.1033,-83.3844,2.36605,5037.6,0
180.799,3577.93,70.2623,-96.1049,3.53493,5100,0
181.491,3614.32,53.2638,-100.259,5.38614,4880.03,0
182.184,3613.18,69.6307,-65.0287,5.86858,4867.68,0
182.866,3604.66,55.956,-63.0634,9.36315,4896.17,0
183.561,3601.68,44.045,-56.2231,10.3895,4893.84,0
184.251,3576.24,27.8738,-40.8341,12.687,5013.58,0
184.937,3561.28,44.1908,-47.6766,6.29698,5075.87,0
185.622,3566.33,26.3276,-31.9573,6.20493,5029.97,0
186.307,3568.81,37.8099,-33.4851,2.77325,4998.14,0
186.991,3531.03,29.5551,-31.6074,7.8069,5181.9,0
187.678,3499.7,13.3058,-1.06972,5.52007,5329.88,0
187.882,3489.27,1.16611,2.90258,12.2564,5379.61,2
