0.689649,4479.21,35.5893,-46.6373,2.71016,30138.7,0
1.37447,4499.18,24.9809,-50.9725,0.891036,597.508,0
2.06961,4461.84,12.7301,-67.7679,3.71891,18437.7,0
2.75562,4472.8,36.7644,-91.3288,0.584607,9871.22,0
3.43966,4450.03,20.67,-84.5597,3.62984,14528.7,0
4.11859,4466.03,18.2319,-89.4641,1.72344,8248.1,0
4.79687,4459.78,28.3786,-39.1325,5.18874,8385.57,0
5.49088,4451.27,27.1849,-59.7485,4.50351,8874.16,0
6.17617,4443.65,25.256,-53.4942,5.08725,9123.28,0
6.86335,4451.63,34.8456,-58.0376,3.41603,7048.28,0
7.54858,4471.98,13.3443,-34.7498,3.4347,3711.46,0
8.23904,4495.8,-6.84789,-31.002,1.45119,509.943,0
8.91634,4473.73,8.81734,-24.9878,3.83959,2946.09,0
9.59591,4483.14,-8.93665,-29.7862,2.44638,1757.46,0
10.2759,4476.83,5.74288,-44.3896,2.0753,2255.02,0
10.9626,4459.08,19.5017,-44.4218,3.35726,3732.8,0
11.654,4467.58,23.21,-5.52578,4.13502,2781.89,0
12.3289,4496.99,24.1205,-2.64719,1.14592,244.387,0
13.0074,4512.47,8.4307,-6.10408,0.58976,-958.495,0
13.691,4498,-17.5527,5.94623,1.40579,145.886,0
14.3833,4504.04,7.40559,-19.7145,0.691207,-280.737,0
15.0806,4485.62,-2.25929,25.0383,2.14911,953.339,0
15.7761,4483.61,10.4428,50.4543,0.632483,1038.76,0
16.463,4486.15,-8.31125,42.6523,0.921888,841.518,0
17.1431,4461.54,-8.23416,55.9423,2.37963,2243.24,0
17.8347,4475.85,-18.9821,60.7082,0.428155,1354.37,0
18.52,4456.77,-38.0991,68.7642,1.2533,2334.18,0
19.2121,4469.95,-41.9816,48.9537,0.912596,1564.04,0
19.8873,4437.75,-30.6573,94.502,1.66067,3130.01,0
20.5683,4432.76,-47.674,94.0565,1.68447,3268.92,0
21.2431,4415.78,-30.1915,90.6461,3.66233,3964.74,0
21.916,4415.22,-44.7182,73.8053,4.08202,3868.57,0
22.5931,4421.25,-36.7979,64.6634,4.18733,3485.53,0
23.2839,4404.21,-53.9896,38.7642,5.98911,4113.9,0
23.959,4423.11,-42.6881,43.2363,4.35054,3209.44,0
24.6489,4460.93,-42.3689,45.9838,0.500259,1585.05,0
25.3303,4462.94,-23.5712,5.92751,2.92976,1462.95,0
26.0152,4462.69,-26.6406,20.0762,2.2595,1434.09,0
26.6961,4468.12,-36.64,18.7151,1.15443,1194.2,0
27.3831,4448.35,-53.7395,23.4725,1.7773,1886.03,0
28.0662,4441.29,-22.6069,26.7394,3.94218,2091.71,0
28.7555,4419.02,-2.52779,31.0429,5.97345,2816.3,0
29.4392,4413.29,1.96211,49.2661,4.50248,2945.38,0
30.1198,4410.19,20.2445,28.0313,5.57645,2981.68,0
30.8111,4431.46,31.2654,37.4217,2.19405,2224.37,0
31.5021,4416.88,31.4837,47.0636,2.75863,2638.62,0
32.1915,4430.85,20.1495,48.3119,1.61276,2148.05,0
32.8769,4417.78,50.6868,51.4095,1.40603,2500.75,0
33.5635,4417.27,25.0886,57.7536,2.09378,2464.9,0
34.2448,4410.04,25.4112,53.2793,2.91009,2626.89,0
34.9225,4391.38,21.6383,42.889,5.31394,3110.28,0
35.6114,4380.98,-7.47103,25.1291,6.98259,3342.15,0
36.2877,4387.26,2.79147,11.1159,6.47909,3106.87,0
36.9601,4380.03,-3.27263,12.8474,6.6111,3245.87,0
37.6423,4388.45,11.9509,21.8821,4.62736,2963.31,0
38.3242,4410.75,3.55224,8.23687,3.58417,2328.75,0
39.016,4424.82,31.3803,12.9814,0.217672,1926.9,0
39.6999,4419.66,22.6298,16.5226,1.11394,2023.77,0
40.3791,4401.38,29.4482,5.50375,2.5965,2442.39,0
41.064,4377.38,51.2543,0.970446,2.91983,2986.19,0
41.7487,4389.88,63.2661,29.4652,0.200937,2637.58,0
42.4384,4375.98,53.3615,23.8605,2.36705,2922.32,0
43.119,4389.48,46.5911,-4.39236,1.90568,2563.16,0
43.8084,4393.45,38.3368,10.4591,2.06406,2432.23,0
44.489,4391.6,50.5726,-14.1916,1.25159,2436.52,0
45.1723,4398.97,45.2211,33.3896,0.225665,2236.5,0
45.8571,4391.15,30.2928,26.641,2.1928,2373.59,0
46.5507,4365.7,53.5863,20.2046,3.27061,2885.04,0
47.2294,4369.06,37.112,39.7776,3.06337,2772.39,0
47.9262,4372.75,38.9311,73.4956,0.317476,2655.22,0
48.6184,4375.85,19.2994,68.1039,0.961874,2553.63,0
49.3056,4370.03,33.2295,52.6814,2.20934,2635.96,0
49.9853,4361.31,37.919,70.0478,1.45992,2774.58,0
50.6759,4368.21,58.2572,53.452,0.798692,2600.62,0
51.3599,4328.39,75.6331,72.2358,2.61532,3341.24,0
52.0477,4323.01,54.7573,87.5921,3.20572,3400.45,0
52.7335,4315.52,57.9513,78.0075,4.28662,3498.43,0
53.42,4316.85,96.4579,85.6,1.05399,3428.57,0
54.1147,4304.18,100.899,72.5228,2.71169,3618.68,0
54.795,4305.31,81.9446,21.073,5.60184,3553.08,0
55.4918,4325.89,84.7581,20.4501,2.93663,3137.64,0
56.181,4320.53,106.653,7.43258,1.79391,3194.47,0
56.8622,4315.54,110.721,37.7522,1.3973,3244.02,0
57.5507,4335.95,89.8035,40.7328,0.950855,2850.47,0
58.231,4314.29,88.0189,30.1535,3.54466,3189.28,0
58.9218,4315.22,113.746,20.8355,1.37002,3136.08,0
59.6113,4301.02,128.873,-26.365,1.39707,3337.94,0
60.2879,4273.97,117.316,-16.062,5.2641,3749.23,0
60.9792,4293.68,126.786,-8.73364,2.1297,3383.49,0
61.6611,4297.48,130.284,-32.6596,0.97944,3284.41,0
62.3538,4283.22,140.304,-19.9258,1.76209,3476.62,0
63.0377,4284.86,112.283,-1.5515,4.28733,3412.86,0
63.7208,4290.93,114.517,-28.3057,2.8377,3281.09,0
64.4109,4322.42,84.7361,-4.34571,2.5413,2756.93,0
65.0859,4331,102.151,-13.2015,0.0811856,2596.52,0
65.7622,4331.33,81.8456,-26.6029,1.49256,2564.82,0
66.4442,4335.06,77.3,-14.1986,1.77257,2482.32,0
67.1269,4330.84,67.7103,-13.1617,2.91459,2519.98,0
67.8167,4340.75,72.0655,12.9662,1.54861,2348.29,0
68.5005,4361.57,61.8382,-9.31019,0.415373,2020.85,0
69.1849,4379.8,37.0073,6.88935,0.710854,1737.41,0
69.8616,4360.27,21.4003,-10.2471,3.61832,2000.15,0
70.5557,4332.73,29.9893,-19.768,5.04794,2370.69,0
71.2382,4324.4,18.8294,-1.51525,6.49399,2465,0
71.9177,4308.6,19.14,-6.87083,7.22131,2661.37,0
72.6031,4323.57,21.8491,-3.36908,4.94971,2430.11,0
73.2807,4319.09,6.96305,-9.22394,5.73028,2468.76,0
73.9702,4310.86,-9.20141,-38.8381,3.46604,2557.02,0
74.668,4310.05,-13.9222,-28.7203,4.0363,2543.97,0
75.3469,4303.38,-17.6934,-42.6814,3.30058,2609.59,0
76.0376,4286.52,-33.5078,-40.3199,4.10582,2807.61,0
76.7218,4267.76,-51.5809,-54.2865,3.39067,3026.99,0
77.4068,4286.38,-35.6501,-52.3089,2.6028,2759.69,0
78.1024,4262.77,-52.4656,-70.2778,2.50688,3037.42,0
78.7814,4256.37,-67.606,-75.1067,1.75929,3092.46,0
79.4623,4246.71,-61.3909,-53.5813,4.57116,3187.55,0
80.1503,4269.4,-67.01,-54.2973,1.73692,2877.04,0
80.8425,4250.23,-89.2647,-79.4374,0.217484,3089.59,0
81.5242,4229.84,-75.2524,-63.2344,4.38951,3313.84,0
82.2095,4214.06,-63.5501,-51.9098,6.89169,3478.17,0
82.8912,4213.8,-85.3619,-49.0285,4.40618,3452.73,0
83.5711,4213.14,-98.4836,-48.8419,2.99198,3432.53,0
84.2629,4218.02,-76.3695,-36.0443,5.02267,3346.46,0
84.9477,4226.47,-59.416,-31.7917,5.50207,3220.01,0
85.6331,4227.49,-60.1719,-29.4429,5.12235,3182.31,0
86.311,4219.75,-69.2678,-24.4063,5.02905,3246.98,0
87.0038,4207.76,-115.931,-34.4728,0.914352,3358.96,0
87.6942,4219.07,-100.102,-19.3925,1.86257,3203.5,0
88.3772,4186.13,-117.511,-54.5774,2.11688,3551.47,0
89.0617,4150.9,-150.833,-67.2803,1.39315,3919.81,0
89.7379,4141.26,-147.175,-94.0546,1.21253,3997.6,0
90.4315,4126.45,-132.597,-80.4245,5.15421,4130.7,0
91.1191,4142.68,-157.278,-50.1167,1.88074,3921.41,0
91.8113,4158.72,-141.232,-40.426,2.34034,3717.19,0
92.5003,4174.62,-132.502,-43.8563,1.44689,3517.65,0
93.1939,4170.41,-108.444,-68.471,3.18508,3536.55,0
93.8887,4156.26,-104.863,-78.6928,4.11822,3661.13,0
94.5754,4147.33,-129.624,-51.4882,3.90442,3728.94,0
95.2507,4137.28,-105.329,-70.6795,6.00184,3808.09,0
95.9375,4150.03,-115,-64.5462,3.69278,3647.92,0
96.6198,4165.35,-128.639,-46.2441,1.43212,3463.57,0
97.3018,4188.4,-102.847,-10.2394,2.89987,3202.44,0
97.99,4187.1,-115.1,-33.5588,1.04333,3193.16,0
98.6788,4179.88,-92.4972,-88.6068,0.794645,3244.06,0
99.3624,4171.72,-92.5985,-72.1431,2.86018,3303.89,0
100.052,4161.7,-83.9129,-71.4631,4.45165,3381.26,0
100.743,4169.51,-78.7505,-72.2818,3.62415,3280.56,0
101.433,4165.82,-71.9905,-87.3591,3.12236,3294.62,0
102.121,4145.93,-75.2655,-69.9668,6.10231,3467.18,0
102.813,4141.49,-78.694,-69.3632,5.61803,3487.02,0
103.515,4135.42,-58.0163,-84.8658,5.63979,3521.97,0
104.193,4126.79,-59.3199,-95.5003,4.54243,3581.87,0
104.875,4123.07,-72.7698,-81.7171,5.15502,3594.1,0
105.56,4122.15,-99.6423,-72.8136,3.22435,3579.48,0
106.245,4112.24,-106.591,-37.9792,5.31104,3649.71,0
106.942,4093.98,-88.1078,-30.05,8.39537,3796.62,0
107.635,4107.51,-108.447,-32.741,3.68067,3646.49,0
108.335,4120.72,-126.408,-18.7025,0.459447,3501.02,0
109.015,4101.02,-115.086,-18.6684,3.96364,3659.84,0
109.702,4102.1,-138.169,-20.1136,0.631645,3627.09,0
110.38,4094.91,-128.187,-29.7803,2.36656,3669.91,0
111.068,4104.86,-107.973,-25.4196,4.09936,3557.65,0
111.752,4122.81,-105.447,-15.5668,2.70114,3375.21,0
112.443,4134.94,-102.165,-15.1303,1.93225,3246.58,0
113.135,4139.15,-97.5635,-22.0464,1.88505,3189.57,0
113.82,4136.41,-111.65,18.5181,0.411263,3194.4,0
114.511,4109.16,-108.818,16.5857,3.53993,3413.13,0
115.198,4098.67,-90.9521,29.2417,6.30109,3483.8,0
115.885,4080.29,-92.6133,18.9917,7.52162,3621.78,0
116.567,4077.1,-77.0857,1.78112,8.79542,3627.97,0
117.249,4070.84,-73.3858,21.7285,7.69319,3660.26,0
117.94,4078.37,-72.3534,14.7435,6.31039,3574.98,0
118.631,4081.18,-52.4465,7.74701,7.82396,3530.48,0
119.321,4076.73,-32.2508,18.2366,8.96998,3547.37,0
120.014,4079.99,-32.2264,14.5688,7.34812,3499.66,0
120.7,4050.46,-39.1917,26.4052,7.13903,3724.45,0
121.391,4078.99,-61.7743,32.6155,1.26899,3468.22,0
122.075,4092.95,-66.3022,13.4843,0.3321,3334.42,0
122.754,4081.84,-37.4465,23.7391,4.4641,3406.51,0
123.435,4076.43,-32.1582,21.9358,5.06989,3431.51,0
124.1,4068.82,-29.6977,4.27409,6.50124,3474.42,0
124.783,4072.49,-42.4106,0.629202,4.05678,3426.07,0
125.468,4052.89,-39.1508,-1.58136,5.65239,3563.56,0
126.146,4056.09,-49.8917,5.05718,3.28307,3519.06,0
126.831,4045.07,-45.9268,9.91875,4.421,3586.91,0
127.516,4045.8,-41.8422,25.9243,3.70088,3561.94,0
128.207,4041.1,-11.0964,35.0139,5.75078,3579.33,0
128.893,4032.22,-23.9544,31.0058,5.56546,3629.18,0
129.587,4052.54,-37.3987,29.0048,2.29575,3453.01,0
130.266,4029.6,-45.8865,41.7413,1.93854,3611.1,0
130.947,4025.76,-72.5973,-20.1659,0.130009,3621.6,0
131.636,4015.89,-39.4729,-3.68255,6.30509,3677.64,0
132.323,4020.83,-47.812,18.2006,3.5535,3621.25,0
133.008,4022.43,-39.693,29.2062,3.53817,3590.51,0
133.688,3994.68,-40.9984,58.0992,2.34352,3779.85,0
134.366,3976.41,-57.99,17.3799,5.60547,3896.73,0
135.052,3995.15,-40.5501,16.2015,6.26794,3738.17,0
135.749,3970.55,-57.0211,20.8546,5.0286,3900.21,0
136.44,3958.34,-88.9806,15.7446,0.1885,3969.93,0
137.116,3946.63,-84.4028,-33.7382,1.09762,4035.82,0
137.8,3948.39,-69.2722,-48.3783,2.14092,4002.96,0
138.479,3935.12,-22.9081,-62.9564,6.6542,4079.18,0
139.171,3948.96,-29.4424,-82.1519,0.868656,3959.46,0
139.855,3919.3,-30.5883,-90.6417,1.64626,4152.17,0
140.548,3939.37,-16.1389,-74.2878,3.88558,3988.84,0
141.239,3969.25,-6.32572,-64.2445,3.37608,3757.8,0
141.922,3976.82,-9.39783,-51.6618,4.69256,3686.4,0
142.603,3958.01,-5.73243,-78.5919,1.2251,3800.67,0
143.289,3961.63,-1.26057,-75.5414,1.34512,3757.24,0
143.975,3944.55,-23.1334,-62.8598,4.48577,3857.92,0
144.672,3932.22,-26.0359,-61.2892,5.298,3924.56,0
145.356,3954.52,-34.0061,-64.5108,1.9934,3752.7,0
146.043,3952,-3.11356,-70.8073,2.48494,3752.37,0
146.727,3984.32,-17.4329,-58.9641,1.55093,3514.54,0
147.413,3994.7,7.97305,-46.8975,2.96982,3427.79,0
148.105,4023.17,35.4273,-29.1001,0.74631,3219.57,0
148.792,4035.25,37.8091,16.419,0.414262,3123.51,0
149.472,4058.16,14.7103,10.133,1.94912,2956.02,0
150.147,4057.25,1.27772,4.75853,3.85742,2948.79,0
150.83,4056.88,16.0645,-3.18713,2.17348,2937.9,0
151.501,4054.33,-10.2043,5.32158,3.01371,2941.71,0
152.187,4082.14,-8.65296,-4.8424,0.82113,2745.72,0
152.87,4068.34,-19.7794,-1.68137,0.579436,2823.67,0
153.548,4037.88,-7.82016,-16.3763,3.33518,3009.62,0
154.235,4046.3,1.12318,-4.61659,4.31807,2941.62,0
154.916,4028.51,14.0206,-21.5539,2.55695,3043.54,0
155.598,4034.15,-1.23015,-19.3282,2.98571,2993.92,0
156.281,4046.41,18.9287,-12.2297,1.48798,2902.4,0
156.962,4033.81,11.8143,6.82756,3.4608,2970.09,0
157.649,4042.3,23.0161,-6.97649,1.21466,2903.32,0
158.334,4064.61,9.30828,7.2735,1.10882,2749.82,0
159.012,4061.35,3.20711,-11.4605,1.27627,2758.6,0
159.696,4072.6,-4.355,4.82329,1.08025,2676.33,0
160.383,4058.12,14.0399,2.7916,1.10925,2755.17,0
161.065,4018.33,15.0918,-12.6477,3.67814,2990.53,0
161.75,4037.71,21.706,-10.5464,1.18056,2858.06,0
162.435,4009.44,14.7117,-19.9302,3.46854,3020.04,0
163.112,3999.77,27.9481,9.46296,3.41187,3066.81,0
163.805,3979.98,5.96886,14.7,6.38385,3174.66,0
164.485,3981.63,21.3379,19.0275,3.72817,3151.48,0
165.169,3982.48,14.9053,17.5576,4.2917,3133.3,0
165.854,3974.11,3.14795,12.8865,6.05927,3170.77,0
166.536,3967.47,2.27966,9.68453,6.45658,3197.71,0
167.219,3948.79,6.53133,-2.59992,7.27163,3296.35,0
167.904,3940.44,2.83897,2.62707,7.73836,3332.62,0
168.596,3947.17,-17.7075,-3.12367,3.88446,3279.03,0
169.29,3938.86,-30.228,11.0889,1.81897,3314.66,0
169.976,3930.21,-32.1997,8.76074,2.21341,3352.15,0
170.668,3943.1,-17.5633,16.2758,2.81959,3263.09,0
171.359,3928.67,-23.9547,9.55869,3.58607,3334.09,0
172.053,3935.1,-16.6847,14.3079,3.59246,3283.29,0
172.724,3920.75,-0.981262,26.5018,3.37373,3353.6,0
173.407,3928.44,6.70525,29.3045,2.02763,3296.05,0
174.094,3949.46,-2.99095,9.78126,4.16669,3162.29,0
174.779,3945.61,9.61735,-5.94888,3.92339,3171.96,0
175.468,3938.02,3.44702,-32.0432,0.381733,3202.73,0
176.151,3926.57,-18.3874,-23.6468,1.64412,3255.34,0
176.851,3918.16,-20.0485,-16.8601,2.99715,3290,0
177.536,3914.05,-22.2825,-13.2391,3.22055,3300.45,0
178.225,3923.86,-0.704147,-3.97345,6.30315,3232.64,0
178.901,3918.02,-7.47126,12.0411,4.46828,3253.1,0
179.591,3922.48,2.82976,30.2787,0.695848,3215.75,0
180.269,3956.86,-11.3546,16.5277,0.153347,3012.93,0
180.946,3916.69,-10.4367,-0.605871,4.76733,3223.66,0
181.631,3952.16,0.54299,5.26887,2.91883,3016.22,0
182.322,3968.19,-3.35894,0.365269,1.95353,2916.88,0
183.012,3987.51,4.51469,-1.11784,0.21509,2800.32,0
183.699,3950.42,0.56558,5.27802,2.8843,2991.73,0
184.385,3923.11,-5.64036,26.6021,0.754079,3128.7,0
185.063,3910.05,-20.1596,4.14902,3.12283,3187.85,0
185.745,3897.81,-16.3704,0.879069,4.66471,3242.05,0
186.42,3888.52,-11.0846,-6.21948,5.32494,3280.11,0
187.107,3896.08,-13.1217,-8.18995,3.82269,3227.67,0
187.796,3895.61,-3.84755,-1.50037,5.86534,3218.36,0
188.479,3912.21,5.36024,12.251,2.55874,3118.6,0
189.158,3936.25,12.2321,-5.51142,0.684933,2980.32,0
189.845,3938.39,-7.20469,3.90439,1.46541,2958.27,0
190.524,3933.32,1.50715,-7.05273,2.14946,2974.33,0
191.199,3944.94,-7.14313,5.58714,0.911601,2903.06,0
191.889,3954.64,4.30908,-4.23036,0.757685,2842.05,0
192.573,3925.9,-0.286542,-5.15565,3.08557,2981.23,0
193.259,3892.24,7.0194,-19.0715,2.34191,3144.8,0
193.937,3888.74,27.9546,-7.97498,0.647957,3151.87,0
194.623,3847.62,21.3106,-31.3581,1.39128,3352,0
195.314,3844.23,21.228,-31.2759,1.66966,3357.55,0
196.003,3852.75,24.8118,0.384584,4.19582,3302.26,0
196.682,3838.37,30.6153,11.8885,2.93558,3363.94,0
197.378,3827.49,29.9339,18.859,2.65626,3407.21,0
198.067,3838.1,15.6686,-1.58198,6.55292,3341.81,0
198.762,3849.66,26.719,-9.51346,1.81226,3271.97,0
199.446,3840.11,17.1698,-17.559,3.43413,3308.61,0
200.144,3851.83,22.054,-23.4225,0.676983,3238.51,0
200.834,3832.94,-7.15575,-30.5025,2.02401,3321.45,0
201.527,3822.05,8.17965,-22.0103,4.81091,3364.08,0
202.217,3813.07,24.746,-6.50001,4.41879,3397.02,0
202.913,3805.05,37.9344,-4.84345,1.27287,3424.9,0
203.604,3774.91,33.451,20.4545,2.58224,3561.29,0
204.285,3757.92,15.4706,29.4311,5.36795,3632.57,0
204.958,3782.59,1.66436,39.8866,1.58887,3500.26,0
205.642,3801.01,-0.289515,23.6989,5.24642,3399.04,0
206.323,3823.66,-8.10591,17.557,4.77599,3278.05,0
207.009,3832.97,-1.70174,13.9386,5.30403,3222.25,0
207.696,3828.85,-4.3288,27.3763,1.73856,3231.39,0
208.388,3820.38,1.38655,19.9786,4.04129,3261.33,0
209.076,3800.02,1.80674,3.43756,8.64595,3347.98,0
209.767,3799.08,-6.38052,12.7169,5.06128,3341.43,0
210.439,3793.96,-7.03084,7.29521,6.16296,3355.06,0
211.118,3805.33,-8.73274,6.90692,4.72762,3290.45,0
211.81,3815.72,-14.2274,9.77013,2.1643,3230.65,0
212.483,3842.74,2.40894,-3.54263,3.68433,3093.26,0
213.168,3846.08,7.68734,-1.63539,2.36063,3067.62,0
213.856,3817.42,6.09645,20.5159,0.635689,3191.75,0
214.544,3770.81,-25.8486,1.05263,1.52199,3398.76,0
215.23,3752.93,-15.1343,-13.0546,4.37591,3471.02,0
215.916,3738.64,-5.54677,19.333,4.13432,3526.19,0
216.597,3714.76,-11.0897,21.0797,3.57323,3625.37,0
217.285,3692.22,2.16897,19.5351,6.03277,3717.62,0
217.975,3684.81,-0.893289,0.16218,2.93018,3739.85,0
218.662,3679.34,-0.73131,2.7863,2.15875,3753.12,0
219.335,3662.76,1.03946,0.362602,3.28251,3817.18,0
220.025,3673.85,0.718394,-1.65181,2.6103,3754.79,0
220.709,3666.33,-2.88019,0.809167,2.34718,3777.24,0
221.396,3688.53,-5.04642,-0.86284,0.596308,3665.25,0
222.084,3660.96,3.70865,-4.24645,1.0933,3778.03,0
222.782,3652.58,4.7032,3.05418,1.17214,3803.8,0
223.457,3623.13,3.73895,-12.5176,10.8424,3924.1,0
224.14,3626.13,25.3671,-23.4145,7.43153,3898.79,0
224.826,3616.96,20.3852,2.10968,10.4181,3927.65,0
225.512,3620.74,13.824,11.699,6.95646,3898.93,0
226.191,3628.81,4.17092,5.22681,3.1111,3851.55,0
226.872,3616.77,5.19008,-8.10154,7.51285,3893.09,0
227.555,3612.99,10.1208,-25.3604,7.75319,3898,0
228.225,3584.71,2.49114,-13.8015,9.92179,4010.47,0
228.894,3587.08,30.0123,-41.1323,4.93172,3988.39,0
229.578,3584.62,25.3868,-40.1691,5.98472,3987.23,0
230.267,3586.96,29.457,-39.2697,4.03442,3965.14,0
230.943,3563.74,25.6604,-44.0621,3.9335,4054.07,0
231.622,3550.24,16.3573,-39.6277,13.3315,4100.47,0
232.306,3540.75,13.0389,-54.7954,4.70761,4129.26,0
232.993,3514.01,2.4836,-71.1797,4.66294,4231.82,0
233.677,3504.35,21.7352,-68.5691,10.0515,4260.78,0
234.363,3490.42,-1.6527,-56.1511,7.61561,4307.75,0
235.037,3480.91,8.71455,-34.2305,5.24754,4335.89,0
235.72,3461.44,-0.213044,-9.70898,3.06675,4405.92,1
235.724,3461.42,0.737875,-8.47536,11.4529,4405.9,1
