0.673288,4489.82,1.56881,592.603,2.35456,15114.2,0
1.36383,4492.79,-25.2097,564.34,2.93076,5283.38,0
2.04267,4498.53,-33.3017,578.564,1.56749,717.833,0
2.72416,4491.5,-33.2616,582.957,2.25753,3120.81,0
3.40942,4481.89,-49.3925,594.691,2.89018,5312.74,0
4.09335,4492.18,-41.3105,608.88,0.993422,1909.23,0
4.76779,4466.66,-57.3116,616.272,3.87467,6993.24,0
5.44358,4463.93,-24.7296,627.087,3.76266,6625.8,0
6.13221,4459.88,-39.3088,629.589,4.01188,6543.11,0
6.82457,4448.28,-29.6262,627.064,5.22568,7579.21,0
7.51957,4452.94,-32.0606,623.446,4.27422,6258.72,0
8.19846,4435.9,-31.205,600.781,6.9014,7818.14,0
8.87949,4441.49,-41.3617,604.198,5.09377,6589.64,0
9.56936,4439.64,-46.6571,612.679,4.65171,6307.97,0
10.264,4445.64,-45.1973,618.429,3.37881,5296.15,0
10.9564,4463.62,-68.3144,598.268,1.55048,3320.09,0
11.6434,4460.99,-71.7092,588.781,2.20656,3350.46,0
12.3338,4470.67,-67.0564,593.635,0.816505,2378.25,0
13.0225,4472.79,-49.248,599.614,0.341787,2089.7,0
13.7049,4452.69,-50.6137,628.942,1.84866,3451.73,0
14.3867,4418.04,-54.8278,648.47,5.5166,5696.62,0
15.0738,4406.38,-51.7269,660.473,5.92454,6211.09,0
15.7511,4400.97,-68.5946,650.68,6.21216,6287.23,0
16.4444,4408.9,-71.7348,657.168,4.5253,5540,0
17.1271,4406.5,-81.5708,657.679,4.65603,5459.28,0
17.8174,4399.28,-71.8933,632.574,5.91522,5652.66,0
18.5032,4409.64,-77.1502,611.778,4.98294,4883.59,0
19.188,4413.65,-88.3742,602.422,4.26785,4500.4,0
19.8677,4401.58,-102.16,598.87,5.6265,4953.57,0
20.5533,4416.93,-93.768,605.3,3.18265,4041.47,0
21.2429,4408.73,-100.333,594.325,4.47795,4296.67,0
21.9273,4418.54,-96.719,593.081,3.08464,3715.21,0
22.6175,4427.08,-117.678,603.591,1.31315,3224.18,0
23.3048,4394.13,-107.443,592.856,5.88637,4542.69,0
23.9894,4391.01,-116.305,570.429,6.33958,4543.28,0
24.6751,4374.04,-127.662,566.827,7.51002,5104.88,0
25.362,4381.45,-133.166,571.918,5.35054,4674.25,0
26.0497,4370.99,-143.758,583.734,5.44914,4952.41,0
26.7444,4389.91,-130.95,581.31,3.00738,4116.45,0
27.4301,4384.22,-115.351,584.125,3.76198,4220.92,0
28.1128,4390.41,-126.562,597.443,2.28809,3898.38,0
28.7993,4381.54,-139.939,629.947,2.14592,4113.18,0
29.4839,4378.89,-156.977,638.159,1.9709,4107.58,0
30.1805,4364.06,-146.369,649.102,3.58774,4504.3,0
30.8736,4360.32,-179.372,643.509,3.92313,4524.36,0
31.5555,4357.6,-163.199,640.673,4.31518,4512.54,0
32.2463,4360.04,-176.292,647.493,3.44782,4340.39,0
32.9367,4345.65,-164.278,671.08,4.24219,4686.3,0
33.6227,4350.06,-175.777,661.692,3.64976,4459.49,0
34.3069,4356.36,-182.87,647.747,3.07366,4186.91,0
34.9985,4362.67,-179.002,652.823,2.03259,3923.99,0
35.6856,4354.35,-213.26,663.893,2.34686,4081.61,0
36.3681,4378.9,-197.133,622.279,0.500058,3329.81,0
37.0422,4374.82,-190.53,612.973,1.41131,3379.33,0
37.7341,4367.71,-194.019,584.284,3.24338,3505.92,0
38.4247,4373.94,-194.781,547.831,3.68654,3280.73,0
39.113,4362.98,-191.873,564.795,4.24799,3503.26,0
39.7999,4377.1,-189.112,582.291,1.65045,3088.06,0
40.4898,4369.61,-187.788,585.55,2.51583,3220.22,0
41.1832,4378.42,-175.038,597.456,1.02932,2952.18,0
41.8748,4351.88,-221.598,603.009,3.78537,3537.18,0
42.5685,4315.28,-217.678,602.42,7.99782,4339.26,0
43.2564,4319.52,-227.762,592.414,6.82132,4172.39,0
43.9451,4309.29,-230.742,600.339,7.11017,4339.83,0
44.6269,4290.95,-225.102,609.345,8.08603,4684.46,0
45.3116,4286.93,-227.003,614.816,7.12866,4702.37,0
45.9897,4278.94,-212.909,587.977,8.2971,4806.78,0
46.6816,4264.71,-224.54,578.351,8.95724,5040.29,0
47.3618,4267.09,-226.958,579.196,7.08104,4917.74,0
48.0519,4262.03,-225.232,588.548,6.19829,4952.33,0
48.7307,4249.79,-234.273,602.075,6.58093,5134.48,0
49.4152,4234.47,-234.053,586.702,8.06483,5373.55,0
50.0973,4233.32,-229.585,590.407,6.74946,5323.18,0
50.79,4274.83,-217.213,595.768,0.508228,4433.4,0
51.4802,4253.74,-213.771,590.174,3.61538,4783.58,0
52.1713,4242.89,-201.27,604.57,4.53984,4928.24,0
52.8663,4240.22,-219.636,587.568,4.52741,4913.91,0
53.5475,4256.01,-207.149,597.171,2.02232,4556.57,0
54.2362,4225.97,-206.608,590.614,6.14371,5052.52,0
54.9227,4216.98,-186.328,581.679,7.31932,5153.12,0
55.6155,4241.03,-219.781,608.836,1.85795,4656.42,0
56.2935,4245.23,-236.785,606.308,1.08947,4525.67,0
56.9823,4232.77,-220.889,571.006,4.44768,4689.75,0
57.6611,4239,-239.184,566.456,3.34593,4526.53,0
58.3431,4244.29,-232.982,549.45,3.2775,4382.89,0
59.0231,4268.19,-215.168,543.934,0.378267,3927.47,0
59.7041,4240.07,-194.143,532.58,4.91719,4353.59,0
60.3875,4232.3,-198.476,531.64,5.51255,4433.11,0
61.0784,4246.3,-198.719,505.133,4.28382,4153.63,0
61.746,4252.58,-206.049,521.042,2.2231,4007.01,0
62.4237,4258.88,-204.661,517.69,1.47724,3862.67,0
63.1164,4240.42,-200.615,471.513,6.10149,4112.79,0
63.8038,4231.02,-211.354,470.727,6.59305,4215.68,0
64.4921,4225.15,-220.467,482.401,5.98544,4261.73,0
65.1742,4215.97,-223.451,476.34,6.60007,4357.94,0
65.8479,4219.96,-223.119,493.58,4.26468,4252.87,0
66.5278,4236.39,-239.983,479.368,2.18621,3962.44,0
67.2083,4202.81,-217.158,488.205,6.71257,4421.98,0
67.8961,4225.53,-200.081,507.602,2.39432,4042.53,0
68.5768,4207.42,-207.618,537.06,3.33018,4266.48,0
69.2748,4197.71,-245.928,546.778,3.35502,4363.57,0
69.965,4187.82,-243.094,510.617,6.04758,4461.93,0
70.6506,4187.4,-241.155,514.326,5.42949,4424.63,0
71.3464,4195.41,-230.582,533.144,3.04308,4269.17,0
72.0231,4167.15,-237.96,512.437,7.85308,4621.43,0
72.7108,4160.43,-221.672,511.487,7.53756,4670.15,0
73.3936,4138.38,-219.996,517.194,9.58266,4927.12,0
74.083,4130.25,-221.581,499.806,9.7358,4991.03,0
74.7532,4124.05,-211.434,486.445,9.61443,5029.26,0
75.4316,4139.56,-216.493,488.85,6.02687,4778.32,0
76.1201,4134.23,-220.924,507.991,4.88659,4805.2,0
76.804,4146.98,-226.278,506.95,2.68715,4596.32,0
77.4935,4126.02,-224.24,495.369,6.37312,4825.96,0
78.1737,4127.27,-224.035,511.018,4.66439,4767.94,0
78.8651,4125.57,-232.7,510.216,4.25727,4747.73,0
79.5495,4114.71,-223.396,513.564,5.42904,4843.4,0
80.2459,4095.5,-229.418,539.764,6.49226,5040.7,0
80.9271,4104.1,-222.18,540.247,4.87518,4892.01,0
81.6116,4121.75,-215.181,533.216,2.37781,4634.71,0
82.2959,4098.45,-222.881,523.441,5.86581,4879.36,0
82.9892,4110.63,-220.268,518.125,3.97662,4691.81,0
83.6661,4095.71,-213.229,502.489,6.77214,4832.15,0
84.358,4086.11,-241.105,482.242,7.71479,4906.38,0
85.0468,4067.2,-233.1,469.811,9.80402,5088.96,0
85.7367,4049.71,-222.534,472.748,9.84339,5251.96,0
86.419,4040.68,-223.843,466.583,9.57141,5315.05,0
87.1066,4048.41,-225.673,453.036,7.43452,5184.38,0
87.7896,4049.61,-219.826,463.151,5.20366,5130.28,0
88.4814,4031.86,-218.36,450.358,8.23401,5290.78,0
89.1651,4031.6,-235.918,458.007,5.70584,5253.17,0
89.8539,4028.8,-226.121,455.985,6.07893,5244.07,0
90.5372,4025.73,-228.594,457.866,5.57115,5238.4,0
91.2249,4030.27,-246.363,486.514,1.82866,5149.19,0
91.9011,4001.77,-250.61,496.491,5.64002,5421.33,0
92.585,3991.03,-265.265,500.215,6.30475,5497.32,0
93.2757,4002.08,-287.08,496.789,3.0472,5338.17,0
93.9685,4011.8,-288.262,472.438,2.67754,5195.31,0
94.6511,4011.65,-280.273,486.524,1.98556,5159.46,0
95.3364,4022.1,-283.558,464.388,1.50231,5012.75,0
96.025,4022.29,-270.698,451.053,2.89436,4974.84,0
96.7089,4021.7,-280.719,437.445,3.20869,4945.75,0
97.3985,4039.24,-270.798,433.085,0.962157,4730.71,0
98.0806,4021.45,-282.987,451.829,2.04877,4879.19,0
98.76,3997.17,-311.684,459.981,4.40693,5091.47,0
99.4456,3990.58,-322.138,486.838,3.24812,5122.55,0
100.126,3991.92,-319.236,476.638,3.64652,5074.38,0
100.816,3985.13,-314.281,502.858,3.25767,5107.01,0
101.5,3961.32,-316.762,502.071,7.12006,5307.15,0
102.183,3954.89,-333.634,500.089,6.85718,5334.64,0
102.869,3964.55,-324.4,474.994,6.14599,5205.18,0
103.551,3995.93,-315.942,449.322,2.28262,4867.8,0
104.237,3991.65,-321.156,451.747,2.66422,4876.87,0
104.914,3988.14,-308.481,455.191,3.37529,4878.84,0
105.604,3981.24,-300.526,447.266,5.25752,4912.28,0
106.295,4015.15,-281.931,407.378,2.96521,4561.38,0
107.001,3981.18,-285.912,408.72,8.03708,4848.79,0
107.688,3968.66,-285.948,398.934,9.73759,4934.05,0
108.379,3968.5,-279.674,396.379,8.04164,4904.04,0
109.066,3955.79,-274.979,382.737,9.60561,4989.67,0
109.756,3961.08,-277.009,376.588,7.27802,4910.18,0
110.446,3982.94,-281.711,384.215,1.95651,4681.54,0
111.129,3978.93,-281.648,353.734,5.34648,4688.86,0
111.815,3979.85,-283.179,357.355,3.98511,4651.85,0
112.5,3969.08,-276.525,352.42,6.45993,4719.27,0
113.174,3954.73,-292.129,342.194,7.93043,4817.97,0
113.868,3952.39,-319.05,357.166,3.97166,4809.2,0
114.545,3942.02,-343.091,361.119,3.43694,4871.24,0
115.217,3938.78,-334.643,365.301,4.1687,4871.01,0
115.909,3939.06,-311.262,363.5,6.07423,4839.5,0
116.585,3935.01,-309.595,357.994,6.95586,4846.14,0
117.278,3954,-310.13,361.979,2.30733,4655.62,0
117.959,3939.72,-313.556,380.414,2.99188,4749.76,0
118.646,3927.55,-316.212,363.187,6.46897,4824.82,0
119.321,3934.21,-321.849,362.632,4.19958,4741.73,0
120.002,3950.96,-322.081,364.21,0.484993,4575.28,0
120.689,3943.21,-313.024,358.631,3.15726,4613.43,0
121.373,3920.86,-321.953,346.714,7.68496,4771.55,0
122.054,3922.36,-300.245,348.206,8.20815,4732.63,0
122.728,3943.86,-300.446,340.102,4.39663,4531.52,0
123.407,3927.21,-330.358,367.197,2.35057,4641.46,0
124.094,3910.08,-370.478,376.841,1.85264,4753.81,0
124.774,3886.05,-373.717,377.552,5.84511,4920.45,0
125.457,3886.63,-357.676,390.546,5.5596,4889.13,0
126.146,3906.2,-332.333,410.066,1.70422,4707.23,0
126.831,3892.98,-327.382,434.663,2.59884,4786.05,0
127.52,3885.26,-336.796,432.843,3.59261,4820.76,0
128.204,3883.48,-333.545,402.931,6.19437,4808.88,0
128.882,3873.2,-332.978,410.055,6.66777,4863.41,0
129.575,3880.02,-348.356,403.148,4.01965,4784.7,0
130.257,3880.1,-353.284,422.083,1.94421,4759.02,0
130.953,3872.28,-370.537,446.397,0.934135,4793.45,0
131.632,3871.76,-346.236,454.709,1.69316,4772.66,0
132.32,3856.78,-336.429,464.113,4.43777,4861.05,0
133.009,3834.09,-355.033,462.476,7.45878,5006.51,0
133.689,3849.56,-350.117,479.168,3.12634,4865.29,0
134.371,3844.29,-366.973,456.613,4.73137,4879.87,0
135.064,3837.27,-367.459,463.84,5.16921,4906.81,0
135.754,3842.73,-353.093,469.397,3.92944,4841.62,0
136.457,3827.31,-363.015,516.02,4.111,4929.72,0
137.141,3844.43,-360.681,511.526,0.994494,4780.26,0
137.821,3824.47,-375.205,532.429,3.43412,4901.49,0
138.509,3814.25,-407.996,514.992,4.9131,4950.91,0
139.202,3807.16,-416.594,520.268,5.40912,4977.2,0
139.883,3804.59,-409.611,499.248,6.44431,4971.36,0
140.574,3813.66,-405.496,495.052,4.12092,4882.45,0
141.254,3780.85,-413.493,494.801,9.13054,5091.15,0
141.936,3777.8,-411.853,501.736,7.68794,5088.22,0
142.616,3794.69,-425.848,504.697,3.43517,4945.55,0
143.301,3803.32,-407.065,479.468,3.28421,4861.67,0
143.988,3796.25,-387.681,465.754,5.91543,4887.55,0
144.672,3812.59,-367.787,468.696,2.96979,4751.48,0
145.358,3796.74,-390.992,455.251,5.53364,4838.13,0
146.047,3804.85,-396.563,447.569,2.94004,4759.79,0
146.737,3780.21,-396.984,438.708,8.16276,4905.32,0
147.423,3785.03,-391.562,428.833,6.93812,4849.81,0
148.101,3802.29,-402.817,424.026,2.43036,4711.03,0
148.79,3787.78,-394.669,415.652,6.30656,4786.78,0
149.461,3782.28,-403.671,426.704,5.54831,4802.09,0
150.143,3781.75,-387.892,432.671,5.70315,4783.78,0
150.839,3781.92,-401.782,426.709,4.73608,4760.58,0
151.524,3779.9,-422.992,432.193,3.59712,4752.37,0
152.207,3775.03,-434.092,398.889,5.4586,4763.04,0
152.882,3777.8,-419.959,408.729,4.63864,4723.9,0
153.576,3787.28,-435.17,401.97,1.74086,4640.85,0
154.258,3777.91,-442.16,422.343,2.39284,4681.05,0
154.936,3761.78,-451.908,403.548,6.19019,4764.68,0
155.616,3753.7,-437.475,383.344,8.76942,4795.79,0
156.303,3766.26,-421.297,384.034,5.61277,4694.34,0
156.984,3765.25,-432.977,409.111,3.1733,4680.39,0
157.671,3761.71,-409.649,407.536,5.13917,4682.48,0
158.367,3756.84,-406.128,402.111,6.5857,4692.64,0
159.054,3747.69,-396.051,378.118,10.0659,4729.89,0
159.74,3743.72,-411.432,359.822,9.29829,4734.46,0
160.429,3723.25,-415.692,349.614,3.00478,4841.7,0
161.105,3715.33,-416.439,343.727,5.4282,4870.56,0
161.787,3710.18,-448.41,371.03,1.85962,4881.86,0
162.473,3722.75,-437.718,351.481,0.37786,4783.87,0
163.156,3704.82,-427.381,351.546,6.08227,4873.76,0
163.845,3702.62,-442.112,345.548,5.00832,4866.67,0
164.525,3701.88,-424.817,345.423,6.20788,4851.05,0
165.206,3700.69,-405.411,347.656,7.74242,4838.29,0
165.898,3687.94,-401.584,343.235,11.5851,4894.94,0
166.576,3686.92,-416.643,320.073,0.644504,4881.15,0
167.259,3678.45,-403.832,312.11,5.98546,4911.85,0
167.95,3670.51,-403.102,303.3,9.39616,4938.91,0
168.631,3660.54,-401.808,283.847,4.49951,4978.1,0
169.316,3661.93,-392.98,281.782,6.26208,4949.71,0
169.997,3655.99,-380.987,287.564,9.77764,4964.83,0
170.688,3662.78,-369.509,256.182,6.23248,4904.98,0
171.364,3655.28,-379.67,263.587,3.15154,4929.36,0
172.044,3658.99,-386.4,234.195,6.28352,4888.33,0
172.733,3658.43,-381.611,245.586,4.88053,4872.11,0
173.421,3667.25,-366.374,235.698,9.50237,4801.92,0
174.105,3637.79,-349.057,224.815,7.62582,4952.22,0
174.798,3624.82,-332.058,242.451,3.56942,5006.77,0
175.494,3634.5,-314.122,234.581,1.4234,4931.78,0
176.177,3620.72,-303.621,213.105,9.15053,4990.92,0
176.865,3618.87,-295.006,209.502,5.99628,4981.94,0
177.534,3606.55,-290.227,190.477,0.51041,5032.55,0
178.215,3596.38,-260.219,180.6,2.66079,5070.43,0
178.902,3571.97,-220.353,177.873,1.34562,5187.36,0
179.592,3581.08,-202.83,163.946,1.54819,5116.71,0
180.282,3582.71,-188.229,150.815,1.52873,5088.06,0
180.971,3582.27,-182.028,154.305,1.55226,5071.14,0
181.67,3602.68,-177.481,124.36,3.32598,4939.29,0
182.356,3620.31,-171.243,125.516,9.98039,4824.01,0
183.034,3613.18,-172.171,136.392,1.67441,4845.1,0
183.719,3606.13,-168.303,141.428,3.06346,4865.4,0
184.4,3609.64,-167.869,127.774,1.28766,4828.41,0
185.077,3611.7,-161.678,107.717,7.05252,4799.61,0
185.759,3620.34,-148.351,104.617,7.51358,4735.48,0
186.44,3630.75,-114.997,105.449,8.17787,4662.34,0
187.12,3649.53,-118.326,109.27,3.26119,4545.06,0
187.809,3660.07,-81.2834,97.3492,2.25347,4472.25,0
188.498,3672.9,-64.5939,75.8324,5.29295,4387.86,0
189.179,3664.89,-68.2918,72.1453,4.64092,4414.4,0
189.87,3657.59,-80.8982,63.7108,2.01178,4436.79,0
190.558,3662.56,-89.0025,49.8807,2.10943,4394.67,0
191.233,3670.16,-85.1478,18.5842,9.71527,4339.4,0
191.925,3664.96,-64.1887,6.40236,10.4669,4350.89,0
192.612,3670.44,-39.4742,-4.84892,10.8937,4306.89,0
193.298,3641.15,-51.6008,-10.9303,1.07096,4443.17,0
193.985,3642.14,-31.3653,-28.5707,1.0079,4422.32,0
194.674,3619.14,-32.2701,2.34401,9.85895,4524.78,0
195.355,3632.04,10.3668,-5.36855,4.34117,4442.97,0
196.049,3632.68,19.2237,-9.16794,3.88344,4424.02,0
196.723,3628.68,30.5769,-33.1754,4.54006,4429.15,0
197.405,3626.09,34.0646,-28.6075,5.50111,4426.99,0
198.094,3626.23,49.0046,-40.6008,3.49518,4410.9,0
198.786,3622.72,60.8422,-33.4785,4.29988,4413.21,0
199.465,3617.75,49.0168,-36.9026,6.55825,4423.11,0
200.161,3616.57,65.86,-44.5031,5.35171,4413.6,0
200.841,3588.91,74.603,-57.3589,2.13306,4536.38,0
201.518,3594.74,84.7941,-62.7529,3.4091,4492.21,0
202.2,3610.16,87.2871,-15.5676,2.97707,4400.78,0
202.885,3602.29,89.5417,-31.4935,5.67218,4424.72,0
203.568,3601.97,91.8653,-31.3131,4.64416,4411.45,0
204.261,3606.39,63.3458,-19.098,5.7708,4374.84,0
204.95,3613.26,63.6258,-15.56,2.62253,4326.63,0
205.639,3619.24,51.2073,12.7259,0.906692,4283.03,0
206.323,3606.2,30.2661,20.7836,7.6289,4332.02,0
207.002,3591.21,36.559,-16.7787,1.59835,4390.23,0
207.685,3582.6,42.8373,-27.5817,5.08723,4417.25,0
208.366,3564.52,27.6838,-26.8031,4.84867,4489.62,0
209.058,3534.29,39.3892,-12.587,3.30947,4619.34,0
209.735,3499.54,42.4478,-22.5927,8.56241,4770.08,0
210.429,3497.51,19.1256,-15.386,12.8027,4764.06,0
210.765,3490.6,0.555447,-2.54202,13.3489,4789.21,1
