0.686906,4482.04,-245.267,402.716,3.69388,26149.7,0
1.37774,4469.67,-253.296,402.722,4.91737,22014.5,0
2.05202,4479.07,-245.049,397.324,3.83378,10199.5,0
2.73821,4506.99,-224.385,382.681,1.4073,-2552.35,0
3.42335,4497.81,-206.155,359.732,3.95379,639.776,0
4.10457,4491,-196.326,359.274,4.78306,2192.45,0
4.78453,4496.6,-201.397,383.382,2.76319,710.122,0
5.46697,4489.18,-209.256,383.385,3.18643,1978.67,0
6.14673,4481.37,-201.731,366.718,4.81955,3031.35,0
6.83372,4474.25,-213.416,341.661,5.93942,3768.22,0
7.52183,4458.41,-236.563,315.258,7.45975,5529.38,0
8.20426,4448.69,-249.144,317.213,7.06912,6254.6,0
8.89513,4444.56,-252.337,309.168,6.85797,6232.15,0
9.57961,4450.33,-241.189,299.068,6.00065,5185.01,0
10.2603,4438.78,-257.836,282.588,6.67841,5966.58,0
10.9472,4440.76,-241.446,311.893,5.32269,5411.35,0
11.6409,4435.57,-256.47,319.38,4.49979,5534.43,0
12.3241,4421.98,-266.682,296.576,6.40164,6330.84,0
13.0074,4420.46,-258.206,298.077,5.97494,6115.11,0
13.6796,4414.01,-270.751,291.679,5.96185,6285.82,0
14.3696,4420.53,-259.699,324.213,3.78606,5530.55,0
15.051,4435.44,-283.18,321.522,1.04052,4289.42,0
15.745,4417.7,-275.052,291.791,4.59037,5227.14,0
16.429,4414.65,-270.07,287.848,5.14425,5194.9,0
17.1149,4422.73,-255.638,305.152,3.73942,4514.85,0
17.795,4415.98,-232.145,316.659,4.69651,4721.52,0
18.4941,4405.65,-229.606,300.426,6.31603,5101.48,0
19.1771,4375.43,-218.047,304.902,9.01513,6495.82,0
19.8552,4372.14,-175.416,291.968,9.69781,6439.86,0
20.5385,4380.72,-178.875,276.828,7.57269,5807.81,0
21.214,4371.31,-169.33,255.681,8.47701,6066.24,0
21.8993,4388.04,-168.632,269.43,4.97443,5112.33,0
22.5827,4401.1,-146.284,273.989,3.58935,4379.64,0
23.2682,4381.63,-162.66,253.94,5.91809,5087.24,0
23.9617,4380.48,-173.969,256.83,4.89091,4988.04,0
24.6427,4363.87,-196.312,236.071,6.23052,5523.99,0
25.3277,4358.57,-199.232,234.779,6.10254,5584.12,0
26.0175,4357.44,-215.562,234.672,4.85082,5479.5,0
26.708,4340.42,-196.953,230.503,7.24473,5975.16,0
27.403,4355.35,-176.42,211.091,6.7669,5278.47,0
28.0954,4350.9,-174.757,224.071,5.45147,5306.94,0
28.7836,4351.95,-180.681,261.971,2.45544,5143.61,0
29.4563,4329.72,-192.582,292.668,2.75758,5780.74,0
30.1411,4295.88,-204.709,272.246,7.41105,6771.99,0
30.8292,4303.82,-189.034,281.05,5.9666,6363.6,0
31.532,4294.42,-184.644,253.76,8.40097,6519.86,0
32.2251,4295.56,-194.475,257.858,6.11598,6344.18,0
32.9121,4295.24,-199.324,289.472,3.40743,6221.49,0
33.5954,4298.29,-198.835,272.287,4.00418,6004.19,0
34.2797,4283.05,-188.38,273.96,5.83738,6328.91,0
34.9508,4288.61,-207.183,264.399,4.5747,6048.32,0
35.6336,4295.08,-214.906,276.911,2.31666,5750.64,0
36.322,4299.07,-216,279.885,1.53795,5531.87,0
37.008,4263.37,-232.813,294.459,4.37854,6394.06,0
37.6907,4260.47,-232.134,291.741,4.49791,6355.22,0
38.3786,4232.99,-210.344,274.615,9.29666,6957.28,0
39.062,4245.1,-200.054,262.286,7.5862,6525.59,0
39.7421,4234.26,-195.3,262.677,7.67305,6686.66,0
40.4239,4236.07,-194.085,275.536,5.60519,6528.98,0
41.107,4254.05,-179.45,268.707,4.2631,5983.07,0
41.7988,4235.34,-164.413,271.552,6.53653,6331.72,0
42.4912,4246.55,-147.881,268.01,5.43737,5964.85,0
43.1743,4253.89,-146.788,251.37,5.33118,5700.45,0
43.8575,4262.34,-114.499,259.449,4.60828,5418.81,0
44.5379,4253.75,-130.286,260.869,4.67512,5529.02,0
45.2256,4240.57,-150.969,244.571,6.37426,5736.33,0
45.9096,4239.51,-144.146,224.849,7.8093,5673.96,0
46.5855,4205.06,-174.319,217.847,9.32364,6331.2,0
47.2557,4203.45,-188.487,208.617,7.80193,6275.39,0
47.9353,4201.85,-179.866,234.968,5.68187,6219.79,0
48.6158,4184.85,-188.299,230.674,6.84514,6482.43,0
49.3006,4172.14,-191.532,235.683,7.12681,6650.18,0
49.9758,4168.6,-196.53,209.749,8.39255,6631.2,0
50.6504,4152.27,-184.974,200.055,9.61248,6865.35,0
51.3437,4148.19,-218.688,198.072,5.86359,6852.15,0
52.0363,4153.37,-231.594,194.433,4.04412,6661.35,0
52.7133,4147.3,-225.057,208.965,4.16373,6690.96,0
53.411,4146.47,-181.149,214.788,6.79691,6618.96,0
54.1032,4129.25,-172.973,214.935,8.51658,6852.68,0
54.7895,4130.41,-165.052,205.5,8.30206,6745.66,0
55.4905,4141.53,-165.206,199.183,6.71367,6459.98,0
56.1877,4117.67,-186.76,221.931,4.93869,6804.54,0
56.874,4114.39,-163.88,214.436,7.05958,6780.1,0
57.5644,4112.09,-159.88,196.979,8.13423,6738.78,0
58.256,4104.7,-147.252,191.177,8.71644,6785.62,0
58.9286,4111.12,-139.718,187.312,7.49772,6599.15,0
59.6251,4101.38,-141.318,174.161,8.64334,6685.4,0
60.3218,4075.32,-125.196,175.845,10.1292,7040.22,0
61.0032,4086.81,-126.927,177.822,6.51712,6773.22,0
61.6925,4084.83,-128.146,174.694,5.78967,6729.74,0
62.3757,4082.09,-108.918,177.337,6.62507,6699.92,0
63.0574,4108.98,-97.5058,176.787,4.11429,6200.98,0
63.7503,4101.78,-113.236,177.997,3.71237,6246.48,0
64.4388,4088.08,-133.326,187.684,2.35797,6392.48,0
65.1233,4071.49,-143.998,191.667,3.00481,6579.94,0
65.8172,4062.49,-146.327,218.039,0.806021,6647.4,0
66.5052,4055.66,-120.698,233.432,1.41055,6681.34,0
67.1886,4038.77,-146.279,237.791,0.776957,6864.71,0
67.8733,4042.96,-136.705,226.639,2.51312,6733.76,0
68.5596,4015.46,-158.863,220.763,4.84126,7067.47,0
69.2488,4007.84,-169.307,206.194,6.05754,7107.18,0
69.9208,4025,-160.771,213.27,3.40338,6793.43,0
70.6077,4013.71,-161.389,218.444,3.19658,6887.14,0
71.294,4006.27,-164.564,219.967,3.4428,6925.32,0
71.9789,3981.13,-155.795,234.478,5.51068,7208.66,0
72.6614,3976.2,-154.163,252.791,3.11168,7208.75,0
73.3383,4004.62,-120.695,250.828,2.35527,6754.78,0
74.0237,3988.83,-109.673,244.033,6.20211,6905.42,0
74.714,3987.8,-116.432,242.256,5.09973,6855.46,0
75.402,3964.9,-115.442,243.565,6.93195,7096.63,0
76.0883,3976.55,-126.757,250.118,2.79346,6879.49,0
76.7753,3970.06,-163.87,241.086,1.63253,6902.47,0
77.4683,3950.32,-148.453,265.275,2.1303,7095.51,0
78.1439,3939.06,-155.744,234.291,7.85607,7178.31,0
78.8283,3954.8,-159.397,243.547,3.20833,6916.25,0
79.5147,3948.85,-208.161,210.826,2.9124,6931.48,0
80.2037,3922.56,-235.193,199.942,4.23325,7199.66,0
80.8995,3925.29,-239.56,189.724,3.89333,7104.05,0
81.5966,3925.3,-237.947,182.454,4.94193,7043.19,0
82.2801,3934.4,-227.182,164.322,7.23728,6874.08,0
82.9692,3929.26,-224.319,163.641,7.59383,6878.97,0
83.6519,3912.31,-225.032,156.836,9.28466,7025.42,0
84.3449,3926.45,-214.528,149.223,9.11468,6800.09,0
85.0314,3927.58,-230.551,150.516,5.23717,6731.81,0
85.7292,3924.08,-218.58,128.835,9.34786,6717.94,0
86.4236,3903.86,-203.883,139.33,1.07706,6897.88,0
87.1022,3909.31,-194.369,128.815,3.35386,6781.58,0
87.7957,3902.94,-186.432,127.732,5.46817,6800.53,0
88.4848,3905.13,-165.056,125.818,8.25802,6722.84,0
89.1738,3864.15,-148.481,112.97,5.24896,7130.41,0
89.866,3863.38,-146.216,106.22,6.54167,7084.15,0
90.5489,3853.53,-156.446,112.361,4.40873,7139.47,0
91.2317,3858.84,-145.844,124.853,3.56798,7027.85,0
91.9231,3879.97,-156.138,92.9821,3.81368,6745.07,0
92.6058,3852.92,-152.621,113.023,3.49744,6987.49,0
93.2871,3857.37,-152.122,100.069,4.5181,6888.78,0
93.9772,3852.4,-126.655,100.498,9.54784,6891,0
94.6643,3857.6,-163.532,89.896,0.801024,6786.12,0
95.3443,3864.43,-161.122,54.3063,4.59063,6666.07,0
96.0279,3870.28,-150.444,65.3866,5.15085,6557.65,0
96.7195,3861.35,-151.437,61.0154,6.02987,6603.1,0
97.408,3846.23,-157.716,54.5205,5.63313,6711.66,0
98.0995,3842.53,-160.724,65.1004,3.88516,6702.1,0
98.7904,3835,-150.235,54.1719,7.95108,6731.43,0
99.478,3839,-172.649,56.2734,0.34149,6644.65,0
100.164,3824.71,-169.711,31.8414,4.50581,6741.83,0
100.842,3813.45,-180.167,33.3878,2.03761,6808.18,0
101.528,3815.06,-175.428,-13.5184,4.08378,6746.32,0
102.213,3808.22,-181.176,-7.08742,3.053,6768,0
102.905,3798.88,-178.52,25.2101,4.42728,6813.29,0
103.587,3830.27,-170.651,40.6537,2.6337,6465.38,0
104.287,3820.14,-149.592,48.5273,8.19449,6519.16,0
104.985,3814.59,-159.948,47.144,5.21766,6528.65,0
105.671,3825.85,-161.368,39.9196,3.82272,6379.77,0
106.347,3831.63,-135.145,23.4689,10.716,6284.81,0
107.04,3811.61,-120.492,49.1881,2.61031,6431.15,0
107.722,3830.84,-101.87,47.8029,6.10893,6211.89,0
108.41,3823.67,-69.166,67.3299,10.3332,6238.58,0
109.098,3811.87,-65.5334,65.4769,10.1011,6307.49,0
109.776,3804.77,-62.9973,67.3121,8.99238,6333.19,0
110.47,3797.18,-41.6742,85.3621,7.15266,6362.08,0
111.15,3811.45,-34.0663,66.9702,10.7144,6194.75,0
111.834,3806.72,-23.972,72.2303,8.4918,6199.16,0
112.531,3808.76,-31.6666,73.2607,6.0935,6142.63,0
113.212,3811.85,-43.4894,61.2919,7.08036,6078.44,0
113.897,3820.04,-55.7937,55.7132,4.85081,5969.96,0
114.583,3816.6,-65.214,52.6996,3.59652,5964.29,0
115.267,3818.91,-63.6907,65.1023,0.987518,5908.83,0
115.947,3831.66,-87.6936,15.5586,0.621881,5764.2,0
116.637,3781.62,-89.2615,28.9304,2.52171,6159.08,0
117.323,3775.3,-69.3846,28.8155,8.86031,6176.94,0
118.013,3777.61,-70.3817,19.7984,8.0917,6121.28,0
118.705,3794.7,-66.8042,28.7397,5.90783,5941.61,0
119.391,3796.22,-58.5205,14.6382,9.02503,5894.7,0
120.079,3797.9,-49.7673,12.0862,9.43149,5847,0
120.77,3801.19,-55.2573,5.82713,6.03257,5786.31,0
121.454,3782.63,-55.4245,16.9248,6.49805,5906.55,0
122.137,3773.98,-58.8716,28.2505,4.06089,5944.35,0
122.807,3785.28,-59.188,-3.90934,4.95278,5819.82,0
123.498,3790.09,-63.9075,29.0715,1.04838,5748.34,0
124.187,3783.28,-56.0304,6.18184,5.68696,5771.31,0
124.884,3820.96,-51.5945,-2.79303,3.6283,5437.41,0
125.57,3855.87,-44.6015,-32.3377,0.283152,5129.64,0
126.267,3807.87,-26.9274,-53.5309,2.19463,5481.49,0
126.955,3799.68,-19.8701,-42.1544,6.07146,5516.26,0
127.63,3783.44,-14.1258,-38.6507,7.38871,5614.31,0
128.314,3781.98,1.77873,-48.479,4.41449,5595.8,0
129.006,3779.53,-1.32984,-52.2752,2.95376,5584.79,0
129.695,3784.33,-21.7211,-46.1796,2.85393,5518.08,0
130.388,3794.3,-1.53913,-30.9256,7.90618,5412.28,0
131.069,3771.02,9.94005,-14.0974,0.697277,5561.79,0
131.761,3773.08,16.1191,2.89389,1.02493,5516.96,0
132.446,3746.28,13.9676,9.1481,2.13288,5690.8,0
133.124,3746.6,2.08462,7.68731,4.77177,5659.42,0
133.81,3773.06,-0.923883,9.418,2.7642,5432.62,0
134.5,3764.19,11.7287,7.494,1.77179,5470.66,0
135.193,3779.76,6.09572,-1.21708,3.31224,5327.5,0
135.873,3749.24,3.64536,-6.29573,4.79439,5525.44,0
136.558,3792.33,-6.66711,9.37596,1.00182,5182.2,0
137.244,3769.19,-10.4886,1.92778,2.52424,5324.91,0
137.934,3758.97,4.05587,-3.02788,4.84664,5372.39,0
138.619,3766.77,6.00241,1.75284,3.71991,5289.53,0
139.3,3759.46,-4.62394,-13.4439,1.45124,5316.14,0
139.988,3764.23,15.1345,3.75702,0.342815,5255.94,0
140.67,3752.44,11.7,4.02908,1.84164,5314.3,0
141.367,3764.63,8.64278,9.13738,1.07093,5201.83,0
142.056,3729.8,5.74723,14.0555,1.73786,5421.8,0
142.746,3755.53,13.186,0.966167,1.4015,5215.32,0
143.433,3740.52,15.3199,4.64648,1.06621,5294.99,0
144.122,3707.44,11.2407,6.93946,3.24149,5499.22,0
144.804,3689.14,-3.51528,1.1828,8.05738,5599.72,0
145.479,3676.55,2.70861,1.7452,8.21123,5660.27,0
146.165,3666.02,0.0752512,-8.51524,4.76781,5705.78,0
146.849,3670.34,6.52697,10.1167,2.71106,5649.75,0
147.533,3662.42,9.20164,5.01006,3.53414,5677.26,0
148.212,3678.39,19.9763,21.0729,3.27806,5543.47,0
148.906,3668.04,20.8273,-1.76463,6.66873,5587.16,0
149.589,3656.37,21.5739,-6.91529,6.02212,5639.65,0
150.272,3642.08,29.5678,-10.2019,8.00159,5709.12,0
150.957,3649.35,19.8956,0.476161,7.6911,5635.03,0
151.643,3659.28,-2.13716,-6.15662,1.46634,5544.07,0
152.331,3650.78,1.07903,5.40681,5.67792,5574.84,0
153.016,3655.89,11.0183,15.9293,2.08493,5516.51,0
153.694,3665.07,9.41257,8.201,5.60242,5432.43,0
154.376,3662.47,5.89544,10.1621,5.12784,5425.28,0
155.056,3672.38,-9.87857,-8.0886,4.22897,5337.59,0
155.741,3681.36,-0.883119,8.92834,5.20995,5256.44,0
156.427,3670.3,11.9839,-7.62785,2.94364,5304.1,0
157.119,3660.49,12.7288,-7.91508,2.25895,5343.18,0
157.802,3658.51,10.639,0.968281,4.36539,5332.53,0
158.487,3657.2,1.47131,12.2672,7.37904,5317.74,0
159.168,3654.96,-11.0077,-10.6283,1.74514,5309.11,0
159.845,3634.18,-1.01381,2.10198,10.8293,5416.63,0
160.526,3622.16,7.35339,-3.22798,3.7308,5468.54,0
161.211,3612.02,36.3961,-2.69843,6.76604,5508.21,0
161.89,3597.12,7.98974,-7.82321,2.68036,5577.08,0
162.575,3566.09,-5.97226,16.6627,9.22476,5744.45,0
163.253,3555.28,-3.04385,19.0568,5.251,5786.86,0
163.948,3558.46,1.7342,-2.60428,3.30852,5742.95,0
164.615,3551.02,-0.50762,-11.1854,7.49302,5764.85,0
165.3,3551.19,-15.8992,-8.79325,6.18198,5739.94,0
165.984,3543.56,-6.53183,-20.3594,11.7108,5762.21,0
166.672,3519.33,3.30052,-14.2625,5.6074,5883.86,0
167.113,3495.75,-0.59789,1.69171,19.136,6009.42,3
