0.684232,4472.87,-700.545,214.178,2.80406,39654.2,0
1.38144,4483.94,-680.571,200.007,1.90615,11627,0
2.07183,4489.93,-682.969,194.65,1.0952,4859.6,0
2.76257,4479.89,-699.728,201.713,1.85177,7279.73,0
3.45383,4499.86,-664.942,196.349,0.222604,41.2946,0
4.1431,4493.12,-652.312,167.868,1.63438,1661.09,0
4.83085,4470.38,-653.887,175.231,4.2944,6130.94,0
5.51693,4458.48,-660.883,177.416,5.15453,7525.99,0
6.20044,4470.73,-651.843,179.329,3.66268,4719.91,0
6.88058,4469.82,-636.142,190.26,3.9979,4386.19,0
7.56225,4464.44,-665.455,190.423,3.6538,4702.38,0
8.25131,4465.7,-695.351,174.616,2.83311,4156.92,0
8.93577,4481.81,-715.625,162.052,0.296396,2035.32,0
9.6302,4457.77,-699.578,192.222,3.50397,4385.4,0
10.3052,4454.31,-704.694,182.674,3.77116,4433.63,0
10.9803,4433.28,-705.099,180.154,5.89115,6076.64,0
11.6645,4433.88,-691.949,194.988,5.39558,5668.16,0
12.3521,4426.53,-684.546,198.519,6.09089,5947.62,0
13.0401,4415.09,-675.759,211.994,6.59777,6511.43,0
13.7435,4408.38,-681.212,194.573,6.08193,6666.2,0
14.4275,4421.11,-703.543,189.555,3.47593,5468.26,0
15.1193,4405.39,-702.392,173.697,5.44997,6257.46,0
15.8084,4413.25,-708.15,190.904,3.74499,5487.63,0
16.4951,4389.88,-732.682,193.42,5.61356,6675.69,0
17.1721,4400.08,-740.419,193.915,3.92358,5818.71,0
17.8638,4402.37,-746.343,201.14,3.17602,5465.21,0
18.5443,4400.31,-773.204,192.072,2.8273,5375.65,0
19.2212,4421.9,-737.669,185.624,0.877958,4063.38,0
19.9019,4423.31,-727.297,185.93,0.91029,3853.2,0
20.5851,4421.85,-718.531,182.776,1.33833,3796.42,0
21.2666,4402.07,-681.381,174.005,4.84069,4605.09,0
21.9496,4404.68,-684.957,183.84,4.01152,4342.87,0
22.6366,4389.07,-671.77,217.445,5.77449,4900.41,0
23.3201,4407.98,-670.845,231.645,2.85412,3946.05,0
24.0114,4396.55,-664.187,230.364,4.32599,4308.44,0
24.6947,4404.04,-630.012,256.496,3.56424,3885.66,0
25.3771,4393.29,-622.629,257.385,4.91212,4204.98,0
26.0652,4393.07,-636.049,253.581,4.50999,4102.41,0
26.7476,4406.61,-621.741,268.413,2.86377,3491.68,0
27.4416,4418.86,-592.555,287.37,1.80928,2956.9,0
28.1313,4428.81,-583.012,277.492,0.878049,2530.62,0
28.8157,4413.18,-621.237,241.813,2.20993,3012.85,0
29.509,4412.94,-635.619,231.419,1.94478,2950.25,0
30.1941,4423.17,-647.176,215.441,0.459873,2544.62,0
30.8895,4401.05,-641.581,192.019,3.62394,3203.23,0
31.5677,4415,-648.571,187.573,1.3489,2692.74,0
32.2542,4421.9,-635.43,208.163,0.649674,2421.36,0
32.9498,4405.19,-618.224,230.406,3.04906,2877.34,0
33.6371,4391.26,-614.643,230.368,4.66643,3232.62,0
34.3198,4384.04,-618.564,227.048,5.17123,3378.95,0
35.0143,4404.25,-631.042,264.176,1.5315,2734.54,0
35.7053,4386.39,-634.174,265.729,3.61211,3182,0
36.3813,4358.89,-624.966,285.598,6.66991,3878.7,0
37.0659,4361.06,-607.979,269.727,6.49591,3748.44,0
37.7482,4382.87,-612.216,273.081,3.08562,3103.01,0
38.4288,4397.14,-608.211,260.95,1.42094,2676.74,0
39.1117,4377.75,-610.121,236.017,3.98746,3125.67,0
39.7885,4373.46,-614.601,240.08,3.99711,3180.35,0
40.4844,4376.2,-608.073,225.598,3.82581,3058,0
41.1591,4364.09,-594.858,216.901,5.45871,3302.07,0
41.8475,4369.93,-582.904,220.278,4.20844,3108.28,0
42.5272,4386.56,-597.377,212.256,1.60511,2667.51,0
43.2157,4387.39,-607.452,174.629,1.59297,2605.67,0
43.9087,4378.9,-574.067,188.437,3.73948,2757.96,0
44.5817,4379.16,-584.289,169.617,3.42803,2710.6,0
45.264,4407.63,-569.539,161.404,0.286959,2040.67,0
45.948,4399.78,-571.169,164.438,1.21348,2181.24,0
46.642,4394.71,-525.731,131.505,4.16542,2257.33,0
47.3271,4386.24,-534.299,111.955,4.86808,2403.61,0
48.0042,4367.21,-539.879,112.068,6.50597,2766.19,0
48.6819,4360.36,-536.467,117.703,6.91627,2868.34,0
49.3694,4361.84,-526.096,125.975,6.27864,2798.46,0
50.0457,4351.81,-532.581,113.012,6.68987,2961.15,0
50.7308,4338.47,-519.2,114.742,7.8273,3184.07,0
51.4209,4345.52,-505.15,108.774,6.53722,3004.16,0
52.1087,4339.44,-521.046,94.1725,6.31997,3081.27,0
52.7882,4345.67,-525.45,94.6472,4.47068,2923.63,0
53.4731,4358.7,-527.764,91.8784,2.47794,2642.51,0
54.1553,4361.63,-527.455,83.5754,2.09208,2555.12,0
54.8377,4349.39,-563.844,97.7324,1.86865,2746.42,0
55.5154,4340.96,-587.569,105.124,1.89707,2864.83,0
56.2028,4348.91,-557.09,79.1727,2.3592,2688.38,0
56.8882,4357.06,-574.089,106.102,0.295223,2512.71,0
57.5709,4339.77,-594.318,113.832,1.68333,2783.1,0
58.2539,4341.08,-592.983,134.143,1.3255,2728.14,0
58.9415,4332.79,-571.872,103.319,3.56761,2836.9,0
59.6299,4332.95,-568.241,70.2211,3.54052,2801.37,0
60.3157,4345.11,-554.164,38.6032,2.58186,2568.05,0
61.0109,4336.02,-566.313,-2.92245,3.27276,2687.72,0
61.6994,4355.95,-570.359,27.5929,0.235398,2334.78,0
62.3772,4359.35,-543.41,25.1467,1.06229,2254.9,0
63.0637,4355.79,-517.278,30.7317,2.82957,2286.75,0
63.7629,4370.35,-514.964,9.83794,1.05048,2033.35,0
64.4465,4349.37,-501.207,46.8358,4.30741,2337.33,0
65.1191,4334.4,-482.893,39.9624,6.71234,2543,0
65.8014,4343.03,-484.339,42.2631,4.97794,2385.51,0
66.4911,4352.2,-497.674,33.5672,2.90866,2222.85,0
67.1669,4346.33,-480.913,66.6381,4.32792,2287.96,0
67.848,4353.67,-465.934,86.5321,3.78825,2156.76,0
68.5361,4341.68,-479.13,108.687,4.22057,2309.99,0
69.2234,4359.49,-469.876,125.003,2.05249,2029.75,0
69.9011,4353.5,-459.427,167.215,2.7036,2095.78,0
70.5745,4340.82,-445.189,162.384,4.86881,2255.45,0
71.2448,4353.06,-436.739,159.975,3.49685,2062.4,0
71.9351,4332.62,-446.636,167.656,5.11978,2326.85,0
72.6136,4326.25,-441.207,173.522,5.62336,2392.82,0
73.2849,4337.9,-447.07,171.293,3.27211,2211.95,0
73.9679,4343.36,-468.366,168.903,1.48561,2117.63,0
74.6553,4332.26,-489.346,169.575,1.90002,2246.82,0
75.3367,4336.25,-506.891,170.383,0.493904,2173.52,0
76.0292,4324.92,-500.092,189.054,2.00355,2302.8,0
76.7139,4311.01,-490.206,200.713,4.0408,2463.62,0
77.3914,4301.95,-485.904,215.51,4.89319,2559.09,0
78.0815,4309.79,-466.029,201.644,4.60581,2436.05,0
78.7648,4287.51,-482.095,197.529,6.48518,2697.74,0
79.4551,4291.01,-489.433,213.736,4.70347,2630.29,0
80.1435,4284.6,-470.748,218.16,6.04113,2687.63,0
80.8349,4296.94,-471.947,223.575,3.70655,2512.07,0
81.5201,4290.78,-462.591,230.233,4.51475,2566.45,0
82.2106,4311.06,-440.597,233.399,2.48119,2298.26,0
82.9013,4301.95,-437.802,216.792,4.10623,2389,0
83.5769,4284.92,-430.182,195.471,6.91413,2573.4,0
84.2544,4280.65,-430.206,197.655,6.74118,2603.44,0
84.9368,4312.28,-456.171,191.366,0.637944,2210.15,0
85.6227,4295.15,-442.892,176.228,4.03078,2392.53,0
86.32,4302.05,-434.295,201.812,2.79424,2293.26,0
86.9996,4305.2,-450.952,182.557,1.74723,2239.11,0
87.6884,4297.4,-442.232,188.282,3.0666,2310.44,0
88.3718,4307.06,-462.934,164.418,1.07438,2183.28,0
89.0593,4284.93,-459.492,135.798,4.79549,2414.94,0
89.7435,4283.49,-445.02,141.407,5.39027,2412.51,0
90.4288,4309.64,-453.85,144.794,0.93482,2105.11,0
91.1172,4307.13,-462.385,130.304,1.0267,2116.71,0
91.7933,4287.58,-463.141,131.103,3.5412,2314.14,0
92.4829,4286.62,-456.334,141.244,3.78702,2307.26,0
93.1659,4278.98,-462.133,151.968,4.03951,2372.34,0
93.8459,4287.38,-462.099,127.634,2.93734,2265.67,0
94.5308,4276.94,-443.989,120.299,5.11042,2359.6,0
95.214,4323.21,-396.829,120.952,1.80453,1856.75,0
95.8995,4328.18,-367.859,114.387,3.17827,1791.7,0
96.5955,4308.24,-357.291,90.2401,6.47803,1985.14,0
97.2722,4307.84,-359.132,72.2692,5.73662,1975.53,0
97.943,4339.29,-358.283,75.81,1.43668,1640.81,0
98.63,4326.83,-354.313,83.8693,3.06451,1755.8,0
99.3139,4342.81,-362.991,81.7792,0.325257,1582.73,0
99.9999,4328.47,-354.698,47.9901,3.06851,1715.27,0
100.675,4337.31,-341.735,4.80935,3.01618,1615.97,0
101.356,4339.09,-342.269,-3.85915,2.70738,1587.56,0
102.043,4343.26,-351.28,-1.75143,1.45751,1535.99,0
102.722,4328.38,-352.412,10.3156,3.14019,1670.7,0
103.415,4343.68,-345.374,-6.7859,1.63055,1511.55,0
104.096,4348.35,-345.776,0.335934,0.993401,1456.85,0
104.776,4325.34,-349.77,-16.5973,3.42825,1667.01,0
105.458,4316.15,-346.924,-24.61,4.62471,1743.39,0
106.138,4340.28,-362.285,-25.7158,0.196028,1504.82,0
106.827,4324.59,-328.797,-11.1129,4.4911,1642.02,0
107.514,4324.77,-352.326,-13.9807,2.38825,1629.87,0
108.191,4323.74,-366.2,-10.9242,1.36282,1629.16,0
108.876,4334.1,-348.176,-26.2153,1.32656,1523.77,0
109.562,4321.91,-333.365,-31.0141,3.91161,1625.43,0
110.235,4309.29,-309.874,-40.9475,6.75729,1730.02,0
110.904,4322.45,-305.494,-59.0069,4.61276,1600.96,0
111.588,4313.35,-301.549,-49.7551,5.73047,1672.66,0
112.276,4296.83,-302.746,-52.6818,6.53574,1809.56,0
112.966,4295.18,-317.651,-52.8008,4.78894,1813.11,0
113.651,4292.17,-306.464,-40.1664,5.9021,1828.7,0
114.329,4286.03,-299.229,-48.6871,6.61598,1871.54,0
115.009,4295.22,-291.042,-59.1617,5.2855,1780.61,0
115.689,4297.44,-285.64,-61.3588,5.07563,1750.88,0
116.374,4288.19,-284.079,-52.9824,5.78774,1820.07,0
117.059,4286.93,-304.958,-69.7909,3.56691,1820.23,0
117.73,4277.63,-323.82,-82.4589,2.76086,1888.8,0
118.42,4265.14,-327.301,-100.05,3.46677,1983.28,0
119.099,4258.26,-312.978,-98.7709,5.21292,2029.75,0
119.787,4251.6,-323.214,-112.729,4.70281,2073.67,0
120.478,4267.08,-327.555,-124.204,1.77266,1933.3,0
121.168,4257.93,-350.846,-130.121,0.918468,1997.85,0
121.859,4237.85,-374.794,-122.541,1.7835,2151.25,0
122.537,4217.49,-391.539,-117.475,3.22028,2305.49,0
123.225,4216.39,-388.371,-115.43,3.53744,2301.53,0
123.902,4220.57,-377.952,-164.881,2.2966,2255.27,0
124.601,4224.25,-355.731,-182.912,2.81081,2213.07,0
125.286,4240.94,-350.842,-191.111,0.409063,2067.75,0
125.968,4211.37,-357.564,-177.256,4.35738,2291.26,0
126.648,4183.13,-364.534,-169.261,6.89948,2501.97,0
127.337,4182.6,-346.251,-174.427,6.71916,2492.6,0
128.028,4188.43,-339.954,-168.512,5.74627,2433.64,0
128.714,4165.29,-326.664,-167.436,9.10766,2600.44,0
129.398,4166.74,-329.424,-167.585,7.3246,2575.44,0
130.082,4165.51,-331.971,-146.753,7.15521,2571.41,0
130.773,4157,-324.625,-156.804,7.51086,2622.89,0
131.451,4149.8,-317.645,-168.076,7.43213,2664.08,0
132.135,4158.5,-315.043,-162.506,5.92627,2584.46,0
132.815,4153.69,-303.854,-155.27,7.13367,2607.44,0
133.498,4136.37,-315.467,-160.481,7.31087,2723.83,0
134.174,4136.61,-327.123,-193.927,3.81312,2708.34,0
134.862,4137.96,-328.415,-213.202,2.36962,2684.54,0
135.544,4122.82,-358.746,-230.132,0.894939,2782.72,0
136.22,4122.7,-337.937,-220.188,3.1885,2769.77,0
136.903,4103.84,-345.69,-231.814,4.27932,2893.73,0
137.59,4067.09,-344.951,-202.69,9.84837,3146.39,0
138.279,4085.45,-360.901,-190.908,4.877,2997.89,0
138.958,4078.56,-352.901,-183.033,6.7435,3032.85,0
139.64,4079.83,-339.901,-180.198,6.87045,3008.97,0
140.318,4084.47,-324.128,-166.066,7.77409,2961.32,0
141,4097.37,-319.459,-151.367,6.27602,2855.52,0
141.681,4098.66,-300.706,-151.978,7.32124,2832.68,0
142.377,4115.25,-300.744,-142.679,4.54675,2702.32,0
143.063,4130.27,-289.141,-120.028,4.60403,2584.36,0
143.749,4120.42,-305.8,-123.572,3.59116,2640.56,0
144.439,4113.36,-308.557,-132.554,3.72373,2676.81,0
145.122,4093.61,-332.668,-120.434,4.04551,2800.29,0
145.806,4079.77,-373.784,-101.109,1.99891,2882.1,0
146.49,4056.83,-363.625,-102.462,6.61623,3025.29,0
147.172,4068.6,-363.968,-102.448,4.35707,2931.26,0
147.859,4076.69,-343.222,-118.729,4.82816,2862.93,0
148.542,4078.83,-336.988,-159.438,3.17079,2835.37,0
149.227,4075.52,-301.509,-160.702,7.4614,2844.52,0
149.915,4071.05,-308.448,-155.271,6.48111,2861.28,0
150.602,4088.61,-297.665,-136.608,5.65874,2731.65,0
151.297,4085.6,-281.882,-162.767,5.82251,2738.98,0
151.972,4103.62,-275.451,-169.767,3.05108,2608.22,0
152.655,4111.65,-289.574,-159.536,0.906115,2543.97,0
153.333,4106.95,-303.825,-116.482,2.1855,2563.4,0
154.023,4080.4,-313.319,-141.062,3.62766,2724.25,0
154.711,4077.09,-315.142,-128.939,4.40454,2733.56,0
155.395,4063.38,-330.362,-128.047,3.9703,2809.75,0
156.067,4063.77,-331.987,-120.133,3.89888,2795.16,0
156.754,4034.91,-330.074,-136.179,7.48994,2966.97,0
157.441,4033.39,-330.531,-146.839,6.13781,2963.68,0
158.13,4002.3,-333.568,-146.855,8.45712,3147.42,0
158.809,3990.66,-322.683,-143.707,10.1342,3207.22,0
159.497,3967.74,-313.728,-136.972,2.47295,3337.15,0
160.18,3942.06,-299.645,-126.253,9.30783,3483.18,0
160.857,3959.34,-298.496,-125.249,5.89433,3361.15,0
161.545,3993.35,-284.131,-147.593,1.16511,3136.27,0
162.232,3983.96,-285.411,-167.307,0.777894,3180.88,0
162.921,3965.83,-277.815,-175.236,3.9295,3278.72,0
163.608,3940.69,-284.809,-181.167,6.11228,3418.61,0
164.298,3945.52,-272.84,-171.169,7.53897,3374.85,0
164.983,3938.23,-298.228,-187.004,2.655,3405.01,0
165.662,3924.74,-285.155,-187.254,6.88934,3472.48,0
166.347,3894.26,-276.135,-185.062,1.11835,3641.43,0
167.045,3871.22,-277.418,-197.47,3.12429,3764.16,0
167.724,3854.64,-282.949,-206.772,3.39135,3847.74,0
168.408,3837.72,-282.749,-208.907,5.7637,3932.57,0
169.092,3833.18,-279.28,-209.466,5.94682,3943.55,0
169.785,3831.43,-297.811,-212.715,1.37511,3937.75,0
170.465,3790.2,-333.512,-208.749,2.17288,4163.9,0
171.161,3775.54,-327.064,-208.313,6.61101,4232.6,0
171.834,3779.24,-334.696,-212.619,2.18365,4194.53,0
172.526,3751.81,-315.267,-198.477,3.83466,4336.7,0
173.211,3730.2,-315.667,-184.179,10.3987,4444.32,0
173.89,3736.87,-312.538,-184.963,7.9117,4388.58,0
174.572,3724.5,-316.691,-180.263,8.55334,4442.32,0
175.26,3732.2,-289.057,-175.556,6.11736,4380.95,0
175.952,3723.15,-313.918,-140.839,4.72772,4415.13,0
176.627,3707.27,-316.957,-152.034,4.08519,4488.17,0
177.305,3710.81,-313.229,-145.087,5.26478,4451.02,0
177.98,3699.42,-290.713,-125.715,9.68801,4498.13,0
178.673,3686.59,-271.892,-109.178,0.463391,4552.51,0
179.352,3691.94,-263.634,-121.803,0.855713,4505.46,0
180.021,3663.89,-258.369,-111.473,12.6423,4644.48,0
180.701,3670.23,-251.3,-106.223,4.95024,4591.93,0
181.385,3667.69,-221.754,-114.546,9.93598,4588.61,0
182.073,3681.76,-225.108,-109.469,6.81083,4494,0
182.737,3706.49,-223.485,-104.246,5.13958,4342.37,0
183.414,3701.86,-229.75,-108.415,1.2953,4351.59,0
184.101,3702.04,-218.824,-103.852,8.15692,4334.38,0
184.788,3691.36,-228.99,-102.794,3.11069,4376.08,0
185.471,3700.37,-216.713,-103.453,7.69841,4311.33,0
186.153,3704.74,-214.822,-120.216,3.28707,4272.11,0
186.834,3705.73,-216.743,-121.538,1.32041,4251.18,0
187.52,3708.93,-196.915,-136.888,5.17876,4218.57,0
188.19,3722.73,-187.15,-130.899,8.29238,4130.25,0
188.884,3757.1,-183.818,-117.461,7.85077,3933.12,0
189.568,3754.06,-178.953,-119.021,7.50597,3934.92,0
190.262,3764.95,-163.345,-97.4518,3.38248,3863.33,0
190.944,3762.78,-158.251,-74.8388,8.61939,3860.95,0
191.626,3747.24,-165.146,-101.565,1.16337,3928.27,0
192.319,3728.66,-161.596,-95.3807,5.52991,4010.71,0
192.998,3721.62,-153.355,-107.785,6.03578,4033.11,0
193.681,3732.23,-149.637,-88.5715,10.568,3964.11,0
194.372,3734.53,-127.781,-99.8327,2.96362,3938.2,0
195.052,3701.67,-129.259,-90.4038,7.57984,4092.93,0
195.74,3692.82,-109.315,-79.9077,7.10751,4123.71,0
196.423,3681.6,-110.522,-90.1503,3.43005,4166.53,0
197.115,3704.23,-90.7859,-85.0593,10.5045,4037.09,0
197.801,3707.09,-56.2944,-84.0169,8.63444,4008.63,0
198.488,3711.34,-53.2905,-85.2018,7.71511,3973.35,0
199.174,3717.57,-53.7032,-80.5175,7.99648,3928.39,0
199.864,3705.4,-66.4712,-88.0418,1.77917,3975.71,0
200.555,3705.75,-62.6751,-89.429,1.98774,3960.27,0
201.245,3710.66,-42.0904,-74.0059,11.3172,3922.28,0
201.932,3698.08,-32.9869,-74.9785,1.5447,3971.23,0
202.621,3703.27,-34.6974,-67.8049,3.54625,3932.09,0
203.31,3711.89,-42.9755,-66.1982,1.05784,3876.41,0
204.002,3701.12,-32.3224,-57.559,6.18705,3916.06,0
204.691,3677.62,-22.4155,-60.2825,6.55262,4017.66,0
205.374,3670.79,-35.3509,-59.3912,3.72221,4037.57,0
206.075,3667.17,-40.1065,-58.2225,2.71662,4041.38,0
206.765,3658.7,-33.7571,-52.2488,7.06758,4068.86,0
207.447,3637,-57.8029,-75.2075,4.35863,4160.11,0
208.14,3625.94,-63.1103,-72.7435,7.87481,4199.39,0
208.816,3648.21,-66.9849,-67.068,5.63492,4079.12,0
209.503,3638.6,-75.4202,-69.8258,4.66721,4111.65,0
210.188,3632.53,-72.0789,-58.5911,9.9885,4127.13,0
210.868,3612.77,-65.5664,-73.7877,3.71164,4207.51,0
211.55,3598.12,-55.4193,-66.3374,4.67829,4263.19,0
212.235,3598.69,-39.4611,-45.2569,7.10459,4246.77,0
212.921,3600.74,-33.517,-33.3956,6.7035,4223.46,0
213.615,3608.02,-36.8358,-9.63398,3.27568,4175.63,0
214.306,3605.97,-30.5959,-2.51837,4.08642,4171.76,0
214.994,3587.34,-29.4323,-10.21,0.983889,4245.05,0
215.678,3559.27,-27.3907,-8.067,6.27111,4361.76,0
216.371,3552.21,-39.7009,38.9575,5.93863,4380.38,0
217.056,3548.42,-37.5779,36.6571,8.42296,4384.02,0
217.739,3514.55,-51.1507,35.8123,5.86499,4525.85,0
218.438,3499.69,-31.8383,25.226,9.63267,4579.36,0
219.116,3485.4,-22.1432,6.2332,2.70396,4630.44,0
219.321,3475.64,-4.80877,-3.34689,13.8434,4670.58,1
