0.673642,4492.16,340.487,489.912,1.08435,11640.4,0
1.36182,4483.5,336.417,446.451,3.54721,12116.7,0
2.05641,4504.61,323.141,469.042,0.303481,-2239.77,0
2.74232,4478.62,336.631,472.068,3.15043,7797.62,0
3.42512,4485.8,329.764,466.492,2.44955,4146.25,0
4.10567,4502.02,309.57,462.375,0.924866,-492.125,0
4.77682,4497.57,313.936,464.885,1.27544,509.43,0
5.46191,4487.25,325.999,435.605,3.16641,2335.02,0
6.15202,4496.8,312.608,444.174,1.9145,520.894,0
6.84345,4481.44,294.287,411.284,5.27128,2711.37,0
7.52505,4508.38,303.693,420.051,1.09941,-1114.03,0
8.20058,4506.02,314.512,406.519,1.52961,-733.528,0
8.88994,4502.26,286.045,390.74,3.21337,-253.994,0
9.56571,4492.43,297.629,400.382,3.5495,791.477,0
10.2451,4495.79,309.335,396.319,2.7674,410.623,0
10.9391,4489.56,334.989,412.341,2.14308,953.922,0
11.6304,4470.93,303.222,413.958,4.89427,2499.7,0
12.3176,4480.31,255.973,407.937,4.9415,1598.89,0
13.0112,4470.16,278.857,427.368,4.6282,2293.2,0
13.6759,4477.1,293.094,384.308,4.65716,1674.57,0
14.3613,4502.27,276.826,360.323,2.75235,-158.395,0
15.0436,4489.51,286.403,352.34,4.14254,697.039,0
15.7225,4482.53,268.628,330.046,6.12193,1111.16,0
16.4142,4493.16,244.998,334.145,4.88133,416.951,0
17.1008,4514.67,247.153,378.891,0.113385,-857.891,0
17.7902,4501.51,231.603,366.064,2.70862,-84.6624,0
18.4743,4483.36,240.765,364.812,4.43107,900.467,0
19.1603,4488.24,243.976,354.003,3.95769,613.99,0
19.8432,4502.44,245.574,364.796,1.59445,-122.883,0
20.526,4486.78,223.872,352.075,4.49693,644.024,0
21.2107,4463.67,234.653,350.762,6.57723,1713,0
21.8942,4492.65,236.572,357.248,2.25701,335.524,0
22.5768,4475.6,257.357,403.638,1.79086,1080.86,0
23.2594,4444.13,258.744,398.274,5.66438,2402.04,0
23.9373,4434.75,254.664,403.853,6.06394,2725.7,0
24.6203,4428.37,262.868,398.513,5.9566,2909.52,0
25.2943,4414.23,258.844,380.41,7.54677,3390.78,0
25.9762,4403.22,258.216,366.037,7.97285,3725.61,0
26.6564,4413.22,243.024,357.393,6.43833,3255.38,0
27.3372,4406.48,253.19,365.854,5.63132,3421.12,0
28.0258,4420.51,286.499,390.497,1.64147,2836.43,0
28.7146,4415.23,312.598,383.994,1.67691,2952.11,0
29.402,4411.15,314.003,402.309,1.3839,3021.85,0
30.0897,4409.4,330.896,423.627,0.303689,3011.08,0
30.7834,4384.47,348.041,469.131,1.49224,3753.01,0
31.4724,4386.7,320.342,444.852,2.74356,3599.84,0
32.1732,4374.01,352.94,438.307,3.53557,3915.85,0
32.8646,4365.79,348.812,402.035,5.69316,4083.68,0
33.5582,4359.63,331.779,408.022,6.28064,4182.75,0
34.2469,4373.53,347.225,380.4,4.56759,3692.76,0
34.9313,4395.85,354.51,365.269,1.8319,2981.43,0
35.611,4384.46,365.724,354.213,3.1568,3244.59,0
36.2909,4377.85,370.211,380.044,2.8511,3365.73,0
36.9762,4362.52,380.569,375.721,4.53435,3718.16,0
37.6548,4341.07,393.087,387.075,6.04461,4220.6,0
38.3378,4349.74,401.656,390.132,4.20882,3919.38,0
39.0274,4350.8,384.286,401.481,4.06868,3823,0
39.715,4362.18,407.047,384.156,2.23809,3470.14,0
40.4052,4332.72,416.747,408.211,5.11586,4139.98,0
41.0925,4332.99,417.676,421.004,4.3017,4064.26,0
41.7804,4318.5,429.349,433.343,5.15986,4344.09,0
42.4609,4309.36,425.51,424.333,6.21887,4489.74,0
43.1492,4325.33,430.904,404.98,4.11567,4048.14,0
43.8332,4335.69,453.727,366.421,2.82749,3748.49,0
44.5254,4333.05,473.347,369.545,2.34196,3749.63,0
45.2049,4320.38,459.101,357.677,4.79459,3973.41,0
45.8955,4335.63,439.977,392.401,2.34584,3581.41,0
46.5732,4324.03,430.935,412.611,3.45115,3778.27,0
47.2546,4320.22,417.281,404.623,4.38552,3804.47,0
47.9464,4308.38,433.563,412.879,4.94153,3996.48,0
48.6238,4308.84,458.813,395.406,4.10267,3931.45,0
49.2967,4305.88,465.434,432.616,3.14262,3937.74,0
49.9861,4293.48,452.829,439.916,4.78338,4131.48,0
50.6722,4291.41,473.45,445.499,4.1797,4116.4,0
51.3467,4278.92,478.623,452.782,5.3279,4305.67,0
52.0355,4294.52,469.984,461.415,2.92669,3948.76,0
52.7185,4287.42,481.963,468.449,3.25143,4032.31,0
53.4071,4281.86,475.482,500.265,3.28468,4084.48,0
54.0857,4290.94,521.905,487.054,1.26832,3865.43,0
54.7676,4285.18,550.205,470.977,1.67904,3922.41,0
55.4568,4283.85,542.607,470.029,1.97558,3897.56,0
56.1414,4260.76,541.607,503.558,4.28389,4261.34,0
56.832,4250.29,549.351,510.105,4.9463,4393.74,0
57.5206,4278.66,566.599,525.613,0.377135,3847.98,0
58.2064,4275.67,563.302,529.249,0.730401,3854.01,0
58.8908,4264.64,598.943,510.161,1.82679,3996.6,0
59.5871,4269.66,596.365,537.071,0.87105,3865.58,0
60.2763,4254.27,613.992,523.58,2.66532,4076.66,0
60.9624,4230.46,615.827,554.754,4.87452,4421.46,0
61.6403,4223.12,615.569,539.18,5.44061,4491.91,0
62.3203,4233.77,611.311,544.937,3.66261,4271.95,0
63.0075,4238.25,622.079,557.683,2.47078,4154.3,0
63.6955,4232.29,615.875,525.662,3.70754,4203.01,0
64.3774,4230.42,602.736,559.066,3.51322,4187.52,0
65.065,4230.93,606.914,576.328,3.0762,4135.36,0
65.7581,4237.56,587.628,555.399,2.67767,3991,0
66.4401,4230.51,613.364,528.891,3.56699,4056.15,0
67.1163,4245.75,598.809,523.057,1.81458,3788.21,0
67.7953,4264.75,558.602,465.588,0.984271,3469.94,0
68.4868,4268.03,558.875,457.492,0.677485,3387.07,0
69.1733,4247.22,551.97,466.942,3.42011,3654.37,0
69.8464,4226.02,552.068,467.917,6.04436,3922.64,0
70.5311,4229.2,554.772,437.033,5.9132,3839.45,0
71.2099,4255.87,556.159,423.188,2.20033,3428.38,0
71.8845,4258.61,560.984,432.418,1.49665,3357.99,0
72.5703,4259.02,529.043,451.257,1.79311,3320.61,0
73.2576,4276.75,535.735,404.836,0.129658,3047.51,0
73.9421,4257.93,537.049,413.138,2.48726,3273.78,0
74.6271,4266.08,541.209,446.031,0.575255,3134.53,0
75.3073,4266.17,525.547,453.672,0.778768,3105.02,0
75.9957,4264.41,522.384,471.645,0.704841,3099.99,0
76.6829,4237.42,494.816,462.476,5.28192,3424.24,0
77.3659,4230.46,497.838,473.05,5.60477,3483.91,0
78.0474,4222.02,492.334,478.332,6.01859,3561.64,0
78.7493,4211.21,495.491,461.134,7.21329,3667.15,0
79.4214,4209.49,512.908,475.225,5.9356,3657.79,0
80.0991,4209.64,524.192,475.834,5.04469,3624.98,0
80.7871,4217.19,519.065,464.136,4.11874,3500.66,0
81.4837,4180.83,527.665,449.254,7.99239,3917.02,0
82.1687,4174.58,505.492,431.003,8.52616,3960.37,0
82.8585,4176.98,510.116,426.219,6.08398,3898.44,0
83.5426,4162.9,501.483,420.651,7.68786,4035.01,0
84.2316,4151.4,499.209,420.329,8.17836,4138.62,0
84.9035,4145.4,478.316,428.091,8.45539,4176.54,0
85.5855,4151.89,502.797,456.619,4.58667,4067.4,0
86.27,4150.25,490.096,441.527,4.91493,4054.17,0
86.9568,4172.66,499.162,436.651,1.43265,3764.38,0
87.6471,4171.85,524.358,420.754,1.18011,3744,0
88.3347,4176.38,540.84,414.593,0.191991,3663.58,0
89.0257,4160.33,532.129,406.202,2.86721,3815.37,0
89.715,4124.44,522.527,409.478,7.97021,4186.1,0
90.3888,4120.31,523.538,428.219,6.79814,4200.62,0
91.0781,4131.35,502.071,418.403,5.04099,4047.66,0
91.7679,4112.97,480.649,424.248,7.82769,4217.46,0
92.4488,4063.84,453.458,408.88,3.74244,4717.9,0
93.142,4037.88,462.887,401.121,6.8474,4961.51,0
93.824,4017.8,469.11,398.659,8.9219,5139.39,0
94.5003,4026.64,475.614,388.373,6.05001,5009.1,0
95.183,4026.85,480.262,396.58,5.22472,4970.98,0
95.8681,4011.85,477.681,419.409,6.43307,5091.86,0
96.5473,4005.38,491.644,412.171,6.37397,5123.13,0
97.2341,4020.34,473.125,406.469,4.30981,4933.08,0
97.9166,4025.62,497.11,394.001,2.70215,4844.73,0
98.5929,4011.86,477.297,383.37,5.74522,4951.08,0
99.2755,4022.96,465.549,365.845,4.75829,4805.25,0
99.9672,4043.43,453.508,367.039,1.77024,4567.19,0
100.663,4033.89,476.795,363.082,2.3711,4630.35,0
101.345,4003.86,461.706,361.334,7.75014,4895.56,0
102.029,4018.39,439.39,341.806,6.21814,4720.37,0
102.712,4018.29,459.832,348.05,4.15147,4689.87,0
103.4,4011.82,452.431,355.625,5.16521,4721.28,0
104.09,4007.8,452.128,364.335,5.24123,4728.6,0
104.785,4007.76,472.162,360.368,4.1421,4697.61,0
105.469,4029.27,491.472,315.13,1.12425,4463.25,0
106.153,4017.47,487.9,309.87,3.4755,4545.63,0
106.837,4004.87,495.635,296.57,5.55315,4634.46,0
107.52,3998.41,505.707,292.705,5.72174,4665.06,0
108.204,3992.03,515.992,297.742,5.48596,4694.5,0
108.881,3997.01,522.695,287.936,4.38032,4619.62,0
109.564,3981.89,543.072,284.15,5.58501,4728.8,0
110.236,3979.76,545.928,286.815,5.21918,4719.33,0
110.921,3966.96,567.597,279.618,5.82846,4805.62,0
111.611,3964.99,556.401,272.468,6.11595,4793.56,0
112.304,3949.09,573.587,257.597,7.58033,4905.55,0
112.983,3955.09,563.114,250.873,6.43846,4822.92,0
113.671,3952.43,582.82,270.117,5.06238,4817.18,0
114.358,3924.75,574.297,286.63,8.954,5030.27,0
115.043,3928.43,579.337,293.96,6.61216,4968.29,0
115.729,3942.89,555.831,301.136,4.51613,4813.92,0
116.418,3920.41,552.361,275.588,7.86269,4978.55,0
117.097,3927.12,548.515,289.772,5.45412,4892.34,0
117.787,3929.87,589.774,306.432,2.31962,4840.3,0
118.477,3933.16,588.673,302.259,1.64317,4784.38,0
119.165,3917.22,588.762,295.54,4.39978,4890.53,0
119.857,3924.84,574.986,310.054,3.27146,4798.72,0
120.54,3920.55,569.334,303.602,4.13083,4807.1,0
121.228,3917.1,569.676,302.696,4.47454,4808.28,0
121.908,3901.7,580.777,302.98,6.2886,4907.76,0
122.577,3912.54,567.552,306.749,4.54571,4792.55,0
123.255,3905.42,570.494,293.249,5.6363,4823.99,0
123.936,3903.36,559.638,284.816,6.07674,4814.08,0
124.619,3901.09,552.659,319.926,5.42025,4805.94,0
125.311,3914.04,554.303,308.303,2.93267,4676.01,0
125.984,3898.07,560.913,323.668,4.93677,4777.86,0
126.667,3877.15,566.975,318.551,7.65873,4917.22,0
127.353,3879.65,576.022,308.54,5.90288,4871.13,0
128.043,3885.04,574.892,331.104,3.8708,4802.79,0
128.722,3890.81,576.169,334.741,2.67265,4732.59,0
129.406,3880.39,582.833,305.939,4.71386,4788.08,0
130.088,3871.19,590.787,313.065,5.64522,4833.74,0
130.77,3874.3,590.315,311.072,4.71779,4784.74,0
131.455,3888.71,633.528,284.942,1.05499,4650.16,0
132.145,3874.68,615.565,267.757,3.99945,4732.06,0
132.828,3870.82,614.588,273.475,4.51477,4736.8,0
133.509,3870.68,623.602,266.802,3.93393,4713.69,0
134.197,3889.19,599.347,269.491,1.5643,4551.56,0
134.873,3880.77,613.995,268.36,2.45408,4591.22,0
135.553,3862.21,603.852,260.828,5.95349,4705.1,0
136.24,3897.12,584.33,253.137,0.412987,4425.13,0
136.927,3877.31,554.848,242.324,5.82807,4547.57,0
137.618,3876.99,554.114,224.325,5.68362,4527.11,0
138.314,3867.5,558.25,217.063,6.99063,4572.9,0
138.999,3887.96,563.965,222.42,2.08517,4403.2,0
139.69,3884.64,582.057,233.75,1.37956,4405.19,0
140.379,3871.01,591.343,244.425,3.16134,4480.64,0
141.06,3858.87,583.395,238.042,5.43617,4545.07,0
141.748,3869.15,596.067,248.006,2.43936,4450.52,0
142.428,3828.08,585.041,236.902,9.98768,4717.6,0
143.11,3855.37,576.154,243.315,4.08372,4504.44,0
143.794,3836.04,583.978,229.433,7.13343,4617.42,0
144.482,3822.82,592.746,231.55,7.89144,4686.96,0
145.163,3837.09,594.335,226.232,4.49879,4566.69,0
145.851,3853.28,565.967,208.67,3.2119,4434.1,0
146.538,3832.27,551.302,208.135,7.81443,4556.72,0
147.224,3820.36,565.643,207.49,8.13309,4616.37,0
147.917,3818.41,553.376,202.611,7.69222,4607.9,0
148.611,3802.18,537.315,206.209,10.6989,4695.6,0
149.3,3775.94,532.815,203.666,3.35777,4849.69,0
149.995,3768.52,557.14,249.431,1.84716,4876.67,0
150.685,3778.68,522.557,214.593,3.26067,4786.91,0
151.377,3780.2,511.229,216.462,3.67991,4755.01,0
152.059,3773.78,537.444,210.875,2.75199,4775.9,0
152.738,3761.81,541.701,207.458,4.89006,4833.06,0
153.427,3766.68,543.881,230.648,2.62404,4779.57,0
154.113,3758.71,511.346,240.549,6.58599,4810.04,0
154.796,3737.25,518.417,240.079,10.0837,4927.46,0
155.484,3746.06,519.488,244.841,5.88179,4849.01,0
156.157,3748.45,525.336,233.897,5.10451,4812.8,0
156.85,3746.78,534.181,254.57,3.84398,4802.15,0
157.545,3764.47,512.293,260.303,0.684948,4668.7,0
158.225,3739.86,513.222,278.821,5.32458,4804.2,0
158.924,3729.08,520.298,277.39,6.4907,4850.88,0
159.61,3731.48,501.073,264.289,6.82399,4814.99,0
160.298,3733.42,507.231,256.697,4.9497,4782.26,0
160.983,3739.67,495.785,240.323,4.27938,4723.06,0
161.671,3736.92,512.371,253.781,2.54453,4719.96,0
162.356,3735.51,517.282,242.959,2.93495,4708.72,0
163.029,3727.01,515.526,246.143,4.91246,4741.42,0
163.707,3729.57,545.057,223.045,2.5482,4706.17,0
164.394,3710.8,518.132,245.329,8.14897,4800.66,0
165.08,3714.42,517.097,250.456,5.55304,4758.78,0
165.76,3728.49,514.739,253.928,1.62244,4654.37,0
166.439,3716.19,497.969,215.563,8.22274,4709.28,0
167.132,3720.19,485.642,213.066,7.79944,4665.81,0
167.811,3703.41,451.775,220.043,4.84843,4746.97,0
168.502,3689.33,457.338,213.97,8.65883,4811.04,0
169.193,3665.99,469.068,197.995,2.93943,4929.36,0
169.874,3651.64,484.15,205.517,4.33873,4994.06,0
170.562,3650.2,464.365,207.466,8.89632,4982.35,0
171.248,3635.08,466.291,204.198,2.89201,5050.68,0
171.932,3652.2,437.637,208.882,3.13751,4931.04,0
172.626,3654.65,425.852,191.603,8.52219,4897.03,0
173.297,3632.1,420.552,185.591,9.4234,5008.2,0
173.978,3636.77,405.597,176.693,4.99746,4961.75,0
174.657,3631.11,401.06,159.379,1.00638,4974.83,0
175.348,3625.91,381.718,182.013,8.07207,4984.87,0
176.045,3611.78,400.129,171.97,3.47154,5045.39,0
176.738,3595.47,412.622,164.886,4.2999,5117.95,0
177.428,3583.79,397.031,160.768,2.21272,5163.84,0
178.109,3562.35,383.644,141.808,13.1969,5264.46,0
178.797,3557.16,376.956,133.791,8.39425,5273.26,0
179.481,3545.74,376.595,117.874,5.27231,5316.8,0
180.156,3540.82,374.131,117.449,6.63694,5324.14,0
180.853,3517.03,389.945,103.7,5.92273,5435.17,0
181.535,3518.68,392.698,90.3132,5.43134,5405.72,0
182.221,3532.74,403.299,111.348,5.06153,5308.17,0
182.909,3526.3,426.169,102.271,5.24487,5323.39,0
183.589,3510.79,422.661,107.685,3.11725,5388.2,0
184.268,3520.7,418.031,89.6852,2.61993,5314.54,0
184.96,3510.66,386.509,83.9272,2.54486,5348.91,0
185.638,3521.94,400.039,89.8325,2.40845,5268.63,0
186.317,3526.64,393.209,68.7583,2.35248,5224.19,0
187,3523.66,403.891,45.829,2.26071,5221.05,0
187.688,3524.4,413.282,51.3701,6.81005,5197.97,0
188.369,3525.84,395.435,57.3111,5.99673,5171.55,0
189.06,3514.27,398.822,43.0977,5.3357,5213.83,0
189.749,3506.97,410.075,46.8855,4.96002,5233.37,0
190.437,3500.78,396.53,43.1871,5.20549,5247,0
191.119,3507.97,399.016,48.0721,4.46116,5190.66,0
191.805,3488.18,374.409,62.3187,6.24151,5275.24,0
192.509,3486.26,356.017,75.0269,6.41655,5265.97,0
193.187,3490.03,371.593,73.1753,4.45196,5227.93,0
193.876,3494.85,380.382,83.5795,3.02158,5184.51,0
194.559,3513.68,378.374,78.9344,2.21804,5069.53,0
195.238,3521.63,397.738,111.908,2.17642,5011.18,0
195.92,3506.74,419.688,107.557,2.1123,5069.73,0
196.609,3496.97,411.102,117.93,2.88505,5101.65,0
197.294,3478.24,434.015,116.02,3.8958,5178.87,0
197.979,3474.14,452.758,97.7794,3.56085,5181.67,0
198.662,3466.83,450.21,113.063,4.36313,5200.65,0
199.342,3468.14,440.06,116.821,4.18703,5176.32,0
200.022,3460.24,430.879,88.4022,5.49767,5198.23,0
200.714,3448.46,435.995,106.483,5.87512,5239.01,0
201.413,3435.87,436.027,113.811,6.68519,5283.32,0
202.094,3422.6,443.754,142.98,6.27428,5331.2,0
202.788,3415.2,455.149,130.188,6.21146,5349.43,0
203.477,3437.08,469.979,154.551,1.88009,5223.78,0
204.155,3411.96,530.94,182.064,2.04695,5329.45,0
204.838,3417.95,529.174,154.415,1.69829,5282.48,0
205.521,3422.3,524.166,147.538,1.4136,5243.74,0
206.201,3434.12,497.288,138.51,1.20135,5169.12,0
206.898,3417.16,549.36,164.924,0.837584,5233.71,0
207.58,3393.59,539.969,170.213,4.15265,5330.06,0
208.274,3386.42,551.602,181.273,4.20584,5346.73,0
208.956,3369.62,553.539,185.004,5.73865,5409.66,0
209.647,3363.89,560.988,165.65,5.92234,5419.13,0
210.332,3356.5,559.698,180.224,5.96476,5436.66,0
211.022,3374.22,585.678,174.486,2.39408,5334.87,0
211.712,3365.51,613.116,182.416,2.37589,5358.62,0
212.398,3357.42,638.458,152.283,2.73179,5379.45,0
213.073,3354.04,633.869,156.909,3.01824,5378.26,0
213.752,3346.29,648.397,136.296,3.60727,5397.43,0
214.433,3352.5,623.297,135.126,3.46465,5351.31,0
215.115,3338.91,653.079,157.42,3.96608,5397.54,0
215.792,3337.42,656.654,194.045,3.59574,5387.51,0
216.476,3354.3,696.648,182.718,0.230618,5292.49,0
217.163,3337.02,689.916,210.946,2.41031,5355.34,0
217.851,3327.95,687.194,217.49,3.39179,5380.08,0
218.531,3337.92,673.511,224.512,2.27679,5317.68,0
219.215,3339.34,676.989,214.581,2.051,5294.63,0
219.896,3320.8,683.003,253.673,3.78221,5362.54,0
220.576,3306.8,679.688,239.724,5.46723,5409.5,0
221.272,3297.54,696.347,240.605,5.49807,5434.28,0
221.96,3282.06,694.537,228.459,7.3088,5487.23,0
222.647,3282.74,671.636,242.82,7.00515,5467.23,0
223.333,3299.4,673.326,227.641,4.41221,5375.85,0
224.02,3297.31,664.334,225.309,4.34716,5368.68,0
224.711,3307.06,672.397,245.941,2.22991,5308.76,0
225.39,3285.74,658.872,242.229,5.14742,5387.37,0
226.078,3283.08,654.813,232.156,5.29511,5382.73,0
226.757,3292.02,670.299,223.642,3.36949,5327.22,0
227.455,3299.79,682.396,228.339,1.81802,5276.69,0
228.134,3288.67,701.51,262.512,2.51145,5309.73,0
228.812,3290.26,703.584,257.589,2.24722,5287.05,0
229.49,3275.81,730.49,229.944,3.65156,5334.38,0
230.178,3288.63,721.077,223.928,2.08778,5262.75,0
230.863,3272.75,723.005,203.86,4.10047,5315.91,0
231.55,3296.1,738.905,209.968,0.544577,5199.32,0
232.236,3298.29,718.197,189.275,0.911697,5174.51,0
232.916,3295.63,673.839,219.181,2.15609,5170.84,0
233.596,3291.09,673.271,197.314,2.90671,5175.19,0
234.284,3303.26,659.719,213.084,1.45498,5108.05,0
234.969,3291.67,688.024,232.582,1.96877,5142.49,0
235.662,3291.77,671.758,246.367,2.12699,5126.94,0
236.354,3287.37,707.298,231.512,1.87402,5130.58,0
237.035,3275.94,711.117,213.777,3.39236,5164.03,0
237.724,3283.28,726.101,218.902,1.8909,5118.2,0
238.403,3284.78,724.852,228.014,1.5544,5097.36,0
239.088,3283.37,740.714,243.489,1.23285,5088.62,0
239.776,3277.54,742.288,217.752,2.11257,5098.34,0
240.455,3280.96,791.285,228.506,0.50249,5069.7,0
241.15,3256.04,793.311,231.299,3.66151,5158.46,0
241.839,3266.47,779.208,237.986,2.48218,5100.63,0
242.535,3246.99,784.773,249.906,4.70594,5166.32,0
243.22,3269.73,785.885,246.734,1.62926,5058.26,0
243.898,3275.05,801.173,252.275,0.609987,5022.4,0
244.582,3271.96,786.847,227.338,1.39506,5020.99,0
245.279,3275.15,808.677,189.251,0.706157,4993.73,0
245.958,3253.5,818.859,181.606,3.17679,5067.95,0
246.647,3237.36,795.715,193.087,5.50597,5119.21,0
247.328,3258.24,788.848,193.211,2.6144,5020.72,0
248.015,3254.73,805.648,187.01,2.47672,5020.94,0
248.708,3266.06,808.007,181.887,0.916732,4961.4,0
249.388,3264.01,767.876,190.947,1.98095,4956.09,0
250.064,3260.32,777.135,183.755,2.24551,4957.44,0
250.747,3230.26,788.758,187.212,5.77473,5063.82,0
251.43,3230.08,783.168,186.52,5.47826,5050.78,0
252.099,3229.66,792.768,175.534,4.97899,5039.05,0
252.775,3244.24,759.871,207.976,3.41999,4967.87,0
253.456,3245.87,758.961,166.404,3.28995,4948.11,0
254.136,3235.18,746.775,155.859,4.78173,4976.95,0
254.818,3217.81,738.399,163.411,6.55426,5031.82,0
255.492,3232.75,753.317,147.672,3.70277,4960.05,0
256.17,3233.61,735.92,147.012,3.70084,4943.54,0
256.855,3227.85,724.189,132.922,4.66742,4952.79,0
257.538,3215.27,736.81,151.989,5.57457,4988.52,0
258.221,3224.75,752.814,164.868,3.36,4938.62,0
258.906,3197.78,750.915,145.36,6.74256,5029.7,0
259.593,3194.71,728.598,135.275,6.82067,5028.24,0
260.279,3203.48,741.071,137.149,4.65519,4981.26,0
260.966,3194.3,732.39,120.012,6.10222,5003.33,0
261.654,3214.37,739.449,118.375,2.83265,4913.47,0
262.338,3203.62,739.011,117.762,4.18195,4941.63,0
263.029,3179.79,760.674,127.555,6.29646,5019.27,0
263.716,3174.34,756.8,106.675,6.19352,5026.85,0
264.394,3176.1,755.633,108.309,5.4654,5007.29,0
265.083,3171.93,740.312,113.741,5.81551,5010.02,0
265.766,3178.56,719.635,101.146,5.05939,4972.19,0
266.457,3198.64,738.349,153.312,1.15691,4883.95,0
267.148,3199.4,706.647,137.952,2.03392,4868.46,0
267.834,3186.3,756.903,133.107,2.41335,4904.91,0
268.521,3188.89,721.513,112.844,3.07152,4882.69,0
269.207,3173.21,727.009,96.8889,4.89429,4928.51,0
269.895,3175.19,701.63,100.938,4.93575,4908.6,0
270.578,3158.62,697.687,91.7467,6.44574,4957.46,0
271.268,3140.07,701.973,82.6499,8.08957,5013.25,0
271.946,3144.24,710.14,68.4277,6.58132,4985.38,0
272.633,3119.06,706.004,63.2858,9.07785,5065.21,0
273.316,3113.13,707.81,88.0776,8.43776,5074.25,0
274.006,3115,695.613,88.6923,6.95229,5054.62,0
274.685,3101.06,682.168,75.7651,7.91101,5092.89,0
275.369,3110,699.037,63.1758,5.35253,5047.77,0
276.059,3121.31,691.733,91.2161,3.43892,4994.17,0
276.742,3117.87,700.329,82.2106,3.52453,4994.28,0
277.432,3100.22,695.072,58.779,6.17623,5045.48,0
278.119,3119.52,681.16,79.3447,3.48348,4963.63,0
278.813,3122.62,659.034,74.4087,3.74102,4940.15,0
279.502,3132.21,649.939,66.1712,2.62376,4893.65,0
280.19,3113.03,671.949,92.0589,4.29621,4950.11,0
280.873,3091.41,682.327,91.7177,6.44832,5015.04,0
281.559,3075.73,688.688,79.7537,7.96457,5058.52,0
282.244,3081.14,689.987,80.3237,6.06593,5027.06,0
282.936,3084.79,702.487,84.8557,4.67228,5001.88,0
283.618,3071.09,690.118,67.0345,6.62121,5038.15,0
284.307,3081.27,706.532,95.1011,4.01983,4990.13,0
285.006,3085.32,717.001,62.1315,3.09591,4963.68,0
285.696,3090.42,701.154,115.049,2.57195,4933.86,0
286.386,3077.77,676.014,132.39,5.09484,4966.15,0
287.066,3062.62,652.588,135.767,7.33978,5007.16,0
287.757,3058.04,653.061,151.438,7.08193,5011.04,0
288.448,3037.06,648.932,165.088,8.60276,5071.76,0
289.124,3026.77,640.273,174.7,8.51975,5095.52,0
289.803,3028.57,658.745,174.612,6.41082,5077.35,0
290.492,2996.37,685.845,181.747,9.10389,5176.14,0
291.178,3008.43,669.179,189.447,6.31427,5122.54,0
291.859,3025.62,665.974,173.534,3.41021,5051.69,0
292.548,3022.56,674.373,137.723,3.7939,5050.24,0
293.232,3035.05,651.376,157.5,2.24835,4995.87,0
293.91,3028.49,645.927,178.276,3.14803,5006.65,0
294.597,3003.87,656.778,156.859,6.43069,5078.56,0
295.276,2988.69,652.376,147.132,8.11918,5118.3,0
295.955,2979.05,667.718,141.849,7.56226,5139.13,0
296.649,2971.82,680.511,125.781,6.93504,5151.47,0
297.343,2948.19,699.256,151.549,8.47659,5218.94,0
298.033,2974.45,688.609,167.296,3.84747,5118.74,0
298.718,2966.34,672.857,175.527,5.32904,5134.13,0
299.396,2959.22,668.688,175.521,5.73582,5146.3,0
300.077,2972.03,666.094,174.912,3.34203,5091.92,0
300.763,2975.23,657.175,209.02,2.68435,5069.67,0
301.458,2972.89,651.899,226.986,2.9523,5065.75,0
302.155,2963.8,650.584,209.737,4.48904,5084.13,0
302.846,2963.18,652.795,207.957,4.19755,5074.6,0
303.537,2965.4,668.04,217.397,3.11601,5055.74,0
304.218,2981.62,677.084,225.818,0.125065,4991.1,0
304.914,2962.95,658.965,255.77,3.26949,5040.93,0
305.6,2965.71,662.443,255.171,2.73092,5020.59,0
306.282,2963.24,664.245,270.674,2.848,5017.49,0
306.969,2959.6,676.009,254.027,3.04101,5018.11,0
307.658,2958.72,708.144,254.824,2.16237,5009.71,0
308.345,2969.54,686.912,258.123,1.10126,4963.46,0
309.03,2967.52,657.687,260.367,2.16917,4959,0
309.714,2972.99,647.041,254.299,1.7293,4930.38,0
310.396,2964.62,628.833,254.637,3.58717,4946.51,0
311.076,2954.54,662.402,241.052,3.55437,4968.11,0
311.757,2953.63,669.675,222.128,3.45419,4960.16,0
312.429,2948.85,684.496,231.575,3.4128,4964.81,0
313.126,2968.98,687.276,212.111,0.160898,4889.46,0
313.811,2952.72,685,200.587,2.84655,4930.62,0
314.501,2943.41,681.386,218.533,4.1329,4949.4,0
315.19,2937.21,655.303,219.488,5.18614,4958.25,0
315.876,2936.39,653.574,230.698,4.74028,4950.08,0
316.556,2937.11,659.892,248.954,3.93922,4937.15,0
317.233,2946.87,666.405,223.959,2.22251,4895.87,0
317.922,2938.62,676.176,213.312,3.10568,4911.21,0
318.614,2934.49,719.831,224.811,2.27233,4913.51,0
319.297,2903.23,740.979,222.173,6.45589,5000.9,0
319.985,2906.6,738.597,246.621,5.35771,4979.62,0
320.66,2915.96,736.356,240.408,3.99447,4939.95,0
321.345,2905.25,720.522,235.661,5.74899,4962.73,0
322.048,2922.02,697.617,244.99,3.22084,4899.83,0
322.726,2940.37,703.515,212.77,0.404325,4832.69,0
323.409,2933.6,730.293,207.796,0.769154,4843.41,0
324.093,2915.85,745.686,209.807,3.08845,4887.94,0
324.775,2898.75,747.64,214.23,5.30191,4930.35,0
325.463,2910.79,744.362,213.474,3.25145,4882.93,0
326.143,2887.25,749.867,229.64,6.25534,4944.92,0
326.826,2883.22,745.028,215.588,6.88619,4946.9,0
327.521,2868.75,748.743,235.074,7.5069,4980.59,0
328.202,2877.79,751.797,247.938,5.17205,4942.71,0
328.88,2878.23,753.992,270.704,4.55861,4931.19,0
329.561,2889.83,785.3,280.082,2.14816,4885.78,0
330.265,2899.7,781.152,260.96,0.893995,4845.49,0
330.951,2872.49,782.398,247.355,4.9678,4917.69,0
331.644,2893.75,775.239,255.63,1.80668,4843.31,0
332.33,2871.07,768.562,279.08,4.97852,4901.53,0
333.013,2875.6,755.293,293.351,4.28779,4877.88,0
333.695,2897.94,735.474,312.618,1.03165,4800.98,0
334.379,2898.2,696.86,306.575,1.74564,4790.37,0
335.066,2884.36,713.246,323.202,3.34428,4821.87,0
335.755,2865.54,720.816,321.893,5.74273,4868,0
336.449,2851.31,717.122,297.938,7.18452,4900.28,0
337.139,2848.31,702.983,279.729,7.20012,4899.12,0
337.824,2857.79,684.201,270.025,5.30097,4861.14,0
338.509,2852.12,677.52,270.588,5.91741,4868.05,0
339.191,2840.46,673.517,250.374,7.3856,4892.65,0
339.87,2843.53,675.838,257.573,5.97337,4873.83,0
340.563,2842.07,686.166,259.585,5.10857,4868.21,0
341.247,2841.6,714.282,239.926,4.3829,4859.84,0
341.923,2837.65,713.719,227.466,4.88035,4861.76,0
342.61,2823.51,709.002,233.169,6.89496,4893.28,0
343.301,2804.19,715.238,250.801,8.25891,4939.71,0
343.978,2800.32,732.079,269.184,7.50813,4941.24,0
344.651,2799.45,746.559,269.546,6.23601,4934.13,0
345.331,2774.73,750.454,273.229,8.65465,4995.99,0
346.013,2788.2,758.707,275.328,5.54695,4947.21,0
346.7,2811.22,771.033,284.324,1.70471,4871.01,0
347.375,2805.25,735.666,287.178,3.05189,4878.73,0
348.057,2798.37,773.831,289.25,3.4175,4888.96,0
348.737,2794.42,767.851,286.661,3.76827,4890.75,0
349.429,2781.07,773.635,295.408,5.21929,4919.25,0
350.117,2776.45,771.577,296.818,5.36983,4922.79,0
350.791,2767,759.606,282.302,6.59447,4940.26,0
351.469,2774.89,790.935,288.593,4.37026,4908.28,0
352.138,2773.12,783.568,288.17,4.66914,4903.99,0
352.819,2768.2,791.966,292.547,4.97484,4908.46,0
353.5,2750.39,795.484,275.038,6.93576,4949.4,0
354.189,2760.63,781.04,277.229,4.86766,4910.84,0
354.876,2752.46,785.204,257.62,5.79307,4924.38,0
355.564,2736.63,788.446,254.035,7.25818,4959.37,0
356.253,2750.36,787.196,259.187,4.51718,4911.22,0
356.941,2736.55,781.757,243.388,6.35943,4940.45,0
357.629,2734.54,794.495,252.688,5.81571,4936.57,0
358.321,2729.01,790.492,250.838,6.29652,4942.48,0
359.006,2727.22,781.188,255.056,5.85899,4938.03,0
359.69,2739.76,775.35,266.434,3.69406,4893.77,0
360.377,2724.91,803.395,280.144,5.31765,4925.66,0
361.066,2729.54,791.311,274.198,4.34808,4903.42,0
361.748,2746.83,796.319,249.525,1.55674,4846.37,0
362.426,2715.22,784.46,264.928,6.22656,4924.52,0
363.113,2693.74,767.167,266.478,8.54152,4974.39,0
363.793,2687.23,758.422,282.586,7.96381,4982.95,0
364.471,2697.13,768.997,279.023,5.51499,4946.53,0
365.147,2682.44,760.135,287.03,7.49303,4977.61,0
365.838,2687.13,761.401,288.967,6.09719,4955.39,0
366.523,2684.02,775.465,273.53,6.13283,4954.61,0
367.218,2678.7,787.075,291.241,6.12452,4959.71,0
367.903,2674.09,802.103,290.534,6.07333,4963.02,0
368.596,2667.17,800.625,301.041,6.31966,4972.45,0
369.271,2654.47,794.63,290.607,7.47639,4997.76,0
369.955,2671.97,812.923,262.77,3.88317,4941.22,0
370.629,2671.51,797.787,246.604,3.78614,4933.48,0
371.325,2650.21,790.629,277.098,6.60506,4981.59,0
372.02,2664.54,823.991,264.337,3.80345,4933.76,0
372.702,2649.19,847.066,252.382,5.56688,4965.93,0
373.384,2626.73,856.537,239.683,7.90103,5017.02,0
374.077,2609.92,841.798,241.409,8.83496,5052.66,0
374.763,2592.04,835.113,248.105,9.73938,5091.12,0
375.448,2594.12,838.028,249.048,7.65359,5076.28,0
376.138,2599.2,848.204,220.766,5.48241,5053.47,0
376.826,2611.62,845.292,208.865,3.39318,5011.28,0
377.496,2603.83,826.295,225.141,4.38804,5023.01,0
378.176,2595.04,826.244,243.506,5.08902,5037.22,0
378.868,2595.15,801.335,270.105,4.98005,5027.74,0
379.551,2594.68,801.912,275.914,4.53796,5019.91,0
380.234,2600.89,773.469,295.919,3.5209,4994.59,0
380.913,2608.88,779.538,308.177,2.19079,4964.7,0
381.597,2608.86,755.422,290.607,2.19824,4955.85,0
382.279,2606.58,745.847,293.963,2.57433,4952.98,0
382.975,2610.58,744.364,288.863,1.90923,4933.53,0
383.662,2609.71,744.791,255.592,2.05141,4926.98,0
384.35,2607.32,754.66,297.551,2.25129,4924.38,0
385.039,2590.33,782.133,311.452,4.65873,4959.69,0
385.719,2580.66,772.749,321.544,5.68685,4976,0
386.409,2565.83,786.338,335.317,6.98888,5005.51,0
387.087,2570.71,766.642,316.974,5.76166,4984.12,0
387.771,2575.2,725.901,323.444,4.70236,4963.75,0
388.45,2575.48,727.413,337.916,4.2691,4954.36,0
389.134,2561.03,741.416,335.569,6.22021,4982.79,0
389.825,2557.71,756.667,339.993,5.92015,4982.48,0
390.513,2546.89,734.038,340.317,6.67188,5001.41,0
391.2,2550.89,735.544,341.907,5.34939,4982.38,0
391.882,2553.95,733.577,356.73,4.4485,4965.89,0
392.571,2552.27,740.189,356.471,4.47589,4961.47,0
393.258,2560.6,752.869,351.128,3.00313,4931.62,0
393.941,2566.95,743.353,341.075,1.96,4906.94,0
394.632,2556.75,728.231,343.862,3.62508,4924.2,0
395.312,2564.42,755.614,328.128,2.2611,4896.35,0
395.996,2568.42,785.418,360.551,1.53464,4877.78,0
396.678,2555.69,791.23,362.161,3.2952,4901.49,0
397.354,2532.09,790.616,372.123,6.06042,4952.55,0
398.033,2525.14,784.306,364.698,6.35803,4961.55,0
398.719,2533.02,781.495,394.265,4.61808,4933.26,0
399.399,2522.4,789.335,385.695,5.82968,4951.45,0
400.086,2545.13,818.387,387.421,2.28603,4886.14,0
400.779,2529.96,813.461,394.652,4.39402,4915.54,0
401.464,2517.17,822.231,394.957,5.83398,4939.01,0
402.141,2506.31,821.92,386.84,6.79149,4957.7,0
402.254,2500,823.423,397.85,7.48424,4971.99,0
