0.697163,4491.61,324.066,-367.317,1.41998,12028.6,0
1.37538,4492.47,337.895,-371.728,0.702541,5475.05,0
2.05437,4467.21,346.523,-354.802,4.10776,15962.2,0
2.7435,4465.43,356.277,-348.407,4.07903,12601.4,0
3.43271,4485.25,372.936,-326.904,1.62551,4297.95,0
4.11791,4465.57,377.024,-334.614,3.48794,8361.67,0
4.80292,4474.58,356.656,-335.312,2.79765,5293.58,0
5.50088,4489.33,353.345,-362.484,0.12843,1939.65,0
6.18444,4475.19,341.004,-356.032,2.44616,4011.35,0
6.86313,4466.61,351.914,-369.277,2.66476,4865.39,0
7.5432,4451.17,348.239,-348.94,4.9837,6473.3,0
8.22509,4424.73,358.932,-346.255,7.38301,9151.64,0
8.90952,4427.38,368.89,-345.256,5.58463,8150.94,0
9.59464,4431.62,368.75,-348.629,4.60386,7126.83,0
10.2771,4441.33,378.013,-339.143,3.03817,5709.06,0
10.9617,4443.13,387.416,-371.269,1.43475,5187.91,0
11.6481,4436.39,396.541,-392.66,1.25506,5461.32,0
12.3262,4411.81,390.696,-408.957,4.12548,7154.64,0
13.0133,4413.58,388.931,-432.668,3.05085,6640.61,0
13.6935,4421.3,382.215,-425.095,2.39445,5747.56,0
14.3667,4415.8,351.189,-438.721,3.48252,5860.52,0
15.0543,4414.99,368.69,-414.273,3.84512,5646.78,0
15.732,4425.84,348.51,-432.537,2.34711,4714.19,0
16.4294,4443.87,324.671,-390.712,2.12355,3416.65,0
17.1305,4446.25,319.856,-374.343,2.41883,3137.41,0
17.8119,4428.51,321.582,-373.017,4.51119,4013.34,0
18.4903,4459.17,318.972,-382.814,0.206405,2207.98,0
19.1814,4450.85,303.105,-405.524,0.879813,2562.24,0
19.8667,4440.39,276.228,-377.391,4.01332,3000.72,0
20.5634,4426.37,290.677,-380.98,5.01234,3580.4,0
21.251,4431.8,313.543,-394.468,2.66336,3209.25,0
21.9416,4424.78,286.761,-420.403,3.19104,3428.12,0
22.6218,4414.77,266.329,-401.983,5.50475,3767.38,0
23.3155,4422.52,264.705,-407.125,3.91729,3323.11,0
24.0194,4433,245.172,-415.439,2.60045,2789.32,0
24.7047,4431.19,237.794,-416.446,2.88722,2785.4,0
25.3866,4445.34,217.854,-429.543,0.960876,2152.99,0
26.0758,4413.44,204.773,-453.45,4.26547,3319.68,0
26.7617,4412.33,177.173,-433.191,5.73186,3275.89,0
27.4446,4402.94,156.833,-443.687,6.27262,3536.57,0
28.1331,4427.85,152.045,-459.278,1.93658,2564.51,0
28.8271,4434.68,129.46,-460.308,1.27994,2265.93,0
29.5042,4429.18,118.253,-453.637,2.39616,2400.18,0
30.1988,4420.51,121.983,-452.513,3.46201,2632.16,0
30.8889,4407.77,143.006,-430.357,5.75814,2985.98,0
31.5772,4422.82,124.384,-441.246,3.40706,2444.16,0
32.2573,4406.35,134.358,-423.531,6.02623,2903.21,0
32.9346,4419.9,123.029,-418.849,4.47315,2432,0
33.618,4423.22,128.14,-430.944,3.28357,2283.96,0
34.3037,4427.99,164.039,-444.385,1.13881,2099.28,0
34.9882,4401.6,190.801,-458.017,3.3113,2812.25,0
35.6704,4370,200.299,-439.11,7.32547,3644.39,0
36.3564,4372.64,229.255,-427.345,5.80611,3503.07,0
37.0393,4389.28,198.197,-462.106,2.41265,2989.21,0
37.718,4381.99,206.579,-461.569,3.1332,3128.85,0
38.3893,4374.97,219.609,-460.068,3.79225,3256.82,0
39.0755,4366.66,225.284,-445.636,5.14001,3412.26,0
39.7613,4353.6,244.063,-442.785,5.96202,3682.06,0
40.45,4347.76,244.161,-437.011,6.56263,3763.75,0
41.1376,4350.89,223.377,-426.288,6.49117,3624.69,0
41.8216,4338.45,224.769,-434.139,6.93159,3862.76,0
42.5124,4348.42,247.753,-456.248,3.45161,3565.55,0
43.1977,4326.68,263.189,-456.826,5.68946,4012.14,0
43.8777,4334.2,233.226,-444.507,5.55265,3778.65,0
44.5632,4331.52,236.069,-430.746,6.04515,3780.69,0
45.2524,4351.05,253.901,-433.985,2.65394,3291.5,0
45.9483,4327.93,239.38,-440.334,5.57983,3744.77,0
46.6296,4316.2,220.904,-439.717,6.75146,3941.61,0
47.3177,4306.96,231.4,-437.528,6.82562,4079.64,0
47.992,4307.39,220.867,-449.028,5.83892,4013.32,0
48.6732,4284.93,233.902,-438.209,8.11314,4418.59,0
49.3666,4263.81,240.752,-429.468,9.55302,4784.49,0
50.0416,4262.26,245.363,-430.726,8.20281,4750.83,0
50.723,4273.87,261.39,-438.523,4.91384,4458.06,0
51.4058,4297.58,274.439,-408.337,2.54593,3937.77,0
52.0957,4269.97,275.129,-404.555,6.08366,4415.52,0
52.7806,4277.41,281.721,-404.726,4.20321,4217.31,0
53.457,4298.54,289.976,-363.41,2.85925,3768.67,0
54.1416,4290.51,288.026,-361.188,4.07206,3869.24,0
54.8185,4291.7,272.678,-360.383,4.5078,3799.84,0
55.5063,4303.18,272.938,-369.502,2.39265,3545.88,0
56.1844,4278.63,267.415,-364.623,5.96315,3939.98,0
56.8728,4264.85,271.805,-353.176,7.8069,4134.6,0
57.5581,4274.26,269.273,-360.836,5.12558,3921.96,0
58.2445,4265.13,234.09,-362.723,7.2125,4032.46,0
58.9354,4270.66,232.57,-352.385,6.16694,3891.36,0
59.6165,4285.36,213.416,-348.903,4.66028,3600.39,0
60.3009,4292.37,197.646,-347.535,4.11013,3443.29,0
60.9966,4290.33,219.548,-354.554,2.89627,3437.46,0
61.6799,4288.67,202.864,-356.215,3.49953,3426.27,0
62.3593,4284.54,214.207,-358.148,3.36348,3455.15,0
63.0503,4253.67,224.516,-373.937,5.86575,3906.9,0
63.7346,4251.48,245.51,-386.229,3.9662,3899.25,0
64.4121,4271.29,255.619,-392.958,0.289396,3550.78,0
65.1017,4250.35,248.323,-376.131,4.19479,3834.73,0
65.7821,4237.22,240.638,-380.976,5.5862,3994.64,0
66.4619,4212.84,230.412,-378.958,7.98267,4320.67,0
67.1424,4223.75,217.292,-384.873,5.47027,4114.46,0
67.8309,4225.34,223.192,-375.762,5.26106,4049.17,0
68.5164,4224.08,210.362,-371.788,5.7152,4027.13,0
69.2052,4221.9,217.802,-360.994,6.11968,4018.48,0
69.8888,4222.25,235.446,-360.294,4.9846,3974.19,0
70.5722,4241.5,213.176,-375.42,2.1226,3662.87,0
71.2537,4243.35,207.347,-380.198,1.71042,3601.88,0
71.9335,4255.76,180.592,-347.961,3.17303,3395.31,0
72.6247,4257.47,175.178,-358.528,2.2598,3339.47,0
73.3052,4264.48,149.64,-377.192,0.799516,3212.86,0
74.0004,4267.63,143.01,-356.68,2.07958,3140.15,0
74.6842,4256.13,140.331,-337.928,4.96374,3265.28,0
75.3709,4236.81,135.673,-357.778,5.56153,3491.92,0
76.057,4243.32,130.076,-383.298,2.48339,3374.9,0
76.7353,4236.36,167.219,-384.743,2.23432,3435.67,0
77.4326,4209.66,160.167,-397.393,4.75961,3749.53,0
78.1233,4210.77,164.462,-415.615,3.00893,3702.21,0
78.7986,4208.51,166.979,-411.016,3.41605,3699.2,0
79.4884,4217.31,174.714,-406.838,2.05789,3556.35,0
80.161,4205.83,188.179,-425.572,1.9852,3669.73,0
80.8459,4197.89,168.065,-454.054,1.70036,3736.81,0
81.537,4198.66,154.67,-458.062,1.62438,3695.69,0
82.2214,4192.78,124.58,-460.239,2.92818,3736.53,0
82.9079,4183.52,121.492,-458.846,4.42098,3817.2,0
83.5935,4176.23,128.239,-462.964,4.71763,3873.18,0
84.2805,4173.16,150.51,-443.095,5.49046,3878.02,0
84.9668,4187,160.092,-417.532,4.7662,3683.84,0
85.6573,4185.84,160.927,-398.998,5.55966,3667.69,0
86.3441,4167.53,163.05,-415.543,6.07757,3850.52,0
87.0174,4161.19,164.617,-427.052,5.49151,3893.56,0
87.7048,4151.44,166.712,-437.233,5.76788,3974.19,0
88.3974,4142.42,177.815,-439.963,6.04674,4045.17,0
89.0932,4152.77,222.14,-430.656,3.37749,3897.41,0
89.7785,4155.33,208.192,-428.438,3.44029,3839.16,0
90.4644,4148.81,207.795,-425.206,4.46614,3882.02,0
91.1469,4133.4,231.37,-411.481,6.44477,4022.07,0
91.8348,4112.51,243.017,-407.821,8.3833,4219.48,0
92.522,4112.74,251.412,-403.178,6.82415,4185.55,0
93.2031,4114.71,248.6,-422.119,4.58069,4133.85,0
93.8836,4101.49,253.46,-447.128,4.49439,4244.7,0
94.5761,4091.54,251.778,-454.145,4.89147,4318.86,0
95.2617,4102.21,251.906,-457.997,2.59497,4175.77,0
95.9503,4087.59,239.668,-452.214,5.62149,4298.21,0
96.6316,4077.13,220.705,-447.909,7.00928,4376.14,0
97.3178,4089.15,221.207,-444.858,4.67332,4221.76,0
98.0016,4068.42,223.411,-435.437,7.76662,4403.85,0
98.6915,4081.8,225.312,-443.506,3.95031,4237.45,0
99.3733,4086.14,223.769,-454.474,2.31,4164.71,0
100.056,4092.72,242.996,-413.284,3.59096,4070.49,0
100.742,4078.49,236.905,-422.725,4.96224,4184.07,0
101.429,4095.85,268.051,-419.623,0.917906,3984.55,0
102.109,4102.96,261.043,-416.212,0.245019,3888.36,0
102.805,4094.9,261.53,-426.315,0.67227,3940.52,0
103.494,4083.67,263.929,-431.025,2.02744,4022.74,0
104.182,4086.38,258.005,-417.689,2.8232,3970.18,0
104.869,4094.05,251.043,-436.212,0.400495,3871.04,0
105.547,4089.66,257.634,-400.634,3.40747,3887.76,0
106.221,4053.85,252.567,-410.653,7.85428,4200.17,0
106.903,4059.37,245.097,-410.827,6.11992,4121.77,0
107.583,4057.64,251.651,-416.713,4.85933,4111.81,0
108.264,4059.97,242.794,-428.584,3.23761,4064.45,0
108.953,4070.05,234.336,-404.742,3.85432,3946.23,0
109.632,4056.11,243.74,-438.743,2.67169,4048.95,0
110.303,4057.37,223.506,-443.409,2.92455,4012.84,0
110.995,4040.43,207.22,-444.112,5.70822,4140.47,0
111.68,4044.54,181.209,-464.547,4.03677,4078.24,0
112.375,4045.61,166.052,-469.784,3.78025,4043.57,0
113.069,4028.69,156.297,-459.899,6.7977,4168.37,0
113.755,4020.26,152.445,-454.212,7.52033,4217.28,0
114.434,4024.29,133.65,-442.697,7.72934,4157.02,0
115.131,4018.98,134.319,-440.258,7.3979,4178.01,0
115.806,4021.97,138.782,-447.375,4.9481,4127.86,0
116.489,4002.68,136.417,-446.789,7.33942,4269.22,0
117.174,4031.9,143.44,-442.029,2.07955,3994.88,0
117.857,4016.06,147.397,-469.966,1.85225,4106.17,0
118.538,4001.99,145.396,-473.575,3.71314,4201.24,0
119.233,4004.02,130.243,-478.469,3.15774,4159.75,0
119.92,3982.69,118.439,-510.203,4.30499,4313.76,0
120.614,3971.51,108.235,-514.604,5.95835,4381.69,0
121.298,3970.12,100.023,-507.013,6.43782,4368.42,0
121.978,3964.93,69.3497,-497.476,7.74873,4386.63,0
122.658,3955.98,74.3509,-484.015,9.1485,4435.29,0
123.333,3955.96,93.51,-487.278,7.08972,4411.18,0
124.021,3962.26,103.01,-492.875,4.34151,4335.83,0
124.702,3939,115.076,-488.242,8.23893,4498.7,0
125.387,3960.12,110.564,-484.87,4.117,4305.73,0
126.076,3956.88,121.308,-483.196,4.05326,4307.86,0
126.767,3967.31,144.833,-480.232,1.54239,4202.1,0
127.461,3944.09,128.899,-470.923,7.18765,4361.43,0
128.143,3933.83,131.278,-481.538,6.81525,4418.29,0
128.826,3930.48,140.432,-485.558,5.65614,4420.85,0
129.51,3924.27,145.54,-479.15,6.87526,4445.46,0
130.197,3952.65,150.181,-479.233,0.984301,4204.04,0
130.892,3928.11,147.874,-472.26,6.23561,4369.16,0
131.583,3932.69,153.177,-483.802,3.39251,4311.4,0
132.273,3925.18,183.837,-493.099,2.7121,4345.71,0
132.958,3939.23,183.29,-465.804,2.64746,4217.64,0
133.65,3928.07,197.049,-457.627,5.04569,4279.33,0
134.331,3941.73,184.635,-455.922,2.97528,4155.92,0
135.018,3931.14,194.397,-449.361,5.05665,4213.2,0
135.696,3941.7,198.838,-432.953,4.4341,4114.3,0
136.374,3937,183.024,-439.089,5.05755,4128.34,0
137.056,3917.53,199.403,-438.302,7.44175,4249.83,0
137.746,3885.35,187.391,-437.013,1.506,4462.18,0
138.436,3884.3,158.046,-459.422,0.205333,4447.55,0
139.125,3890.82,143.739,-434.136,3.09362,4378.65,0
139.807,3906.29,124.627,-405.242,5.11998,4246.64,0
140.494,3929.51,146.446,-398.498,0.545299,4060.63,0
141.187,3905.23,152.775,-386.391,6.30548,4212.66,0
141.867,3916.31,166.189,-394.155,1.99754,4114.39,0
142.556,3903.82,163.648,-367.394,8.00141,4182.1,0
143.232,3915.4,158.562,-381.055,3.34819,4081.53,0
143.915,3918.68,152.146,-371.17,4.65743,4039.31,0
144.615,3915.36,175.821,-381.984,1.85894,4042.76,0
145.302,3895.91,196.443,-371.584,5.69841,4157.45,0
145.998,3886.69,225.221,-381.112,3.47882,4200.85,0
146.68,3892.82,207.747,-362.853,6.21056,4139.48,0
147.37,3908.09,200.659,-359.789,4.07202,4016.47,0
148.057,3914.96,186.833,-333.022,7.65016,3951.48,0
148.744,3927.58,215.957,-330.846,2.54339,3848.34,0
149.431,3907.13,213.865,-348.993,3.57141,3967.51,0
150.112,3918.69,217.722,-348.876,0.895978,3872.52,0
150.79,3911.36,225.574,-337.561,3.17666,3903.67,0
151.469,3938.37,220.797,-324.889,0.461915,3707.87,0
152.157,3929.03,204.815,-341.5,1.12762,3752.49,0
152.853,3919.3,209.366,-324.632,5.06524,3799.09,0
153.543,3941.02,231.932,-305.33,1.47597,3640.55,0
154.22,3936.91,223.648,-293.804,4.44965,3651.21,0
154.919,3923.76,211.044,-289.492,7.90718,3719.61,0
155.602,3901.18,215.784,-292.661,9.4276,3848.4,0
156.283,3918.11,232.095,-289.447,3.85069,3723.29,0
156.987,3915.53,215.533,-285.292,6.36877,3723.04,0
157.672,3902.73,210.021,-278.218,8.64791,3788.08,0
158.338,3876.94,218,-301.42,7.08286,3935.01,0
159.03,3869.92,241.56,-309.193,3.23159,3962.01,0
159.715,3867.44,246.184,-306.898,2.88269,3960.53,0
160.406,3871.23,230.566,-313.797,2.5657,3919.88,0
161.086,3866.38,235.627,-300.991,5.06313,3933.44,0
161.77,3879.58,223.675,-298.772,3.75392,3835.22,0
162.453,3854.32,224.8,-312.85,5.7712,3974.53,0
163.135,3850.22,241.356,-303.632,4.9744,3983.06,0
163.821,3841.19,216.181,-312.46,7.92261,4021.51,0
164.503,3833.98,202.817,-325.398,6.87215,4048.65,0
165.187,3839.52,239.13,-308.531,3.70027,3998.35,0
165.875,3838.24,247.222,-286.587,6.68971,3989.49,0
166.556,3833.21,252.817,-288.318,6.15625,4003.43,0
167.24,3828.97,261.705,-281.626,5.73918,4012.38,0
167.916,3815.81,264.78,-282.908,7.04953,4074.59,0
168.597,3803.41,267.645,-280.837,8.15229,4131.66,0
169.278,3787.96,273.871,-281.925,8.52219,4206.34,0
169.959,3781.33,269.488,-289.569,7.90628,4228.46,0
170.636,3799.77,263.219,-294.567,3.32629,4103.63,0
171.319,3799.18,248.265,-299.992,4.77505,4090.7,0
172.017,3805.41,255.821,-297.506,1.43364,4037.92,0
172.694,3773.4,265.59,-321.34,1.71641,4207.48,0
173.381,3760.65,269.698,-332.438,1.18247,4264.28,0
174.075,3742.93,281.363,-306.446,9.44785,4349.09,0
174.765,3737.71,267.299,-283.961,7.08064,4361.79,0
175.449,3717.44,265.582,-260.637,6.20379,4460.34,0
176.132,3719.82,286.404,-250.199,2.02916,4429.52,0
176.82,3718.98,286.515,-224.278,8.71133,4417.05,0
177.507,3727.38,290.698,-229.063,3.26268,4352.65,0
178.188,3720.23,279.513,-212.117,11.8969,4376.1,0
178.871,3699.49,266.711,-222.96,6.00549,4475.34,0
179.553,3694.63,285.557,-195.75,6.21913,4485.42,0
180.25,3697.37,277.755,-203.026,5.61578,4452.89,0
180.939,3693.41,273.142,-207.747,6.64999,4457.82,0
181.626,3677.83,259.62,-214.662,1.16707,4526.72,0
182.319,3706.22,267.034,-173.948,4.64573,4353.78,0
183,3715.74,248.436,-180.041,8.37489,4285.59,0
183.685,3725.32,260.344,-169.695,2.83361,4217.45,0
184.363,3716.37,263.937,-162.3,5.04251,4250.46,0
185.051,3733.53,246.47,-139.107,1.58712,4141.93,0
185.739,3720.48,248.111,-141.315,2.69852,4196.87,0
186.424,3723.09,221.245,-160.794,7.67086,4167.43,0
187.111,3703.06,220.342,-139.734,4.81534,4259.18,0
187.809,3701.5,228.821,-134.988,2.16423,4251.65,0
188.493,3682.96,230.881,-122.762,8.05468,4334.6,0
189.171,3694.54,229.801,-126.037,4.90299,4257.81,0
189.844,3685.57,229.411,-132.76,4.34059,4289.98,0
190.521,3693.67,206.317,-116.072,9.14703,4232.2,0
191.203,3701.89,175.503,-135.067,4.95531,4174.16,0
191.892,3716.51,159.745,-150.843,4.11598,4083,0
192.582,3724.05,148.386,-156.167,4.48283,4029.19,0
193.274,3743.45,157.878,-149.304,0.979645,3914.41,0
193.962,3760.61,154.829,-145.547,1.16495,3812.04,0
194.649,3781.85,152.604,-135.278,2.32775,3689.49,0
195.335,3783.58,147.826,-131.194,4.44901,3667.63,0
196.026,3742.86,146.249,-140.14,5.90695,3862.44,0
196.699,3760.17,137.787,-143.982,4.03942,3761.22,0
197.393,3759.34,129.294,-160.199,0.759449,3752.23,0
198.081,3771.96,145.099,-139.58,1.27424,3675.48,0
198.766,3766.85,138.869,-118.83,8.35068,3688.51,0
199.467,3762.17,137.913,-98.1033,1.26185,3699,0
200.154,3756.18,144.083,-91.9033,0.956103,3716.24,0
200.843,3771.28,128.828,-80.4266,7.01445,3628.3,0
201.521,3748.91,119.205,-62.1388,2.08066,3727.13,0
202.202,3743.06,123.089,-38.4651,4.06003,3743.51,0
202.89,3737.27,107.174,-52.5018,7.38873,3759.3,0
203.584,3744.86,78.3431,-68.4468,0.811821,3709.2,0
204.267,3750.5,72.2992,-63.6306,3.15781,3669.22,0
204.946,3769.3,70.7119,-59.6216,3.09878,3565.33,0
205.637,3773.37,60.4891,-77.4382,0.789723,3533.54,0
206.317,3774.27,38.7907,-60.2435,8.69698,3517.56,0
206.998,3787.07,38.1607,-51.4713,8.25365,3444.13,0
207.687,3786.7,36.8214,-70.4107,2.78921,3434.47,0
208.378,3797.34,25.7381,-65.0741,4.95418,3372.05,0
209.062,3787.88,54.3211,-62.3693,0.936787,3406.24,0
209.751,3784.61,55.7719,-48.1468,3.8532,3410.68,0
210.443,3778.87,48.7027,-46.3161,6.15078,3426.71,0
211.129,3789.37,50.1834,-42.0229,5.30399,3365.86,0
211.81,3772.22,50.3242,-36.3636,6.48584,3436,0
212.49,3762.99,57.6929,-26.2426,6.04847,3468.43,0
213.181,3754.18,60.5807,-22.852,5.98183,3498.52,0
213.867,3766.69,56.1757,-46.435,2.25453,3428.8,0
214.551,3774.44,67.0366,-23.9555,2.34402,3381.77,0
215.237,3772.65,59.8434,-23.7217,4.61013,3379.32,0
215.919,3775.7,49.4926,-26.2986,6.10715,3354.47,0
216.607,3774.39,53.3599,-35.2136,2.57563,3349.9,0
217.299,3771.34,60.1269,-31.7406,1.0824,3353.27,0
217.983,3768.63,61.9841,-9.19523,2.89104,3355.18,0
218.661,3755.79,50.9892,-39.344,2.63739,3403.52,0
219.339,3744.83,47.2233,-35.4959,5.15246,3442.94,0
220.024,3759.27,38.2638,-26.4842,8.41643,3366.57,0
220.711,3755.67,19.8931,-1.89054,4.22579,3372.4,0
221.398,3752.72,30.4014,1.72078,0.394282,3375.29,0
222.082,3773.14,5.80589,-4.8995,6.63463,3272.94,0
222.773,3755.41,20.9323,-13.2119,1.32411,3342.36,0
223.454,3734.22,18.1823,-6.43272,4.33549,3426.99,0
224.149,3740.11,13.1982,7.69421,5.19239,3390.13,0
224.829,3737.5,9.80595,-3.40211,6.01066,3391.49,0
225.511,3764.42,5.76433,17.8921,1.53899,3261.83,0
226.194,3759.67,-0.144075,5.48702,6.03539,3272.99,0
226.882,3771.63,2.21794,17.0427,1.49911,3210.36,0
227.563,3753.02,1.37768,9.94097,4.57976,3282.52,0
228.246,3788.85,-5.6941,7.45542,2.69733,3115.72,0
228.935,3795.8,-0.063904,-4.92084,3.67332,3076,0
229.621,3795.98,-3.34463,-11.1088,1.53167,3066.02,0
230.302,3773.44,-1.90884,-10.977,2.96306,3154.82,0
230.978,3771.46,8.93703,-15.2874,0.719886,3154.17,0
231.657,3741.69,9.76465,-5.99591,4.16969,3273.42,0
232.348,3752.41,3.26674,-10.2982,3.69046,3217.55,0
233.035,3746.34,-7.88378,-7.11398,3.69065,3234.09,0
233.715,3743.12,4.84015,14.9476,1.96316,3238.47,0
234.403,3742.37,8.26423,5.82464,3.97964,3232.15,0
235.077,3724.57,-7.99096,10.7257,3.12292,3298.6,0
235.753,3721.4,-2.22217,2.58299,6.69689,3302.6,0
236.442,3727.84,17.4099,2.26697,0.834415,3265.74,0
237.129,3719.82,-0.0569616,-18.7696,0.536378,3290.1,0
237.814,3740.17,6.41674,14.3353,1.02806,3195.07,0
238.502,3722.81,-2.92682,7.81777,4.46632,3258.61,0
239.188,3716.11,4.14202,2.24398,5.76103,3277.29,0
239.876,3744.15,-4.94176,7.80222,2.4751,3150.98,0
240.569,3733.81,11.446,1.00027,2.18461,3184.91,0
241.252,3714.63,4.78678,-11.1555,2.18907,3255.38,0
241.934,3718.94,0.0359627,-0.965773,5.99905,3228.39,0
242.621,3694.86,-8.28036,6.58973,2.73813,3318.52,0
243.323,3702.74,2.70208,6.11627,3.90549,3276.54,0
244.002,3677.71,8.57347,-5.48956,2.96172,3370.02,0
244.69,3661.13,-3.43456,-21.7074,3.18958,3428.3,0
245.369,3656.8,8.96025,-7.80999,8.61199,3436.45,0
246.056,3655.23,-1.61776,3.50669,5.17476,3433.26,0
246.748,3642.11,-4.76451,6.26173,7.17093,3476.8,0
247.426,3661.31,-1.95074,6.96524,1.52304,3389.64,0
248.109,3662.66,0.0209936,-4.75827,2.61126,3374.89,0
248.793,3653.36,-15.28,8.26004,0.164856,3402.98,0
249.478,3649.4,-1.54963,15.0018,3.84048,3409.52,0
250.16,3638.49,-18.7246,15.5188,4.95589,3443.82,0
250.857,3643.19,-28.3793,9.75902,2.44878,3415.51,0
251.553,3633.64,-46.3392,18.4704,5.15869,3444.06,0
252.244,3622.49,-22.0981,10.0653,9.63169,3478.81,0
252.929,3592.45,-27.2111,9.694,11.3277,3588.18,0
253.612,3586.05,-41.7737,1.25484,1.56964,3603.72,0
254.302,3556.23,-35.0798,-7.1669,8.38198,3711.2,0
254.988,3556.24,3.34763,-32.0795,7.34246,3701.21,0
255.679,3546.79,-9.07606,-26.4529,2.67831,3728.16,0
256.367,3502.43,-2.19143,-7.36886,7.93008,3891.19,0
256.422,3498.48,-0.792801,-0.92347,1.50926,3905.73,3
