0.685642,4496.74,-82.8705,-550.185,0.963753,4752.85,0
1.38235,4459.79,-79.4822,-539.433,5.90563,29089.8,0
2.07171,4470.4,-63.5946,-535.852,4.53216,14286.8,0
2.76629,4502.57,-77.0918,-534.71,0.307853,-928.678,0
3.44209,4486.89,-96.4972,-522.656,2.67064,3807.51,0
4.12568,4477.89,-78.6276,-531.25,3.3713,5358.29,0
4.81453,4477.82,-97.6192,-554.904,2.20209,4606.58,0
5.49966,4474.92,-98.9288,-567.517,1.98658,4560.3,0
6.1843,4460.01,-72.1435,-624.981,1.94904,6465.84,0
6.87339,4459.1,-86.8404,-659.937,0.85447,5951.17,0
7.5547,4452.13,-78.0981,-679.768,1.20131,6336.85,0
8.23715,4443.73,-61.118,-686.849,2.1229,6830.83,0
8.91875,4437.29,-88.5989,-678.166,3.10234,7031.67,0
9.59994,4430.79,-82.8908,-663.504,4.28758,7208.9,0
10.2829,4443,-108.491,-690.557,1.67751,5543.63,0
10.9702,4438.18,-98.1724,-695.59,2.08448,5635.47,0
11.6653,4438.47,-74.5689,-696.279,2.04864,5274.71,0
12.3619,4432.39,-83.6772,-710.895,2.2605,5469.33,0
13.0384,4427.25,-57.1065,-711.762,2.85897,5579.55,0
13.7294,4443.19,-70.4786,-683.235,1.55296,4138.12,0
14.4171,4440.89,-102.568,-650.442,2.62725,4099.88,0
15.1024,4425.81,-98.2254,-638.839,4.90932,4912.48,0
15.7886,4462.11,-113.643,-639.338,0.0623845,2399.9,0
16.4678,4459.85,-99.2935,-629.636,0.734539,2438.01,0
17.1585,4452.08,-82.4597,-617.612,2.16901,2792.97,0
17.8325,4465.75,-75.8345,-599.52,1.03854,1920.81,0
18.5256,4450.35,-73.7945,-592.614,3.24897,2680.03,0
19.2064,4467.96,-53.3639,-617.031,0.118427,1668.3,0
19.8913,4458.42,-39.7584,-628.919,0.958526,2090.39,0
20.585,4458.9,-76.2028,-617.79,1.155,1996.6,0
21.2771,4451.3,-106.163,-593.23,2.74973,2288.75,0
21.961,4437.96,-100.836,-606.83,3.87965,2825.1,0
22.6529,4430.44,-83.545,-613.387,4.62138,3070.74,0
23.3424,4399.23,-86.1521,-613.323,7.76347,4316.98,0
24.0262,4391.93,-100.274,-617.045,7.14979,4498.2,0
24.7202,4407.61,-70.1915,-597.521,5.23564,3737.35,0
25.4127,4393.61,-68.8258,-612.022,5.9251,4186.31,0
26.1013,4408.71,-66.1648,-588.726,4.24222,3497.41,0
26.7885,4419.2,-64.3608,-607.725,2.07585,3016.17,0
27.4681,4400.9,-72.1372,-598.927,4.39981,3607.66,0
28.1541,4398.43,-85.6462,-587.634,4.9544,3607.7,0
28.8315,4409.54,-71.0776,-620.671,2.21928,3137.37,0
29.5235,4406.52,-61.7542,-616.562,2.68254,3166.27,0
30.2088,4404.81,-91.9229,-640.706,1.93004,3151.06,0
30.8872,4400.17,-88.0914,-634.663,2.73528,3232.1,0
31.5715,4400.93,-45.6005,-650.637,2.10607,3137.94,0
32.2533,4413.34,-56.4205,-659.291,0.126091,2686.85,0
32.9404,4401.49,-74.3479,-651.82,1.82646,2990.5,0
33.6236,4410.41,-105.98,-621.728,1.55192,2664.43,0
34.3122,4403.44,-132.048,-613.68,2.48415,2814.02,0
35.0028,4418.66,-143.001,-612.229,0.34354,2323.9,0
35.6862,4404.98,-182.373,-617.553,1.57616,2662.59,0
36.3804,4393.15,-173.726,-596.549,3.78052,2936.99,0
37.0689,4402.93,-178.785,-600.419,2.24896,2618.6,0
37.7638,4394.16,-181.476,-583.782,3.7755,2802.81,0
38.4403,4392.36,-200.2,-582.901,3.62257,2800.23,0
39.1272,4401.06,-208.361,-587.544,1.99322,2528.71,0
39.81,4403.99,-222.594,-601.171,0.964652,2411.77,0
40.4892,4408.06,-215.326,-594.039,0.703844,2270.82,0
41.1756,4399.61,-217.759,-600.694,1.51602,2438.2,0
41.8577,4376.62,-223.995,-590.601,4.63541,2947.64,0
42.544,4366.04,-233.757,-581.201,5.73776,3148.64,0
43.2397,4371.78,-202.822,-573.44,5.41199,2965.41,0
43.9288,4388.71,-223.588,-576.493,2.62692,2533.45,0
44.6137,4385.97,-223.037,-590.302,2.51964,2555.94,0
45.2908,4382.71,-231.922,-585.028,2.87239,2589.62,0
45.9743,4359.29,-218.93,-587.02,5.59256,3060.53,0
46.6616,4358.96,-218.669,-585.186,5.09732,3022.52,0
47.3412,4353.19,-229.79,-592.268,5.17673,3101.02,0
48.0284,4336.48,-215.574,-600.095,6.59666,3404.57,0
48.714,4323.06,-193.537,-592.074,7.9242,3632.3,0
49.3952,4323.27,-175.967,-585.763,7.05961,3577.9,0
50.0826,4327.37,-153.703,-605.594,5.31637,3446.9,0
50.7689,4344.59,-173.456,-601.68,2.84322,3061.18,0
51.4454,4319.51,-150.551,-589.156,6.36691,3508.29,0
52.1244,4308.52,-167.345,-612.756,6.24868,3673.53,0
52.7965,4287.91,-169.068,-604.094,8.2111,4017.16,0
53.4827,4285.08,-144.75,-594.516,7.96566,4018.57,0
54.1613,4282.04,-152.064,-587.867,7.47357,4024.3,0
54.8434,4280.51,-149.151,-594.924,6.50803,4002.18,0
55.5194,4282.65,-182.409,-615.12,4.63736,3914.93,0
56.2044,4305,-177.368,-622.234,1.33533,3469.43,0
56.8905,4304.62,-131.164,-629.133,1.54246,3434.39,0
57.5812,4311.83,-97.6447,-645.323,0.179189,3267.82,0
58.2626,4290.26,-89.1934,-649.11,2.941,3599.97,0
58.9475,4290.08,-80.3706,-666.984,2.17604,3561.11,0
59.6346,4281.53,-81.4743,-668.385,3.12194,3663.52,0
60.3261,4264.2,-70.1117,-681.381,4.6641,3908.72,0
61.0162,4273.69,-77.2583,-716.313,1.91775,3709,0
61.6969,4269.19,-61.6049,-709.877,2.69971,3740.99,0
62.3749,4271.37,-55.6372,-706.127,2.46634,3665.35,0
63.0631,4271.88,-58.4455,-694.897,2.67969,3617.32,0
63.732,4262.97,-58.0058,-679.448,4.23552,3719.14,0
64.4116,4285.26,-56.4115,-680.338,1.06573,3333.83,0
65.1022,4259.49,-65.0356,-670.994,4.67742,3694.34,0
65.7952,4266.26,-76.8247,-659.147,3.70345,3552.6,0
66.4869,4286.16,-100.192,-655.468,0.906444,3216.3,0
67.1816,4268.13,-138.118,-665.415,2.77138,3451.34,0
67.8553,4278.41,-122.956,-669.908,1.24792,3265.67,0
68.5516,4276.17,-114.567,-713.655,0.169248,3265.2,0
69.2322,4259.26,-122.426,-715.494,2.32023,3477.31,0
69.9155,4248.36,-104.661,-695.304,4.25206,3599.15,0
70.6145,4257.28,-138.319,-690.041,2.6794,3437.23,0
71.2926,4237.77,-159.804,-672.8,5.54136,3678.16,0
71.9787,4245.78,-176.61,-666.724,4.07548,3531.85,0
72.668,4221.29,-179.514,-656.573,7.3435,3835.45,0
73.3491,4256.54,-164.753,-665.352,1.79357,3319.17,0
74.0275,4259.88,-200.76,-660.88,1.14929,3243.69,0
74.7124,4246.84,-224.931,-658.592,2.681,3388.42,0
75.3911,4229.9,-242.108,-685.256,3.83584,3582.7,0
76.0757,4253.91,-254.672,-690.691,0.184347,3234.77,0
76.7697,4239.57,-235.488,-692.721,2.2371,3392.35,0
77.4525,4230.38,-213.103,-700.71,3.30418,3481.06,0
78.1454,4230,-193.27,-716.35,2.90536,3455.11,0
78.8282,4236.35,-189.34,-702.412,2.1537,3344.59,0
79.5231,4235.81,-179.218,-696.701,2.28304,3322.17,0
80.2119,4232.82,-166.604,-699.267,2.52508,3330.92,0
80.8972,4223.85,-173.406,-674.019,4.26868,3413.6,0
81.5782,4210.81,-175.964,-675.631,5.48493,3544.9,0
82.2597,4207.97,-155.721,-677.345,5.50047,3550.12,0
82.9455,4187.94,-168.221,-696.996,7.04685,3762.19,0
83.626,4180.14,-153.798,-700.053,7.35243,3824.83,0
84.3082,4191.71,-153.633,-704.36,4.76995,3656.69,0
84.9865,4202.49,-123.733,-710.592,3.0257,3500.72,0
85.6732,4185.45,-106.074,-706.504,5.44312,3671.47,0
86.3609,4193.92,-98.5807,-705.804,4.11935,3544.17,0
87.0561,4196.52,-100.999,-683.029,4.53186,3486.03,0
87.7343,4219.96,-76.0538,-694.82,0.854638,3191.96,0
88.4264,4207.81,-74.7042,-695.689,2.31863,3304.37,0
89.1067,4221.02,-75.5775,-679.309,0.956687,3130.87,0
89.7862,4219.21,-51.3126,-680.737,1.24759,3127.34,0
90.4771,4188.14,-51.7169,-667.944,5.98829,3446.88,0
91.1511,4201.78,-44.5483,-690.664,2.94218,3271.7,0
91.8278,4192.87,-35.5055,-685.174,4.11748,3344.67,0
92.5103,4188.56,-51.6608,-691.897,4.28244,3366.58,0
93.1931,4190.9,-60.0914,-696.212,3.66197,3316.78,0
93.8865,4206.28,-44.8726,-686.386,1.6364,3128.45,0
94.572,4201.85,-56.4005,-697.576,1.81939,3152.58,0
95.2565,4202.27,-62.9314,-682.598,2.2439,3125.57,0
95.9375,4186.95,-78.0417,-680.123,4.32288,3263.02,0
96.6282,4178.45,-54.9701,-671.534,5.2634,3327.75,0
97.308,4170.68,-46.0923,-667.708,5.98008,3384.31,0
97.9973,4159.74,-51.472,-671.948,6.74219,3472.11,0
98.6826,4164.65,-57.0835,-656.733,6.04198,3398.29,0
99.376,4184.34,-62.9088,-648.393,2.9831,3176.4,0
100.055,4186.98,-62.1746,-620.373,3.64689,3128.52,0
100.737,4193.45,-42.7364,-639.604,1.81496,3043.03,0
101.422,4187.91,-65.043,-614.404,3.61065,3077.2,0
102.11,4183.16,-62.3926,-602.167,4.66888,3102.91,0
102.788,4175.82,-66.383,-625.094,4.35471,3153.83,0
103.483,4190.73,-50.2359,-627.715,2.02044,2988.56,0
104.167,4174.8,-53.2847,-653.247,3.04255,3121.89,0
104.843,4151.95,-50.0732,-665.973,5.52848,3319.73,0
105.522,4154.13,-58.8111,-657.989,4.84554,3277.72,0
106.206,4154.29,-68.4668,-647.474,5.02349,3255.1,0
106.876,4131.1,-57.4785,-655.883,7.39724,3451.71,0
107.564,4130.26,-82.2488,-654.387,6.18731,3437.42,0
108.258,4132.49,-86.3785,-669.956,4.71084,3394.74,0
108.943,4148,-66.1633,-669.059,2.30806,3231.01,0
109.622,4151.9,-77.2446,-683.998,1.09555,3175.44,0
110.299,4140.13,-75.6534,-696.576,2.3274,3262.66,0
110.98,4151.65,-47.0579,-691.107,0.798946,3138.89,0
111.66,4134.96,-47.5199,-694.147,2.97184,3269.18,0
112.339,4137.44,-35.7469,-691.989,2.49651,3227.36,0
113.024,4138.34,-25.1131,-703.477,1.96058,3199.84,0
113.703,4147.69,-5.58909,-698.031,0.796185,3098.55,0
114.39,4136.08,-46.6915,-713.94,1.87827,3181.41,0
115.077,4137.43,-40.9361,-679.447,2.75638,3150.69,0
115.765,4123.95,-39.5907,-654.81,5.60617,3248.36,0
116.461,4134.47,-37.6016,-661.767,3.34182,3138.67,0
117.144,4109.59,-31.2852,-669.444,6.56958,3332.74,0
117.82,4103.9,-31.3319,-665.56,6.71681,3361.87,0
118.508,4097.28,-19.651,-683.858,6.16965,3398.29,0
119.188,4101.67,-18.2743,-671.052,5.43386,3342,0
119.87,4122.53,-32.4275,-672.951,1.99457,3149,0
120.556,4120.62,-21.0126,-680.175,1.8351,3146.94,0
121.247,4112.14,-33.0871,-659.617,3.89963,3198.96,0
121.927,4129.53,-28.0049,-655.192,1.37789,3038.49,0
122.609,4131.12,12.1917,-657.185,1.06191,3008.54,0
123.289,4116.66,4.39422,-649.822,3.24381,3109.31,0
123.981,4125.27,8.36003,-683.254,0.459417,3022.5,0
124.664,4126.92,0.019515,-653.838,1.38264,2992.69,0
125.355,4108.61,-9.78723,-661.122,3.65499,3122.24,0
126.03,4117.05,-8.27701,-628.962,3.63875,3038.55,0
126.71,4118.36,-15.9886,-640.662,2.74364,3011.88,0
127.403,4138.39,0.856106,-605.883,1.4002,2838.35,0
128.079,4120.33,-3.89901,-637.829,2.5662,2964.37,0
128.755,4098.93,-11.788,-633.747,5.88685,3114.98,0
129.444,4106.68,0.862652,-638.081,4.08098,3038.52,0
130.132,4091.28,-15.6835,-658.849,5.32332,3140.78,0
130.813,4102.29,-3.71494,-677.957,2.70851,3040.34,0
131.501,4098.9,15.5556,-674.188,3.13854,3050.13,0
132.184,4081.28,18.757,-678.897,5.27783,3167.72,0
132.878,4085.59,13.0077,-664.911,4.50531,3118.7,0
133.555,4083.16,4.1391,-631.173,6.19394,3121.15,0
134.25,4061.62,18.5622,-627.465,8.80069,3265.36,0
134.93,4049.46,18.4099,-622.738,9.08223,3339.09,0
135.613,4046.68,-1.40018,-612.125,8.62032,3342.71,0
136.297,4059.45,13.2848,-601.104,6.10097,3232.25,0
136.98,4065.09,13.3915,-608.584,4.51225,3175,0
137.656,4051.09,18.7243,-625.597,5.29083,3261.08,0
138.341,4063.3,25.5349,-628.52,2.81419,3156.71,0
139.014,4060.56,46.2003,-647.757,2.19832,3161.12,0
139.707,4063.04,77.7172,-631.527,2.35662,3127.68,0
140.401,4065.01,78.1899,-633.13,1.93453,3098.21,0
141.082,4051.2,39.0701,-640.261,3.91012,3181.09,0
141.772,4027.04,41.8104,-631.349,7.58358,3336.05,0
142.451,4015.42,20.4063,-637.582,7.92828,3401.74,0
143.138,4020.91,23.4714,-637.882,6.12803,3347.05,0
143.825,4025.2,27.1349,-629.168,5.27905,3301.27,0
144.506,4028.69,10.4434,-628.268,3.94878,3261.52,0
145.185,4048.43,10.1205,-621.336,1.07006,3110.31,0
145.877,4028.07,39.7431,-613.949,4.44778,3235.14,0
146.574,4041.51,45.8736,-600.415,2.84905,3128.03,0
147.255,4058.19,38.4444,-592.871,0.569303,3000.34,0
147.936,4036.93,23.1981,-604.862,3.3629,3130.21,0
148.62,4041.11,30.2239,-581.459,3.84226,3087.68,0
149.311,4031.68,24.1023,-545.321,7.19318,3136.51,0
150.001,4015.03,13.8571,-541.891,8.54256,3233.14,0
150.692,4008.54,30.1514,-541.055,8.24561,3261.38,0
151.378,4018.52,35.0751,-543.488,5.30508,3180.62,0
152.065,4018.08,45.5463,-546.74,4.74553,3169.18,0
152.755,4010.39,46.7757,-576.889,3.64651,3205.2,0
153.438,4013,44.1359,-566.131,3.85686,3173.92,0
154.133,3995.05,13.233,-594.385,4.89011,3276.08,0
154.819,3966.94,38.0955,-595.651,8.32514,3443.12,0
155.506,3965.05,33.5556,-588.103,7.71092,3440.04,0
156.187,3945.04,32.9672,-599.341,8.7817,3553.18,0
156.875,3945.91,32.3715,-606.134,6.83146,3532.08,0
157.564,3949.69,27.3186,-604.71,5.48325,3492.61,0
158.247,3952.15,14.8411,-578.588,6.23908,3461.96,0
158.941,3942.88,13.7135,-550.436,9.29818,3505.18,0
159.633,3942.2,13.6271,-543.979,7.99555,3494.28,0
160.324,3931.6,13.0189,-551.925,7.84967,3545.33,0
161.007,3938.61,17.2529,-530.689,6.8025,3486.72,0
161.698,3951.34,4.18695,-520.153,5.19533,3393.1,0
162.382,3974.89,3.36032,-516.183,1.15021,3233.79,0
163.06,3964.35,-2.57428,-543.491,0.538973,3284.96,0
163.745,3954.56,-8.7731,-532.278,3.2431,3331.01,0
164.43,3941.96,-6.17412,-524.809,5.85782,3393.79,0
165.108,3952.32,-5.30703,-507.732,4.75778,3317.13,0
165.785,3951.08,-3.06882,-499.523,5.60754,3311.01,0
166.475,3938.52,12.7923,-491.937,7.73401,3372.79,0
167.17,3940.21,14.4555,-496.946,5.79352,3348.6,0
167.851,3926.6,29.8712,-497.476,7.6681,3416.14,0
168.54,3927.63,25.1028,-485.282,7.21294,3396.06,0
169.226,3918.49,15.3432,-495.622,7.32909,3436.33,0
169.9,3922.91,17.9669,-502.66,4.65919,3396.63,0
170.593,3915.65,17.5407,-486.98,7.34333,3425.39,0
171.269,3915.99,7.7229,-496.653,4.72445,3409.88,0
171.951,3901.28,-20.9064,-501.037,6.41238,3481.91,0
172.633,3917.67,-12.6308,-499.326,2.96835,3373.22,0
173.317,3908.08,-14.1972,-499.787,4.5445,3415.22,0
174.004,3918.92,16.3229,-517.131,0.368019,3339.47,0
174.69,3895.43,4.29739,-521.994,4.60346,3460.79,0
175.383,3891.63,-18.2026,-518.161,5.10455,3468.8,0
176.061,3880.48,-21.8527,-524.21,6.10922,3518.77,0
176.753,3892.04,-29.8594,-502.292,5.55329,3439.63,0
177.429,3896.63,-27.3048,-522.996,1.80251,3400.61,0
178.116,3880.15,-45.3942,-515.998,5.72689,3480.05,0
178.807,3885,-48.1715,-496.295,5.76186,3439.49,0
179.487,3879.78,-72.64,-478.375,7.51876,3455.54,0
180.174,3873.77,-69.5946,-492.958,5.89335,3475.7,0
180.856,3872.79,-70.2143,-476.515,6.98475,3467.99,0
181.546,3867.9,-73.7125,-473.077,7.21518,3481.76,0
182.213,3862.92,-78.5384,-478.924,6.26794,3496.34,0
182.893,3853.82,-88.0072,-500.965,4.74145,3533.12,0
183.585,3847.22,-113.922,-522.139,2.73958,3555.75,0
184.275,3836.24,-107.614,-523.223,5.06908,3602.02,0
184.96,3829.32,-121.096,-525.46,5.77648,3626.07,0
185.648,3838.83,-122.196,-520.488,3.95732,3561.44,0
186.327,3834.3,-108.593,-517.274,5.52185,3572.77,0
187.017,3835.35,-94.8585,-519.382,5.12885,3553.97,0
187.7,3835.74,-87.8389,-512.293,5.62939,3538.96,0
188.369,3842.24,-66.7578,-534.109,1.58663,3491.89,0
189.057,3822.36,-81.6979,-535.451,5.45675,3584.33,0
189.739,3830.23,-88.2783,-550.501,1.87124,3529.96,0
190.424,3830.97,-103.95,-512.833,5.19812,3513.36,0
191.1,3836.4,-128.884,-533.443,0.885365,3472.56,0
191.783,3816.18,-138.358,-534.454,5.00224,3565.59,0
192.476,3843.96,-103.889,-511.445,2.11925,3408.43,0
193.161,3839.56,-81.1417,-527.315,1.66456,3419.14,0
193.842,3829.12,-59.6916,-522.003,4.78913,3460.94,0
194.518,3818.37,-73.4403,-534.439,4.72352,3504.18,0
195.203,3805.88,-85.8808,-501.91,10.0008,3555.88,0
195.887,3811.4,-73.2544,-508.262,7.00278,3515.31,0
196.581,3817.3,-72.0039,-490.868,7.26265,3472.87,0
197.261,3821.15,-68.4182,-499.127,4.38242,3441.37,0
197.954,3805.67,-82.9635,-493.294,7.88194,3507.5,0
198.631,3781.15,-88.6066,-472.281,4.27087,3619.02,0
199.32,3773.04,-94.085,-485.86,3.52893,3647.2,0
200.005,3771.43,-65.572,-503.683,1.42988,3642.77,0
200.686,3765.6,-72.2074,-509.295,1.80411,3659.45,0
201.364,3764.71,-60.1007,-506.829,2.3545,3651.56,0
202.042,3748.1,-63.1652,-480.965,10.9515,3721.52,0
202.737,3729.75,-55.5658,-458.986,8.77417,3799.25,0
203.423,3720.34,-35.8377,-433.539,7.10655,3832.73,0
204.102,3732.36,-32.4662,-434.284,3.08539,3761.06,0
204.779,3710.84,-31.2809,-430.599,9.36918,3853.7,0
205.459,3694.38,-27.3121,-428.959,2.10329,3921.07,0
206.141,3687.07,-17.113,-409.697,1.51017,3943.56,0
206.822,3680.58,-12.3883,-406.688,3.39082,3961.97,0
207.513,3661.07,-20.2782,-404.571,9.43075,4042.76,0
208.193,3652.51,-13.501,-389.644,8.81232,4070.69,0
208.876,3625.52,7.67135,-409.36,4.17096,4186.61,0
209.554,3618.92,0.224843,-414.893,2.09702,4204.56,0
210.23,3602.45,14.6139,-420.833,2.46636,4269.37,0
210.913,3585.88,23.0021,-399.825,6.80308,4334.11,0
211.61,3586.78,29.0375,-376.516,3.87073,4315.59,0
212.3,3565.92,21.749,-353.273,3.4019,4399.81,0
212.997,3560.56,-13.8368,-343.615,1.24024,4410.55,0
213.685,3573.8,-12.6744,-332.806,1.94206,4334.41,0
214.38,3556.75,5.49716,-325.377,1.94747,4399.9,0
215.059,3552.86,-7.39715,-354.313,1.90738,4404.11,0
215.745,3552.08,-27.084,-356.401,2.19297,4393.7,0
216.443,3548.29,-34.9003,-364.953,7.28362,4397.04,0
217.136,3535.45,-8.68728,-363.781,6.32653,4442.14,0
217.823,3522.7,-27.7268,-373.206,5.72158,4486.66,0
218.504,3514.89,-8.4331,-405.656,5.32734,4508.41,0
219.184,3516.15,-4.58878,-409.338,4.95595,4488.7,0
219.869,3520.22,-10.9896,-419.199,4.68301,4456.19,0
220.55,3522.38,-32.8242,-433.466,5.81143,4432.64,0
221.242,3519.54,-22.2077,-455.736,6.46323,4431.64,0
221.923,3530.1,9.34479,-434.151,3.23,4370.41,0
222.597,3508.34,22.0857,-428.199,4.84727,4454.98,0
223.29,3509.36,34.9988,-451.897,4.42858,4436.57,0
223.976,3503.27,11.8681,-448.614,3.95833,4450.16,0
224.662,3512.58,-4.45119,-465.914,6.54844,4395.13,0
225.348,3500.66,7.53524,-468.691,3.63933,4434.65,0
226.032,3501.94,-6.80277,-472.593,0.215746,4415.57,0
226.716,3485.2,32.3964,-493.208,1.54533,4476.08,0
227.401,3479.13,6.63393,-492.724,2.35041,4489.31,0
228.073,3483.56,-7.80658,-505.834,1.08864,4456.66,0
228.771,3489.99,-3.92608,-485.892,1.18459,4414.95,0
229.46,3486.76,33.5613,-468.341,2.33855,4415.76,0
230.146,3471.83,6.83699,-462.407,4.45346,4467.48,0
230.821,3463.05,5.37834,-484.661,4.24067,4492.43,0
231.499,3437.66,-12.0618,-471.772,7.28426,4588.98,0
232.177,3429.98,-10.3403,-479.715,6.59,4608.63,0
232.855,3451.7,-19.0072,-481.385,2.98752,4501.95,0
233.545,3481.62,-50.4235,-454.304,0.459747,4360.54,0
234.235,3442.44,-23.4733,-436.575,6.16432,4514.94,0
234.924,3442.44,-36.8213,-454.781,4.65871,4501.7,0
235.605,3419.24,-30.9095,-450.626,7.46659,4587.19,0
236.285,3418.73,-17.9551,-435.92,7.21268,4576.11,0
236.966,3436.83,-13.1393,-447.101,3.95293,4486.59,0
237.656,3421.85,10.2625,-469.766,4.37561,4536.61,0
238.329,3404.62,6.54213,-482.415,5.45248,4596.1,0
239.016,3388.92,17.8332,-470.502,7.2075,4648.57,0
239.697,3393.47,25.3131,-484.332,5.19384,4616.36,0
240.385,3400.41,21.8938,-505.143,2.9477,4574.28,0
241.068,3389.39,29.3015,-502.333,4.12901,4607.03,0
241.754,3390.49,47.9288,-494.932,4.03957,4589.42,0
242.442,3367.79,29.2073,-495.512,6.54497,4670.02,0
243.118,3366.07,36.6337,-507.156,5.51689,4664.1,0
243.815,3348.21,22.6908,-530.635,6.38478,4724.06,0
244.508,3354.5,22.4126,-527.13,5.22388,4684.92,0
245.182,3354.74,30.2015,-531.359,4.60371,4671.06,0
245.869,3342.05,9.13268,-542.994,5.03958,4709.63,0
246.552,3333.79,24.4691,-557.406,4.68119,4730.08,0
247.237,3315.34,17.9691,-574.794,5.67913,4791.62,0
247.92,3334.55,9.31634,-576.196,2.84475,4700.94,0
248.604,3347.84,30.231,-591.602,0.225962,4634.51,0
249.283,3320.06,38.5858,-586.23,4.21172,4733.32,0
249.963,3337.78,18.2605,-566.408,2.49927,4649.57,0
250.648,3344.46,38.0276,-536.047,2.96396,4610.23,0
251.345,3349.86,45.0875,-521.339,2.78871,4575.92,0
252.032,3343.72,54.0719,-522.625,3.21919,4587.82,0
252.716,3329.11,83.2552,-516.892,4.91756,4633.24,0
253.409,3335.68,99.7245,-499.612,4.48522,4594.61,0
254.099,3334.31,105.601,-488.333,4.68586,4587.55,0
254.791,3334.78,96.5242,-477.474,4.94266,4573.25,0
255.475,3344.41,79.4911,-465.793,4.26766,4523.3,0
256.16,3338.17,97.4033,-469.39,4.4422,4535.56,0
256.844,3330.41,121.636,-496.176,3.60019,4553.69,0
257.524,3302.05,125.769,-488.537,7.06179,4651.81,0
258.219,3310.9,135.461,-495.564,4.73205,4605.02,0
258.897,3301.74,140.625,-507.028,4.85805,4628.33,0
259.589,3309.6,132.459,-504.779,3.81435,4585.71,0
260.283,3307.88,124.878,-520.303,3.25016,4580.08,0
260.971,3304.54,140.369,-552.886,1.89652,4580.83,0
261.652,3298.84,137.809,-535.938,3.44129,4590.67,0
262.332,3303.53,142.236,-535.008,2.70613,4560.9,0
263.017,3305.44,123.33,-521.595,3.30931,4541.78,0
263.698,3304.92,136.465,-543.222,1.92695,4532.02,0
264.381,3300.68,137.932,-569.643,1.20115,4536.31,0
265.071,3277.35,145.933,-577.401,3.95705,4612.54,0
265.753,3265.53,126.435,-583.763,5.3203,4645.18,0
266.439,3246.55,121.023,-573.691,7.72394,4704.45,0
267.128,3230.23,103.586,-552.131,9.53795,4753.4,0
267.806,3230.31,108.234,-563.38,7.60125,4741.07,0
268.487,3223.29,112.876,-542.754,8.12426,4755.23,0
269.174,3220.9,113.916,-550.357,7.00621,4751.93,0
269.856,3231.6,103.953,-546.236,5.04268,4700.28,0
270.544,3243.28,99.6079,-511.356,4.75628,4645.17,0
271.224,3247.37,74.3224,-493.779,5.1504,4618.41,0
271.908,3239.26,73.1519,-496.902,5.91038,4636.63,0
272.581,3226.52,84.3197,-497.279,6.62412,4671.92,0
273.259,3254.07,106.379,-503.868,1.75024,4559.53,0
273.948,3260.31,132.62,-467.092,2.66783,4525.27,0
274.636,3260.15,149.414,-448.314,3.56268,4514.52,0
275.324,3264.32,129.875,-459.444,2.44199,4488.11,0
276.013,3262.52,139.553,-414.701,5.27454,4483.41,0
276.711,3299.03,153.88,-401.865,0.580421,4340.18,0
277.392,3276.02,154.084,-419.88,2.49149,4412.46,0
278.08,3256.12,175.166,-431.831,3.76108,4473.11,0
278.768,3268.57,171.111,-437.61,1.57232,4417.41,0
279.453,3266.48,146.328,-428.851,3.09347,4414.03,0
280.132,3282.48,141.956,-395.443,3.0914,4346.24,0
280.81,3323.04,69.9656,-366.814,1.10156,4191.3,0
281.494,3288.94,52.3455,-380.642,4.62922,4302.27,0
282.172,3274.93,66.2525,-374.425,6.48663,4341.57,0
282.856,3287,64.5995,-362.077,5.12494,4288.4,0
283.542,3287,59.1512,-346.446,6.21014,4278.04,0
284.231,3300.85,90.4072,-362.866,2.35571,4218.93,0
284.925,3281.86,62.0817,-350.403,6.0531,4275.3,0
285.613,3296.16,52.5578,-345.712,4.21406,4214.94,0
286.31,3287.18,50.7778,-355.739,4.0382,4236.04,0
286.993,3257.14,35.5662,-345.019,7.84347,4330.61,0
287.678,3258.78,39.8873,-328.749,7.85699,4314.63,0
288.364,3277.13,22.7263,-339.369,3.83858,4240.73,0
289.048,3253.84,28.3527,-346.114,5.71748,4311.25,0
289.746,3247.47,19.7626,-340.283,6.33176,4322.85,0
290.426,3249.76,11.2313,-340.678,4.88753,4304.87,0
291.109,3227.27,-1.09018,-333.973,7.88286,4372.01,0
291.795,3239.87,1.19932,-320.649,6.69994,4318.56,0
292.476,3258.11,-2.28699,-354.134,1.1737,4246.12,0
293.162,3293.96,27.9785,-301.402,1.09543,4113.89,0
293.854,3280.7,40.6842,-309.713,1.85053,4149.34,0
294.532,3325.38,62.7251,-260.016,0.343636,3988.08,0
295.228,3311.09,70.9163,-261.719,1.65559,4027.09,0
295.912,3320.16,61.8427,-259.371,0.979942,3987.13,0
296.599,3312.31,63.2455,-255.541,2.12632,4004.36,0
297.286,3293.65,80.5451,-284.44,1.61777,4057.87,0
297.967,3282.51,95.8561,-278.866,3.00353,4086,0
298.651,3296.34,110.044,-262.346,2.13947,4030.31,0
299.344,3274.42,108.212,-274.538,3.85264,4094.23,0
300.029,3263.43,142.105,-294.655,2.26231,4121.5,0
300.719,3247.6,146.077,-281.552,5.01638,4164.71,0
301.402,3253.12,169.405,-267.302,4.12457,4136.91,0
302.093,3240.22,148.219,-275.024,5.72128,4170.16,0
302.785,3255.14,149.274,-281.281,2.69943,4111.39,0
303.469,3254.4,136.766,-269.154,4.25645,4104.52,0
304.159,3235.79,163.076,-257.236,5.99065,4156.41,0
304.847,3231.82,166.72,-263.924,5.42863,4160.05,0
305.537,3227.76,153.445,-266.954,5.86568,4163.94,0
306.221,3239.09,139.45,-275.781,4.01983,4117.64,0
306.91,3247.61,135.947,-254.687,4.61765,4080.62,0
307.605,3263.14,134.949,-241.256,3.52354,4020.93,0
308.289,3270.1,149.248,-199.895,5.10496,3989.45,0
308.979,3256.65,141.032,-194.106,6.90244,4024.05,0
309.661,3239.35,164.732,-185.963,6.79343,4071.06,0
310.347,3240.04,174.577,-173.015,6.32114,4059.86,0
311.042,3250.48,177.677,-172.047,4.0674,4017.21,0
311.744,3247.54,182.347,-164.926,4.25449,4017.6,0
312.434,3234.57,174.079,-163.293,6.05778,4050.24,0
313.121,3238.84,207.698,-145.622,3.71243,4027.7,0
313.802,3224.14,215.512,-153.531,4.17649,4065.81,0
314.484,3235.11,221.838,-156.696,2.05442,4022.11,0
315.168,3224.16,201.134,-147.019,5.45034,4048.12,0
315.857,3239.65,184.458,-142.482,4.77388,3990.23,0
316.548,3233.89,161.375,-136.974,7.04541,3999.75,0
317.24,3228.26,181.157,-114.444,6.50293,4008.76,0
317.917,3223.71,176.843,-117.474,6.633,4014.54,0
318.599,3225.57,170.136,-120.594,5.94759,4000.1,0
319.288,3242.77,167.68,-126.991,3.42528,3937.61,0
319.969,3246.24,135.404,-111.308,5.98734,3918.39,0
320.654,3255.89,140.205,-112.786,3.91885,3879.92,0
321.344,3231.69,152.908,-117.24,4.88253,3946.91,0
322.027,3211.74,169.351,-130.18,4.7273,4000.48,0
322.717,3215.21,152.985,-113.179,6.43884,3981.17,0
323.395,3205.44,157.986,-111.275,6.46394,4003.02,0
324.083,3227.42,141.148,-98.8659,5.75676,3926.73,0
324.764,3215.24,139.286,-104.6,6.01882,3955.99,0
325.446,3218.52,131.505,-97.6315,6.12796,3937.61,0
326.14,3224.43,102.625,-85.0334,8.03582,3911.13,0
326.833,3218.86,87.2545,-80.484,8.42623,3919.87,0
327.526,3204.41,77.5726,-77.9534,9.06137,3955.7,0
328.207,3229.48,79.1983,-89.6726,4.48849,3871.09,0
328.892,3236.61,62.4411,-84.6048,5.06977,3841.36,0
329.573,3240.37,77.2032,-71.5216,4.21669,3822,0
330.248,3238.41,77.3822,-74.1269,3.99725,3820.13,0
330.93,3230.58,72.5136,-43.0179,6.54188,3835.93,0
331.614,3256.52,66.7127,-50.773,3.71608,3749.78,0
332.311,3248.03,58.7444,-55.387,4.42033,3767.46,0
332.997,3242.55,63.4835,-68.25,3.36549,3776.15,0
333.676,3228.86,82.2774,-72.9651,2.82843,3809.5,0
334.36,3249.15,78.9626,-54.0779,2.24685,3741.04,0
335.044,3253.83,98.1249,-28.6079,1.1916,3719.42,0
335.727,3236.87,113.909,-47.346,0.667144,3762.39,0
336.405,3211.82,93.6697,-69.4705,3.94964,3829.25,0
337.09,3206.85,87.5323,-61.1918,5.11474,3836.21,0
337.777,3208.81,89.0073,-54.4476,4.90074,3822.63,0
338.469,3189.45,78.1433,-35.0956,8.30698,3871.99,0
339.144,3181.29,86.43,-28.8436,7.2471,3888.35,0
339.819,3194.87,102.447,-30.3115,3.66185,3840.67,0
340.504,3190.84,63.9733,-28.0755,7.53415,3844.79,0
341.184,3195.94,54.4044,-27.5368,6.88566,3822.16,0
