0.695529,4492.92,649.841,102.396,0.28217,10186.4,0
1.37721,4493.08,649.922,99.4462,0.243654,5028.08,0
2.06557,4500.18,624.887,100.751,0.127318,-85.0405,0
2.75861,4482.96,624.514,81.6783,2.36658,6177.35,0
3.44499,4473.6,619.535,72.6541,3.58197,7662.05,0
4.13015,4494.67,615.347,72.4519,1.03032,1291.43,0
4.80572,4485.69,626.919,101.763,1.61201,2978.5,0
5.49244,4460.89,646.751,94.3894,4.09991,7121.21,0
6.17884,4446.37,632.313,116.864,5.75041,8679.02,0
6.86392,4446.12,658.015,107.708,4.63047,7849.36,0
7.55436,4429.1,681.038,120.275,5.6622,9385.16,0
8.23379,4440.2,688.156,116.358,3.61088,7262.71,0
8.91722,4443.42,708.539,120.19,2.42191,6344.72,0
9.59918,4437.17,683.601,115.731,3.83216,6545.54,0
10.2855,4443.58,687.607,109.069,2.55402,5485.8,0
10.9777,4426.09,732.632,71.969,3.58259,6732.38,0
11.6603,4438.06,755.378,93.7676,1.43659,5312.08,0
12.344,4443.79,760.908,76.5168,0.622319,4553.49,0
13.0278,4436.25,729.48,75.1335,2.33922,4893.73,0
13.7095,4421.41,752.061,60.7869,3.44537,5732.69,0
14.3875,4397.6,776.805,80.4082,5.65221,7117.1,0
15.0819,4426.3,761.877,99.6977,2.20138,4886.56,0
15.7764,4418.29,743.247,114.203,3.56506,5179.27,0
16.472,4403.2,751.516,107.535,5.12768,5876.87,0
17.1577,4403.85,735.814,116.129,4.96497,5604.09,0
17.8513,4428.79,759.564,116.29,0.929721,3989.04,0
18.5322,4417.47,757.617,109.644,2.31782,4453.09,0
19.2188,4418.55,759.546,95.7189,2.17508,4237.81,0
19.9033,4398.71,759.064,123.455,4.43996,5089.14,0
20.5904,4390.32,739.131,108.755,5.28503,5326.95,0
21.2717,4384.07,719.95,105.801,6.08003,5450.18,0
21.9572,4375.09,721.512,96.8317,6.61532,5688.69,0
22.6319,4374.87,708.539,104.328,6.28388,5528.96,0
23.3139,4384.76,721.419,85.3157,4.33433,4942.97,0
24.005,4390.51,730.977,67.1808,3.24177,4561.23,0
24.6957,4383.37,724.675,78.3527,3.99731,4722.56,0
25.3819,4381.73,710.959,71.7521,4.42151,4659.67,0
26.0593,4384.22,687.4,65.0754,4.58015,4443.02,0
26.7494,4366.92,685.691,78.1664,6.45262,4975.1,0
27.4305,4360.8,664.739,81.1374,7.04971,5074.66,0
28.1104,4344.04,660.787,77.5238,8.04787,5547.99,0
28.7912,4348.64,671.972,68.5587,6.17747,5257.03,0
29.4669,4350.62,679.873,58.9999,5.00031,5069.32,0
30.1502,4350.11,667.118,53.4718,5.07606,4971.41,0
30.8248,4370.96,683.878,59.26,1.65603,4186.23,0
31.5195,4354.48,680.505,48.593,3.86993,4616.81,0
32.2108,4344.15,682.966,38.9903,4.98181,4838.55,0
32.8995,4357.6,676.156,43.7919,3.22758,4328.45,0
33.5737,4357.12,677.274,53.1883,3.0518,4255.8,0
34.2506,4357.39,637.227,76.6583,4.05384,4163.83,0
34.9321,4354.81,623.76,70.4101,4.56389,4156.28,0
35.6261,4354.15,640.744,53.0949,3.87351,4093.91,0
36.3032,4349.96,662.408,92.4641,3.31197,4132.92,0
36.9819,4350.94,671.929,88.9637,2.79295,4030.6,0
37.6578,4327.1,676.518,81.0933,5.55271,4591.42,0
38.3467,4339.86,699.252,87.9787,2.86044,4176.19,0
39.0309,4330.7,710.357,80.8793,3.71151,4337.67,0
39.7137,4315.95,717.607,82.7835,5.20264,4634.46,0
40.3942,4312.6,729.592,92.0865,4.95167,4639.19,0
41.0717,4321.96,706.365,103.968,4.0401,4334.91,0
41.7495,4318.12,708.338,96.9,4.26687,4356.53,0
42.4403,4306.46,715.991,85.2254,5.14239,4560.19,0
43.1295,4287.06,691.672,99.7728,7.26615,4937.29,0
43.8197,4308.21,701.806,104.049,3.56143,4376.87,0
44.505,4318.07,692.819,119.473,2.36615,4087.95,0
45.1826,4312.33,695.241,119.088,3.06586,4153.54,0
45.8715,4297.91,696.589,131.249,4.53453,4405.56,0
46.5581,4288.3,688.818,132.046,5.46146,4546.91,0
47.2516,4276.05,686.604,104.103,6.79864,4739.42,0
47.9373,4263.88,704.323,89.0878,6.84713,4925.51,0
48.6208,4241.99,692.783,91.559,8.48573,5306.6,0
49.3045,4244.2,713.34,94.1986,6.23742,5188.07,0
49.9953,4242.56,704.408,87.1067,5.91667,5149.26,0
50.6738,4205.55,695.226,77.2678,9.59072,5810.72,0
51.3576,4187.48,702.545,72.0335,9.82521,6085.21,0
52.0385,4196.93,716.957,67.7921,6.76472,5823.96,0
52.7373,4186.77,721.993,77.4575,6.81317,5939.43,0
53.4289,4205.6,737.74,69.7236,3.24987,5510.14,0
54.1028,4205.42,735.944,56.9792,3.31836,5444.73,0
54.7937,4196,724.665,40.788,4.3591,5548.12,0
55.4862,4193.03,716.446,37.4936,4.78527,5532.41,0
56.1676,4195.03,723.098,41.1579,4.19014,5429.6,0
56.8459,4199.18,698.846,46.5512,4.06038,5291.86,0
57.5395,4218.22,695.93,32.2841,1.47763,4897.14,0
58.2199,4200.76,702.922,54.9566,3.65853,5139.74,0
58.8987,4213.24,707.068,55.5826,1.73979,4868.62,0
59.5804,4194.91,693.561,54.0702,4.5826,5120.67,0
60.2609,4181.86,667.834,50.1444,7.08916,5279.44,0
60.9435,4188.16,647.612,36.2754,5.96872,5116.92,0
61.6365,4184.33,655.513,43.7682,5.52415,5121.45,0
62.3255,4211.5,644.078,60.8678,1.72444,4628.85,0
63.0146,4214.77,668.256,14.2738,0.392076,4526.36,0
63.698,4176.86,684.445,17.1532,5.02676,5072.97,0
64.3775,4190.57,685.644,17.9092,2.67676,4806.56,0
65.0629,4178.69,718.519,57.2762,3.11426,4938.46,0
65.7503,4185.38,716.213,80.7478,2.1025,4785.14,0
66.428,4183.07,706.371,97.7707,2.67347,4771.03,0
67.1135,4195.34,714.102,100.249,0.675653,4539.44,0
67.7984,4202.33,692.747,91.5061,0.391007,4390.56,0
68.4837,4204.28,685.408,114.728,0.243049,4318.15,0
69.1727,4199.12,687.523,87.1145,0.973154,4349.7,0
69.8527,4196.08,668.495,58.8022,2.18621,4350.89,0
70.5318,4205.31,668.636,58.6012,0.809649,4178.18,0
71.2268,4202.69,665.066,83.8785,1.22843,4174.19,0
71.9115,4192.12,670.206,71.8126,2.57726,4281.41,0
72.6003,4182.87,672.423,82.4866,3.62747,4368.19,0
73.2799,4184.1,668.478,80.2417,3.44709,4310.89,0
73.9696,4160.78,670.412,98.2479,6.06317,4585.99,0
74.6484,4176.2,680.654,88.5125,3.14721,4337.7,0
75.3294,4175.47,698.571,85.2693,2.39699,4308.12,0
76.0075,4158.25,694.044,120.433,4.5946,4496.32,0
76.6896,4153.71,695.562,98.4635,4.8971,4515.41,0
77.374,4143.42,694.038,119.276,6.01426,4608.56,0
78.054,4123.87,679.017,146.943,8.02466,4818.9,0
78.7375,4128.69,681.729,152.815,6.28937,4715.76,0
79.4231,4121.55,690.661,141.409,6.19846,4764.99,0
80.1043,4105.3,703.693,136.331,7.23228,4927.27,0
80.784,4093.04,712.526,131.348,8.10334,5037.62,0
81.4653,4084.33,712.335,132.615,8.11481,5102.42,0
82.1615,4066.34,691.967,149.809,9.71059,5278.2,0
82.8429,4094.08,706.861,150.899,4.22787,4899.84,0
83.5349,4079.61,699.657,143.76,6.22033,5032.48,0
84.2167,4097.01,699.594,160.454,3.29001,4785.11,0
84.9025,4120.21,677.995,189.788,0.375214,4473.21,0
85.5806,4116.91,689.175,173.712,0.667471,4476.36,0
86.2766,4109.9,699.759,178.862,1.30473,4521.5,0
86.9493,4103.93,690.986,178.295,2.47025,4555.18,0
87.631,4105.69,689.374,142.21,2.48396,4499.7,0
88.325,4109.85,705.023,119.74,1.51671,4417.25,0
89.0207,4084.56,703.315,107.176,5.05434,4666.79,0
89.6996,4072.5,704.867,91.8969,6.1254,4765.95,0
90.3923,4069.43,687.414,85.7241,6.27342,4763.35,0
91.084,4066.4,694.159,67.1028,5.73061,4760.43,0
91.764,4067.59,685.387,54.6254,5.47918,4712.23,0
92.449,4057.47,682.449,73.9494,6.32647,4786.77,0
93.1343,4041,676.117,69.0594,7.75821,4928.35,0
93.8188,4043.29,648.608,86.0538,7.28845,4868,0
94.5122,4029.4,647.915,72.0355,7.99264,4979.24,0
95.1918,4024.5,651.339,87.9289,7.2582,4995.22,0
95.8778,4012.23,640.077,97.2126,8.24448,5087.46,0
96.5615,4016.78,635.251,99.821,6.41554,5004.27,0
97.2426,4028.97,646.341,87.487,3.50699,4843.82,0
97.9221,4024.68,648.276,99.549,3.88637,4854.09,0
98.5927,4033.07,649.295,97.3754,2.41012,4735.96,0
99.2839,4036.82,657.772,92.6073,1.48324,4665.23,0
99.9794,4019.2,664.89,107.426,3.82651,4809,0
100.672,4013,668.621,106.93,4.35617,4837.48,0
101.353,4026.56,647.637,112.438,2.77355,4671.2,0
102.04,4039.17,627.28,96.9871,1.71339,4516.13,0
102.723,4012.9,640.837,98.6983,5.23205,4741.88,0
103.405,4000.1,666.892,112.595,5.46051,4834.37,0
104.09,3998.89,688.708,117.284,4.47126,4814.21,0
104.772,3992.62,687.657,98.8962,4.96057,4842.74,0
105.442,3980.69,661.943,98.8934,7.20412,4925.07,0
106.127,3967.15,659.784,95.6868,8.07868,5020.9,0
106.81,3947.26,677.02,92.6478,8.9063,5174.95,0
107.502,3952.64,679.568,92.4231,6.37436,5091.62,0
108.188,3938.21,695.084,102.703,7.181,5192.75,0
108.878,3937.28,694.133,115.149,6.68385,5168.39,0
109.566,3930.13,696.104,110.202,7.15038,5201.14,0
110.248,3920.02,701.2,118.765,7.51678,5260.67,0
110.937,3899.09,684.96,133.709,10.1247,5416.71,0
111.62,3907.73,661.428,123.377,7.55219,5306.16,0
112.297,3913.52,664.905,129.823,5.42877,5222.61,0
112.985,3924.72,659.14,115.802,3.76515,5091.71,0
113.655,3947.15,629.382,123.519,1.1847,4864.26,0
114.346,3939.94,647.525,124.701,1.5609,4897.89,0
115.022,3926.11,644.093,122.252,4.06948,4989.4,0
115.709,3913.45,656.945,116.242,5.30186,5069.17,0
116.392,3911.73,641.839,126.963,5.72464,5054.21,0
117.074,3914.57,627.294,123.194,5.60869,5000.57,0
117.758,3944.18,624.604,116.029,0.333228,4719.98,0
118.437,3946.73,614.148,92.5519,0.533856,4671.4,0
119.116,3932.07,603.296,92.5664,3.58751,4767.89,0
119.796,3922.07,642.3,138.694,2.79505,4824.31,0
120.476,3922.62,656.754,148.238,1.99022,4792.47,0
121.161,3925.89,660.704,130.14,1.39647,4738.39,0
121.841,3911.45,650.888,158.189,3.9799,4830.46,0
122.524,3894.87,657.7,124.783,6.5577,4938.92,0
123.205,3889.59,654.036,128.959,6.7081,4954.44,0
123.88,3899.56,652.289,119,4.71817,4846.93,0
124.571,3893.57,629.766,115.622,6.47926,4868.15,0
125.264,3903.21,620.347,110.784,4.85132,4764.22,0
125.949,3915.49,616.602,100.663,2.85974,4640.88,0
126.63,3916.3,625.72,90.268,2.23498,4609.44,0
127.311,3925.67,586.616,67.7062,3.04189,4511.24,0
127.991,3925.15,565.657,62.7906,4.6507,4491.3,0
128.678,3915.06,548.414,46.9053,7.54546,4545.77,0
129.36,3919.06,539.597,73.5899,6.36932,4490.89,0
130.046,3928.97,554.055,73.1245,2.57973,4390.94,0
130.725,3926.23,551.725,74.4535,2.88409,4389.11,0
131.405,3917.1,560.217,83.8764,3.77066,4435.9,0
132.09,3921.19,558.864,87.8947,2.89605,4381.93,0
132.769,3931.4,543.658,111.011,1.79008,4282.65,0
133.452,3929.77,540.873,130.07,1.9405,4272.9,0
134.137,3925.82,571.022,91.2193,0.917894,4280.52,0
134.827,3906.83,565.807,85.2069,5.02377,4399.5,0
135.499,3912.11,550.788,77.4161,4.86554,4338.69,0
136.188,3909.92,534.588,90.6146,5.88214,4332.85,0
136.874,3909.93,550.732,92.7014,3.90083,4311.05,0
137.571,3920.25,543.544,93.2857,2.39166,4214.19,0
138.254,3915.59,555.975,59.6476,2.60715,4227.08,0
138.946,3911.78,549.833,41.012,3.7801,4233.47,0
139.635,3897.88,555.327,23.7764,5.46563,4312.08,0
140.321,3898.85,565.565,24.2873,3.8075,4284.13,0
140.999,3912.24,545.345,23.6423,2.84874,4168.53,0
141.689,3917.47,559.845,26.0587,0.5141,4111.35,0
142.376,3886.27,570.359,45.8873,5.30115,4310.62,0
143.062,3873.46,576.723,52.2398,6.61382,4379.53,0
143.746,3871.22,585.466,50.5758,5.62174,4374.21,0
144.434,3853.93,590.735,48.5134,7.65341,4473.13,0
145.117,3885.75,573.669,37.986,1.6644,4232.82,0
145.785,3897.17,553.93,37.4899,0.972821,4135.07,0
146.461,3879.54,587.133,57.783,1.5314,4236.36,0
147.151,3860.83,574.54,45.4753,5.86192,4343.6,0
147.844,3864.9,560.144,44.229,6.03533,4295.73,0
148.534,3875.72,546.209,43.2922,4.5914,4202.93,0
149.216,3868.65,548.475,43.8356,5.42256,4231.14,0
149.89,3869.14,561.727,47.4942,3.88542,4208.82,0
150.57,3868.15,540.905,55.2485,5.97014,4196.37,0
151.251,3865.3,543.962,40.8964,5.59786,4196.31,0
151.936,3853.56,538.053,39.4323,7.69166,4254.68,0
152.614,3861.72,521.767,73.0284,6.50939,4182.33,0
153.299,3850.06,526.182,84.8435,7.76562,4239.65,0
153.992,3844.7,532.825,72.836,7.40637,4255.42,0
154.677,3849.49,554.282,81.386,3.51663,4205.62,0
155.368,3862.82,538.216,83.7672,2.08004,4101.08,0
156.049,3848.5,545.69,51.5697,4.77358,4174.96,0
156.736,3864.1,516.006,67.3718,4.30341,4057.17,0
157.423,3865.11,496.947,60.6124,5.62654,4033.03,0
158.099,3866.72,499.048,46.5235,4.80194,4005.63,0
158.779,3887.3,499.604,38.1277,0.274039,3858.8,0
159.467,3849.54,524.254,13.309,5.41189,4078.96,0
160.146,3833.11,532.127,40.085,7.13814,4164.26,0
160.837,3846.15,527.891,45.8688,3.62469,4065.28,0
161.523,3849.43,518.719,74.5211,3.46363,4027.75,0
162.212,3832.95,532.018,67.3237,5.55742,4112.2,0
162.906,3841.2,513.35,43.3443,5.19298,4044.07,0
163.59,3828.86,526.279,56.894,5.73882,4102.56,0
164.277,3829.61,507.961,80.3265,6.43549,4080.85,0
164.975,3827.45,516.241,64.8628,5.56995,4076.72,0
165.649,3813.36,530.45,63.6836,6.66054,4145.17,0
166.329,3811.67,528.18,66.4374,7.04614,4138.38,0
167.015,3785.24,531.605,62.8518,10.9597,4279.63,0
167.697,3760.48,540.682,32.8598,4.17987,4409.86,0
168.387,3774.17,545.478,-0.0913341,0.0956851,4310.47,0
169.073,3756.72,535.263,7.70813,5.418,4396.21,0
169.754,3755.49,537.277,23.1349,4.85692,4385.79,0
170.434,3780.47,519.71,-3.36277,0.640114,4221.73,0
171.117,3762.9,497.979,2.14288,8.21611,4307.61,0
171.789,3757.67,481.72,3.76013,10.4577,4321.17,0
172.472,3722.01,491.936,32.7295,5.41539,4510.78,0
173.142,3708.38,494.403,23.859,8.5534,4572.1,0
173.836,3690.82,498.726,48.3892,0.384107,4654.82,0
174.519,3677.11,501.908,49.5849,4.37486,4715.17,0
175.198,3679.01,501.703,70.5695,3.00017,4686.05,0
175.879,3675.99,500.116,71.8809,4.35512,4685.13,0
176.56,3685.25,465.702,117.665,7.33316,4614.56,0
177.241,3668.75,456.855,102.115,4.26614,4689.95,0
177.926,3687.94,441.153,96.3508,3.49444,4564.06,0
178.597,3669.64,460.841,108.556,1.90832,4649.36,0
179.284,3668.18,447.599,100.13,7.42753,4639.64,0
179.979,3669.12,427.816,70.5984,5.92451,4616.5,0
180.659,3658.98,429.761,76.221,7.41506,4655.29,0
181.348,3647.65,405.513,76.285,11.2083,4700.09,0
182.029,3653.59,404.713,65.6819,9.72157,4649.85,0
182.721,3624.96,411.519,66.1532,2.20271,4788.94,0
183.413,3619.89,396.288,65.2695,3.3606,4798.53,0
184.105,3613.94,391.595,68.6305,8.18557,4812.82,0
184.798,3608.53,395.839,50.0528,7.8026,4824.05,0
185.49,3612.87,386.692,41.9271,13.8603,4782.6,0
186.176,3594.56,364.13,41.5834,7.79426,4863.39,0
186.873,3607.59,359.156,21.7227,9.23898,4775.47,0
187.548,3600.29,353.871,5.48034,6.32156,4797.23,0
188.24,3596.64,325.315,3.56542,5.82019,4798.97,0
188.925,3593.47,325.36,-1.94134,6.34372,4798.37,0
189.609,3592.49,325.061,-6.7072,6.65768,4786.24,0
190.288,3592.58,284.914,3.71013,7.15708,4768.68,0
190.978,3572.92,283.516,18.1491,5.1931,4854.39,0
191.659,3555.02,267.084,22.8481,4.6928,4930.54,0
192.35,3570.26,262.893,-19.0675,4.43095,4833.59,0
193.036,3572.75,265.709,-41.8069,4.14839,4803.52,0
193.72,3574.67,268.735,-40.6848,3.88104,4776.63,0
194.396,3567.44,267.844,-57.871,3.71616,4797.23,0
195.082,3559.15,258.15,-7.25785,3.53817,4822.86,0
195.771,3557.51,266.303,-9.11971,3.3845,4814.22,0
196.457,3573.37,298.555,-11.3227,3.23604,4716.69,0
197.146,3561.85,309.219,-22.5583,3.06287,4758.67,0
197.833,3551.37,315.808,15.3794,2.94729,4795.11,0
198.521,3573.89,311.255,18.4304,2.90076,4665.06,0
199.205,3569.41,312.533,20.3346,10.5477,4671.5,0
199.891,3582.08,296.065,17.6516,5.96586,4592.11,0
200.583,3592.13,283.458,41.2982,9.29252,4526.16,0
201.274,3604.07,263.476,39.3197,8.57653,4451.31,0
201.961,3604.28,255.348,11.6247,9.33176,4435.12,0
202.641,3611.87,242.89,36.9478,4.60194,4382.75,0
203.324,3638.8,217.41,31.4155,4.10465,4235.63,0
204.017,3627.31,204.755,46.116,11.0685,4277.54,0
204.703,3628.91,186.279,40.0178,2.97257,4255.38,0
205.389,3650.95,165.603,46.6959,3.76213,4133.89,0
206.074,3641.73,148.171,23.8725,8.51287,4164.89,0
206.763,3641.19,135.238,22.4355,7.49603,4153.62,0
207.442,3668.9,102.201,18.2976,4.88022,4006.42,0
208.13,3621.78,96.942,39.1091,6.7359,4219.57,0
208.813,3609.26,94.1633,9.86163,2.31996,4265.72,0
209.504,3591.23,88.8332,21.5771,9.51255,4337.73,0
210.189,3598.29,78.2462,24.1435,6.14716,4289.99,0
210.876,3597.52,71.1255,13.0286,6.90208,4279.68,0
211.565,3588.24,74.6073,21.5226,8.77216,4309.6,0
212.251,3600.33,58.1899,29.6429,3.63042,4238.7,0
212.936,3605.11,65.2344,35.1659,0.381775,4202.62,0
213.623,3582.51,73.0115,48.9329,8.21844,4294.89,0
214.316,3562.93,66.4266,35.7428,7.12321,4372.35,0
215.009,3570.3,62.24,50.3114,2.07448,4324,0
215.7,3563.23,55.6001,37.0775,7.51379,4342.93,0
216.386,3565.25,56.7189,57.6177,3.05839,4319.83,0
217.077,3559.67,32.9167,65.1018,7.05676,4331.79,0
217.764,3540.09,42.0101,51.5725,7.86031,4408.04,0
218.44,3516.29,22.4012,54.629,3.56952,4503.36,0
219.125,3492.56,39.6827,70.4026,8.69323,4597.55,0
219.816,3493.49,67.4067,62.0218,2.00588,4578.9,0
220.494,3494.92,71.4157,53.7054,2.04607,4558.29,0
221.176,3481.35,53.1605,33.2872,2.24288,4605.6,0
221.861,3459.24,32.1431,19.4175,5.61236,4691.05,0
222.474,3455.38,9.36859,-2.65886,3.60216,4695.44,0
