0.686895,4480.37,641.161,82.509,2.37348,28576.5,0
1.36942,4480.89,668.413,111.137,1.33191,13953.4,0
2.05341,4465.48,628.934,125.885,4.39009,16812.4,0
2.73971,4460.54,635.787,108.392,4.75948,14403.4,0
3.42596,4462.8,640.171,88.6965,4.26985,10857.2,0
4.1101,4476.11,646.343,83.8372,2.26886,5811.41,0
4.79724,4475.89,650.539,90.9292,2.08682,5026.16,0
5.47794,4472.65,646.278,82.6575,2.62271,4993.03,0
6.16511,4473.44,646.515,96.243,2.25134,4308.38,0
6.8554,4461.27,635.267,83.26,4.08036,5650.29,0
7.55206,4451.47,637.927,91.1283,4.67934,6425.54,0
8.24359,4481.28,640.977,106.582,0.555184,2270.98,0
8.93498,4482.15,639.607,115.333,0.432737,1998.2,0
9.61454,4460.26,628.296,104.144,3.57448,4132.99,0
10.2964,4450.86,651.6,119.519,3.73908,4772.48,0
10.9858,4455.51,675.326,128.696,2.28372,4050.21,0
11.6664,4461.09,657.322,153.597,1.90916,3335.45,0
12.3448,4451.99,651.39,98.8013,3.49363,3888.91,0
13.0333,4467.27,657.341,73.5356,1.41757,2511.31,0
13.7047,4467.25,667.5,52.4904,1.15591,2389.97,0
14.3884,4443.37,666.457,44.9685,4.1768,3935.81,0
15.0808,4454,686.802,46.7904,2.14329,3050.55,0
15.7623,4456.61,678.58,61.3091,1.91252,2752.81,0
16.4433,4449.61,673.965,71.8261,2.88677,3064.62,0
17.1252,4456.26,674.258,63.1662,2.02559,2553.85,0
17.8114,4454.62,679.028,78.3369,2.00779,2547.95,0
18.5019,4435.6,693.015,79.4052,3.90382,3480.78,0
19.1838,4422.39,694.189,69.3679,5.20839,4045.73,0
19.8633,4417.8,682.174,69.6681,5.69664,4138.31,0
20.5576,4398.98,663.969,69.9836,7.7303,4913.76,0
21.2446,4387.59,664.481,80.7878,7.80194,5291.39,0
21.9252,4401.62,657.05,92.3161,5.17911,4486.89,0
22.6044,4411.7,625.055,67.5726,4.65277,3906.36,0
23.295,4414.61,647.393,70.3597,3.24475,3665.42,0
23.9796,4444.42,627.673,71.0002,0.0307668,2317.64,0
24.669,4424.45,635.024,35.3268,2.37676,3062.51,0
25.3565,4429.42,628.368,65.1664,1.8016,2783.61,0
26.0381,4420.2,645.1,84.4972,2.32081,3064.7,0
26.7218,4411.31,683.98,111.153,2.10121,3319.13,0
27.4147,4381.41,713.662,134.395,4.79714,4325.76,0
28.1067,4380,722.161,154.3,4.48161,4269.37,0
28.799,4394.35,727.013,155.224,2.40098,3668.61,0
29.4861,4395.29,740.842,159.026,1.89983,3551.2,0
30.1726,4396.38,738.79,177.151,1.6916,3434.39,0
30.8636,4360.56,758.068,180.655,5.6951,4517.92,0
31.5481,4371.84,754.905,170.839,3.82574,4062.21,0
32.2369,4383.65,743.682,168.584,2.47083,3609.18,0
32.9187,4403.81,726.186,154.133,0.322328,2921.96,0
33.5992,4382.38,708.913,150.578,3.50348,3500.65,0
34.2905,4380.51,707.742,147.249,3.64555,3484.78,0
34.9822,4398.17,697.249,146.037,1.47587,2910.86,0
35.6647,4375.82,690.12,133.773,4.43941,3481.92,0
36.3502,4364.2,680.062,154.904,5.72551,3735.91,0
37.0351,4367.67,671.71,160.685,4.90488,3573.06,0
37.7141,4378.61,664.866,160.746,3.22671,3218.71,0
38.3969,4369.51,693.69,178.947,3.31446,3398.47,0
39.0837,4375.28,706.581,185.255,1.98556,3191.12,0
39.7776,4369.86,706.941,187.849,2.62423,3271.72,0
40.4713,4374.94,712.658,211.193,1.60544,3090.04,0
41.1633,4385.97,705.733,192.215,0.458311,2770.17,0
41.8457,4353.65,693.265,199.847,4.83875,3497.28,0
42.5245,4341.64,695.087,179.512,5.96097,3723.91,0
43.2027,4341.55,695.796,153.423,5.58283,3667.68,0
43.8756,4354.16,706.616,133.009,3.44452,3323.84,0
44.5529,4350.75,693.207,114.07,4.07786,3349.95,0
45.2313,4363.7,741.004,101.065,1.10659,3013.47,0
45.9179,4335.95,742.185,112.309,4.49581,3572.77,0
46.6083,4353.61,747.688,117.345,2.02167,3140.96,0
47.2896,4361.24,734.573,119.263,1.30917,2934.31,0
47.976,4364.22,716.335,116.367,1.44632,2830.2,0
48.6626,4356.17,696.463,122.688,2.90501,2955.57,0
49.3564,4337.77,684.568,144.496,5.38487,3286.82,0
50.0293,4308.84,707.127,123.698,7.79093,3820.93,0
50.7169,4309.11,706.909,119.123,6.57971,3763.93,0
51.4036,4321.25,713.978,125.036,4.29912,3477.35,0
52.087,4314.24,702.389,118.472,4.90688,3566.38,0
52.7714,4301.19,686.966,112.183,6.50872,3767.36,0
53.4614,4297.19,684.226,95.377,6.48419,3793.61,0
54.146,4301.29,684.997,113.114,5.5602,3669.81,0
54.8348,4302.48,686.798,138.314,4.91105,3602.17,0
55.5233,4297.32,694.158,131.615,4.93828,3650.32,0
56.2125,4288.78,695.414,124.26,5.60918,3757.55,0
56.8935,4270.03,688.458,132.806,7.51024,4042.11,0
57.5682,4278.35,678.709,132.996,5.77549,3850.24,0
58.2412,4280.88,677.061,142.511,5.26305,3762.27,0
58.9331,4257.7,677.48,150.345,7.66386,4111.53,0
59.6218,4264.95,691.989,145.839,5.27038,3942.42,0
60.3175,4259.66,718.226,129.559,4.85067,3984.51,0
61.0042,4283.81,732.941,100.374,1.08211,3543.81,0
61.6947,4283.75,724.111,126.986,1.21159,3505.24,0
62.3725,4265.93,736.072,137.476,3.12435,3752.76,0
63.0592,4246.35,724.21,154.793,5.83229,4022.44,0
63.7348,4241.84,727.38,160.099,5.56183,4050.47,0
64.4177,4217.1,733.771,166.398,7.71129,4391.72,0
65.1052,4232.55,747.095,168.561,4.56612,4108.03,0
65.7951,4223.57,782.83,178.692,4.56365,4201.31,0
66.4767,4227.77,791.11,174.638,3.62547,4095.17,0
67.1622,4188.03,795.871,162.732,8.10262,4645.03,0
67.8505,4176.36,790.896,148.237,7.68268,4769.93,0
68.5363,4169.72,808.03,151.86,6.96186,4818.98,0
69.2209,4171.04,807.435,138.705,6.2654,4752.39,0
69.904,4187.66,800.665,123.128,3.93362,4468.18,0
70.59,4173.97,816.705,108.537,5.14068,4618.68,0
71.2774,4162.4,827.93,103.362,5.86238,4736.44,0
71.956,4192.2,851.43,94.9065,1.134,4277.67,0
72.6543,4189.34,856.857,116.281,1.3108,4275.84,0
73.344,4173.91,854.185,117.21,3.33125,4446.03,0
74.0248,4176.08,861.797,128.608,2.84114,4375.84,0
74.7077,4155.36,869.598,141.34,5.21031,4613.16,0
75.3914,4151.04,850.212,176.28,5.49823,4628.61,0
76.0705,4153.38,836.11,151.435,5.11572,4556.62,0
76.7634,4128.1,835.279,142.457,7.68243,4844.77,0
77.4489,4120.45,835.956,133.387,7.38322,4900.71,0
78.1211,4116.3,835.762,125.42,6.90568,4911.58,0
78.8046,4102.81,825.609,99.6095,7.73476,5040.23,0
79.4848,4104.42,832.056,94.2264,6.30379,4976.77,0
80.1652,4111.45,858.026,115.149,4.43655,4846.91,0
80.8506,4137.75,864.183,110.577,0.618087,4480.51,0
81.5336,4111.27,829.545,129.69,4.70539,4767.79,0
82.2173,4137,819.416,142.776,1.42579,4415.11,0
82.9039,4130.35,793.64,127.525,2.85799,4458.75,0
83.5878,4117.25,804.477,130.231,4.23606,4579.04,0
84.2716,4105.62,809.866,134.877,5.34097,4679.91,0
84.9515,4116.28,778.827,158.257,3.97926,4516.95,0
85.6343,4096.72,774.977,154.92,6.28593,4709.35,0
86.3247,4115.26,789.591,172.799,3.1153,4456.87,0
87.0171,4093.07,773.752,165.953,5.99931,4676.39,0
87.7002,4089.91,749.849,143.684,6.33075,4676.08,0
88.3824,4097.12,766.902,118.827,4.44562,4558.35,0
89.0643,4098.25,797.659,99.1695,3.38418,4510.75,0
89.7533,4115.5,794.023,108.618,1.07999,4283.97,0
90.4376,4110.59,764.138,133.24,2.35882,4305.81,0
91.1268,4108.47,784.428,129.32,2.11473,4296.54,0
91.805,4111.57,806.541,125.346,1.145,4231.07,0
92.488,4094.62,808.943,136.745,3.30109,4383.06,0
93.1786,4100.08,833.108,149.12,1.99667,4292.02,0
93.8821,4105.48,830.24,123.22,1.38007,4202.34,0
94.5664,4075.39,840.319,103.46,5.16201,4490.12,0
95.2523,4108.42,840.009,85.9671,0.689901,4110.96,0
95.9368,4076.43,823.008,95.4041,5.10476,4415.05,0
96.6227,4097.85,818.977,91.4152,2.04572,4162.04,0
97.3146,4102.32,814.738,85.2015,1.42407,4086.59,0
98.0062,4098.27,807.099,56.8039,2.18495,4099.07,0
98.7027,4092.1,788.634,65.9331,3.32137,4132.58,0
99.3814,4102.69,783.592,78.3629,1.89614,3997.8,0
100.071,4077.5,791.162,85.474,5.03176,4221.98,0
100.748,4084.68,795.809,95.1355,3.33902,4122.38,0
101.439,4091.87,806.715,85.9713,2,4023.41,0
102.13,4082.61,834.501,57.3442,2.7386,4086.88,0
102.827,4093.48,809.468,35.0764,1.45047,3953.42,0
103.506,4092.31,787.18,53.5459,2.0657,3938.79,0
104.194,4102.18,797.471,12.3038,0.418281,3818.03,0
104.872,4100.74,813.019,-27.526,0.265581,3807.14,0
105.549,4056.31,809.119,-25.1147,6.27579,4203.58,0
106.24,4082.24,812.359,-21.9191,2.30108,3932.28,0
106.927,4085.74,830.038,-48.706,1.38798,3874.21,0
107.613,4083.43,815.041,-40.6338,2.01714,3870.97,0
108.295,4087.27,775.428,-36.0283,2.37695,3811.18,0
108.976,4082.51,781.905,-69.9235,2.78702,3831.04,0
109.652,4092.59,778.001,-87.5169,1.2423,3715.51,0
110.347,4067.53,782.025,-107.81,4.36308,3919.16,0
111.042,4054.23,805.384,-82.7905,5.49825,4014.43,0
111.729,4072.46,791.11,-74.4776,2.86639,3826.61,0
112.422,4091.61,789.134,-94.292,0.177153,3632.65,0
113.101,4089.57,772.093,-101.617,0.798473,3628.93,0
113.784,4074.12,776.841,-93.7231,2.73674,3742.89,0
114.459,4059.44,796.182,-104.494,4.18602,3849.04,0
115.145,4085.11,818.164,-91.2524,0.141966,3603.16,0
115.828,4065.31,814.298,-76.4562,2.90984,3752.91,0
116.509,4056.65,827.516,-63.0451,3.78019,3805.28,0
117.199,4073.09,836.4,-61.5565,1.32368,3642.63,0
117.887,4059.71,854.153,-68.8504,2.7898,3734.85,0
118.573,4064.99,854.019,-62.1517,1.973,3668.73,0
119.259,4059.1,861.056,-30.7951,2.59081,3697.01,0
119.947,4073.6,876.241,-41.0109,0.365194,3554.9,0
120.647,4055.3,888.458,-26.0603,2.5562,3685.96,0
121.336,4053.44,916.163,-26.9756,2.35259,3680.33,0
122.015,4043.15,936.212,-6.42634,3.29967,3744.18,0
122.703,4053.35,911.046,-2.86635,2.12965,3640.1,0
123.381,4057.52,902.036,-41.2848,1.63339,3586.34,0
124.055,4068.82,905.894,-33.9706,0.0980806,3475.69,0
124.735,4056.09,900.165,-25.6299,1.80368,3558.86,0
125.42,4029.93,904.84,-26.2056,5.03242,3747.99,0
126.113,4024.9,899.852,-24.9311,5.12114,3767.24,0
126.798,4019.19,902.95,-30.0834,5.39648,3791.92,0
127.471,4036.58,893.99,-34.015,3.00122,3635.46,0
128.154,4041.34,906.928,-48.3423,2.11321,3578.93,0
128.843,4048.5,908.307,-72.4568,1.10155,3504.25,0
129.526,4038.63,895.967,-81.2969,2.55356,3562.01,0
130.222,4010.92,901.028,-72.0978,5.85372,3755.77,0
130.91,4008.8,926.112,-66.7723,5.44544,3752.17,0
131.59,3996.57,918.879,-66.5314,6.36083,3825.73,0
132.271,3992.62,937.518,-62.1306,5.98403,3835.87,0
132.955,3990.17,934.122,-43.1028,5.77341,3834.59,0
133.635,4012.1,929.513,-74.3778,2.54733,3650.98,0
134.326,4024.65,928.655,-56.6123,0.941503,3538.79,0
135.006,3986.24,949.688,-68.6737,5.31832,3805.42,0
135.682,3972.22,954.349,-66.0545,6.36157,3889.86,0
136.368,3965.77,927.211,-58.4501,6.6697,3917.53,0
137.056,3975.54,932.987,-58.9131,4.77376,3826.62,0
137.742,3974.03,936.802,-39.2536,4.60766,3818.52,0
138.43,3986.64,915.322,-36.9657,2.76835,3708.43,0
139.119,3972.49,924.271,-10.6515,4.42606,3791.82,0
139.802,3951.88,930.53,-3.61782,6.48516,3920.67,0
140.489,3951.82,928.211,-11.3483,5.68155,3901.91,0
141.182,3959.34,963.891,-40.5295,4.04345,3829.55,0
141.863,3955.39,972.087,-15.7703,4.25105,3838.96,0
142.54,3959.89,982.882,-32.7264,3.32647,3789.18,0
143.218,3936.17,951.943,-20.3332,6.2857,3936.82,0
143.909,3941.13,932.807,-22.0069,5.39883,3883.5,0
144.602,3926.2,933.135,-7.46437,6.7003,3968.17,0
145.292,3930.25,922.529,-1.85511,5.66367,3921.45,0
145.973,3926.3,950.15,20.8973,5.42534,3930.22,0
146.665,3914.02,967.096,11.99,6.31095,3995.35,0
147.348,3921.43,969.181,10.3667,4.68054,3926.53,0
148.04,3922.24,974.235,16.5404,4.25895,3902.74,0
148.72,3912.26,945.371,24.2418,5.65847,3952.01,0
149.421,3914.69,935.016,9.54777,5.12001,3917.21,0
150.1,3938.85,938.52,7.23372,1.65914,3738.52,0
150.792,3912.35,957.33,-12.7569,4.84215,3897.08,0
151.479,3915.12,949.579,-20.092,3.90942,3861.12,0
152.164,3918.18,934.344,-3.40141,3.62258,3823.62,0
152.847,3937.43,947.272,14.4116,0.782957,3680.6,0
153.535,3933.09,925.96,-8.88737,1.62691,3692.36,0
154.212,3916.08,938.123,4.76457,3.73937,3786.47,0
154.892,3941.8,960.835,11.0039,0.0748246,3603.77,0
155.567,3940.71,956.74,-19.7624,0.233144,3595.15,0
156.255,3912.46,928.573,-1.63754,4.15305,3760.13,0
156.95,3918.63,906.336,-5.11269,3.37976,3704.18,0
157.632,3911.97,909.898,6.73496,4.07672,3730.39,0
158.321,3904.97,896.981,0.7948,4.98669,3758.35,0
159.002,3922.53,894.933,12.5405,2.47263,3631.84,0
159.697,3936.2,901.783,31.8255,0.543727,3530.42,0
160.376,3921.44,885.693,61.6152,2.711,3607.5,0
161.064,3920.21,887.795,63.8517,2.7946,3599.74,0
161.753,3927.47,901.297,64.4247,1.59315,3539.57,0
162.438,3894.44,883.125,53.505,6.24574,3727.92,0
163.118,3890.37,899.983,62.0316,5.8277,3737.32,0
163.809,3895.61,888.801,66.5655,4.90487,3689.61,0
164.488,3862.84,885.897,61.8827,8.3535,3873.6,0
165.175,3866.49,868.181,76.0296,6.75763,3835.41,0
165.863,3895.7,870.698,91.0658,2.13531,3643.37,0
166.55,3888.35,876.676,105.814,2.97717,3672.45,0
167.233,3866.64,864.39,83.3256,6.05902,3787.27,0
167.92,3896.34,834.659,89.6448,1.98631,3594.94,0
168.61,3910.54,816.607,96.8549,0.1763,3496,0
169.299,3888.93,843.19,76.8471,2.88036,3609.44,0
169.991,3885.25,858.75,58.99,3.03865,3616.37,0
170.668,3896.12,849.771,53.768,1.56007,3538.33,0
171.361,3894.65,848.77,73.3555,1.74116,3532.6,0
172.048,3882.31,833.54,71.7947,3.62292,3590.19,0
172.728,3876.2,808.237,63.6502,4.63995,3611.46,0
173.419,3865.86,808.845,48.0908,5.51867,3656.69,0
174.099,3873.22,816.194,45.9111,3.89668,3600.13,0
174.789,3863.24,785.082,22.575,5.73625,3643.02,0
175.485,3873.29,785.723,43.5443,4.02528,3571.29,0
176.178,3878.93,795.183,48.1748,2.86632,3525.23,0
176.87,3881.61,776.831,56.3792,2.72885,3496.28,0
177.552,3875.11,779.749,49.1676,3.56739,3519.5,0
178.245,3873.02,796.75,58.3705,3.30614,3517.49,0
178.926,3870.52,775.551,67.6953,3.85097,3518.12,0
179.608,3873.97,756.239,53.7649,3.42686,3485.53,0
180.293,3870.28,739.006,36.5488,4.31067,3492.78,0
180.987,3857.94,704.057,52.7449,6.72293,3547.57,0
181.664,3854.07,672.167,37.3911,7.64183,3555.63,0
182.358,3857.51,671.057,39.2212,5.94091,3523.26,0
183.047,3863.15,673.587,37.3211,4.18832,3479.16,0
183.725,3863.56,695.033,46.659,3.15874,3464.11,0
184.411,3854.93,689.401,53.7072,4.34773,3498.02,0
185.114,3840.45,691.764,38.8519,6.4992,3562.92,0
185.795,3851.2,708.16,45.8282,3.67099,3492.04,0
186.491,3857.95,703.657,51.5553,2.48678,3442.76,0
187.173,3837.82,737.93,41.0093,4.66383,3537.82,0
187.85,3833.54,723.172,34.0159,5.50924,3547.81,0
188.533,3847.95,687.873,30.1076,3.60451,3458.54,0
189.217,3842.7,709.852,19.8672,3.45599,3473.8,0
189.904,3854.4,727.933,-8.91125,0.931126,3399.6,0
190.582,3838.69,756.954,-38.4006,2.54891,3469.95,0
191.269,3851.89,754.364,-29.039,0.474731,3388.46,0
191.952,3836.3,704.238,-45.2039,4.37663,3457.63,0
192.633,3826.73,679.776,-40.787,6.32077,3495.08,0
193.313,3851.77,658.339,-25.7325,2.48578,3353.25,0
193.995,3847.65,676.253,-13.6352,2.50657,3362.73,0
194.688,3837.44,685.531,-44.235,3.82078,3403.18,0
195.375,3849.23,698.787,-42.5168,1.20984,3330.85,0
196.061,3836.2,668.154,-47.8667,4.48447,3385.69,0
196.757,3818.62,677.739,-54.481,6.73623,3463.04,0
197.436,3806,672.112,-56.1776,7.92561,3515.06,0
198.118,3797.04,657.015,-47.5507,8.47999,3548.19,0
198.805,3808.35,673.497,-41.4401,4.75939,3479.06,0
199.49,3818.3,680.65,-66.3929,2.42835,3417.23,0
200.173,3813.97,662.216,-59.8842,3.92603,3427.19,0
200.845,3790.81,664.892,-45.0463,7.52087,3531.06,0
201.521,3779.76,648.562,-42.9765,8.80369,3574.04,0
202.213,3796.71,643.477,-61.0214,4.72483,3477.96,0
202.896,3800.51,661.273,-60.5739,2.95579,3447.51,0
203.583,3786.8,696.597,-60.2705,4.0289,3503.23,0
204.263,3801.44,710.654,-88.5627,0.898642,3419.92,0
204.941,3792.21,693.614,-102.675,2.95018,3453.62,0
205.622,3802.21,662.755,-93.1188,2.27466,3393.55,0
206.311,3813,625.641,-107.506,1.50064,3329.91,0
207.003,3781.42,645.752,-98.701,6.80874,3471.37,0
207.694,3777.94,661.7,-111.54,5.53249,3476.55,0
208.383,3778.73,651.638,-110.202,5.29409,3461.29,0
209.06,3785.03,649.152,-125.639,3.8695,3419.92,0
209.748,3795.62,670.98,-113.643,1.03772,3358.22,0
210.435,3787.94,694.653,-126.149,1.53761,3383.74,0
211.122,3781.2,678.33,-129.732,3.11951,3404.67,0
211.807,3765.2,665.353,-139.593,6.04239,3469.18,0
212.484,3779.41,685.592,-123.878,2.2701,3391.25,0
213.155,3739.66,689.708,-143.733,8.59577,3567.1,0
213.831,3734.98,678.629,-170.291,8.32702,3577.68,0
214.518,3743.96,699.476,-140.631,5.66422,3524.36,0
215.205,3762.71,714.244,-150.271,1.60812,3426.01,0
215.893,3753.7,696.163,-138.589,3.41756,3456.82,0
216.574,3748.05,699.385,-151.493,4.17145,3472,0
217.264,3754.84,701.007,-162.796,2.69575,3429.75,0
217.94,3757.71,699.015,-176.469,2.07922,3405.91,0
218.624,3767.94,691.153,-135.579,0.706557,3348.48,0
219.316,3742.82,699.655,-105.84,4.9959,3452.46,0
220.003,3749.61,719.571,-74.1436,3.12773,3410.83,0
220.691,3733.78,716.063,-90.4795,5.69986,3471.92,0
221.368,3724.68,707.518,-92.5783,7.06847,3502.39,0
222.053,3716.3,706.83,-89.4419,7.65944,3529.34,0
222.733,3720.43,691.336,-84.9543,6.48644,3500.03,0
223.418,3705.47,686.489,-78.1834,8.43692,3556.25,0
224.091,3694.78,678.171,-58.5635,8.90047,3593.3,0
224.764,3683.94,676.228,-55.6114,9.40609,3630.75,0
225.458,3682.52,659.609,-50.2941,8.14227,3625.86,0
226.137,3688.06,647.834,-37.8175,6.79728,3590.48,0
226.817,3708.67,638.414,-36.5578,2.17775,3488.84,0
227.505,3694.09,626.965,-39.5059,5.63301,3542.4,0
228.183,3697.4,638.534,-25.3367,3.91562,3517.37,0
228.873,3702.31,628.214,-27.6411,3.14157,3485.31,0
229.563,3688.98,641.615,-55.9376,5.31439,3532.9,0
230.249,3684.81,641.331,-49.6652,5.74224,3540.46,0
230.934,3700.25,632.569,-33.335,2.40778,3463.13,0
231.615,3695.37,650.818,-41.7008,2.57677,3473.99,0
232.303,3698.75,626.721,-38.0862,2.88389,3449.15,0
232.989,3698.3,612.821,-16.317,3.73305,3440.95,0
233.671,3693.66,592.65,-39.2442,5.83362,3450.75,0
234.358,3706.61,590.455,-8.96699,2.32642,3385.36,0
235.046,3684.53,589.825,-1.04156,7.64134,3469.4,0
235.739,3700.07,582.389,-19.6129,3.68255,3393.31,0
236.422,3687.92,575.07,-5.90137,7.28374,3434.87,0
237.102,3685.2,540.849,-10.9736,10.5089,3436.48,0
237.788,3681.91,547.439,-23.8782,8.73161,3440.41,0
238.466,3710.75,534.412,-21.3283,0.985092,3309.7,0
239.147,3705.77,524.541,-3.03481,4.19517,3321.08,0
239.83,3698.13,518.454,-2.02662,6.82868,3343.5,0
240.51,3688.26,541.654,-12.6495,5.68145,3375.05,0
241.205,3688.11,548.367,-21.9074,4.38331,3365.95,0
241.901,3698.19,542.061,-42.2239,1.95599,3314.62,0
242.586,3674.24,539.626,-46.8197,9.34028,3403.98,0
243.267,3669.54,531.25,-57.4289,10.3426,3413.77,0
243.938,3634.78,531.646,-61.6407,10.267,3546.88,0
244.626,3619.25,519.033,-18.4425,7.60575,3600.39,0
245.31,3629.6,516.783,-12.8714,3.2959,3548.15,0
245.999,3629.24,504.731,-14.9765,6.36991,3539.69,0
246.687,3587.82,537.612,-0.73638,5.13751,3697.72,0
247.379,3579.33,540.201,2.40927,8.39833,3721.7,0
248.053,3577.13,556.665,9.94064,6.41618,3720.45,0
248.741,3569.2,576.334,27.8368,6.49484,3742.05,0
249.425,3560.93,587.871,58.1235,7.31667,3764.93,0
250.113,3563.82,578.17,71.3813,5.26147,3743.03,0
250.796,3550.55,574.794,60.4838,9.2974,3785.74,0
251.486,3560.9,563.119,56.5297,5.38758,3734.2,0
252.166,3567.85,540.949,55.124,4.6523,3696.57,0
252.856,3556.32,543.327,64.0787,9.29343,3732.09,0
253.549,3571.74,560.948,24.4972,0.487661,3661.05,0
254.236,3574.31,530.959,23.4067,2.70225,3641.08,0
254.926,3569.91,540.433,23.7762,1.95808,3648.47,0
255.617,3577.19,503.665,-1.35674,8.17212,3610.12,0
256.301,3557.52,522.484,-17.4624,2.98671,3677.23,0
256.985,3523.54,542.044,6.87047,9.92347,3799.68,0
257.672,3534.68,538.85,-6.15535,2.77368,3746.29,0
258.36,3531.45,520.144,7.0512,7.0486,3748.82,0
259.054,3509.94,489.004,9.40277,5.24211,3821.84,3
259.734,3509.2,482.223,24.9904,8.1771,3814.67,4
260.413,3505.97,487.698,37.1884,10.8924,3817.12,4
261.102,3521.73,444.328,53.8104,4.52606,3746.7,4
261.785,3496.79,456.319,71.938,4.817,3832.18,4
262.472,3484.87,452.638,44.2683,6.12427,3867.59,4
263.163,3502.82,452.078,35.622,3.47392,3789.2,4
263.852,3488.83,450.407,31.9462,4.41526,3832.36,4
264.54,3489.98,426.295,28.7627,5.05216,3818.04,4
265.226,3488.89,429.075,18.2872,4.76963,3812.24,4
265.914,3511.74,418.789,33.2096,2.78751,3716.48,4
266.598,3529.35,429.51,51.8115,2.76403,3640.89,4
267.281,3531.82,426.196,27.2883,7.4462,3622.35,4
267.958,3533.7,419.832,28.3738,2.59076,3606.17,4
268.646,3529.2,422.393,16.6072,6.60903,3613.66,4
269.334,3518.82,433.647,20.0948,8.90348,3642.98,4
270.009,3516.36,455.083,23.6724,1.83458,3643.01,4
270.692,3504.68,412.301,-5.72609,1.90689,3676.94,4
271.381,3492.38,388.528,4.63964,4.02562,3712.93,4
272.063,3486.88,383.515,12.5213,4.80851,3723.84,4
272.742,3469.1,387.674,14.9586,6.39172,3779.76,4
273.438,3475.15,372.507,30.1617,5.52618,3748.02,4
274.129,3485.49,379.191,20.6359,3.51416,3700.84,4
274.812,3482.96,385.084,47.913,3.25089,3700.85,4
275.49,3472.68,399.849,41.7217,3.46059,3729.06,4
276.173,3460.63,407.081,56.8026,4.19706,3763.5,4
276.863,3436.53,393.395,59.3474,6.94591,3841.14,4
277.545,3462.62,391.396,73.5069,3.00156,3737.7,4
278.231,3469.11,410.166,50.6226,1.25738,3705.17,4
278.92,3460.03,404.433,52.1796,2.63193,3728.55,4
279.608,3441.64,406.645,75.1601,4.32444,3785.17,4
280.289,3424.53,399.836,70.8562,6.45935,3836.99,4
280.97,3430.14,430.591,69.9646,3.41842,3807.75,4
281.654,3444.99,411.482,94.1368,2.24955,3745.77,4
282.353,3445.45,437.68,106.369,0.641346,3734.86,4
283.039,3427.88,416.451,95.612,4.09402,3787.89,4
283.735,3437.28,404.128,86.0517,3.62954,3745.47,4
284.421,3429.78,410.6,83.314,3.89186,3762.82,4
285.093,3445.62,396.559,84.381,2.62799,3698.36,4
285.781,3447.25,384.905,69.7999,3.16224,3683.77,4
286.473,3454.44,382.115,64.7902,2.44671,3649.75,4
287.157,3433.2,381.973,87.2114,4.6322,3715.06,4
287.836,3435.47,367.711,78.6022,4.84868,3698.39,4
288.53,3421.95,352.998,92.9895,6.73697,3736.36,4
289.212,3448.74,343.636,102.59,3.55913,3634.92,4
289.893,3434.92,354.917,92.7314,4.61606,3674.04,4
290.574,3441.24,345.315,79.363,4.31385,3643.69,4
291.261,3450.28,322.448,71.3472,4.4886,3604.05,4
291.946,3461.71,321.556,80.4409,3.01801,3556.43,4
292.625,3439.84,316.685,102.901,5.29979,3622.92,4
293.304,3462.97,309.6,105.382,2.43329,3535.69,4
293.988,3476.48,317.307,103.385,0.347956,3481.51,4
294.678,3463.29,327.955,104.049,1.25598,3518.1,4
295.363,3467.05,339.326,86.0038,0.510624,3497.22,4
296.033,3456.55,333.229,116.92,1.55964,3524.76,4
296.714,3437.7,336.323,138.7,3.04164,3580.22,4
297.391,3415.85,350.834,137.735,4.64969,3645.53,4
298.071,3426.03,322.65,130.728,4.81255,3603.07,4
298.762,3445.09,332.033,134.528,1.86474,3530.95,4
299.445,3463.33,286.331,102.977,2.98594,3461.97,4
300.134,3434.71,292.301,151.027,4.71697,3549.37,4
300.819,3438.79,294.112,164.772,3.55099,3527.75,4
301.502,3468.19,296.028,160.027,0.0680251,3422.22,4
302.181,3462.48,250.081,156.908,3.21152,3433.44,4
302.865,3482.59,237.386,164.907,1.28397,3359.29,4
303.555,3470.23,222.186,162.429,3.51275,3392.37,4
304.248,3486.73,223.263,165.125,1.44642,3330.42,4
304.941,3489.14,245.594,106.483,1.75063,3314.93,4
305.629,3477.66,236.772,97.2973,3.64102,3345.04,4
306.32,3486.95,239.754,105.243,2.06444,3307.15,4
307.002,3487.34,251.594,118.165,1.01904,3298.54,4
307.697,3492,227.247,116.805,1.77162,3275.94,4
308.384,3482.86,259.591,106.732,1.18581,3298.28,4
309.076,3456.9,289.604,114.297,2.23568,3374.9,4
309.754,3451.48,299.023,114.996,2.19536,3385.01,4
310.437,3452.67,300.469,120.068,1.81811,3373.73,4
311.118,3435.23,289.469,116.668,4.52305,3422.39,4
311.803,3432.08,300.393,150.215,3.31698,3424.97,4
312.491,3419.11,295.716,141.727,5.21139,3458.96,4
313.173,3406.45,299.495,154.227,5.69644,3491.85,4
313.855,3432.25,285.917,158.236,2.93188,3402.04,4
314.542,3453.21,301.168,129.968,0.286746,3327.97,4
315.22,3425.23,312.601,122.968,3.05082,3409.6,4
315.91,3420.81,316.905,109.32,3.41012,3416.11,4
316.597,3440.06,323.525,95.8646,0.923734,3347.9,4
317.286,3441.74,318.101,93.011,1.11516,3335.33,4
317.97,3445.35,285.807,99.9201,2.52709,3316.81,4
318.654,3441.31,270.146,115.182,3.52228,3322.38,4
319.343,3444.59,251.406,79.2347,4.85342,3304.93,4
320.028,3442.22,245.352,76.5083,5.09365,3305.29,4
320.721,3450.63,232.363,87.275,4.51426,3271.92,4
321.4,3459.86,240.047,77.4935,2.86611,3236.29,4
322.085,3463.93,243.549,80.0371,1.98523,3216.75,4
322.767,3444.19,243.024,58.7727,4.57182,3271.1,4
323.455,3439.79,238.445,42.6132,5.42453,3277.75,4
324.14,3446.05,238.403,54.9116,4.07484,3251.51,4
324.832,3437.57,241.244,55.0731,4.69203,3270.7,4
325.518,3456.58,244.489,42.115,2.37553,3205.41,4
326.198,3451.41,209.474,39.9846,5.07574,3214.58,4
326.877,3468.9,215.682,17.9085,2.71128,3154.4,4
327.558,3445,233.062,11.5994,4.00944,3220.79,4
328.244,3423.1,231.581,20.186,5.65763,3280.8,4
328.93,3414.42,234.572,18.5583,5.88541,3300.33,4
329.624,3428.68,204.42,39.0833,5.69318,3250.13,4
330.309,3419.72,190.886,40.3198,6.77103,3270.5,4
330.995,3420.75,183.063,24.3355,6.60756,3260.62,4
331.678,3424.33,179.747,16.3193,5.81055,3243.12,4
332.368,3410.66,187.563,8.87316,5.84138,3277.52,4
333.048,3391.91,200.295,24.2462,6.374,3327.11,4
333.72,3383.78,226.334,6.57345,4.80525,3344.78,4
334.406,3393.08,203.075,10.5407,5.27687,3310.13,4
335.093,3381.91,210.096,15.2759,5.3834,3336.64,4
335.782,3367.42,209.894,23.9211,6.36875,3372.96,4
336.476,3357.79,205.678,31.054,6.54741,3394.63,4
337.167,3365.12,202.567,20.9509,5.25775,3365.93,4
337.854,3363.98,195.125,16.6121,5.3172,3362.46,4
338.534,3365.87,194.287,9.13904,4.85688,3350.13,4
339.221,3391.36,192.249,24.4178,1.91085,3268.18,4
339.9,3383.05,209.618,21.0888,1.5343,3286.12,4
340.579,3391.06,199.661,10.845,1.29724,3256.06,4
341.259,3365.54,190.864,19.229,4.57476,3324.34,4
341.936,3376.58,187.328,-10.3213,3.50895,3285.48,4
342.612,3352.11,208.342,-3.3651,4.27881,3350.4,4
343.298,3348.01,215.577,3.76759,4.06591,3355.65,4
343.987,3348.09,220.51,-12.2782,3.46646,3348.71,4
344.674,3356.88,236.366,-15.3989,1.16141,3316.53,4
345.359,3340.61,208.534,-1.53116,5.05516,3357.05,4
346.037,3351.45,197.735,-13.7666,4.39285,3319.16,4
346.723,3365.12,185.998,-11.74,3.4871,3273.15,4
347.394,3361.92,191.824,-14.441,3.19321,3276.06,4
348.073,3361.71,171.91,-15.3762,4.50385,3270.27,4
348.757,3345.21,166.094,-22.0948,5.95053,3311.17,4
349.446,3352.44,159.626,-22.5524,5.35114,3283.93,4
350.131,3337.85,163.527,-25.23,6.28757,3319.19,4
350.821,3316.59,153.087,-27.5979,8.22553,3373.25,4
351.512,3325.44,146.417,-41.2148,6.40687,3341.45,4
352.204,3314.66,148.028,-33.3849,6.71047,3365.49,4
352.883,3324.78,140.56,-48.0009,5.45118,3330.33,4
353.571,3312.66,146.915,-36.1837,5.59555,3358.14,4
354.25,3314.55,150.39,-37.19,4.1421,3346.37,4
354.92,3311.28,145.573,-41.1107,4.51372,3349.26,4
355.6,3291.35,131.352,-29.8067,7.27394,3398.91,4
356.279,3291.68,115.113,-37.2299,7.53179,3391.49,4
356.963,3293.91,111.988,-42.5017,6.3131,3378.76,4
357.638,3303.3,101.326,-13.599,6.39942,3346.12,4
358.332,3280.41,110.833,-30.7831,6.79518,3403.53,4
359.02,3276.34,96.7358,-17.8432,7.90214,3408.34,4
359.709,3278.77,94.722,-25.7642,6.43815,3395.04,4
360.389,3293.67,111.741,-23.6868,2.98257,3347.3,4
361.075,3317,87.8463,-45.9851,1.89321,3276.32,4
361.761,3302.61,73.79,-62.3919,3.48642,3309.9,4
362.44,3301.43,65.1875,-59.7322,4.14943,3306.96,4
363.138,3312.65,43.3777,-74.4367,3.10122,3269.68,4
363.826,3303.86,58.3402,-89.0645,2.09134,3287.66,4
364.502,3301.81,90.7937,-82.3951,0.703196,3287.2,4
365.193,3285.98,86.6015,-72.001,3.09392,3324.34,4
365.874,3291.77,61.6472,-77.0536,3.64334,3302.31,4
366.557,3275.59,40.9233,-86.0933,5.13445,3340.29,4
367.245,3263.11,27.675,-72.5856,7.21812,3368.02,4
367.927,3266.44,27.7691,-72.1648,6.23791,3352.74,4
368.62,3263.33,16.7654,-75.4537,5.60752,3354.87,4
369.305,3263.63,9.48515,-58.485,6.7319,3347.82,4
369.995,3249.81,24.2784,-77.0346,4.82823,3378.93,4
370.677,3258.62,-1.62956,-69.9178,4.69529,3348.95,4
371.373,3252.01,-0.750436,-78.4428,4.32165,3360.47,4
372.06,3228.75,-17.2174,-65.6401,6.73824,3416.78,4
372.735,3226.31,-30.3762,-78.5354,4.705,3417.14,4
373.418,3221.35,-28.7338,-66.4342,6.12735,3424.17,4
374.094,3223.37,-30.9815,-64.1141,5.72476,3412.6,4
374.779,3209.01,-62.0638,-46.3628,5.64184,3444.67,4
375.456,3216.37,-80.0433,-45.9915,2.99518,3418.86,4
376.146,3235.38,-86.6048,-11.5704,1.67113,3362.03,4
376.826,3207.08,-115.881,0.652642,1.4257,3431.09,4
377.5,3219.66,-89.2829,8.06801,2.83713,3391.63,4
378.194,3206.44,-92.9423,10.5245,3.5422,3420.37,4
378.88,3209.41,-70.8152,44.6077,4.19827,3406.34,4
379.566,3197.34,-45.7687,47.1247,6.89868,3431.96,4
380.252,3196.24,-38.9001,54.4192,6.36997,3428.69,4
380.561,3188.21,-32.8678,53.0376,7.25495,3446.98,4
