0.685714,4469.17,583.912,33.4802,3.17032,44962.4,0
1.37309,4451.87,570.118,73.0528,5.45155,35053.1,0
2.05131,4441.1,574.828,88.2435,6.12077,28713.3,0
2.73176,4430.82,587.097,75.8619,6.36438,25325.5,0
3.42664,4414.16,585.354,82.3941,7.38682,25050.8,0
4.12034,4399.98,590.825,106.607,7.91388,24274.9,0
4.81089,4396.87,604.038,105.158,6.72009,21437.3,0
5.48848,4407.77,580.83,110.936,5.51337,16804.7,0
6.17982,4425.41,588.893,101.104,2.87955,12070.5,0
6.85368,4423.42,575.185,83.9898,3.57916,11173.5,0
7.53495,4409.28,551.429,80.2684,5.88569,12040.4,0
8.21987,4419.02,557.753,66.7952,4.23099,9852.01,0
8.90067,4430.15,560.349,58.1621,2.56824,7848.01,0
9.57846,4419.9,560.262,64.3802,3.84704,8362.29,0
10.2572,4403.74,580.904,69.5517,4.72978,9384.49,0
10.9395,4396.37,571.899,64.7421,5.63788,9472.67,0
11.6196,4398.71,563.797,72.0131,5.28001,8716.76,0
12.3,4420.05,561.984,102.784,2.193,6500.29,0
12.9832,4414.26,574.501,93.4359,2.40648,6603.69,0
13.6687,4399.41,549.724,95.9831,4.95716,7358.85,0
14.3541,4380.75,551.047,112.82,6.74934,8307.83,0
15.0337,4377.43,552.135,111.139,6.48339,8153.29,0
15.7203,4360.67,578.566,117.84,6.55083,8863.27,0
16.4099,4373.73,590.478,124.549,3.73058,7694.91,0
17.0899,4367.12,578.14,122.83,5.05587,7775.2,0
17.7688,4379.45,590.862,119.946,2.70122,6784.35,0
18.4448,4391.27,586.841,120.41,1.27684,5894.89,0
19.1431,4380.78,588.488,105.877,2.68874,6227.7,0
19.8289,4381.63,606.087,132.205,1.60166,5969.63,0
20.5148,4380.99,598.73,133.563,1.92215,5801.27,0
21.1989,4373.29,613.246,126.042,2.19627,5977.33,0
21.8945,4355.42,590.976,133.845,5.24543,6603.26,0
22.5708,4366.47,588.873,123.356,3.62271,5916.13,0
23.256,4353.83,630.096,145.306,3.31086,6285.34,0
23.9352,4356.67,633.456,148.795,2.68625,5988.41,0
24.6254,4361.23,622.775,155.507,2.34427,5635.14,0
25.3161,4354.52,652.526,155.864,2.02339,5746.55,0
26.0088,4348.23,658.125,143.782,2.68423,5835.25,0
26.6902,4344.6,672.398,124.586,2.68313,5822.26,0
27.3797,4343.77,712.513,140.932,1.48291,5705.94,0
28.0756,4344.94,716.657,149.611,1.10898,5522.87,0
28.7686,4338.23,727.769,114.221,1.847,5623.32,0
29.4475,4334.63,739.015,109.443,1.94216,5615.79,0
30.1311,4333.65,752.854,138.279,1.59203,5520.73,0
30.8293,4315.84,750.387,140.749,3.82934,5973.57,0
31.5088,4338.38,767.504,155.537,0.325748,5129.21,0
32.1896,4316.11,757.562,146.081,3.49238,5712.57,0
32.8775,4306.66,757.089,115.749,4.59284,5880.67,0
33.5717,4299.13,749.581,101.645,5.53335,5983.34,0
34.2547,4311.91,727.343,118.884,4.23323,5490.97,0
34.9374,4287.64,711.263,119.333,7.35921,6078.18,0
35.622,4278.52,719.865,128.553,7.06199,6217.49,0
36.3066,4273.66,720.197,121.622,6.31461,6234.21,0
36.9964,4247.54,716.457,125.841,8.86557,6824,0
37.6771,4266.32,728.334,133.944,4.66143,6202.12,0
38.3693,4292.03,754.571,120.286,0.377357,5420.14,0
39.061,4277.48,726.61,114.372,3.05674,5696.85,0
39.7532,4276.26,727.822,119.246,3.06056,5628.11,0
40.4422,4273.14,750.681,103.531,2.85785,5609.55,0
41.1177,4272.69,742.07,89.4885,3.02352,5528.23,0
41.8036,4262.73,729.7,87.4608,4.49483,5675.88,0
42.4875,4287.98,717.59,60.4873,1.30617,4990.18,0
43.172,4273.13,731.149,13.2373,2.89955,5254.96,0
43.8539,4255.66,755.863,45.747,4.46089,5571.74,0
44.5322,4267.19,773.617,39.7093,2.33283,5227.87,0
45.2172,4270.77,786.403,46.9804,1.52933,5069.61,0
45.9065,4249.61,785.05,47.6398,4.28776,5454.26,0
46.6011,4259.83,777.893,13.3728,2.77613,5153.66,0
47.2936,4250.93,734.286,17.5987,4.94827,5266.39,0
47.973,4233.14,736.938,24.5478,6.61623,5562.7,0
48.6484,4232.78,753.516,23.0456,5.6352,5492.9,0
49.3305,4265.76,756.644,25.6815,1.05913,4748.35,0
50.0235,4240.54,754.232,32.906,4.3299,5186.83,0
50.7125,4262.58,744.766,25.7362,1.53325,4681.63,0
51.3959,4266.52,757.052,31.2676,0.676412,4542.69,0
52.0687,4246.89,771.348,33.266,2.83521,4861.07,0
52.7463,4254.71,795.506,27.9877,1.0925,4650.35,0
53.4183,4219.65,795.331,-0.189439,5.36296,5248.17,0
54.0975,4213.04,802.747,-9.19662,5.39562,5304.57,0
54.7856,4218.39,777.392,4.2996,4.77409,5140.13,0
55.4746,4224.24,759.672,-0.816718,4.09097,4970.85,0
56.165,4213.21,753.149,17.753,5.37958,5106.21,0
56.8496,4210.25,765.967,18.2194,4.80425,5096.73,0
57.5344,4198.41,759.916,11.8739,6.14196,5241.9,0
58.2166,4192.34,765.055,17.6008,6.31651,5284.67,0
58.8936,4183.91,777.656,25.586,6.36721,5367.17,0
59.5773,4168.61,785.046,42.5155,6.84066,5562.39,0
60.2664,4185.84,780.274,37.2785,4.07299,5212.89,0
60.9443,4182.61,776.334,44.8939,4.18968,5207.93,0
61.6153,4186.86,786.487,42.8257,3.28739,5082.13,0
62.2989,4160.73,799.536,59.2817,6.18846,5445.87,0
62.9914,4157,807.737,47.5616,6.00731,5445.25,0
63.6744,4151.64,821.674,65.1996,5.92846,5470.9,0
64.3535,4144.24,842.176,69.0003,6.06947,5528.26,0
65.0422,4120.22,832.931,59.8732,7.89868,5838.93,0
65.7387,4109.65,835.963,58.6481,8.20656,5937.98,0
66.431,4111.77,850.599,75.5831,6.33924,5844.07,0
67.1188,4120.66,825.331,51.8683,5.11282,5651.77,0
67.8107,4112.14,802.205,65.6348,6.29443,5719.81,0
68.4903,4128.35,801.37,63.7462,3.58933,5426.37,0
69.1823,4124.08,791.406,46.638,4.37155,5433.8,0
69.8688,4140.06,788.211,50.8368,2.16497,5151.62,0
70.5495,4139.16,778.053,14.8714,2.48377,5114.69,0
71.2452,4136.17,779.014,10.7471,2.88076,5106.73,0
71.9388,4146.71,761.312,16.3247,1.78823,4910.93,0
72.6105,4133.73,739.797,13.2147,3.92487,5044.29,0
73.2946,4140,735.985,21.4117,2.92472,4911.65,0
73.9863,4142.44,726.41,24.6412,2.73193,4832.78,0
74.6812,4134.82,724.746,46.4598,3.68044,4889.8,0
75.3714,4143.87,711.77,41.0467,2.60389,4725.04,0
76.0567,4163.48,681.082,13.9813,0.877892,4424.61,0
76.7432,4149.68,682.494,-17.7216,2.73364,4564.82,0
77.4217,4135.94,673.25,-11.9636,4.78884,4702.32,0
78.1015,4148.49,651.638,24.2178,3.64233,4500.7,0
78.7996,4121.13,651.615,22.5524,7.37707,4808.03,0
79.4929,4126.54,658.127,11.9438,5.79694,4698.07,0
80.1778,4112.09,651.329,-5.04598,7.61599,4838.14,0
80.848,4116.65,661.224,-1.89538,5.52547,4741.63,0
81.5348,4100.32,649.545,-13.3256,7.20591,4902,0
82.2126,4089.32,661.326,-17.4374,7.14673,4995.38,0
82.8961,4090.4,663.652,-35.2074,5.99829,4941.1,0
83.5789,4097.72,665.639,-21.4279,4.3661,4813.2,0
84.2733,4102.04,656.086,7.66466,4.00219,4722.21,0
84.9606,4117.92,641.22,3.89332,1.7221,4497.19,0
85.645,4112.29,650.741,4.39255,2.13731,4526.91,0
86.3374,4100.92,640.071,3.04614,4.28114,4622.3,0
87.0116,4118.33,628.166,-8.84409,2.13201,4386.42,0
87.6901,4134.72,612.343,-56.7257,0.240564,4165.63,0
88.3767,4126.87,589.868,-34.5992,2.66682,4221.99,0
89.0672,4126.48,578.126,-32.9916,3.23385,4193.74,0
89.7635,4091.7,594.354,-68.5727,7.23552,4548.61,0
90.4469,4088.94,599.435,-66.4539,6.3835,4544.74,0
91.1297,4077.48,611.618,-75.8305,6.47603,4636.52,0
91.8133,4075.47,610.578,-80.9199,5.89431,4623.81,0
92.4954,4063.66,619.85,-78.1611,6.60939,4717.39,0
93.1868,4083.4,606.285,-90.3192,3.54792,4470.6,0
93.8798,4080.55,598.045,-70.5751,4.35251,4468,0
94.5737,4079.58,590.991,-73.3637,4.37637,4445.41,0
95.2649,4083.46,569.925,-96.9237,4.47536,4372.48,0
95.9503,4090.43,580.996,-90.3545,2.62503,4268.58,0
96.6301,4106.04,580.195,-92.9369,0.183183,4077.02,0
97.3031,4095.92,565.909,-96.8307,2.54637,4152.79,0
97.9874,4096.66,603.757,-100.334,0.275487,4116.28,0
98.6703,4089.5,596.216,-121.94,1.57042,4160.35,0
99.3481,4085.76,596.601,-125.873,1.99378,4169.61,0
100.046,4074.12,603.72,-132.793,3.32311,4256.83,0
100.734,4047.18,618.924,-150.743,6.31505,4495.21,0
101.416,4038.8,618.16,-156.506,6.83579,4547.58,0
102.112,4032.6,610.152,-138.838,7.48349,4577.33,0
102.799,4030.02,577.853,-156.473,7.64327,4571.86,0
103.502,4035.57,557.068,-169.898,6.87251,4487.18,0
104.182,4021.3,547.039,-169.247,8.07023,4594.83,0
104.86,4013.69,566.178,-168.894,7.2652,4637.69,0
105.554,4011.63,570.141,-175.994,6.40309,4626.74,0
106.237,4003.78,564.622,-155.607,7.42834,4670.88,0
106.925,4004.56,560.927,-139.095,6.97144,4633.48,0
107.604,4003.85,560.476,-123.064,6.39009,4610.84,0
108.292,4006.15,574.847,-134.992,4.50821,4560.41,0
108.98,3988.01,574.718,-129.371,7.14177,4698.02,0
109.667,3999.74,564.048,-105.449,5.47384,4561.61,0
110.36,3994.97,569.594,-72.5182,5.59757,4576.24,0
111.046,4009.01,570.052,-46.0771,3.13177,4421.47,0
111.733,4017.5,587.978,-69.0008,0.158048,4318.34,0
112.415,3997.41,596.619,-73.6559,2.89607,4470.82,0
113.108,4015.48,580.499,-69.2535,0.886336,4283.73,0
113.795,4013.96,579.378,-83.006,1.03385,4271.2,0
114.481,4012.28,561.828,-68.5307,2.55911,4260.32,0
115.171,4016.88,551.6,-50.9575,2.53361,4194.84,0
115.862,4008.49,527.882,-43.9001,5.67319,4242.22,0
116.546,3998.18,515.857,-31.2583,7.18068,4305.76,0
117.235,4001.05,560.804,-44.2528,2.71008,4256.03,0
117.915,3993.1,564.289,-46.8073,3.71466,4298.83,0
118.607,3980.98,560.574,-55.6609,5.54913,4376.01,0
119.283,3979.69,560.53,-54.9803,5.36626,4361.98,0
119.967,3967.84,550.628,-40.6699,7.15368,4435.9,0
120.661,3976.58,544.198,-32.6714,5.02423,4337.95,0
121.34,3961.6,556.009,-30.8135,6.13225,4437.11,0
122.019,3966.14,552.021,-29.5352,5.01052,4375.24,0
122.699,3973.58,545.636,-8.16424,3.8692,4290.36,0
123.387,3986.79,549.852,-5.22217,1.00816,4159.31,0
124.071,3978.08,528.381,-20.7905,4.40241,4206.62,0
124.76,3976.23,544.445,-17.115,3.12299,4198.25,0
125.451,3946.53,566.921,-14.914,5.94065,4411.83,0
126.133,3957.43,560.348,-6.57762,4.07262,4301.54,0
126.812,3943.21,575.301,-8.08172,5.29413,4390.71,0
127.495,3932.82,578.446,-4.85068,6.1222,4448.62,0
128.184,3935.6,549.119,15.8275,6.9176,4403.08,0
128.868,3925.29,549.221,22.2247,7.56857,4459.69,0
129.56,3908.43,532.621,24.1025,10.8195,4565.97,0
130.238,3904,549.001,20.6126,8.12474,4576.19,0
130.918,3909.47,542.264,0.320487,6.34417,4510.71,0
131.607,3884.78,539.986,-16.605,9.80683,4674.69,0
132.288,3871.55,539.668,-12.7042,10.4107,4750.61,0
132.979,3859.04,531.122,-23.8167,11.2363,4819.96,0
133.661,3877.37,531.481,-16.3586,5.43804,4658.3,0
134.346,3879.71,528.767,12.3966,4.63211,4617.08,0
135.021,3893.91,532.264,-1.22381,1.30509,4488.89,0
135.705,3887.75,532.849,-0.50193,2.46165,4511.61,0
136.384,3897.47,528.454,-6.14501,0.886222,4417.87,0
137.079,3894.33,530.929,-10.9535,1.23524,4418.43,0
137.764,3874.9,525.95,-24.9103,5.36165,4537.46,0
138.441,3887.91,519.029,-29.9662,3.10573,4421.31,0
139.127,3886.65,515.226,-63.0918,3.03706,4408.54,0
139.818,3870.23,525.568,-57.0569,5.23568,4504.23,0
140.497,3877.74,526.302,-50.2213,3.45249,4429.03,0
141.185,3874.37,542.766,-37.4455,2.37914,4431.28,0
141.862,3860.98,553.691,-27.0131,4.02772,4504.5,0
142.548,3847.16,564.459,-21.828,5.16213,4579.76,0
143.236,3848.26,564.695,13.375,4.66903,4550.14,0
143.917,3862.45,564.75,12.8664,1.56321,4429.96,0
144.6,3845.2,549.659,4.46043,6.49455,4528.35,0
145.292,3821.53,544.031,23.3502,10.5343,4669.71,0
145.985,3812.58,559.337,32.5169,8.96386,4708.81,0
146.685,3805.93,562.269,27.0733,8.38734,4731.73,0
147.369,3804.92,564.553,23.3735,7.0566,4716.61,0
148.058,3783.01,556.523,36.9728,11.0559,4842.64,0
148.744,3775.26,557.127,40.3806,10.1349,4872.39,0
149.434,3770.08,545.656,29.3319,10.5698,4884.56,0
150.12,3757.05,521.474,63.2173,3.84082,4949.02,0
150.81,3748.7,513.137,55.1595,7.39876,4981.77,0
151.499,3746.91,484.955,46.8518,0.487119,4970.93,0
152.181,3743.35,469.532,9.50343,5.29862,4972.04,0
152.864,3757.05,466.648,4.51307,1.9073,4860.2,0
153.557,3726.46,464.202,20.4632,11.0084,5037.5,0
154.231,3726.48,480.634,9.47368,5.14179,5015.38,0
154.92,3699.28,487.822,1.55327,10.2446,5168.59,0
155.605,3711.19,493.005,19.0168,4.29236,5069.33,0
156.284,3715.42,480.505,0.461222,5.76702,5020.24,0
156.968,3696.88,493.146,-4.77369,7.89347,5116.48,0
157.656,3701.45,485.116,-20.5497,7.17954,5065.14,0
158.34,3698.22,481.522,-47.5744,7.18867,5063.65,0
159.022,3692.26,495.634,-53.1587,4.10252,5079.39,0
159.704,3687.17,493.884,-49.5651,5.94986,5089.57,0
160.403,3675.62,494.601,-52.5377,8.73894,5139.44,0
161.082,3684.69,492.907,-50.1126,5.02774,5061.44,0
161.766,3665.41,482.747,-41.2962,3.26466,5159.23,0
162.446,3648.36,493.373,-41.878,6.46475,5242.59,0
163.131,3645.59,494.473,-39.7688,7.09713,5237.55,0
163.807,3643.36,495.626,-54.6599,6.52012,5229.54,0
164.5,3649.95,482.435,-36.9678,7.07255,5167.46,0
165.185,3656.82,478.975,-67.8721,4.00122,5104.43,0
165.872,3659.45,472.068,-58.3974,5.20952,5067.43,0
166.56,3652.77,470.588,-68.3763,7.61749,5086.65,0
167.232,3661.24,465.181,-66.8709,5.10264,5015.55,0
167.921,3620.58,455.609,-75.3736,12.0657,5237.08,0
168.602,3636.34,435.263,-88.3372,3.88041,5122.45,0
169.293,3614.4,406.538,-90.3057,6.50271,5231.17,0
169.98,3627.96,380.159,-85.0165,8.67787,5130.23,0
170.659,3631.57,385.757,-93.1116,1.05285,5088.72,0
171.337,3610.57,367.753,-99.5915,10.7324,5191.08,0
172.024,3620.95,346.218,-107.337,0.932224,5110.07,0
172.705,3612.93,334.351,-78.979,6.77845,5136.33,0
173.387,3620.75,320.632,-90.6118,3.2487,5071.01,0
174.064,3627.03,300.577,-70.845,12.1142,5015.24,0
174.743,3614.6,284.73,-79.6403,4.30833,5066.85,0
175.423,3627.58,265.425,-63.8952,9.06777,4973.22,0
176.115,3634.06,249.359,-71.6461,8.1237,4916.92,0
176.799,3644.35,227.69,-60.6328,12.5951,4839.67,0
177.486,3604.05,202.366,-58.5458,1.11995,5048.01,0
178.18,3628.88,186.596,-60.4556,4.24167,4888.97,0
178.866,3628.23,183.01,-73.4881,3.13256,4873.9,0
179.55,3643.95,162.394,-84.586,2.02222,4767.75,0
180.24,3636.96,167.821,-66.9661,4.31621,4788.3,0
180.917,3655.37,171.631,-56.0025,3.2702,4668.59,0
181.603,3647.57,159.614,-42.4288,0.251703,4693.94,0
182.284,3657.32,147.648,-35.3712,8.13842,4622.91,0
182.973,3647.84,159.343,-19.3992,2.91184,4657.32,0
183.657,3604.08,154.308,1.47579,10.0128,4878.22,0
184.339,3595.11,181.736,23.7856,3.90224,4908.83,0
185.021,3608.15,176.421,42.6265,3.99374,4820.26,0
185.717,3594.79,195.963,22.5206,6.39358,4874.11,0
186.412,3595.44,205.451,14.2635,6.11298,4852.46,0
187.095,3580.84,202.762,14.8239,5.48227,4912.83,0
187.772,3602.74,218.972,33.4168,4.96204,4778.43,0
188.457,3614.84,207.747,39.7919,3.11309,4696.88,0
189.148,3607.1,199.606,60.8543,6.68971,4720.63,0
189.829,3576.68,236.452,81.0488,0.622439,4863.95,0
190.515,3563.49,202.654,101.911,0.62372,4915.68,0
191.195,3592.83,215.865,94.7722,1.94229,4744.72,0
191.879,3575.03,213.178,66.8292,2.06743,4820.6,0
192.562,3583.62,184.163,63.002,2.57463,4758.9,0
193.242,3599.11,178.475,69.7113,2.39253,4661.98,0
193.921,3612.65,174.643,44.5541,8.53523,4575.85,0
194.614,3621.84,169.801,37.6173,2.59176,4512.3,0
195.303,3613.97,159.63,49.068,8.34471,4536.68,0
195.988,3609.67,169.062,25.3547,1.32692,4542.75,0
196.685,3618.13,145.991,46.0134,5.39188,4483.67,0
197.363,3630.81,131.927,66.2402,8.90739,4404.04,0
198.046,3626.05,119.317,58.7885,8.49752,4412.89,0
198.726,3633.57,107.402,25.4461,2.42792,4359.93,0
199.402,3620.01,100.82,35.5295,4.89806,4413.14,0
200.095,3607.75,95.3353,25.2957,2.74473,4459.15,0
200.782,3595.7,74.562,12.6919,9.22493,4503.89,0
201.461,3592.92,65.2389,27.0198,9.87193,4502.5,0
202.15,3583.48,63.3361,25.4815,1.37843,4533.88,0
202.828,3546.79,61.5362,29.8787,9.78701,4699.58,0
203.517,3543.13,71.0414,34.3531,7.48014,4701.68,0
204.205,3552.86,61.7034,4.73367,5.51032,4638.21,0
204.894,3545.71,80.2171,-14.4772,4.69452,4657.5,0
205.584,3536.86,93.9707,-21.3889,4.63785,4684.87,0
206.266,3539.12,85.5716,-16.6488,5.64466,4658.42,0
206.963,3538.91,74.3509,-7.59045,8.24569,4643.75,0
207.648,3531.63,59.0521,-16.8336,4.81954,4663.55,0
208.335,3505.58,30.2123,14.7981,6.56482,4773.17,0
209.018,3483.03,36.7608,11.5236,5.26273,4865.44,0
209.453,3464.95,1.06022,7.83242,8.84321,4941.71,1
