0.687038,4491.44,17.4698,62.1055,0.839564,12452.9,0
1.36224,4487.5,-0.989869,59.4236,1.52249,9174.65,0
2.03081,4495.21,-19.1987,57.5174,0.690149,2356.74,0
2.7056,4474.92,17.7223,68.5683,2.03561,9268.53,0
3.3814,4469.6,44.2978,75.3005,1.3394,8989.03,0
4.06524,4482.57,36.9515,78.6586,0.0711942,4288.66,0
4.74024,4445.29,34.0292,87.7549,3.36601,11542.4,0
5.42592,4418.02,34.057,107.377,4.32063,15109.2,0
6.10558,4430.33,22.6625,65.3316,5.94327,11410.3,0
6.78658,4435.27,-2.03513,79.0173,4.24935,9538.52,0
7.46782,4431.01,30.8386,60.7664,5.13178,9237.68,0
8.13297,4427.01,40.8511,57.8179,4.71074,8974.39,0
8.81194,4437.36,40.4916,30.3175,4.90516,7108.82,0
9.49856,4439.86,30.7286,19.4971,5.40973,6331.23,0
10.1959,4438.11,26.4586,30.5271,4.63964,6069.98,0
10.8868,4443.34,16.2228,48.2899,3.18582,5204.34,0
11.5698,4438.49,11.2398,18.7878,5.40975,5316.6,0
12.2642,4436.34,10.2959,27.5251,4.93371,5190.92,0
12.9452,4450.93,-16.1392,26.7363,3.31708,3790.76,0
13.6359,4437.31,-39.5547,32.1549,3.15714,4597.28,0
14.3247,4430.88,-37.2253,26.1596,3.83261,4825.3,0
14.9957,4432,-59.4231,22.1145,2.36183,4534.5,0
15.6853,4422.18,-66.0633,48.8189,1.93105,4961.62,0
16.3746,4409.42,-47.7097,46.361,4.25256,5531.49,0
17.057,4436.47,-27.6964,47.0536,2.32668,3724.44,0
17.7475,4420.05,-51.3602,54.8725,2.36783,4505,0
18.4332,4444.45,-11.3018,21.5037,3.62066,3013.51,0
19.1176,4471.6,-34.0325,-0.506474,0.339464,1485.52,0
19.7998,4444.93,-33.5953,26.3508,2.24491,2781.24,0
20.4976,4429.42,-45.5492,19.2917,3.17356,3443.54,0
21.1915,4428.05,-49.3739,68.6469,0.759654,3395.4,0
21.8839,4417.78,-52.7483,53.0294,2.48908,3757.28,0
22.5712,4430.2,-43.802,54.3023,1.58518,3092.47,0
23.2675,4422.85,-51.0682,38.3306,2.57023,3315.86,0
23.9524,4411.03,-45.0614,59.6489,2.88422,3714.27,0
24.63,4400.78,-62.5378,31.6574,3.9571,4028.36,0
25.321,4395.26,-37.2517,62.5185,4.19263,4136.58,0
26.0009,4417.54,-42.5604,85.8184,0.174389,3171.44,0
26.6894,4409.22,-26.96,72.4016,2.37019,3401.49,0
27.3706,4400.87,-44.4267,104.663,0.396374,3621.89,0
28.0528,4386.37,-20.4803,109,2.06121,4050.41,0
28.7401,4372.33,-26.5113,93.2537,4.50558,4442.32,0
29.4249,4373.66,-15.3842,83.7593,5.00811,4293.6,0
30.1098,4378.46,-11.7436,123.29,1.20889,4036.46,0
30.7999,4368.89,-19.1939,117.292,2.6247,4256.95,0
31.4777,4355.81,-38.9083,139.775,1.77661,4580.76,0
32.1538,4364.05,-33.1298,127.713,1.9452,4228.02,0
32.8338,4344.98,-33.0091,134.485,3.32465,4721.48,0
33.5117,4352.88,-2.27434,145.023,1.8803,4390.08,0
34.1807,4322.53,-15.9849,154.091,4.08218,5192.17,0
34.8665,4343.65,10.9789,170.359,0.449236,4484.21,0
35.5689,4322.16,0.92453,174.013,2.41873,4999.85,0
36.2555,4323.7,14.385,181.153,1.50035,4862.62,0
36.941,4328.69,29.0719,158.147,2.70933,4637.42,0
37.6297,4329.23,37.5393,147.539,3.18265,4538.16,0
38.3114,4350.01,11.4801,154.532,0.725691,3914.95,0
38.992,4346.5,34.4625,134.717,2.39822,3936.76,0
39.675,4342.94,41.2247,134.094,2.59109,3958.63,0
40.3683,4324.25,34.9159,147.618,3.38152,4353.74,0
41.0561,4312.04,37.184,179.426,1.775,4578.15,0
41.7479,4327.06,40.6138,175.819,0.499202,4142.52,0
42.4291,4313.87,57.8526,150.465,3.57682,4386.76,0
43.1107,4304.33,38.4747,151.448,4.66592,4538.83,0
43.8014,4300.43,29.3265,170.798,3.14019,4556.36,0
44.4809,4277.9,14.5681,158.063,6.22979,4993.26,0
45.1669,4274.47,-3.17695,150.943,6.3432,4993.33,0
45.8518,4300.88,1.17345,160.151,2.25851,4342.75,0
46.5318,4273.11,23.2806,173.592,3.74365,4875.98,0
47.2158,4278.35,18.134,174.968,2.97109,4694.49,0
47.9058,4257.27,3.91362,186.267,4.17978,5066.73,0
48.5886,4265.51,8.50619,196.06,1.92504,4826.01,0
49.2688,4236.05,5.88959,200.791,4.70558,5357.37,0
49.9572,4232.11,-2.28302,194.634,5.211,5362.42,0
50.6386,4258.51,2.42175,179.148,3.69582,4768.84,0
51.3276,4262.26,2.04773,159.415,5.02581,4631.87,0
52.0141,4281.71,15.7663,165.766,2.06237,4196.7,0
52.6952,4255.39,24.4424,182.862,2.94006,4641.94,0
53.3879,4244.32,50.6845,172.381,4.4769,4789.1,0
54.0711,4269.19,60.9574,150.916,3.25695,4268.71,0
54.7617,4246.86,49.5573,140.759,6.47348,4622.51,0
55.4542,4263.99,44.6492,143.668,4.25987,4255.98,0
56.1421,4258.57,43.2648,129.682,5.69226,4300.36,0
56.8313,4262.53,36.27,120.609,5.75001,4178.57,0
57.5147,4284.22,33.0359,116.8,3.59761,3751.77,0
58.1956,4284.79,24.254,116.407,3.6424,3698.07,0
58.8898,4269.45,43.6845,92.7008,6.15022,3914.95,0
59.5636,4304.29,57.635,104.101,0.704622,3285.68,0
60.2572,4261.26,22.9829,143.953,2.57686,3961.99,0
60.9396,4256.94,36.494,159.397,1.16617,3988.5,0
61.6344,4263.34,39.6069,149.244,1.30331,3839.79,0
62.3261,4271.79,36.9406,146.502,0.711886,3661.58,0
63.014,4252.39,66.2554,142.119,2.19156,3929.46,0
63.7034,4240.8,50.8944,136.634,4.35989,4068.88,0
64.386,4246.53,86.3338,141.073,1.56649,3936.69,0
65.067,4229.2,101.161,126.723,3.57192,4161.92,0
65.7638,4223.01,85.4243,123.428,5.27944,4211.84,0
66.4472,4230.5,84.8022,133.232,3.40892,4055.85,0
67.1346,4263,98.7813,121.874,0.0392941,3530.19,0
67.8217,4245.74,75.8459,117.629,3.38813,3748.98,0
68.4957,4285.29,68.4216,103.8,0.738615,3134.69,0
69.1828,4259.5,81.5822,104.094,2.56655,3476.34,0
69.8676,4245.43,107.842,104.629,2.14201,3643.65,0
70.5497,4252.48,98.5771,108.893,1.67002,3508.45,0
71.2335,4267.36,92.8108,91.6926,1.76627,3265.88,0
71.9126,4266.81,91.14,93.2144,1.84493,3242.65,0
72.5981,4271.55,75.7383,87.6462,2.68449,3146.78,0
73.2847,4294.83,92.1743,71.5066,0.197817,2799.56,0
73.9687,4286.46,74.2108,65.6252,2.57883,2886.93,0
74.6505,4280.68,60.0251,38.5679,5.49735,2937.95,0
75.3375,4278.38,78.2207,28.6956,4.16122,2941.64,0
76.0274,4235.9,108.173,54.626,4.44523,3473.75,0
76.7169,4234.85,96.7624,54.5975,5.15905,3456.27,0
77.402,4235.59,84.79,51.5218,5.55491,3416.01,0
78.0908,4238.82,66.3885,48.4124,6.51656,3344.57,0
78.7895,4262.87,64.6473,35.8531,4.70256,3009.68,0
79.4661,4296.64,55.2035,25.5426,2.46735,2559.08,0
80.141,4305.65,43.3074,43.8488,1.49856,2425.16,0
80.8271,4305.68,16.8193,23.8315,4.1772,2404.17,0
81.5173,4300.69,29.2839,49.2993,1.78483,2445.02,0
82.2042,4314.56,39.7318,41.5035,0.434093,2255.88,0
82.8883,4314.28,53.3539,10.5693,0.718864,2240.57,0
83.5781,4296.2,23.5512,53.8942,2.01634,2438.49,0
84.2668,4289.03,5.08153,67.7706,1.81491,2503.59,0
84.9429,4272.34,30.2595,62.2797,3.33272,2680.13,0
85.6302,4263.34,83.8712,56.8784,0.9917,2763.71,0
86.321,4254.41,80.1876,45.8464,2.74282,2845.08,0
87.0025,4249.26,57.899,24.6861,5.81949,2881.98,0
87.6831,4278.27,50.6452,30.8563,3.17736,2528.74,0
88.3586,4267.82,36.3408,41.1182,4.36493,2627.71,0
89.0421,4276.62,29.1374,67.8938,1.50205,2508.73,0
89.7268,4285.03,-5.26478,17.0336,5.62944,2395.84,0
90.4015,4301.2,-0.656474,12.9851,4.33929,2199.05,0
91.0951,4302.17,-4.83463,38.169,1.9532,2171.65,0
91.7907,4294.14,-8.39232,1.70956,5.24566,2242.74,0
92.4719,4314.84,-11.5563,20.3355,1.91296,2002.31,0
93.1643,4282.87,-4.36061,29.374,4.14713,2330.65,0
93.8478,4272.37,6.49338,52.1965,2.8753,2425.48,0
94.5396,4271.33,-27.0901,54.2469,2.14444,2418.83,0
95.2248,4274.13,-44.4348,23.2948,2.79005,2371.99,0
95.9198,4264.44,-23.135,20.9547,5.13447,2455.78,0
96.6032,4256.56,-14.0726,23.4323,5.53474,2519.96,0
97.2873,4254.95,-7.71753,47.768,3.24822,2518.82,0
97.9662,4266.34,-9.62101,20.9872,4.57068,2385.12,0
98.6555,4290.55,3.87233,40.6886,0.668633,2123.06,0
99.333,4271.84,1.46888,52.0537,1.35424,2296.95,0
100.022,4279.58,3.03304,28.9776,2.73272,2203.72,0
100.708,4286.45,18.8709,15.1586,2.45667,2120.49,0
101.398,4286.32,19.4515,-25.3832,1.78022,2107.3,0
102.084,4286.63,28.5771,1.8472,1.90091,2090.09,0
102.762,4275.02,29.8673,-38.141,1.08432,2189.38,0
103.452,4289.49,5.36766,-35.6129,0.881108,2034.83,0
104.145,4296.3,-7.7281,-10.4364,2.30991,1955.95,0
104.824,4298.95,-17.2435,-8.53178,1.50685,1917.94,0
105.502,4308.78,10.2343,-20.0595,0.328118,1812.46,0
106.173,4296.31,4.33799,-4.19149,2.92008,1918.49,0
106.854,4290.39,-13.2602,31.0896,0.893293,1961.66,0
107.534,4288.85,-20.1793,0.156852,2.19886,1963.52,0
108.227,4287.06,6.0396,30.493,1.21261,1967.55,0
108.915,4284.77,-30.3614,9.10552,1.37303,1976.11,0
109.606,4274.01,-31.0791,2.4191,2.28361,2061.8,0
110.285,4281.22,15.1422,-10.2523,2.8506,1983.78,0
110.968,4294.59,-2.90092,-14.9478,1.79775,1851.03,0
111.663,4287.7,6.30293,-10.0039,2.74979,1901.26,0
112.353,4301.69,-6.87171,6.8791,1.62426,1765.06,0
113.045,4285.44,21.5277,-2.61122,2.04064,1897.99,0
113.725,4299.25,12.0727,-19.4503,0.639859,1765.22,0
114.408,4266.72,17.9659,-18.7979,3.35736,2039.04,0
115.088,4260.32,-12.7027,-8.36192,4.70559,2082.53,0
115.772,4260.12,-11.7507,-19.9613,3.87779,2071.99,0
116.461,4262.77,10.2412,-1.33086,4.42163,2036.98,0
117.148,4240.72,18.7895,-19.147,4.45164,2213.25,0
117.829,4228.71,0.44442,-25.7212,5.25761,2302.37,0
118.525,4225.54,23.2145,-14.5513,5.13473,2315.65,0
119.221,4221.91,13.0671,-3.87452,6.41714,2332.59,0
119.899,4225.98,28.8064,-15.4522,3.54531,2285.4,0
120.575,4194.58,40.4488,-14.9573,4.84229,2532.99,0
121.257,4204.28,22.2319,-5.119,5.68422,2438.8,0
121.944,4183.26,10.9507,-5.4086,7.7602,2597.46,0
122.627,4199.66,-4.63535,8.42562,5.58256,2449.22,0
123.307,4210.88,5.86966,22.8869,2.77217,2344.73,0
124,4229.74,22.8815,22.0192,0.142908,2179.47,0
124.685,4186.25,6.28389,7.12899,6.24353,2516.31,0
125.372,4192.21,4.33399,3.93978,5.66845,2455.04,0
126.058,4202.97,21.7633,-5.58124,2.47621,2356.32,0
126.743,4215.64,17.7497,14.3348,1.24781,2243.59,0
127.425,4201.38,-2.67133,19.3557,2.84649,2343.49,0
128.117,4200.67,10.2203,14.5173,2.95468,2336.39,0
128.799,4169.61,16.7723,20.1071,4.69661,2565.18,0
129.49,4157.6,37.9459,-3.20949,4.24663,2644.23,0
130.169,4139.52,21.7754,-3.50918,7.23002,2769.32,0
130.858,4156.6,-10.1363,-8.05653,5.95191,2624.21,0
131.545,4154.19,-14.4625,-3.25183,5.27086,2628.82,0
132.229,4168.24,18.3545,8.50754,3.09343,2508.97,0
132.915,4148.49,16.0515,-13.8296,4.31022,2644.6,0
133.599,4126.54,28.6256,-13.7547,4.68754,2795.4,0
134.278,4150.6,33.9417,5.44364,1.97073,2602.05,0
134.969,4125.23,31.8402,-8.27622,4.32427,2776.73,0
135.66,4122.68,3.75031,-4.35004,7.15675,2781.37,0
136.343,4109.22,16.1828,-6.11405,6.01044,2866.12,0
137.024,4098.41,8.09627,-11.599,6.75058,2930.78,0
137.7,4111.61,-20.6801,-26.8247,2.62123,2820.55,0
138.382,4112.02,-13.3057,-29.881,2.69246,2803.68,0
139.069,4107.28,5.93314,-32.2554,3.07124,2823.88,0
139.754,4096.65,26.5293,-46.4704,1.21757,2886.12,0
140.433,4092.5,19.371,-36.9122,3.23407,2901.73,0
141.12,4104.78,21.5689,-34.157,2.29505,2800.56,0
141.814,4073.65,24.5075,-29.2177,5.075,3006.38,0
142.495,4106.2,41.6118,-8.39543,1.33471,2763.57,0
143.184,4079.29,54.0289,-29.6469,1.11434,2938.27,0
143.872,4075.94,40.5881,-24.2125,3.29352,2947.49,0
144.557,4055.74,57.2709,-44.8487,1.24251,3073.22,0
145.242,4044.42,49.9183,-30.5963,4.23564,3136.68,0
145.926,4058.93,51.2845,-31.133,2.63328,3022.56,0
146.614,4030.52,62.0605,-35.4635,3.32352,3202.19,0
147.292,4025.09,50.8012,-36.6619,4.97237,3224.25,0
147.976,4004.75,63.0904,-64.0702,1.89393,3346.82,0
148.67,4010.14,65.2825,-60.9256,1.39633,3294.94,0
149.349,4009.69,58.3727,-50.4638,3.24611,3283.01,0
150.02,4010.22,85.7833,-21.4565,1.26085,3264.75,0
150.698,3991.95,69.7411,-27.2663,5.09598,3371.28,0
151.399,3970.49,77.1374,-11.9433,5.88237,3497.42,0
152.094,3964.5,93.9223,-3.44609,2.97556,3520.84,0
152.777,3970.04,96.9862,29.6181,0.975533,3468.89,0
153.466,3994.33,78.2294,25.8128,2.23808,3295.04,0
154.153,3983.74,76.6916,61.0047,0.460827,3348.99,0
154.833,3942.26,49.2049,61.8524,7.51915,3602.18,0
155.53,3950.68,41.9568,73.6269,4.8842,3531.92,0
156.221,3939.29,30.6444,60.8984,7.92328,3589.21,0
156.903,3941.85,59.3358,83.0951,0.253585,3557.29,0
157.596,3939.51,64.6035,71.9627,1.53132,3556.51,0
158.283,3929.8,65.0585,73.7755,2.06062,3602.41,0
158.963,3917.09,64.3977,74.8802,2.98406,3666.94,0
159.658,3939.16,46.2025,73.6138,3.40686,3512.75,0
160.339,3950.79,34.6147,69.7728,4.17862,3425.29,0
161.023,3937.81,23.0326,64.5786,6.62965,3491.37,0
161.703,3927.78,18.3059,54.4988,8.30042,3538.71,0
162.384,3912.25,3.76953,57.2033,7.83787,3619.51,0
163.077,3901.61,-1.77437,47.0303,9.23852,3669.34,0
163.763,3881.23,-18.0574,68.6805,4.12021,3778.45,0
164.456,3881.76,-8.73941,66.9463,4.66811,3759.27,0
165.143,3879.22,13.0317,59.3382,6.06057,3759.06,0
165.829,3873.37,12.139,61.4413,4.97356,3778.78,0
166.513,3875.8,1.83479,57.0644,5.42855,3748.65,0
167.209,3845.9,1.20378,63.6008,5.41957,3911.89,0
167.896,3865.41,25.0948,69.8823,0.934819,3779.64,0
168.58,3849.71,46.1093,44.9885,4.50797,3857.45,0
169.267,3836.88,34.1581,51.4479,5.08362,3917.6,0
169.954,3873.01,29.1155,51.8168,2.70178,3689.19,0
170.639,3895.15,19.1266,40.7553,4.14455,3544.62,0
171.317,3887.64,-6.60878,38.8144,5.35101,3574.45,0
172.005,3886.33,-6.15119,57.3298,1.01899,3567.74,0
172.685,3896.44,13.9426,51.861,1.11358,3495.17,0
173.368,3891.13,28.4459,45.817,1.46018,3512.02,0
174.054,3883.27,14.3293,38.6565,4.82544,3543.35,0
174.744,3876.31,3.12371,29.039,7.0895,3569.13,0
175.429,3869.53,-4.68135,22.7575,7.87322,3593.89,0
176.107,3870.98,-11.4764,36.7535,3.29262,3571.79,0
176.783,3874.67,2.94338,24.5232,6.09374,3537.27,0
177.465,3889.9,1.89971,20.4593,4.94455,3437.89,0
178.16,3882.15,-9.69786,23.9103,4.15737,3467.95,0
178.85,3857.19,-8.12456,14.4612,7.34513,3594.13,0
179.549,3880.87,-21.5307,13.1541,3.19998,3448.24,0
180.237,3891.95,-29.917,6.05474,1.23885,3373.62,0
180.919,3884.91,-22.4319,-12.9058,2.50232,3399.81,0
181.602,3871.4,-17.8527,-3.98155,4.89145,3461.39,0
182.28,3864.23,-29.8882,19.6062,1.14229,3487.87,0
182.975,3837.73,-1.86329,-9.4398,8.67707,3619.46,0
183.658,3838.31,-10.55,-10.0155,6.10914,3602.81,0
184.35,3839.79,-12.8039,-25.3621,2.13335,3581.31,0
185.037,3809.87,-11.493,-33.9145,1.88583,3729.69,0
185.722,3797.97,-2.90558,-28.2483,4.54951,3779.99,0
186.404,3792.69,-8.0261,-27.7644,4.05463,3794.52,0
187.089,3773.52,-24.3766,-17.428,5.00453,3883.07,0
187.784,3788.24,-22.0517,-4.97083,5.80909,3790.32,0
188.461,3791.03,-13.8398,-21.6647,4.32192,3761.86,0
189.14,3787.4,-21.8839,-21.4134,2.95543,3767.61,0
189.831,3806.45,-23.3611,-14.6569,2.46142,3653.54,0
190.519,3796.35,-19.3764,-6.63013,5.0891,3693.32,0
191.199,3771,-36.43,-1.10211,1.42184,3812.78,0
191.886,3738.7,-17.0464,-6.84755,8.81168,3967.47,0
192.573,3734.46,-14.8212,-13.2206,6.96256,3975.31,0
193.257,3726.72,-11.4707,-18.023,5.81462,4001.3,0
193.953,3721.09,-15.4946,-12.268,6.08735,4015.99,0
194.64,3722.62,-16.1849,7.43617,5.85065,3993.91,0
195.321,3717.8,-21.2724,-7.50856,3.89254,4004.71,0
196.007,3713.08,-13.2618,1.89614,7.18301,4014.75,0
196.69,3718.99,-6.92703,16.8727,3.95491,3970.78,0
197.374,3684.87,-25.5769,4.46462,1.88352,4129.89,0
198.06,3702.37,-6.89615,1.38451,9.31542,4027.21,0
198.732,3683.81,-10.6034,-2.86964,6.93822,4106.99,0
199.41,3676.96,-3.3437,-13.3995,5.36919,4127.35,0
200.101,3677.41,6.11505,-9.58114,6.47337,4110.88,0
200.791,3680.17,14.0107,-11.5444,2.93879,4083.02,0
201.474,3675.29,-3.93607,10.3995,5.90886,4093.36,0
202.163,3661.94,1.74353,18.0632,2.53166,4145.44,0
202.86,3673.45,-0.43527,21.5481,0.0780026,4074.48,0
203.539,3663.01,-10.1159,-1.8421,5.62631,4112.2,0
204.216,3653.46,-4.75674,2.14626,8.06701,4145.31,0
204.901,3644.59,-15.6561,-19.8172,7.99399,4174.74,0
205.58,3662.71,-16.7588,-13.1131,7.47627,4072.83,0
206.263,3668.95,-13.5452,-12.7664,7.69205,4029.09,0
206.949,3663.74,-5.35203,-2.87028,1.4438,4040.89,0
207.634,3673.03,6.19381,-2.93796,0.726648,3982.8,0
208.322,3668.1,-0.551928,3.73212,2.51472,3993.32,0
209.003,3673.05,6.13466,-1.75552,0.920432,3956.62,0
209.691,3713.21,3.195,-1.34628,0.877933,3752.13,0
210.379,3712.84,2.25299,-3.53436,0.542479,3741.64,0
211.07,3720.18,-2.09506,0.841779,1.0094,3694.62,0
211.757,3694.25,-5.07744,-3.70239,0.230019,3805.06,0
212.432,3715.16,-0.0417442,-3.45997,0.730232,3694.54,0
213.124,3692.94,-0.710833,-6.42174,0.175368,3786.79,0
213.799,3661.31,3.51597,0.245517,2.36819,3922.81,0
214.484,3631.15,-6.43889,-16.4938,7.5939,4050.89,0
215.17,3604.26,20.5819,-38.3475,5.41713,4162.93,0
215.854,3608.1,-3.71143,-33.3539,4.07909,4131.98,0
216.544,3613.91,-19.571,-5.10858,1.61512,4091.96,0
217.23,3605.04,-25.9369,-10.459,5.49359,4119.85,0
217.92,3573.84,-19.2228,-15.79,10.2911,4249.99,0
218.614,3576.14,-13.7381,-29.7634,6.3789,4225.97,0
219.293,3576.29,-16.7163,-13.9034,6.43855,4212.2,0
219.982,3581.85,-17.3853,-8.25379,2.96069,4173.73,0
220.672,3572.92,-17.4882,-9.46683,8.14516,4201.19,0
221.357,3561.75,-5.16246,-28.0673,2.10412,4238.63,0
222.044,3561.33,15.2115,-36.4648,0.195903,4227.38,0
222.721,3530.24,-1.86922,-48.8344,8.79384,4354.14,0
223.407,3509.03,-19.3453,-63.3083,5.8342,4435.71,0
224.1,3488,-5.34612,-31.9511,5.53461,4515.84,0
224.787,3456.14,-8.43534,-13.2773,9.10232,4643.78,0
224.871,3457.96,-8.55342,-3.511,9.39526,4633.97,0
