0.68029,4492.76,-19.7887,-45.6995,1.71892,10636.7,0
1.37307,4458.88,-68.2959,-6.35613,3.6977,29948.1,0
2.05885,4452.22,-69.3742,11.4846,3.96969,23207,0
2.74054,4436.61,-57.2819,8.11886,6.09731,23130.1,0
3.43239,4440,-49.3574,-9.58244,5.67196,17481.7,0
4.11978,4440.84,-54.8369,10.799,4.91823,14359.7,0
4.80384,4458.17,-60.6855,-13.3965,2.36341,8707.13,0
5.49368,4435.55,-46.9675,-18.6611,5.03237,11731.8,0
6.18043,4435.32,-23.8471,-10.7075,6.31707,10464.5,0
6.85894,4443.32,-3.31784,-15.4658,5.4578,8263.56,0
7.53647,4413.63,-2.88932,-27.1338,6.9241,11459.9,0
8.22007,4413.41,8.85474,-19.2419,6.5497,10534.5,0
8.90737,4434.32,7.34873,-25.8128,3.68932,7373.68,0
9.58294,4414.47,-7.20806,-36.1276,4.6726,8925.07,0
10.2625,4448.33,18.0895,-48.1338,0.298058,5035.31,0
10.9524,4427.1,22.5904,-58.4657,1.49794,6656.19,0
11.6344,4426.93,9.94052,-59.4232,1.66147,6280.51,0
12.3214,4415.89,-2.36089,-46.724,3.71015,6825.99,0
13.0101,4411.45,-17.6855,-32.3621,4.62943,6806.12,0
13.6847,4429.4,-4.25657,-44.8748,2.19534,5159.17,0
14.37,4423.91,8.17808,-17.0139,4.45808,5294.75,0
15.0612,4427.81,2.2923,-32.7336,2.99912,4793.06,0
15.7524,4423.64,-1.89411,-23.421,3.94836,4847.46,0
16.4424,4428.24,-3.62081,-51.7002,1.40841,4364.56,0
17.128,4430.79,21.8444,-40.9029,1.54135,4040.8,0
17.8158,4428.63,33.8817,-33.6221,1.63769,4005.87,0
18.4998,4417.7,33.8688,-60.7673,1.00715,4448.86,0
19.1915,4444.86,2.05451,-37.3126,0.701741,2873.21,0
19.8831,4442.35,17.1603,-7.0911,2.20198,2899.35,0
20.5723,4444.46,37.953,-11.2303,0.505708,2699.68,0
21.2687,4454.07,-3.31788,-14.1383,1.32533,2159.48,0
21.9488,4433.51,36.7275,-23.5866,1.0846,3029.13,0
22.6345,4431.65,17.084,-16.2144,2.499,3019.65,0
23.312,4404.14,33.7184,-19.6755,3.98834,4112.06,0
23.9957,4399.49,30.7271,-22.2165,4.31804,4188.74,0
24.68,4381.36,13.9455,-36.9531,5.32648,4807.07,0
25.3621,4397.39,12.3357,-50.7964,2.64804,4045.7,0
26.0501,4418.25,-12.9751,-35.4102,1.59315,3138.11,0
26.7325,4418.45,9.3105,-3.68504,3.46953,3050.64,0
27.4179,4423.74,27.8753,1.32229,1.55716,2781.39,0
28.0992,4410.56,46.2273,22.2709,1.10604,3182.96,0
28.7864,4386.87,46.0801,26.4403,3.31058,3929.99,0
29.4646,4402.64,49.2246,21.7314,1.6514,3304.34,0
30.1628,4426.65,29.4188,-8.25808,1.09156,2431.97,0
30.8435,4422.6,25.9756,5.25891,1.78066,2509.36,0
31.5206,4449.1,0.0779345,7.87695,0.645617,1614.79,0
32.2073,4412.35,-39.344,10.482,1.63046,2721.4,0
32.8828,4414.61,-44.7783,6.18293,0.99444,2596.72,0
33.5718,4400.38,-37.5753,42.6769,1.45857,2967.29,0
34.2565,4379.81,-32.0154,27.3497,4.33837,3508.46,0
34.9324,4379.5,-26.5786,34.1677,4.0045,3449.47,0
35.6166,4404.2,-34.0575,40.7248,0.806211,2689.66,0
36.2996,4370.03,-33.3098,42.482,4.11911,3580.36,0
36.9977,4412.48,-4.16066,36.7217,1.28188,2365.59,0
37.6928,4407.41,18.9866,19.3834,2.46168,2456.44,0
38.3757,4393.11,7.94088,-7.40722,4.96682,2785.38,0
39.0652,4404.33,35.6681,-17.0676,1.6837,2448.87,0
39.7435,4383.33,35.4071,-38.0331,2.7365,2935.69,0
40.4298,4376.35,34.3611,-53.619,2.48246,3058.48,0
41.1202,4337.73,40.1403,-67.6301,4.95396,3946.15,0
41.8084,4341.34,19.4475,-63.5835,4.95071,3794.86,0
42.4873,4339.81,0.811035,-64.9051,4.92902,3770.32,0
43.1708,4333.58,4.58267,-55.8807,5.78274,3854.96,0
43.8506,4349.36,9.82592,-74.1664,2.56088,3435.38,0
44.5364,4364.06,-6.38986,-40.2833,3.85341,3052.39,0
45.2231,4371.1,26.4965,-49.5523,1.77776,2850.27,0
45.9015,4363.81,39.5087,-54.0975,1.61365,2966.95,0
46.5825,4351.77,49.2324,-59.4489,1.78989,3182.07,0
47.2682,4335.09,31.9487,-65.7941,3.70003,3488.89,0
47.9558,4325.76,43.3613,-44.4526,5.35758,3633.31,0
48.6513,4311.09,41.7845,-46.1568,6.18448,3883.01,0
49.3416,4299.01,61.2009,-65.0609,4.53544,4073.47,0
50.0278,4291.12,80.7674,-95.8863,1.92246,4175.34,0
50.7136,4282.01,90.0554,-112.059,1.14297,4298.51,0
51.4048,4289.08,70.3155,-77.5226,4.05042,4103.06,0
52.0942,4287.97,86.3101,-70.5231,3.24957,4070.17,0
52.7758,4288.98,97.4732,-47.2491,3.19444,3998.48,0
53.466,4273.41,113.359,-50.3619,3.09306,4238.02,0
54.1575,4271.28,88.8758,-40.3163,5.45077,4223.3,0
54.837,4277.14,100.142,-48.7358,3.18318,4064.05,0
55.5309,4270.34,123.497,-54.9475,1.30132,4135.67,0
56.2149,4273.88,109.475,-41.364,2.63322,4022.44,0
56.8952,4268.6,89.2123,-37.3111,4.6531,4067.17,0
57.5807,4280.31,85.343,-43.2872,3.37318,3815.42,0
58.2643,4273.54,85.7223,-56.6987,3.21853,3886.8,0
58.961,4256.63,69.4776,-77.799,4.66402,4127.66,0
59.6498,4253.48,60.0735,-70.3588,5.76059,4132.77,0
60.3347,4246.72,51.7863,-74.7167,5.74259,4197.91,0
61.0262,4258.3,38.5821,-86.7036,3.76265,3960.52,0
61.7114,4258.36,25.3072,-99.157,2.7799,3915.71,0
62.3897,4267.4,63.517,-81.5135,1.70624,3728.19,0
63.0761,4258.93,81.3757,-79.9747,1.53424,3821.83,0
63.7546,4262.64,71.0127,-89.7526,1.13011,3723.07,0
64.4314,4241.92,94.7825,-80.764,2.19246,4005.5,0
65.1261,4229.68,103.266,-69.3606,3.47265,4150.67,0
65.8056,4250.8,74.9485,-94.7816,1.62884,3786.91,0
66.4908,4246.48,103.416,-67.1557,1.74939,3812.8,0
67.179,4245.66,109.464,-74.0059,0.962979,3785.93,0
67.8635,4261.86,93.2007,-75.3858,0.518796,3509.08,0
68.5498,4245.63,89.6785,-41.9874,4.02506,3710.74,0
69.2286,4244.01,72.0727,-31.6889,5.85143,3697.77,0
69.9139,4234.11,60.9395,-31.5646,7.08601,3803.12,0
70.5927,4228.4,88.5862,-64.6973,2.84141,3847.41,0
71.2746,4248.1,90.1573,-23.3091,2.47507,3534.23,0
71.9614,4224.13,105.079,-11.4453,3.48491,3833.64,0
72.6463,4230.03,104.342,-8.44795,3.00097,3716.27,0
73.3294,4232.58,87.9971,-39.1982,3.57558,3646.83,0
74.0238,4213.08,86.9907,-27.0284,5.56627,3876.06,0
74.712,4196.35,105.558,-37.5324,4.54231,4064.24,0
75.4028,4227.64,100.726,-49.9238,1.13679,3612.11,0
76.0958,4195.2,129.058,-48.4886,1.67,4005.46,0
76.791,4181.01,142.037,-11.6444,2.5155,4154.02,0
77.4797,4178.77,131.322,-19.1831,3.72788,4145.92,0
78.1586,4161.18,141.159,19.1706,3.84537,4335.02,0
78.8399,4159.23,144.408,7.16417,3.23288,4322.32,0
79.5255,4154.2,130.215,5.10416,5.11817,4348.29,0
80.2097,4145.65,135.278,-1.61096,4.98287,4417.8,0
80.8996,4151.2,126.306,26.4031,4.84622,4311.56,0
81.5916,4149.55,125.308,11.9584,4.98728,4295.21,0
82.2846,4173.81,131.96,14.0266,1.53208,3964.14,0
82.9751,4164.46,142.232,12.663,1.21179,4043.89,0
83.6607,4165.52,134.664,42.1399,1.22337,3998.1,0
84.3483,4168.78,130.081,21.7823,1.93168,3926.82,0
85.0249,4147.34,124.64,3.42358,4.97545,4147.69,0
85.7103,4165.43,127.357,21.666,2.26738,3903.54,0
86.389,4164.09,138.038,13.227,1.31662,3888.33,0
87.0771,4153.08,137.38,27.0756,2.1188,3984.08,0
87.7532,4160.19,140.688,32.3491,0.713469,3872.29,0
88.4428,4125.23,168.453,36.3906,0.817138,4237.44,0
89.1316,4105.17,152.348,5.47243,5.65593,4429.72,0
89.8215,4092.07,175.839,9.12625,3.46575,4541.61,0
90.4946,4085.93,176.045,19.0352,3.7518,4575.62,0
91.1794,4088.44,161.128,-9.67687,5.53291,4513.72,0
91.8688,4068.91,158.449,-5.83905,7.37966,4692.44,0
92.5592,4073.38,170.69,-8.97887,4.32745,4609.16,0
93.2365,4085.22,163.149,-8.04527,3.64133,4448.68,0
93.9242,4076.24,186.485,-13.5592,0.868275,4511.75,0
94.609,4059.45,166.693,-33.2619,5.02887,4656.52,0
95.2925,4054.63,158.498,-34.7084,5.86787,4673.7,0
95.9763,4053.15,165.093,-10.0002,4.70862,4655.82,0
96.655,4049.53,139.784,-26.2636,8.05921,4660.56,0
97.3344,4046.45,163.043,-32.8096,4.22782,4659.7,0
98.0176,4035.91,166.615,-38.1326,4.1704,4734.73,0
98.7049,4046.9,167.327,-34.4382,2.729,4590.43,0
99.3859,4044.54,173.944,-29.2008,2.01312,4582.7,0
100.069,4040.73,178.884,-32.2944,1.50266,4589.5,0
100.762,4027.38,177.18,-58.1239,2.01607,4690.45,0
101.446,4000.94,173.336,-80.5206,4.22595,4919.5,0
102.13,4001.84,166.535,-76.5723,5.0116,4877.73,0
102.829,3997.35,172.27,-88.8068,3.07363,4888.24,0
103.521,3979.9,174.157,-105.204,3.35473,5024.1,0
104.205,3974.22,160.197,-86.4249,7.56074,5045.57,0
104.89,3991.4,170.512,-92.6132,2.8266,4848.9,0
105.586,3981.9,155.513,-88.6899,6.30132,4906.91,0
106.277,3990.66,164.448,-90.2887,3.20533,4792.6,0
106.967,3997.06,167.866,-99.8441,0.642614,4701.83,0
107.653,4004.87,131.442,-122.682,2.61892,4599.31,0
108.334,3998.1,91.2689,-156.547,2.91583,4632.93,0
109.016,3963.32,118.627,-146.991,5.08454,4922.97,0
109.701,3965.6,122.492,-148.235,3.76848,4871.44,0
110.386,3948.53,128.408,-153.081,4.00237,4995.8,0
111.068,3975.8,125.751,-149.585,1.75437,4719.64,0
111.762,3931.09,165.888,-142.985,1.91322,5090.36,0
112.447,3937.49,170.323,-124.732,2.90538,5002.42,0
113.135,3964.21,169.562,-115.514,0.933712,4735.81,0
113.832,3977.82,160.073,-99.3896,2.78876,4587.31,0
114.518,3980.31,149.794,-102.966,3.76527,4538.05,0
115.189,3989.08,157.584,-100.691,1.77783,4435.47,0
115.866,3966.31,184.997,-77.3477,1.74327,4606.07,0
116.544,3950.95,184.55,-89.0416,2.64112,4711.13,0
117.221,3945.14,190.32,-68.8999,3.70354,4733.48,0
117.904,3947.08,195.622,-54.0078,3.15908,4689.55,0
118.595,3945.21,187.931,-24.0775,5.79917,4678.02,0
119.285,3955.56,181.824,-34.6873,5.04532,4564.22,0
119.974,3943.97,195.809,-27.5621,3.39329,4634.62,0
120.653,3911.64,209.042,-30.2315,3.7634,4876.46,0
121.332,3945.21,196.026,-21.5883,2.7604,4572.53,0
122.015,3959.3,193.034,-32.2978,1.46074,4431.39,0
122.693,3954.81,182.521,-39.1461,3.86159,4443.55,0
123.383,3939.59,172.452,-73.4888,5.21066,4542.06,0
124.071,3971.11,150.755,-85.4091,4.43547,4262.78,0
124.756,3960.26,151.919,-99.7764,3.63713,4326.32,0
125.447,3972.58,143.548,-98.0886,3.58116,4204.3,0
126.126,3964.05,173.754,-80.3522,0.669465,4249.34,0
126.82,3974.79,179.87,-50.7968,0.429022,4141.39,0
127.499,3973.57,155.218,-58.69,4.58673,4128.89,0
128.185,3990.48,143.379,-78.6859,3.07979,3974.89,0
128.865,3963.84,160.967,-93.9676,1.5038,4160.65,0
129.555,3949.89,151.001,-98.0336,3.39032,4246.12,0
130.238,3959.96,146.331,-102.765,2.43282,4146.59,0
130.923,3976.36,147.776,-98.4233,0.786648,3999.63,0
131.598,3983.61,128.792,-63.0296,6.29583,3924.04,0
132.282,3980.12,129.137,-40.4065,6.84624,3930.08,0
132.962,3992.77,117.758,-33.7942,7.06364,3814.81,0
133.642,3991.36,135.378,-10.4395,4.1838,3806.01,0
134.327,3969.54,164.298,23.0568,0.613931,3949,0
135.015,3958.81,162.615,-5.63508,2.33724,4008.37,0
135.699,3971.5,137.531,13.0084,5.72419,3894.64,0
136.385,3961.47,136.221,9.26643,6.25967,3948.61,0
137.069,3959.28,137.128,7.61621,5.92254,3944.88,0
137.755,3955.26,130.455,-0.496096,7.31915,3954.41,0
138.445,3931.7,118.691,-8.02387,10.266,4104.89,0
139.131,3919.48,93.7789,-5.57843,3.51593,4172.46,0
139.811,3927.46,71.9278,-16.007,6.67231,4095.12,0
140.489,3931.24,67.0365,-19.5261,6.45035,4048.41,0
141.172,3918.93,82.7665,-34.3483,2.78341,4116.07,0
141.851,3925.39,85.1663,-24.4314,2.39572,4050.81,0
142.527,3905.01,72.6024,-36.4731,5.33361,4174.53,0
143.21,3892.38,88.2375,-33.99,2.9451,4242.84,0
143.895,3883.8,92.0534,-20.2614,3.43572,4282.32,0
144.577,3867.14,95.7628,-3.46804,4.23673,4377.29,0
145.259,3855.32,68.1857,-17.3218,10.5783,4438.14,0
145.945,3824.51,51.2428,-12.1148,4.96297,4628.43,0
146.629,3800.06,45.2014,-12.2144,7.29383,4773.53,0
147.314,3791.63,49.9476,28.7036,4.05024,4808.61,0
147.996,3809.64,23.0683,32.8571,7.58572,4664.69,0
148.684,3813.27,23.8133,24.2814,8.16425,4618.7,0
149.377,3796.05,14.61,35.0401,7.16043,4712.58,0
150.059,3802.37,36.1369,28.9598,3.91983,4649.01,0
150.749,3801.24,28.459,29.8525,4.9657,4635.26,0
151.44,3800.29,39.6039,23.3713,3.10884,4620.39,0
152.13,3795.59,36.9176,-1.50566,5.7096,4630.32,0
152.811,3809.44,30.7149,-3.47908,5.6309,4519.05,0
153.491,3805.72,31.3136,0.873016,5.1718,4523.23,0
154.183,3805.69,35.1569,0.758359,3.88279,4503.17,0
154.869,3783.75,33.7042,19.0418,3.37993,4624.88,0
155.56,3786.57,43.7244,13.3198,0.46935,4586.19,0
156.246,3763.77,35.2581,28.053,1.98395,4711.98,0
156.937,3739.12,25.6177,33.0386,4.15936,4848.36,0
157.629,3746.13,28.1886,22.4531,5.78774,4782.54,0
158.32,3750.47,13.1825,23.0089,7.46945,4734.24,0
159.001,3747.1,0.554372,35.1094,4.08789,4735.16,0
159.685,3724.54,1.55996,30.7574,6.54748,4856.22,0
160.37,3743.45,13.8536,35.7795,2.52358,4717.5,0
161.055,3748.06,-8.14052,0.616838,0.820352,4668.84,0
161.739,3725.79,8.01668,-4.59783,1.19573,4786.81,0
162.426,3746.09,-0.804374,-6.97186,1.16168,4641.55,0
163.114,3737.17,-1.56877,6.83928,1.72689,4676.66,0
163.796,3714.96,-6.76127,-2.59927,2.51647,4792.77,0
164.473,3711.57,-0.667952,-5.68488,3.1138,4793.66,0
165.165,3698.68,-0.588249,7.66102,2.69739,4851.61,0
165.847,3717.93,-0.549262,-6.20432,2.32906,4715.64,0
166.53,3721.28,5.48867,-1.9849,2.18944,4676.14,0
167.219,3712.95,0.480638,-5.81145,2.64581,4706.68,0
167.914,3702.96,4.93552,-5.60237,2.14648,4746.7,0
168.603,3727.64,2.46435,2.1795,2.6259,4580.95,0
169.285,3739.77,-1.96469,-5.30462,1.36144,4490.82,0
169.965,3723.12,-5.41421,3.94941,1.67107,4570.85,0
170.653,3684.43,6.01088,10.1395,0.619538,4779.08,0
171.327,3708.36,-7.22315,3.91928,1.52183,4620.67,0
172.003,3698.6,3.71063,-3.42233,3.41486,4659.2,0
172.693,3682.93,4.10997,0.537595,4.44577,4731.32,0
173.364,3679.25,-10.9704,0.823678,1.21752,4734.28,0
174.054,3664.33,-0.743362,-9.33868,2.31146,4801.22,0
174.747,3640.39,0.76802,-14.4305,7.80655,4919.19,0
175.423,3642.49,6.39652,-4.66978,5.49307,4888.24,0
176.106,3666.87,2.8241,-21.7941,0.826073,4730.88,0
176.798,3637.62,16.6103,-39.0493,7.63689,4877.8,0
177.478,3614.89,20.3974,-37.343,4.16367,4987.13,0
178.173,3617.36,8.51155,-27.1666,3.36917,4953.87,0
178.86,3613.17,51.2532,-16.5713,3.51385,4958.23,0
179.541,3615.57,57.8038,-10.2958,1.92933,4926.06,0
180.229,3609.91,39.4023,-19.1652,4.97182,4938.67,0
180.907,3592.39,56.4723,-12.2715,10.513,5016.97,0
181.593,3599.73,47.6977,-32.2987,5.71191,4957.64,0
182.264,3599.66,43.1915,-21.19,6.22768,4939.73,0
182.945,3605.24,9.64889,-23.0991,4.5751,4890.88,0
183.624,3610.07,34.4978,-14.2258,1.55792,4846.48,0
184.298,3608.06,24.7565,0.724594,3.12219,4839.67,0
184.982,3578.8,47.4321,-26.5448,3.63044,4979.94,0
185.667,3554.77,72.9412,-13.728,1.34763,5090.98,0
186.346,3538.7,56.1492,-14.7966,3.01895,5158.71,0
187.034,3503.85,59.9654,-3.24443,5.16206,5326.04,0
187.723,3495.08,38.3826,2.74767,4.61687,5353.21,0
188.279,3481.87,2.69445,-3.57647,12.0032,5407.55,4
