0.688139,4472,-405.362,-50.8842,4.48863,40693.7,0
1.38073,4464.45,-395.589,-62.0693,5.67144,25748.7,0
2.07201,4457.5,-398.162,-55.5881,5.72988,20510.4,0
2.7642,4469.59,-392.768,-47.4529,4.13224,11001.1,0
3.45523,4470.76,-388.304,-18.5915,3.90117,8462.55,0
4.1402,4474.37,-389.559,-16.8773,3.21212,6190.11,0
4.82737,4487.05,-388.157,20.0794,1.66803,2683.2,0
5.50808,4474.59,-407.025,17.8416,2.11678,4612.74,0
6.20265,4462.25,-440.977,40.987,1.72196,6085.58,0
6.87996,4455.84,-409.405,39.2489,4.13019,6418.78,0
7.57179,4449.57,-413.618,48.2713,4.37716,6660.36,0
8.25207,4444.48,-397.385,33.9224,5.18444,6728.41,0
8.92568,4432.23,-408.604,45.1888,5.52807,7593.06,0
9.6089,4428.84,-410.201,38.5412,5.2692,7406.08,0
10.3001,4464.83,-412.095,20.7669,0.597201,3414.13,0
10.9897,4439.28,-409.779,25.7949,3.79737,5525.48,0
11.6772,4447.11,-401.432,25.0785,3.21122,4529.19,0
12.3701,4425.45,-400.402,27.7576,5.48341,6026.59,0
13.0476,4415.69,-392.253,38.4561,6.42677,6461.71,0
13.7274,4417.95,-389.114,55.1508,5.38781,5977.34,0
14.4153,4414.29,-383.197,50.4411,5.68043,5945.94,0
15.0965,4411.64,-344.737,39.7279,7.61412,5853.02,0
15.7742,4412.7,-340.565,39.041,6.5012,5534.1,0
16.4617,4397.96,-351.877,27.4224,6.71261,6198.79,0
17.1481,4409.06,-350.056,17.7537,4.61714,5303.41,0
17.8286,4448.32,-324.641,28.3465,1.36503,2898.98,0
18.5235,4467.63,-305.612,16.9448,0.346712,1747.53,0
19.2059,4419.28,-296.463,-1.25663,6.46153,4202.67,0
19.8844,4407.43,-296.673,-4.5365,6.5255,4655.48,0
20.5722,4412.11,-295.697,-13.7482,5.34368,4272.03,0
21.2468,4415.2,-278.639,-10.1725,5.73165,3991.18,0
21.9313,4420.81,-264.786,-20.1925,5.71604,3610.69,0
22.6101,4418.8,-261.759,-32.5977,5.56358,3591.51,0
23.2844,4427.53,-248.337,-49.4775,4.76213,3112.45,0
23.967,4406.33,-252.88,-32.5942,6.36656,3908.3,0
24.6594,4385.98,-258.671,-25.3294,7.2886,4623.81,0
25.3372,4406.66,-222.917,-42.0388,6.76299,3683.85,0
26.0302,4393.76,-216.855,-37.2651,7.97002,4081.51,0
26.7174,4411.55,-225.97,-39.9968,4.1324,3310.75,0
27.4069,4404.02,-244.988,-40.3027,3.41987,3502.09,0
28.0865,4389.89,-248.709,-31.3768,4.6801,3920.3,0
28.7712,4375.33,-256.118,-37.3123,5.4421,4333.14,0
29.4566,4359.16,-257.525,-37.0708,6.55586,4781.16,0
30.1478,4343.89,-268.884,-23.1863,6.48791,5178.26,0
30.8305,4332.24,-250.889,-24.9098,8.32252,5441.35,0
31.5094,4331.74,-238.238,-36.0059,8.06753,5340,0
32.1992,4323.12,-234.222,-44.3771,7.91941,5493.34,0
32.8753,4306.9,-249.879,-38.0855,7.24063,5873.57,0
33.5645,4327.35,-269.686,-39.8338,2.73615,5143.72,0
34.2459,4336.24,-268.463,-78.8139,1.09185,4781.95,0
34.9319,4331.75,-275.482,-69.0857,1.21844,4816.54,0
35.622,4314.09,-288.784,-71.4429,2.17705,5219.02,0
36.3029,4302.07,-290.23,-78.1296,3.26263,5452.05,0
36.9788,4312.21,-294.155,-88.8368,1.42885,5078.31,0
37.6663,4293.46,-298.655,-84.9711,3.39284,5483.51,0
38.3488,4297.94,-307.035,-106.247,1.3706,5269.05,0
39.0379,4301.73,-296.114,-88.4366,2.15457,5078.8,0
39.7263,4302.56,-287.674,-88.9591,2.6586,4970.04,0
40.4002,4286.35,-277.304,-92.0601,5.09612,5288.37,0
41.083,4261.26,-262.504,-85.9286,8.54471,5811.18,0
41.7744,4267.93,-267.7,-91.433,5.78159,5555.29,0
42.4587,4262.51,-262.514,-99.6841,6.23666,5593.4,0
43.1386,4261.24,-272.07,-101.763,4.88863,5534.78,0
43.8201,4266.07,-298.42,-89.2345,2.35289,5338.36,0
44.5063,4267.39,-287.424,-108.489,2.49068,5226.4,0
45.1812,4266.86,-280.863,-139.817,1.96709,5160.15,0
45.8708,4247.7,-307.76,-140.221,2.26315,5500.25,0
46.5527,4226.61,-299.995,-130.182,5.75071,5872.6,0
47.2418,4231.65,-282.127,-117.821,6.43445,5680.33,0
47.9229,4225.17,-271.516,-104.766,7.74326,5734.82,0
48.6098,4208.03,-270.32,-108.187,8.3673,6006.49,0
49.2799,4180.88,-266.223,-120.109,9.23427,6475.66,0
49.9527,4179.19,-257.896,-104.272,9.34336,6422.31,0
50.641,4198.16,-242.804,-77.7783,8.29073,5960.48,0
51.3248,4187,-263.625,-49.6109,6.95154,6098.34,0
52.0109,4181.99,-249.484,-48.6768,7.97032,6114.21,0
52.7029,4184.36,-283.083,-44.5602,2.96629,5989.04,0
53.3772,4168.19,-292.369,-55.9121,3.57535,6216.34,0
54.0635,4183.18,-283.488,-57.5909,2.47311,5860.07,0
54.7456,4178.15,-297.53,-89.8261,0.763386,5879.06,0
55.4247,4169.65,-269.37,-135.293,2.82909,5960.29,0
56.1091,4165.98,-282.258,-158.52,0.810572,5953.1,0
56.7933,4164.71,-261.097,-150.119,3.41988,5903.71,0
57.4765,4139.65,-260.598,-135.889,6.90668,6269.52,0
58.1576,4147.53,-241.011,-145.107,6.46131,6060.52,0
58.8434,4156.07,-238.356,-144.982,4.9834,5844.89,0
59.5315,4164.1,-270.118,-149.116,0.450185,5642.32,0
60.2203,4135.9,-273.641,-155.229,3.38565,6046.19,0
60.9098,4136.81,-244.475,-201.034,2.91214,5962.68,0
61.6064,4145.47,-254.838,-188.282,1.61022,5754.7,0
62.2925,4136.02,-216.715,-182.202,6.48706,5843.1,0
62.9912,4114,-218.745,-186.44,7.95247,6127.9,0
63.6762,4127.72,-213.852,-183.838,5.85151,5846.44,0
64.3484,4130.97,-203.82,-191.893,5.0854,5734.93,0
65.0288,4158.28,-192.582,-201.819,1.36687,5254.89,0
65.7182,4147.24,-194.089,-176.578,4.60207,5367.81,0
66.403,4166.86,-210.868,-153.136,2.23279,5017.02,0
67.089,4176.39,-216.261,-139.554,1.38909,4823.66,0
67.7713,4159.06,-227.907,-120.739,3.34948,5030.8,0
68.4511,4182.36,-208.353,-132.94,1.70277,4640.34,0
69.1403,4162.45,-231.644,-155.9,0.122832,4882.08,0
69.8214,4147.93,-223.446,-140.673,3.7003,5042.47,0
70.5073,4148.4,-207,-131.247,5.70386,4986.78,0
71.1996,4160.1,-233.118,-142.413,0.792588,4773.87,0
71.8886,4147.61,-241.214,-115.183,2.99852,4901.85,0
72.5659,4153.46,-250.135,-132.498,0.333631,4775.58,0
73.2509,4131.86,-257.572,-134.432,2.1551,5025.78,0
73.9288,4120.43,-270.879,-129.406,2.38572,5134.29,0
74.6186,4127.39,-270.324,-104.961,2.5475,4993.52,0
75.3008,4117.15,-255.907,-122.689,4.33242,5084.24,0
75.979,4109.72,-253.519,-103.382,6.00603,5136.7,0
76.6721,4129.98,-263.008,-102.122,1.83607,4825.95,0
77.3491,4108.83,-247.928,-141.284,4.04776,5057.18,0
78.0296,4090.82,-262.247,-146.112,4.45527,5243.95,0
78.7197,4109.62,-252.265,-137.056,3.4921,4959.15,0
79.3978,4123.26,-225.726,-127.24,5.08796,4744.93,0
80.0772,4123.08,-214.526,-126.856,5.68958,4706.93,0
80.7645,4113.71,-196.048,-121.293,8.3404,4782.94,0
81.4474,4111.79,-192.037,-150.066,5.82827,4766.35,0
82.1367,4101.72,-199.028,-150.749,5.84733,4848.94,0
82.828,4108,-201.899,-145.356,4.76904,4732.74,0
83.5053,4127.92,-202.623,-157.857,1.25518,4455.76,0
84.1839,4158.1,-194.292,-118.773,1.2278,4061.31,0
84.8728,4151.97,-152.792,-137.445,4.49802,4100.57,0
85.5471,4172.88,-136.746,-139.311,3.15237,3823.81,0
86.2383,4165.19,-130.871,-120.086,5.80342,3882.35,0
86.9317,4154.8,-153.162,-113.659,5.13267,3970.92,0
87.6186,4134,-149.517,-119.767,6.4148,4177.24,0
88.3109,4140,-150.663,-88.9178,7.01952,4076.53,0
88.9807,4147.18,-158.213,-76.3002,5.29344,3965.17,0
89.6638,4141.22,-149.525,-47.5268,7.31915,4001.38,0
90.3521,4144.27,-131.126,-33.8678,8.70996,3937.1,0
91.0351,4149.16,-133.275,-16.3169,7.01028,3853.86,0
91.7239,4135.41,-119.824,10.5303,9.03451,3974.88,0
92.4062,4121.53,-124.151,31.7908,7.80605,4095.68,0
93.1009,4116.42,-128.148,36.8867,6.41635,4120.02,0
93.7799,4117.42,-123.265,27.1944,6.39932,4079.56,0
94.4704,4150.09,-97.2749,-3.76966,6.29462,3703.91,0
95.1489,4154.11,-91.2122,3.9627,6.00961,3635.28,0
95.8483,4167.15,-105.437,27.9711,2.32282,3472.72,0
96.5357,4152.33,-112.349,20.5853,3.13461,3601.46,0
97.2113,4144.29,-106.946,16.5275,4.41302,3659.19,0
97.8967,4144.42,-107.215,-11.2699,4.18909,3632.21,0
98.5773,4142.11,-117.295,-38.8995,2.27893,3630.58,0
99.2658,4115.46,-133.635,-37.7518,2.90397,3873.86,0
99.9519,4112.52,-126.436,-39.6034,3.98075,3876.63,0
100.648,4089.6,-147.697,-71.4659,2.09449,4077.62,0
101.335,4108.97,-141.856,-50.1979,1.8879,3858.77,0
102.023,4085.89,-134.962,-38.0133,5.54892,4059.02,0
102.705,4075.11,-142.374,-27.4182,5.57004,4137.05,0
103.393,4055.81,-159.673,-22.3587,4.4522,4296.07,0
104.067,4064.43,-139.646,-17.7216,6.0519,4185.44,0
104.752,4054.42,-132.8,-0.841533,7.21949,4253.67,0
105.432,4042.62,-133.887,-11.6169,6.71001,4338.2,0
106.113,4049.86,-123.228,-18.7065,6.27999,4242.09,0
106.806,4047.26,-114.318,-39.8385,6.29458,4238.9,0
107.491,4050.77,-100.261,-24.9611,7.9709,4179.26,0
108.173,4062.32,-106.31,-6.81818,5.52181,4046.13,0
108.859,4053.52,-106.123,-4.628,5.91534,4101.45,0
109.538,4069.75,-96.8061,-12.483,5.20392,3927.88,0
110.221,4061.01,-82.636,-6.35227,7.22118,3982.87,0
110.911,4058.45,-91.9539,-4.76618,5.14603,3981.16,0
111.606,4065.5,-81.0334,0.426817,5.20699,3893.13,0
112.308,4046.75,-84.224,-1.81962,5.92836,4035.76,0
112.992,4045.06,-81.7679,-3.22854,6.017,4026.26,0
113.683,4044.44,-87.3581,26.0304,3.82306,4007.25,0
114.378,4034.04,-93.7182,20.7226,3.93419,4073.88,0
115.063,4032.9,-78.6961,4.51868,6.31055,4059.5,0
115.748,4041.47,-82.6268,4.42848,4.41285,3961.49,0
116.436,4044.59,-81.4822,-8.60187,4.14822,3911.22,0
117.114,4064.9,-80.0783,-25.0236,1.91009,3715.18,0
117.8,4091.77,-61.0678,-17.735,2.21824,3465.44,0
118.493,4086.08,-44.655,-29.9012,4.04925,3493.23,0
119.176,4079.82,-28.4418,-38.0929,4.9541,3525.71,0
119.859,4075.02,-14.3808,-23.2648,7.27631,3545.69,0
120.542,4075.24,-15.4964,-22.6571,6.21929,3523.75,0
121.233,4071.26,-4.16009,-54.4519,2.56963,3536.52,0
121.917,4068.53,-29.3038,-49.3236,2.40479,3539.03,0
122.597,4045.09,-25.3358,-48.5467,4.9578,3710.65,0
123.282,4033.87,-16.9769,-44.4854,6.41253,3781.02,0
123.972,4030.17,-22.7971,-39.7019,6.2242,3789.78,0
124.651,4028.16,-6.87496,-53.3293,4.77934,3785.3,0
125.331,4027.59,-16.3735,-64.1941,2.51523,3769.27,0
126.012,4029.27,-25.8347,-56.7045,2.78241,3735.62,0
126.694,4010.58,-6.10183,-56.1185,4.8884,3862.99,0
127.374,4005.41,21.325,-44.1341,6.04377,3882.95,0
128.064,4003.65,31.7988,-60.6459,2.58957,3875.79,0
128.752,3957.08,37.2801,-84.4085,2.41813,4216.8,0
129.441,3960.25,41.2113,-75.2439,3.21882,4169.83,0
130.125,3966.42,51.4987,-51.3257,4.83139,4100.52,0
130.806,3949.46,52.8805,-61.2445,4.39572,4208.86,0
131.499,3924.77,68.9717,-60.438,4.06805,4374.36,0
132.194,3917.87,95.3558,-53.5408,0.798476,4403.62,0
132.881,3910.26,72.0943,-75.2891,2.52635,4438.15,0
133.579,3921.82,64.2064,-72.6434,2.92636,4328.39,0
134.271,3912.16,73.9933,-76.8898,1.66939,4377.99,0
134.955,3931.23,39.4917,-70.2224,5.36451,4214.49,0
135.648,3917.29,45.1998,-65.3905,5.9996,4295.75,0
136.335,3925.37,33.2877,-61.0534,6.6777,4214.87,0
137.013,3928.5,36.5247,-53.7325,6.3933,4171.15,0
137.697,3942.27,50.559,-72.839,0.321243,4050.42,0
138.374,3935.73,58.3549,-66.5169,0.879612,4077.89,0
139.07,3925.82,77.6738,-37.2589,2.22594,4128.71,0
139.763,3915.35,66.3734,-65.0971,1.67381,4183.14,0
140.44,3929.21,59.2474,-53.3155,3.14491,4064.3,0
141.129,3935.58,63.3306,-54.6466,1.75394,3999.34,0
141.812,3932.56,66.8855,-27.0646,4.29757,4001.4,0
142.487,3919.64,67.7767,-25.4142,5.0621,4073.07,0
143.175,3921.03,70.5382,-46.0801,2.3861,4043.78,0
143.859,3929.95,60.6554,-25.9989,5.24981,3962.58,0
144.548,3925.22,53.0258,-40.2294,5.2759,3976.37,0
145.227,3937.08,69.7358,-28.8325,2.2212,3876.11,0
145.914,3948.37,47.7841,-28.6989,5.01415,3780.5,0
146.593,3972.98,54.8871,-29.9328,1.52588,3595.1,0
147.282,3949.45,61.4452,-13.7753,3.38985,3738.09,0
147.963,3954.3,44.7673,1.15794,6.06581,3688.07,0
148.642,3952.48,57.7581,33.8386,1.78744,3683.46,0
149.327,3941.38,54.1485,32.5946,3.37513,3740.9,0
150.012,3954.67,42.2967,31.0366,4.18131,3635.22,0
150.692,3944.86,45.9921,43.5101,2.42798,3683.92,0
151.38,3933.87,24.8939,29.6875,7.49047,3739.78,0
152.065,3939.09,2.9,30.24,7.74009,3688.66,0
152.742,3940.08,-16.0459,37.4916,4.96881,3665.82,0
153.419,3940.79,-19.0987,52.0493,1.53517,3645,0
154.09,3935.17,-9.61404,37.9556,5.07706,3665.6,0
154.787,3952.03,-7.93503,51.7909,0.948835,3540.14,0
155.482,3926.53,-10.1683,60.6606,1.03404,3688.36,0
156.165,3926.27,-11.1335,62.1414,0.711267,3673.88,0
156.85,3932.23,18.9301,44.3054,3.10944,3619.87,0
157.546,3933.48,21.84,44.8739,2.52245,3595.88,0
158.238,3923.23,5.94819,41.4401,4.57357,3644.95,0
158.92,3944.28,-2.55559,17.5392,7.16271,3496.86,0
159.601,3956.26,-19.1163,7.15814,5.03306,3406.88,0
160.287,3941.96,-15.8909,11.5112,5.79658,3481.54,0
160.969,3942.12,5.41267,17.4453,5.54371,3465.74,0
161.657,3933.84,1.59923,-0.176881,8.28653,3502.19,0
162.338,3969.58,8.51079,-15.6116,1.97637,3267.38,0
163.018,3964.92,28.496,-3.65817,0.400821,3282.31,0
163.711,3980.31,13.5719,0.764172,1.84154,3174.42,0
164.399,3989.13,13.6175,-11.3457,0.442907,3107.48,0
165.087,3963.12,-17.0707,-2.84948,2.58268,3252.13,0
165.774,3965.33,-27.3715,0.510997,0.558749,3225.26,0
166.455,3959.59,-11.6616,3.29427,3.65801,3246.61,0
167.136,3935.01,-15.2379,34.3571,0.864594,3380.4,0
167.828,3936.91,-3.64241,0.826676,6.86083,3355.18,0
168.513,3916.91,13.8785,-19.5298,4.05314,3460.24,0
169.21,3904.2,10.3591,-17.4639,5.35134,3521.1,0
169.899,3897.04,2.08668,-32.2728,3.1557,3548.93,0
170.578,3888.34,11.632,-40.984,1.49087,3585.82,0
171.256,3867.59,2.50038,-45.3702,2.4074,3692.79,0
171.938,3848.01,5.53416,-44.1932,3.67332,3792.01,0
172.626,3829.17,20.6483,-37.6996,5.34849,3886.01,0
173.315,3861.22,13.2764,-43.8274,1.96607,3685.65,0
174.003,3892.66,28.3507,-27.4202,1.16531,3490.41,0
174.704,3883.98,13.5389,-35.1077,2.08742,3526.1,0
175.395,3847.12,-19.3809,-19.1739,7.05184,3722.32,0
176.086,3855.21,-18.8021,-14.1385,6.67593,3661.8,0
176.767,3833.88,-6.21092,-23.1951,7.12504,3768.36,0
177.46,3842.4,-20.1407,-16.9702,5.26156,3705.59,0
178.139,3827.57,-20.2101,-40.7196,0.775575,3774.76,0
178.823,3802.44,-13.6152,-46.6024,1.31897,3900.85,0
179.508,3807.84,2.09029,-18.6119,8.69124,3855.87,0
180.204,3817.44,1.24718,-1.74344,10.484,3787.71,0
180.887,3799.86,-3.57975,25.2415,3.86716,3870.58,0
181.571,3780.95,12.4387,22.7102,4.61917,3960.13,0
182.257,3760.46,9.46168,18.9424,7.13652,4057.69,0
182.934,3752.92,-0.609653,13.7538,8.56032,4083.86,0
183.619,3746.53,-1.26811,34.178,1.31506,4103.45,0
184.303,3750.92,4.36954,27.3854,3.37315,4064.4,0
184.991,3747,9.58978,10.7973,7.16609,4070.5,0
185.672,3749.28,-1.2718,9.96424,7.27604,4043.28,0
186.363,3745.28,3.28341,-3.52248,7.87986,4049.75,0
187.046,3752.65,2.28601,0.93793,7.14568,3995.53,0
187.719,3759.54,2.02338,-5.07943,5.31555,3944.52,0
188.4,3739.15,8.41936,-10.2825,3.56362,4038.49,0
189.091,3738.13,-5.85501,4.28507,5.34912,4029.11,0
189.773,3755.71,-12.7568,3.44506,2.29348,3921.98,0
190.46,3744.33,-11.4241,-3.55888,3.24075,3967.62,0
191.144,3747.1,-14.7315,-1.47321,1.85067,3938.89,0
191.826,3750.67,-5.93187,-4.89032,3.98987,3906.31,0
192.512,3784.32,8.24652,-0.628222,1.96503,3717.56,0
193.196,3808.49,1.46962,7.45348,0.685666,3579.31,0
193.879,3807.6,-7.7219,1.09746,0.572156,3571.31,0
194.567,3803.3,-5.31617,4.602,1.00417,3580.78,0
195.257,3778.8,10.8851,-1.0498,0.975785,3693.59,0
195.945,3776.52,0.726528,13.8926,0.0275479,3692.29,0
196.636,3773.19,8.71604,3.10961,1.58176,3696.25,0
197.317,3769.42,6.68531,-11.2337,0.613868,3702.58,0
198.001,3742.96,3.73502,-0.159386,4.85095,3823.44,0
198.686,3736.28,-2.92132,-8.17953,3.17133,3843.85,0
199.373,3698.29,-6.52764,-12.8121,2.17698,4021.16,0
200.055,3678.88,-6.68007,-5.52525,5.43511,4104.45,0
200.73,3700.87,-15.156,7.12806,0.877486,3981.12,0
201.409,3721.8,9.78047,-6.31284,2.36247,3863.78,0
202.084,3740.01,-0.388945,2.27759,5.11981,3760.75,0
202.766,3765.02,3.0671,9.61497,0.961437,3624.8,0
203.445,3775.82,-3.74451,-5.09723,1.64696,3559.61,0
204.129,3775.3,2.05374,-1.79359,2.70177,3550.22,0
204.821,3790.13,4.23712,-0.463595,1.39297,3465.81,0
205.513,3764.51,4.13058,-1.49559,2.67211,3578.81,0
206.209,3730.44,12.9926,-3.91609,1.055,3731.96,0
206.898,3724.1,10.8682,-0.79771,2.26678,3750.14,0
207.589,3710.81,-6.83682,1.58608,4.37618,3801.69,0
208.275,3673.15,5.56131,2.79036,5.67526,3969.98,0
208.956,3663.93,5.61175,-9.35839,3.42221,4001.16,0
209.647,3649.46,28.1643,21.4204,2.87613,4057.01,0
210.34,3658.84,35.0955,11.6709,5.56475,3999.04,0
211.031,3664.85,19.0425,17.6147,9.55225,3957.48,0
211.709,3662.49,6.01683,11.5525,4.41989,3955.96,0
212.387,3646.58,-8.42353,-3.55282,4.94946,4018.24,0
213.071,3634.61,-0.434265,-6.059,8.30699,4061.51,0
213.759,3625.76,22.047,-19.9032,9.84888,4089.82,0
214.44,3635.11,10.2569,-28.2691,4.89395,4033.25,0
215.127,3629.05,-5.52717,-38.3961,6.64563,4048.54,0
215.809,3625.29,3.51589,-42.0911,7.72855,4053.17,0
216.491,3606.55,0.272991,-14.9543,4.46503,4126.95,0
217.18,3609.2,0.603284,-18.6136,2.71467,4101.64,0
217.856,3602.19,7.80096,-19.4637,5.64371,4121.11,0
218.536,3595.11,16.5592,-29.5617,7.8351,4140.69,0
219.221,3600.28,-13.6204,-11.2244,5.24892,4104.18,0
219.902,3604.28,-5.93699,3.73035,3.18379,4073.27,0
220.587,3582.95,-2.17613,-6.45039,2.39607,4157.29,0
221.277,3553.76,10.6524,-8.9822,10.0439,4276.25,0
221.948,3537.26,4.3874,-37.7287,6.88016,4337.69,0
222.615,3512.53,-9.14423,-38.3667,6.56897,4435.75,0
223.298,3504.06,-11.7271,-30.5197,10.0295,4460.15,0
223.761,3482.12,-3.64522,-2.56988,2.66308,4548.96,0
