0.689434,4501.74,518.046,287.055,0.744631,-2520.73,0
1.37172,4501.64,500.279,284.417,1.37114,-1193.87,0
2.04686,4503.14,463.478,278.079,2.40396,-1535.33,0
2.73591,4492.48,449.474,269.856,4.12725,2748.76,0
3.42488,4480.89,455.901,271.209,4.76255,5580.17,0
4.12617,4474.43,454.536,272.964,5.40053,6197.97,0
4.81041,4473.99,475.234,301.024,3.65968,5407.28,0
5.49713,4469.17,470.811,310.924,3.97864,5609.13,0
6.18816,4470.1,489.018,317.742,2.95938,4831.35,0
6.87736,4459.29,494.772,300.557,4.20853,5919.06,0
7.56745,4460.29,477.357,291.196,4.54551,5246.85,0
8.24696,4447.11,470.694,297.674,6.02028,6412.92,0
8.9199,4448.59,495.081,299.887,4.36155,5763.82,0
9.59985,4465.6,494.828,281.042,2.26734,3583.2,0
10.288,4470.62,476.42,312.791,1.56225,2855.94,0
10.9754,4453.52,441.928,337.301,4.22969,4234.73,0
11.6587,4445.12,435.72,312.888,5.41738,4706.87,0
12.3414,4463.94,432.982,308.968,2.83677,2922.01,0
13.0351,4488.78,405.387,286.041,1.22891,860.952,0
13.7236,4476.83,392.201,267.896,3.58465,1688.23,0
14.3977,4447.9,397.96,271.178,6.12111,3618.72,0
15.0755,4453.56,381.279,278.198,5.49656,3080.2,0
15.7532,4474.97,378.502,280.138,2.58573,1589.08,0
16.4291,4472.03,361.727,271.39,3.65994,1702.62,0
17.1202,4483.74,359.305,268.54,2.22939,949.491,0
17.8056,4485.7,365.327,241.873,2.48078,803.351,0
18.5009,4483.93,345.518,264.867,2.77459,868.379,0
19.1879,4473.97,355.313,231.322,4.46321,1356.68,0
19.8826,4465.48,354.589,243.782,4.72871,1736,0
20.5532,4445.97,341.671,243.262,7.25517,2628.65,0
21.2384,4445.67,330.888,239.622,7.00545,2558.04,0
21.9328,4425.89,335.096,219.374,8.3842,3378.92,0
22.6168,4428.92,331.397,207.655,7.35411,3142.94,0
23.2984,4434.34,328.652,196.629,6.48222,2818.11,0
23.9748,4455.32,341.151,196.898,2.78389,1863.72,0
24.6622,4488.92,311.982,187.737,0.346786,449.273,0
25.3487,4455.5,291.289,197.154,4.97628,1755.58,0
26.0191,4450.85,278.059,202.605,5.48566,1888.87,0
26.7089,4457.49,291.469,220.152,3.1144,1591.55,0
27.394,4442.42,293.373,216.522,4.74126,2101.76,0
28.077,4435.38,303.459,215.514,4.71637,2301.61,0
28.7603,4439.29,309.473,179.738,4.79538,2110.94,0
29.4456,4443.37,344.727,172.185,2.45419,1923.08,0
30.1293,4463.4,315.055,167.511,1.66694,1214.72,0
30.8148,4458.72,306.08,167.958,2.65232,1339.72,0
31.4935,4439.31,310.781,167.095,4.45294,1927.06,0
32.1792,4433.65,299.984,175.745,5.25393,2061.94,0
32.8627,4451.84,302.77,184.511,2.39305,1465.45,0
33.5465,4436.97,290.091,192.867,4.49406,1878.75,0
34.2276,4442.58,282.823,206.167,3.51816,1677.49,0
34.9091,4444.04,294.188,220.468,2.18359,1603,0
35.6,4428.38,292.231,221.516,3.88751,2011.74,0
36.2824,4431.46,282.982,203.72,4.41156,1888.95,0
36.9701,4423.68,269.684,194.608,6.12911,2064.42,0
37.6615,4424.29,269.783,175.933,6.32902,2010.41,0
38.3521,4431.34,281.326,190.095,3.68916,1790.14,0
39.0423,4434.43,262.227,192.525,3.88625,1679.52,0
39.7277,4422.8,257.485,187.212,5.59959,1943.2,0
40.4037,4422.07,252.896,166.711,5.96893,1928.83,0
41.0902,4421.2,265.273,158.788,5.01363,1917.65,0
41.7832,4437.38,270.57,161.777,2.3699,1498.64,0
42.4772,4416.31,275.3,153.694,4.67932,1970.13,0
43.1608,4448.2,265.956,147.777,1.587,1200.22,0
43.8436,4452.71,264.291,166.129,0.540983,1078.67,0
44.5286,4448.91,269.695,125.624,1.86345,1147.27,0
45.2106,4437.7,273.588,129.439,2.70369,1378,0
45.8966,4426.65,297.562,125.402,2.58978,1598.23,0
46.5825,4405.01,304.05,142.326,4.18899,2039.15,0
47.2621,4423.1,306.26,179.412,0.675677,1627.1,0
47.9492,4415.35,301.814,200.719,1.09418,1765.32,0
48.6335,4396.82,311.78,184.107,3.25258,2121.53,0
49.3174,4373.86,277.421,173.17,7.78195,2557.69,0
49.9962,4371.87,270.132,171.485,7.39696,2562.89,0
50.675,4389.9,288.893,193.486,2.76439,2172.59,0
51.3623,4395.29,265.624,203.685,2.85439,2038.63,0
52.039,4377.36,256.979,199.724,5.25724,2356.63,0
52.7239,4375.38,253.133,191.768,5.73701,2363.55,0
53.4077,4382.39,249.149,184.047,4.93042,2202.03,0
54.0893,4374.7,255.075,184.393,4.9962,2316.48,0
54.773,4374.75,273.426,205.949,2.88164,2286.72,0
55.4692,4393.89,275.038,182.289,1.43675,1912.88,0
56.1523,4394.57,269.501,177.978,1.82013,1877.59,0
56.8272,4381.45,242.032,183.627,4.6782,2086.12,0
57.5152,4393.22,276.404,173.404,1.61225,1856.54,0
58.1854,4395.42,246.883,181.68,2.65694,1797.4,0
58.8769,4405.39,241.86,163.502,2.3802,1606.9,0
59.5667,4384.52,214.216,175.789,5.56303,1938.67,0
60.2428,4386.89,200.784,171.044,5.46845,1877.62,0
60.9281,4378.2,180.557,179.166,6.5674,1999.15,0
61.6123,4367.37,189.942,191.652,6.27669,2152.64,0
62.3028,4372.79,170.23,190.939,6.05838,2041.75,0
62.9914,4380.74,175.854,184.65,4.54811,1893.21,0
63.6914,4372.64,181.797,208.236,3.50268,1999.6,0
64.3804,4372.31,168.185,204.891,4.16362,1983.38,0
65.0625,4352.9,177.1,217.243,4.8963,2260.88,0
65.7477,4355.49,214.304,215.17,2.56273,2197.96,0
66.4324,4323.44,210.367,209.041,6.29544,2657.72,0
67.113,4319.33,185.082,208.254,7.25498,2692.03,0
67.8004,4308.3,197.037,224.67,6.10751,2827.39,0
68.4793,4311.09,161.759,232.025,6.28893,2758.67,0
69.1544,4316.13,152.622,244.35,4.70178,2658.88,0
69.8326,4326.86,183.142,226.818,2.99053,2479.35,0
70.5139,4313.47,192.868,234.993,3.50639,2645.24,0
71.1863,4321.81,204.622,224.102,2.4642,2503.17,0
71.8625,4305.82,220.234,266.744,0.929815,2702.13,0
72.5501,4323.89,182.977,265.715,0.549609,2427.41,0
73.2288,4302.37,183.95,240.271,4.74272,2698.83,0
73.9065,4313.63,164.836,264.725,2.27193,2521.74,0
74.5883,4317.87,110.754,284.012,2.26256,2441.83,0
75.2656,4294.22,87.1576,271.723,6.42609,2734.04,0
75.948,4285.64,89.2001,257.013,7.28412,2822.42,0
76.6466,4285.35,102.617,261.478,5.64052,2800.49,0
77.3331,4299.07,100.841,264.434,3.56465,2598.19,0
78.0109,4310.73,91.0559,266.016,2.20058,2426.2,0
78.7006,4311.45,112.49,258.246,1.99239,2395.82,0
79.3918,4291.75,116.093,268.059,3.48263,2623.03,0
80.0785,4287.7,83.6987,284.668,3.60372,2651.19,0
80.7698,4286.9,84.3485,295.614,2.69802,2638.35,0
81.4565,4280.14,78.7227,280.427,4.80698,2699.07,0
82.1451,4316.38,71.7245,260.588,2.20572,2235.37,0
82.8263,4326.86,75.7058,263.706,0.606909,2090.44,0
83.5087,4295.98,70.2149,274.649,3.42772,2443.06,0
84.1958,4324.88,83.5111,265.066,0.513102,2079.88,0
84.8761,4295.56,74.6367,283.485,2.65398,2408.65,0
85.5602,4286.3,67.0629,293.686,2.85407,2497.66,0
86.2462,4280.18,91.103,311.944,1.569,2548.79,0
86.9261,4284.81,85.3268,309.53,1.30983,2475.57,0
87.614,4264.18,73.5688,353.637,0.395987,2691.53,0
88.2967,4245.03,56.6228,360.489,2.58514,2887.67,0
88.977,4236.87,62.4924,346.033,4.70426,2957.3,0
89.6588,4245.07,66.5177,337.367,4.25473,2843.32,0
90.3485,4227.83,45.312,355.528,5.12781,3012.48,0
91.0249,4206.7,45.2866,351.344,7.33161,3222.17,0
91.7129,4183.41,32.9655,340.259,9.93272,3451.96,0
92.3965,4172.66,37.6017,336.703,9.3442,3542.73,0
93.0833,4172.84,17.7022,323.311,8.60061,3514.68,0
93.7692,4160.19,1.87592,312.432,9.39586,3623.9,0
94.4558,4158.11,8.037,305.511,8.63549,3619.52,0
95.1407,4167.1,13.9569,299.731,6.7515,3499.05,0
95.8196,4162.98,-16.9543,300.641,6.14703,3517.23,0
96.5013,4172.33,5.99249,278.538,6.82001,3395.51,0
97.1791,4177.49,24.3136,282.456,4.89814,3318.72,0
97.8602,4157.59,23.5665,272.013,7.51745,3498.98,0
98.5429,4143.4,8.70882,278.363,7.21057,3618.77,0
99.2262,4147.76,-2.31436,254.658,8.25582,3549.9,0
99.9069,4158.17,-0.515742,261.468,4.90287,3421.48,0
100.605,4137.94,-21.7827,261.328,6.61271,3598.79,0
101.299,4126.95,-41.7886,280.921,4.41038,3682.61,0
101.975,4125.77,-42.5681,278.287,4.49297,3669.8,0
102.664,4130.6,-49.1914,277.429,3.67371,3598.12,0
103.349,4158.66,-15.2662,266.213,1.73916,3302.84,0
104.013,4160.51,-10.8541,274.511,0.391125,3263.9,0
104.694,4126.52,-35.1018,281.767,3.43752,3567.39,0
105.362,4130.19,-34.1794,258.364,5.38042,3509.9,0
106.053,4120.76,-12.6907,259.196,6.13257,3575.96,0
106.747,4121.32,-37.1584,255.011,5.52734,3547.42,0
107.439,4103.44,-29.0573,264.078,6.01332,3691.03,0
108.117,4104.12,-57.8333,265.144,4.6084,3661.59,0
108.802,4109.71,-33.1582,237.964,7.365,3587.12,0
109.491,4094.91,-28.1633,245.15,7.20883,3699.74,0
110.176,4099.81,-28.8353,259.234,3.88145,3632.3,0
110.869,4126.4,-9.48793,258.654,0.71553,3369.76,0
111.549,4099.63,-9.41516,249.52,5.00703,3589.24,0
112.235,4093.05,-15.7356,246.666,5.56651,3625.91,0
112.923,4097.56,-9.38196,217.246,8.2983,3563.86,0
113.62,4091.2,-11.1409,209.966,8.77869,3597.92,0
114.329,4115.95,-18.4835,220.31,3.84808,3359.18,0
115.015,4116.54,1.32996,221.874,3.35761,3334.02,0
115.693,4119.28,-3.36528,197.405,5.79495,3290.8,0
116.375,4116.83,20.8417,207.259,4.28576,3292.53,0
117.069,4119.6,7.2667,209.76,3.61266,3249.37,0
117.759,4131.42,35.6921,206.648,2.22967,3129.93,0
118.446,4091.91,26.1918,198.94,7.43142,3445.35,0
119.131,4098.58,43.1315,193.639,5.71523,3369.54,0
119.816,4111.45,48.7721,195.398,3.51216,3242.87,0
120.509,4129.31,40.4962,185.952,2.71829,3076.06,0
121.199,4125.23,53.7981,188.573,2.41503,3092.2,0
121.883,4126.51,72.742,195.063,0.590305,3064.37,0
122.572,4119.68,55.5824,168.959,5.39571,3102.81,0
123.265,4147.18,40.6044,174.014,1.91249,2862.24,0
123.95,4148.45,30.0956,166.479,2.78569,2836.24,0
124.643,4135.1,43.0104,167.763,3.33924,2927.55,0
125.331,4126.67,31.2743,168.113,4.053,2978.77,0
126.028,4126.64,2.58506,160.987,5.1013,2962.56,0
126.706,4110.18,19.3156,177.699,4.02764,3076.57,0
127.397,4108.88,-12.576,205.612,0.503451,3070.13,0
128.091,4107.48,24.0556,199.17,1.33199,3064.43,0
128.773,4077.93,47.2445,172.48,7.45379,3277.64,0
129.458,4073.19,58.8123,171.977,6.12832,3296.9,0
130.144,4072.99,33.0833,174.981,5.75087,3281.04,0
130.829,4075.96,34.4153,200.453,1.332,3241.16,0
131.507,4053.72,42.3569,219.18,0.718599,3393.57,0
132.201,4064.29,40.2871,178.841,5.4617,3295.83,0
132.885,4063.4,25.6177,197.218,2.89421,3285.55,0
133.575,4071.45,29.826,207.523,0.168763,3208.29,0
134.256,4049.76,26.795,204.764,2.97964,3353.58,0
134.933,4034.83,28.5027,218.721,2.36492,3447.43,0
135.618,4009.99,31.4791,209.61,6.4936,3613.16,0
136.304,4004.19,43.2149,223.358,4.12356,3637.49,0
136.983,3991.62,59.5955,218.08,5.75193,3711.3,0
137.664,4021.06,58.6958,213.556,2.83812,3479.04,0
138.349,4001.74,5.43496,237.851,2.3015,3601.49,0
139.043,4005.6,16.63,226.095,3.69595,3555.76,0
139.729,3987.84,6.61521,235.879,3.93386,3665.4,0
140.421,3980,-4.07332,238.008,4.52486,3703.19,0
141.108,3972.21,-14.325,251.183,2.61199,3740.34,0
141.795,3965.84,9.20794,235.243,6.04718,3767.14,0
142.473,3947.77,9.72012,224.887,8.98104,3876.05,0
143.156,3954.29,16.2457,221.314,7.45915,3811.98,0
143.844,3956.89,0.855591,210.955,8.03465,3775.66,0
144.518,3962.71,-4.09884,210.017,6.38633,3717.82,0
145.208,3951.74,12.2004,225.847,3.64739,3775.69,0
145.898,3955,15.4678,195.055,8.6873,3735.49,0
146.586,3950.99,14.8573,206.253,6.0047,3745.27,0
147.268,3943.48,-7.87295,222.214,3.15541,3778.99,0
147.963,3940.52,10.3531,208.257,6.2264,3781.23,0
148.637,3923.86,26.7826,192.528,9.45666,3876.15,0
149.319,3915.19,35.6392,213.75,3.85528,3916.52,0
150.014,3926.35,50.2704,217.904,0.8641,3824.01,0
150.697,3915.54,30.574,210.191,4.6419,3878.4,0
151.386,3898.37,27.7148,201.99,7.71783,3974.14,0
152.075,3909.75,44.8641,196.748,5.8105,3881.34,0
152.757,3912.34,34.3283,189.873,7.16004,3847.03,0
153.441,3894.72,14.1309,164.556,2.48855,3944.68,0
154.118,3894.82,25.4507,142.466,6.89121,3926.72,0
154.809,3887.12,19.9882,160.552,3.00321,3958.92,0
155.498,3901.13,17.2201,161.344,1.43334,3851.28,0
156.181,3881.69,12.9994,161.049,3.30537,3958.94,0
156.863,3894.9,-14.6385,143.418,6.01325,3857.5,0
157.547,3862.85,-5.30422,146.63,6.89311,4044.16,0
158.241,3877.83,-6.63349,132.084,7.50856,3931.8,0
158.93,3884.51,-2.90203,144.13,3.21934,3872.71,0
159.612,3872.76,-11.8747,148.594,2.91305,3929.81,0
160.293,3892.39,-4.99869,145.13,1.92021,3790.64,0
160.984,3921.34,-6.72933,135.151,1.42557,3594.52,0
161.667,3914.21,-20.1194,119.009,5.38713,3623.43,0
162.354,3895.55,-34.0823,130.655,3.241,3723.04,0
163.043,3885.97,-51.5023,126.29,3.50337,3766.05,0
163.726,3873.66,-56.2139,130.766,3.37117,3825.52,0
164.417,3876.53,-64.5941,120.078,4.41431,3792.01,0
165.104,3880.95,-55.4176,101.309,7.69952,3749.43,0
165.791,3881.08,-70.5794,78.7791,8.68989,3733.15,0
166.478,3889.28,-89.9861,75.1993,4.10775,3668.48,0
167.153,3888.19,-74.348,82.1738,5.52571,3660.17,0
167.831,3881.77,-68.231,70.346,7.99864,3683.62,0
168.52,3874.44,-50.094,46.3485,3.16484,3712.11,0
169.209,3830.62,-58.5288,26.9269,7.20579,3955.94,0
169.893,3836.64,-58.9724,40.4401,4.43051,3904.56,0
170.574,3832.77,-51.9134,37.6693,6.2133,3911.68,0
171.253,3829.88,-53.6651,18.0111,7.58362,3913.03,0
171.945,3842.7,-64.436,21.8514,2.98933,3822.73,0
172.618,3861.87,-32.8967,15.0273,8.86709,3696.78,0
173.303,3880.94,-21.6575,24.3789,7.1704,3572.15,0
173.984,3889.27,-18.9247,41.9783,2.99631,3510.28,0
174.666,3892.79,-23.9494,43.8929,1.83479,3476.4,0
175.35,3876.95,-26.8155,21.0357,6.07591,3553.19,0
176.039,3886.05,-13.8305,50.2448,1.17826,3487.6,0
176.726,3893.29,10.2018,25.1402,5.77265,3433.06,0
177.413,3890.11,-0.144088,46.9039,1.55651,3437.69,0
178.096,3912.27,-12.6516,31.4284,2.60618,3300.06,0
178.762,3910.72,-21.4644,23.7611,2.9812,3296.46,0
179.438,3926.9,-23.6271,28.6417,0.680641,3193.85,0
180.129,3920.42,-12.1097,38.5057,0.401105,3217.59,0
180.809,3936.31,-0.127302,17.5189,3.63809,3117.62,0
181.493,3943.62,-4.14816,23.1115,1.51227,3065.6,0
182.189,3931.15,-1.91695,13.5483,4.37846,3122.29,0
182.873,3911.48,-3.74626,29.4943,2.61278,3218.21,0
183.563,3895.19,-5.55556,20.4168,5.33661,3294.83,0
184.242,3909.56,-1.45858,36.5684,1.03826,3204.71,0
184.929,3911.5,11.1569,37.2134,0.394002,3182.28,0
185.625,3886.77,12.1242,27.3976,4.08772,3303.6,0
186.315,3886.41,14.2877,32.7044,2.73846,3293.29,0
187.003,3895.55,9.27525,39.0905,0.96616,3232.28,0
187.689,3884.24,-19.2977,35.5438,1.69411,3280.72,0
188.372,3896.46,-20.6775,16.4628,3.69902,3203.97,0
189.051,3879.65,-3.71575,23.3874,5.33546,3281.41,0
189.737,3856.07,12.6923,40.5973,2.30434,3393.8,0
190.43,3832.44,22.8803,30.8391,5.11052,3505.54,0
191.126,3821.9,-4.87057,18.3971,8.96248,3547.91,0
191.805,3820.96,-0.459461,11.8493,9.12083,3540.29,0
192.49,3825.8,-1.74777,11.6331,7.18928,3502.53,0
193.168,3842.9,-20.2275,16.3662,1.72196,3401.7,0
193.863,3830.91,-0.72516,11.0702,6.21617,3451.34,0
194.55,3802.52,-23.7723,5.5683,4.33259,3585.11,0
195.23,3775.85,-26.8831,-13.6986,3.13794,3709.19,0
195.907,3781.06,-21.7914,-0.324624,5.43682,3669.81,0
196.593,3789.06,-3.52185,4.2338,8.69691,3616.28,0
197.28,3779.02,-0.442752,13.2292,5.95108,3654.58,0
197.961,3800.76,5.0035,17.8292,2.96716,3532.22,0
198.642,3785.75,-25.1295,14.3727,0.802719,3595.65,0
199.335,3786.74,-6.82955,11.2792,5.53595,3578.19,0
200.019,3783.5,-13.8362,3.36904,5.22818,3582.18,0
200.707,3782.99,-5.72068,-0.929507,7.26697,3572.43,0
201.398,3784.23,-2.99688,-2.22696,6.8161,3554.01,0
202.097,3773.37,-8.50873,-12.6542,2.84277,3595.46,0
202.782,3791.68,-4.40635,4.5667,4.33451,3493.02,0
203.467,3777.67,5.16696,-1.84001,5.3282,3550.13,0
204.149,3747.98,10.1489,-9.58061,4.24685,3683.67,0
204.838,3746.8,9.03959,-5.29479,5.06546,3677.03,0
205.538,3756.15,18.4542,0.62939,1.68201,3619.02,0
206.212,3746.26,13.8021,2.02719,3.22799,3655.2,0
206.892,3750.82,11.153,-8.60625,2.81602,3621.12,0
207.582,3773.24,0.18868,-9.70613,2.96423,3501.09,0
208.263,3760.89,17.1211,3.67954,1.04147,3548.95,0
208.953,3770.11,0.926505,8.8108,3.44502,3493.06,0
209.64,3726.39,-9.08121,12.3584,3.66146,3690.15,0
210.329,3712.13,-9.31518,6.82949,5.06951,3745.92,0
211.017,3721.74,11.8125,11.1273,2.60263,3688.14,0
211.707,3731.89,-9.23883,13.5473,1.81824,3628.19,0
212.391,3726.76,-2.35471,21.1096,0.0477082,3640.67,0
213.079,3725.5,-9.60581,13.2445,1.89011,3634.8,0
213.77,3738.26,-8.38152,17.2196,0.115695,3563.37,0
214.471,3742.74,-10.2946,6.14184,2.43823,3530.84,0
215.156,3717.56,-13.0175,4.61017,2.81785,3636.62,0
215.83,3749.03,1.134,-10.5808,2.42334,3479.44,0
216.51,3708.38,-10.6871,8.48371,2.78866,3656.25,0
217.19,3704.47,5.41702,11.7161,3.30466,3662.82,0
217.87,3709.64,-8.79914,11.9856,2.30017,3627.67,0
218.55,3725.24,0.829898,13.0472,2.40974,3545.01,0
219.231,3689.69,7.61891,17.232,0.948389,3696.15,0
219.927,3674.63,-7.63094,6.06471,5.73256,3752.93,0
220.616,3689.42,-13.8691,2.05706,2.8923,3674.14,0
221.29,3690.77,0.595326,-4.00935,7.28161,3656.89,0
221.986,3666.58,-3.59593,-16.6318,1.6592,3754.4,0
222.665,3697.58,3.00562,-5.25012,5.74439,3603.71,0
223.352,3678.19,-6.44312,-4.90111,5.40678,3679.43,0
224.046,3708.28,-4.39848,9.86455,2.90833,3533.74,0
224.731,3712.67,2.02863,-0.209291,6.07487,3503.43,0
225.416,3702.28,2.147,2.38709,5.75556,3538.88,0
226.103,3731.76,-11.8365,2.1876,0.77993,3397.74,0
226.791,3738.79,-4.36472,4.24159,2.70663,3356.42,0
227.473,3764.55,1.77091,3.07799,2.18318,3233.14,0
228.149,3761.09,-10.1017,2.79661,0.0984046,3238.7,0
228.837,3756.67,-3.19263,8.5937,0.688343,3248.31,0
229.526,3746.21,7.95215,1.09545,1.61267,3284.13,0
230.211,3739.31,8.40987,-4.3852,1.39837,3304.33,0
230.886,3750.75,4.66903,3.48637,2.11603,3245.1,0
231.574,3749.28,-1.7232,-0.885399,3.45651,3241.81,0
232.268,3725.98,7.03916,1.49812,2.59645,3332.42,0
232.942,3708.95,-5.80208,6.17124,2.61805,3395.9,0
233.624,3681.71,-6.28234,-2.70724,4.13703,3502.59,0
234.3,3662.58,2.5266,-7.57689,3.76255,3574.13,0
234.979,3645.86,-17.2519,3.63908,2.55665,3634.97,0
235.66,3639.62,-3.23874,-27.1442,6.84592,3650.92,0
236.355,3636.28,-9.32059,-51.7549,5.7032,3654.31,0
237.049,3637.79,-29.5784,-60.8532,3.86745,3637.28,0
237.73,3640,-29.6553,-86.3893,1.84108,3617.55,0
238.421,3615.2,-60.7752,-51.449,10.0715,3711.1,0
239.11,3615.57,-89.8225,-55.7231,1.46619,3698.83,0
239.807,3616.48,-64.6632,-33.6757,9.23649,3684.31,0
240.492,3597.54,-61.4319,-40.1138,4.26031,3752.55,0
241.171,3589.57,-47.9088,-63.5321,7.06988,3775.05,0
241.851,3578.49,-71.5301,-86.2774,4.18137,3810.23,0
242.522,3594.42,-77.0637,-109.285,3.92881,3734.01,0
243.209,3562.5,-56.4598,-77.2141,6.46699,3854.72,0
243.89,3536.94,-33.3259,-82.4581,8.0504,3948.76,0
244.571,3509.55,-23.4919,-91.6039,9.23059,4049.74,0
245.268,3497.74,-15.593,-66.8613,5.41786,4086.38,0
245.959,3463.84,-25.6001,-55.1451,2.75482,4212.72,0
246.64,3451.11,2.23705,-23.7834,1.08245,4252.72,2
246.845,3447.28,1.97864,-10.926,3.64107,4264.7,2
