0.675904,4470.07,1.58947,-28.3114,1.29378,44287.1,0
1.36859,4455.34,-22.7204,-19.6704,2.41286,32632.8,0
2.04626,4443.37,-21.8097,-6.74927,3.98935,27677.2,0
2.73446,4422.94,-3.20812,5.21688,6.58745,28181.1,0
3.42385,4446.16,11.0166,44.4786,1.10852,15724.5,0
4.11314,4445.64,-11.8722,30.751,2.06093,13215.7,0
4.80342,4437.96,22.6396,30.069,2.49636,12915.8,0
5.48085,4457.1,20.1693,35.9081,0.340362,7827.54,0
6.17145,4429.97,-2.38784,43.8366,2.70214,11347.5,0
6.84986,4395.65,-5.43451,33.8968,6.356,15234.5,0
7.54432,4373.94,4.13727,41.4686,6.74515,16709.2,0
8.23839,4386.13,4.24955,44.9261,4.78529,13822.4,0
8.91026,4416.53,-1.66917,25.651,3.05982,9367.83,0
9.59431,4416.8,-7.48467,16.1267,3.48992,8672.04,0
10.2812,4417.82,-11.2225,29.9872,2.2958,7993.21,0
10.9676,4433.01,-18.4593,29.664,0.611368,6107.9,0
11.6531,4421.31,-24.0663,41.2569,0.7718,6752.58,0
12.3362,4405.13,-34.9924,28.5176,2.46261,7690.65,0
13.0169,4394.93,-59.2501,36.0566,1.44913,8071.96,0
13.6985,4388.71,-66.9151,7.82868,2.13113,8124.49,0
14.3804,4390.25,-57.9342,-4.73305,2.60406,7631.68,0
15.0702,4369.25,-51.4582,32.3276,4.34629,8676.16,0
15.7441,4359.71,-72.7218,26.6912,3.60116,8910.76,0
16.4336,4380.21,-66.7897,5.38187,2.35066,7289.63,0
17.1219,4364.12,-59.2052,28.7266,3.92864,7936.25,0
17.806,4386.9,-63.0484,15.257,1.71572,6351.72,0
18.486,4389.62,-56.7182,-2.60071,2.05767,5971.16,0
19.1675,4382.59,-40.7458,-13.7989,3.72935,6125.43,0
19.8517,4375.24,-69.384,-8.20264,1.9884,6284.52,0
20.5343,4390.81,-32.1575,-12.9552,3.1037,5317.61,0
21.222,4394.62,-20.4288,3.69454,3.66727,4965.74,0
21.9071,4408.23,0.355013,-20.4338,2.27126,4189.17,0
22.5939,4399.18,-24.9281,-10.5132,2.50274,4462.15,0
23.2762,4396.37,-44.0992,-39.0576,0.353123,4452.19,0
23.9616,4385.2,-68.9531,-27.095,0.206815,4790.99,0
24.6528,4362.06,-56.6889,-23.1563,3.39149,5595.5,0
25.3399,4339.59,-86.3436,-15.197,3.30255,6330.18,0
26.0329,4364.48,-68.3595,8.21798,2.32027,5205.64,0
26.7135,4354.28,-73.2038,14.6058,2.76848,5454.83,0
27.4071,4330.95,-67.7073,18.9306,5.17746,6167.99,0
28.0871,4344.6,-87.7342,24.4425,1.67766,5532.87,0
28.7738,4314.44,-87.4467,21.1385,4.68495,6449.01,0
29.455,4337.59,-99.8337,50.8121,0.283661,5513.88,0
30.1447,4333.66,-74.6003,84.6098,0.625892,5517.89,0
30.8296,4327.61,-86.8973,37.6137,2.6693,5591.73,0
31.5028,4318.92,-74.3922,39.4939,4.21957,5748.09,0
32.1944,4330.36,-81.7446,21.1351,2.89876,5269.35,0
32.8802,4353.36,-62.0812,15.1361,2.38693,4459.73,0
33.5731,4376.29,-26.0841,0.97169,3.09717,3684.83,0
34.2547,4399.88,-21.808,16.3942,0.75298,2922.74,0
34.9455,4394.76,0.154475,7.20454,2.70355,3011.61,0
35.6283,4396.73,11.8158,-16.2877,1.52262,2898.57,0
36.3242,4380.27,4.47541,-4.03886,4.05245,3296.07,0
37.0137,4361.65,16.013,5.02616,4.53368,3737.75,0
37.693,4346.56,25.3777,-28.32,3.71701,4070.81,0
38.3752,4330.09,21.244,-42.708,4.34433,4427.7,0
39.0569,4318.73,37.8225,-40.943,4.61239,4641.25,0
39.7474,4318.26,24.917,-36.3787,5.35952,4572.34,0
40.4344,4300.13,4.01087,-39.6284,6.80703,4943.15,0
41.1161,4305.05,-10.9935,-41.3621,5.15022,4741.56,0
41.8081,4295.16,-11.6328,-40.1655,5.5872,4899.5,0
42.4935,4295.24,-8.31157,-42.5553,4.72843,4818.58,0
43.1833,4303.25,2.18702,-49.0267,3.28909,4556.17,0
43.8725,4311.7,5.83892,-46.616,2.67949,4292.03,0
44.5638,4324.16,14.9692,-30.676,2.54699,3945.89,0
45.2499,4324.43,32.9233,-21.1069,1.84575,3880.02,0
45.9438,4327.46,34.2387,-16.687,1.65104,3755.51,0
46.6286,4325.86,18.6265,14.0806,2.97427,3734.57,0
47.325,4306.2,-7.9352,12.5549,5.20479,4095.11,0
48.0097,4308.22,2.89249,-1.46164,5.68813,3994.56,0
48.6891,4294.18,8.40951,11.5583,5.39573,4227.24,0
49.3787,4295.62,19.3001,10.3617,4.18036,4138.96,0
50.0617,4286.47,19.7328,10.4158,4.4951,4265.29,0
50.7566,4301.74,30.2696,14.1829,2.02872,3906.11,0
51.4287,4299.56,39.852,-13.9432,1.44833,3897.35,0
52.1168,4281.95,29.5881,-29.7549,2.96958,4183.81,0
52.7993,4280.31,12.9613,-47.3399,2.32704,4160.8,0
53.4787,4277.04,7.64044,-57.86,1.77947,4169.17,0
54.1705,4260.16,29.1045,-51.6043,3.18338,4427.54,0
54.8553,4272.08,44.9683,-33.8388,2.32628,4154.99,0
55.5289,4268.56,45.53,-19.2062,3.15792,4167.84,0
56.2159,4278.11,48.8847,-32.7441,1.34392,3947.14,0
56.8901,4255.15,52.7534,-26.0256,3.4132,4303.89,0
57.5692,4240.68,40.4621,-55.6177,3.64183,4504.48,0
58.2594,4230.8,82.1084,-34.1465,2.45603,4620.7,0
58.9333,4214.11,69.4038,-25.5375,5.52223,4851,0
59.6053,4216.76,74.4734,-29.4429,4.31244,4751.87,0
60.2884,4213.47,57.944,-38.7595,5.43771,4752.66,0
60.9695,4202.86,74.9316,-44.0286,4.1211,4873.51,0
61.6616,4193.49,63.5811,-75.3908,3.48027,4970.92,0
62.3423,4164.95,72.0342,-53.7165,6.46959,5374.29,0
63.0206,4163.66,67.6466,-64.8843,5.44368,5336.92,0
63.7078,4157.01,51.3,-63.288,6.6487,5383.78,0
64.4004,4149.54,45.1539,-69.5298,6.44933,5441.94,0
65.098,4140.34,43.2673,-69.2294,6.35936,5524.84,0
65.7809,4129.97,49.6027,-76.5722,5.83538,5625.17,0
66.4595,4143.2,55.4297,-69.9588,4.37938,5368.69,0
67.145,4130.14,63.1359,-83.3954,3.68494,5508.38,0
67.8232,4155.11,94.5836,-57.3593,0.349135,5085.14,0
68.5059,4095.33,135.362,-55.3424,1.64501,5907.12,0
69.1978,4068.71,142.143,-42.2271,4.06173,6232.68,0
69.8801,4050.89,141.32,-33.4708,5.60197,6426.8,0
70.5691,4053.43,120.78,-14.2249,7.87519,6328.09,0
71.2478,4059.24,131.027,-10.703,4.55686,6186.29,0
71.9255,4039.67,127.248,-29.0352,5.81542,6400.04,0
72.6021,4061.37,140.178,-24.1604,1.55955,6041.5,0
73.285,4053.27,120.91,-49.024,3.86978,6095.8,0
73.9672,4067.12,107.555,-65.7257,2.96625,5852.39,0
74.6569,4054.31,128.012,-45.6674,2.68695,5969.8,0
75.3277,4044.53,115.253,-68.8151,3.74556,6046.57,0
76.0033,4074.61,103.435,-78.4618,1.34089,5596.93,0
76.6807,4053.55,115.002,-82.3768,1.75932,5822.14,0
77.371,4084.24,104.618,-48.9454,2.47246,5373.57,0
78.0634,4082.28,109.181,-49.3534,2.02717,5351.03,0
78.7524,4076.2,116.747,-31.7455,2.24412,5381.42,0
79.4323,4069.19,136.09,-18.4403,0.494539,5423.62,0
80.1228,4079.91,106.464,-21.0257,3.70268,5243.03,0
80.8199,4082.23,108.765,-10.3783,3.47867,5169.12,0
81.494,4081.64,115.659,5.67586,2.51853,5133.63,0
82.1742,4084.36,116.873,-2.33151,2.14044,5058.08,0
82.861,4062.05,112.583,-14.2133,4.54476,5285.37,0
83.5466,4049.47,118.67,-8.07414,4.52076,5392.5,0
84.2193,4055.23,101.99,-2.7674,6.06886,5281.14,0
84.9071,4067.73,112.798,17.3716,2.83812,5091.07,0
85.5864,4060.68,127.967,18.9012,1.17656,5133.09,0
86.2694,4040.39,121.804,21.6925,3.88194,5327.64,0
86.95,4031.43,142.403,23.7396,1.36974,5388.96,0
87.6429,4045.47,120.434,36.4806,2.8771,5186.22,0
88.338,4035.26,130.88,23.2498,2.68668,5260.98,0
89.0315,4027.43,120.344,26.565,4.68038,5307.93,0
89.7132,4009.49,109.939,1.06643,7.96942,5467.58,0
90.3921,4006.59,117.636,1.2988,6.06447,5458.6,0
91.0786,4000.89,97.0251,3.60268,8.80508,5479.95,0
91.7759,4000.38,100.055,-1.10023,6.52722,5443.91,0
92.4475,3981.1,94.1011,21.6702,7.74512,5612.92,0
93.1386,3985.77,108.485,11.1589,4.11466,5521.08,0
93.819,3987.83,126.553,14.1883,0.497028,5459.17,0
94.5065,3970.25,118.059,9.68737,3.72316,5605.43,0
95.201,3941.01,102.888,-12.7929,8.66084,5871.71,0
95.8781,3943.86,95.8559,-10.845,8.27563,5800.5,0
96.567,3949.18,95.1991,-7.66021,6.93601,5704.02,0
97.2609,3935.47,97.7387,9.58636,6.78254,5804.3,0
97.9431,3954.46,113.677,-2.4244,1.50829,5570.01,0
98.6211,3976.3,97.7693,11.8026,2.41076,5310.2,0
99.3133,3996.33,78.3381,11.16,3.94125,5071.53,0
99.9959,3978.68,83.7697,23.6965,3.91826,5213.39,0
100.683,3983.74,86.3518,38.6703,2.03394,5127.55,0
101.368,3973.28,68.1269,59.1289,3.79135,5196.12,0
102.059,3980.43,47.3805,45.6923,7.15956,5090.9,0
102.743,3990.96,58.0233,59.2195,2.92552,4954.54,0
103.439,4002.93,51.2263,51.1869,3.56384,4805.43,0
104.12,3976.28,80.2332,38.6439,2.98746,5029.91,0
104.8,3965.1,97.5449,31.7679,1.42324,5104.05,0
105.491,4000.02,71.2772,1.86371,3.85361,4739.52,0
106.176,3988.32,78.1005,-15.6838,3.319,4819.18,0
106.861,3975.86,72.8671,-6.76272,5.10399,4904.89,0
107.553,3964.38,86.3614,-15.0437,2.98542,4980.03,0
108.234,3928.41,96.9703,-8.96892,3.86585,5281.04,0
108.917,3925.93,83.0331,-20.5466,6.07094,5270.69,0
109.603,3929.18,77.0799,-25.5992,5.79374,5208.05,0
110.28,3932.19,77.0886,-30.9572,4.79255,5148.81,0
110.959,3934.99,68.4889,-37.4229,5.33164,5092.05,0
111.648,3944.19,62.7815,-51.5506,3.37484,4978.22,0
112.341,3936.52,83.257,-35.6742,1.58625,5015.85,0
113.026,3932.67,66.4717,-24.3046,5.54207,5019.47,0
113.72,3938.55,20.6789,-22.39,0.382835,4937.12,0
114.408,3891.94,7.63326,-22.5973,5.20321,5314.85,0
115.101,3881.63,26.2728,4.96518,5.10392,5372.46,0
115.786,3871.78,23.2812,17.7056,4.2104,5425.67,0
116.484,3875.2,-8.31787,23.622,4.84859,5363.83,0
117.173,3886.46,-2.5686,28.6049,2.95017,5236.17,0
117.857,3884.38,-14.5931,38.352,0.140008,5223.43,0
118.533,3909.73,-19.1326,23.8696,0.515678,4979.76,0
119.223,3915.33,8.4358,28.493,0.322611,4904.01,0
119.899,3897.8,9.64469,24.656,2.30446,5022.54,0
120.595,3914.46,0.559922,-2.742,5.77096,4855.39,0
121.274,3924.9,-15.1298,17.6561,0.700869,4742.14,0
121.953,3924.67,-17.0383,9.82153,1.38777,4717.67,0
122.641,3920.7,-4.88302,-4.57899,4.06697,4723.58,0
123.327,3943.33,14.6888,5.16201,0.642612,4513.78,0
124.01,3913.26,-0.785702,4.13497,4.8,4731.37,0
124.701,3933.01,11.5033,4.16265,1.55173,4546.83,0
125.385,3952.83,5.06984,-7.22016,0.797796,4363.97,0
126.075,3928.45,0.583842,9.21457,2.47524,4533.43,0
126.76,3944.09,-1.0264,-4.90162,2.05577,4385.53,0
127.446,3937.82,11.9104,-12.1514,0.222028,4411.16,0
128.132,3938.17,10.1624,-14.4413,0.0285962,4384.8,0
128.814,3936.05,7.00896,3.80061,1.99107,4378.03,0
129.499,3921.34,2.37644,-1.34524,4.07739,4468.45,0
130.19,3930.12,16.9079,8.2088,0.19261,4377.29,0
130.888,3946.59,-2.03323,-2.25409,1.97228,4228.08,0
131.577,3947.22,2.7103,-0.206991,1.91456,4201.17,0
132.258,3938.81,-0.396941,9.5249,1.30571,4243.14,0
132.941,3923.58,-8.35106,-4.0679,2.45048,4335.9,0
133.624,3905.75,-11.8085,-8.84834,2.75772,4447.21,0
134.307,3911.59,2.33158,13.5101,2.47807,4381.04,0
134.991,3920.98,4.49462,8.48394,2.59005,4289.33,0
135.674,3903.18,-8.95103,24.2183,0.444262,4398.96,0
136.355,3897.18,-18.2661,4.92209,2.35551,4420.98,0
137.03,3906.78,2.08788,-10.5526,3.32943,4329.12,0
137.725,3898.07,8.06236,-1.02233,4.33702,4370.53,0
138.403,3893.81,-5.05244,-6.15415,4.3766,4379.88,0
139.092,3869.28,-30.2893,-12.8999,0.22811,4534.58,0
139.774,3865.5,0.490326,-17.6674,3.82346,4539.47,0
140.455,3848.11,6.34136,-6.64002,6.25586,4641.25,0
141.15,3867.08,10.234,-0.0852598,4.10981,4483.98,0
141.833,3884.15,18.4656,-7.70084,0.745479,4342.1,0
142.52,3894.97,15.3745,-11.3994,0.169196,4245.2,0
143.21,3878.23,-5.12787,1.97747,4.20864,4341.64,0
143.891,3874.4,-5.23893,10.2486,2.86091,4347.75,0
144.559,3884.54,1.50965,1.38158,4.07595,4257.53,0
145.248,3916.82,-5.0616,-2.11167,0.932603,4015.09,0
145.924,3890.5,9.9693,-11.5856,0.699757,4176.84,0
146.603,3898.55,-1.9555,-3.8222,2.49897,4102.59,0
147.276,3903.83,0.894582,-12.6695,0.335806,4047.97,0
147.969,3880.45,-9.45031,6.7527,2.06699,4187.04,0
148.653,3867.99,-11.9609,15.6748,1.03806,4251.57,0
149.342,3868.24,-21.8639,-0.436219,0.44254,4230.31,0
150.023,3832.72,7.69323,-16.5924,3.77668,4447.82,0
150.712,3830.37,-7.39913,-18.4893,3.32799,4443.09,0
151.403,3832.12,-3.23146,-30.1159,0.394678,4411.25,0
152.08,3786.45,1.00604,-33.9972,1.77154,4691.92,0
152.765,3781.15,1.26132,-16.9183,6.41895,4705.62,0
153.452,3785.39,-11.1352,-20.8706,3.82823,4656.92,0
154.133,3783.83,-13.5019,-18.5026,3.74277,4646.45,0
154.815,3759.9,1.61218,-7.24588,9.91355,4780.54,0
155.497,3767.57,2.0337,-10.0593,6.84531,4710.29,0
156.191,3749.94,-3.16468,-11.4388,5.84628,4802.2,0
156.867,3754.02,5.48727,-4.15169,6.31177,4755.53,0
157.552,3763.3,0.391085,3.64782,6.46124,4675.9,0
158.234,3770.19,8.04324,19.3759,0.127338,4612.24,0
158.925,3745.47,11.3229,3.17692,4.36358,4747.71,0
159.609,3731.8,11.5689,-0.638516,4.66012,4813.01,0
160.3,3729.1,14.3161,-7.10735,2.96028,4809.1,0
160.976,3722.17,8.14897,-16.8032,2.13349,4831.93,0
161.663,3748.26,-3.148,-5.6914,5.10072,4650.07,0
162.355,3753.47,-5.0245,-5.82465,4.11884,4598.13,0
163.044,3758.56,3.84209,1.10487,4.84538,4547.47,0
163.731,3770.58,-9.51263,10.1582,0.778043,4455.01,0
164.42,3775.15,-1.13772,-4.05121,3.7017,4408.56,0
165.101,3754.96,-7.7242,8.72457,2.33169,4512.64,0
165.785,3714.06,12.9626,5.67317,2.94622,4740.71,0
166.482,3702.12,-12.0288,-10.2921,2.60129,4792.61,0
167.172,3703.86,-2.43823,-9.04651,5.42071,4762.44,0
167.853,3687.23,15.3641,-4.18323,2.78108,4842.16,0
168.538,3682.45,7.41622,-11.3422,3.5676,4850.82,0
169.222,3675.03,-6.14569,6.26609,6.04762,4875.05,0
169.913,3684.78,-2.80194,4.41361,6.41916,4797.84,0
170.585,3657.24,10.873,1.83772,3.73949,4940.38,0
171.271,3661.43,-2.28736,7.88764,2.76067,4896.17,0
171.95,3680.17,-4.09522,-6.97848,2.16575,4767.87,0
172.636,3692.42,-3.59963,-1.58553,3.6644,4677.96,0
173.327,3700.81,-1.80363,9.54531,0.615047,4610.9,0
174.012,3696.83,-2.02882,-9.14055,0.981611,4615.61,0
174.691,3716.1,-7.47718,6.35475,0.0912696,4487.37,0
175.378,3715.78,-0.560383,-2.70601,2.94601,4471.59,0
176.062,3736.54,-1.68926,1.22272,2.38394,4336.29,0
176.745,3735.62,0.522386,-1.86674,2.42493,4324.77,0
177.428,3704.71,5.3846,1.86065,2.0935,4482.31,0
178.128,3742.67,1.93129,-2.14468,1.34891,4251.61,0
178.82,3726.67,0.647466,0.357555,2.92964,4324.64,0
179.502,3712.71,-4.03665,-3.25564,1.85007,4385.99,0
180.175,3703.61,-6.21481,0.278442,1.66297,4420.1,0
180.863,3701.11,2.27363,-0.961166,3.33646,4417.09,0
181.542,3704.76,-1.45174,2.44245,3.11625,4380.5,0
182.232,3706.3,2.61058,-2.22712,2.89009,4355.41,0
182.917,3727.46,1.51302,-2.58278,2.14395,4223.47,0
183.608,3733.77,1.32218,-5.91366,0.640633,4173.18,0
184.279,3723.67,0.887593,-6.81577,0.718355,4212.79,0
184.962,3728.03,-3.07474,5.30008,0.698893,4173.67,0
185.648,3739.81,2.52006,-0.865929,1.50235,4094.81,0
186.343,3737.75,0.222269,2.59767,1.45824,4090.56,0
187.023,3736.72,0.866995,-3.82484,1.00384,4081.22,0
187.713,3727.88,-4.68534,-1.63867,0.96628,4113.31,0
188.406,3726.38,5.19188,1.50759,0.847231,4106.16,0
189.091,3737.39,-5.54774,-0.944547,0.325833,4033.03,0
189.78,3752.95,-0.519749,0.86532,1.22503,3936.4,0
190.464,3755.68,0.231074,0.338136,1.29336,3907.94,0
191.149,3752.98,0.716813,2.42511,0.686764,3908.04,0
191.829,3735.03,-4.80973,3.73027,0.162821,3987.76,0
192.513,3713.58,1.35067,-1.15964,2.76098,4085,0
193.199,3727.92,-1.62072,4.61096,0.845689,3996.32,0
193.887,3735.86,1.91278,-0.340923,1.58034,3941.19,0
194.571,3724.96,1.53198,-4.58013,0.947441,3983.31,0
195.258,3715.55,4.82276,2.12813,1.09728,4017.5,0
195.951,3733.3,-4.11789,1.57573,0.700947,3912.68,0
196.639,3714.23,-3.55129,4.28303,1.05215,3995.98,0
197.327,3690.59,0.4222,2.34187,3.37719,4101.87,0
198.004,3694.47,-2.57535,4.10861,1.90774,4068.23,0
198.695,3685.14,3.69132,5.98831,1.15216,4101.06,0
199.377,3693.07,7.0139,5.8059,0.133835,4047.24,0
200.062,3693.69,-4.78374,2.88725,1.69997,4030.31,0
200.737,3690.87,3.74988,-4.39497,1.5751,4030.78,0
201.418,3662.82,2.49011,8.23215,0.74025,4156.42,0
202.108,3661.35,3.36901,-5.47748,1.98075,4149.52,0
202.792,3680.67,0.532456,-8.81878,0.229324,4040.24,0
203.478,3664.99,-2.95867,-4.4886,2.1562,4103.66,0
204.155,3646.47,17.5934,-7.80217,2.2907,4180.8,0
204.828,3632.37,31.1183,-19.9761,6.29704,4235.89,0
205.514,3625.18,11.6993,-41.4177,8.00997,4256.75,0
206.206,3631.07,9.73753,-22.1389,5.79369,4213.89,0
206.882,3637.12,2.32422,-26.7493,2.87756,4170.88,0
207.562,3639.69,12.8821,-7.10031,1.51642,4144.83,0
208.242,3621.24,22.5853,-1.47131,8.56168,4219.9,0
208.922,3602.87,28.2254,8.98371,4.19181,4294.09,0
209.608,3578.83,33.2163,-8.57199,4.48244,4394.75,0
210.291,3576.7,43.4492,-2.7221,4.42753,4390.61,0
210.972,3571.4,70.0037,27.9259,2.51473,4401.55,0
211.658,3573.56,32.6056,34.3784,5.17054,4377.06,0
212.344,3556.99,29.0927,49.0136,1.38827,4440.96,0
213.034,3556.98,-0.578173,57.3471,0.571064,4426.6,0
213.715,3537.8,21.3981,47.8276,2.07813,4502.24,0
214.412,3515.58,22.8302,43.3244,9.31303,4591.26,0
215.094,3519.12,18.0362,38.8911,8.60423,4560.25,0
215.782,3512.28,29.8921,28.8894,3.90906,4577.41,0
216.481,3491.45,19.8753,-4.34649,8.64596,4658.83,0
216.689,3486.12,3.37147,-0.696105,17.1915,4678.94,3
