0.684885,4481.21,230.751,-1.45832,1.0716,27430.6,0
1.37119,4472.36,216.407,-11.9285,2.9002,20157.7,0
2.05382,4452.91,230.538,6.34015,3.9969,22926.9,0
2.7329,4450.65,265.381,32.7558,1.72227,18059.1,0
3.41281,4437.07,260.38,51.3175,3.23327,18440,0
4.09833,4444.28,245.767,38.6607,3.45133,13596.6,0
4.78763,4444.53,239.791,28.5597,3.5886,11586.5,0
5.4785,4470.83,218.056,32.1591,2.02976,5325.32,0
6.15979,4448.43,234.035,21.9462,3.43665,8371.71,0
6.84926,4442.4,214.671,11.237,5.46879,8409,0
7.53616,4442.13,212.081,-11.4015,5.28123,7678.52,0
8.22336,4415.72,209.658,-1.12576,7.4507,10248.3,0
8.90235,4420.35,206.876,-16.2779,6.36014,8946.82,0
9.5948,4443.33,198.55,-35.0454,3.79618,5906.36,0
10.2843,4445.98,215.012,-45.002,2.14052,5252.23,0
10.9626,4437.91,201.024,-37.3094,4.03188,5663.58,0
11.6389,4427.42,196.043,-51.8946,4.83993,6236.19,0
12.3274,4417.34,174.724,-43.9239,6.96926,6705.15,0
13.0152,4409.06,143.472,-66.2796,8.38724,6987.46,0
13.6918,4388.08,141.104,-64.3134,8.9443,8174.49,0
14.3749,4371.25,143.846,-52.4693,9.13864,8956.6,0
15.0586,4340.62,137.044,-41.621,10.3134,10583.8,0
15.7594,4342.62,134.586,-44.2878,8.32704,9986.11,0
16.4449,4342.31,138.044,-45.2835,6.65557,9588.81,0
17.1364,4372.48,147.55,-49.0111,2.19471,7441.65,0
17.8224,4367.92,119.914,-55.1214,4.55957,7411.14,0
18.5125,4396.12,114.615,-80.0621,0.709227,5611.48,0
19.193,4385.42,94.5585,-81.6393,2.89571,5969.97,0
19.8732,4386.25,94.0171,-118.323,0.612196,5723.73,0
20.5547,4400.9,87.4081,-76.8026,1.86779,4821.07,0
21.232,4376.64,81.3546,-73.1473,4.60682,5810.31,0
21.913,4372.63,68.6186,-63.3683,5.80469,5812.41,0
22.584,4361.34,84.4864,-68.9081,5.20166,6139.86,0
23.2703,4377.7,90.2046,-62.806,3.29581,5255.73,0
23.9503,4364.81,103.511,-58.4366,3.79825,5644.47,0
24.6303,4380.18,89.2615,-23.0203,4.23273,4864.59,0
25.3173,4375.77,74.2649,-42.8256,4.77266,4906.88,0
25.9979,4375.6,71.5882,-26.2279,5.19856,4785.06,0
26.6888,4352.47,68.1305,-21.2938,6.99345,5527.71,0
27.3711,4362.4,77.0188,-30.5651,4.47713,5027.26,0
28.0542,4378.54,67.4036,-14.5277,3.90091,4329.62,0
28.743,4411.35,57.516,-12.8337,1.34694,3084.39,0
29.4284,4388.35,60.2735,-16.2664,3.35606,3794.06,0
30.1168,4403.54,77.0151,-2.60354,0.747105,3202.83,0
30.7997,4403.21,44.6768,-43.1676,1.90909,3142.61,0
31.4789,4398.01,40.2871,-42.6466,2.6494,3239.89,0
32.1607,4399.57,14.4338,-62.2198,2.07893,3122.8,0
32.848,4374.9,18.6594,-71.5956,3.56233,3808.46,0
33.5411,4372.88,-5.8026,-86.2854,2.60063,3789.85,0
34.2246,4379.51,16.7104,-74.2468,2.7241,3520.47,0
34.9117,4418.04,-10.3853,-35.7747,1.91628,2347.71,0
35.6028,4399.96,-19.7164,-13.0779,4.60001,2809.99,0
36.2946,4392.9,-45.5807,-9.86115,3.30093,2950.86,0
36.9725,4386.97,-49.8235,-35.4391,2.63759,3057.08,0
37.6596,4378.08,-49.2684,-41.1254,3.04532,3237.33,0
38.338,4382.96,-66.4321,-53.7671,0.744289,3052.93,0
39.0178,4367.92,-65.9574,-42.8784,2.62691,3385.14,0
39.7132,4379.92,-75.6844,-26.8444,1.28395,3023.8,0
40.4015,4376.14,-75.4644,-0.298239,2.0298,3065.82,0
41.0955,4389.95,-61.4784,-11.4645,1.61973,2677.92,0
41.7724,4389.88,-78.5465,-11.9614,0.350013,2636.16,0
42.4535,4386.9,-67.3348,12.9494,1.49288,2663.97,0
43.1336,4374.26,-66.7678,10.1114,2.72261,2915.12,0
43.8205,4416.77,-36.3,-11.6711,0.812778,1899.26,0
44.5056,4416.93,3.05588,11.0162,2.70013,1866.51,0
45.1891,4399.79,-19.4277,-10.5792,3.35691,2217.56,0
45.8787,4396.48,-21.7699,7.44823,3.49924,2256.3,0
46.5688,4372.66,-8.74118,27.3528,4.94312,2734.47,0
47.2593,4356.39,-16.8973,54.2813,3.79332,3038.72,0
47.945,4364.23,-15.2018,25.0114,5.05993,2831.72,0
48.6216,4383.86,3.3599,26.9458,3.08271,2388.7,0
49.3159,4389.52,13.0686,43.7606,0.989858,2240.35,0
50.0046,4382.64,2.67724,48.8285,1.42301,2346.99,0
50.7062,4353.66,-34.7829,74.9817,1.48441,2885.96,0
51.3997,4358.1,-39.7428,36.7289,3.2139,2760.8,0
52.0796,4330.41,-54.3682,26.6414,4.97857,3256.35,0
52.7532,4339.53,-59.3284,41.1235,2.87244,3041.88,0
53.4343,4326.11,-43.6206,18.0782,5.98365,3254.26,0
54.1153,4307.28,-60.9353,26.0693,5.36625,3561.21,0
54.8049,4294.2,-51.7095,34.3133,6.2389,3755.2,0
55.4892,4291.29,-58.2545,58.567,4.15823,3761.35,0
56.1632,4296.55,-97.698,48.3061,1.09412,3622.52,0
56.849,4273.93,-86.7884,85.8998,2.03419,3976.64,0
57.5363,4305.79,-89.6277,27.1256,1.42368,3375.39,0
58.2253,4327.46,-65.5897,21.871,1.43031,2963.23,0
58.8951,4309.67,-60.1752,8.64453,3.72161,3231.74,0
59.5707,4299.43,-49.8731,18.3931,4.9784,3366.92,0
60.2534,4301.52,-62.5514,-0.704917,3.39586,3294.05,0
60.9297,4315.35,-54.5018,-1.78904,2.70492,3030.56,0
61.6162,4320.67,-23.8851,11.1111,4.39287,2910.39,0
62.3015,4336.1,-24.7061,35.2965,1.34505,2630.72,0
62.9724,4312.05,-58.0392,33.6139,1.54974,2984.67,0
63.6552,4284.7,-83.2682,28.5972,2.29626,3382.22,0
64.3321,4291.42,-75.7126,29.6783,2.18708,3242.29,0
65.0145,4269.22,-81.162,-2.34784,4.24354,3549.69,0
65.6889,4302.5,-80.3134,-14.0667,0.751596,3006.55,0
66.3755,4266.23,-82.1755,-13.643,3.96969,3521.91,0
67.0643,4263.55,-87.8481,-39.9985,2.72915,3525.78,0
67.7431,4265.14,-66.861,-35.2664,4.54652,3466.94,0
68.4266,4280.75,-67.8833,-37.7164,2.71135,3204.15,0
69.1229,4285.95,-54.2098,-49.5029,2.52489,3096.67,0
69.7973,4309.42,-37.7981,-48.1801,1.30671,2730.44,0
70.4946,4289.42,-35.5738,-50.8563,3.02538,2987.2,0
71.1732,4269.69,-36.5324,-53.9857,4.57667,3235.89,0
71.8591,4274.94,-41.0079,-64.8321,2.83578,3131.94,0
72.5535,4297.12,-29.4615,-52.0346,2.18099,2796.28,0
73.2338,4305.56,-17.7765,-68.108,0.380559,2655.07,0
73.927,4325.41,-35.8521,-19.021,1.16061,2361.71,0
74.6164,4292.54,-55.7552,-15.5602,2.76059,2780.33,0
75.3057,4300.27,-54.9753,-5.7006,2.27637,2652.22,0
75.9952,4298.18,-66.0015,-37.199,0.608202,2655.67,0
76.6776,4307.3,-54.9885,-27.8572,1.00513,2513.18,0
77.3705,4299.13,-20.0443,-38.0974,3.48667,2596.16,0
78.0592,4274.99,-46.0843,-43.5749,3.67227,2882.5,0
78.7361,4273.03,-33.8304,-35.2372,4.98919,2882.64,0
79.4253,4309.89,-36.403,-30.6429,1.32927,2393.57,0
80.1207,4278.45,-58.6016,3.91047,3.1863,2765.15,0
80.8035,4269.59,-54.6321,8.36599,4.1041,2851.51,0
81.4884,4266.17,-60.6864,20.2823,3.40823,2869.52,0
82.1686,4302.87,-45.9795,19.6832,1.13631,2399.08,0
82.8648,4301.22,-28.594,42.2256,1.2042,2398.8,0
83.5394,4302.18,-6.48428,49.504,1.16066,2368.04,0
84.2206,4290.08,-5.70942,49.0558,2.32912,2492.51,0
84.9055,4299.25,-18.25,55.9028,0.525608,2364.37,0
85.5985,4278.34,-5.34032,63.1633,1.94713,2589.57,0
86.2803,4269.17,7.72829,63.9244,2.6586,2675.33,0
86.9768,4286.87,6.56078,49.9724,2.26994,2450.46,0
87.6566,4281.5,33.9381,44.2676,2.21127,2492.67,0
88.3261,4273.56,50.1334,12.1903,3.312,2563.68,0
89.0126,4282.67,59.3952,20.4043,1.32106,2441.57,0
89.6973,4251,52.8994,13.8919,5.13046,2776.05,0
90.397,4228.91,57.7349,15.4269,6.04984,2998.86,0
91.0872,4234.16,73.0347,1.86612,3.8314,2918.57,0
91.7706,4250.68,71.8773,7.27385,2.23499,2716.72,0
92.4607,4255.87,57.4156,18.2969,2.72149,2640.32,0
93.1528,4245.26,41.9055,19.9177,5.04879,2734.66,0
93.8386,4255.36,65.7843,31.2406,1.17441,2607.07,0
94.5299,4247.22,72.6915,39.3891,0.895903,2674.11,0
95.2163,4257.93,49.6783,43.7295,1.36511,2542.31,0
95.8981,4239.62,22.8047,47.1727,4.32648,2715.22,0
96.5859,4243.99,44.4851,22.6646,3.88266,2650.63,0
97.2775,4262.94,43.8761,50.4529,0.368303,2436.93,0
97.9639,4245.96,36.4214,61.1073,1.47422,2593.16,0
98.631,4240.24,29.4864,37.3162,4.24196,2633.61,0
99.3147,4232.74,15.4227,36.581,5.14314,2691.01,0
100.001,4229.47,32.2806,31.3014,4.49053,2705.25,0
100.688,4230.22,13.1203,-1.88106,7.07521,2679.35,0
101.366,4227.63,0.364563,6.50821,6.96829,2687.02,0
102.05,4211,18.3844,-12.5021,6.06741,2831.96,0
102.732,4248.46,39.9074,-13.8648,0.279085,2448.49,0
103.417,4204.93,60.6266,-8.14532,2.29935,2853.2,0
104.099,4217.62,55.6684,-31.9044,0.660174,2712.58,0
104.789,4181.84,67.0836,-27.8822,3.07087,3036.25,0
105.462,4177.85,76.0629,-58.553,0.64834,3054.68,0
106.151,4153.3,70.7572,-66.5365,2.85496,3266.07,0
106.844,4151.58,74.2139,-78.9442,1.50482,3261.06,0
107.54,4137.44,75.5471,-74.9076,3.10435,3371.41,0
108.225,4156.08,66.8063,-60.9933,3.15562,3177.79,0
108.899,4130.96,62.8529,-44.1406,6.82866,3388.83,0
109.589,4140.22,89.2274,-48.9985,2.48036,3282.96,0
110.266,4145.72,77.5228,-33.8897,4.07808,3212.91,0
110.957,4129.53,68.2594,-34.4418,5.94065,3338.87,0
111.637,4123.6,74.8573,-39.5713,4.80712,3371.6,0
112.317,4105.99,69.901,-46.9896,5.95097,3507.99,0
113.008,4102.82,54.559,-32.3058,7.65006,3514.65,0
113.691,4104.62,59.2156,-35.2852,5.93381,3477.72,0
114.377,4111.16,66.1635,-43.3483,3.53202,3399.67,0
115.072,4114.88,71.074,-57.6417,1.40487,3346.78,0
115.755,4085.5,73.0532,-62.2218,3.479,3580.84,0
116.435,4075.49,64.4556,-71.2265,4.1261,3645.88,0
117.118,4075.49,49.0091,-62.8073,6.11214,3624.62,0
117.801,4080.37,45.149,-81.13,3.4674,3562.14,0
118.479,4082.14,24.4591,-89.7059,3.14163,3526.85,0
119.176,4079.28,19.5806,-83.854,4.19607,3530.24,0
119.861,4109.92,2.38422,-82.9382,1.6612,3254.42,0
120.546,4102.84,23.5492,-90.0025,0.918805,3294.67,0
121.224,4099.58,30.8527,-69.7357,3.31732,3303.15,0
121.914,4094.05,5.58963,-84.4579,2.56278,3329.8,0
122.585,4081.88,6.92546,-68.2833,5.55737,3410.86,0
123.274,4069.8,11.1213,-69.7485,5.76286,3489.78,0
123.95,4073.43,12.3756,-62.9402,5.91782,3441.51,0
124.629,4069.47,17.7965,-63.5232,5.52738,3454.47,0
125.311,4075.67,29.6628,-54.6903,5.05416,3386.24,0
126.001,4070.41,39.7863,-51.1548,4.60233,3409.41,0
126.694,4063.52,20.3502,-72.0066,3.84556,3445.12,0
127.375,4060.47,15.8245,-79.7089,2.86631,3450.66,0
128.066,4049.92,12.3514,-64.9851,5.60218,3514.44,0
128.75,4053.32,39.116,-68.7319,3.01294,3469.32,0
129.438,4046.23,38.1758,-60.5545,4.41053,3505.73,0
130.125,4048.79,12.392,-71.8059,3.56921,3467.56,0
130.805,4047.27,19.802,-71.7164,3.21536,3461.12,0
131.493,4049.1,33.6978,-44.8179,5.3848,3429.1,0
132.185,4027.83,49.4149,-43.7907,4.93262,3572,0
132.868,4018.39,77.3254,-35.7489,2.4126,3624.7,0
133.561,4020.72,79.1215,-47.4198,0.927705,3588.46,0
134.243,4040.83,56.7024,-29.5625,3.52407,3420.44,0
134.94,4049.92,43.0253,-50.427,2.24945,3335.4,0
135.627,4040.18,53.4018,-48.1101,2.00827,3390.37,0
136.309,4054.15,34.0196,-58.2087,1.39959,3270.86,0
136.99,4058.02,35.568,-41.3509,2.90977,3226.4,0
137.677,4036.14,49.397,-62.2032,0.942759,3369.22,0
138.358,4011.29,16.5873,-56.8773,6.24092,3532.23,0
139.044,4019.4,0.204253,-62.9647,4.36414,3456.49,0
139.728,4006.38,8.43931,-63.2441,4.98379,3532.71,0
140.418,3983.01,-0.587351,-56.9091,7.55164,3681.8,0
141.105,3996.74,-1.87376,-38.7336,7.66355,3566.59,0
141.798,3996.92,35.3497,-69.9208,0.570401,3547.9,0
142.48,3967.09,4.12731,-46.3726,8.51276,3740.25,0
143.173,3975.26,10.934,-36.2096,7.75814,3665.1,0
143.853,3960.21,2.95992,-54.3237,5.06083,3752.33,0
144.546,3985.3,-3.924,-52.4798,2.90248,3560.81,0
145.227,3994.64,-5.88096,-46.1536,3.02399,3479.8,0
145.913,4000.91,-10.9559,-57.7497,0.298785,3420.45,0
146.596,4009.59,-15.7891,-39.9663,2.22233,3345.36,0
147.28,4004.11,18.9487,-24.2929,4.4358,3366.99,0
147.962,3991.87,24.6345,-45.6563,1.71493,3434.2,0
148.637,4018.9,-2.68194,-29.584,2.74733,3236.74,0
149.324,4008.58,-23.0431,-17.245,3.60237,3290.94,0
150.001,4017.5,-34.2404,-9.08395,1.76475,3216.63,0
150.687,4013.93,-29.2992,11.1495,2.73155,3225.68,0
151.374,3998.02,-22.1027,-3.99424,5.40376,3316.2,0
152.059,3990.02,-34.3731,-34.926,1.26867,3353.81,0
152.747,3977.75,-42.7349,-23.5817,2.28628,3419.05,0
153.432,3977.82,-30.4323,-35.8199,2.58918,3403.31,0
154.119,3982.04,-35.6074,-26.9116,2.62722,3360.81,0
154.801,3978.07,-21.2322,-20.5249,5.27832,3371.65,0
155.483,3954.82,7.30241,-50.7085,2.84938,3506.37,0
156.175,3955.03,-29.8699,-39.9825,2.78448,3489.49,0
156.86,3952.75,-31.5783,-35.8001,3.26239,3488.77,0
157.541,3937.87,15.05,-54.7095,2.66596,3568.14,0
158.221,3951.67,12.1601,-52.7108,1.99336,3465.57,0
158.914,3954.72,22.1453,-52.9651,1.08393,3431.29,0
159.601,3966.36,32.8486,-30.73,2.37115,3343.57,0
160.279,3945.08,48.6346,-23.9378,2.28214,3462.21,0
160.975,3901,45.4115,-47.99,3.41676,3721.06,0
161.648,3877.54,30.2853,-80.7321,0.546032,3850.7,0
162.321,3907.95,14.8156,-60.1588,3.46632,3647.42,0
163.004,3906.41,29.0654,-56.618,3.01063,3641.57,0
163.699,3922.34,30.2502,-29.6588,5.85581,3528.78,0
164.382,3919.62,16.1721,-31.9264,6.03621,3530.7,0
165.062,3934.78,19.1958,-44.1721,1.82821,3424.3,0
165.758,3947.99,14.4869,-32.7258,3.0869,3330.24,0
166.443,3967.25,15.1186,-30.8274,1.77874,3200.82,0
167.138,3951.57,17.6381,-24.3239,3.60326,3281.33,0
167.82,3970.53,5.29143,-14.7887,4.53825,3155,0
168.504,3987.97,-11.4299,-19.2434,1.90801,3038.67,0
169.197,3978.57,-11.7058,-15.501,3.16359,3081.79,0
169.875,3980.82,3.94277,-11.7414,4.02918,3056.24,0
170.558,3998.59,-1.18861,-0.245242,4.33273,2939.82,0
171.241,3959.24,-5.48529,-15.2768,4.60036,3157.88,0
171.92,3964.4,-11.9546,-20.1288,2.68904,3115.39,0
172.61,3945.86,-8.49604,-20.634,4.29106,3210.36,0
173.296,3953.82,23.8066,-24.2615,1.44762,3151.69,0
173.974,3965.94,26.6087,-6.53691,1.69195,3069.76,0
174.653,3948.26,5.45192,-5.65825,6.11243,3159.07,0
175.339,3958.58,9.76583,2.9244,4.46803,3087.83,0
176.021,3971.09,-1.6815,-15.4911,2.34462,3004.81,0
176.714,3969.56,-3.55345,-18.7546,1.7431,3001.68,0
177.402,3956.2,-10.4651,-27.9422,0.871386,3065.36,0
178.088,3933.98,-27.7389,-2.72387,2.94897,3178.31,0
178.767,3921.68,0.145413,27.785,3.74033,3235.03,0
179.448,3920.22,2.37665,34.9414,2.18335,3230.92,0
180.13,3934.65,14.2211,18.8963,3.21116,3138.57,0
180.81,3926.85,21.0191,16.1795,3.02331,3169.89,0
181.497,3925.8,18.0938,12.8106,3.81358,3163.69,0
182.185,3938.69,4.23049,14.8173,3.94777,3080.98,0
182.87,3949.79,5.73771,-9.93265,3.70572,3008.76,0
183.556,3955.04,20.5732,-6.47795,1.41222,2968.93,0
184.235,3938.5,20.7503,14.4072,2.02851,3047.76,0
184.918,3912.99,20.2907,22.0469,3.13308,3174.45,0
185.604,3904.54,21.4981,3.14984,5.20094,3208.26,0
186.289,3909.86,37.6096,8.34446,1.34013,3167.88,0
186.978,3921.17,16.4031,5.14682,4.73245,3095.73,0
187.667,3925.32,7.04235,-14.5265,4.25084,3062.23,0
188.355,3917,8.09,-16.8243,4.12413,3095.24,0
189.024,3957.12,0.314749,-14.9188,1.52233,2872.01,0
189.715,3947.64,-4.36362,-5.47349,3.51595,2911.53,0
190.399,3944.28,7.26115,-17.5932,1.43123,2918.69,0
191.088,3946.39,15.9835,10.5167,1.10796,2897.14,0
191.774,3920.43,9.50507,7.57365,4.34369,3022.14,0
192.454,3877.82,21.4653,6.5239,4.9308,3232.86,0
193.138,3866.1,-0.772218,1.40366,9.47517,3282.12,0
193.821,3864.6,-5.9615,21.7832,3.6837,3278.3,0
194.505,3863.94,9.44228,4.02294,6.33563,3270.17,0
195.178,3880.67,3.6615,-2.46328,5.74626,3173.14,0
195.85,3904.06,13.7047,-6.38012,1.68799,3042.84,0
196.523,3889.69,6.49468,-2.54373,4.10289,3105.54,0
197.205,3888.72,11.8472,4.18865,2.79248,3099.71,0
197.878,3906.88,-16.0925,-6.61187,0.459734,2997.4,0
198.562,3908.03,-7.33311,-3.9571,2.11483,2981.29,0
199.244,3918.62,-4.02511,10.2549,0.817333,2917.91,0
199.932,3854.79,-18.4479,13.8147,2.76847,3227.16,0
200.612,3841.62,-11.1974,-27.8009,1.76039,3281.87,0
201.294,3828.53,6.6362,-24.2733,3.69734,3335.75,0
201.971,3802.53,8.18375,-15.8928,7.21881,3453.33,0
202.653,3802.33,4.83467,-6.25844,8.85609,3442.68,0
203.34,3825.44,24.1495,-7.32405,1.68278,3317.42,0
204.022,3840.68,7.61743,-2.82461,4.93655,3231.63,0
204.713,3823.31,25.4813,-11.0474,0.709715,3305.58,0
205.402,3805.5,7.95809,16.8595,4.35858,3381.16,0
206.083,3806.3,-8.61882,11.5418,5.18294,3366.12,0
206.771,3835.71,-9.94306,1.35954,4.30128,3212.69,0
207.457,3827.01,5.48906,-6.79388,4.94266,3244.01,0
208.136,3827.61,1.21702,-25.2551,0.461824,3230.54,0
208.822,3839.62,11.7868,4.7311,2.78964,3162.4,0
209.504,3833.18,5.45924,-5.0291,4.39968,3182.85,0
210.187,3827.46,7.39334,-3.34817,4.30026,3199.73,0
210.877,3810.44,-0.973008,0.625162,7.01752,3269.95,0
211.554,3795.22,11.9529,-22.9378,0.684166,3331.46,0
212.245,3779.07,13.223,-17.0251,2.58444,3396.7,0
212.933,3787.46,16.3877,11.2695,2.42955,3346.29,0
213.606,3798.33,13.8905,-11.9919,2.1538,3284.89,0
214.295,3779.66,8.71016,-19.3809,2.43423,3361.47,0
214.965,3775.94,0.754365,-4.8048,7.91396,3368.25,0
215.652,3758.98,-24.1118,0.245987,2.03486,3436.19,0
216.334,3735.28,-9.2377,4.69648,7.12762,3534.91,0
217.021,3722.46,-25.7911,5.3078,1.54862,3582.77,0
217.718,3721.27,-15.8977,-10.8322,4.67886,3576.78,0
218.398,3731.38,-22.9211,-8.92612,1.84026,3519.34,0
219.077,3746.98,-10.0381,-11.7459,4.1841,3437.24,0
219.759,3736.43,-19.9308,6.72703,2.39701,3474.56,0
220.445,3756.66,-11.5454,7.48546,3.8816,3372,0
221.141,3745.37,11.0921,-12.4233,3.26442,3412.41,0
221.832,3763.84,12.445,1.09213,3.32125,3318.54,0
222.529,3756.4,15.6192,-14.0006,0.960502,3341.58,0
223.198,3762.58,11.8775,-17.9611,0.320071,3303.88,0
223.889,3793.57,3.91946,-13.5266,1.1032,3155.27,0
224.572,3800.27,15.1416,-1.63566,0.38216,3115.85,0
225.25,3795.14,-6.4625,-5.22409,2.65793,3129.22,0
225.935,3774.54,2.3151,3.5061,5.05352,3210.91,0
226.616,3752.96,4.9026,-8.58118,3.9909,3296.49,0
227.296,3734.14,9.97621,-19.7507,0.497322,3369.45,0
227.985,3739.41,1.11746,-13.8428,3.28096,3336.14,0
228.668,3751.19,4.9712,3.68617,5.24242,3274.66,0
229.345,3750.77,4.64964,16.7412,1.00594,3266.81,0
230.033,3731.27,-13.3672,3.98789,3.34679,3341.85,0
230.713,3738.63,1.70519,-0.751292,6.9801,3300.06,0
231.402,3740.63,-3.28413,-18.9006,0.248849,3281.62,0
232.102,3726.31,8.65301,2.11117,4.36744,3333.41,0
232.78,3721.6,3.37733,10.2135,3.75037,3343.9,0
233.469,3718.27,-0.711461,-9.4663,4.23557,3348.33,0
234.151,3734.54,14.3392,11.9955,0.0712258,3269.1,0
234.836,3742.12,14.0411,-2.07758,1.38241,3227.26,0
235.511,3743.64,2.70471,-0.223459,5.1953,3211.56,0
236.201,3729.39,-15.345,2.7167,1.06719,3262.54,0
236.887,3727.21,-2.10464,-2.28482,5.90482,3262.25,0
237.569,3717.17,9.60038,4.75421,3.39742,3295.14,0
238.254,3720.56,-6.87873,-1.79556,4.50933,3271.47,0
238.948,3704.99,9.13257,16.5674,0.114772,3327.13,0
239.633,3692.86,-14.4329,-11.9198,0.288943,3368.24,0
240.317,3693.61,-10.2266,2.88278,3.93728,3355.52,0
241,3694.05,-14.4961,-8.87413,0.425021,3344.18,0
241.682,3680,14.8324,3.78723,1.5915,3392.9,0
242.367,3658.2,3.74254,9.88474,4.26019,3473.23,0
243.054,3638.03,-1.14668,9.72578,10.2072,3546.42,0
243.745,3654.58,-1.44922,9.37742,5.54325,3468.46,0
244.434,3648.75,4.908,7.15379,7.31332,3482.52,0
245.118,3653.04,28.7066,4.3002,0.283489,3455.33,0
245.792,3654.03,15.4879,-27.2848,0.625172,3441.8,0
246.48,3658.74,7.97806,-19.3242,5.94127,3413.11,0
247.161,3659.94,19.3789,1.94106,6.28985,3398.86,0
247.852,3659.16,17.5469,8.03404,5.66746,3392.5,0
248.54,3647.95,19.3791,19.1234,2.07608,3428.23,0
249.217,3642.72,13.0562,27.6809,4.99984,3439.88,0
249.91,3631.08,-0.0369901,46.3828,8.11623,3476.94,0
250.6,3644.41,-11.034,18.8054,3.25569,3414.17,0
251.289,3663.76,4.08927,5.49002,7.19528,3327.8,0
251.98,3665.68,3.72644,1.66676,7.46059,3311.07,0
252.665,3682.61,7.52457,0.108201,4.75147,3235.07,0
253.35,3687.54,-12.5434,0.302104,2.07769,3206.86,0
254.031,3701.7,7.25212,-10.7702,1.07316,3142.54,0
254.724,3701.74,7.29792,2.45999,3.36356,3133.83,0
255.407,3679.16,-7.77997,9.94695,1.67669,3213.86,0
256.087,3703.18,-0.748271,-5.34387,3.93461,3111.51,0
256.771,3647.53,-6.67665,-8.49809,3.98131,3319.97,0
257.46,3634.41,-26.2731,1.91297,9.15469,3362.05,0
258.149,3646.86,-33.7779,-4.14859,2.77035,3304.84,0
258.837,3635.94,-26.2118,-19.2242,6.67473,3338.24,0
259.524,3643.9,-12.8045,-19.5339,2.33275,3298.75,0
260.216,3638.54,-35.2389,-23.9282,3.73488,3310.58,0
260.893,3647.14,-6.54121,-35.0676,0.643147,3269.01,0
261.575,3635.72,-2.41341,-30.1893,5.114,3304.15,0
262.251,3637.83,-7.22646,-9.07174,4.5595,3287.56,0
262.926,3607.95,-1.16636,-8.00976,5.45962,3392.77,0
263.613,3598.7,-6.90799,-13.1208,9.54398,3419.04,0
264.291,3607.91,6.80243,-20.3477,3.99692,3375.4,0
264.973,3606.83,-7.79349,-40.9598,3.337,3370.79,0
265.657,3597.82,-31.3987,-27.3148,7.49953,3396.02,0
266.342,3594.14,-32.7999,-39.848,7.54312,3401.12,0
267.031,3602.87,-12.3279,-48.4616,3.07545,3359.63,0
267.718,3601.4,-24.7721,-77.3319,0.546818,3356.5,0
268.408,3588.2,-16.246,-81.4774,5.50131,3397.07,0
269.089,3567.91,-17.5111,-65.8084,5.2084,3463.87,0
269.771,3547.24,-5.98328,-67.3539,4.86435,3531.74,0
270.462,3537.32,10.7907,-58.4075,1.62805,3559.38,0
271.151,3525.78,21.371,-40.6053,3.24715,3592.93,0
271.825,3510.67,25.7135,18.3376,3.47405,3639.58,0
272.445,3484.46,4.00044,0.15547,4.04921,3727.5,0
