0.698285,4469.34,204.057,236.726,2.64217,43901.5,0
1.38375,4464.78,219.93,258.983,1.4424,25454.6,0
2.07903,4455.97,228.022,290.044,0.685421,21179.8,0
2.76734,4432.21,250.919,281.465,3.0028,24494.9,0
3.44942,4428.96,239.319,305.076,2.61355,20594.1,0
4.13141,4427.67,248.215,320.985,1.56349,17506.2,0
4.81829,4426.25,261.011,296.062,2.39303,15306.9,0
5.49844,4426.05,256.946,280.237,3.21545,13448.5,0
6.17352,4413.22,250.417,268.958,5.46385,14056,0
6.85546,4415.16,249.195,288.367,3.88628,12374.9,0
7.53988,4423.97,246.27,295.564,2.39822,10084.2,0
8.22912,4411.89,254.936,339.497,1.51784,10707.4,0
8.91183,4396.06,260.781,342.337,3.14537,11663.3,0
9.59167,4387.75,288.031,346.735,2.95368,11702.9,0
10.2665,4411.5,287.309,316.826,1.19977,8620.05,0
10.9455,4407.67,284.773,321.274,1.46463,8435.28,0
11.6306,4390.07,304.988,354.673,1.50367,9451.87,0
12.3206,4389.99,285.08,371.592,1.46373,8929.11,0
12.9998,4364.84,311.102,360.276,4.2091,10397,0
13.6869,4371.22,316.963,369.117,2.72701,9408.81,0
14.372,4375.42,319.598,341.475,3.06372,8668,0
15.0648,4385.16,318.546,347.557,1.39528,7622.85,0
15.7404,4382.5,334.706,374.234,0.0588187,7464.87,0
16.422,4350.81,346.793,377.072,3.67287,9084.81,0
17.1093,4375.31,340.085,370.445,0.782011,7287.87,0
17.7961,4353.09,330.089,394.101,3.09913,8255.29,0
18.4795,4345.08,343.497,381.455,3.87984,8383.35,0
19.1677,4347.27,332.582,383.344,3.59985,7968.24,0
19.8537,4324.57,329.095,397.644,5.80214,8836.06,0
20.545,4336.77,328.864,424.793,2.81414,7945.18,0
21.2312,4355.31,336.341,407.424,0.740446,6814.98,0
21.9234,4326.26,318.194,430.524,4.10719,7924.77,0
22.6103,4334.71,330.949,434.345,2.22035,7310.39,0
23.2969,4319.98,348.328,426.906,3.8832,7727.02,0
23.9798,4318.14,350.006,445.68,3.08645,7583.79,0
24.6713,4324.84,393.871,422.866,1.5553,7099.72,0
25.3513,4296.72,406.058,430.097,4.61841,8018.37,0
26.0385,4286.38,409.564,455.025,4.64465,8204.18,0
26.7174,4261.55,431.805,449.101,7.13214,8924.81,0
27.4081,4253.68,436.427,451.11,6.6267,8987.24,0
28.0929,4239.97,423.328,450.587,7.96732,9256.02,0
28.7709,4235.38,437.541,476.579,6.50889,9197.58,0
29.4559,4229.27,449.46,464.882,6.47374,9191.02,0
30.1403,4210.07,440.797,474.168,7.69752,9619.3,0
30.8231,4215.48,431.929,474.298,6.30199,9230.91,0
31.5056,4203.15,427.094,474.567,7.07558,9422.02,0
32.1828,4222.05,408.382,484.471,4.06343,8636.54,0
32.8635,4223.72,404.973,478.327,3.72281,8406.77,0
33.5426,4253.88,388.834,465.106,0.269667,7337.58,0
34.2241,4237.27,424.73,488.354,0.850768,7676.76,0
34.9033,4240.13,428.968,470.918,0.85508,7445.47,0
35.5846,4238.46,439.417,446.218,1.5207,7349.92,0
36.2769,4240.07,452.755,457.559,0.540646,7165.25,0
36.954,4232.39,429.764,420.018,3.48425,7241.82,0
37.6364,4226.52,414.988,408.96,4.78055,7266.46,0
38.3184,4237.32,434.295,418.712,2.10348,6855.24,0
39.003,4258.84,422.449,399.439,0.117977,6183.02,0
39.6754,4252.39,416.173,366.473,2.42188,6240.94,0
40.3648,4235.28,430.58,375.913,3.82178,6558.31,0
41.0493,4252.05,414.948,362.916,2.35068,6040.33,0
41.7274,4254.02,433.089,325.042,2.5422,5895,0
42.4118,4270.13,453.075,302.357,0.081154,5419.86,0
43.0915,4228.56,465.522,329.867,4.55945,6299.17,0
43.7766,4229.57,457.568,327.575,4.32917,6177.51,0
44.4615,4256.92,455.71,304.273,1.15864,5467.31,0
45.1576,4247.9,443.62,320.404,2.3509,5582.64,0
45.8343,4247.93,460.221,309.765,1.92995,5499.61,0
46.5212,4232.76,445.692,292.746,5.17177,5744.56,0
47.199,4228.85,445.083,312.088,4.74354,5744.78,0
47.8833,4223.26,429.017,337.164,4.91678,5779.56,0
48.5663,4229.06,413.572,327.591,4.76257,5578.79,0
49.2424,4244.74,412.446,327.995,2.38722,5183.85,0
49.919,4242.47,413.311,308.724,3.30137,5159.01,0
50.6042,4257.62,417.531,334.349,0.0156241,4789.79,0
51.2864,4256.67,387.954,311.551,2.37939,4744.51,0
51.9671,4232.94,405.419,318.155,4.55492,5139.11,0
52.6604,4230.7,415.032,329.625,3.72898,5113.92,0
53.3527,4209.85,403.34,325.476,6.6135,5438.29,0
54.0337,4230.33,412.165,363.582,1.41416,4990.8,0
54.7285,4231.97,417.001,344.022,1.69984,4897.36,0
55.4083,4203.92,434.847,360.969,4.21117,5343.58,0
56.094,4239.73,417.743,345.2,0.273124,4639.84,0
56.7771,4209.09,421.665,343.227,4.54169,5123.66,0
57.4639,4206.64,414.891,330.737,5.15685,5105.06,0
58.1484,4197.42,427.77,323.102,5.63763,5203.56,0
58.8332,4189.42,453.23,303.843,5.5384,5279.07,0
59.5089,4185.18,458.313,327.809,4.71818,5290.39,0
60.1971,4188.67,453.351,334.689,3.99388,5171.81,0
60.8815,4173.71,458.052,324.956,5.80454,5359.37,0
61.5659,4172.01,468.859,326.994,5.02057,5327.45,0
62.2413,4173.6,468.424,330.827,4.36904,5244.11,0
62.9212,4155.64,458.875,343.544,6.39949,5472.94,0
63.6024,4140.57,458.809,340.276,7.34879,5651.25,0
64.2882,4144.82,468.047,334.313,5.54991,5524.84,0
64.9809,4142.09,476.323,328.718,5.20299,5507.95,0
65.6671,4124.93,456.654,306.064,8.4617,5711.65,0
66.3484,4133,487.826,316.359,4.08146,5531.38,0
67.0287,4135.05,490.956,355.157,2.36198,5444.65,0
67.7115,4131.14,484.368,366.343,2.82522,5447.56,0
68.3903,4118.11,482.911,355.391,4.95432,5583.98,0
69.0702,4131.78,514.295,365.097,1.11921,5331.11,0
69.7572,4126.45,492.248,350.389,3.10505,5355.05,0
70.4311,4126.04,498.067,357.898,2.62514,5309.54,0
71.1201,4125.44,493.739,378.498,2.27922,5266.53,0
71.7959,4134.81,495.228,370.902,1.0333,5086.44,0
72.4916,4100.5,492.492,361.635,6.39512,5510.92,0
73.178,4082.86,486.966,369.121,8.33384,5700.41,0
73.8604,4097.51,490.228,385.036,4.56854,5449.35,0
74.5389,4095.53,489.441,398.242,4.29358,5426.34,0
75.2202,4093.25,489.46,400.984,4.25889,5407.4,0
75.9061,4094.16,494.214,395.695,3.9237,5346.6,0
76.5884,4085.59,488.649,409.067,4.69831,5410.87,0
77.2731,4078.25,497.073,403.113,4.82927,5457.86,0
77.9494,4071.3,488.397,412.786,5.34829,5499.66,0
78.6296,4089.79,503.623,397.566,2.06447,5217.04,0
79.3047,4086.86,509.433,393.668,2.41085,5209.57,0
79.9928,4089.63,493.147,395.324,2.44253,5130.12,0
80.6945,4088.46,504.404,362.679,2.94627,5099.98,0
81.3752,4086.33,490.088,352.018,4.19713,5083.53,0
82.0575,4080.48,479.361,369.582,4.7573,5112.57,0
82.7425,4079.08,461.014,348.402,6.17765,5087.12,0
83.4318,4074.05,468.124,346.641,5.53351,5105.41,0
84.1138,4067.64,460.342,317.025,7.59789,5140.12,0
84.7899,4068.84,440.652,321.422,7.4139,5085.04,0
85.481,4074.6,441.469,309.232,6.22472,4976.5,0
86.1606,4081.99,457.886,294.786,4.35749,4851.48,0
86.8406,4080.93,453.121,308.442,4.07013,4825.74,0
87.5224,4054.9,450.379,320.584,7.03223,5085.61,0
88.1955,4051.34,446.85,311.952,7.65776,5087.06,0
88.8815,4046.1,442.569,307.581,7.77705,5106.76,0
89.5678,4039.08,443.72,314.661,7.43777,5146.02,0
90.261,4028.92,434.111,311.823,8.7448,5219.04,0
90.9513,4031.56,449.381,315.668,6.01394,5150.44,0
91.6327,4033.47,465.95,312.83,4.10896,5091.28,0
92.3245,4013.92,466.265,304.705,7.19798,5264.86,0
93.0095,4001.42,460.007,304.36,8.70755,5360.5,0
93.7035,4022.07,468.584,294.782,4.16629,5100.44,0
94.4024,4020.05,473.55,294.302,4.08917,5084.07,0
95.0959,3993.87,484.591,302.625,7.19757,5322.32,0
95.7793,3997.24,496.248,301.596,5.24786,5249.16,0
96.4647,3995.04,486.613,314.591,5.36194,5234.66,0
97.1533,4013.8,488,309.137,2.08633,5004.51,0
97.8359,4013.33,517.788,313.389,0.477834,4974.31,0
98.5174,3994.03,516.636,312.994,3.6375,5135.87,0
99.1989,3991.63,496.27,309.024,5.09447,5124.76,0
99.8782,3985.8,494.558,339.113,4.65433,5148.26,0
100.575,4000.14,504.165,332.512,1.82181,4969.98,0
101.265,4011.57,483.459,340.732,0.617016,4823.27,0
101.948,3995.67,506.917,343.001,2.03472,4946.89,0
102.629,3986.58,506.983,361.85,2.90955,5002.64,0
103.318,3996.84,503.748,356.999,1.45722,4870.07,0
104,4006.53,491.542,345.705,0.762265,4744.9,0
104.698,3982.42,510.069,313.553,4.89749,4943.59,0
105.384,3986.7,516.541,297.216,3.71496,4870.81,0
106.064,3978.4,517.307,286.396,4.94585,4917.8,0
106.75,3972.41,531.994,263.665,5.3046,4942.32,0
107.429,3966.46,539.175,280.613,4.5188,4966.49,0
108.105,3993.16,523.707,251.621,1.39206,4688.4,0
108.79,3999.88,495.415,261.074,1.7125,4597.14,0
109.47,4000.33,450.459,257.941,4.8802,4564.43,0
110.173,3999.51,458.4,232.909,4.87662,4542.77,0
110.863,4004.84,443.181,242.946,4.26012,4466.39,0
111.537,4028.87,446.586,228.695,0.250295,4223.94,0
112.217,4013.6,467.921,224.043,1.32624,4334.42,0
112.899,4000.95,484.822,226.26,2.08824,4420.34,0
113.576,3995.1,477.102,236.345,3.23478,4445.5,0
114.264,4003.61,502.04,217.205,0.466731,4344.21,0
114.938,3975.6,513.183,177.521,5.55175,4562.45,0
115.615,3959.54,554.692,159.56,5.52004,4674.64,0
116.319,3979.15,582.979,140.234,0.467585,4477.81,0
116.995,3974.27,583.836,150.268,1.05722,4493.65,0
117.683,3956.44,575.087,176.033,4.1355,4618.82,0
118.364,3963.68,573.039,174.436,2.75245,4531.08,0
119.05,3952.86,560.237,184.605,5.1287,4595.89,0
119.741,3939.65,582.585,203.314,5.31129,4679.72,0
120.429,3946.6,584.635,194.287,4.05389,4595.21,0
121.116,3946.49,568.965,207.44,4.3525,4570.1,0
121.794,3960.94,569.196,206.979,1.76495,4425.98,0
122.471,3931.87,580.956,217.978,5.56248,4638.85,0
123.163,3917.36,594.426,182.173,7.51165,4730.67,0
123.854,3902.49,589.761,168.639,9.00398,4824.28,0
124.546,3923.84,570.672,140.943,5.66052,4626.04,0
125.238,3920.36,588.572,145.561,4.70697,4628.31,0
125.921,3912.32,548.644,132.421,8.14409,4667.1,0
126.609,3909,545.678,154.011,7.04185,4667.91,0
127.295,3907.79,539.322,145.861,7.03518,4652.25,0
127.98,3900.71,522.578,141.957,8.58748,4682.67,0
128.66,3913.97,505.178,142.394,6.4694,4554.89,0
129.351,3893.82,496.608,149.651,10.3311,4686.34,0
130.033,3907.78,495.975,147.332,6.23345,4554.42,0
130.726,3909.22,491.416,161.041,5.30597,4519.2,0
131.411,3908.5,520.62,173.249,2.07073,4501.11,0
132.087,3900.97,548.483,167.321,1.40867,4535.1,0
132.783,3902.41,541.686,183.503,1.10277,4500.48,0
133.467,3903.84,526.314,156.642,2.67985,4466.74,0
134.158,3922.4,505.875,143.402,1.21576,4305.39,0
134.85,3910.62,478.898,126.993,6.62732,4370.68,0
135.535,3902.26,484.012,131.345,6.67071,4410.21,0
136.222,3882.14,488.213,133.462,8.97807,4535.68,0
136.911,3874.98,513.251,151.147,5.87132,4565.13,0
137.593,3861.93,519.887,145.144,6.75201,4637.41,0
138.278,3869.82,560.083,157.068,0.962157,4557.32,0
138.976,3856.63,566.125,153.932,3.14398,4629.32,0
139.658,3857.07,556.693,148.679,3.59305,4603.63,0
140.335,3883.36,526.327,129.37,1.23318,4394.06,0
141.016,3872.93,524.432,129.785,3.47809,4446.83,0
141.698,3845.96,531.969,110.076,8.17231,4615.76,0
142.378,3842.85,539.798,101.567,7.14738,4615.52,0
143.064,3823.98,531.708,121.262,10.2004,4725.28,0
143.752,3831.85,520.501,134.45,7.25628,4647.92,0
144.44,3843.77,544.109,132.739,1.75094,4543.25,0
145.127,3839.99,545.78,137.184,2.28358,4547.77,0
145.802,3850.75,530.241,123.931,1.61869,4452.94,0
146.489,3833.38,515.056,105.548,7.34283,4550.64,0
147.187,3847.37,517.533,96.3118,3.60691,4433.97,0
147.862,3823.03,527.427,118.33,7.24545,4578.39,0
148.54,3829.81,533.622,97.2514,4.84755,4511.85,0
149.225,3834.39,525.902,94.3432,3.98827,4460.45,0
149.909,3840.65,505.65,113.862,4.31405,4398.35,0
150.597,3827.93,496.65,147.122,7.00083,4462.7,0
151.288,3838.01,494.01,152.906,4.10598,4375.71,0
151.968,3833.13,482.636,153.016,6.4653,4388.18,0
152.649,3817.4,467.952,155.158,10.8544,4471.7,0
153.335,3815,463.371,165.823,9.18221,4467.35,0
154.026,3811.37,459.879,157.212,9.57278,4470.84,0
154.714,3807.12,472.792,154.082,6.8998,4478.44,0
155.398,3783.34,452.723,167.981,1.69646,4611.81,0
156.081,3782.32,447.427,147.733,4.15261,4598.08,0
156.769,3779.21,450.246,158.056,3.33354,4597.8,0
157.458,3767.13,458.315,149.444,5.44654,4654.36,0
158.144,3743.81,489.505,151.772,6.18457,4781.67,0
158.816,3733.66,505.098,143.875,6.13962,4825.32,0
159.504,3740.21,499.031,143.093,4.73448,4763.45,0
160.195,3735.43,492.137,120.592,7.15747,4772.76,0
160.891,3751.09,505.783,108.605,0.149801,4654.74,0
161.576,3747.39,483.892,154.59,2.69313,4657.92,0
162.273,3737.76,503.097,150.231,2.26749,4697.25,0
162.974,3728.37,489.363,141.489,7.21513,4734.7,0
163.671,3730.99,510.771,141.385,2.27731,4698.48,0
164.363,3725.78,508.054,155.598,3.5335,4710.44,0
165.056,3734.68,483.214,159.834,4.45729,4636.74,0
165.742,3737.36,476.377,165.641,4.14371,4601.39,0
166.421,3716.94,491.335,154.613,7.93837,4705.32,0
167.109,3727.61,481.913,156.052,4.7227,4622.07,0
167.801,3715.76,493.225,148.768,6.01792,4673.65,0
168.492,3713.91,498.088,174.398,3.99848,4665.43,0
169.162,3693.62,505.054,174.117,8.8579,4766.88,0
169.845,3669.2,497.541,186.511,5.1731,4891.49,0
170.537,3654.86,492.688,179.641,10.74,4955.74,0
171.221,3651.61,485.718,173.287,1.00358,4954.97,0
171.916,3639.94,464.49,197.199,8.49146,5002.76,0
172.602,3623.5,447.155,179.082,12.0748,5078.17,0
173.284,3645.19,412.985,196.12,2.22953,4933.02,0
173.971,3639.72,391.73,212.894,8.68949,4944.96,0
174.653,3652.2,362.344,193.541,11.8105,4854.21,0
175.343,3633.05,347.413,170.646,10.1651,4944.28,0
176.034,3637.09,331.111,163.306,9.03178,4901.95,0
176.73,3628.14,327.392,160.059,3.635,4933.31,0
177.416,3615.62,314.28,158.11,6.62034,4984.77,0
178.107,3618.1,311.937,166.588,3.12562,4951.5,0
178.789,3603.74,292.808,176.739,7.02129,5012.94,0
179.471,3605.04,273.299,166.538,5.25995,4986.65,0
180.15,3592.09,269.475,168.153,0.401888,5039.75,0
180.843,3551.85,271.894,165.223,5.68825,5242.96,0
181.525,3538.36,284.235,157.069,5.3095,5297.57,0
182.22,3539.01,296.958,163.772,4.97979,5273.79,0
182.903,3541.74,281.644,171.543,4.70957,5239.18,0
183.584,3550.3,289.829,189.378,4.29464,5173.1,0
184.275,3560.57,255.733,157.495,4.03371,5097.98,0
184.962,3567.28,231.384,140.969,3.81089,5042.8,0
185.659,3577.63,193.168,131.607,3.54829,4968.09,0
186.347,3592.57,214.864,111.539,3.35564,4869.54,0
187.036,3603.67,196.808,108.668,10.6456,4792.28,0
187.713,3595.21,193.085,119.066,8.0763,4820.09,0
188.4,3599.85,195.364,151.535,2.11896,4777.84,0
189.101,3624.24,176.792,149.441,6.74738,4631.19,0
189.775,3613.24,166.888,145.615,4.91807,4672.69,0
190.462,3592.01,171.129,124.659,8.40795,4767.31,0
191.149,3588.73,161.045,132.906,7.15002,4767.35,0
191.822,3602.69,139.54,135.178,10.9287,4677.83,0
192.506,3624.77,83.1568,138.054,7.27768,4546.5,0
193.199,3623.77,84.5146,117.926,9.69307,4535.36,0
193.883,3624.19,101.602,103.972,8.51302,4517.21,0
194.577,3639.64,82.747,74.5116,9.20004,4421.69,0
195.271,3620.91,79.9324,61.2826,6.65491,4501.89,0
195.96,3603.3,74.2098,65.0455,4.50974,4575.96,0
196.644,3600.61,64.0295,67.2516,0.559232,4573.72,0
197.326,3589,78.1769,66.5148,5.03285,4616.7,0
198.006,3556.4,82.1985,65.0746,4.23977,4765.51,0
198.686,3553.65,73.0161,85.5152,3.56244,4763.08,0
199.376,3550.04,57.8899,90.7873,3.38693,4764.64,0
200.06,3536.6,49.4573,101.126,3.28433,4815.53,0
200.736,3569.19,40.1283,87.2603,1.05064,4636.97,0
201.428,3566.68,56.8037,68.9857,3.1695,4633.5,0
202.113,3540.2,51.3639,74.9614,3.53494,4748.83,0
202.801,3542.98,53.0716,57.7991,5.11896,4718.99,0
203.487,3530.72,53.194,62.6423,9.65379,4763.34,0
204.173,3543.83,48.0831,51.5274,4.33776,4683.13,0
204.868,3520.04,43.0306,51.4455,6.81884,4783.39,0
205.555,3515.84,24.4707,43.8942,5.44591,4787.84,0
206.248,3495.16,23.3475,31.1278,11.0328,4871.98,0
206.933,3495.87,9.26589,9.49842,3.84759,4852.46,0
207.027,3490.8,1.7105,2.48681,14.72,4874.73,3
