0.688229,4485.06,-300.824,-90.1205,0.696582,21711.2,0
1.38127,4465.85,-318.751,-95.8541,1.8546,24720.4,0
2.0656,4451.54,-325.421,-105.32,3.02917,23458.4,0
2.74255,4439.13,-349.239,-105.601,2.95628,22196,0
3.42861,4413.84,-355.953,-110.698,5.23813,25129.5,0
4.10237,4413.43,-349.723,-106.4,5.09617,21101.9,0
4.78036,4399.4,-348.43,-92.3991,6.61324,21044.7,0
5.45995,4409.07,-338.986,-98.9961,5.31004,16654.4,0
6.14419,4387.94,-323.156,-103.874,8.06683,18238.4,0
6.8327,4378.04,-329.175,-87.846,7.42318,17849.2,0
7.5158,4361.48,-329.962,-91.6776,7.98835,18430,0
8.20134,4343.87,-328.12,-81.3929,9.15345,19036.6,0
8.88963,4337.98,-347.387,-85.7433,7.09452,18226.2,0
9.57737,4335.52,-361.781,-80.5168,5.80698,17174.3,0
10.259,4343.84,-357.763,-71.8452,4.5809,15222,0
10.9449,4350.86,-365.699,-66.0469,2.98191,13626.7,0
11.6338,4320.83,-370.099,-84.4499,6.05943,15400.4,0
12.3192,4328.17,-374.462,-87.0385,4.50883,13947.9,0
13.0025,4325.5,-376.545,-78.1076,4.63733,13420.3,0
13.6974,4330.97,-356.87,-73.3286,5.15289,12339.9,0
14.3782,4336.44,-353.596,-82.0803,4.0394,11375.8,0
15.0664,4328.73,-368.425,-82.9259,3.61493,11367.4,0
15.7588,4359.28,-355.758,-60.8811,0.922514,8929.9,0
16.4402,4328.06,-369.502,-61.6529,3.65484,10458.2,0
17.1242,4325.38,-369.856,-50.0446,3.98608,10197.1,0
17.8018,4320.54,-368.356,-37.2441,4.70466,10080.8,0
18.4866,4320.67,-369.602,-43.46,4.25838,9700.26,0
19.1668,4327.5,-361.339,-56.7124,3.63329,9000.05,0
19.853,4304.92,-366.725,-70.504,5.51264,9826.09,0
20.5384,4289.11,-354.728,-66.3251,7.45599,10268.1,0
21.2215,4267.28,-346.699,-62.7011,9.36106,10966.1,0
21.8903,4253.97,-355.545,-55.8446,8.77074,11239.4,0
22.5794,4242.94,-358.779,-52.1574,8.08054,11384.5,0
23.2554,4230.23,-353.608,-62.7939,8.66223,11600.5,0
23.938,4221.83,-346.358,-72.6163,8.20144,11620.4,0
24.6217,4219.27,-330.469,-80.8535,8.47656,11401.7,0
25.3123,4212.12,-341.357,-82.1572,6.86753,11373.2,0
26.0003,4224.17,-335.958,-82.7817,5.04675,10608.7,0
26.6833,4225.07,-327.251,-86.7996,5.18632,10303.4,0
27.3555,4224.94,-320.851,-86.3989,5.43639,10054.8,0
28.0403,4223.21,-313.715,-71.8683,6.05109,9871.18,0
28.7301,4207.8,-307.482,-54.738,7.86956,10170.6,0
29.4092,4208.01,-332.392,-40.9217,4.3815,9928.46,0
30.0922,4191.18,-339.877,-38.2548,5.48405,10262.5,0
30.7713,4181.44,-357.292,-46.8706,4.59062,10352.4,0
31.4642,4184.76,-335.95,-46.084,5.92211,10018.9,0
32.1484,4197.6,-343.416,-46.7818,3.26159,9406.26,0
32.8394,4185.76,-361.845,-34.6417,3.1643,9568.92,0
33.5294,4193.05,-356.764,-32.1921,2.51683,9154.68,0
34.2147,4189.32,-370.118,-9.17343,1.74338,9080.31,0
34.9102,4199.56,-350.776,-11.0764,2.13311,8605.98,0
35.5963,4219.11,-329.894,-14.101,1.38672,7891.02,0
36.2846,4208.57,-308.637,-26.7306,4.66968,8031.79,0
36.9688,4237.45,-272.577,-41.0836,4.23276,7101.84,0
37.6472,4249.02,-282.442,-35.7118,1.61681,6666.76,0
38.3367,4222.68,-311.662,-18.434,2.26099,7233.71,0
39.0303,4205.58,-292.101,-41.9689,5.93052,7543.35,0
39.7185,4226.71,-285.345,-48.2589,3.1894,6880.79,0
40.3985,4208.95,-287.477,-82.9385,4.07152,7204.48,0
41.0856,4191.33,-297.247,-92.6808,4.49064,7512.75,0
41.755,4197.26,-296.55,-69.8322,3.91364,7250.49,0
42.4437,4201.5,-304.987,-47.9502,2.97416,7032.81,0
43.12,4166.15,-300.374,-52.5839,7.45304,7742.35,0
43.7961,4160.99,-318.846,-59.2883,5.01003,7740.67,0
44.4757,4167.31,-309.835,-62.8492,4.69497,7480.37,0
45.1763,4174.12,-304.266,-47.4294,4.38494,7213.43,0
45.8707,4171.45,-287.544,-33.2859,6.20703,7162.6,0
46.561,4170.52,-288.648,-18.3592,5.76867,7076.31,0
47.2598,4174.99,-300.417,-10.9794,3.47672,6877.07,0
47.9434,4165.12,-286.279,-22.0283,5.90327,6984.98,0
48.62,4177.28,-272.905,-16.2529,5.57536,6637.68,0
49.314,4168.89,-294.791,-21.4192,3.66041,6714.23,0
49.9957,4160.61,-288.942,-8.14614,5.06366,6788.43,0
50.6856,4159.67,-287.316,14.3815,5.03876,6714.61,0
51.3712,4147.71,-303.988,-1.9445,4.59501,6857.65,0
52.0605,4147.97,-296.129,-3.46082,5.38263,6761.85,0
52.7461,4129.92,-310.425,19.191,5.61458,7016.17,0
53.4406,4130.4,-311.57,27.3959,4.95106,6916.08,0
54.1355,4115.48,-311.695,41.5724,5.78074,7102.91,0
54.8239,4097.29,-314.503,53.6578,7.1116,7345.58,0
55.513,4110.32,-322.641,50.9858,3.66784,7019.64,0
56.196,4116.78,-311.782,33.1561,4.34303,6819.38,0
56.8817,4120.42,-339.376,31.9509,0.52616,6673.14,0
57.5661,4089.58,-359.606,31.2535,2.32295,7129.57,0
58.2489,4073.98,-334.772,38.3285,7.26407,7313.73,0
58.9275,4078.51,-334.267,54.8117,5.51991,7152.76,0
59.6059,4082.09,-329.853,68.06,4.80614,7011.15,0
60.29,4080.41,-321.873,98.1892,4.63953,6959.51,0
60.9741,4088.74,-332.321,88.4631,2.3109,6744.91,0
61.6572,4095.58,-324.414,117.381,1.11747,6559.22,0
62.3477,4102.17,-326.048,106.817,0.237008,6380.79,0
63.0263,4099.49,-298.678,85.3819,4.54041,6354.65,0
63.7252,4091.91,-294.784,113.149,4.73166,6403.83,0
64.4058,4086.87,-290.451,98.1841,5.89592,6414.44,0
65.0799,4109.05,-270.161,85.5077,5.52193,6007.18,0
65.7736,4101.16,-301.513,80.222,2.49895,6063.9,0
66.4666,4090.43,-315.144,60.1097,2.77582,6162.07,0
67.1468,4101.96,-282.013,83.8085,4.54779,5927.89,0
67.8275,4088.71,-273.437,94.0355,6.35558,6063.8,0
68.5085,4095.75,-278.026,82.966,4.77541,5900.67,0
69.1971,4108.12,-264.876,86.8379,4.36325,5663.26,0
69.8834,4100.88,-260.718,79.3575,5.63396,5711.17,0
70.5682,4099.4,-239.7,69.81,8.21204,5676.84,0
71.2416,4096.69,-231.626,66.7272,8.05243,5661.18,0
71.9204,4093.98,-250.431,46.0841,5.59112,5645.39,0
72.6079,4094.78,-249.501,52.9286,4.62791,5580.98,0
73.2769,4073.17,-244.139,54.6399,7.40327,5824.9,0
73.9728,4054.48,-254.205,66.4865,6.55078,6022.73,0
74.6577,4068,-244.569,61.8633,5.61991,5786.45,0
75.3399,4076.87,-240.944,58.8321,4.67364,5616.26,0
76.0223,4076.68,-213.58,35.8153,8.54753,5568.32,0
76.7149,4081.79,-203.74,35.324,8.08903,5451.49,0
77.4078,4102.76,-190.339,47.7738,5.94073,5131.83,0
78.0917,4108.1,-197.177,54.047,4.12032,5018.51,0
78.7747,4085.68,-175.798,59.9562,8.06055,5259.58,0
79.4582,4104.14,-180.147,53.7081,4.98667,4981.99,0
80.1381,4084.35,-180.442,65.0821,6.26099,5186.63,0
80.8233,4078.25,-169.773,62.6736,7.37665,5218.19,0
81.517,4069.88,-179.127,61.8274,6.5367,5276.49,0
82.1916,4085.97,-172.929,60.4333,4.95915,5037.4,0
82.875,4096.78,-192.848,62.9316,0.827005,4865.42,0
83.5596,4102.62,-193.075,22.9838,1.29477,4755.68,0
84.2433,4109.69,-184.604,29.1312,1.52757,4633.1,0
84.9176,4093.42,-174.669,32.4181,4.52356,4787.9,0
85.5938,4077.24,-156.934,16.7312,8.06114,4939.2,0
86.2753,4076.83,-162.981,5.70152,6.35627,4904.9,0
86.9538,4068.48,-194.141,-7.55282,2.47003,4962.68,0
87.6354,4067.27,-186.76,-5.59266,3.65731,4937.83,0
88.3153,4059.43,-192.196,-1.51522,3.65542,4988.56,0
89.0102,4047.15,-176.202,2.3061,6.79741,5087.66,0
89.7036,4061.36,-178.345,0.243952,4.36026,4889.9,0
90.3908,4069.72,-195.136,15.4726,0.691126,4760.24,0
91.0816,4048.2,-200.457,61.7481,0.904875,4960.4,0
91.7656,4027.49,-197.464,53.9494,3.96486,5149.04,0
92.438,4062.74,-187.194,47.4867,1.69547,4730.36,0
93.1196,4042.73,-198.21,59.1808,1.69796,4910.52,0
93.804,4051.57,-175.734,67.3856,3.58407,4780.48,0
94.4871,4076.04,-169.25,66.2984,1.87735,4486.99,0
95.1747,4084.77,-143.893,72.7075,3.71653,4362.87,0
95.8618,4106.96,-140.58,87.1454,0.711836,4100.03,0
96.552,4090.42,-125.994,81.9279,4.45157,4242.11,0
97.2428,4119.91,-125.536,65.7292,2.4458,3908.71,0
97.93,4120.01,-100.56,74.0137,4.4288,3880.18,0
98.617,4144.7,-123.131,59.8135,0.0704667,3602.86,0
99.2946,4174.72,-108.687,10.4406,0.54771,3275.88,0
99.988,4162.89,-84.6431,3.38045,4.4446,3371.49,0
100.668,4173.98,-72.5283,-14.576,4.44095,3238.62,0
101.352,4169.66,-74.531,-3.12961,4.50499,3259.3,0
102.033,4157.4,-55.5658,-19.883,7.00541,3357.76,0
102.716,4168.71,-38.2231,-5.86281,7.26139,3225.27,0
103.404,4160.22,-35.0026,-8.46946,6.91896,3285.95,0
104.089,4184.39,-16.5842,-21.495,5.07741,3032.14,0
104.768,4192.11,1.16037,9.84791,5.66938,2938.76,0
105.455,4174.02,9.1146,16.5866,5.58421,3091.17,0
106.13,4171.98,51.3766,-2.66908,1.92392,3090.78,0
106.809,4161.8,27.8407,-9.08711,5.23123,3166.43,0
107.51,4159.48,14.5555,-7.65249,6.38214,3167.28,0
108.187,4141.66,4.61,-13.054,7.19333,3312.23,0
108.877,4131.55,-7.60463,-1.7295,7.56551,3384.11,0
109.562,4121.61,-8.75087,-0.718758,7.3601,3453.69,0
110.244,4133.44,5.52503,4.08929,5.67885,3325.03,0
110.921,4143.48,35.6996,0.162161,1.14253,3214.16,0
111.622,4128.15,30.6773,6.67621,2.9788,3331.35,0
112.304,4139.23,13.751,10.4586,3.6578,3212.42,0
112.994,4173.52,-14.591,7.1856,0.741394,2889.35,0
113.681,4155.43,-6.95113,13.3452,2.46833,3031.04,0
114.37,4143.27,0.539046,18.47,3.13193,3119.07,0
115.054,4131.3,-12.1243,25.2312,2.94912,3204.58,0
115.732,4113.72,-17.0362,17.6931,4.8454,3337.71,0
116.415,4108.56,-22.782,18.6489,4.2653,3362.47,0
117.11,4145.78,-26.7661,3.98814,1.09875,3024.67,0
117.803,4132.06,-5.22594,12.0028,3.81219,3123.31,0
118.492,4130.65,-32.4537,16.3364,1.01829,3117.07,0
119.188,4107.4,-47.3287,-20.7383,1.15041,3293.99,0
119.868,4111.77,-28.6718,-17.8855,3.05051,3238.79,0
120.563,4137.31,-14.7898,-20.599,1.76867,3008.3,0
121.242,4161.38,-5.85003,-2.81192,1.82275,2792.91,0
121.927,4162.58,-10.0074,-12.878,0.566752,2767.4,0
122.607,4145.75,0.0873802,-5.46274,3.32569,2889.33,0
123.298,4141.58,-8.78621,-12.3427,2.53874,2906.95,0
123.985,4124.58,-25.7522,-24.2589,1.49813,3027.94,0
124.67,4105.34,-54.577,-16.4152,0.353523,3165.67,0
125.356,4114.93,-37.6935,4.76635,1.95326,3071.79,0
126.039,4097.36,-46.3783,-11.7074,2.17684,3194.55,0
126.721,4098.83,-33.7238,-22.4228,3.0084,3165.78,0
127.417,4082.06,-29.9254,-37.2348,3.5056,3280.12,0
128.105,4080.9,-9.424,-20.6662,6.81393,3271.54,0
128.783,4094.1,-26.3787,-22.0045,3.45956,3151.8,0
129.466,4124.61,-21.5352,-17.5417,1.5405,2899.48,0
130.163,4131.76,1.14453,-17.868,2.11169,2829.1,0
130.841,4120.48,-0.350683,-19.9449,2.8454,2900.64,0
131.521,4139.99,-5.83935,-8.28071,2.30149,2737.24,0
132.21,4154.16,16.6968,4.74461,0.249344,2615.83,0
132.905,4131.78,17.0648,-18.4314,1.28176,2770.57,0
133.59,4121.97,22.7707,-3.63204,2.38548,2829.81,0
134.281,4147.33,-0.266969,-9.63928,1.76842,2626.33,0
134.958,4133.62,14.3534,2.80889,2.29014,2714.78,0
135.652,4112.8,17.443,23.8097,2.20597,2854.35,0
136.331,4125.79,14.472,23.1974,1.32583,2744.87,0
137.02,4128.37,-4.27786,13.5614,2.7152,2712.25,0
137.7,4120.97,-9.86624,25.5032,1.68896,2752.61,0
138.38,4108.89,-2.66961,34.9772,1.77204,2826.37,0
139.065,4096.55,13.2821,48.8914,0.714994,2901.15,0
139.745,4100.18,22.7633,33.2007,1.71853,2861.05,0
140.434,4113.96,-16.9772,31.7583,0.991663,2748.93,0
141.113,4111.76,20.4261,25.627,1.54674,2751.25,0
141.796,4107.7,32.4206,10.9048,1.75434,2766.63,0
142.491,4142.81,10.8443,19.0273,0.231469,2506.73,0
143.181,4155.17,-12.2143,-2.50531,0.27492,2408.36,0
143.859,4133.94,-15.413,-8.99782,1.43933,2544.58,0
144.538,4118.51,-23.3575,0.931779,2.04671,2639.38,0
145.229,4087.95,-30.032,-32.7551,2.01515,2837.23,0
145.909,4084.1,-6.39701,-41.859,2.55154,2850.44,0
146.593,4078.58,-18.8705,-47.9718,1.62667,2874.75,0
147.272,4082.22,-17.674,-31.1183,3.32631,2836.79,0
147.951,4077,3.63791,-13.4399,6.26833,2859.07,0
148.647,4070.81,3.44225,-2.37716,7.33376,2887.32,0
149.337,4077.32,-10.1011,-7.10878,4.9789,2830.37,0
150.019,4076.99,-24.8739,2.4354,2.90232,2819.73,0
150.705,4099.19,-10.1733,-13.3544,1.97655,2659.58,0
151.389,4114.78,-4.87611,-16.9227,0.430138,2544.56,0
152.066,4108.42,9.42934,0.76303,2.00199,2575.08,0
152.745,4117.77,3.33087,10.7748,0.944248,2502.41,0
153.42,4126.54,-2.84756,-8.96236,0.446739,2434.23,0
154.109,4102.5,1.71738,-6.61159,2.79319,2579.37,0
154.804,4108.65,-9.7553,-13.0107,1.07605,2528.03,0
155.487,4095.42,23.1916,2.52925,1.26062,2602,0
156.172,4062.76,49.3909,12.6949,0.132776,2799.75,0
156.855,4052.48,7.98576,2.94188,6.6811,2853.09,0
157.54,4046.95,6.8236,15.4099,5.30379,2875.77,0
158.226,4047.08,7.81871,23.2467,3.7984,2862.47,0
158.921,4060.75,-3.9039,3.09888,5.08212,2763.94,0
159.597,4062.6,-12.7318,4.64861,3.54113,2740.66,0
160.291,4049.83,10.7969,-20.5495,2.98991,2808.43,0
160.974,4023.59,-26.9195,-3.16596,4.20666,2959.55,0
161.665,4038.71,-30.559,5.41019,2.24503,2853.35,0
162.347,4045.66,-29.6138,-12.9613,1.44888,2798.55,0
163.028,4049.64,-28.8298,-16.341,0.915328,2762.47,0
163.713,4044.12,-28.5754,-3.09987,2.07562,2784.61,0
164.395,4063.97,-17.3833,7.87227,1.7697,2652.33,0
165.077,4029.95,-23.0253,3.18111,3.93988,2847.43,0
165.754,4049.95,-5.24681,-8.29799,4.01504,2715.16,0
166.443,4075.94,-1.57946,-8.95763,1.62264,2547.8,0
167.124,4091.03,-4.34802,6.13739,0.524188,2447.13,0
167.81,4081.85,-2.08499,13.3475,0.434716,2491.79,0
168.504,4049.59,4.53892,-3.91019,4.19656,2673.01,0
169.196,4037.13,-5.97726,-17.0215,3.21583,2735.69,0
169.888,4058.53,-1.22869,-0.153453,3.73113,2598.56,0
170.575,4040.22,-26.2668,-19.9571,0.592521,2695.45,0
171.261,3991.55,-40.4271,24.2276,2.32549,2968.85,0
171.947,3964.72,-40.1149,-7.31881,5.28914,3113.08,0
172.634,3951.56,-36.7569,-18.9248,5.75737,3176.93,0
173.323,3948.38,-31.6427,-35.3618,4.17785,3182.59,0
174.005,3979.28,-29.4912,-12.7058,4.29416,2992.57,0
174.684,3983.19,-24.1654,5.97943,4.93476,2958.56,0
175.378,4000.7,-34.4178,14.7828,1.37113,2846.99,0
176.065,4000.07,-32.815,3.03683,2.07442,2839.49,0
176.752,3998.84,-24.2683,-9.01461,3.20449,2835.38,0
177.434,3984.35,-15.3155,-18.4965,4.56041,2906.16,0
178.115,3964.72,-25.0961,-18.6853,4.5545,3005.23,0
178.798,3970.55,-51.5012,-4.61026,0.280937,2961.15,0
179.481,3944.66,-32.224,-3.27618,5.81119,3094.14,0
180.165,3949.26,-44.9719,6.38139,2.8566,3056.88,0
180.851,3934.57,-29.1428,14.1928,6.22025,3126.48,0
181.537,3936.86,-18.2514,33.2704,4.56581,3102.07,0
182.212,3946.7,11.9304,45.8306,1.85352,3036.57,0
182.89,3912.56,27.0824,60.2896,0.7668,3212,0
183.571,3907.71,-3.05793,69.3931,0.217691,3226.48,0
184.258,3909.17,-33.812,52.3428,1.63292,3206.52,0
184.941,3870.1,-41.6971,42.1868,5.10291,3405.92,0
185.614,3841.05,-28.1079,15.5855,1.13187,3550.09,0
186.303,3842.06,-32.0485,1.3526,0.990341,3531.56,0
186.98,3818.55,-19.3703,1.27354,5.46598,3644.49,0
187.66,3833.69,-6.44983,16.1978,4.19472,3550.61,0
188.341,3836.77,6.64674,18.9259,3.0634,3521.41,0
189.024,3829.23,9.29826,19.6124,2.96748,3548.62,0
189.709,3837.55,6.15886,-0.205225,6.3213,3491.93,0
190.397,3843.04,-2.97353,22.665,1.58648,3450.5,0
191.097,3836.63,-7.09163,15.4083,3.42316,3471.36,0
191.784,3829.05,-2.08216,15.1708,4.11301,3498.45,0
192.473,3843.48,12.7307,10.5843,2.48421,3410.99,0
193.153,3833.25,3.43226,20.7817,2.06756,3451.94,0
193.84,3818.42,-16.6204,-0.985574,3.87213,3516.2,0
194.524,3811.49,-9.45324,-5.80502,5.84988,3539.48,0
195.201,3814.25,-5.1947,5.31604,6.26623,3513.05,0
195.883,3828.57,5.43499,-20.936,1.37203,3427.7,0
196.561,3829.56,13.706,-8.82806,2.69972,3410.85,0
197.255,3838.35,1.16905,-7.06209,4.33887,3354.28,0
197.929,3828.26,-13.1801,4.65528,3.15116,3393.83,0
198.609,3816.59,-0.440652,-11.3148,4.53548,3440.99,0
199.291,3815.26,1.2205,-5.66968,5.5388,3435.87,0
199.988,3812.63,3.15439,4.58143,5.4628,3437.06,0
200.673,3793.45,-5.64256,13.8654,3.60323,3520.88,0
201.368,3804.94,-10.8424,4.57501,3.8294,3451.67,0
202.063,3806.6,-6.10826,-0.606773,4.97089,3431.58,0
202.756,3787.26,0.321707,7.33815,5.40479,3515.25,0
203.434,3777.32,-11.6949,-15.5097,1.70946,3552.38,0
204.12,3785.56,-14.0204,-12.2635,1.49655,3500.11,0
204.795,3793.8,-11.9637,1.62613,2.93372,3448.34,0
205.48,3777.99,0.183377,-20.0035,1.2686,3513.76,0
206.168,3761.42,2.04411,-17.5198,2.88495,3582.43,0
206.852,3759.07,5.53618,-8.909,5.24046,3581.93,0
207.543,3755.04,17.1545,-14.1187,1.06444,3589.44,0
208.23,3760.1,4.85696,-15.6262,2.73929,3553.26,0
208.919,3753.39,8.73303,-17.3127,1.78148,3573.69,0
209.602,3750.84,4.1357,-12.214,3.98027,3574.2,0
210.29,3744.65,8.35335,-12.7674,3.47644,3591.96,0
210.975,3745.76,18.6183,2.5582,2.25835,3575.04,0
211.666,3731.07,13.7703,-6.05836,4.05548,3632.76,0
212.341,3736.15,2.16401,-1.73304,7.64652,3597.27,0
213.022,3722.54,7.42192,-19.8438,1.40643,3649.66,0
213.705,3727.14,1.25298,-17.6463,2.51181,3616.5,0
214.388,3731.76,8.43183,-7.49177,4.51227,3583.42,0
215.075,3735.16,-15.3078,-15.8321,0.183552,3556.16,0
215.763,3733.57,-4.19274,12.8805,3.27306,3552.2,0
216.448,3743.02,-10.0884,-1.52375,3.83475,3497.28,0
217.136,3739.38,7.45857,3.22413,4.00397,3502.98,0
217.821,3738.09,-2.44545,5.20648,4.52803,3497.88,0
218.501,3750.76,-0.344588,2.25227,4.89956,3429,0
219.185,3747.49,-5.89688,-0.330529,3.70517,3433.22,0
219.874,3731.68,5.96137,0.991432,4.04301,3494.37,0
220.562,3712.04,0.263978,11.6356,2.79168,3572.5,0
221.244,3693.54,-0.774248,-9.09861,3.84755,3645.12,0
221.932,3688.68,-6.05462,-0.489245,5.18966,3655.72,0
222.618,3696.29,13.8831,4.1208,0.735663,3610.29,0
223.308,3707.71,1.61848,-4.06148,4.66049,3547.96,0
224.002,3738.99,-2.53009,-4.6672,2.69311,3397.36,0
224.691,3727.35,3.86492,12.4426,0.283701,3438.71,0
225.379,3712.99,-8.99079,-11.1369,0.202964,3491.92,0
226.066,3724.56,-1.09923,-11.9224,0.738099,3430.13,0
226.749,3699,11.4285,-1.18237,1.71865,3532.53,0
227.427,3711.39,2.00271,6.23067,3.29598,3467.54,0
228.107,3754.58,-1.21681,1.05808,2.95991,3267.85,0
228.791,3769.13,1.3768,5.72751,0.7339,3194.5,0
229.467,3777.67,-1.4641,-3.09955,1.10126,3147.88,0
230.155,3777.84,4.07501,1.97525,0.73711,3137.72,0
230.845,3776.74,-5.10086,0.859731,0.543807,3133.08,0
231.536,3760.59,-2.7611,4.28827,1.27962,3193.5,0
232.227,3780.89,-3.36006,-2.70674,0.486787,3096.59,0
232.911,3780.86,2.78363,-1.45033,0.879805,3087.61,0
233.587,3783.75,1.95388,-1.48413,0.928381,3066.29,0
234.259,3754.62,1.52837,6.96496,0.890494,3181.85,0
234.947,3795.72,-1.32828,-1.70876,0.324749,2997.62,0
235.634,3755.45,2.85719,2.20799,2.04194,3159.78,0
236.316,3761.46,4.1257,1.64143,1.56425,3125.22,0
236.999,3722.92,9.25657,3.59743,1.3864,3278.86,0
237.689,3722.05,2.80859,6.46529,2.60328,3272.99,0
238.384,3716.22,0.309635,6.00081,3.22652,3287.88,0
239.071,3738.7,4.97874,0.142862,2.68448,3184.42,0
239.762,3736.22,3.12387,-2.57458,3.14304,3185.58,0
240.444,3743.43,-1.30919,3.81985,2.63712,3146.57,0
241.134,3750.46,-4.53476,-2.21349,1.89567,3108.4,0
241.807,3745.76,4.98681,-9.16084,0.280446,3119.19,0
242.491,3747.63,0.30969,-7.44205,1.23291,3102.67,0
243.179,3723.19,2.62965,3.51707,3.81528,3194.38,0
243.864,3723.48,-10.9371,5.70029,0.461437,3184.26,0
244.55,3696.77,2.88236,9.55492,2.35917,3284.51,0
245.231,3710.58,4.97094,-2.52189,3.64386,3219.11,0
245.909,3663.55,9.72147,-8.01937,1.97202,3401.46,0
246.583,3655.34,0.309601,-7.16002,3.44459,3425.47,0
247.254,3673.19,-2.60053,-6.10772,3.17664,3343.97,0
247.935,3663.97,-0.514879,-0.450517,6.43906,3371.97,0
248.607,3661.06,4.36526,-1.26913,4.27796,3374.56,0
249.298,3643.15,-10.9127,-10.3313,5.15973,3437.06,0
249.98,3660.69,1.94152,4.66491,4.26329,3357.5,0
250.671,3638.58,6.31098,-12.4877,6.45069,3436.46,0
251.353,3639.87,22.9329,-27.1298,4.86932,3422.02,0
252.034,3640.54,47.1366,-21.4356,3.47424,3410.09,0
252.718,3633.81,53.0111,-17.3826,5.41245,3427.5,0
253.401,3626.79,76.7455,-14.5374,5.64035,3445.97,0
254.081,3616.45,85.9853,-10.6125,7.68162,3477.43,0
254.762,3618.99,90.4845,-14.0058,4.82689,3458.15,0
255.448,3614.48,83.7248,12.7482,9.3374,3466.53,0
256.135,3600.76,55.8696,20.7098,5.00399,3510.8,0
256.829,3590.72,57.1011,28.9191,8.647,3540.41,0
257.505,3591.29,65.6095,45.6138,5.472,3528.88,0
258.197,3599.33,53.9835,53.875,1.82666,3488.31,0
258.882,3589.79,39.8349,50.2817,7.48405,3515.93,0
259.569,3586.72,35.0034,70.9249,6.2666,3518.45,0
260.247,3587.72,46.0673,78.7979,2.89707,3505.42,0
260.93,3584.88,66.9286,64.2321,3.84291,3507.15,0
261.606,3588.13,78.823,67.3408,1.77544,3485.66,0
262.289,3588.14,90.693,71.9636,1.73682,3476.54,0
262.977,3578.42,99.6265,83.6395,1.76371,3504.41,0
263.663,3589.27,94.6917,69.4945,1.76106,3454.14,0
264.355,3582.07,123.126,72.0286,0.486015,3472.34,0
265.034,3596.81,127.868,90.8557,1.14151,3407.84,0
265.715,3576.58,123.052,79.7577,1.557,3475.22,0
266.399,3553.91,111.714,108.399,1.54897,3551.41,0
267.078,3528.47,122.667,103.436,1.53683,3637.65,0
267.757,3508.11,113.085,63.2888,1.52606,3704.44,0
268.441,3476.04,134.397,75.2756,2.22093,3814.48,0
269.12,3485.67,114.342,81.4345,2.08611,3769.07,0
269.8,3475.63,129.032,51.6513,3.06946,3796.8,0
270.483,3463.58,154.511,40.761,2.85197,3831.75,0
271.167,3478.33,173.9,26.9576,0.208411,3767.67,0
271.853,3457.91,175.999,-2.60588,2.36177,3833.29,0
272.535,3455.24,187.005,-12.9111,1.87173,3833.49,0
273.22,3457.21,202.402,-9.72769,0.54758,3816.67,0
273.907,3422.36,195.979,-34.7773,4.50409,3934.33,0
274.584,3440.54,180.666,-28.5108,3.59175,3858.41,0
275.269,3438.44,193.242,-39.6873,2.63386,3856.44,0
275.953,3442.56,205.891,-29.1666,1.45722,3831.97,0
276.645,3450.02,172.219,29.2412,2.83523,3795.41,0
277.322,3446.23,169.118,24.5854,3.39046,3799.81,0
277.999,3442.05,196.892,4.95494,1.83139,3805.58,0
278.691,3445.49,185.12,35.4329,2.00052,3783.81,0
279.378,3453.85,157.836,32.4088,2.98128,3744.57,0
280.063,3431.77,155.766,60.8784,4.61915,3814.23,0
280.731,3415.95,175.863,65.4131,4.38078,3861.53,0
281.431,3403.99,171.441,56.3855,5.7353,3894.43,0
282.114,3386.23,165.163,60.6903,7.31951,3947.93,0
282.793,3382.08,171.973,53.2607,6.4502,3953.16,0
283.481,3402.21,164.626,55.0009,4.25246,3872.54,0
284.165,3402.3,157.656,74.1047,3.69105,3862.87,0
284.848,3406.06,165.059,54.9147,3.06217,3840.43,0
285.532,3390.78,159.969,55.8241,4.84295,3884.73,0
286.21,3411.41,148.201,63.0407,3.09885,3803.46,0
286.895,3409.03,155.031,69.3783,2.54633,3802.67,0
287.576,3400.21,140.172,71.5526,4.11302,3824.37,0
288.26,3392.58,137.287,83.3844,4.42159,3841.75,0
288.938,3382.77,157.192,101.316,3.2818,3866.67,0
289.612,3401.67,169.723,88.5574,0.863511,3792.43,0
290.304,3385.02,170.931,116.904,1.47452,3840.75,0
290.993,3395.67,198.116,59.6027,0.307255,3795.05,0
291.687,3355.58,182.245,31.8373,6.09215,3923.47,0
292.374,3358.94,169.899,40.0036,5.64164,3902.74,0
293.062,3353.68,168.696,34.3858,5.88165,3911.52,0
293.754,3366.64,152.889,40.4529,4.94544,3858.19,0
294.444,3402.59,126.528,59.6551,2.46312,3727.05,0
295.121,3396.72,127.687,37.4246,3.47817,3738.4,0
295.804,3382.36,146.558,25.9088,3.50306,3778.33,0
296.488,3360.27,141.618,23.2907,5.81426,3844.1,0
297.176,3356.02,117.677,14.3188,7.27555,3849.52,0
297.86,3350.6,112.669,37.0195,6.70951,3858.86,0
298.54,3350.82,107.687,30.7156,6.43366,3849.32,0
299.229,3353.94,125.132,32.0982,4.28127,3830.02,0
299.919,3365.82,113.544,54.7338,2.92423,3781.63,0
300.602,3336.98,125.777,51.5743,5.06485,3868.98,0
301.281,3342.14,120.031,36.542,4.95964,3843.1,0
301.964,3346.15,127.101,22.9894,3.90232,3821.15,0
302.654,3377.65,110.447,27.4642,1.84458,3708.37,0
303.334,3372.52,92.6434,25.3583,3.64721,3716.97,0
304.018,3395.66,72.874,28.588,2.76296,3632.47,0
304.707,3393.53,64.8963,65.4812,1.90077,3631.25,0
305.39,3402.2,83.1802,55.7268,0.422398,3594.73,0
306.077,3364.09,70.2162,48.6078,5.10892,3711.2,0
306.766,3345.71,62.4532,48.9351,6.78074,3762.77,0
307.469,3343.11,80.0024,45.6286,5.3325,3762.62,0
308.164,3343.38,89.2617,69.4405,3.23104,3753.27,0
308.842,3323.68,84.1462,70.0752,5.23315,3808.8,0
309.521,3348.12,104.116,66.9728,1.33704,3721.48,0
310.21,3336.99,112.05,63.5994,1.97544,3749.12,0
310.899,3323.48,89.8668,53.2257,5.26171,3784.26,0
311.583,3313.8,94.666,69.3306,4.77583,3807,0
312.264,3327.18,76.9722,65.1749,4.4386,3755.86,0
312.94,3326.3,57.7019,54.8323,5.90491,3750.56,0
313.626,3325.56,59.1084,70.1899,4.52493,3744.73,0
314.322,3309.42,55.1609,79.6721,5.40189,3787.78,0
314.997,3298.91,39.2525,70.3248,7.04298,3813,0
315.683,3307.75,30.7667,57.5512,6.58047,3776.72,0
316.365,3312.85,22.3562,52.5873,6.23856,3752.46,0
316.882,3321.94,26.9499,24.1788,6.64516,3717.65,0
