0.678762,4469.22,597.833,-244.174,4.10543,45353,0
1.36705,4457.17,580.545,-227.34,5.70672,31329.6,0
2.056,4442,567.662,-206.134,7.50402,28210.2,0
2.73806,4445.83,542.173,-209.639,7.13839,19782.4,0
3.43965,4432.38,546.4,-227.808,7.23877,19658.1,0
4.12495,4453.58,526.511,-238.026,4.71315,11254,0
4.82302,4455,520.24,-242.584,4.38236,9329.48,0
5.50166,4467.77,532.046,-250.21,2.05647,5858.51,0
6.18691,4474.97,510.775,-285.171,1.18293,4046.21,0
6.86989,4479.4,519.99,-290.11,0.179289,2998.25,0
7.56479,4455.93,515.447,-290.577,3.17631,5826.21,0
8.24298,4476.06,509.83,-301.708,0.409507,2904.02,0
8.93848,4447.64,493.093,-306.043,4.43802,5857.46,0
9.63301,4448.97,496.262,-315.061,3.52828,5297.88,0
10.3221,4465.09,478.931,-315.741,1.85453,3381.59,0
11.0102,4474.12,467.695,-336.641,0.524738,2350.93,0
11.6918,4478.06,459.635,-304.954,1.00808,1876.3,0
12.3693,4463.36,468.135,-289.081,2.88693,2961.95,0
13.0723,4467.32,459.761,-278.522,2.8799,2499.59,0
13.7458,4479.43,451.25,-285.249,1.44175,1496.38,0
14.4355,4474.59,462.129,-281.319,1.71599,1760.15,0
15.1165,4472.31,468.821,-284.072,1.69321,1831.75,0
15.7995,4481.09,460.471,-281.004,0.926263,1197.04,0
16.4843,4463.57,447.024,-299.789,2.96856,2209.78,0
17.1646,4456.91,450.126,-283.895,4.03608,2510.11,0
17.8389,4476.02,459.909,-302.736,0.731191,1344.46,0
18.5188,4453.4,500.214,-293.658,2.42471,2516.12,0
19.2009,4437.52,516.72,-295.268,3.7601,3253.84,0
19.8846,4435.25,504.95,-309.113,4.03819,3256.44,0
20.5632,4424.76,485.379,-307.753,5.71322,3659.02,0
21.2482,4419.82,479.698,-300.956,5.83455,3773.31,0
21.9378,4420.85,492.766,-288.934,4.82796,3607.95,0
22.6215,4419.32,501.3,-281.086,4.65116,3566.45,0
23.3198,4414.74,474.559,-258.388,6.37972,3656.06,0
24.0004,4404.89,490.171,-251.621,6.35331,3962.68,0
24.6935,4410.09,489.565,-250.774,5.24505,3641.13,0
25.3786,4404.49,456.367,-234.486,7.15265,3763.38,0
26.0544,4428.38,464.809,-244.947,2.87931,2748.82,0
26.7284,4408.39,437.175,-229.29,6.7271,3427.58,0
27.4111,4412.42,445.418,-231.384,5.08698,3194.88,0
28.0957,4427.28,434.585,-249.327,3.04509,2588.17,0
28.7811,4410.84,434.825,-273.793,4.0613,3097.81,0
29.463,4428.32,448.434,-278.893,1.03599,2432.85,0
30.1467,4419.17,458.415,-288.849,1.56342,2681.28,0
30.8421,4417.33,447.805,-291.999,2.07421,2680.28,0
31.5242,4428.22,456.368,-296.449,0.17899,2277.11,0
32.2087,4418.44,476.942,-271.874,1.20887,2532.11,0
32.8886,4410.41,507.208,-237.817,1.74724,2724.16,0
33.5684,4429.44,480.462,-208.498,0.896965,2101.85,0
34.2543,4416.36,471.315,-196.411,3.18443,2441.82,0
34.9346,4429.32,468.179,-189.03,1.7649,2023.2,0
35.6217,4412.86,455.865,-180.27,4.56635,2446.38,0
36.2993,4439.91,439.826,-171.35,1.88957,1655.35,0
36.9977,4414.57,420.879,-170.057,5.91073,2309.09,0
37.6816,4395.76,415.708,-148.251,7.79965,2766.33,0
38.3722,4394.41,425.991,-136.745,6.28218,2751.63,0
39.0588,4412.45,439.022,-111.766,3.35114,2241.56,0
39.7444,4418.26,432.935,-88.9857,2.93288,2056.71,0
40.4216,4413.9,434.237,-89.0941,3.18794,2130.07,0
41.11,4416.31,469.016,-89.6354,0.834312,2035.82,0
41.7949,4388.4,468.421,-85.3959,4.28278,2670.28,0
42.4799,4393.17,480.766,-71.379,2.9509,2514.86,0
43.1565,4378.89,497.691,-74.0868,3.79536,2806.28,0
43.8354,4394.3,479.618,-55.3392,2.72737,2411.19,0
44.5178,4413.93,466.842,-37.0233,0.910003,1933.39,0
45.2017,4420.94,417.978,-51.1756,2.59155,1749.13,0
45.8861,4422.8,408.838,-66.8391,2.72605,1682.43,0
46.5841,4399.61,412.578,-77.3939,5.12632,2154.95,0
47.272,4384.69,389.812,-94.2485,7.56376,2439.19,0
47.9658,4398.34,395.799,-104.788,4.55033,2119.48,0
48.6474,4399.9,419.979,-132.689,2.15842,2057.64,0
49.3301,4418.82,384.916,-149.129,1.3097,1645.74,0
50.0063,4426.84,383.681,-117.681,0.997483,1462.97,0
50.6975,4401.58,362.671,-139.089,4.72376,1941.26,0
51.3802,4401.15,384.516,-111.343,3.66575,1923.84,0
52.0621,4419.81,385.541,-86.2454,1.56941,1540.21,0
52.7449,4392.88,388.327,-131.934,3.91237,2030.9,0
53.4366,4414.28,372.601,-134.762,2.06722,1604.07,0
54.1226,4407.01,375.486,-138.924,2.55535,1718.2,0
54.8039,4420.94,375.545,-163.39,0.260242,1442.6,0
55.4972,4413.16,373.363,-142.733,1.76671,1564.76,0
56.1735,4393.53,378.003,-148.572,3.79814,1895.35,0
56.8601,4401.98,388.167,-136.68,2.42098,1723.92,0
57.545,4405.44,406.496,-167.225,0.288416,1643.16,0
58.2374,4396.46,415.768,-147.861,1.31251,1777.95,0
58.9206,4359.47,423.503,-148.535,5.55389,2385.12,0
59.604,4366.1,433.078,-166.086,3.40343,2246.5,0
60.2883,4352.17,419.475,-167.854,5.52439,2452.09,0
60.9795,4373.04,435.18,-175.578,1.5168,2081.95,0
61.6655,4360.61,442.619,-170.497,2.84201,2260.46,0
62.3425,4373.09,434.58,-169.644,1.6247,2035.63,0
63.0288,4366.07,438.404,-153.301,2.56549,2124.97,0
63.7228,4364.71,436.934,-169.362,2.50177,2123.11,0
64.4052,4354.71,464.146,-128.796,3.02636,2255.85,0
65.0898,4352.25,471.284,-140.105,2.70696,2269.96,0
65.7681,4339,461.174,-133.856,5.0392,2448.01,0
66.4535,4335.54,454.44,-136.559,4.94849,2474.81,0
67.1389,4336.99,470.011,-130.396,3.68259,2427.89,0
67.827,4326.75,483.432,-131.57,4.16469,2554.33,0
68.5072,4312.23,484.592,-115.603,5.7613,2740.94,0
69.1926,4321.52,475.09,-121.079,4.5944,2579.48,0
69.8792,4336.01,486.098,-126.577,1.85708,2346.79,0
70.5651,4323.54,463.352,-114.993,4.7665,2500.71,0
71.2445,4322,456.436,-115.78,4.88155,2498.44,0
71.9422,4346.27,448.906,-143.373,1.31512,2136.88,0
72.6372,4321,423.006,-152.335,5.77797,2464.35,0
73.3161,4337.22,402.781,-176.591,3.90619,2220.29,0
74.0007,4339.93,372.223,-162.814,5.5278,2163.08,0
74.6889,4326.35,371.509,-150.636,6.76563,2325.02,0
75.3675,4324.51,356.882,-149.254,6.91979,2328.5,0
76.0533,4307.64,356.706,-143.043,7.82313,2529.28,0
76.7418,4316.24,351.147,-141.464,6.33262,2394.58,0
77.4214,4314.05,332.548,-151.898,6.98181,2401.73,0
78.104,4312.84,327.423,-158.899,6.49033,2396.31,0
78.7818,4307.67,334.756,-155.047,5.83566,2441.29,0
79.4661,4299.24,333.528,-148.06,6.46228,2526.34,0
80.1505,4279.7,331.109,-149.11,8.21451,2748.54,0
80.8383,4257.4,330.759,-149.442,9.3415,3001.1,0
81.5201,4248.67,334.958,-145.269,8.62143,3083.08,0
82.1941,4259.82,340.351,-140.655,5.68178,2922.08,0
82.8826,4247.18,349.997,-154.863,5.1342,3050.31,0
83.5582,4255.5,345.536,-156.939,3.93587,2926.08,0
84.2613,4244.07,342.487,-152.897,5.47417,3037.31,0
84.9414,4247.88,342.518,-152.113,4.58061,2968.16,0
85.6295,4244.83,355.217,-159.365,3.6911,2979.92,0
86.3152,4242.32,354.218,-142.742,4.37464,2985.34,0
87.0105,4238.05,368.388,-134.029,3.69965,3010.57,0
87.6962,4231.32,365.807,-133.871,4.57329,3063.75,0
88.3851,4243.7,360.059,-119.674,3.58759,2899.83,0
89.0685,4229.82,359.666,-97.838,5.63278,3033.42,0
89.7507,4242.27,361.085,-106.319,3.30009,2871.61,0
90.4329,4256.46,339.165,-74.6956,3.67956,2693.03,0
91.1206,4253.35,306.028,-75.1973,6.63399,2706.86,0
91.7964,4287.87,307.273,-103.435,1.20083,2310.9,0
92.4794,4293.12,276.791,-99.0686,3.15304,2237.08,0
93.1699,4305.76,280.531,-133.987,0.136525,2084.74,0
93.8548,4308.84,256.561,-111.786,2.36826,2036.78,0
94.5348,4261.95,286.267,-104.552,5.78269,2518.1,0
95.218,4285.22,284.829,-102.395,2.94176,2255.67,0
95.9024,4282.73,303.21,-94.2199,1.95936,2265.52,0
96.5887,4262.31,313.418,-85.6935,3.8635,2460.81,0
97.2665,4260.9,284.901,-94.3499,5.87481,2458.15,0
97.9536,4260.38,297.862,-76.5511,4.85809,2446.23,0
98.6302,4251.42,316.007,-67.8892,4.11143,2520.3,0
99.3196,4241.95,318.272,-53.3571,4.89963,2598.15,0
100.005,4247.54,325.356,-41.5655,3.38756,2524.46,0
100.692,4236.15,314.764,-64.0833,5.17542,2620.35,0
101.376,4236.46,301.1,-55.5896,6.24491,2599.66,0
102.059,4233.28,309.557,-74.011,4.9679,2613.43,0
102.747,4236.7,287.267,-90.3994,5.87314,2562.58,0
103.428,4247.39,299.442,-99.3433,3.03977,2442.37,0
104.108,4263.66,285.741,-92.3279,2.33007,2270.13,0
104.791,4265.53,252.878,-93.0586,4.62879,2237.53,0
105.477,4256.14,270.668,-102.116,3.59405,2311.97,0
106.157,4266.1,235.45,-107.717,4.98403,2203.35,0
106.848,4273.2,261.561,-117.403,1.43913,2122.66,0
107.524,4254.77,277.495,-118.094,2.13087,2280.66,0
108.217,4260.93,282.061,-135.191,0.257925,2209.15,0
108.895,4246.81,309.511,-115.933,0.383579,2325.11,0
109.585,4224.81,300.22,-97.0202,4.45999,2511.17,0
110.278,4214.91,308.01,-94.9386,4.8463,2585.19,0
110.963,4205.27,318.722,-105.63,4.43292,2656.12,0
111.659,4190.45,332.453,-90.0808,5.14997,2772.29,0
112.338,4191.1,341.685,-91.2283,3.78281,2749.71,0
113.015,4186.95,327.998,-105.195,4.68117,2769.97,0
113.706,4193.89,320.375,-96.138,4.47041,2692.12,0
114.385,4212.1,321.375,-91.555,1.94934,2516.96,0
115.063,4192.98,346.53,-87.3801,2.11443,2668.27,0
115.741,4211.19,325.245,-105.692,1.08291,2495.33,0
116.415,4191.42,324.323,-135.139,2.79551,2650.66,0
117.105,4170.93,334.516,-130.602,4.53379,2810.03,0
117.783,4166.54,349.18,-130.784,3.51632,2831.09,0
118.474,4189.42,345.615,-118.421,0.998834,2621.51,0
119.153,4161.25,325.81,-151.239,5.43756,2842.99,0
119.831,4176.35,346.354,-138.448,1.53994,2700.87,0
120.51,4167.1,341.337,-126.877,3.61823,2762.45,0
121.188,4179.44,327.578,-111.489,3.66986,2645.1,0
121.878,4200.84,311.049,-147.129,0.97261,2454.58,0
122.578,4185.14,295.422,-181.213,2.82516,2568.62,0
123.262,4199.94,273.769,-186.848,2.35156,2434.35,0
123.942,4184.94,290.036,-173.554,3.50299,2541.97,0
124.635,4191.81,294.096,-173.037,2.08256,2472.71,0
125.32,4187.37,302.984,-164.062,2.32192,2494.64,0
126.011,4173.22,324.358,-174.313,1.8363,2593.31,0
126.685,4161.19,325.1,-167.465,3.59176,2674.42,0
127.371,4155.78,338.311,-173.507,2.59241,2702.51,0
128.06,4190.23,321.83,-138.189,0.826357,2418.94,0
128.741,4178.77,307.232,-181.513,1.71357,2495.19,0
129.426,4171.97,326.438,-193.512,0.35352,2534.53,0
130.116,4173.28,309.561,-197.728,1.37026,2510.96,0
130.802,4171.15,292.026,-206.92,2.44728,2514.07,0
131.493,4163.66,274.708,-202.606,5.00363,2557.84,0
132.174,4162.26,259.457,-213.962,5.1503,2555.23,0
132.849,4165.73,253.512,-201.968,5.60307,2516.15,0
133.534,4157.66,259.919,-178.235,7.03018,2563.66,0
134.221,4162.12,239.461,-185.295,6.8195,2517.3,0
134.917,4157.28,235.031,-197.656,6.16363,2540.2,0
135.593,4160.27,250.275,-205.446,3.2518,2505.54,0
136.28,4150.68,247.318,-192.068,5.34417,2563.26,0
136.977,4178.29,242.887,-202.384,1.16855,2348.64,0
137.666,4167.36,259.981,-172.125,2.96432,2416.31,0
138.348,4174.19,244.907,-158.326,3.97018,2354.97,0
139.032,4165.74,254.743,-167.711,3.40908,2404.23,0
139.719,4162,253.085,-137.364,5.64338,2419.13,0
140.408,4168.56,270.308,-125.817,3.35863,2360.56,0
141.098,4143.34,271.172,-129.226,5.94139,2527.78,0
141.782,4132.34,272.844,-116.918,7.16986,2593.14,0
142.46,4127.75,271.487,-138.519,5.93315,2613.04,0
143.142,4138.56,254.897,-148.838,5.08522,2525.06,0
143.836,4146.15,253.299,-119.796,5.40646,2460.06,0
144.525,4160.96,261.471,-144.439,1.17643,2345.89,0
145.2,4118.17,303.557,-152.782,2.02462,2629.66,0
145.877,4120.07,298.047,-153.974,2.26629,2604.43,0
146.569,4111.05,306.437,-152.141,2.59624,2653.72,0
147.255,4108.51,307.253,-157.214,2.48837,2658.59,0
147.941,4099.74,306.259,-149.208,4.07257,2705.53,0
148.629,4113.61,314.495,-142.972,1.11952,2599.72,0
149.308,4098.15,328.714,-174.879,0.0339454,2691.42,0
149.996,4096.35,305.867,-190.253,1.65887,2691.05,0
150.673,4095.93,300.638,-203.269,1.37071,2681.79,0
151.355,4095.15,315.74,-202.01,0.02239,2674.81,0
152.044,4091.89,284.438,-205.3,3.35429,2684.14,0
152.73,4088.05,302.082,-213.361,1.4002,2697.27,0
153.414,4051.29,324.926,-199.446,5.48187,2924.8,0
154.097,4076.07,318.131,-221.097,0.808111,2751.03,0
154.782,4063.77,315.677,-251.538,0.731794,2818.32,0
155.467,4064.05,301.043,-211.798,4.94951,2804.11,0
156.165,4066,296.709,-195.142,6.0626,2779.1,0
156.847,4057.95,294.917,-184.722,7.43361,2818.33,0
157.525,4069.49,298.915,-197.777,3.46889,2732.95,0
158.215,4054.77,310.879,-209.151,3.29783,2814.09,0
158.891,4050.31,308.028,-224.902,3.02438,2830.17,0
159.569,4056.29,311.295,-212.695,2.56471,2780.65,0
160.249,4028.58,313.845,-235.38,5.00326,2941.79,0
160.941,4019.6,326.208,-234.157,4.93699,2984.94,0
161.628,4040.63,317.323,-240.648,1.80198,2842.12,0
162.289,4032.24,309.583,-220.934,5.35818,2882.28,0
162.964,4024.16,314.545,-231.5,4.83323,2919.88,0
163.65,4014,303.268,-230.338,6.99979,2969.77,0
164.337,4010.63,299.442,-226.851,7.37044,2977.87,0
165.028,4013.27,305.56,-242.335,3.78418,2949.39,0
165.717,3991.68,316.433,-270.446,3.73568,3067.39,0
166.397,3999.9,328.299,-265.063,1.40574,3005.44,0
167.083,4001.97,310.671,-257.065,3.53679,2980.73,0
167.777,3996.49,306.233,-278.38,2.86112,3001.07,0
168.465,3984.6,301.737,-297.851,3.59283,3059.41,0
169.149,3990.71,292.297,-291.008,3.97562,3010.93,0
169.837,3983.59,306.702,-305.125,2.25989,3040.63,0
170.517,3976.92,289.925,-301.958,5.03782,3067.65,0
171.199,3969.79,273.202,-293.051,8.24572,3097.05,0
171.883,3965.3,261.224,-295.972,8.78753,3110.82,0
172.577,3960,271.286,-295.32,7.37199,3129.03,0
173.254,3973.29,300.486,-285.148,2.53796,3040.08,0
173.938,3950.85,303.115,-270.153,7.30208,3157.19,0
174.612,3963.15,323.608,-257.115,3.30154,3074.5,0
175.299,3950.32,331.478,-236.356,6.25672,3135.68,0
175.966,3945.32,311.208,-228.23,9.02089,3152.22,0
176.652,3933.56,297.981,-237.819,9.70307,3206.51,0
177.341,3926.3,320.033,-222.013,7.81998,3235.03,0
178.03,3927.32,312.834,-221.36,7.74349,3216.77,0
178.708,3919.79,327.072,-209.569,6.47839,3246.7,0
179.396,3916.07,319.45,-197.059,8.4135,3254.96,0
180.08,3887.22,314.53,-199.668,1.10734,3402.84,0
180.771,3898.36,293.661,-184.506,4.68776,3328.22,0
181.467,3889.16,312.713,-198.943,1.13818,3366.14,0
182.155,3879.31,292.472,-208.912,5.14917,3407.45,0
182.845,3891.97,288.971,-199.898,4.57315,3325.37,0
183.532,3877.06,283.607,-185.723,9.31383,3394.19,0
184.225,3889.09,289.825,-176.584,5.72329,3316.11,0
184.914,3889.07,300.43,-200.883,0.649318,3303.87,0
185.596,3888.87,281.898,-192.245,5.01462,3292.8,0
186.275,3889.63,269.349,-219.786,3.23714,3276.7,0
186.97,3850.07,288.442,-216.776,7.0513,3476.11,0
187.654,3857.81,287.931,-221.971,4.15035,3422.2,0
188.337,3864.91,298.962,-207.356,2.66158,3372.09,0
189.019,3852.19,313.824,-205.249,2.41086,3427.19,0
189.712,3837.39,298.643,-197.589,8.4038,3492.7,0
190.41,3825.46,318.208,-197.788,4.86322,3542.58,0
191.091,3806.29,311.576,-184.111,10.8752,3630.26,0
191.773,3805.35,300.551,-190.138,0.769675,3622.26,0
192.461,3818.99,274.372,-210.844,1.00207,3538.42,0
193.143,3795.46,277.561,-209.962,5.17177,3647.76,0
193.824,3806.1,255.609,-192.055,10.7466,3580.06,0
194.512,3801.39,246.928,-195.461,10.5401,3591.58,0
195.204,3770.55,230.754,-199.912,6.27102,3736.86,0
195.88,3782.96,226.793,-198.631,5.06827,3660.6,0
196.581,3794.52,223.121,-194.122,4.55568,3588.74,0
197.259,3779.79,226.23,-177.896,8.15651,3651.08,0
197.944,3744.08,223.838,-176.419,2.83267,3818.85,0
198.626,3744.63,211.519,-170.729,8.12624,3803,0
199.308,3743.99,193.871,-148.986,7.58388,3793.17,0
199.995,3754.91,190.819,-152.385,5.05367,3725.53,0
200.677,3782.36,158.786,-136.323,4.97278,3576.12,0
201.36,3776.96,173.594,-125.167,3.46637,3590.8,0
202.056,3779.52,178.985,-122.671,1.72232,3565.75,0
202.731,3809.52,159.572,-130.696,2.07185,3405.91,0
203.41,3833.27,159.535,-120.297,1.29812,3277.74,0
204.092,3814.33,148.507,-143.41,1.07061,3359.61,0
204.769,3814.45,147.526,-127.164,5.09474,3347.91,0
205.46,3809.46,166.284,-116.092,3.01323,3360.93,0
206.158,3813.41,174.607,-110.277,1.29139,3330.39,0
206.845,3806.81,175.555,-93.3978,4.30837,3351.26,0
207.534,3816.82,162.074,-90.4684,7.1962,3291.91,0
208.211,3803.19,152.662,-99.1585,9.23317,3346.67,0
208.903,3816.81,158.804,-97.4133,5.11493,3270.39,0
209.597,3799.5,161.194,-87.1817,6.85514,3342.14,0
210.295,3816.48,141.331,-103.215,6.62289,3250.31,0
210.984,3811.81,123.914,-73.7101,4.33294,3261.83,0
211.665,3813.51,128.508,-60.981,4.30499,3243.3,0
212.358,3830.18,122.79,-50.6009,5.4272,3154.21,0
213.046,3818.46,116.306,-36.0865,8.76192,3199.01,0
213.723,3832.17,118.122,-34.7629,6.28854,3124.74,0
214.398,3830.31,112.438,-8.49646,7.9629,3123.57,0
215.084,3833.72,100.613,-2.85746,9.73223,3097.76,0
215.772,3840.82,105.043,-24.3238,5.6502,3055,0
216.449,3857.72,116.313,-9.86732,1.67548,2967.36,0
217.144,3867.74,114.715,-0.992746,1.0971,2911.72,0
217.834,3860.08,100.302,8.07819,5.42507,2937.63,0
218.523,3856.45,115.921,2.63458,1.41397,2945.01,0
219.201,3839.81,109.448,-27.1173,3.38546,3011.81,0
219.885,3847.7,93.096,-21.3213,6.80503,2966.57,0
220.573,3844.87,97.9696,-29.3456,4.66945,2970.14,0
221.256,3847.77,84.5294,-26.2105,7.09256,2947.84,0
221.947,3853.14,78.323,-31.6874,6.73773,2914.48,0
222.621,3851.62,61.5125,-29.4126,9.19507,2912.48,0
223.295,3863.59,51.5764,-31.3775,7.87958,2850.1,0
223.976,3858.71,57.8853,-44.1067,4.65095,2863.21,0
224.666,3865.99,42.5234,-33.6159,7.66084,2822.02,0
225.352,3852.09,43.2475,-31.7281,7.94087,2875.09,0
226.034,3835.52,41.269,-30.3229,8.61349,2939.71,0
226.715,3833.64,27.1083,0.845207,1.87191,2939.2,0
227.403,3822.31,11.7069,-3.81365,6.42355,2980.14,0
228.088,3810.4,-8.16495,-27.5248,1.89057,3023.4,0
228.776,3788.12,0.263616,-0.912053,10.5069,3111.69,0
229.459,3793.32,16.7855,-6.47987,4.25256,3079.77,0
230.147,3806.66,-12.1897,6.07811,4.29504,3012.58,0
230.826,3812.81,-5.98346,-0.577365,5.56033,2977.1,0
231.502,3849.01,4.90761,-10.3423,1.67407,2812,0
232.172,3879.09,-1.80219,-3.19351,1.49807,2674.34,0
232.85,3866.36,-1.23413,0.678778,2.82985,2721.25,0
233.539,3838.58,8.45077,0.290843,2.96037,2832.14,0
234.222,3827.01,11.3565,11.2108,1.69497,2873.29,0
234.901,3784.3,19.7583,14.641,1.81572,3046.81,0
235.587,3756.29,19.6771,8.564,4.47073,3156.84,0
236.276,3747.74,2.20797,1.606,10.0854,3183.81,0
236.97,3749.35,-16.8551,22.1972,0.510969,3167.68,0
237.654,3755.33,-17.1005,12.4538,2.7266,3133.41,0
238.34,3757.63,-2.40019,21.9974,1.70436,3114.75,0
239.03,3787.82,2.44037,16.4781,1.7293,2979.46,0
239.712,3804.98,-2.98299,13.6387,1.49008,2899.4,0
240.397,3812.98,-6.46658,-9.22872,1.8046,2857.87,0
241.076,3812.89,-3.59314,3.8036,3.47654,2850.16,0
241.76,3803.04,-6.75731,-5.67747,2.81652,2882.87,0
242.442,3792.77,0.331663,1.31317,5.33422,2917.12,0
243.126,3799.48,0.645566,2.82204,4.40387,2881.28,0
243.809,3800.12,-4.92074,-6.01964,2.67274,2870.61,0
244.493,3764.75,5.3537,5.24479,4.59961,3007.25,0
245.163,3745.84,4.97715,19.3777,1.22142,3076.15,0
245.847,3725.14,-0.551868,21.9928,1.37051,3151.78,0
246.528,3705.85,12.8122,18.2447,1.69296,3221.34,0
247.209,3705.38,14.6166,-12.3154,2.88384,3214.37,0
247.897,3694.74,-10.1191,-18.7104,2.21614,3248.38,0
248.581,3714.53,8.49942,-10.3939,4.6915,3159.84,0
249.262,3696.24,2.03324,1.42616,8.50234,3224.54,0
249.952,3680.98,3.92864,8.97012,4.99137,3276.71,0
250.623,3682.15,-1.94851,-9.17966,4.52863,3263.28,0
251.307,3657,4.82757,-4.04587,6.44518,3354.45,0
251.992,3657.72,-0.0956824,-4.44377,6.72097,3342.51,0
252.669,3666.23,-2.52001,-0.571276,7.525,3299.85,0
253.352,3665.92,-7.51952,1.43683,3.83752,3292.16,0
254.031,3684.63,4.86034,6.25151,2.94628,3209.71,0
254.711,3677.48,1.98599,-2.55234,5.07132,3229.21,0
255.394,3678.03,5.02017,-1.28697,3.87492,3218.45,0
256.081,3678.23,5.70463,-10.793,0.471886,3209.05,0
256.767,3692.12,3.987,2.85012,3.38003,3146.37,0
257.452,3705.5,2.32492,2.88648,3.29001,3086.01,0
258.142,3695.12,-6.11074,-6.23512,1.29425,3117.96,0
258.823,3677.23,-7.2017,8.86891,0.334852,3178.88,0
259.505,3692.47,-0.280847,-9.61737,0.6507,3111.8,0
260.184,3690.28,6.46886,2.70904,1.8743,3112.12,0
260.875,3686.13,4.69636,2.45317,2.67778,3119.76,0
261.556,3656.48,-6.45761,-8.58036,0.692635,3225,0
262.238,3691.94,-2.67864,-0.678534,3.48018,3081.41,0
262.925,3665.38,-1.74671,10.2492,0.551879,3174.35,0
263.607,3672.92,0.810624,-3.30233,3.77061,3137.55,0
264.29,3681.61,3.06644,-2.79441,3.0643,3096.55,0
264.981,3693.87,1.31507,-6.23022,1.57483,3042.21,0
265.673,3687.12,5.55677,3.29419,1.61263,3059.68,0
266.362,3681.79,0.728454,-8.57206,0.583964,3071.8,0
267.042,3676.45,-3.38646,1.2712,2.98683,3083.97,0
267.741,3669.66,7.23848,-3.23147,1.0518,3101.27,0
268.431,3670.24,-1.26682,-5.31023,2.09913,3091.15,0
269.112,3689.03,-0.826245,7.79776,0.405919,3013.5,0
269.787,3676.78,-5.23052,-2.34808,1.66181,3051.36,0
270.469,3664.48,-5.23319,1.56036,2.18503,3089.17,0
271.156,3644.88,-7.11775,3.56246,2.9792,3153.61,0
271.839,3639.65,11.2538,15.1662,4.89268,3164.91,0
272.511,3660.47,-3.49585,-0.00973028,8.67711,3080.71,0
273.195,3668.01,-14.9114,10.1667,0.26353,3045.39,0
273.879,3683.43,-0.772,-5.15976,6.0576,2981.49,0
274.554,3666.23,0.66135,2.31451,7.66162,3036.83,0
275.241,3677.19,-5.15426,1.16105,5.28272,2989.4,0
275.935,3677.02,6.77853,-4.39186,3.68289,2982.53,0
276.623,3662.99,6.36327,-12.438,0.758267,3025.82,0
277.304,3687.45,-4.38962,-1.39918,4.63871,2930.17,0
277.989,3673.6,-3.58121,-8.36261,2.97627,2972.8,0
278.666,3641.35,-9.30865,15.2798,6.95778,3081.28,0
279.347,3622.73,-13.4699,11.6917,1.92056,3140.42,0
280.034,3600.74,-18.9477,4.94117,11.2124,3211.25,0
280.719,3582.08,-23.8708,31.2727,7.12319,3269.87,0
281.407,3570.24,-25.3479,22.6212,2.91792,3303.95,0
282.095,3549.39,-30.4311,53.2291,10.687,3369.84,0
282.784,3547.13,-27.4134,75.533,6.36784,3369.61,0
283.474,3548.2,3.36535,98.0403,4.02538,3357.64,0
284.159,3560.77,-2.88232,83.5962,4.84447,3305.29,0
284.841,3563.96,-1.06996,86.048,2.16508,3286.19,0
285.531,3540.61,23.9334,84.0137,1.54829,3360.03,0
286.202,3527.46,33.4261,75.1845,10.2354,3398.1,0
286.882,3514.03,13.6597,79.9242,4.14373,3436.85,0
287.564,3503.51,25.7517,64.7413,4.48628,3465.3,0
288.259,3499.45,24.4677,60.7975,9.0844,3471.01,0
288.952,3480.05,20.1575,52.3394,6.06855,3529.84,0
289.638,3452.97,15.6355,74.1731,8.61272,3614.96,0
290.325,3434.6,9.67241,57.805,1.71229,3669.7,0
291.01,3428.13,-23.7757,63.7887,1.67545,3683.28,0
291.698,3420.29,-12.1901,82.4895,1.30742,3701.45,0
292.376,3421.68,-28.8552,59.5447,2.48415,3688.15,0
293.059,3404.96,-48.5786,49.5129,3.53416,3736.58,0
293.738,3437.11,-32.1273,22.444,2.57173,3618.48,0
294.422,3419.32,-21.3737,49.5821,3.15519,3670.52,0
295.112,3414.23,-31.9372,36.7304,3.92511,3679.17,0
295.798,3435.21,-24.8252,31.5504,2.39706,3599.72,0
296.487,3398.84,-38.3536,24.2821,5.03215,3714.03,0
297.169,3406.84,-7.66693,51.4067,3.49336,3678.57,0
297.851,3437.75,6.15542,53.5142,0.363188,3566.38,0
298.541,3427.08,42.5208,19.5407,1.88337,3593.88,0
299.222,3405.36,68.6056,12.2291,2.26791,3658.29,0
299.915,3393.12,98.231,44.4796,0.534521,3690.66,0
300.599,3381.67,96.99,23.1064,2.3313,3720.33,0
301.277,3367.57,98.5686,44.2646,3.07808,3758.75,0
301.973,3349.92,93.3993,33.5831,5.11133,3808.55,0
302.656,3352.34,100.029,17.7055,4.27986,3791.98,0
303.344,3358.43,118.683,5.65352,1.99777,3763.28,0
304.035,3353.58,140.307,23.2834,0.549135,3770.68,0
304.729,3334.91,99.6661,-8.03239,5.75031,3823.38,0
305.41,3334.55,80.8581,-3.70125,6.61733,3816,0
306.101,3341.37,82.4299,-13.7484,5.11367,3785.13,0
306.792,3320.51,113.184,-17.4326,4.21955,3844.59,0
307.485,3324.44,103.912,3.92459,4.49273,3823.15,0
308.173,3325.13,89.0525,37.2302,4.48006,3812.37,0
308.851,3336.02,92.2274,-6.09264,3.5344,3768.75,0
309.536,3342.73,118.22,16.1549,0.511267,3738.72,0
310.221,3323.96,99.5813,1.84421,4.02449,3790.98,0
310.902,3335.48,112.572,-1.7269,1.62944,3745.62,0
311.583,3331.05,124.77,-21.5941,0.860405,3751.64,0
312.27,3311.87,132.891,25.6986,2.11946,3804.82,0
312.953,3308.11,123.968,26.3279,3.19473,3808.54,0
313.63,3315.36,129.612,22.822,1.86006,3777.17,0
314.326,3307.31,111.111,25.3818,4.18347,3794.43,0
315.003,3309.16,95.0928,26.7844,5.07152,3780.41,0
315.682,3314.32,81.177,22.3786,5.46997,3755.93,0
316.367,3300.66,67.8001,32.5754,6.66216,3791,0
317.05,3299.51,62.9692,22.9833,6.44669,3786.45,0
317.746,3290.43,87.8828,32.3238,4.38997,3806.72,0
318.418,3289.48,90.1995,42.4116,3.61906,3801.66,0
319.11,3286.7,73.9303,24.4839,5.62969,3802.14,0
319.804,3304.81,64.0549,24.1662,4.13509,3737.28,0
320.484,3287.46,70.6337,18.6329,4.88208,3783.47,0
321.161,3289.71,54.6763,-2.83887,5.64753,3768.5,0
321.293,3280.63,43.7812,-6.79312,7.34365,3795.21,0
