0.689659,4474.72,308.533,-961.088,2.79739,36650.6,0
1.37827,4453.76,300.961,-976.086,4.76023,33546.4,0
2.05713,4446.53,287.586,-985.911,5.17178,25994.6,0
2.73564,4447.02,284.155,-987.68,4.53129,19368.1,0
3.42167,4455.44,288.635,-987.077,3.23215,13023.4,0
4.10227,4443.94,302.875,-979.746,4.44972,13666.3,0
4.78528,4479.31,310.248,-951.166,0.450312,4322.82,0
5.46604,4480.26,336.34,-947.189,0.272888,3611.57,0
6.14258,4446.52,309.825,-937.116,4.45012,8706.14,0
6.83081,4465.48,335.822,-970.436,1.53403,5053.67,0
7.52978,4469.97,351.871,-972.046,0.913837,3987.56,0
8.22394,4458.91,358.429,-977.734,2.05644,4995.8,0
8.90269,4472.7,361.297,-950.746,0.717482,3066.57,0
9.58286,4463.64,353.599,-961.762,1.67768,3794.35,0
10.2717,4464.98,328.839,-970.023,1.52881,3409.23,0
10.9524,4453.36,337.481,-960.171,2.94038,4258.17,0
11.6318,4461.36,333.145,-941.28,2.23541,3321.91,0
12.3163,4460.87,342.341,-954.16,1.9651,3177.22,0
12.9977,4460.56,371.599,-954.627,1.88104,3034.23,0
13.6875,4464.84,360.204,-967.257,1.22543,2568.53,0
14.3639,4462.86,353.599,-938.988,1.72796,2585.96,0
15.0355,4464.67,371.385,-923.507,1.53786,2349.96,0
15.7115,4457.94,416.279,-889.325,2.46715,2676.83,0
16.3939,4471.89,429.025,-889.045,0.727572,1714.6,0
17.0675,4448.71,446.736,-898.399,3.24824,3005.05,0
17.7496,4462.24,448.518,-896.86,1.55773,2127.49,0
18.443,4427.78,459.887,-888.423,5.56448,3915.85,0
19.1315,4447.16,440.152,-858.975,3.30827,2761.91,0
19.811,4472.24,435.736,-863.881,0.222981,1401.3,0
20.506,4464.75,441.612,-866.489,1.03732,1718.93,0
21.1867,4470.01,424.265,-903.252,0.112234,1415.57,0
21.8721,4441.56,460.785,-905.076,3.28389,2671.72,0
22.5478,4456.67,462.144,-900.914,1.43376,1921.71,0
23.2363,4454.89,456.421,-915.342,1.49454,1941.22,0
23.9164,4433.92,476.164,-897.524,3.99474,2762.92,0
24.606,4440.62,468.637,-880.189,3.14218,2413.06,0
25.2861,4440.44,440.949,-865.308,3.36322,2355.51,0
25.9724,4442.03,455.61,-846.45,3.15192,2231.9,0
26.6539,4423.92,459.044,-853.445,4.60682,2854.22,0
27.341,4415.27,465.402,-831.797,5.49236,3098.92,0
28.0263,4397.03,472.954,-816.706,7.00641,3674,0
28.7192,4391.71,464.733,-812.816,6.67981,3770.79,0
29.4058,4387.42,483.556,-808.007,6.29539,3828.62,0
30.1013,4380.1,496.343,-813.34,6.25166,3983.31,0
30.7811,4383.55,482.297,-813.303,5.20952,3783.31,0
31.4563,4391.07,454.316,-827.511,4.04505,3463.03,0
32.1452,4382.39,476.357,-845.23,4.36835,3658.67,0
32.8287,4384.22,498.523,-821.821,4.15033,3526.84,0
33.5089,4387.68,494.494,-830.49,3.23334,3351.86,0
34.1866,4386.24,491.153,-835.511,3.24852,3327.64,0
34.867,4382.12,481.754,-845.153,3.49648,3380.82,0
35.556,4364,461.614,-848.78,5.4024,3825.07,0
36.2469,4360.3,461.831,-861.508,5.44641,3854.01,0
36.9195,4353.46,467.384,-856.065,5.82664,3969.17,0
37.5967,4342.17,494.011,-866.934,6.03267,4198.02,0
38.2809,4332.21,468.964,-862.533,6.57141,4383.15,0
38.9644,4340.33,455.655,-894.686,4.80178,4097.81,0
39.6546,4336.79,470.835,-875.648,4.75642,4115.75,0
40.3356,4336.37,478.732,-879.752,4.36231,4056.79,0
41.0216,4355.36,479.723,-888.196,1.90831,3525.88,0
41.7031,4365.26,462.355,-933.786,0.351921,3230.87,0
42.3897,4361.87,486.561,-947.056,0.494096,3258.62,0
43.0707,4347.57,468.072,-976.995,1.99776,3539.01,0
43.7503,4342.72,485.245,-976.876,2.44588,3594.97,0
44.4497,4327.97,473.918,-1014.55,3.6747,3870.24,0
45.1321,4321.77,488.16,-1008.23,4.26136,3949.04,0
45.8139,4315.59,480.736,-988.529,5.03079,4025.18,0
46.5044,4307.73,468.113,-989.528,5.57728,4134.45,0
47.1932,4296.37,478.977,-983.009,6.01134,4314.85,0
47.8813,4295.45,473.734,-972.457,5.85921,4271.95,0
48.559,4294.35,471.457,-958.602,5.69729,4235.15,0
49.2532,4268.88,468.57,-963.598,7.63813,4692.42,0
49.9269,4270.25,465.53,-978.505,6.44806,4601.82,0
50.607,4270.33,468.988,-977.666,5.61369,4538.34,0
51.3016,4270.63,473.074,-980.431,4.56493,4471.09,0
51.989,4285.74,481.644,-971.485,2.62139,4121.34,0
52.6737,4274.9,479.919,-964.323,3.95958,4273.55,0
53.3474,4262.52,484.8,-967.631,5.04989,4451.55,0
54.0308,4268.52,485.5,-957.468,4.2153,4284.24,0
54.719,4272.01,483.684,-957.433,3.66073,4166.49,0
55.3971,4274.87,467.497,-951.654,3.34926,4063.99,0
56.079,4280.2,468.829,-924.476,2.84351,3919.48,0
56.7636,4282.85,473.409,-930.212,2.44813,3825.43,0
57.4376,4295.92,485.973,-924.479,0.783542,3553.11,0
58.1245,4284.39,507.529,-907.793,2.17555,3709.38,0
58.8007,4264.37,506.586,-905.078,4.40886,4007.2,0
59.4816,4268.81,516.247,-905.843,3.50064,3886.66,0
60.1652,4279.71,499.647,-932.403,1.93305,3661.47,0
60.8528,4271.43,490.319,-938.468,2.76415,3756.13,0
61.5316,4274.9,504.313,-946.77,2.17244,3658.34,0
62.2302,4261.13,493.523,-955.819,3.64987,3838.45,0
62.9069,4232.61,487.67,-955.26,6.71645,4250.49,0
63.5849,4234.22,485.265,-949.395,5.65186,4179.92,0
64.2706,4227.62,489.66,-941.99,5.73523,4238.09,0
64.9549,4234.09,507.298,-952.005,4.30327,4093.74,0
65.6418,4209.95,488.644,-947.22,6.86768,4418.62,0
66.3216,4198.05,495.934,-946.677,7.49194,4552.8,0
67.0114,4190.11,507.402,-956.89,7.37098,4624.45,0
67.6933,4180.81,511.404,-946.571,7.51272,4715.22,0
68.3758,4176.22,536.24,-944.179,6.74194,4735.33,0
69.0524,4177.26,547.851,-943.473,5.61483,4673.78,0
69.7364,4199.62,548.723,-919.092,2.77716,4307.33,0
70.4214,4180.12,561.726,-918.667,4.90157,4542.43,0
71.1055,4151.86,566.306,-916.399,7.31297,4896.08,0
71.7804,4177.23,571.336,-917.804,3.59751,4496.6,0
72.4658,4172.91,564.493,-883.699,4.22887,4513.75,0
73.1497,4185.12,567.423,-883.157,2.51403,4304.63,0
73.8334,4182.66,578.535,-873.275,2.80662,4298.05,0
74.5185,4182.36,596.753,-866.309,2.6928,4262.51,0
75.2137,4169.69,610.544,-884.883,3.74822,4391.58,0
75.9037,4158.22,605.02,-872.887,5.09354,4502.88,0
76.5943,4148.6,603.176,-869.122,5.77567,4587.86,0
77.2815,4182.3,583.937,-885.66,1.39807,4110.95,0
77.9646,4157.29,622.566,-883.754,4.16428,4395.77,0
78.6563,4144,634.098,-880.557,5.5674,4526.04,0
79.3331,4134.59,647.587,-886.753,6.1248,4606.05,0
80.024,4126.92,656.767,-875.623,6.50002,4662.12,0
80.7117,4114.68,647.384,-884.199,7.05759,4773.99,0
81.4021,4096.85,649.199,-893.006,8.11301,4952.59,0
82.084,4080.38,649.205,-884.717,8.78572,5112.11,0
82.7613,4082.66,638.171,-888.966,7.6779,5042.66,0
83.4409,4073.92,620.163,-878.817,7.69732,5106.36,0
84.1189,4064.87,610.739,-853.929,7.92582,5172.84,0
84.799,4071.86,623.835,-839.234,5.92797,5048.84,0
85.4767,4063.91,637.435,-829.559,6.12081,5101.81,0
86.1621,4055.93,627.953,-808.815,6.68884,5153.95,0
86.8474,4049.43,632.957,-812.471,6.49516,5188.02,0
87.5332,4057.45,640.873,-810.059,4.85725,5055.79,0
88.2224,4083.02,647.81,-804.641,1.52188,4726.51,0
88.9083,4077.33,669.948,-807.602,2.04199,4754.04,0
89.5941,4072.47,665.064,-802.95,2.69724,4771.81,0
90.2833,4053.6,645.113,-793.34,5.13656,4944.46,0
90.9664,4043.99,642.804,-789.861,5.81227,5012.99,0
91.6502,4048.6,640.106,-808.232,4.61759,4925.3,0
92.3312,4038.49,636.063,-798.144,5.47616,4998.44,0
93.014,4031.92,639.53,-797.576,5.49667,5032.31,0
93.6977,4027.75,608.929,-824.985,5.46222,5040.13,0
94.3784,4030.98,655.057,-839.464,4.26159,4969.52,0
95.0601,4009.13,615.061,-834.599,6.65076,5163.82,0
95.7519,4016.5,621.978,-823.003,4.93184,5049.48,0
96.4457,3983.33,620.932,-841.314,8.05617,5357.08,0
97.1232,3983.85,629.598,-842.392,6.86567,5314.44,0
97.8024,3988.96,619.109,-837.024,5.67876,5225.28,0
98.489,3994.62,606.961,-835.955,4.47613,5131.35,0
99.1772,3980.91,599.688,-836.44,5.65436,5233.92,0
99.8713,3986.85,583.664,-825.937,4.64165,5138.12,0
100.56,4009.23,609.056,-821.349,1.50908,4880.43,0
101.24,4006.05,610.321,-843.805,1.71727,4878.98,0
101.917,3980.08,613.677,-856.512,4.80715,5101.37,0
102.614,3987.84,594.51,-894.809,3.32834,4991.1,0
103.294,3990.22,602.226,-910.828,2.7135,4935.23,0
103.989,3976.29,631.277,-919.065,4.10181,5036.2,0
104.666,3977.02,630.659,-909.725,3.9653,4996.71,0
105.364,3997.72,619.221,-881.702,1.526,4767.1,0
106.053,3980.58,596.808,-876.876,3.74421,4897.75,0
106.744,3966.8,597.699,-893.765,5.21132,4995.15,0
107.429,3956.6,601.452,-886.472,6.01971,5058.22,0
108.11,3961.89,586.567,-894.858,4.56739,4977.42,0
108.795,3977.8,557.585,-880.297,2.56322,4799.83,0
109.471,3957.92,557.038,-886.082,4.90046,4951.84,0
110.175,3948.51,575.434,-881.137,5.64894,5005.59,0
110.863,3939.16,571.886,-860.702,6.48834,5058.81,0
111.552,3951.36,557.232,-875.555,4.66867,4918.24,0
112.252,3945.35,569.072,-872.848,5.06574,4941.13,0
112.944,3952.47,579.837,-889.673,3.7434,4847.81,0
113.624,3954.36,603.643,-899.252,3.19134,4802.15,0
114.304,3968.26,619.669,-909.652,1.25145,4651.98,0
114.999,3957,613.13,-909.407,2.64945,4721.74,0
115.688,3967,596.753,-930.033,1.29454,4607.18,0
116.375,3961.33,580.097,-928.373,2.05439,4628.7,0
117.057,3960.9,570.244,-888.741,2.38538,4605.4,0
117.744,3968,577.736,-885.13,1.43324,4518.23,0
118.43,3955.77,599.744,-888.212,2.82969,4595.36,0
119.118,3927.07,612.191,-893.78,5.96607,4809.74,0
119.799,3911.66,619.306,-889.053,7.0789,4911.03,0
120.482,3904.95,627.558,-885.988,6.98351,4938.87,0
121.171,3907.74,619.094,-884.143,5.95048,4887.78,0
121.853,3904.82,623.551,-888.877,5.65273,4884.43,0
122.538,3900.54,646.267,-876.33,5.81569,4892,0
123.236,3888.74,632.123,-880.361,6.50871,4960.07,0
123.919,3891.88,646.564,-880.611,5.20888,4907.4,0
124.613,3876.73,644.446,-856.647,6.74283,5001.63,0
125.298,3866.61,655.465,-847.284,6.9384,5055.02,0
125.979,3873,636.648,-860.909,5.3497,4977,0
126.672,3867.06,646.981,-853.897,5.66961,4996.66,0
127.356,3877.43,638.789,-841.569,4.21958,4888.43,0
128.055,3851.52,641.162,-808.793,7.09059,5064.05,0
128.741,3857.65,645.802,-811.998,5.70296,4989.47,0
129.435,3854.51,652.706,-798.289,5.70967,4986.93,0
130.122,3875.77,646.438,-802.592,2.50737,4797.31,0
130.807,3869.11,618.06,-820.131,3.3039,4823.03,0
131.488,3873.6,616.065,-823.069,2.58077,4763.91,0
132.19,3863.97,646.105,-812.164,3.66688,4811.49,0
132.875,3848.72,633.448,-808.845,5.20759,4901.47,0
133.561,3851.67,615.002,-816.303,4.58986,4854.15,0
134.248,3861.71,624.901,-834.759,2.98406,4754.56,0
134.937,3846.29,599.93,-870.965,4.61473,4844.58,0
135.622,3853.47,616.27,-866.892,3.36515,4767.18,0
136.304,3846.46,612.497,-848.528,4.07121,4794.69,0
136.99,3844.31,599.999,-832.139,4.08855,4786.4,0
137.674,3850.23,589.898,-818.308,3.36915,4719.66,0
138.369,3846.93,590.187,-797.707,3.70703,4719.81,0
139.059,3859.78,580.225,-803.142,1.94224,4603.92,0
139.741,3856.22,579.891,-777.742,2.56025,4606.93,0
140.426,3861.38,595.166,-789.06,1.69077,4547.73,0
141.112,3859.36,587.488,-767.641,2.13577,4539.96,0
141.799,3846.29,583.099,-762.79,3.81893,4610.08,0
142.482,3822.56,575.144,-775.632,6.22519,4754.53,0
143.157,3838.64,582.94,-767.937,3.55745,4619.86,0
143.84,3850.63,580.308,-766.673,1.91343,4514.53,0
144.525,3847.65,580.901,-756.047,2.27953,4513.78,0
145.202,3826.96,584.244,-763.118,4.55785,4635.18,0
145.875,3816.4,594.67,-755.542,5.69509,4686.23,0
146.547,3813.49,601.401,-735.383,5.8529,4684.56,0
147.224,3826.25,600.554,-734.518,3.63616,4576.38,0
147.895,3812.42,595.085,-745.305,4.91604,4649.11,0
148.576,3796.49,591.115,-720.402,6.41801,4735.02,0
149.263,3800.6,589.608,-724.87,4.83603,4685.72,0
149.942,3788.21,597.85,-749.63,5.92037,4747.12,0
150.625,3783.66,580.387,-770.776,5.68257,4755.77,0
151.298,3775.06,585.909,-778.454,5.97804,4791.51,0
151.984,3776.14,608.431,-789.541,5.17227,4762.74,0
152.658,3766.48,612.466,-773.505,5.76882,4805,0
153.343,3761.62,598.225,-780.661,5.67311,4815.22,0
154.021,3763.14,592.189,-799.435,4.81862,4784.16,0
154.705,3756.93,576.772,-789.474,5.49256,4803.13,0
155.384,3740.94,567.488,-797.967,6.82731,4885.06,0
156.077,3749.99,573.599,-804.95,4.86041,4805.39,0
156.762,3727.98,581.169,-801.935,7.19279,4924.76,0
157.437,3739.73,545.688,-809.203,4.75336,4829.07,0
158.121,3713.39,561.135,-846.567,7.57503,4974.73,0
158.811,3709.4,565.544,-861.438,6.45401,4978.21,0
159.487,3709.07,565.852,-866.483,5.86927,4959.22,0
160.172,3694.79,557.501,-856.06,7.18408,5027.14,0
160.865,3713.82,564.365,-842.41,4.12932,4887.23,0
161.55,3698.82,544.75,-839.678,5.59224,4959.34,0
162.247,3683.95,552.114,-847.04,6.74417,5029.72,0
162.934,3670.32,563.525,-855.443,7.31877,5092.15,0
163.623,3666.42,569.875,-859.258,6.60457,5094.53,0
164.315,3657.93,565.292,-859.892,6.79646,5124.7,0
165.003,3650.22,562.184,-868.42,7.04927,5150.09,0
165.69,3646.98,553.853,-873.77,6.44046,5148.28,0
166.372,3628.15,554.027,-885.228,7.71161,5240.35,0
167.059,3639.32,560.067,-863.472,5.43371,5151.94,0
167.745,3651.16,551.688,-872.939,3.55756,5060.34,0
168.44,3669.46,550.979,-860.712,1.04333,4930.8,0
169.129,3662.97,554.225,-865.035,1.87814,4949.05,0
169.813,3635.31,535.248,-846.891,5.47198,5092.04,0
170.503,3619.05,538.294,-839.731,6.81597,5166.78,0
171.19,3600.1,546.308,-825.978,7.92305,5256.71,0
171.869,3603.07,540.258,-819.974,6.92643,5218.71,0
172.545,3611.42,520.883,-814.885,5.27608,5149.86,0
173.225,3601.6,505.798,-831.634,5.74414,5186.34,0
173.915,3609.65,533.359,-832.986,4.23635,5119.47,0
174.605,3627.1,524.758,-798.981,1.88522,4999.3,0
175.301,3614.65,475.462,-821.111,3.57644,5050.45,0
175.987,3604.12,483.565,-822.1,4.6457,5090.61,0
176.665,3599.88,491.272,-841.96,4.66158,5095.05,0
177.34,3596.76,495.474,-856.924,4.85015,5093.25,0
178.028,3614.89,479.206,-893.246,2.31739,4971.74,0
178.708,3603.03,461.092,-910.546,3.76955,5019.22,0
179.392,3589.24,459.788,-888.817,5.20538,5076.89,0
180.075,3605.99,455.715,-866.731,2.85655,4964.67,0
180.758,3598.95,464.732,-847.229,3.66349,4984.84,0
181.441,3612.51,456.642,-880.164,1.69901,4891.36,0
182.122,3603.18,453.633,-895.655,2.90539,4924.28,0
182.82,3587.77,459.888,-893.739,4.79129,4989.76,0
183.508,3580.22,470.694,-925.882,5.40857,5012.2,0
184.194,3589.78,487.667,-926.124,3.66512,4941.62,0
184.868,3579.18,485.546,-905.761,4.7414,4980.98,0
185.545,3576.58,489.594,-907.679,4.7485,4976.82,0
186.214,3594.75,446.426,-929.424,2.05365,4861.37,0
186.905,3576.31,448.692,-949.54,4.31141,4942.06,0
187.582,3563.44,451.068,-962.4,5.83045,4992.8,0
188.263,3534.97,450.297,-936.16,8.18409,5126,0
188.954,3526.57,462.669,-929.101,7.81817,5151.66,0
189.642,3503.75,452.723,-924.267,9.12668,5253.34,0
190.326,3494.68,432.891,-925.886,8.56827,5282.06,0
191.015,3468.26,419.281,-925.146,9.80462,5401.34,0
191.7,3481.73,414.785,-933.539,6.74605,5311.78,0
192.38,3488.49,406.664,-944.98,5.29515,5257.86,0
193.065,3497.46,397.115,-950.975,3.96674,5192.75,0
193.756,3479.87,397.717,-973.523,5.61057,5265.01,0
194.452,3498.89,393.36,-972.841,3.00784,5148.38,0
195.14,3485.79,371.214,-963.687,4.50779,5197.32,0
195.826,3484.8,351.202,-967.738,4.28972,5184.18,0
196.502,3476.71,361.406,-969.477,4.55453,5207.54,0
197.191,3467,353.19,-953.853,5.38083,5238.57,0
197.875,3487.03,328.827,-974.469,2.6652,5119.22,0
198.554,3496.45,339.095,-959.442,1.62712,5054.31,0
199.25,3506.77,315.065,-969.194,0.269155,4984.84,0
199.933,3487.07,329.952,-968.78,2.49469,5066.33,0
200.616,3467.28,326.526,-959.4,4.91128,5147.74,0
201.307,3460.56,326.525,-945.177,5.33313,5163.46,0
201.989,3485.33,326.905,-957.091,2.00595,5023.37,0
202.668,3484.87,338.25,-954.899,1.93315,5008.83,0
203.341,3499.16,335.849,-932.231,0.504328,4921.96,0
204.035,3469.76,352.909,-925.391,3.92519,5049.35,0
204.722,3454.22,363.479,-925.336,5.48796,5108.31,0
205.409,3455.63,357.778,-895.864,5.12402,5084.35,0
206.087,3473.43,348.147,-891.048,2.93051,4981.25,0
206.771,3467.3,364.496,-882.485,3.4308,4994.4,0
207.459,3466.52,369.505,-916.261,2.93169,4981.62,0
208.149,3452.4,339.41,-937.224,4.42273,5032.9,0
208.839,3442.54,313.002,-953.006,5.03509,5063.52,0
209.517,3444.66,301.762,-956.612,4.52492,5036.99,0
210.207,3433.6,335.306,-952.246,5.33485,5073.09,0
210.9,3431.71,352.078,-981.306,4.84354,5065.38,0
211.577,3450.11,312.024,-994.743,2.4854,4962.22,0
212.255,3454.59,268.239,-990.072,2.10059,4925.29,0
212.939,3464.91,276.54,-978.254,0.898584,4860.96,0
213.62,3454.17,264.751,-947.578,2.5094,4895.77,0
214.309,3443.01,285.341,-957.18,3.47878,4932.08,0
215.001,3451.98,282.813,-954.962,2.28388,4874.5,0
215.694,3467.74,295.658,-972.693,0.154215,4785.77,0
216.383,3430.32,296.201,-964.658,4.6339,4943.45,0
217.078,3417.23,262.206,-976.313,5.70376,4987.93,0
217.757,3430.95,266.593,-969.302,3.95622,4909.36,0
218.442,3413.86,249.313,-987.968,5.61194,4972.23,0
219.116,3421.36,233.1,-988.202,4.29849,4922.66,0
219.797,3420.43,230.443,-982.45,4.26399,4911.65,0
220.488,3414.94,231.953,-978.348,4.77553,4921.17,0
221.178,3397.83,233.679,-986.892,6.15208,4983.2,0
221.865,3391.87,230.601,-987.114,6.04481,4994.58,0
222.552,3399.12,230.636,-995.163,4.8523,4946.62,0
223.248,3400.53,233.304,-972.474,4.66399,4924.87,0
223.945,3408.9,259.998,-982.09,3.12,4872.18,0
224.637,3367.86,283.086,-990.147,7.39476,5039.86,0
225.327,3365.97,294.126,-997.202,6.36245,5032.83,0
226.01,3382.3,302.035,-1000.28,4.13065,4945.37,0
226.7,3367.17,316.876,-1008.43,5.45205,4997.03,0
227.379,3365.04,320.829,-998.528,5.22544,4991.5,0
228.063,3359.97,318.1,-1025.72,5.07928,4998.75,0
228.747,3332.11,304.462,-1032.28,7.51742,5105.6,0
229.441,3324.42,287.731,-1034.3,7.01107,5123.67,0
230.134,3330.12,279.08,-1016.9,5.69523,5083.48,0
230.817,3309.16,292.005,-1017.66,7.08827,5159.24,0
231.502,3310.56,314.259,-1015.18,5.86631,5137.91,0
232.19,3318.12,322.134,-1031.09,4.06296,5090.13,0
232.869,3328.21,322.764,-1007.53,3.00757,5031.97,0
233.554,3344.85,320.938,-1040.56,0.640931,4945.94,0
234.232,3337.14,355.002,-1038.13,1.4349,4964.56,0
234.92,3341.61,389.311,-1031.56,0.767231,4931,0
235.599,3331.06,345.915,-1026.41,2.24377,4961.57,0
236.291,3332.09,340.725,-1030.8,2.01784,4942.69,0
236.982,3328.94,340.501,-1005.88,2.59363,4941.55,0
237.669,3338.92,291.653,-1018.57,1.36197,4885.3,0
238.365,3319.05,296.422,-1050.43,3.25587,4954.37,0
239.048,3305.78,279.212,-1069.39,4.39986,4995.74,0
239.741,3284.9,280.329,-1044.75,6.70971,5068.4,0
240.432,3282.48,268.177,-1036.33,6.11184,5063.89,0
241.124,3284.72,271.13,-1036.89,5.19214,5040.06,0
241.814,3281.36,272.218,-1037.63,5.15863,5039.57,0
242.495,3282.95,277.104,-1014.13,4.97465,5018.87,0
243.175,3282.53,294.008,-1025.74,4.52686,5006.56,0
243.853,3268.91,281.674,-1020.67,5.9552,5048.49,0
244.53,3269.07,286.046,-1019.01,5.43828,5033.87,0
245.216,3258.01,279.09,-992.191,6.48189,5064.86,0
245.901,3246.92,286.012,-999.101,6.70861,5095.85,0
246.58,3219.98,284.499,-1007.04,8.61968,5191.08,0
247.259,3218.14,273.741,-975.02,7.93285,5184.29,0
247.946,3227.9,268.241,-962.583,5.97573,5130.55,0
248.638,3203.09,289.914,-987.445,7.57232,5216.05,0
249.32,3208.32,298.499,-989.194,6.06857,5180.81,0
250.002,3192.28,280.149,-991.953,7.58098,5230.85,0
250.691,3188.63,282.252,-996.705,7.21894,5231.04,0
251.384,3184.56,279.487,-983.171,6.97114,5232.78,0
252.065,3198.96,268.797,-963.241,5.01785,5161.5,0
252.75,3206.14,295.608,-989.339,3.51946,5119.13,0
253.432,3206.03,288.713,-998.248,3.15287,5105.78,0
254.115,3225.4,317.589,-983.43,0.73063,5015.83,0
254.804,3195.28,321.906,-980.661,4.29535,5120.48,0
255.48,3189.24,303.554,-974.426,4.93574,5130.56,0
256.164,3210.38,289.446,-987.35,2.06009,5034.33,0
256.854,3211.63,290.459,-994.71,1.68969,5015.98,0
257.541,3195.84,307.22,-993.792,3.48412,5063.88,0
258.221,3184.2,299.676,-1015.19,4.49407,5095.64,0
258.901,3176.24,292.146,-1024.07,5.15659,5112.99,0
259.592,3189.84,302.396,-1025.87,3.18121,5046.98,0
260.268,3186.88,309.951,-1016.72,3.57273,5045.26,0
260.95,3210.88,321.887,-992.285,0.794287,4940.12,0
261.632,3194.18,375.249,-956.089,2.99229,4991.05,0
262.321,3204.67,377.548,-967.112,1.49717,4937.95,0
263.009,3184.63,375.566,-981.785,3.7116,5001.24,0
263.696,3188.63,374.57,-986.011,2.98831,4973.03,0
264.377,3208.3,382.752,-988.335,0.376662,4885.83,0
265.067,3192.27,355.614,-989.733,2.42268,4933.6,0
265.756,3192.47,379.255,-947.293,2.68708,4920.02,0
266.424,3198.7,331.366,-964.909,1.90148,4884.33,0
267.102,3207.04,299.94,-986.151,0.71515,4840.71,0
267.807,3166.73,298.585,-1022.01,5.30623,4978.46,0
268.498,3163.21,281.807,-1015.26,5.2054,4978.76,0
269.179,3149.28,308.635,-1025.9,6.18346,5017.91,0
269.86,3153.51,310.676,-1037.3,5.14769,4989.57,0
270.541,3141.59,303.494,-1046.74,6.06347,5021.09,0
271.227,3158.63,311.336,-1073.39,3.26395,4945.57,0
271.912,3174.55,309.004,-1049.55,1.49249,4874.57,0
272.596,3171.4,310.207,-1015.23,2.1387,4873.89,0
273.286,3150.26,324.774,-1004.52,4.6026,4938.93,0
273.976,3166.64,300.094,-1013.38,2.45101,4866.7,0
274.655,3179.33,288.598,-1008.1,0.947638,4808.47,0
275.331,3174.37,265.035,-973.653,1.9452,4814.67,0
276.008,3178.17,295.141,-975.942,1.37508,4789.09,0
276.694,3175.11,276.402,-994.245,1.58742,4788.3,0
277.384,3165.25,245.954,-1021.78,2.56822,4811.94,0
278.079,3151.52,280.491,-1027.09,3.96703,4849.27,0
278.763,3147.54,292.683,-1032.7,4.0688,4851.64,0
279.451,3145.24,281.542,-1054.12,3.86009,4847.96,0
280.133,3153.29,285.079,-1055.42,2.69019,4807.42,0
280.807,3160.88,310.238,-1051.84,1.69555,4768.84,0
281.481,3130.5,318.788,-1066.81,5.23346,4865.33,0
282.166,3136.79,323.895,-1086.78,3.88791,4831.22,0
282.857,3149.37,340.615,-1102.07,1.96577,4774.97,0
283.546,3152.56,343.483,-1120.87,1.35431,4752.1,0
284.227,3136.7,379.272,-1133.05,3.08072,4796.53,0
284.908,3151.59,368.64,-1127.79,1.17684,4732.81,0
285.597,3112.46,360.737,-1154.84,5.56732,4858.4,0
286.285,3116.14,378.891,-1141.25,4.6667,4833.85,0
286.973,3113.37,396.771,-1134.83,4.86917,4831.91,0
287.653,3122.93,401.302,-1123.04,3.43869,4787.27,0
288.33,3109.94,389.132,-1131.19,4.7479,4821.08,0
289.019,3121.66,396.186,-1125.01,3.19728,4769.03,0
289.708,3102.62,385.866,-1136.63,5.14122,4823.41,0
290.389,3129.07,351.014,-1122.17,2.00084,4721.01,0
291.078,3104.36,353.116,-1121.85,4.96949,4794.75,0
291.764,3097.95,356.594,-1130.33,5.13032,4805.41,0
292.451,3096.5,373.175,-1139.77,4.54291,4799.1,0
293.138,3086.25,391.32,-1143.15,5.27314,4822.83,0
293.829,3094.44,390.361,-1147.99,3.90708,4783.6,0
294.51,3086.87,403.981,-1172.98,4.38476,4798.25,0
295.188,3083.82,382.868,-1175.53,4.4847,4797.54,0
295.874,3111.44,386.261,-1156.9,1.0369,4693.07,0
296.566,3105.16,373.632,-1133.71,2.03621,4703.32,0
297.25,3093.07,393.692,-1135.15,3.30566,4733.17,0
297.931,3087.49,379.814,-1146.52,3.64002,4741.05,0
298.613,3095.3,376.639,-1174.96,2.29009,4704.07,0
299.295,3078.17,386.035,-1175.31,4.30356,4750.61,0
299.975,3078.86,370.257,-1186.71,4.06311,4737.52,0
300.664,3080.22,362.476,-1198.89,3.70138,4722.13,0
301.358,3077.61,341.308,-1180.96,3.99765,4719.92,0
302.04,3074.57,314.306,-1167.25,4.30948,4719.36,0
302.727,3078.48,304.469,-1173.6,3.47787,4695.73,0
303.402,3072.14,313.322,-1188.92,4.00724,4706.16,0
304.085,3070.04,304.036,-1164.55,4.2288,4702.51,0
304.764,3064.51,272.732,-1177.21,4.57363,4710.18,0
305.448,3039.07,281.92,-1171.96,7.16351,4782.9,0
306.131,3045.37,282.913,-1194.31,5.60946,4751.65,0
306.813,3029.86,259.965,-1221.76,6.30659,4791.66,0
307.507,3024.87,275.699,-1218.56,5.981,4797.06,0
308.196,3023.68,284.401,-1242.62,5.24513,4790.19,0
308.879,3021.54,281.126,-1235.26,5.17486,4786.54,0
309.563,3037.91,244,-1225.47,3.22745,4723.08,0
310.25,3032.29,236.862,-1237.16,3.60426,4730.73,0
310.934,3016.12,210.925,-1233.2,5.18601,4772.33,0
311.609,3000.89,219.242,-1219.83,6.4248,4810.88,0
312.294,2995.62,240.378,-1222.28,6.3294,4817.2,0
312.976,2999.51,262.197,-1203.3,5.00519,4794.26,0
313.658,3010.86,286.139,-1198.94,3.37804,4747.64,0
314.342,3017.08,290.093,-1229.94,2.07526,4717.54,0
315.017,3030.54,277.652,-1256.73,0.122812,4664.71,0
315.701,3004.91,301.267,-1280.44,3.12968,4735.78,0
316.402,3009.32,332.194,-1265.22,2.52067,4711.34,0
317.093,3014.47,305.965,-1255.21,2.02667,4684.83,0
317.778,3000.85,310.531,-1247.18,3.64555,4717.61,0
318.458,3004.93,317.791,-1240.09,2.90351,4694.72,0
319.138,3001.34,337.862,-1222.46,3.37657,4695.97,0
319.823,3000.77,334.529,-1194.8,3.62619,4687.7,0
320.501,2982.33,340.695,-1203.08,5.59968,4735.32,0
321.196,2999.66,325.877,-1207.8,2.95619,4671.1,0
321.879,2981.09,303.477,-1198.38,5.12898,4718.9,0
322.565,2987.98,310.499,-1191.09,3.86761,4687.49,0
323.245,2988.92,300.388,-1221.18,3.27704,4674.72,0
323.918,3005.62,356.932,-1272.9,0.551614,4613.46,0
324.61,3000.99,349.248,-1287.36,0.989954,4617.87,0
325.293,2984.23,349.912,-1252.52,3.39602,4659.71,0
325.977,2969.31,379.154,-1238.61,5.06274,4695.69,0
326.659,2962.03,378.76,-1239.17,5.49066,4708.18,0
327.34,2954.12,391.614,-1228.94,6.01427,4722.53,0
328.029,2935.78,380.323,-1216.6,7.3695,4768.53,0
328.715,2944.96,361.121,-1216.6,5.55167,4730.68,0
329.392,2944.77,353.113,-1222.18,5.09249,4721.51,0
330.079,2945.28,348.504,-1213.87,4.7951,4710.14,0
330.767,2939.59,356.85,-1194,5.34178,4717.56,0
331.447,2936.19,343.722,-1197.81,5.2213,4718.12,0
332.138,2952.12,364.819,-1221.26,2.54105,4660.36,0
332.822,2950.19,380.178,-1208.58,2.83592,4656.58,0
333.514,2952.58,388.604,-1199.78,2.53347,4639.76,0
334.19,2940.32,374.615,-1228.09,3.87563,4667.04,0
334.88,2934,373.89,-1237.1,4.31563,4676.31,0
335.559,2915.56,369.098,-1216.04,6.06434,4721.79,0
336.24,2917.63,356.75,-1200.54,5.39665,4706.08,0
336.92,2916.81,386.915,-1201.1,5.00755,4699.01,0
337.608,2920.61,385.786,-1213.02,3.96848,4678.18,0
338.289,2926.51,374.928,-1207.09,2.93384,4651.33,0
338.97,2909.75,367.97,-1223.92,4.60732,4691.42,0
339.657,2925.71,348.436,-1242.9,2.29038,4634.94,0
340.344,2915.62,329.768,-1243.96,3.56526,4655.23,0
341.035,2932.4,343.25,-1257.63,1.19169,4596.59,0
341.732,2928.12,348.822,-1305.68,1.35433,4599.75,0
342.415,2935.95,346.821,-1298.19,0.389128,4567.72,0
343.099,2924.42,362.87,-1344.31,1.45432,4592.2,0
343.789,2919.82,387.403,-1343.52,1.91842,4596.37,0
344.48,2899.02,390.583,-1326.5,4.49038,4647.52,0
345.167,2898.21,373.191,-1339.17,4.16457,4640.61,0
345.846,2878.78,368.696,-1338.41,6.22622,4687.71,0
346.543,2887.63,370.503,-1358.55,4.52956,4652.71,0
347.213,2879.63,366.356,-1369.31,5.03523,4666.79,0
347.903,2905.58,386.272,-1374.26,1.51566,4582.94,0
348.587,2909.74,390.013,-1371.68,0.964557,4562.02,0
349.269,2901.21,359.421,-1396.56,1.95311,4577.54,0
349.965,2903.65,351.227,-1374.5,1.82484,4561.45,0
350.641,2903.32,364.356,-1412.45,1.51333,4553.6,0
351.343,2889.15,347.239,-1416.56,3.30359,4584.84,0
352.042,2878.15,333.958,-1418.18,4.55394,4606.98,0
352.729,2856.35,323.366,-1420.14,6.81918,4659.81,0
353.415,2825.08,315.084,-1436.06,9.38755,4739.24,0
354.102,2807.63,327.738,-1419.79,10.0586,4779.33,0
354.791,2802.03,323.81,-1430.81,8.06097,4785.83,0
355.474,2800.4,326.025,-1427.24,6.99828,4781.24,0
356.155,2797.14,343.366,-1441.39,6.46567,4781.23,0
356.834,2796.93,350.939,-1438.11,5.77888,4772.74,0
357.523,2800.3,346.655,-1414,5.07784,4754.09,0
358.217,2793.79,328.637,-1409.55,5.60441,4763.05,0
358.914,2772.91,325.051,-1419.01,7.13557,4811.99,0
359.587,2775.94,323.546,-1424.14,5.91995,4794.55,0
360.281,2809.83,337.525,-1423.61,1.36508,4691.25,0
360.962,2791.7,328.343,-1427.09,3.5707,4732.64,0
361.645,2813.31,345.671,-1407.08,0.737209,4663.95,0
362.329,2805.78,362.443,-1416.7,1.59433,4675.91,0
363.006,2803.4,392.253,-1412.59,1.89219,4673.76,0
363.688,2780.51,403.229,-1395.1,4.79252,4727.92,0
364.388,2791.36,419.57,-1380.82,3.15212,4689.05,0
365.088,2803.67,433.929,-1372.53,1.53623,4646.36,0
365.781,2788.83,454.649,-1355.82,3.49835,4678.12,0
366.462,2794.23,460.177,-1360.12,2.46635,4654.69,0
367.144,2780.25,471.564,-1344.89,4.21889,4684.13,0
367.82,2784.75,496.415,-1352.98,3.42641,4663.28,0
368.506,2760.96,500.149,-1341.7,6.42399,4719.17,0
369.181,2756.8,495.953,-1324.26,6.19325,4721.79,0
369.875,2761.73,503.017,-1331.79,4.72939,4699.6,0
370.563,2756.66,478.01,-1330.39,4.94186,4704.57,0
371.25,2777.09,477.812,-1310.14,2.24739,4640.83,0
371.935,2765.95,504.229,-1289.35,3.64726,4662.26,0
372.627,2762.84,513.406,-1297.07,3.88131,4661.94,0
373.317,2776.5,535.859,-1257.46,2.2244,4616.73,0
374.003,2778.15,540.762,-1268.6,1.89779,4603.83,0
374.685,2773.95,528.073,-1259.46,2.51866,4606.69,0
375.361,2765.37,536.195,-1267.57,3.40288,4621.24,0
376.055,2760.15,541.886,-1284.9,3.85836,4626.57,0
376.747,2781.25,555.044,-1286.26,0.968192,4562.08,0
377.434,2775.51,531.641,-1285.52,1.7827,4568.98,0
378.119,2779.05,533.268,-1282.6,1.34402,4551.36,0
378.788,2757.24,523.965,-1275.98,4.09691,4600.88,0
379.476,2765.45,516.682,-1284.72,2.8292,4570.92,0
380.157,2747.32,532.982,-1257.29,5.12836,4610.41,0
380.838,2740.12,536.235,-1255.96,5.52911,4621.07,0
381.528,2740.47,554.901,-1243.05,4.94943,4611.78,0
382.217,2737.35,563.577,-1228.9,5.03713,4611.65,0
382.902,2746.22,552.677,-1237.96,3.59408,4580.23,0
383.581,2740.7,552.104,-1240.16,4.17934,4586.53,0
384.274,2733.01,563.59,-1237.1,4.67757,4598.26,0
384.961,2731.46,555.593,-1224.01,4.57843,4594.07,0
385.653,2724.83,565.276,-1217.48,5.12078,4603.02,0
386.336,2714.3,565.752,-1223.16,5.61957,4622.13,0
387.015,2714.89,573.237,-1202.3,5.07535,4612.51,0
387.702,2709.8,556.067,-1223.86,5.07428,4617.45,0
388.394,2707.57,553.876,-1213.73,4.99109,4614.97,0
389.083,2721.42,546.342,-1219.76,2.96129,4571.21,0
389.778,2696.54,532.351,-1235.33,5.74303,4626.88,0
390.464,2686.38,523.092,-1234.99,6.51156,4644.79,0
391.141,2697.67,522.501,-1227.96,4.52134,4607.88,0
391.82,2714.59,505.047,-1247.7,2.13612,4556.71,0
392.499,2700.12,512.123,-1264.71,3.88121,4585.68,0
393.185,2673.59,517.086,-1259.77,6.57024,4645.17,0
393.859,2686.29,513.96,-1268.09,4.28459,4604.96,0
394.545,2681.47,511.826,-1277.99,4.61657,4609.2,0
395.226,2704.1,512.954,-1293.55,1.56804,4543.98,0
395.909,2688.87,524.591,-1294.12,3.49344,4574.61,0
396.601,2686.05,565.252,-1298.29,3.59808,4573.73,0
397.287,2686.89,592.395,-1314,3.2069,4563.73,0
397.974,2676.23,594.62,-1330.05,4.44357,4582.63,0
398.657,2670.65,600.454,-1356.95,4.44452,4588.79,0
399.337,2677.31,595.561,-1324.67,3.388,4564.3,0
400.029,2661.56,595.813,-1319.64,5.15073,4595.77,0
400.73,2654.29,592.153,-1340.52,5.60864,4605.88,0
401.411,2658.62,611.379,-1334.36,4.80643,4587.27,0
402.1,2647.53,615.159,-1326.04,5.67926,4606.99,0
402.788,2642.82,609.474,-1327.81,5.7871,4610.81,0
403.476,2633.75,620.433,-1336.18,6.15384,4625.42,0
404.156,2635.26,614.394,-1329.98,5.26054,4613.92,0
404.835,2639.89,613.908,-1314.06,4.39433,4594.74,0
405.518,2636.29,590.142,-1318.2,4.73653,4595.87,0
406.212,2620.65,613.961,-1342.52,6.17423,4626.53,0
406.901,2623.85,612.538,-1344.32,5.22089,4610.82,0
407.583,2609.82,623.101,-1349.73,6.35345,4637.52,0
408.275,2625.42,617.091,-1328.69,4.01127,4591.46,0
408.957,2635.47,613.433,-1295.13,2.67586,4559.24,0
409.637,2646.28,611.743,-1288.37,1.22838,4525.27,0
410.324,2609.25,626.546,-1304.98,5.88551,4607.95,0
411.008,2606.71,618.892,-1321.85,5.83856,4606.47,0
411.694,2604.37,609.644,-1325.28,5.55312,4604.46,0
412.38,2616.47,611.109,-1376.02,3.52961,4567.47,0
413.064,2598.31,629.487,-1377.36,5.5195,4603.86,0
413.764,2595.83,611.517,-1365.72,5.56601,4602.05,0
414.451,2583.37,618.132,-1361.61,6.61254,4624.49,0
415.137,2568.42,637.466,-1359.1,7.56281,4652.87,0
415.819,2556.1,627.489,-1358.36,7.73736,4674.88,0
416.507,2550.11,622.921,-1350.12,7.24023,4681.52,0
417.19,2555.97,617.492,-1333.28,5.80591,4659.81,0
417.874,2555.03,584.634,-1327.02,5.34421,4654.44,0
418.56,2575.67,551.36,-1315.87,2.30749,4597.5,0
419.247,2564.78,564.207,-1294.24,3.61386,4615.93,0
419.932,2539.71,577.948,-1300.21,6.30762,4668.12,0
420.61,2551.83,591.051,-1310,4.08566,4631.79,0
421.304,2529.52,585.441,-1294.51,6.37425,4677.11,0
421.993,2525.54,569.921,-1284.83,5.91024,4678.88,0
422.678,2538.14,561.817,-1290.18,3.792,4641.5,0
423.354,2539.51,569.843,-1260.97,3.51861,4630.85,0
424.041,2541.4,547.499,-1235.88,3.15419,4618.89,0
424.723,2505.22,547.808,-1203.7,7.27026,4696.67,0
425.407,2516.41,548.29,-1229,4.97332,4662.81,0
426.097,2532.92,556.853,-1241.21,2.55664,4616.51,0
426.788,2517.66,563.856,-1239.54,4.39758,4644.78,0
427.476,2506.9,578.533,-1224.78,5.57218,4662.49,0
427.583,2499.91,577.407,-1221.38,6.43325,4677.67,0
