0.686868,4469.18,47.7301,-131.71,2.11154,44869.2,0
1.37355,4450.8,51.1631,-156.605,2.21053,35817.5,0
2.05443,4437.42,30.3685,-165.878,3.28506,30459.1,0
2.73422,4427.09,28.8626,-177.09,3.49932,26664.1,0
3.40754,4452.05,26.2587,-178.502,0.666524,14071.9,0
4.09408,4429.92,23.0853,-175.364,3.1864,17117.5,0
4.77409,4422.47,37.5676,-193.886,2.38582,16239.6,0
5.44876,4431.58,22.5476,-199.357,1.13745,12556.3,0
6.1308,4403.52,51.4595,-211.853,2.90129,15737.2,0
6.80332,4384.04,44.3924,-201.758,5.63294,17045.1,0
7.481,4365.37,64.921,-201.788,6.34818,17996.1,0
8.15484,4368.02,52.6705,-212.006,4.77452,16184.2,0
8.82918,4360.69,32.2998,-236.812,3.24822,15778,0
9.51491,4374.31,35.6688,-227.388,2.3298,13210.1,0
10.2018,4330.22,33.3701,-224.694,7.00032,16642.7,0
10.8921,4325.78,29.2403,-226.199,6.13764,15994.6,0
11.578,4328.28,30.5362,-228.066,5.2878,14831.9,0
12.2656,4323.13,45.3696,-245.573,4.0734,14419.9,0
12.9403,4324.73,29.4852,-229.481,4.94426,13544.3,0
13.6228,4317.32,58.0963,-254.178,2.88654,13409.9,0
14.3014,4300.96,34.8747,-251.201,5.29315,13917.7,0
14.9814,4298.1,13.2491,-218.161,7.63643,13476.8,0
15.6606,4264.84,8.02905,-219.891,9.86421,15015.8,0
16.355,4263.81,17.3466,-195.836,10.0583,14441.4,0
17.0217,4266.86,28.8547,-190.889,8.08447,13696.4,0
17.7143,4292.12,11.5567,-189.816,4.87967,11734.9,0
18.4167,4293.15,-4.44504,-185.361,4.90734,11231.5,0
19.101,4310.83,5.94058,-184.89,2.80109,9903.46,0
19.7982,4321.5,4.76524,-163.583,3.43167,9016.03,0
20.4787,4338.64,0.878161,-145.226,3.15225,7879.58,0
21.1562,4346.36,-37.4474,-123.08,3.63202,7262.35,0
21.846,4352.95,-32.8287,-142.71,1.46429,6731.06,0
22.5407,4349.05,-38.2109,-135.632,2.34587,6696.8,0
23.2235,4335.15,-53.082,-111.092,5.20256,7098.56,0
23.9129,4327.55,-33.0305,-107.881,6.36921,7211.6,0
24.6039,4321.67,-13.6833,-114.587,5.69332,7247.97,0
25.2923,4318.28,-26.9272,-120.043,4.74801,7184.7,0
25.9832,4303.85,-38.4997,-101.639,6.71184,7549.01,0
26.669,4300.43,-34.9259,-108.759,5.86183,7483.27,0
27.3398,4296.01,-41.2272,-89.2245,7.25472,7461.12,0
28.0197,4287.96,-24.1609,-81.7453,7.95468,7567.63,0
28.7064,4276.48,-29.4216,-71.2699,8.32364,7786.3,0
29.4107,4280.11,-58.2154,-74.1776,5.57957,7476.69,0
30.0853,4301.86,-76.0347,-79.8432,1.65999,6585.82,0
30.7699,4301.66,-61.8148,-60.0625,3.84664,6445.79,0
31.4563,4289.28,-66.1929,-53.6288,4.86306,6698.98,0
32.1478,4289.56,-52.6015,-59.5735,4.87689,6545.98,0
32.8335,4278.22,-38.0227,-38.5911,7.65656,6754.67,0
33.5219,4282.4,-24.1747,-46.839,6.74124,6491.22,0
34.2061,4288.83,-24.1346,-50.5006,5.40142,6173.32,0
34.8933,4307.37,-54.5203,-48.2353,1.83562,5520.42,0
35.5757,4302.44,-25.2358,-51.0253,3.55568,5553.29,0
36.2554,4303.07,-22.7589,-24.6628,5.24494,5431.64,0
36.9453,4297.81,-9.74229,-27.0984,5.81319,5472.74,0
37.6418,4288.2,-17.3188,-21.1822,6.23141,5626.8,0
38.3326,4282.8,-14.4121,-34.936,5.14952,5666.17,0
39.0255,4279.97,-33.5398,-25.0423,4.67291,5638.12,0
39.7186,4289.08,-18.5579,-36.4097,3.88878,5310.4,0
40.4094,4281.85,-25.6692,-34.9246,4.22516,5398.48,0
41.0861,4281.03,-13.9287,-50.3891,3.22489,5329.44,0
41.7738,4270.64,-14.6509,-80.2996,1.40387,5490.62,0
42.4557,4285.15,12.5405,-66.849,1.2425,5060.56,0
43.1454,4267.17,-0.137867,-78.0753,2.02705,5396.49,0
43.8307,4285.94,-7.20828,-64.8959,1.33883,4883.73,0
44.512,4265.55,-8.65445,-36.6799,5.59376,5267.03,0
45.2059,4278.54,-20.5111,-48.0103,2.53917,4899,0
45.888,4291.69,-3.36879,-33.765,2.92837,4539.56,0
46.5661,4286.84,7.52119,-48.7746,1.83008,4577.69,0
47.2539,4264.44,-24.6988,-66.0239,2.00473,4984.97,0
47.9299,4268.1,-10.9367,-58.5095,2.67439,4838.31,0
48.6287,4274.12,-19.7418,-14.6235,5.17477,4644.92,0
49.314,4272.52,-35.3851,-22.5467,3.32018,4612.82,0
49.9975,4263.96,-25.7301,-25.8705,4.51493,4721,0
50.6848,4268.17,-42.3001,-33.6351,2.24712,4573.97,0
51.3659,4273.93,-43.4992,-31.6425,1.68739,4401.21,0
52.0446,4290.26,-9.88671,-25.4739,2.59337,4029.98,0
52.7311,4273.27,3.38056,-24.6348,4.17864,4299.74,0
53.4084,4271.63,-12.8574,-33.3486,3.21267,4275.94,0
54.101,4252.58,1.19866,-37.8612,4.44778,4573.22,0
54.7904,4244.23,21.6673,-56.9013,2.61797,4668.08,0
55.4712,4254.68,11.9373,-67.4122,0.774803,4422.5,0
56.1499,4254.8,19.2623,-36.2055,3.41261,4366.97,0
56.8345,4260.89,20.1802,-46.2683,1.806,4207.07,0
57.5236,4256.63,3.80862,-32.0824,3.88935,4230.76,0
58.2129,4261.39,-16.9664,-53.6849,1.06695,4098.9,0
58.8994,4282.22,9.71516,-35.5566,0.922675,3697.49,0
59.5859,4257.58,5.11664,-48.7026,2.07612,4068.45,0
60.2753,4257.93,13.2489,-37.1245,2.98382,4016.02,0
60.9555,4238.12,6.3757,-36.0335,4.97555,4296.33,0
61.6505,4226.91,31.739,-57.1467,2.82628,4429.65,0
62.3377,4240.23,35.404,-64.741,0.609568,4167.1,0
63.0185,4234.8,52.5756,-35.9356,2.13904,4208.32,0
63.699,4235.35,59.9629,-38.0928,1.32081,4154.68,0
64.378,4252.19,46.2645,-25.6037,1.52837,3849.37,0
65.0672,4255.3,54.3406,-16.1077,0.905208,3760.76,0
65.743,4220.93,86.9388,-1.89641,1.14316,4244.92,0
66.4197,4229.17,66.0741,-41.4123,1.29328,4077.51,0
67.1002,4193.51,63.2532,-22.1663,5.74289,4567.67,0
67.7917,4193.25,88.0927,-25.1665,2.44879,4524.91,0
68.4864,4187.15,101.947,-8.86102,1.57882,4567.99,0
69.1773,4202.7,92.4467,-17.3321,0.998683,4297.6,0
69.8611,4192.2,74.9491,-20.5463,3.84233,4405.87,0
70.5425,4200.47,60.3245,-27.2324,4.08719,4246.16,0
71.2236,4195.78,55.6146,-27.0803,4.72028,4271.27,0
71.9055,4211.99,66.4835,-23.9184,1.86666,4005.45,0
72.5929,4183.78,47.6857,-24.3258,6.17404,4356.11,0
73.2815,4173.95,71.8538,-0.938681,4.37739,4449.28,0
73.9696,4174.24,72.4835,-19.4712,3.6889,4404.01,0
74.6495,4175.97,60.4209,-20.6361,4.64411,4340.75,0
75.339,4202.29,70.6159,-22.5608,0.919529,3951.62,0
76.0241,4197.97,73.7753,-15.3491,1.17245,3972.86,0
76.7065,4148.64,64.2426,-47.4835,5.42095,4580.53,0
77.3956,4137.92,70.4299,-33.8764,6.04416,4678.36,0
78.0624,4123.09,98.4708,-46.1185,2.96948,4828.38,0
78.7524,4112.39,98.3366,-24.7244,4.8141,4921.89,0
79.446,4101.05,73.8395,-25.7078,8.38982,5021.59,0
80.1341,4102.91,64.1263,-55.0286,6.6899,4955.33,0
80.8264,4119.5,62.1464,-59.5365,4.14031,4707.64,0
81.5155,4128.33,54.9516,-37.7227,5.33,4559.46,0
82.2016,4121.54,42.1648,-42.9529,6.35358,4604.07,0
82.8925,4112.55,54.5092,-21.5167,6.63051,4674.16,0
83.5793,4106.28,77.6072,-16.8891,4.12481,4710.74,0
84.2705,4121.69,64.1773,-3.77821,4.48898,4489.27,0
84.9424,4105.27,55.4226,14.0281,6.34235,4647.04,0
85.6396,4112.9,38.4547,9.69895,6.73352,4520.08,0
86.3178,4104.31,32.6338,14.6078,6.99695,4584.06,0
86.9926,4093.63,47.9013,5.69854,5.68786,4671.35,0
87.6947,4096.89,59.4836,0.047395,3.3739,4596.73,0
88.383,4078.74,65.9746,15.9706,3.67608,4766.27,0
89.0618,4089.33,64.7986,29.7484,2.02329,4611.09,0
89.7385,4086.86,45.8935,28.4243,4.53736,4603.81,0
90.42,4099.33,41.1876,34.8148,3.27287,4431.24,0
91.1034,4100.3,56.2357,28.21,1.7432,4387.28,0
91.782,4119.92,40.3359,36.4885,1.03494,4141.12,0
92.4703,4132.97,38.9387,24.1301,0.936345,3969.2,0
93.1592,4138.09,16.2309,-0.0109875,4.00585,3884.87,0
93.8518,4127.65,11.681,-20.8652,3.70197,3967.46,0
94.5257,4121.75,-12.911,-15.4723,4.41743,4001.57,0
95.2151,4130.48,-12.8561,6.30206,4.04084,3880.88,0
95.9022,4118.45,-14.6375,-6.71941,4.37088,3978.56,0
96.5849,4108.28,-34.2781,25.3751,1.80281,4055.75,0
97.2694,4111.57,-38.9644,-24.9365,1.0548,3993.37,0
97.9616,4113.53,-42.0126,2.68921,1.415,3945.13,0
98.6511,4140.12,-7.3951,-8.6088,2.74666,3648.02,0
99.3288,4153.86,2.34773,2.57109,2.38167,3484.76,0
100.023,4131.39,3.67658,-2.76256,4.16054,3685.31,0
100.718,4128.07,15.1865,-4.63601,2.95458,3692.77,0
101.399,4094.94,-12.439,-9.59167,5.5761,3994.69,0
102.079,4115.32,-14.1084,-3.7698,3.54837,3768.44,0
102.767,4109.15,-16.1687,1.266,3.63937,3803.24,0
103.459,4112.19,-13.6961,25.3256,1.7163,3748.42,0
104.14,4080.12,-27.6052,17.2235,3.97617,4031.93,0
104.834,4081.1,-25.9872,-20.3396,3.51361,3995.78,0
105.514,4067.87,-29.7004,-18.3595,4.22163,4095.48,0
106.206,4082.18,-50.5582,-0.99472,0.609966,3934.05,0
106.889,4064.64,-45.2811,13.374,2.53139,4073.02,0
107.578,4063.95,-59.8983,21.6443,0.183089,4053.34,0
108.265,4049.46,-51.4911,-2.79548,3.25617,4161.44,0
108.949,4044.65,-45.712,-27.5298,3.24634,4179.49,0
109.635,4078.61,-37.9722,-19.8844,1.78414,3843.62,0
110.32,4059.43,-48.7124,-13.6926,2.3122,3993.6,0
111.011,4085.51,-35.4791,-25.2105,1.04899,3733.8,0
111.704,4092.64,-35.7182,4.7463,1.44038,3646.76,0
112.387,4085.94,-48.8846,-0.70862,0.181958,3684.23,0
113.075,4061.49,-41.4601,-20.1761,2.72353,3878.07,0
113.762,4041.21,-18.3436,2.42024,7.60631,4032.91,0
114.442,4037.83,-7.32941,14.3871,6.91024,4038.47,0
115.122,4031.32,-0.723302,7.18934,7.78843,4071.17,0
115.816,4044.12,3.45771,16.1347,4.7029,3936.29,0
116.499,4042.24,-15.2927,21.738,3.28323,3929.27,0
117.191,4048.73,-14.2995,26.2727,2.20002,3850.68,0
117.873,4024.28,-11.4398,18.0001,5.30605,4035.89,0
118.56,4010.04,-5.69811,15.2008,6.53508,4132.58,0
119.262,4021.93,6.99178,13.1114,5.21579,4008.54,0
119.946,4018.34,5.24342,4.12734,6.45386,4015.68,0
120.628,4029.68,3.27897,-10.4191,4.26915,3898.97,0
121.302,4025.77,16.8301,-33.4687,0.445262,3909.5,0
121.991,4002.48,7.36423,-27.6703,3.20763,4078.31,0
122.668,3985.92,7.49537,-37.7224,2.82538,4190.79,0
123.353,3997.79,-20.1132,-19.6897,3.49109,4071.31,0
124.035,3985.81,-6.4834,-38.7237,2.52321,4145.51,0
124.727,3959.7,16.556,-35.0861,4.68782,4331.91,0
125.398,3957.59,3.41573,-31.4875,5.69213,4325.49,0
126.092,3973.15,7.58644,-17.4475,6.2707,4178.29,0
126.776,3975.08,4.14142,-46.846,1.10048,4140.54,0
127.459,3955.27,-18.6114,-25.6544,5.22007,4273.76,0
128.131,3962.93,-29.1574,-11.4571,4.41731,4191.55,0
128.818,3965.85,-26.9162,-23.1175,3.32345,4146.55,0
129.5,3972.73,-11.6907,-7.73488,6.20307,4071.62,0
130.193,3962.69,-4.22667,-2.01505,7.66522,4127,0
130.883,3973.66,-22.6074,-13.5927,2.6556,4021.48,0
131.573,3968,-20.459,-12.2544,3.54652,4043.39,0
132.263,3978.58,1.84764,6.40325,5.40029,3942.29,0
132.956,3970.7,-0.780657,20.3882,3.35974,3981.03,0
133.645,3963.59,-1.83491,30.5202,2.07001,4013.71,0
134.335,3967.72,-6.81821,18.9617,3.49424,3962.35,0
135.009,3943.58,11.8234,23.5971,3.70941,4121.35,0
135.691,3955.94,18.2095,0.0497352,4.0389,4009.56,0
136.373,3958.39,-2.65431,31.258,1.23443,3971.5,0
137.063,3964.45,-10.8675,10.9731,3.5905,3907.31,0
137.753,3963.24,1.46489,5.97161,4.83182,3896.57,0
138.438,3946.38,1.16471,-3.36658,6.39827,3999.05,0
139.125,3943.96,11.3615,-16.8374,3.08707,3996.71,0
139.814,3942,13.3038,-20.5568,2.46912,3991.05,0
140.499,3926.33,3.12606,-14.1296,4.95222,4083.09,0
141.173,3925.99,19.852,-29.9744,0.531865,4066.03,0
141.853,3925.67,12.7212,-29.1873,1.36537,4048.79,0
142.538,3910.46,16.36,-8.61835,4.77177,4136,0
143.217,3903.99,14.1915,-13.5701,4.81611,4161.57,0
143.908,3912.45,3.15214,-30.9733,1.74522,4082.78,0
144.588,3901.98,24.3046,-15.7409,2.95444,4135.98,0
145.276,3902.7,25.2809,-1.18121,3.59075,4111.44,0
145.959,3889.05,37.5862,8.07276,1.81317,4185.76,0
146.627,3883.19,37.5404,-6.23301,2.27431,4206.63,0
147.307,3882.36,22.1571,15.7742,4.24246,4192.91,0
148.008,3869.59,6.89051,7.21116,8.58559,4259.28,0
148.691,3874.08,21.2696,28.8395,1.95854,4209.51,0
149.375,3866.24,-4.57167,41.6996,0.891855,4242.77,0
150.058,3866.98,-12.4531,28.324,3.34297,4218.52,0
150.736,3869.65,-28.4494,30.4759,0.669137,4181.8,0
151.433,3885.17,-7.63556,18.1541,4.29168,4060.11,0
152.12,3890.81,-7.1103,11.0699,4.80404,4004.68,0
152.807,3891.4,21.6658,10.6376,1.83352,3982.83,0
153.489,3878.46,2.74774,31.9621,0.757523,4049.38,0
154.163,3850.55,17.6629,16.9853,4.58774,4212.74,0
154.851,3854.85,22.6519,-7.09342,4.22567,4166.26,0
155.535,3856.74,15.8314,2.87736,5.6575,4135.83,0
156.211,3834.98,25.4155,-3.8146,4.66375,4257.23,0
156.901,3830.18,22.5409,6.64672,5.20063,4269.04,0
157.587,3847.21,10.7743,-11.6462,5.4679,4142.38,0
158.276,3844.25,18.0068,-20.0984,2.32278,4143.06,0
158.957,3824.23,17.3747,-31.8058,1.08335,4251.26,0
159.638,3816.4,-19.0381,-33.2187,0.921775,4282.17,0
160.327,3810.88,3.89463,-40.397,0.6033,4298.2,0
161.015,3794.86,8.01066,-9.41398,8.90384,4379.35,0
161.699,3799.44,-12.5153,-26.1206,2.74183,4332.49,0
162.376,3810.67,-8.03491,-8.75243,6.68154,4245.24,0
163.061,3839.73,-15.2008,16.3343,1.49773,4049.25,0
163.746,3831.08,-5.75227,9.2851,4.60449,4085.07,0
164.438,3794.69,10.3359,21.284,3.29901,4289.23,0
165.131,3783.9,-9.23233,7.90293,6.15214,4336.58,0
165.818,3776.56,-2.20901,15.9285,4.8236,4362.84,0
166.514,3752.52,-10.6144,15.9157,4.47806,4489.02,0
167.195,3795.04,0.348461,-1.02924,7.16099,4216.39,0
167.888,3811.49,5.75005,17.1498,1.17226,4100.97,0
168.574,3815.09,-10.4589,10.0493,1.93873,4062.99,0
169.267,3832.53,-9.48334,9.22403,1.08031,3943.31,0
169.959,3835.62,-11.3259,-6.36675,0.937759,3909.08,0
170.646,3828.73,12.1162,-3.79089,1.39097,3933.72,0
171.331,3823.27,-1.86925,6.96328,3.06511,3949.84,0
172.025,3829.81,-3.71651,-10.5897,1.50479,3895.87,0
172.708,3827.57,-12.5281,-2.30062,1.16497,3893.42,0
173.385,3819.36,-1.64813,-3.92516,3.73692,3925.57,0
174.072,3823.35,1.94109,4.43575,3.31659,3887.18,0
174.758,3823.58,4.01352,-0.914642,3.46379,3870.61,0
175.448,3817.32,2.1778,-9.26949,2.32084,3891.05,0
176.134,3816.64,4.77242,-12.2148,1.28717,3879.79,0
176.811,3798.15,7.89102,8.2171,2.8348,3969.49,0
177.502,3790.88,8.03234,3.86269,3.72257,3995.02,0
178.194,3779.89,11.4295,10.7351,2.0449,4041.16,0
178.862,3796.66,10.3288,11.8539,0.864368,3932.3,0
179.541,3809.19,5.43638,11.7656,1.01918,3847.61,0
180.218,3770.18,-6.58154,14.2802,2.28778,4049.67,0
180.904,3792.18,3.01394,1.3084,4.59928,3912.68,0
181.594,3776.27,14.0072,11.4069,0.851064,3985.42,0
182.275,3806.98,-10.4667,6.29116,0.879447,3802.07,0
182.969,3805.93,-4.63505,6.72166,2.07599,3793.39,0
183.65,3818.16,8.11101,8.30968,0.520138,3712.69,0
184.328,3787.24,-2.29792,10.4359,2.55778,3866.82,0
185.018,3807.14,-3.30736,7.93925,1.77629,3744.84,0
185.704,3800.7,7.06398,3.75688,2.30317,3765.68,0
186.389,3816.4,-3.40046,1.60871,2.57603,3667.62,0
187.069,3803.05,6.99323,7.40394,1.43243,3725.6,0
187.751,3826.52,1.72351,-4.16506,1.57985,3587.1,0
188.44,3801.32,-4.33243,-12.3695,0.725037,3707.69,0
189.131,3777.23,-1.76596,8.60333,3.19946,3821.54,0
189.823,3773.6,-1.13696,-14.6137,1.25887,3826.72,0
190.504,3774.81,4.1719,-6.10401,3.28677,3806.72,0
191.188,3800.48,-3.6198,-6.04298,1.94768,3658.82,0
191.876,3799.51,-6.34463,4.90958,1.67313,3650.76,0
192.564,3816.03,4.08089,-3.72602,1.37417,3551.9,0
193.237,3804.96,-2.40136,-6.10924,1.73722,3596.85,0
193.925,3788.44,-4.14252,0.295839,3.41734,3669.26,0
194.622,3759.37,-12.0204,11.3745,1.09473,3805.45,0
195.304,3740.1,-1.88597,5.11119,5.73254,3890.89,0
196.001,3728,-2.77669,10.061,4.21833,3938.76,0
196.684,3692.98,1.35112,9.7868,5.81669,4103.14,0
197.38,3711.53,16.4526,5.90952,1.3903,3994.67,0
198.055,3716.01,7.07348,16.6175,0.844756,3958.47,0
198.733,3685.83,8.1573,-14.2496,2.51806,4096.77,0
199.425,3699.99,-0.866646,-19.868,0.353339,4011.56,0
200.109,3687.72,5.01914,-0.530649,7.5425,4059.17,0
200.789,3696.09,9.27787,-5.13353,4.23087,4003.78,0
201.479,3663.73,11.9654,6.43248,2.90016,4150.67,0
202.165,3653.05,14.1232,-6.75511,3.46694,4189.38,0
202.85,3650.9,22.4891,7.33134,0.647891,4185.85,0
203.532,3672.44,6.31952,20.1846,1.35833,4066,0
204.209,3682.23,-7.26452,20.3463,1.00028,4004.59,0
204.891,3668.81,7.07358,6.27361,6.50323,4056.75,0
205.574,3691.88,4.24281,-16.6307,1.71991,3931.06,0
206.249,3678.25,7.43725,-5.45656,5.62341,3984.26,0
206.933,3665.71,-5.64693,-1.91777,6.73319,4031.7,0
207.616,3666.39,1.78589,13.2469,2.31182,4015.13,0
208.304,3644.04,-11.1792,5.93209,4.66073,4109.18,0
208.987,3631.18,-17.6716,16.0462,8.47273,4157.29,0
209.679,3623.62,-35.1994,-2.38401,9.11605,4179.65,0
210.359,3597.96,-46.6138,-29.194,6.75511,4288.08,0
211.047,3601.72,-58.8768,-54.5428,2.18331,4256.3,0
211.734,3581.92,-37.3298,-76.564,9.43728,4336.01,0
212.412,3566.25,-26.0233,-88.1124,2.74154,4395.95,0
213.086,3548.65,-23.5516,-76.5528,1.85414,4464.63,0
213.771,3538.79,-30.3845,-70.8132,8.39499,4496.42,0
214.448,3524.68,-7.12353,-74.1211,5.89804,4548.06,0
215.139,3502.71,-19.7684,-79.1742,4.95492,4635.57,0
215.818,3499.46,-6.66808,-86.1846,4.49345,4636.02,0
216.504,3486.99,-7.08371,-78.8564,3.80004,4678.96,0
217.197,3498.19,-17.4415,-56.3213,7.52019,4612.46,0
217.882,3494.13,-19.102,-57.373,8.65476,4616.57,0
218.565,3492.91,-17.8013,-52.1436,0.823599,4607.75,0
219.26,3476.34,8.13328,-71.4092,0.705345,4668.72,0
219.949,3463.98,25.0638,-60.0181,3.77321,4710.29,0
220.643,3445.93,18.9794,-62.0801,0.659025,4777.26,0
221.33,3423.94,19.6829,-28.5327,4.11846,4861.76,0
222.022,3407.58,31.9319,-9.05224,5.63867,4920.34,0
222.319,3415.58,14.9996,-9.29972,5.81412,4877.76,0
