0.684974,4497.6,3.25882,16.7083,0.248529,3502.02,0
1.36233,4485.52,-10.9313,12.6676,1.36567,10626.2,0
2.04711,4476.41,3.64653,13.0776,2.38167,11522.5,0
2.72543,4495.06,5.43671,1.77717,1.04184,1814.11,0
3.41511,4487.53,15.7857,17.0828,0.471321,3652.74,0
4.09431,4466.09,-3.53513,4.2493,3.68297,8282.61,0
4.77607,4454.84,3.08078,-20.6809,3.59016,9455.95,0
5.46633,4475.93,11.1443,-18.4397,1.49494,4403.01,0
6.14396,4473.21,5.88196,-33.3881,0.909342,4359.73,0
6.83886,4465.44,5.31341,-37.7356,1.37081,5054.18,0
7.52467,4464.12,6.65271,-6.9138,3.34298,4768.18,0
8.21347,4470.54,-32.8856,-10.1861,1.02876,3586.93,0
8.90261,4477.56,-4.68856,19.8587,1.30164,2520.55,0
9.58512,4471.57,-3.69909,27.7859,1.33027,2966,0
10.2744,4484.8,-9.20141,16.0636,0.703718,1479.66,0
10.9648,4446.94,-24.6402,51.2521,1.68383,4839.54,0
11.6526,4439.61,10.716,81.0955,0.563143,5182.81,0
12.3427,4453.07,1.84271,55.4479,1.10721,3802.18,0
13.0246,4452.15,-0.973016,57.1025,1.09319,3673.48,0
13.7111,4461.44,-0.385006,51.6102,0.572436,2812.06,0
14.4014,4465.53,6.52176,36.1471,1.20233,2393.83,0
15.0899,4451.81,8.45888,32.6525,2.65443,3193.42,0
15.7688,4450.09,54.4529,39.7984,0.276968,3165.1,0
16.4539,4430.22,74.0888,12.8471,1.60935,4240.95,0
17.1396,4399.6,47.206,-8.17891,6.19021,5857.73,0
17.8249,4386.58,40.7685,-0.560685,7.15188,6362.75,0
18.5167,4401.21,42.7056,5.58133,4.91438,5334.92,0
19.2101,4371.58,47.8646,-34.0971,5.91152,6685.03,0
19.9016,4346.81,45.7592,-36.1634,7.50338,7697.55,0
20.5856,4345.76,44.4028,-45.58,6.47588,7492.49,0
21.2642,4340.04,58.7458,-27.9602,6.18253,7522.66,0
21.9552,4332.4,51.8453,-6.91628,7.03549,7633.93,0
22.6311,4345.18,73.3262,-0.660692,3.43906,6840.99,0
23.3114,4353.46,82.0067,0.276823,1.88241,6286.14,0
23.9968,4325.51,95.5272,30.5959,3.03848,7271.25,0
24.6875,4326.35,103.73,48.9463,1.5973,7034,0
25.3734,4341.68,96.4833,41.7138,0.888971,6239.74,0
26.0519,4320.67,90.9347,29.0668,3.77846,6883.42,0
26.7373,4293.1,149.158,50.0624,0.921045,7738.16,0
27.4195,4275.89,156.819,25.4171,2.57207,8173.31,0
28.1075,4273,164.046,18.5421,2.26868,8076.2,0
28.7874,4242.74,201.441,7.81466,1.82627,8936.49,0
29.4597,4226.82,219.605,15.9956,1.6933,9272.86,0
30.1472,4238.6,217.292,14.0098,0.525537,8670.83,0
30.8332,4244.35,207.565,15.4846,0.975326,8291.34,0
31.5242,4230.58,205.484,-14.1096,2.68549,8546.45,0
32.2203,4197.07,217.399,7.53139,4.99134,9401.9,0
32.9059,4187.66,222.109,-22.5407,5.26418,9491.94,0
33.5873,4204.15,232.407,-11.9799,1.99861,8808.39,0
34.2789,4220.99,223.243,18.7422,0.945356,8139.33,0
34.9622,4232.24,203.274,3.64425,1.74717,7658.59,0
35.6446,4222.81,188.661,-8.9441,4.19318,7776.4,0
36.3316,4227.01,207.443,20.94,1.43574,7513.79,0
37.0354,4252.65,185.09,17.4866,1.00995,6678.81,0
37.7165,4211.93,181.254,34.5891,5.20614,7637.76,0
38.4035,4217.85,156.068,49.3588,6.27363,7347.1,0
39.085,4241.94,148.411,41.585,4.20236,6602.66,0
39.7666,4256.94,156.594,54.3253,1.29463,6112.21,0
40.4428,4234.59,169.494,64.3921,1.97816,6562.58,0
41.127,4255.45,151.596,54.088,1.77867,5946.32,0
41.8164,4271.31,149.577,56.5908,0.177693,5469.01,0
42.5031,4257.16,131.004,85.6571,1.99435,5713.54,0
43.1942,4239.99,107.842,103.439,4.53648,6019.54,0
43.8724,4278.84,81.6793,97.4373,2.60585,5041.08,0
44.5671,4277.17,71.1035,98.5732,3.06345,4999.79,0
45.2614,4259.26,103.986,105.602,2.28403,5318.83,0
45.939,4269.33,103.842,95.1953,1.9079,5021.27,0
46.6291,4278.6,84.3881,62.939,4.22505,4748.21,0
47.3231,4288.15,87.4001,67.6711,2.6089,4476.76,0
48.0038,4268.32,108.242,61.9283,3.16726,4826.37,0
48.6778,4291.72,108.193,74.0676,0.10765,4278.81,0
49.3609,4276.23,102.604,56.044,3.03188,4533.39,0
50.0562,4263.61,77.7895,86.3328,4.25788,4722.42,0
50.743,4258.23,94.4224,75.0449,4.05654,4764.52,0
51.4282,4254.57,83.0258,76.0397,4.91686,4772.29,0
52.1129,4267.35,76.8431,66.9453,4.51549,4464.37,0
52.7787,4266.24,94.0083,61.2499,3.43663,4429.13,0
53.4602,4251.91,77.5024,81.48,4.56895,4640.72,0
54.1442,4284.46,67.5147,70.5659,2.49605,3980.94,0
54.8285,4270.14,72.3719,91.4867,2.12051,4192.32,0
55.5163,4275.09,64.8165,99.9095,1.36914,4051.28,0
56.2045,4300.69,32.0797,79.0763,2.0317,3546.21,0
56.8897,4305.91,6.44746,53.2277,4.32581,3411.77,0
57.5735,4265.18,-14.4702,44.675,8.22434,4078.57,0
58.2514,4280.9,-15.8808,62.6869,4.16048,3761.33,0
58.9438,4290.41,-11.4306,34.0176,5.67524,3555.79,0
59.6249,4277.84,-10.9142,37.6017,5.5802,3725.92,0
60.3114,4269.81,-21.0047,31.0865,5.73593,3816.69,0
60.9973,4279.54,-18.4975,34.3172,4.38803,3614.32,0
61.6793,4301.86,-23.385,34.8317,1.90181,3212.48,0
62.3686,4306.25,4.65691,49.8605,0.740537,3106.55,0
63.0531,4292.89,-33.424,39.9099,1.76649,3284.67,0
63.7249,4280.33,-12.9919,50.1467,2.86078,3447.16,0
64.4151,4289.6,-1.14794,28.1506,3.95438,3266.31,0
65.0962,4270.99,-1.41939,40.7967,4.44132,3518.08,0
65.7752,4248.36,-29.1087,47.8441,4.68441,3825.78,0
66.4622,4249.44,-44.8022,30.8981,4.42634,3769.92,0
67.1487,4261.21,-33.7713,12.7158,4.7395,3556.13,0
67.8364,4260.24,-45.4962,23.4293,3.11026,3534.34,0
68.5265,4258.72,-23.4871,2.90683,5.61975,3520.9,0
69.2056,4251.71,-18.6521,-0.836649,6.01837,3587.7,0
69.8955,4261.78,-11.3411,3.89261,5.12295,3408.17,0
70.5753,4262.6,-20.7917,-14.5694,3.31401,3363.74,0
71.2625,4249.05,-9.06298,-19.8504,4.66088,3521.48,0
71.9512,4262.2,-5.21318,-27.038,2.63334,3305.03,0
72.636,4258.77,-5.39891,-49.7987,0.826103,3321.06,0
73.3183,4232.61,10.2125,-61.4768,2.04239,3646.93,0
74.0084,4249.27,-14.6965,-56.9639,0.930793,3387.9,0
74.694,4256.41,-17.5747,-54.7967,0.390737,3261.18,0
75.3833,4258.11,-15.9006,-32.383,2.30587,3208.79,0
76.0627,4255.74,-23.9779,-11.796,3.3974,3211.27,0
76.753,4234.13,-26.1336,8.36682,4.94719,3463.92,0
77.4381,4232.81,-25.9606,6.48544,4.59374,3450.32,0
78.1174,4221.92,-39.9384,2.51017,4.03151,3559.74,0
78.7959,4213.93,-43.7073,18.6074,3.56647,3630.55,0
79.4745,4207.98,-38.9315,30.1954,3.82601,3674.4,0
80.1637,4219.8,-40.7081,14.4736,3.29059,3495.3,0
80.8462,4206.05,-2.45475,9.87355,7.4583,3635.97,0
81.5247,4210.79,12.8474,5.11829,5.53353,3547.47,0
82.2102,4213.38,22.6132,-26.4335,2.77139,3486.44,0
82.8884,4206.36,48.7433,-32.7951,0.737155,3542.61,0
83.5749,4202.64,19.5308,-50.6773,1.47503,3557.96,0
84.2653,4223.26,1.51097,-14.9468,3.58686,3284.14,0
84.9402,4233.67,1.55422,-13.6474,2.61287,3135.52,0
85.6226,4226.57,-2.9385,-6.05222,3.90009,3193.4,0
86.3134,4221.4,-28.2669,1.68231,1.98307,3227.74,0
86.9889,4219.82,-14.5704,15.6577,2.68988,3220.89,0
87.6744,4204.93,-16.89,23.6263,3.12094,3365.56,0
88.3618,4220.95,-23.9073,6.11922,2.06004,3158.09,0
89.0583,4215.5,-36.8086,13.7348,1.01284,3194.58,0
89.7485,4201.74,-13.7159,13.0973,4.19566,3323.26,0
90.434,4193.39,4.50446,24.8583,3.94406,3390.42,0
91.125,4210.11,6.79355,21.6173,2.61123,3181.21,0
91.8003,4206.19,14.868,26.4589,2.18317,3200.54,0
92.4837,4180.17,55.5757,16.8998,1.49251,3458.24,0
93.165,4153.14,45.4084,5.23455,5.34025,3723.09,0
93.849,4102.97,91.9738,13.5473,3.40196,4230.47,0
94.5417,4088.25,91.0034,39.4992,3.85318,4355.24,0
95.2313,4086.11,71.8112,49.181,5.29049,4346.19,0
95.9295,4083.53,73.3726,41.5898,5.37769,4341.45,0
96.6148,4072.2,89.181,62.9038,2.70565,4427.86,0
97.2891,4061.18,118.328,49.1235,0.881566,4510.5,0
97.9768,4069.55,84.5512,7.11245,6.01869,4393.39,0
98.6532,4067.64,90.7609,12.6922,4.85971,4382.65,0
99.3402,4055.17,75.7726,6.87117,7.37348,4477.87,0
100.022,4064.46,66.9874,1.04797,6.68287,4354.4,0
100.711,4057.01,63.1339,8.88067,7.0219,4398.64,0
101.39,4073.59,55.4324,-4.05046,6.1149,4205.64,0
102.086,4088.11,68.9438,-26.0781,2.09518,4034.73,0
102.772,4109.36,51.2587,-4.67903,3.11377,3801,0
103.461,4105.98,64.1332,-17.8251,1.40707,3808.38,0
104.146,4118.53,47.5474,4.79257,2.73139,3662.9,0
104.833,4115.84,48.6165,26.1764,1.92686,3664.55,0
105.514,4086.93,57.7156,22.8864,3.54359,3914.86,0
106.211,4086.59,60.3412,37.135,2.12785,3892.38,0
106.895,4101.39,63.805,27.2638,0.953074,3728.96,0
107.602,4110.08,52.0447,21.7723,1.87475,3623.7,0
108.282,4074.92,43.4985,44.1615,4.08505,3925.67,0
108.962,4075.39,42.4534,68.6212,1.30328,3896.8,0
109.641,4073.21,28.1559,67.176,2.65046,3892.61,0
110.333,4098.44,34.2087,46.5487,2.37609,3639.56,0
111.021,4056.71,-7.38109,53.7024,6.57462,3992.86,0
111.707,4055.58,-18.9078,53.6867,5.5822,3978.42,0
112.392,4036.85,-13.6149,37.4897,8.21055,4120.82,0
113.058,4024.63,-13.0072,20.9042,9.62926,4204.63,0
113.747,4023.8,-0.840691,13.9244,9.16345,4186.5,0
114.43,4008.54,3.2109,26.7754,7.08071,4294.81,0
115.121,4000.25,-13.6737,37.4145,4.95932,4341.06,0
115.816,3983.97,-0.0843151,33.8878,6.23892,4455.62,0
116.495,3994.75,-14.7346,11.0414,6.97269,4337.11,0
117.175,4011.08,-15.7097,24.0621,3.53251,4172.57,0
117.862,3960.56,-37.9541,53.0696,1.68974,4576.83,0
118.535,3976.6,-19.9331,24.9903,6.0924,4415.57,0
119.228,3992.32,-24.913,33.4325,2.80103,4258.03,0
119.912,4001.07,-20.7621,48.7443,0.138852,4160.78,0
120.594,3980.12,-38.9245,47.7401,0.317385,4310.95,0
121.277,3983.13,-43.7564,27.3629,1.87581,4261.89,0
121.956,3991.92,-32.2558,36.9508,1.51703,4166.12,0
122.631,3965.08,3.38251,59.4689,1.92462,4362.07,0
123.323,3950.88,3.03676,60.8708,2.67783,4452.73,0
124.009,3933.11,4.19303,57.065,4.62385,4571.4,0
124.697,3924.79,15.7038,42.4104,7.19992,4612.86,0
125.381,3921.88,25.2082,63.0409,2.31627,4610.9,0
126.071,3905.83,18.3494,76.1098,1.28381,4713.02,0
126.765,3878.91,13.1727,62.4412,5.834,4899.56,0
127.451,3880.12,20.0794,52.4177,7.35262,4863.66,0
128.138,3889.15,4.48633,50.7221,6.82388,4767.11,0
128.819,3887.96,14.9133,70.9064,1.45646,4751.15,0
129.505,3922.55,18.888,58.8685,1.03451,4458.93,0
130.179,3903.91,11.4153,43.473,5.74898,4579.02,0
130.875,3907.4,13.3283,39.8626,5.51665,4528.01,0
131.565,3908.97,9.57968,61.3158,1.09358,4492.32,0
132.242,3911.45,8.55407,65.0246,0.0734076,4450.54,0
132.925,3927.62,17.0974,39.6654,3.40875,4306.03,0
133.607,3908.07,1.65582,18.8051,8.5036,4430.38,0
134.298,3935.41,4.06728,11.1034,6.64714,4204,0
134.983,3912.35,3.25767,9.0731,7.61066,4353.5,0
135.669,3902.85,4.95101,-2.25766,7.52528,4401.52,0
136.362,3895.32,12.9124,-0.414791,5.78233,4434.37,0
137.047,3886.92,10.2334,-0.902337,6.43259,4473.46,0
137.734,3875.14,23.7655,19.1962,2.23123,4536.7,0
138.428,3841.6,28.5551,20.0762,3.42659,4756.26,0
139.111,3844.13,9.30476,14.3306,7.05855,4714.76,0
139.793,3822.14,14.3488,17.4021,6.21793,4849,0
140.481,3843.14,25.3787,7.92366,3.51109,4675.83,0
141.176,3846.3,26.5122,19.3187,1.82454,4630.42,0
141.864,3867.41,15.0604,22.9063,1.60274,4459.16,0
142.557,3881.93,3.37938,27.5684,0.56628,4335.59,0
143.246,3900.17,10.888,-8.25696,2.34099,4187.41,0
143.921,3918.59,5.02192,-14.5678,0.640857,4039.8,0
144.618,3913.44,-0.66498,3.35662,3.37973,4055.92,0
145.307,3912.06,1.39917,11.4065,1.79114,4046.19,0
145.993,3903.94,-3.00075,9.11398,2.66125,4082.8,0
146.677,3901.7,7.2146,1.63642,3.25385,4079.04,0
147.367,3872.92,-20.08,-12.4762,1.55618,4255.23,0
148.057,3846.97,-0.249573,7.00816,6.6387,4410.7,0
148.74,3853.02,-1.2377,-1.19914,6.80496,4349.74,0
149.433,3864.96,12.0863,-17.6973,1.23488,4249.7,0
150.113,3825.62,15.1811,-28.0071,1.08315,4492.48,0
150.793,3806.43,-4.91742,-31.8097,2.15078,4599.44,0
151.481,3806.65,1.65889,-22.6088,4.33897,4577.15,0
152.172,3773.54,-9.07246,-29.962,3.7418,4773.93,0
152.86,3778.07,-5.09106,-36.5469,1.60804,4722.81,0
153.539,3764.99,1.95652,-38.4796,1.71739,4787.14,0
154.231,3761.25,-6.52111,-15.2489,9.12228,4789.92,0
154.922,3782.75,-15.7795,-7.88845,6.82591,4629.78,0
155.617,3784.19,-20.6151,-19.07,2.93822,4599.8,0
156.295,3809.54,-18.4352,-16.2687,2.28169,4417.69,0
156.977,3802.01,-10.0176,-28.3008,1.01426,4446.45,0
157.668,3796.22,-1.96332,-17.1044,4.99866,4463.67,0
158.355,3828.67,-4.53202,-1.96956,5.75295,4239.38,0
159.038,3825.86,-8.11827,10.9179,3.40552,4238.87,0
159.72,3836.81,4.32584,21.4865,0.473661,4152.19,0
160.414,3843.78,-7.97257,11.162,2.03675,4090.8,0
161.098,3824.53,-21.5958,0.185165,1.0211,4192.9,0
161.782,3829.35,-4.9708,6.71481,4.03208,4145.39,0
162.469,3837.23,-1.18017,11.6148,2.321,4079.36,0
163.158,3850.24,5.23039,-6.52994,2.29667,3982.42,0
163.835,3864.98,-8.39985,9.78008,0.306018,3876.01,0
164.515,3859.66,3.07655,-6.7586,1.91015,3892.26,0
165.198,3844.17,-12.1091,-7.09057,1.04128,3969.94,0
165.882,3866.57,-0.918745,1.08792,2.60412,3818.54,0
166.562,3860.76,-8.29131,-1.91748,1.34568,3837.88,0
167.237,3842.55,0.97084,3.4308,3.68432,3931.24,0
167.922,3830.16,-1.80601,-4.63984,4.03531,3988.98,0
168.611,3825.17,13.0438,3.50832,2.19034,4002.29,0
169.301,3825.64,-6.68834,-5.33584,3.41866,3983.21,0
169.983,3808.26,-9.24336,8.61286,3.26676,4069.49,0
170.667,3802.35,14.5635,7.82116,2.39005,4087.79,0
171.356,3793.24,4.23552,17.2037,2.34289,4124.51,0
172.04,3824.41,-7.62547,-3.00874,3.03856,3926.95,0
172.724,3843.51,-5.1086,-2.41564,2.40827,3800.78,0
173.407,3847.73,-1.80699,-6.87797,1.80125,3761.49,0
174.089,3844.14,3.63693,-2.87529,2.60223,3767.4,0
174.771,3852.72,-3.1298,12.0211,0.0957914,3703.6,0
175.457,3845.94,5.77193,-5.08464,1.61825,3727.72,0
176.145,3844.68,-4.21942,3.26964,2.18994,3720.36,0
176.829,3847.51,-2.1243,3.97689,2.19904,3689.94,0
177.517,3845.64,9.81153,-5.99584,0.598841,3686.18,0
178.202,3823.93,6.74264,-12.0618,1.22471,3793.86,0
178.896,3831.04,-0.765714,2.83071,3.57247,3739.37,0
179.579,3839.55,-7.24586,-6.5004,1.19303,3677.75,0
180.272,3829.05,6.74543,12.6034,0.583232,3721.86,0
180.959,3830.58,-10.3166,0.646867,1.49881,3699.28,0
181.65,3819.97,6.06273,-8.0107,2.05691,3743.63,0
182.339,3826.63,2.48455,-2.56725,3.25718,3692.94,0
183.027,3826.09,3.22637,-8.67877,1.76193,3682.04,0
183.715,3843.78,3.7867,-3.30145,1.87575,3571.96,0
184.389,3833.09,-3.25378,3.7601,2.57631,3616.88,0
185.078,3846.72,-6.94105,2.35694,1.0561,3529.75,0
185.762,3830.07,-0.406242,-0.843416,3.69381,3606.42,0
186.454,3823.17,1.92034,-0.014191,3.85164,3630.03,0
187.14,3820.26,-2.05892,-4.44157,3.21975,3632.24,0
187.824,3807.17,-8.1227,14.9509,0.557618,3688.73,0
188.505,3781.33,-2.90376,-20.5557,0.782327,3812.48,0
189.183,3767.99,6.65385,-11.8735,3.66699,3869.33,0
189.873,3785.17,6.1594,-14.3112,1.83538,3764.77,0
190.563,3798.59,11.6632,-3.57446,1.96832,3680.74,0
191.241,3791.09,-1.18269,-3.26938,4.6997,3706.87,0
191.913,3799.63,9.12753,-7.94282,1.8068,3649.4,0
192.587,3792.38,0.472387,-7.01231,3.84148,3674.31,0
193.27,3769.03,6.94884,-12.13,2.83477,3782.1,0
193.952,3755.21,17.6474,0.68841,2.13213,3840.09,0
194.637,3762.99,10.1789,18.2748,0.499153,3786.61,0
195.311,3757.03,-3.17858,-9.56981,4.32794,3804.04,0
195.999,3750.54,10.4304,-5.84144,3.89626,3823.82,0
196.685,3738.49,3.99793,2.867,6.51562,3871.73,0
197.388,3745.69,3.09267,7.15176,4.82646,3821.44,0
198.069,3727.16,-15.1742,13.5747,0.954232,3901.89,0
198.748,3749.95,5.61228,5.01929,4.3895,3773.9,0
199.429,3759.28,6.40363,-7.18252,2.92613,3714.19,0
200.124,3788.72,6.43195,7.60924,1.42389,3554.21,0
200.808,3791.12,7.83223,9.46363,0.666058,3530.11,0
201.492,3765.76,10.3966,-9.93901,1.27723,3643.99,0
202.181,3755,1.835,12.5131,2.18351,3684.81,0
202.852,3738.83,15.7077,7.19828,1.24178,3752.33,0
203.543,3741.31,4.16303,-11.1629,2.89671,3727.41,0
204.226,3713.01,12.3134,15.3426,0.789687,3853.54,0
204.912,3720.37,-0.322472,18.3631,0.929143,3804.71,0
205.604,3732.32,3.50013,5.20321,4.65867,3733.78,0
206.282,3726.19,9.68233,-2.83476,3.05236,3751.24,0
206.973,3694.12,14.3956,-5.34266,2.23201,3893.68,0
207.659,3711.16,-0.092394,-8.69737,4.40552,3798.72,0
208.351,3691.4,-0.406648,-14.8688,2.13607,3880.97,0
209.046,3688.42,-11.3548,-2.84926,3.07296,3882.32,0
209.742,3680.28,10.7696,-7.63517,2.18366,3908.24,0
210.436,3679.78,-6.72714,1.42803,5.20722,3897.72,0
211.119,3682.33,7.50382,-10.1486,1.92086,3873.02,0
211.802,3713.15,-3.88528,6.07325,3.0817,3714.99,0
212.491,3701.57,3.79786,4.49517,3.77611,3757.49,0
213.176,3704.83,5.47224,-4.88753,2.86815,3730.1,0
213.855,3714.26,-2.26277,-12.1127,0.313662,3674.16,0
214.536,3703.08,2.56612,2.75429,4.10946,3714.63,0
215.217,3709.38,2.75435,-4.72432,3.0209,3673.61,0
215.904,3734.14,0.080474,-5.40408,2.08125,3547.23,0
216.589,3701.27,-1.45901,-9.55607,1.68698,3687.78,0
217.275,3696.41,-1.79414,11.783,0.423908,3698.51,0
217.952,3699.54,-10.5282,-0.608369,0.949902,3672.65,0
218.646,3703.91,4.85571,7.82231,1.25221,3641,0
219.324,3693.24,7.50145,-9.04051,0.279064,3678.37,0
220.011,3687.77,5.57564,-2.03495,2.91198,3691.76,0
220.694,3687.46,-6.22658,-0.53806,2.58003,3681.76,0
221.376,3666.4,-4.33148,1.58589,3.61237,3765.52,0
222.065,3673.15,5.4511,8.158,0.754793,3723.46,0
222.749,3709.26,-0.472827,9.09027,0.0586022,3549.9,0
223.44,3725.89,-3.09239,2.6291,1.43597,3464.51,0
224.131,3722.22,1.96511,-4.71851,1.29753,3470.21,0
224.807,3717.59,-4.79559,-0.3002,1.69695,3480.35,0
225.489,3665.85,-5.35983,-8.69466,0.896442,3699.3,0
226.182,3637.59,-0.142821,-10.6674,6.39325,3812.92,0
226.864,3646.72,-17.0202,-8.50486,2.30395,3761.21,0
227.549,3634.34,0.238193,-19.9233,9.11342,3804.28,0
228.232,3618.58,-8.62784,-34.2041,2.81712,3861.95,0
228.925,3610.04,-14.8841,-44.1011,5.7747,3887.57,0
229.605,3608.34,3.27796,-48.7888,5.58865,3883.46,0
230.284,3596.68,-8.87825,-57.6309,8.39236,3922.63,0
230.979,3590.38,4.7901,-68.2089,8.4023,3938.08,0
231.66,3571.16,-5.17874,-79.3094,3.70987,4009.48,0
232.347,3571.31,-6.58788,-105.284,1.81275,3996.99,0
233.027,3546.06,16.471,-88.0654,3.18587,4093.68,0
233.718,3532.18,5.44827,-75.8573,3.08654,4140.96,0
234.401,3511.04,14.9934,-68.3434,7.21795,4219.09,0
235.08,3505.06,-7.78106,-71.6941,9.88369,4232.36,0
235.761,3485.7,-7.96842,-56.5315,10.5235,4302.23,0
236.442,3473.2,-14.74,-38.8535,1.61046,4342.74,0
237.129,3430.9,-24.2765,-27.7901,7.94697,4508.53,0
237.749,3420.32,-6.95791,-15.1358,9.09375,4541.25,0
