0.688295,4494.27,381.663,-306.639,1.27677,8326.37,0
1.36782,4490.51,400.955,-324.998,0.535436,6941.02,0
2.05157,4473.08,421.223,-357.469,1.1167,13122.3,0
2.74955,4462.39,381.176,-352.712,3.82015,13677.5,0
3.43476,4482.86,392.951,-329.075,1.48306,4991.53,0
4.12556,4474.17,417.712,-318.856,1.96855,6261.41,0
4.81397,4478.58,413.318,-331.882,1.17133,4449.71,0
5.49365,4461.85,416.647,-342.603,2.87061,6944.52,0
6.17553,4462.44,435.805,-335.168,2.33834,6082.33,0
6.86074,4469.39,444.152,-287.068,2.29963,4462.02,0
7.54401,4477.87,465.439,-250.179,1.0943,2933.48,0
8.22854,4457.25,475.068,-214.426,3.95999,5195.29,0
8.91674,4466.3,475.92,-206.856,2.80494,3779.47,0
9.59443,4456.21,476.937,-182.97,4.32798,4564.22,0
10.2776,4437.58,460.305,-197.442,6.72066,6073.13,0
10.966,4426.38,463.054,-185.423,7.06824,6713.05,0
11.6435,4410.15,462.389,-195.429,8.01448,7717.13,0
12.3209,4404.4,477.925,-206.938,6.86408,7759.41,0
13.0048,4398.27,498.303,-216.939,5.99688,7822.14,0
13.6837,4398.48,477.58,-223.824,5.96222,7418.73,0
14.3634,4387.1,480.053,-223.8,6.41529,7859.93,0
15.0535,4373.94,479.117,-205.38,7.61936,8374.46,0
15.7254,4364.39,477.02,-197.682,8.17292,8623.45,0
16.4112,4369.71,482.343,-199.19,6.32154,7939.01,0
17.0932,4383.8,463.476,-209.257,4.73051,6798.06,0
17.7748,4386.19,434.262,-197.667,5.60939,6402.88,0
18.4527,4362.07,459.03,-190.633,6.83629,7474.92,0
19.1404,4341.24,428.809,-190.446,9.50116,8294.23,0
19.8197,4342.58,419.444,-189.384,7.92897,7942.5,0
20.5024,4317.75,426.22,-187.742,9.4034,8889.22,0
21.1917,4326.59,422.775,-199.937,6.39731,8183.04,0
21.8735,4326.66,426.349,-198.213,5.62487,7924.5,0
22.564,4329.88,429.62,-198.503,4.60823,7539.5,0
23.2548,4330.06,413.357,-179.694,5.4163,7307.82,0
23.9396,4336.01,411.138,-197.786,3.89701,6850.04,0
24.6265,4316.12,411.565,-203.337,5.85755,7466.86,0
25.315,4313.6,397.753,-214.21,5.97525,7363.39,0
25.9909,4332.05,401.263,-211.882,2.68407,6461.9,0
26.6794,4312.42,407.909,-229.182,4.369,7030.86,0
27.3528,4306.49,418.788,-217.39,4.53106,7074.74,0
28.0398,4312.41,429.23,-231.904,2.44603,6690.16,0
28.7186,4302.52,435.996,-238.528,3.04994,6876.4,0
29.4052,4276.79,457.748,-227.088,5.48243,7590.93,0
30.0857,4290.93,445.423,-226.391,3.6157,6949.26,0
30.7777,4283.69,456.035,-246.11,3.4242,7028.21,0
31.463,4267.86,446.574,-253.063,5.70323,7378.31,0
32.1499,4276.38,448.309,-266.855,3.73702,6955.64,0
32.8265,4284.66,466.676,-277.435,1.30875,6559.97,0
33.5102,4281.17,464.025,-298.211,1.2989,6530.15,0
34.2002,4283.18,439.265,-319.578,1.45865,6339.72,0
34.8882,4285.11,444.153,-308.995,1.28041,6159.53,0
35.5731,4255.79,434.625,-315.05,5.39985,6864.99,0
36.2555,4242.38,432.585,-334.973,5.89451,7105.69,0
36.9441,4260.32,426.998,-336.232,3.2823,6487.5,0
37.6263,4273.75,432.162,-334.671,1.08678,6013.2,0
38.3237,4277.59,435.502,-336.575,0.300696,5803.51,0
39.0011,4270.87,454.128,-334.008,0.531409,5875.02,0
39.6911,4268.48,454.832,-354.41,0.179941,5832.97,0
40.3802,4244.76,458.411,-350.248,3.44256,6320.83,0
41.0676,4244.95,439.858,-343.544,4.31562,6210.48,0
41.7508,4255.79,435.236,-354.548,2.25915,5849.27,0
42.4286,4262.31,418.299,-375.521,1.23809,5602.06,0
43.1183,4265.53,414.078,-368.473,1.1688,5437.75,0
43.8068,4274.5,386.65,-347.195,1.82524,5147.68,0
44.5059,4291.01,348.581,-341.929,1.38858,4695.76,0
45.1901,4290.53,332.866,-315.21,3.27783,4635.24,0
45.8752,4254.37,337.364,-308.845,8.03291,5354.39,0
46.5661,4251.08,349.164,-296.992,7.19161,5345.55,0
47.2515,4252,351.268,-265.078,7.22342,5248.42,0
47.9445,4245.92,357.257,-259.035,6.50454,5299.48,0
48.6406,4229.68,360.251,-264.292,7.10853,5557.44,0
49.3227,4236.22,352.779,-262.884,5.88027,5348.11,0
50.0093,4224.4,341.667,-268.702,7.06281,5511.05,0
50.6922,4244.94,332.089,-269.658,3.95751,5031.49,0
51.3799,4278.05,358.858,-201.044,0.678703,4319.76,0
52.0652,4256.68,377.921,-171.172,3.19085,4673.44,0
52.7508,4238.79,362.599,-196.611,5.57936,4951.72,0
53.4332,4234.69,344.568,-206.615,6.21931,4965.28,0
54.1146,4231.88,361.359,-222.546,4.05261,4954.75,0
54.7917,4277.57,336.165,-201.492,0.351265,4059.58,0
55.4722,4270.25,326.235,-172.259,3.16285,4141.76,0
56.163,4270.52,342.431,-190.941,1.25508,4085.94,0
56.8485,4248.59,334.601,-180.844,5.0422,4422.53,0
57.5282,4237.45,325.928,-183.65,6.6778,4563.85,0
58.2062,4235.3,335.602,-183.937,5.81895,4547.67,0
58.8975,4227.4,334.42,-184.577,6.22184,4628.38,0
59.5733,4265.82,337.079,-172.054,0.989478,3930.95,0
60.2603,4248.36,331.311,-195.035,2.71972,4175.86,0
60.9418,4252.45,319.748,-206.556,2.32172,4062.07,0
61.6223,4275.8,295.997,-161.125,2.90479,3638.31,0
62.3156,4256.88,330.828,-183.286,1.75624,3901.5,0
62.9958,4268.02,317.596,-167.532,1.92513,3682.42,0
63.6745,4262.42,328.763,-148.28,2.5113,3731.21,0
64.368,4260.84,330.225,-141.61,2.58898,3715.54,0
65.0689,4246.76,341.314,-149.983,3.18582,3891.9,0
65.7539,4247.99,335.766,-164.405,2.65078,3832.65,0
66.4389,4251.07,351.194,-179.2,0.393066,3746.8,0
67.1163,4234.52,379.024,-178.557,0.550214,3955.58,0
67.7955,4224.31,361.215,-152.07,4.16971,4066.53,0
68.4749,4220.67,369.1,-145.412,3.82531,4079.3,0
69.156,4225.81,374.665,-141.788,2.40089,3964.79,0
69.851,4210.76,364.654,-135.67,4.96164,4140.88,0
70.538,4196,359.571,-137.632,6.51269,4309.8,0
71.2192,4200.54,359.204,-149.736,4.96748,4204.71,0
71.9007,4186.86,349.539,-159.68,6.58216,4355.18,0
72.5934,4215.9,358.334,-160.085,1.66504,3913.54,0
73.2782,4214.53,373.664,-160.925,0.667477,3895.73,0
73.9668,4208.09,356.299,-151.834,3.21932,3946.44,0
74.6623,4187.54,343.434,-180.8,5.82073,4184.97,0
75.3447,4180.13,332.699,-163.3,7.14806,4245.48,0
76.0391,4194.79,321.249,-156.544,5.79983,4013.9,0
76.7244,4202.79,315.228,-161.853,4.77222,3873.77,0
77.407,4200.33,286.653,-151.356,7.38752,3871.41,0
78.0925,4184.16,291.001,-152.636,7.80183,4044.47,0
78.7783,4171.89,298.61,-162.485,7.38894,4164.94,0
79.4685,4159.01,299.438,-167.87,7.23591,4290.94,0
80.1536,4164.61,308.724,-195.183,3.85697,4184.33,0
80.8488,4172.59,323.34,-163.61,3.05187,4049.64,0
81.532,4164.16,315.859,-175.631,4.06579,4119.09,0
82.2208,4142.03,330.524,-193.915,4.53501,4353.75,0
82.9052,4125.86,324.418,-183.015,7.29688,4512.92,0
83.5971,4122.03,329.935,-185.896,6.29858,4521.36,0
84.2862,4123.28,329.979,-186.833,5.60529,4469.55,0
84.9717,4113.26,328.536,-182.043,6.75148,4551.36,0
85.6532,4118.86,334.414,-176.817,4.65906,4449.8,0
86.3346,4112.7,329.992,-207.609,3.91955,4486.04,0
87.0195,4080.54,315.395,-217.536,8.15603,4820.31,0
87.7122,4066.64,321.068,-208.881,8.40034,4940.73,0
88.4013,4066.87,294.828,-224.942,8.69905,4899.55,0
89.0748,4059.06,277.681,-220.333,10.1073,4950.22,0
89.7597,4058.02,286.621,-199.435,9.18209,4924.08,0
90.4398,4055.48,283.642,-219.847,6.9587,4915.08,0
91.1351,4066.4,284.134,-221.807,4.52235,4757.77,0
91.8262,4064.68,286.181,-223.434,4.06638,4740.7,0
92.5139,4077.25,300.604,-228.387,0.322972,4569.63,0
93.1947,4057.45,323.759,-229.149,0.881161,4748.71,0
93.8863,4046.59,309.76,-224.046,4.37288,4829.4,0
94.5636,4044.06,312.803,-215.964,4.94661,4821.5,0
95.2485,4016.11,307.742,-207.946,9.63194,5080.25,0
95.9386,4014.62,322.44,-200.904,6.85711,5059.26,0
96.6262,4006.78,326.493,-202.256,6.48252,5104.44,0
97.3175,4018.59,325.024,-214.429,3.28645,4946.79,0
98.005,3976.2,348.636,-238.198,5.67895,5344.68,0
98.6952,3971,337.891,-243.679,6.22191,5359.91,0
99.3776,3973.25,337.531,-211.151,7.44057,5300.48,0
100.071,3968.2,353.821,-199.331,6.71895,5314.17,0
100.751,3966.8,337.297,-221.506,6.70702,5292.2,0
101.441,3964.22,346.445,-218.794,5.52129,5281.68,0
102.125,3977.01,356.395,-241.836,0.0262433,5121.06,0
102.813,3949.45,357.668,-227.632,5.64169,5354.87,0
103.508,3960.25,359.909,-237.28,2.53343,5214.54,0
104.181,3966.08,361.856,-236.859,1.26515,5124.96,0
104.872,3974.74,345.087,-246.747,0.896826,5008.58,0
105.552,3985.81,325.575,-232.625,2.36736,4871.45,0
106.24,3971.5,315.161,-242.111,5.22663,4974.59,0
106.919,3967.2,323.307,-247.593,4.06121,4983.23,0
107.609,3964.54,331.885,-271.612,1.37715,4975.92,0
108.295,3971,343.281,-246.573,1.1104,4884.77,0
108.993,3951.47,332.652,-231.731,7.04889,5032.73,0
109.677,3932.28,324.791,-233.842,9.63089,5176.23,0
110.373,3936.59,317.949,-236.573,7.48657,5104.65,0
111.052,3931.2,319.387,-259.648,5.37095,5121.9,0
111.735,3932.97,335.871,-264.735,2.27224,5074.76,0
112.423,3926.95,359.145,-263.247,0.407631,5097.23,0
113.109,3929.64,348.702,-238.883,3.35588,5042.54,0
113.789,3916.12,354.903,-262.217,2.99392,5131.29,0
114.472,3913.12,352.324,-268.182,2.99024,5126.81,0
115.144,3903.89,355.91,-247.522,5.85449,5177.1,0
115.831,3923.63,330.867,-244.933,5.27567,4975.97,0
116.515,3929.6,317.857,-250.277,4.99096,4895.5,0
117.191,3911.27,307.866,-251.697,8.45592,5023.67,0
117.871,3915.36,308.243,-278.29,3.79224,4960,0
118.557,3914.55,309.182,-282.445,3.17445,4938.12,0
119.235,3894.13,314.506,-309.539,3.3029,5081.28,0
119.925,3906.84,322.24,-294.915,1.49413,4946.08,0
120.609,3897.98,318.506,-265.862,6.75044,4991.47,0
121.282,3914.57,316.706,-284.959,1.25936,4827.03,0
121.962,3904.56,301.779,-299.583,3.37843,4882.14,0
122.64,3888.41,295.648,-331.207,3.48571,4986.85,0
123.327,3893.3,281.39,-346.536,1.89593,4919.45,0
124.004,3896.64,275.847,-320.517,5.04398,4865.65,0
124.687,3888.48,273.593,-325.492,5.57553,4904.48,0
125.367,3900.85,287.983,-332.01,0.375274,4779.12,0
126.047,3873.12,274.655,-336.098,7.00561,4973.37,0
126.733,3861.92,289.051,-329.697,7.8076,5034.85,0
127.42,3853.09,283.736,-350.109,6.4808,5076.99,0
128.115,3846.95,268.192,-347.781,9.57133,5097.36,0
128.814,3843.85,264.9,-342.451,9.57096,5093.76,0
129.505,3807.6,268.294,-333.379,6.37863,5346.48,0
130.185,3808.36,275.18,-347.109,2.55682,5312.74,0
130.873,3804.2,277.101,-351.044,2.13893,5316.64,0
131.563,3783.5,265.155,-355.639,7.6427,5446.08,0
132.248,3779.55,261.482,-337.635,11.2783,5447.7,0
132.931,3769.31,246.507,-322.237,7.73055,5496.73,0
133.61,3775.08,250.07,-319.271,5.69521,5425.63,0
134.306,3780.16,250.142,-322.681,2.67553,5359.68,0
134.983,3781.78,237.116,-325.046,4.00154,5320.77,0
135.663,3787.54,243.75,-315.462,3.3195,5251.69,0
136.355,3780.78,260.061,-297.754,5.26701,5274.59,0
137.032,3785.61,261.988,-276.659,8.05035,5213.3,0
137.721,3786.72,245.04,-288.704,7.83297,5179.16,0
138.408,3784.86,233.13,-292.098,8.43017,5166.91,0
139.1,3784.81,231.704,-302.197,5.53451,5141.6,0
139.783,3782.07,227.925,-307.469,4.82334,5136.02,0
140.466,3785.56,204.176,-311.605,6.55816,5086.19,0
141.15,3775.25,213.443,-313.85,6.02316,5134.58,0
141.837,3764.37,222.313,-320.038,4.81556,5186.46,0
142.525,3763.38,229.183,-322.104,3.0753,5168.36,0
143.215,3758.35,224.533,-321.097,4.97224,5178.6,0
143.9,3743.98,239.91,-331.091,2.22687,5253.83,0
144.574,3747.53,222.218,-333.13,3.67836,5204.75,0
145.266,3742,211.695,-347.046,2.44154,5218.03,0
145.947,3721.94,214.106,-342.51,8.58174,5331.07,0
146.635,3727.03,190.763,-346.051,9.04441,5271.37,0
147.31,3731.87,185.169,-318.1,5.8493,5214.42,0
147.992,3732.86,191.717,-313.112,5.23954,5183.66,0
148.677,3759.99,192.297,-295.757,4.07941,4977.3,0
149.359,3761.41,171.481,-304.788,4.76032,4945.07,0
150.05,3764.13,173.014,-312.797,0.794309,4904.15,0
150.732,3756.22,182.389,-264.768,4.1659,4934.43,0
151.425,3753,183.959,-254.547,7.23212,4933.16,0
152.109,3751.13,203.322,-246.567,4.92017,4923.22,0
152.796,3731.98,208.17,-219.646,3.25988,5026.47,0
153.484,3742.55,199.334,-215.801,4.74128,4935.05,0
154.166,3755.1,197.135,-219.611,1.74188,4831.8,0
154.849,3760.83,203.733,-211.201,1.13348,4773.47,0
155.541,3749.31,179.142,-198.691,1.56945,4826.32,0
156.221,3744.02,164.331,-207.336,3.82663,4839.2,0
156.907,3733.63,154.302,-206.573,7.56424,4884.24,0
157.594,3739.88,164.485,-174.467,2.54493,4823.25,0
158.28,3731.14,167.937,-159.699,7.37551,4857.63,0
158.966,3701.08,142.261,-173.891,1.29161,5025.74,0
159.643,3690.15,122.571,-178.514,7.04617,5072.87,0
160.345,3676.66,123.616,-181.068,5.04771,5134.78,0
161.039,3666.96,144.236,-160.72,6.9372,5172.93,0
161.713,3652.41,144.897,-164.376,4.83209,5241.35,0
162.4,3662.03,147.548,-148.524,10.4284,5159.9,0
163.085,3683.6,131.289,-164.9,6.24001,5005.94,0
163.765,3667.32,114.974,-156.236,4.72824,5084.63,0
164.444,3673.27,100.142,-142.539,4.65993,5027.42,0
165.134,3683.32,100.458,-119.415,3.19383,4945.53,0
165.813,3681.6,110.296,-107.901,4.13669,4935.67,0
166.501,3666.71,102.75,-116.995,3.91205,5004.69,0
167.183,3675.47,96.0379,-113.88,6.6994,4931.9,0
167.859,3673.84,91.68,-108.575,9.01776,4921.76,0
168.547,3670.57,77.2738,-110.495,1.50282,4921.05,0
169.231,3691.31,69.7303,-105.172,5.10808,4778.63,0
169.915,3711.9,65.0467,-101.047,6.45159,4638.17,0
170.592,3706.6,73.0616,-102.032,3.49217,4650.9,0
171.281,3713.22,83.8497,-73.1268,9.09535,4593.51,0
171.969,3718.54,84.6103,-43.3298,3.26317,4544.21,0
172.651,3724.02,63.2857,-46.5428,9.28278,4494.52,0
173.33,3734.73,61.723,-45.7413,7.41481,4415.09,0
174.012,3732.51,68.1803,-51.0578,4.03295,4410.57,0
174.701,3735.35,66.0273,-47.6743,4.961,4376.9,0
175.381,3748.55,67.2888,-34.9331,5.89362,4284.67,0
176.065,3742.51,74.4622,-41.4419,2.43958,4302.31,0
176.754,3752.63,73.9543,-18.3906,4.42446,4228.31,0
177.443,3721.88,70.0154,-25.1992,6.36599,4385.18,0
178.133,3713.07,76.3551,-7.28973,5.04755,4417.67,0
178.82,3741.39,81.7017,-11.8444,0.889472,4242.33,0
179.512,3724.41,63.7031,16.1602,8.43658,4320.53,0
180.194,3714.53,71.5482,38.9582,1.49172,4359.02,0
180.872,3682.59,59.6848,41.423,7.31563,4519.27,0
181.56,3689.52,34.6172,42.7944,3.79605,4463.98,0
182.252,3687.05,16.327,53.0559,3.34663,4460.59,0
182.936,3689.93,21.3543,29.344,0.653956,4428.19,0
183.612,3684.72,21.1623,25.0397,2.15282,4440.22,0
184.304,3716.09,14.1079,2.02273,8.47479,4253.34,0
184.98,3733.12,20.9196,-3.77493,3.94873,4145.74,0
185.665,3729.53,17.5323,8.99474,4.58805,4149.79,0
186.347,3745.51,8.72712,25.9853,0.877787,4048.82,0
187.035,3738.94,-1.88099,22.0516,3.11136,4069.09,0
187.72,3719.39,7.15977,7.97717,7.93072,4158.35,0
188.403,3723.68,7.04741,16.5218,4.62562,4120.52,0
189.072,3708.17,-1.07821,9.7179,7.76863,4187.97,0
189.758,3723.46,-5.54424,21.7584,1.1164,4092.3,0
190.439,3727.8,8.89843,12.1438,3.60208,4054.81,0
191.134,3716.32,11.9704,20.6151,0.317424,4100.15,0
191.825,3739.57,2.94183,1.20988,6.81234,3964.2,0
192.502,3732.34,-15.1777,-2.48015,1.95639,3987.82,0
193.184,3727.95,-8.08687,-8.10674,3.56954,3996.48,0
193.872,3724.06,6.87095,0.905478,5.34351,4002.35,0
194.561,3739.64,-6.16264,5.81496,3.78305,3908.07,0
195.245,3762.85,10.6491,9.22225,0.633299,3775.52,0
195.919,3773.41,7.89817,5.69654,1.61722,3708.59,0
196.605,3728.74,7.72758,-0.734534,4.51054,3922.89,0
197.29,3711.27,13.0478,2.72473,3.22115,3997.82,0
197.99,3722.03,-12.916,-12.3149,0.906189,3929.33,0
198.673,3738.77,-8.63446,-3.86482,3.21316,3831.56,0
199.349,3743.87,-5.97823,-14.7447,0.720987,3793.01,0
200.036,3750.24,-6.74876,4.22142,3.34185,3748.11,0
200.714,3750.65,8.86619,7.30255,1.84255,3733.43,0
201.404,3756.15,-6.98043,3.37975,2.87419,3693.34,0
202.085,3755.7,4.01015,-6.20524,2.98768,3683.09,0
202.775,3782.39,-3.30448,-3.9277,2.15596,3538.97,0
203.457,3795.64,-2.37661,6.40811,0.887234,3461.95,0
204.14,3788.97,-3.42746,6.72278,0.988656,3483.03,0
204.825,3777.26,-0.731261,0.473555,3.65598,3528.6,0
205.508,3792.81,-0.881867,-7.86193,0.541945,3441.18,0
206.19,3793.41,4.06909,4.42788,1.04132,3426.89,0
206.876,3782.6,5.58709,-5.62321,1.10682,3467.75,0
207.556,3769.1,0.649304,-12.003,0.483308,3521.47,0
208.251,3775.83,1.75086,-2.78497,2.89355,3477.37,0
208.935,3755.6,3.46262,3.46608,3.56259,3562.84,0
209.626,3752.02,-1.30864,4.98838,3.57002,3568.15,0
210.315,3740.27,-3.44632,-4.7063,3.88526,3612.35,0
210.998,3737.38,-10.1894,-2.15891,2.30059,3614.34,0
211.686,3742.2,-8.14275,-8.98337,1.37951,3579.83,0
212.376,3751.1,-0.324903,5.83033,3.02111,3526.29,0
213.061,3748.15,0.420707,3.25663,3.99212,3528.79,0
213.745,3733.46,1.63871,-8.08682,2.60087,3586.24,0
214.427,3710.23,8.36433,-0.0227521,3.42869,3683.18,0
215.114,3718.88,3.29515,-0.37402,5.05422,3631.17,0
215.803,3703.22,7.54874,-9.74753,1.67078,3692.18,0
216.486,3728.36,-4.39117,6.59121,2.64379,3564.4,0
217.172,3748.79,-0.0364402,-10.4133,0.649628,3459.04,0
217.85,3737.98,-0.410975,-4.04266,3.47021,3497.9,0
218.533,3752.79,-1.02269,-3.94779,2.65063,3419.22,0
219.23,3736.74,-4.03291,-1.17863,3.52549,3481.56,0
219.91,3732.39,-0.701514,4.81458,3.43751,3490.55,0
220.605,3697.68,8.8439,-3.38697,3.19061,3636.9,0
221.289,3673.03,-5.32399,5.02796,4.80357,3737.07,0
221.967,3673.29,-8.80901,6.69167,1.66799,3724.49,0
222.652,3694.98,-9.44667,5.64073,0.900419,3615.6,0
223.338,3677.14,-6.67468,-3.18519,3.37511,3684.38,0
224.022,3665.2,2.9399,-9.27513,2.43299,3726.42,0
224.699,3658.12,-7.18005,14.3758,2.85643,3746.72,0
225.372,3665.1,-13.0605,-2.87643,4.15866,3704.54,0
226.065,3651.91,-4.83678,0.0974554,9.5368,3751.51,0
226.739,3646.43,-16.8609,-5.63584,4.07298,3764.54,0
227.423,3642.66,-12.0575,-15.9814,4.95848,3769.8,0
228.111,3666.07,-5.55277,-6.63552,6.59285,3655.81,0
228.799,3686.46,4.48362,0.837827,6.75312,3555.72,0
229.483,3714.19,-8.25404,3.20007,3.35192,3424.27,0
230.166,3746.21,6.97636,7.13979,1.36858,3275,0
230.85,3750.14,1.01499,1.07203,4.04468,3248.23,0
231.535,3765.09,-3.04587,10.7799,0.0138178,3174.08,0
232.218,3740.78,-9.96052,-1.10907,1.5098,3269.42,0
232.897,3722.87,-13.5649,-4.36128,0.611716,3336.79,0
233.578,3715.81,1.29157,-3.72261,4.71219,3357.3,0
234.267,3734.84,-3.13035,12.2011,0.449411,3266.18,0
234.949,3736.81,0.407476,-2.59655,3.86187,3248.32,0
235.635,3750.39,-5.62085,9.73218,0.161494,3181.24,0
236.307,3757.46,-2.11247,-1.05715,2.73689,3142.26,0
236.998,3716.6,9.19758,-3.67004,1.77689,3305.51,0
237.683,3742.94,-0.228246,-4.90118,2.31226,3185.15,0
238.363,3727.76,7.24674,4.90693,1.53553,3239.75,0
239.044,3723.33,4.75108,-1.61013,3.17846,3249.08,0
239.73,3699.68,8.2455,4.64835,2.41515,3338.42,0
240.418,3690.44,-9.66969,-1.15215,2.50576,3367.29,0
241.105,3670,0.270606,-6.65658,4.26749,3442.46,0
241.782,3694.44,-7.0986,1.63053,3.0552,3331.75,0
242.461,3667.59,-8.554,1.29612,3.12997,3433.18,0
243.151,3641.94,-0.669924,-5.07441,6.72658,3528.94,0
243.831,3632.94,-18.3047,-17.8285,8.76192,3555.98,0
244.519,3613.58,6.68056,-17.3715,4.47357,3625.15,0
245.208,3612.3,9.08217,-52.8271,2.64594,3620.21,0
245.902,3606.3,12.966,-42.7891,5.71765,3634.37,0
246.596,3608.95,20.734,-44.4879,3.64466,3613.38,0
247.283,3611.16,-10.0815,-41.2256,2.78828,3594.42,0
247.96,3607.07,1.23587,-49.4756,3.01455,3601.11,0
248.646,3593.81,-6.74981,-55.5774,8.07197,3644.5,0
249.328,3605.59,-8.26614,-38.9519,2.93147,3587.28,0
250.009,3603.39,-11.0438,-55.9789,2.45893,3586.31,0
250.698,3586.52,-4.87265,-84.4081,6.96948,3643.73,0
251.38,3591.15,-17.5013,-77.2685,4.26209,3615.42,0
252.073,3586.25,-1.36739,-64.1406,7.63878,3624.93,0
252.747,3590.59,2.46615,-49.9426,5.63355,3598.11,0
253.438,3576.26,1.02639,-41.5445,1.72902,3644.84,0
254.124,3560.77,5.54333,-81.2107,3.49346,3695.93,0
254.813,3536.61,-1.70316,-87.6914,2.22803,3780.77,0
255.496,3524.81,-9.82984,-80.2757,10.1003,3816.85,0
256.178,3496.66,19.8896,-99.9819,5.04036,3916.58,0
256.868,3515.77,19.3057,-105.907,4.34085,3831.66,0
257.55,3520.34,31.0779,-98.6949,4.86896,3803.76,0
258.236,3519.33,49.6263,-88.3635,6.20239,3797.57,0
258.929,3524.88,53.4468,-95.6213,7.13046,3765.98,0
259.621,3524.69,50.3756,-83.261,7.91815,3756.68,0
260.305,3510.56,51.595,-68.6907,6.32567,3801.07,0
261.001,3507.82,56.5824,-70.2088,5.93408,3801.44,0
261.685,3504.75,34.3366,-64.031,3.70713,3803.24,0
262.363,3508.33,8.05266,-44.902,1.84897,3779.77,0
263.049,3498.21,24.1813,-55.0722,0.629398,3808.36,0
263.738,3505.83,0.0924383,-28.1022,6.17557,3769.54,0
264.283,3494.2,1.49806,-1.24389,22.8452,3805.77,0
