0.686871,4487.09,-281.621,9.68314,0.267696,18795.1,0
1.37994,4461.48,-252.725,29.8584,4.89372,27912.1,0
2.06305,4444.95,-230.045,8.015,7.678,26684.4,0
2.75137,4460.6,-263.1,29.2719,3.15186,14321.9,0
3.44181,4466.25,-289.17,48.6004,0.619851,9804.95,0
4.11894,4457.01,-285.532,50.8857,1.8583,10437.9,0
4.80305,4468.89,-250.123,45.0975,2.84145,6476.38,0
5.47345,4470,-250.674,10.7745,2.8777,5481.29,0
6.1562,4447.14,-267.468,-8.50361,4.23343,8585.81,0
6.84143,4435.43,-296.671,-18.623,3.59957,9438,0
7.53218,4412.52,-285.531,-30.0839,6.50844,11614.8,0
8.21755,4404.97,-272.483,-38.984,7.5513,11564.2,0
8.91457,4413.08,-266.422,-36.1934,6.09441,9750.68,0
9.58652,4418.87,-277.431,-30.5881,4.21807,8462.53,0
10.2696,4441.32,-250.722,-30.1451,3.3444,5714.24,0
10.9506,4440.13,-268.713,-27.7421,2.24102,5467.23,0
11.6365,4438.05,-253.572,-24.5437,3.31378,5324.13,0
12.3241,4469.41,-235.327,-14.6472,1.09714,2482.5,0
13.003,4481,-229.155,-15.9103,0.253812,1461.55,0
13.6776,4482.15,-211.764,-24.1749,1.19713,1304.92,0
14.3591,4475.89,-228.183,-15.9382,0.863503,1679.35,0
15.0463,4470.47,-216.348,-28.0994,2.14921,1962.89,0
15.7298,4455.04,-238.725,-34.3784,2.16728,2858.34,0
16.4111,4453.47,-240.893,-12.398,2.25516,2834.98,0
17.0973,4462.81,-222.829,-14.9852,2.33637,2175.31,0
17.7819,4481.12,-216.651,-3.06915,0.708255,1061.82,0
18.4546,4471.52,-178.256,-6.97393,4.26257,1542.99,0
19.137,4474.87,-201.195,-5.48116,2.10627,1313.17,0
19.8268,4453.56,-174.147,-8.8844,5.94859,2342.06,0
20.5066,4456.3,-153.702,-12.2927,6.56656,2130.94,0
21.2079,4471.26,-157.914,14.5313,4.06223,1355.01,0
21.8978,4460.84,-182.173,54.5573,2.96884,1788.35,0
22.576,4457.2,-188.764,94.4251,1.85066,1895.71,0
23.2683,4449.26,-195.973,81.1671,2.39311,2180.49,0
23.9494,4461.05,-178.529,93.4642,1.73282,1626.35,0
24.6172,4460.94,-153.208,64.9252,4.02873,1586.76,0
25.296,4456.89,-152.049,56.9366,4.51648,1704.1,0
25.9785,4446.18,-139.057,69.8832,5.55809,2071.71,0
26.6557,4431.39,-132.905,78.4777,6.88991,2574.09,0
27.3441,4436.13,-136.052,75.4122,5.64978,2335.65,0
28.0244,4425.82,-161.472,60.1652,4.81063,2646.97,0
28.7089,4424.58,-153.702,39.8342,5.56412,2627.13,0
29.3949,4426.33,-154.11,43.6346,4.86119,2506.13,0
30.0841,4436.67,-159.571,49.1638,3.11368,2105.09,0
30.7654,4443.96,-148.114,55.247,2.96585,1821.51,0
31.4462,4456.27,-167.386,47.6617,0.523319,1390.7,0
32.1424,4435.46,-164.028,52.3089,2.76279,2007.98,0
32.8304,4466.57,-149.663,12.1496,0.996385,1018.33,0
33.5217,4442.54,-170.78,18.4371,1.95153,1714.24,0
34.1976,4426.71,-171.741,2.65017,3.55453,2143.05,0
34.888,4433.56,-154.199,14.2273,3.86062,1904.43,0
35.5716,4432.16,-148.781,32.4966,4.08191,1907.11,0
36.2623,4437.8,-168.541,68.0927,1.22418,1715.32,0
36.9474,4418.07,-177.135,93.1533,2.00292,2217.6,0
37.6458,4400.39,-159.835,84.1363,5.0991,2646.09,0
38.3301,4402.29,-155.531,66.773,5.37716,2549.12,0
39.019,4386.93,-163.941,71.3602,5.63047,2897.81,0
39.7042,4388.64,-169.721,68.6281,4.57128,2804.74,0
40.3878,4381.82,-176.288,68.8382,4.4632,2926.13,0
41.0726,4389.25,-162.482,30.2396,5.42612,2696.35,0
41.7524,4393.64,-141.22,9.48668,6.57703,2547.48,0
42.4442,4388.58,-144.697,10.7941,5.76911,2625.08,0
43.1364,4389.95,-138.917,10.248,5.44422,2551.16,0
43.8078,4381.48,-135.11,10.1647,5.91498,2705.44,0
44.4887,4376.42,-104.477,9.69206,7.8728,2777.85,0
45.1698,4356.89,-102.387,3.4393,8.18985,3168.36,0
45.8532,4363.49,-113.729,10.214,5.72075,2977.05,0
46.5396,4364.06,-100.181,-3.58843,5.92296,2921,0
47.2389,4353.49,-95.6966,20.7664,6.49554,3101.39,0
47.9215,4360.42,-83.4306,28.5977,5.90796,2912.76,0
48.604,4337.26,-74.5622,21.48,7.99319,3348.39,0
49.2929,4329.14,-72.3671,12.8604,8.19751,3466.23,0
49.9778,4321.7,-68.9045,6.8906,7.93786,3567.6,0
50.66,4308.59,-73.6437,4.79379,7.39837,3778.25,0
51.3467,4326.02,-81.4801,15.1672,3.96907,3388.38,0
52.0307,4338.21,-73.4986,13.676,3.2649,3109.48,0
52.7082,4330.29,-67.4818,17.4496,4.33598,3219.79,0
53.3966,4297.83,-81.5644,12.7466,5.8322,3786.16,0
54.0848,4290.78,-89.0877,-2.97796,5.21412,3868.38,0
54.7642,4288.36,-107.848,-9.24213,3.31905,3864.57,0
55.4596,4269.71,-102.417,-13.9887,5.51838,4152.31,0
56.1336,4258.61,-98.2666,12.364,6.50726,4300.24,0
56.8127,4265.14,-84.8532,9.59937,6.25649,4134.01,0
57.4942,4240.64,-83.092,0.638708,7.9733,4511.07,0
58.1882,4244.36,-78.2311,-3.8498,6.61941,4393.35,0
58.8609,4236.54,-80.3021,13.4827,6.34093,4476.06,0
59.5458,4245.19,-75.8709,23.4348,5.10366,4279.24,0
60.2438,4256.82,-64.9347,27.7202,4.19115,4036.65,0
60.9328,4258.54,-55.4206,5.28957,4.99085,3962.67,0
61.6177,4242.87,-63.381,3.72495,5.343,4172.91,0
62.302,4238.22,-72.9675,-3.63007,4.31719,4201.76,0
62.9902,4258.98,-51.6625,-6.50051,4.14814,3826.34,0
63.6807,4259.66,-59.0193,-12.965,3.1215,3774.08,0
64.3744,4266.82,-38.5788,-3.31223,4.46829,3622.31,0
65.0657,4273.63,-35.9343,1.96855,3.84501,3479.05,0
65.7514,4264.1,-22.2307,36.4971,3.83578,3587.8,0
66.4354,4258.68,-25.8174,25.6775,4.73059,3632.37,0
67.1244,4273.15,-40.2608,28.4426,2.08944,3379.56,0
67.8008,4284.03,-40.4994,36.4598,0.572474,3185.29,0
68.4935,4272.68,-44.9322,14.1484,2.20276,3318.82,0
69.1768,4290.71,-39.1968,19.7053,0.741561,3025.48,0
69.86,4244.12,-74.5586,28.9993,1.68285,3662.69,0
70.5484,4253.91,-77.5136,29.9764,0.34443,3488.25,0
71.2335,4255.81,-69.0214,39.827,0.542704,3428.08,0
71.9228,4245.08,-70.3113,41.6235,1.36415,3544.29,0
72.6004,4239.94,-64.9506,52.0592,1.71841,3582.06,0
73.2894,4224.91,-93.0659,52.2329,0.646624,3753.45,0
73.9774,4201.1,-87.3595,53.5118,3.34684,4040.38,0
74.6661,4179.03,-94.0966,47.6195,4.98489,4298.77,0
75.3508,4181.26,-59.2561,49.5397,7.46339,4230.07,0
76.0321,4181.8,-47.6215,27.8467,8.24224,4185.08,0
76.7237,4169.83,-73.197,23.0625,5.83124,4303.38,0
77.3994,4176.53,-81.6163,15.073,4.08596,4179.25,0
78.0922,4176.39,-73.303,10.6539,4.9967,4143.99,0
78.7741,4163.17,-89.2843,-12.2556,4.04119,4275.84,0
79.4657,4178.75,-99.6093,13.3198,1.07206,4042.64,0
80.1535,4176.07,-97.772,37.7169,0.844887,4041.33,0
80.8315,4163.6,-89.947,42.0331,2.7394,4161.79,0
81.5139,4154.46,-84.9929,35.7908,4.36541,4239.07,0
82.2012,4188.4,-94.338,16.1315,0.582482,3790.75,0
82.8835,4167.12,-88.1242,0.227798,3.4095,4016.19,0
83.5687,4170.49,-85.0431,0.0621336,3.20836,3942.99,0
84.2524,4166.79,-73.5376,12.4926,4.6119,3954.88,0
84.9319,4172.76,-70.7781,10.3772,4.14945,3852.98,0
85.6061,4140.74,-46.5256,12.0621,9.32029,4196.72,0
86.2924,4139.15,-51.059,22.5721,6.92146,4181.73,0
86.9831,4127.76,-48.8772,32.1573,6.72638,4279.43,0
87.6718,4134.59,-75.1023,27.7113,3.08843,4167.97,0
88.3612,4122.85,-58.0704,21.7134,5.9423,4268.33,0
89.0461,4104.01,-37.6713,33.8132,8.09375,4446.97,0
89.7354,4116.53,-54.764,38.2641,4.23759,4273.32,0
90.4319,4122.41,-57.3056,47.3992,2.46802,4175.36,0
91.1175,4129.64,-65.6009,31.7244,1.95143,4064.59,0
91.7932,4137.26,-72.1815,14.6306,1.19087,3951.75,0
92.4673,4140.4,-76.1041,19.4036,0.237426,3888.93,0
93.1568,4120.42,-70.5721,8.78775,3.05813,4074.62,0
93.8381,4111.88,-71.1341,54.7631,1.3312,4136.07,0
94.5233,4105.43,-73.6173,50.2522,1.96278,4174.36,0
95.2106,4104.98,-85.7812,36.8155,1.44802,4148.88,0
95.8979,4098.3,-80.2061,47.1907,2.08904,4188.78,0
96.5832,4098.93,-91.8813,-1.44599,2.15621,4152.55,0
97.2819,4080.56,-92.4292,28.2397,3.10076,4311.54,0
97.971,4067.83,-103.479,49.8198,1.41802,4411.19,0
98.661,4103.53,-83.7367,51.1437,0.415147,4018.49,0
99.3343,4136.17,-66.099,-6.15334,1.51722,3662.69,0
100.014,4121.22,-58.3433,-7.42221,3.72948,3787.32,0
100.687,4116.44,-47.824,-5.91201,4.97853,3809.39,0
101.364,4110.83,-64.8369,-12.0684,3.06526,3839.37,0
102.042,4107.09,-43.8724,-11.1138,5.98197,3850.5,0
102.725,4101,-36.9084,10.61,6.82343,3884.11,0
103.415,4118.3,-30.2505,24.5786,4.48707,3690.95,0
104.1,4109.48,-68.3105,12.6057,1.0872,3751.4,0
104.78,4111.87,-37.4151,-0.0825522,4.90997,3704.21,0
105.468,4095.75,-75.2447,28.9228,0.53832,3832.89,0
106.134,4100.77,-55.6307,48.6696,0.997515,3761.57,0
106.829,4054.3,-38.7037,61.2402,5.56617,4172.12,0
107.506,4075.91,-66.4983,66.0516,0.184337,3944.86,0
108.189,4073.31,-19.6653,63.4908,4.27381,3943.93,0
108.885,4072.42,-30.7713,69.5199,2.86913,3926.9,0
109.57,4075.1,-13.1677,50.6271,5.86567,3877.91,0
110.25,4102.64,-39.1586,53.717,1.1497,3604.15,0
110.927,4097.75,-33.6302,68.0447,0.204512,3626.24,0
111.61,4056.98,-35.1176,75.4269,2.93906,3969.37,0
112.298,4043.19,-53.3347,69.6017,3.33304,4067.81,0
112.974,4030.39,-45.9028,68.3369,4.7184,4156.85,0
113.655,4008.17,-58.8274,68.4404,4.58513,4327.4,0
114.339,4015.53,-35.0439,59.3912,6.84348,4237.14,0
115.028,4017.37,-31.471,63.2168,5.85759,4195.77,0
115.709,3974.96,-24.0468,58.9875,9.49227,4537.59,0
116.392,3968.35,-35.5614,67.1744,6.24064,4567.71,0
117.075,3954.5,-32.0014,55.728,8.20129,4659.45,0
117.761,3953.04,-25.5776,53.3235,7.65653,4644.7,0
118.44,3956.82,-27.5896,63.0798,4.56627,4586.11,0
119.121,3947.52,-14.0402,63.4155,5.66215,4637.97,0
119.808,3957.28,-10.0621,39.8684,8.68309,4529.88,0
120.492,3957.72,-10.1397,26.2475,9.19224,4500.52,0
121.173,3953.67,5.66055,31.7664,7.77151,4508.7,0
121.856,3963.06,8.56194,38.912,4.94676,4406.37,0
122.532,3954.67,-8.06671,23.9643,7.8654,4450.52,0
123.214,3949.67,1.12594,27.4648,6.99121,4466.45,0
123.901,3939.94,-6.03692,18.6937,8.26682,4520.25,0
124.581,3938.4,-6.59694,17.705,7.50517,4507.93,0
125.257,3940.1,-16.5547,27.4661,4.53731,4469.98,0
125.938,3929.99,-33.9779,39.9117,1.28334,4526.11,0
126.617,3932.84,-25.799,7.70813,5.73359,4479.31,0
127.298,3926.48,-9.54056,2.63881,8.62278,4505.32,0
127.992,3912.37,6.40507,10.6989,7.81674,4591.19,0
128.68,3921.48,10.5775,9.58164,6.09236,4495.78,0
129.357,3906.6,22.8156,20.3313,3.49014,4587.33,0
130.045,3890.01,22.6033,-19.3361,4.67399,4690.64,0
130.733,3896.4,32.6334,-5.06133,3.26431,4617.09,0
131.422,3907.15,18.7363,8.85904,4.92873,4511.05,0
132.105,3911.41,22.7675,-8.41255,3.84392,4455.49,0
132.784,3886.92,17.0628,-31.1813,3.10611,4617.1,0
133.475,3889.02,-11.0028,-16.261,6.00414,4577.53,0
134.16,3885.59,-3.89073,5.45599,7.5231,4579.69,0
134.847,3873.05,-10.053,-5.52431,6.46174,4649.37,0
135.526,3888.73,-7.06956,-7.39711,5.05931,4510.34,0
136.214,3894.89,6.91866,-18.5654,2.36902,4442.34,0
136.903,3911.74,3.77235,-9.97591,3.02142,4296.91,0
137.592,3907.61,-7.34191,15.6653,1.93238,4305.38,0
138.28,3871.04,-2.36598,29.6378,1.82135,4548.44,0
138.971,3873.44,-26.6793,4.73408,2.09327,4508.58,0
139.66,3851.46,-30.2833,-21.6076,1.11875,4643.72,0
140.346,3835.15,-40.606,-10.6643,0.884568,4737.19,0
141.028,3834.75,-17.4664,7.36572,6.29776,4717.11,0
141.709,3862.29,-25.1088,-5.32529,2.52224,4500.14,0
142.396,3868.04,-7.69357,-6.99053,5.41282,4438.04,0
143.079,3847.71,5.26393,-10.9972,5.53482,4558.92,0
143.774,3846.68,-5.41114,0.149587,6.4424,4544.11,0
144.449,3828.74,-26.2259,9.29465,1.39866,4647.02,0
145.13,3814.62,-28.4304,-10.5592,1.33115,4722.51,0
145.819,3796.59,-15.9669,-22.216,3.19384,4823.86,0
146.523,3812.38,-23.2087,-21.2789,1.08363,4692.93,0
147.22,3802.05,-26.6381,-14.8342,2.01735,4740.85,0
147.908,3762.92,-25.3786,-5.20968,5.9109,4983.39,0
148.592,3757.27,-15.5141,-4.05363,9.17137,4998.45,0
149.274,3736,-32.1995,-7.35915,3.89737,5118.07,0
149.962,3746.74,-30.7918,-7.54495,3.47156,5022.97,0
150.639,3741.54,-17.9103,0.0822965,7.97184,5034.97,0
151.32,3748.8,-4.11213,-8.99866,8.5279,4964.31,0
152.001,3740.51,-16.1218,-0.0178911,5.66877,4996.6,0
152.688,3746.78,-23.585,6.80821,1.55931,4933.08,0
153.373,3733.24,-18.3612,2.33264,4.34333,4999.33,0
154.068,3707.31,-27.4367,-3.56273,1.10412,5145.09,0
154.753,3715.42,-20.9718,1.80124,3.32628,5069.9,0
155.433,3684.9,-28.5626,8.18672,0.354402,5244.03,0
156.126,3685.85,-21.6852,5.58267,3.79853,5214.74,0
156.809,3678.77,-16.326,-4.60978,6.24479,5237.16,0
157.498,3666.82,-5.21535,-2.301,12.0972,5290.1,0
158.179,3667.63,-3.17511,4.59716,0.287595,5262.19,0
158.863,3666.07,-0.992648,-0.23786,2.8781,5249.35,0
159.556,3645.14,-7.1748,1.798,3.2755,5357.73,0
160.233,3625.45,6.27421,10.8791,10.1911,5458.03,0
160.919,3607.73,17.4662,9.96525,5.20977,5544.82,0
161.614,3586.58,4.69664,-18.7772,3.03316,5651.88,0
162.299,3588.82,2.53291,-27.9195,1.0944,5614.21,0
162.975,3573.17,-3.52807,-19.6562,10.311,5686.97,0
163.664,3582.3,-11.7088,-44.7155,1.59764,5607.22,0
164.344,3579.78,-32.6097,-49.598,1.28342,5599.38,0
165.02,3581.21,-16.2354,-28.4593,2.68181,5567.74,0
165.706,3582.69,-34.2829,-20.7807,0.732679,5535.8,0
166.399,3570.17,-48.4771,-30.4361,4.90619,5587.92,0
167.073,3570.68,-48.3521,-43.1531,2.99633,5562.36,0
167.754,3571.36,-38.1047,-19.0206,4.43503,5535.71,0
168.445,3536.37,-42.9387,-16.5764,3.78991,5720.76,0
169.127,3518.59,-42.7079,-23.3115,4.4317,5802.8,0
169.797,3506.79,-32.2276,-17.3143,0.317221,5849.38,0
170.285,3472.28,-5.10341,3.93371,4.76976,6035.3,2
