0.688511,4483.1,-214.477,-972.165,1.94819,24546.9,0
1.37824,4478.73,-224.738,-987.281,2.1739,15429.3,0
2.06679,4455.67,-215.392,-997.256,4.73579,21448,0
2.74923,4445.32,-221.555,-1003.29,5.64138,19888.4,0
3.43353,4433.29,-214.981,-1016.51,6.41631,19428.8,0
4.11476,4462.51,-213.571,-1033.97,2.33178,9112,0
4.79979,4453.05,-213.215,-1030.63,3.45759,9782.11,0
5.48783,4441.5,-202.106,-1021.02,4.74607,10660,0
6.15741,4462.61,-207.01,-1013.12,2.27925,6072.53,0
6.85156,4470.81,-183.228,-1043.42,0.949741,4260.01,0
7.53955,4443.33,-160.618,-1045.56,4.0899,7516.93,0
8.21748,4474.35,-174.817,-1053.27,0.192657,3121.45,0
8.89905,4449.98,-214.682,-1076.74,2.70617,5620.53,0
9.5794,4451.63,-217.454,-1090.31,2.27082,5049.4,0
10.2563,4451.35,-193.981,-1114.9,2.0317,4743.52,0
10.9288,4451.18,-201.414,-1098.53,2.17662,4467.19,0
11.6137,4463.31,-220.582,-1107.81,0.523586,3159.1,0
12.3047,4446.54,-247.369,-1118.68,2.31005,4344.47,0
12.9871,4453.25,-242.4,-1094.46,1.75093,3599.65,0
13.6767,4455.73,-238.74,-1100.03,1.39597,3237,0
14.352,4440.62,-252.541,-1104.19,2.98784,4137.66,0
15.0302,4435.96,-254.104,-1090.62,3.62121,4260.75,0
15.716,4439.89,-249.834,-1075.13,3.19159,3824.78,0
16.3962,4442.2,-218.048,-1070.29,2.98089,3525.04,0
17.0817,4457.23,-205.515,-1065.01,1.19066,2504.12,0
17.761,4450.2,-223.104,-1056.85,2.01893,2803.78,0
18.4461,4453.85,-225.322,-1036.87,1.78745,2502.15,0
19.1358,4447.47,-258.787,-1041.93,2.33693,2744.9,0
19.8311,4445.41,-269.173,-1021.03,2.77613,2752.51,0
20.5194,4468.13,-288.725,-1003.49,0.16714,1553.26,0
21.2005,4456.77,-264.005,-960.565,2.03421,2038.91,0
21.8738,4462.97,-273.914,-971.276,1.01138,1693.06,0
22.5556,4467.07,-258.27,-961.243,0.627002,1460.08,0
23.2497,4451.62,-274.661,-980.784,2.17593,2080.93,0
23.9378,4427.4,-282.298,-986.374,4.61907,3033.05,0
24.6258,4413.88,-304.874,-985.205,5.71932,3497.29,0
25.3128,4419.11,-299.213,-991.453,4.54966,3195.51,0
25.9851,4426.2,-307.043,-1008.21,3.30838,2839.93,0
26.6767,4407.63,-305.224,-998.257,5.12604,3462.5,0
27.3583,4415.97,-273.315,-998.197,3.90223,3071.62,0
28.0403,4404.56,-296.152,-988.171,4.93199,3403.65,0
28.7161,4419.18,-287.575,-964.097,3.37022,2814.48,0
29.3978,4411.56,-261.486,-961.162,4.31565,3008.28,0
30.0796,4412.53,-235.739,-988.06,3.81168,2907.99,0
30.7498,4393.8,-245.628,-984.842,5.67924,3453.73,0
31.4333,4375.5,-260.358,-996.244,6.74662,3960.91,0
32.1245,4377.63,-260.627,-1012.44,5.47486,3809.23,0
32.8098,4378.06,-273.713,-1008.83,5.06504,3716.61,0
33.4894,4376.08,-253.041,-1002.06,4.95508,3700.23,0
34.171,4380.46,-259.948,-1010.34,3.97331,3498.37,0
34.8574,4356.67,-254.438,-999.588,6.53863,4111.97,0
35.5462,4375.46,-256.471,-973.336,4.18113,3503.69,0
36.2257,4372.85,-260.058,-928.048,4.81492,3510,0
36.9132,4369.01,-257.553,-949.817,4.76609,3548.51,0
37.6036,4366.74,-249.516,-967.624,4.46721,3543.94,0
38.2917,4374.69,-235.562,-983.198,3.06315,3272.49,0
38.9739,4352.14,-257.291,-1002.67,5.23616,3793.82,0
39.6678,4350.32,-265.69,-967.529,5.28765,3773.23,0
40.3604,4364.15,-284.844,-967.244,3.20487,3365.89,0
41.0497,4369.77,-281.373,-943.054,2.75402,3172.47,0
41.7295,4373.83,-307.082,-951.631,2.06641,3023.45,0
42.4076,4379.43,-322.799,-960.71,1.15316,2843.15,0
43.1029,4384.25,-275.068,-934.615,1.01951,2685.42,0
43.7866,4380.94,-281.967,-968.441,0.991791,2719.1,0
44.4764,4361.84,-288.742,-989.625,2.9065,3106.34,0
45.1637,4347.51,-291.966,-981.924,4.52727,3376.37,0
45.8451,4334.93,-323.76,-1002.27,5.49656,3600.67,0
46.5328,4364.31,-318.228,-997.149,1.65764,2915.97,0
47.2119,4365.49,-303.094,-993.34,1.60961,2849.15,0
47.8923,4364.72,-244.235,-996.892,1.82868,2824.64,0
48.5844,4355.54,-223.197,-976.865,2.99528,2973.29,0
49.2658,4362.94,-206.704,-973.685,2.10286,2782.05,0
49.9428,4349.01,-213.549,-977.683,3.59057,3023.17,0
50.6133,4354.68,-221.613,-976.424,2.75145,2871.28,0
51.3032,4341.16,-227.054,-972.329,4.12737,3096.08,0
51.9883,4314.38,-238.536,-988.646,6.77682,3570.49,0
52.6724,4310.77,-237.222,-987.917,6.17753,3592.62,0
53.3535,4319.4,-235.645,-974.769,4.83665,3384.92,0
54.0335,4310.93,-256.668,-950.213,5.475,3499.17,0
54.7193,4343.11,-265.955,-925.043,1.75332,2867.1,0
55.396,4340.43,-288.981,-924.614,2.01267,2880.49,0
56.0705,4320.47,-297.605,-914.254,4.35074,3201.82,0
56.7534,4299.19,-293.567,-926.771,6.08244,3538.34,0
57.4284,4295.7,-306.533,-949.075,5.62061,3557.52,0
58.1045,4294.44,-293.909,-959.668,5.08529,3537.81,0
58.7907,4306.17,-283.77,-984.007,3.21332,3297.02,0
59.485,4299.71,-277.14,-945.848,4.27174,3367.15,0
60.1757,4291.3,-309.438,-955.682,4.62934,3468.17,0
60.862,4294.58,-316.94,-943.479,4.03402,3375.12,0
61.5465,4303.82,-311.027,-924.241,3.02289,3187.53,0
62.2326,4304.5,-279.257,-905.554,3.10411,3141.42,0
62.911,4300.84,-289.374,-911.454,3.26229,3165.7,0
63.6065,4302.79,-286.008,-903.974,2.99595,3100.46,0
64.2991,4297.7,-284.084,-881.542,3.82098,3146.29,0
64.9761,4311.17,-289.364,-881.656,2.0577,2906.2,0
65.6744,4302.64,-278.135,-884.549,3.0935,3005.13,0
66.3626,4302.43,-276.173,-865.424,3.34577,2977.08,0
67.0423,4283.2,-249.811,-850.871,5.84324,3233.74,0
67.7187,4281.2,-256.114,-839.447,5.61873,3231.04,0
68.4007,4293.17,-266.999,-817.664,3.91855,3023.85,0
69.0852,4276.15,-275.739,-827.062,5.41108,3240.24,0
69.7647,4280.92,-267.289,-849.822,3.71361,3140.34,0
70.4505,4277.76,-288.456,-869.591,3.58431,3154.62,0
71.1385,4285.61,-278.409,-833.989,2.84151,3013.63,0
71.8188,4293.39,-292.63,-841.437,1.65864,2876.86,0
72.5081,4302.43,-290.584,-834.702,0.637371,2724.73,0
73.1949,4287.46,-299.169,-822.015,2.53285,2903.74,0
73.8859,4285.58,-275.884,-827.693,2.69989,2902.04,0
74.5678,4295.26,-299.97,-824.17,1.30221,2745.66,0
75.2592,4299.24,-331.137,-829.796,0.524945,2667.62,0
75.9379,4299.27,-343.625,-825.802,0.492914,2643.39,0
76.6124,4282.35,-366.154,-820.613,2.48327,2840.92,0
77.2888,4277.41,-375.676,-829.816,2.86229,2880.03,0
77.9742,4259.1,-338.748,-840.821,5.03142,3089.52,0
78.669,4252.4,-356.409,-851.535,5.26219,3147.39,0
79.3464,4247.02,-351.454,-869.276,5.26124,3188.31,0
80.0266,4249.16,-364.468,-882.655,4.37506,3134.42,0
80.7147,4233.67,-355.407,-898.262,5.87179,3299.67,0
81.389,4236.24,-365.087,-915.635,4.95347,3240.74,0
82.0772,4235,-361.577,-923.646,4.66005,3228.65,0
82.7707,4227.8,-380.225,-913.169,5.20988,3288.61,0
83.4509,4229.59,-358.104,-893.153,5.03011,3240.38,0
84.131,4230.13,-363.997,-883.854,4.78974,3207.7,0
84.8092,4224.33,-364.629,-873.148,5.37073,3250.42,0
85.4909,4223.54,-371.036,-879.811,4.82696,3233.81,0
86.1812,4220.74,-370.155,-862.129,4.83821,3240.38,0
86.8615,4219.19,-351.482,-869.684,4.47681,3232.84,0
87.5462,4231.75,-337.369,-864.024,2.88079,3064.14,0
88.2171,4227.21,-310.538,-892.793,3.17968,3092.2,0
88.8988,4226.89,-311.899,-877.388,3.15911,3072.15,0
89.5804,4225.31,-303.168,-878.774,3.29198,3066.38,0
90.2653,4238.79,-316.218,-870.92,1.58817,2893.79,0
90.9424,4240.48,-328.54,-893.421,1.03644,2853.64,0
91.6262,4227.98,-309.754,-920.762,2.33372,2968.76,0
92.3254,4224.82,-329.74,-935.994,2.44266,2980.59,0
93.0092,4230.63,-322.93,-917.293,1.90168,2896.21,0
93.6935,4208.61,-339.439,-922.727,4.44527,3110.07,0
94.3787,4217.54,-353.614,-899.653,3.57463,2992.84,0
95.0703,4236.35,-348.183,-922.563,1.02867,2773.23,0
95.7566,4226.04,-333.555,-908.078,2.44702,2861,0
96.4377,4221.46,-329.425,-897.5,2.87245,2888.32,0
97.1265,4226.15,-360.249,-873.47,2.40853,2819.54,0
97.8115,4238.47,-354.08,-892.337,0.627154,2673.82,0
98.5028,4223.16,-337.758,-906.306,2.33962,2810.51,0
99.185,4243.4,-330.777,-878.746,0.149566,2587.09,0
99.8707,4211.36,-309.311,-864.059,4.35886,2890.1,0
100.565,4217.29,-306.837,-874.525,3.35318,2811.25,0
101.252,4228.47,-286.941,-860.934,2.03602,2681.72,0
101.936,4222.14,-278.798,-854.548,2.90375,2725.86,0
102.625,4220.05,-283.222,-858.021,2.96764,2727.88,0
103.32,4222.2,-265.584,-857.21,2.70913,2688.73,0
103.999,4206.78,-272.357,-865.427,4.23785,2819.4,0
104.684,4181.67,-283.102,-865.674,6.89996,3040.9,0
105.359,4182.4,-294.366,-860.503,6.20783,3014.49,0
106.04,4186.68,-287.67,-862.438,4.98856,2954.77,0
106.727,4183.65,-285.977,-866.268,4.86275,2964.12,0
107.405,4179.87,-295.455,-906.407,4.32778,2980.56,0
108.085,4201.03,-281.777,-933.324,1.12711,2766.1,0
108.765,4189.53,-259.817,-915.949,2.86599,2854.46,0
109.439,4193.22,-242.475,-916.122,2.29809,2803.23,0
110.126,4167.77,-221.348,-911.563,5.32298,3016.86,0
110.806,4174.64,-213.47,-909.23,4.14973,2936.32,0
111.496,4178.44,-235.71,-890.085,3.55025,2884.02,0
112.18,4183.38,-225.745,-889.563,2.73926,2822.42,0
112.869,4200.84,-271.055,-887.6,0.343096,2650.52,0
113.554,4168.45,-305.744,-901.468,4.07145,2919.72,0
114.241,4182.04,-287.002,-896.273,2.32431,2783.27,0
114.927,4193.51,-275.777,-897.646,0.816203,2666.84,0
115.61,4173.53,-273.502,-939.343,2.79215,2823.93,0
116.292,4164.44,-251.838,-942.81,3.84589,2885.48,0
116.972,4169.5,-239.506,-953.305,3.02302,2825.44,0
117.66,4170.87,-225.506,-961.463,2.82438,2797.31,0
118.344,4183.02,-223.514,-972.892,1.07022,2678.42,0
119.026,4161.97,-225.796,-976.062,3.55319,2840,0
119.706,4177.96,-219.495,-1004.26,1.33153,2690.29,0
120.383,4179.34,-192.901,-1001.25,1.24203,2663.66,0
121.062,4169.05,-204.956,-1009.2,2.36569,2733.7,0
121.748,4176.36,-198.436,-990.221,1.57728,2658.31,0
122.438,4157.41,-198.079,-989.235,3.8838,2798.04,0
123.117,4151.93,-184.562,-1007.73,4.21662,2827.11,0
123.801,4181.4,-197.903,-1001.02,0.470329,2573.46,0
124.478,4167.33,-176.506,-1008.37,2.13988,2672.56,0
125.157,4172.35,-206.664,-1028.64,1.18859,2617.91,0
125.835,4147.28,-215.627,-1025.7,4.21221,2803.05,0
126.521,4160.42,-212.737,-1028.95,2.51326,2684,0
127.205,4164.06,-231.409,-1027.74,1.95335,2640.91,0
127.89,4161.07,-230.187,-1057.79,2.02529,2650.19,0
128.571,4149.9,-241.125,-1045.78,3.44925,2723.03,0
129.249,4166.74,-247.176,-1044.09,1.25959,2578.42,0
129.928,4169.54,-245.189,-1034.4,0.957584,2543.38,0
130.609,4155.67,-274.558,-1017.68,2.66789,2636.36,0
131.305,4152.11,-324.699,-1025.1,2.81524,2649.49,0
131.994,4167.46,-344.204,-1044.3,0.628337,2519.37,0
132.691,4152.61,-340.191,-1031.69,2.58482,2618.04,0
133.361,4120.34,-351.847,-1037.3,6.14974,2846.88,0
134.047,4111.95,-355.749,-1031.28,6.39427,2894.87,0
134.731,4115.23,-354.222,-1021.76,5.40508,2855.86,0
135.409,4105.49,-361.623,-1018.51,5.99602,2913.44,0
136.084,4116.98,-364.065,-1025.86,4.01285,2814.63,0
136.763,4099.75,-375.687,-1019.71,5.79263,2926.6,0
137.46,4112.82,-355.903,-1009.43,3.81898,2816.69,0
138.149,4115.98,-349.015,-987.976,3.4556,2779.76,0
138.832,4108.81,-368.773,-1001.62,3.97981,2817.75,0
139.522,4108.46,-398.794,-985.264,3.91362,2806.29,0
140.205,4109.52,-392.747,-1007.08,3.18773,2785.08,0
140.898,4084.45,-408.552,-1002.69,5.72304,2949.3,0
141.585,4096.44,-425.834,-1039.88,3.66504,2850.28,0
142.266,4091.24,-437.288,-1068.03,3.82117,2873.19,0
142.945,4097,-447.769,-1042.47,3.24389,2819.23,0
143.626,4103.5,-428.513,-1028.76,2.59304,2760.63,0
144.298,4114.17,-460.767,-1006.76,1.27106,2673.87,0
144.973,4120.7,-451.109,-960.899,0.931868,2616.34,0
145.667,4118.11,-442.881,-959.127,1.24514,2621.63,0
146.355,4119.81,-471.3,-940.204,1.021,2597.72,0
147.032,4093.04,-491.796,-935.843,4.1958,2767.82,0
147.719,4086,-496.664,-922.761,4.84405,2802.64,0
148.406,4087.61,-523.578,-928.795,3.96859,2778.81,0
149.091,4081.82,-509.08,-952.54,4.37757,2804.85,0
149.78,4073.29,-508.141,-944.216,4.98702,2848.89,0
150.461,4058.87,-488.101,-961.157,6.16875,2931.84,0
151.143,4079.33,-511.224,-959.054,3.19458,2783.28,0
151.821,4079.41,-497.856,-943.243,3.11754,2770.27,0
152.505,4081.37,-497.757,-940.452,2.82056,2745.04,0
153.202,4099.97,-494.332,-916.697,0.629138,2611.12,0
153.894,4084.48,-489.353,-923.016,2.43459,2700.07,0
154.592,4085.82,-515.771,-902.766,2.23683,2679.16,0
155.279,4092.86,-521.385,-907.78,1.20836,2622.01,0
155.963,4076.41,-523.365,-871.777,3.49772,2715.97,0
156.642,4083.11,-524.343,-861.554,2.62323,2661.43,0
157.333,4089.23,-532.597,-892.763,1.54554,2610.81,0
158.024,4085.73,-551.968,-900.828,1.79462,2621.6,0
158.711,4087.42,-547.667,-908.562,1.47737,2599.58,0
159.391,4071.35,-556.295,-920.223,3.24974,2689.27,0
160.088,4048.28,-561.047,-920.018,5.77761,2821.71,0
160.774,4040.8,-573.023,-907.838,6.14219,2856.16,0
161.456,4046.7,-568.487,-901.182,5.00854,2807.6,0
162.143,4049.94,-570.218,-915.437,4.09985,2775.69,0
162.829,4046.4,-580.898,-920.773,4.07091,2785.75,0
163.518,4071.82,-601.025,-917.885,0.683969,2618.54,0
164.202,4044.13,-634.268,-912.68,3.95203,2776.26,0
164.898,4023.78,-629.269,-908.596,6.1175,2887.93,0
165.578,4016.92,-663.681,-911.892,6.06749,2917.53,0
166.257,4009.66,-659.132,-938.632,6.21872,2949.29,0
166.951,4000.15,-671.702,-936.041,6.72375,2993.96,0
167.644,4011.13,-682.501,-931.86,4.7706,2916.11,0
168.332,4008.81,-677.233,-937.188,4.68732,2917.97,0
169.017,4014.3,-674.558,-954.552,3.59504,2873.7,0
169.713,4018.16,-676.52,-957.435,2.83808,2839.17,0
170.397,4022.28,-673.655,-951.602,2.25256,2803.59,0
171.082,4022.42,-651.23,-944.767,2.3575,2791.49,0
171.767,4031.33,-649.839,-955.379,1.13207,2728.52,0
172.449,4018.91,-652.815,-953.053,2.69843,2789.75,0
173.132,4004.65,-643.205,-937.831,4.51487,2861.09,0
173.824,4016.05,-632.579,-961.555,2.81801,2784.16,0
174.518,4007.73,-645.981,-944.602,3.76449,2820.75,0
175.202,3998.03,-652.381,-960.301,4.52095,2865.11,0
175.884,3978.79,-655.698,-951.511,6.41174,2963.39,0
176.562,3974.93,-670.007,-927.978,6.29178,2973.86,0
177.251,3966.44,-663.384,-916.395,6.37856,3010.19,0
177.939,3960.85,-676.012,-909.349,6.39582,3029.95,0
178.62,3987.78,-673.266,-929.855,2.41764,2867.68,0
179.306,3986.6,-656.218,-932.486,2.59329,2863.26,0
179.991,3965.62,-668.594,-965.131,4.8639,2968.94,0
180.67,3957.23,-672.328,-977.371,5.24249,3004.2,0
181.351,3970.48,-682.491,-999.872,3.16705,2919.89,0
182.038,3947.47,-694.909,-988.239,5.86628,3035.24,0
182.719,3940.79,-710.229,-969.19,6.13068,3060.47,0
183.408,3938.76,-706.665,-975.208,5.53434,3060.04,0
184.096,3949.17,-715.065,-980.234,3.93947,2992.08,0
184.781,3934.54,-707.201,-992.811,5.46306,3060.16,0
185.47,3927.71,-698.212,-978.678,5.96889,3085.62,0
186.155,3924.8,-690.529,-976.574,5.63017,3089.92,0
186.847,3926.61,-695.111,-977.159,5.19309,3068.77,0
187.529,3905.37,-679.13,-972.301,7.33048,3170.88,0
188.218,3929.4,-695.494,-996.797,3.61631,3031.59,0
188.901,3917.62,-682.874,-973.811,5.14095,3083.01,0
189.593,3912.69,-673.069,-962.402,5.33239,3097.71,0
190.274,3912.37,-662.221,-964.231,5.11529,3088.34,0
190.968,3923.03,-660.276,-953.205,3.61632,3021.32,0
191.655,3905.55,-652.728,-957.143,5.34668,3101.65,0
192.338,3908.07,-665.861,-924.632,4.83971,3077.54,0
193.024,3894.9,-673.309,-921.385,6.06662,3134.85,0
193.706,3903.55,-669.982,-902.717,4.6596,3079.16,0
194.385,3893.44,-644.793,-891.619,5.54644,3120.39,0
195.062,3899.35,-613.911,-895.706,4.27857,3079.26,0
195.75,3912.12,-627.943,-884.827,2.57868,3003.21,0
196.429,3902.05,-590.473,-861.043,3.94911,3044.08,0
197.112,3892.34,-593.132,-882.211,4.78292,3082.84,0
197.799,3900.13,-611.494,-894.571,3.29735,3032.71,0
198.482,3923.84,-606.368,-919.891,0.106181,2902.85,0
199.168,3908.35,-597.902,-929.188,2.06677,2970.59,0
199.847,3914.04,-602.888,-932.294,1.27477,2932.03,0
200.543,3910.75,-567.932,-945.207,1.7168,2938.27,0
201.226,3916.37,-561.093,-943.572,0.967133,2900.37,0
201.908,3893.07,-566.799,-952.523,3.80862,3005.97,0
202.601,3879.17,-560.443,-944.617,5.20132,3064.32,0
203.283,3884.66,-561.414,-936.275,4.318,3027.01,0
203.972,3890.49,-541.644,-932.822,3.47197,2988.21,0
204.659,3878.62,-549.398,-941.277,4.76016,3036.15,0
205.351,3877.34,-566.391,-952.638,4.33015,3032.17,0
206.025,3880.12,-570.913,-932.041,3.90007,3008.75,0
206.71,3888.41,-580.729,-932.517,2.71154,2958.67,0
207.399,3873.86,-602.184,-929.874,4.27411,3019.03,0
208.07,3886.2,-597.198,-931.273,2.49052,2949.98,0
208.751,3878.59,-628.205,-950.283,3.19596,2976.82,0
209.437,3863.87,-633.57,-953.56,4.78125,3037.34,0
210.115,3866.09,-627.955,-987.665,4.20716,3016.94,0
210.806,3863.31,-611.714,-987.779,4.33552,3020.28,0
211.493,3857.15,-610.035,-966.181,5.01788,3039.56,0
212.181,3888.48,-602.795,-953.57,0.947517,2882.06,0
212.88,3874.81,-595.768,-927.792,2.84997,2936.83,0
213.555,3879.35,-595.148,-945.482,2.12704,2906.28,0
214.248,3879.61,-574.213,-931.127,2.31485,2895.68,0
214.936,3855.74,-584.953,-944.659,5.04286,2997.43,0
215.621,3853.33,-584.191,-940.853,4.91671,2999.13,0
216.301,3876.13,-585.799,-928.284,1.7511,2884.29,0
216.993,3868.23,-589.043,-953.116,2.53484,2911.48,0
217.687,3851.7,-600.494,-965.106,4.39955,2978.11,0
218.374,3837.23,-610.764,-977.19,5.81249,3035,0
219.046,3855.04,-596.414,-977.273,3.37683,2944.41,0
219.737,3879.88,-604.767,-984.024,0.0682178,2822.12,0
220.42,3842.97,-612.964,-1007.63,4.52583,2980.79,0
221.115,3829.54,-599.3,-1014.81,6.01366,3032.19,0
221.8,3850.26,-606.668,-1021.53,3.12705,2929.41,0
222.467,3829.94,-613.11,-1022.58,5.49386,3011.97,0
223.151,3835.05,-614.259,-1003.12,4.57036,2979.84,0
223.833,3845.07,-604.782,-1030.35,2.9314,2925.98,0
224.524,3826.98,-611.674,-1028.47,4.90934,2997.55,0
225.202,3813.61,-603.393,-1031.34,6.11569,3047.88,0
225.896,3813.8,-604.229,-1026.52,5.61757,3037.66,0
226.585,3825.11,-568.021,-1040.56,3.83014,2978.53,0
227.265,3803.51,-572.909,-1034,5.98631,3064.65,0
227.951,3783.46,-554.628,-1024.5,8.08078,3143.41,0
228.635,3800.34,-553.195,-999.746,5.25569,3060.16,0
229.316,3787.86,-559.859,-981.442,6.45099,3105.5,0
230.01,3778.39,-560.278,-988.305,6.99394,3137.3,0
230.7,3753.36,-570.458,-983.792,8.46927,3236.41,0
231.383,3783.87,-586.171,-982.814,3.5652,3094.99,0
232.072,3805.49,-585.35,-978.421,0.712103,2992.66,0
232.764,3798.71,-586.384,-1014.09,1.37395,3012.88,0
233.448,3762.71,-578.485,-1023.9,5.61117,3158.27,0
234.132,3747.88,-581.94,-1033.88,6.59405,3212.39,0
234.809,3755.61,-589.488,-1024.29,4.92633,3170.19,0
235.497,3745.54,-585.18,-1037.61,5.41575,3203.7,0
236.169,3729.17,-576.572,-1038.41,6.85528,3263.89,0
236.851,3735.31,-558.754,-1062.4,5.70568,3228.57,0
237.538,3757.4,-559.725,-1042.67,2.71995,3126.22,0
238.234,3770.14,-557.227,-1073.9,0.898384,3063.61,0
238.915,3737.11,-575.4,-1038.07,5.27267,3193.12,0
239.6,3729.51,-582.835,-1039.14,5.61951,3215.74,0
240.275,3743.07,-579.529,-1034.53,3.61293,3150.25,0
240.967,3729.48,-572.741,-1036.11,5.32227,3197.62,0
241.648,3746.08,-575.076,-1035.62,3.08361,3119.93,0
242.34,3749.01,-564.11,-1033.46,2.63694,3098.91,0
243.021,3731.05,-540.804,-1039.45,4.8474,3164.12,0
243.712,3745.79,-556.648,-1047.09,2.74711,3094.69,0
244.393,3735.21,-567.907,-1053.22,3.84227,3129.35,0
245.069,3729.81,-566.913,-1084.29,4.182,3142.73,0
245.751,3726.76,-553.975,-1094.55,4.33949,3146.44,0
246.432,3735.3,-552.465,-1093.12,2.93922,3103.08,0
247.107,3749.02,-536.228,-1080,1.1957,3039.08,0
247.787,3742.57,-547.942,-1050.09,2.08225,3056.77,0
248.476,3732.46,-562.199,-1023.62,3.32669,3088.99,0
249.156,3746.93,-555.426,-1047.42,1.29509,3022.48,0
249.847,3741.24,-561.347,-1032.1,2.02938,3036.92,0
250.527,3750.44,-545.008,-1005.68,0.918314,2991.95,0
251.208,3747.47,-539.41,-993.606,1.36579,2995.65,0
251.901,3727.48,-561.102,-1023.65,3.70029,3066.75,0
252.59,3741.55,-563.048,-1034.18,1.75443,3002.67,0
253.272,3744.12,-548.384,-1017.98,1.47682,2984.45,0
253.967,3731.93,-533.285,-1028.35,2.99115,3024.29,0
254.651,3720.54,-531.836,-1013.57,4.35362,3060.91,0
255.325,3723.7,-512.712,-1023.18,3.76468,3040.44,0
255.998,3704.45,-516.64,-1012.21,5.47744,3107.65,0
256.679,3711.5,-538.85,-1019.51,4.0414,3071.95,0
257.369,3714.5,-562.867,-1008,3.35974,3052.05,0
258.069,3731.87,-572.697,-1011.96,0.988588,2976.47,0
258.754,3720.57,-584.717,-1004.17,2.43297,3012.23,0
259.431,3723.26,-577.028,-1001.43,2.0449,2994.03,0
260.129,3716.79,-547.078,-1029.13,2.85009,3010.86,0
260.811,3721.54,-506.8,-1017.07,2.36415,2984.75,0
261.495,3727.54,-500.246,-1046.11,1.43115,2954.02,0
262.182,3707,-492.661,-1059.64,3.94929,3024.63,0
262.878,3731.14,-468.857,-1053.97,0.733239,2924.79,0
263.563,3714.28,-447.783,-1062.39,2.90094,2981.17,0
264.248,3709.04,-466.473,-1086.38,3.39236,2993.25,0
264.939,3707.07,-470.426,-1073.23,3.49461,2992.88,0
265.628,3698.04,-491.499,-1041.78,4.54902,3019.1,0
266.305,3685.59,-499.557,-1039.44,5.69846,3058.19,0
266.983,3684.07,-500.712,-1040,5.14762,3056.11,0
267.668,3676.75,-508.491,-1030.79,5.5875,3075.64,0
268.34,3665.48,-519.555,-1042.07,6.47288,3109.95,0
269.024,3647.61,-512.301,-1048.1,7.48561,3168.46,0
269.701,3636.67,-500.276,-1055.94,7.59586,3201.07,0
270.391,3640.59,-493.879,-1056.27,6.2635,3178.41,0
271.071,3656.6,-487.359,-1063.31,3.63234,3111.35,0
271.765,3662.16,-493.774,-1056.07,2.7694,3082.94,0
272.45,3671.14,-491.661,-1080.35,1.4887,3042.24,0
273.147,3658.39,-499.646,-1104.24,3.06158,3081.17,0
273.831,3669.06,-521.555,-1098.94,1.58368,3034.49,0
274.517,3664.92,-549.864,-1067.86,2.15627,3042,0
275.19,3630.3,-550.29,-1058.98,6.37306,3160.36,0
275.872,3647.07,-538.871,-1057.36,3.81847,3091.78,0
276.546,3651.39,-529.757,-1051.39,3.14144,3068.61,0
277.218,3633.86,-529.977,-1067.08,4.96527,3124.4,0
277.899,3634.04,-533.686,-1063.09,4.63911,3116.08,0
278.582,3637.66,-547.917,-1047.58,3.7464,3095.48,0
279.271,3636.61,-568.522,-1064.58,3.6291,3091.59,0
279.958,3626.95,-580.961,-1069.3,4.52906,3118.51,0
280.641,3626.11,-584.364,-1053.64,4.36759,3113.91,0
281.326,3618.73,-577.885,-1055.01,5.07121,3132.54,0
282.01,3614.62,-566.836,-1056.21,5.07056,3139.53,0
282.696,3631.2,-574.563,-1074.88,2.57819,3073.27,0
283.383,3608.69,-566.289,-1072.19,5.36102,3145.25,0
284.074,3600.14,-563.774,-1074.28,6.00363,3167.69,0
284.768,3577.06,-549.379,-1061.09,7.93198,3241.01,0
285.446,3569.62,-541.62,-1069.66,7.35739,3259.4,0
286.123,3563.23,-550.072,-1055.47,7.44858,3274.02,0
286.804,3552.91,-541.414,-1048.98,7.84383,3302.23,0
287.479,3552.65,-538.904,-1053.57,6.80464,3295.37,0
288.175,3571.47,-552.005,-1060.74,3.69192,3222.11,0
288.853,3569.14,-558.609,-1071.03,3.84574,3222.59,0
289.544,3574.31,-557.006,-1093.61,2.93191,3197.08,0
290.236,3570.14,-551.8,-1090.9,3.30233,3203.82,0
290.911,3563.88,-556.823,-1108.16,3.93809,3217.9,0
291.595,3564.76,-577.909,-1117.01,3.52471,3207.32,0
292.277,3556.04,-587.704,-1142.11,4.25492,3229.68,0
292.957,3530.89,-579.755,-1141.02,6.56136,3308.01,0
293.637,3515.49,-609.139,-1133.12,7.68615,3352.83,0
294.333,3528.44,-623.865,-1128.18,4.97137,3300.89,0
295.023,3497.97,-589.314,-1112.13,8.20493,3396.45,0
295.693,3485.29,-587.065,-1117.35,7.8186,3431.64,0
296.376,3481.89,-582.807,-1108.8,7.3024,3435.18,0
297.06,3463.63,-593.079,-1097.84,8.23263,3488.74,0
297.739,3467.22,-591.022,-1097.38,6.57528,3468.75,0
298.428,3455.45,-594.589,-1104.79,6.89612,3500.18,0
299.107,3451.59,-567.171,-1095.13,6.75676,3505.14,0
299.792,3467.29,-597.331,-1109.17,4.23162,3444.77,0
300.476,3484.09,-603.387,-1164.29,1.54789,3381,0
301.161,3457.18,-613.576,-1160.97,4.49573,3462.65,0
301.844,3457.74,-616.628,-1183.31,3.89976,3452.99,0
302.529,3469.13,-671.13,-1157.11,2.45253,3407.5,0
303.213,3487.13,-658.81,-1140.25,0.585675,3340.46,0
303.908,3482.91,-673.163,-1126.87,1.12956,3346.7,0
304.597,3485.52,-681.967,-1134.58,0.66524,3330.57,0
305.293,3470.19,-684.187,-1157.31,2.1941,3373.18,0
305.975,3462.41,-659.073,-1136.76,3.45682,3391.1,0
306.654,3474.9,-643.415,-1147.86,1.79773,3342.84,0
307.334,3464.78,-634.321,-1106.1,3.41503,3368.4,0
308.028,3460.51,-619.32,-1114.11,3.68131,3374.67,0
308.71,3441.48,-642.554,-1113.51,5.43619,3428.86,0
309.396,3446.31,-646.956,-1105.19,4.57878,3405.63,0
310.087,3427.48,-646.245,-1099.9,6.30762,3458.79,0
310.782,3425.14,-664.449,-1117.46,5.87246,3458.56,0
311.472,3421.86,-672.192,-1120.66,5.53846,3461.42,0
312.164,3438.45,-670.688,-1145.81,2.93295,3400.63,0
312.851,3450.68,-696.436,-1147.72,1.25162,3354.04,0
313.534,3447.58,-679.607,-1161.75,1.54506,3356.65,0
314.227,3444,-703.19,-1188.33,1.57091,3360.61,0
314.916,3437.55,-693.676,-1198.58,2.22514,3373.75,0
315.608,3442.01,-701.076,-1172.61,1.87314,3352.24,0
316.296,3437.94,-730.459,-1178.59,2.09769,3357.81,0
316.995,3445.24,-728.792,-1178.77,1.17673,3327.37,0
317.695,3431.44,-728.654,-1166.68,2.89585,3363.47,0
318.372,3426.79,-742.479,-1211.2,2.86102,3370.93,0
319.055,3419.57,-733.946,-1191.74,3.88048,3386.36,0
319.736,3443.4,-710.931,-1196,1.06784,3304.6,0
320.416,3448.51,-701.848,-1216.83,0.29617,3281.65,0
321.09,3440.25,-704.652,-1229.99,1.13154,3300.47,0
321.775,3441.05,-719.259,-1258.37,0.670579,3290.97,0
322.455,3407.77,-747.383,-1240.36,4.56877,3387.24,0
323.136,3425.11,-756.482,-1215.7,2.44627,3326.44,0
323.821,3432.12,-757.25,-1213.65,1.54619,3297.73,0
324.505,3406.65,-738.769,-1208.11,4.67348,3369.3,0
325.199,3395.04,-720.639,-1206.3,5.58563,3397.8,0
325.882,3393.27,-703.49,-1191.27,5.57335,3396.1,0
326.575,3395.82,-699.983,-1194.56,4.96328,3381.08,0
327.251,3415.91,-710.115,-1200.38,2.25306,3312.72,0
327.935,3430.58,-737.442,-1173.04,0.602932,3261.06,0
328.621,3432.02,-719.616,-1169.26,0.574569,3249.89,0
329.3,3393.44,-741.761,-1208.65,4.55251,3360.34,0
329.986,3387.41,-756.823,-1203.7,4.92876,3371.63,0
330.674,3413.9,-766.706,-1202.32,1.53961,3284.49,0
331.366,3403.54,-752.245,-1235.48,2.54052,3308.9,0
332.05,3410.86,-740.694,-1223.47,1.72263,3280.04,0
332.725,3397.03,-720.028,-1205.75,3.58832,3314.94,0
333.417,3379.57,-728.074,-1189.54,5.44206,3360.45,0
334.103,3355.78,-717.881,-1164.93,7.91294,3424.77,0
334.779,3365.81,-737.552,-1152.74,5.50938,3387.86,0
335.464,3362.62,-729.779,-1153.3,5.26237,3390.46,0
336.155,3375.64,-722.755,-1140.27,3.55506,3344.77,0
336.835,3352.06,-718.813,-1146.12,6.07572,3408.02,0
337.527,3336.14,-733.807,-1156.12,7.38376,3448.2,0
338.21,3348.72,-742.081,-1161.17,4.59928,3404.05,0
338.891,3359.04,-752.098,-1180.44,2.9399,3366.76,0
339.581,3359.74,-746.399,-1184.17,2.81149,3357.86,0
340.273,3371.94,-757.392,-1160.9,1.49099,3315.16,0
340.952,3369.09,-762.345,-1150.2,1.87581,3316.93,0
341.638,3344.12,-734.997,-1141.42,5.09429,3383.33,0
342.325,3345.8,-714.741,-1147.19,4.68152,3371.66,0
343.024,3360.54,-729.756,-1138.4,2.74994,3321.81,0
343.717,3381.23,-724.559,-1144.59,0.206312,3254.92,0
344.398,3350.76,-747.579,-1133.54,3.77456,3336.95,0
345.07,3371.97,-777.613,-1142.01,0.786399,3268.98,0
345.746,3356.54,-795.091,-1124.99,2.698,3307.23,0
346.428,3366.06,-775.397,-1104.18,1.82316,3273.24,0
347.105,3354.38,-789.181,-1061.21,3.5035,3300.5,0
347.781,3338.76,-795.405,-1064.77,5.05667,3339.01,0
348.474,3333.65,-794.742,-1062.75,5.27915,3347.03,0
349.166,3321.9,-796.16,-1074.97,6.08123,3374.04,0
349.847,3321.79,-813.055,-1094.15,5.22026,3367.79,0
350.527,3329.74,-843.664,-1097.39,3.80027,3338.58,0
351.216,3324.26,-839.561,-1110.14,4.12037,3347.63,0
351.908,3328.58,-811.804,-1089.97,3.86631,3328.78,0
352.596,3326.25,-814.112,-1090.42,3.93381,3328.87,0
353.293,3323.91,-804.864,-1091,3.86491,3328.94,0
353.973,3322.71,-816.419,-1077.59,3.92026,3325.93,0
354.66,3314.18,-817.858,-1065.62,4.83654,3343.55,0
355.34,3299.2,-847.79,-1087.27,5.75921,3379.3,0
356.015,3307.42,-848.248,-1090.2,4.47971,3349.8,0
356.703,3325.61,-856.598,-1073.61,2.24719,3292.36,0
357.397,3332.09,-856.165,-1088.68,1.28632,3267.81,0
358.079,3323.49,-857.617,-1072.39,2.45552,3285.61,0
358.775,3319.9,-895.948,-1097.52,2.30805,3289.24,0
359.45,3303.72,-884.043,-1088.33,4.41257,3328.1,0
360.135,3317.76,-895.685,-1077.57,2.45402,3282.77,0
360.817,3327.88,-885.783,-1083.45,1.23233,3248.52,0
361.493,3305.08,-876.049,-1083.44,4.05288,3305.51,0
362.168,3313.32,-904.068,-1104.95,2.59307,3276.59,0
362.846,3303.63,-911.985,-1101.96,3.48389,3297.19,0
363.538,3297.43,-887.867,-1094.41,4.34217,3307.95,0
364.215,3298.77,-903.404,-1073.53,3.91616,3298.13,0
364.892,3305.55,-897.427,-1098.89,2.7298,3273.44,0
365.579,3298.04,-906.203,-1100.35,3.39277,3287.82,0
366.275,3282.74,-914.895,-1098.19,4.95261,3323.36,0
366.958,3288.03,-892.546,-1102.35,4.16579,3302.74,0
367.636,3258.14,-905.354,-1090.87,7.08239,3377.97,0
368.322,3255.15,-897.302,-1112.3,6.47336,3379.79,0
369.005,3254.49,-906.796,-1109.89,6.02057,3375.31,0
369.694,3271.4,-920.202,-1108.73,3.5796,3323.29,0
370.376,3259.41,-921.337,-1117.9,4.72921,3349.54,0
371.054,3262.46,-919.361,-1135.5,3.78932,3335.21,0
371.742,3253.37,-959.85,-1151.01,4.2224,3353.5,0
372.419,3228.79,-979.318,-1145.94,6.5134,3413.38,0
373.102,3228.44,-977.185,-1135.83,5.9583,3408.06,0
373.797,3219.1,-967.325,-1154.85,6.10263,3426.74,0
374.483,3222.08,-962.673,-1141.95,5.35256,3412.5,0
375.17,3230.02,-955.553,-1156.21,3.96188,3385.08,0
375.858,3229.08,-943.663,-1166.71,3.98866,3381.38,0
376.551,3224.98,-947.248,-1177.81,4.2158,3386.05,0
377.234,3227.87,-929.94,-1193.16,3.63365,3372.27,0
377.923,3220.77,-929.984,-1189.51,4.4327,3384.9,0
378.609,3222.65,-930.673,-1205.75,3.65447,3373.79,0
379.302,3211.61,-932.047,-1241.36,4.43736,3396.75,0
379.976,3207.44,-924.864,-1247.79,4.71834,3401.69,0
380.659,3198.6,-914.526,-1251.24,5.30767,3418.8,0
381.344,3200.11,-908.347,-1239.99,4.93049,3408.7,0
382.027,3189.76,-895.397,-1220.6,6.02955,3429.71,0
382.706,3212.92,-894.217,-1209.68,3.04535,3363.11,0
383.39,3185.01,-877.394,-1221.23,6.22088,3429.91,0
384.071,3172.73,-882.525,-1202.28,7.09287,3455.78,0
384.75,3172.15,-885.564,-1201.17,6.39671,3451.21,0
385.44,3167.44,-883.611,-1202.3,6.30508,3457.25,0
386.131,3170.86,-889.851,-1194.41,5.20484,3442.19,0
386.809,3156.89,-913.263,-1185.79,6.36133,3472.29,0
387.499,3170.18,-905.566,-1172.39,4.27577,3431.81,0
388.184,3179.97,-899.721,-1183.93,2.85349,3400.53,0
388.873,3175.52,-913.762,-1153.77,3.49263,3405.94,0
389.56,3182.28,-915.936,-1147.14,2.64927,3382.58,0
390.251,3177.29,-915.779,-1131.97,3.24939,3389.37,0
390.924,3184.23,-918.835,-1138.21,2.31929,3365.8,0
391.613,3197.11,-933.84,-1151.07,0.473495,3327,0
392.286,3183.17,-956.087,-1151.06,2.04328,3356.82,0
392.979,3193.38,-928.133,-1121.82,1.19967,3324.91,0
393.655,3189.48,-926.173,-1115.17,1.64222,3329.1,0
394.343,3184.07,-951.298,-1137.43,1.93658,3337.02,0
395.028,3172.24,-948.596,-1150.76,3.27116,3361.19,0
395.711,3159.4,-961.675,-1152.65,4.54955,3387.82,0
396.394,3157.84,-978.718,-1176.15,4.12556,3385.93,0
397.072,3163.85,-965.495,-1155.09,3.3959,3365,0
397.761,3151.42,-965.999,-1149.33,4.67625,3390.44,0
398.452,3155.31,-974.642,-1165.06,3.79108,3374.79,0
399.142,3179.07,-974.495,-1146,0.921402,3309.42,0
399.825,3175.3,-967.369,-1147.28,1.42367,3313.21,0
400.507,3164.02,-951.286,-1153.14,2.78709,3335.74,0
401.198,3167.49,-951.772,-1142.89,2.35233,3321.33,0
401.882,3157.17,-953.779,-1159.26,3.47001,3341.34,0
402.559,3148.34,-937.894,-1152.42,4.49403,3357.68,0
403.244,3146.06,-922.815,-1160.98,4.59986,3357.62,0
403.931,3161.37,-926.141,-1155.19,2.5721,3313.99,0
404.62,3135.7,-939.519,-1162.55,5.18007,3371.81,0
405.316,3145.03,-926.084,-1137.25,4.11911,3342.99,0
406.004,3115.3,-922.293,-1135.68,7.14773,3410.56,0
406.687,3097,-901.164,-1147.57,8.25807,3449.82,0
407.372,3095.98,-918.403,-1129.29,7.25064,3446.54,0
408.053,3102.58,-906.634,-1121.58,5.7243,3424.61,0
408.732,3134.1,-903.295,-1119.15,1.51094,3341.81,0
409.425,3127.11,-920.836,-1113.95,2.15813,3353.21,0
410.106,3092.32,-897.499,-1096.89,6.41039,3432.47,0
410.794,3093.96,-868.782,-1087.58,5.75853,3422.72,0
411.48,3104.43,-867.647,-1106.47,3.67377,3391.58,0
412.163,3114.85,-857.95,-1097.66,2.2751,3360.69,0
412.859,3110.13,-869.214,-1080.02,2.83555,3366.46,0
413.535,3120.09,-860.564,-1103.58,1.36925,3336.87,0
414.223,3107.8,-856.949,-1106.71,2.83459,3360.99,0
414.899,3116.28,-900.592,-1073.93,1.63953,3335.09,0
415.576,3095.98,-890.736,-1080.28,4.12381,3378.5,0
416.265,3110.24,-883.143,-1087.31,2.02755,3338.64,0
416.939,3083.26,-864.147,-1103.22,5.10262,3397.94,0
417.628,3103.1,-881.277,-1099.07,2.33703,3344.84,0
418.309,3100.87,-863.861,-1114.62,2.51216,3344.73,0
418.987,3070.67,-842.156,-1138.33,5.7324,3411.39,0
419.675,3075.57,-842.334,-1134.19,4.52117,3394.13,0
420.362,3089.72,-830.414,-1172.27,2.16492,3354.93,0
421.044,3099.15,-818.718,-1169.89,1.05006,3327.09,0
421.722,3087.01,-802.534,-1188.86,2.42783,3350.53,0
422.403,3061.7,-839.926,-1185.6,5.30511,3405.04,0
423.091,3068.1,-850.242,-1187.89,4.23385,3384.39,0
423.778,3061.5,-841.862,-1168.03,4.8477,3394.47,0
424.468,3066.1,-834.753,-1157.06,4.14953,3378.12,0
425.155,3064.56,-846.288,-1162.92,4.07661,3376.27,0
425.842,3053.04,-844.387,-1182.4,5.15668,3397.88,0
426.515,3049.24,-864.896,-1192.36,4.71093,3401.44,0
427.19,3056.83,-902.859,-1193.18,3.46466,3378.29,0
427.872,3063.8,-902.014,-1189.4,2.54694,3356.61,0
428.555,3063.84,-907.417,-1183.83,2.53684,3351.18,0
429.235,3052.99,-919.902,-1188.2,3.63886,3371.13,0
429.911,3044.65,-910.235,-1177.22,4.67452,3385.24,0
430.594,3031.2,-907.036,-1169.85,5.86261,3411.11,0
431.272,3030.33,-926.807,-1174.51,5.11642,3407.76,0
431.954,3008.8,-924.191,-1182.15,7.27519,3452.21,0
432.647,3000.33,-930.9,-1186.89,7.20724,3466.28,0
433.338,2993.75,-925.237,-1177.32,7.15157,3475.93,0
434.033,2989.96,-942.085,-1175.5,6.64661,3479.1,0
434.724,2960.5,-947.339,-1196.12,8.73577,3541.32,0
435.403,2985.22,-958.392,-1195.28,4.60075,3479.02,0
436.082,2985.36,-982.17,-1193.33,4.09531,3473.29,0
436.766,2990.76,-973.801,-1187.57,3.24078,3455.49,0
437.452,2987.9,-963.151,-1217.04,3.33308,3456.6,0
438.126,2993.36,-952.004,-1208.79,2.64438,3438.84,0
438.813,2980.6,-950.727,-1223.2,3.94585,3462.51,0
439.488,2982.84,-958.99,-1260.5,3.25907,3452.11,0
440.171,2968.69,-949.716,-1265.42,4.67387,3478.9,0
440.864,2967.74,-962.023,-1248.26,4.55995,3475.58,0
441.549,2952.07,-953.252,-1236.53,5.97941,3505.68,0
442.228,2958.99,-954.601,-1246.72,4.27368,3484.66,0
442.899,2966.67,-939.974,-1269.13,3.03761,3462.02,0
443.597,2963.14,-946.65,-1269.51,3.27595,3464.53,0
444.291,2967.18,-921.677,-1259.05,2.67304,3450.02,0
444.983,2967.41,-922.141,-1276.85,2.49868,3444.16,0
445.672,2958.63,-901.919,-1299.68,3.44188,3458.52,0
446.355,2980.35,-899.41,-1281.88,0.653242,3404.56,0
447.037,2959.29,-896.597,-1263.11,3.4658,3446.49,0
447.718,2941.86,-907.311,-1262.08,5.36245,3480.19,0
448.402,2932.2,-896.059,-1271.57,5.92884,3496.42,0
449.093,2955.3,-881.604,-1267.91,2.68059,3439.6,0
449.774,2925.1,-904.963,-1274.36,6.04495,3501.53,0
450.452,2921.43,-916.425,-1271.09,6.10553,3504.42,0
451.138,2924.25,-913.737,-1270.97,5.18417,3492.84,0
451.818,2932.05,-918.092,-1249.31,4.04051,3470.31,0
452.513,2935.55,-894.387,-1248.46,3.52091,3457.25,0
453.191,2920.76,-882.686,-1235.8,5.29963,3484.72,0
453.869,2933.05,-890.38,-1238.49,3.40698,3452.44,0
454.553,2924.33,-876.197,-1241.97,4.30571,3466.43,0
455.243,2927.3,-862.631,-1255.47,3.64395,3454.65,0
455.934,2920.95,-848.744,-1260.85,4.27681,3463.34,0
456.631,2927.56,-864.585,-1271.48,3.03618,3443.57,0
457.313,2921.13,-857.563,-1284.89,3.69333,3452.51,0
457.994,2940.28,-857.712,-1270.97,1.28386,3405.54,0
458.679,2930.73,-873.487,-1284.57,2.32179,3421.29,0
459.364,2932.76,-865.939,-1266.49,2.19272,3411.77,0
460.053,2907.63,-842.477,-1272.57,5.30826,3461.27,0
460.749,2925.74,-841.928,-1291.64,2.69251,3416.75,0
461.431,2938.79,-858.488,-1285.16,0.915157,3383.42,0
462.122,2934.06,-846.629,-1313.81,1.30086,3388.59,0
462.798,2943.57,-839.424,-1321.05,0.0549765,3363.09,0
463.481,2934.31,-817.477,-1355.57,1.07902,3378.1,0
464.162,2932.4,-826.541,-1382.08,1.10973,3377.28,0
464.852,2920.89,-832.109,-1395.07,2.39764,3397.01,0
465.541,2930.37,-825.89,-1390.98,1.16757,3371.64,0
466.225,2910.13,-819.31,-1379.03,3.73345,3410.09,0
466.898,2929.12,-811.384,-1366.76,1.38365,3364.51,0
467.576,2932.78,-848.773,-1350.62,0.87013,3351.8,0
468.257,2908.24,-837.045,-1317.67,4.19193,3399.33,0
468.942,2891.11,-813.627,-1309.62,6.02939,3430.89,0
469.628,2879.79,-798.974,-1294.84,6.51365,3449.99,0
470.311,2876.63,-789.419,-1278.21,5.98327,3451.69,0
471.001,2871.33,-798.337,-1289.51,5.90106,3457.89,0
471.681,2892.94,-801.72,-1273.41,2.61221,3407.09,0
472.365,2887.53,-801.061,-1257.45,3.28082,3413.62,0
473.047,2884.39,-810.433,-1249.43,3.41509,3415.32,0
473.735,2872.19,-809.522,-1251.59,4.65801,3436.13,0
474.421,2872.02,-810.067,-1247.35,4.35412,3431.51,0
475.111,2846.29,-808.039,-1233.34,7.17515,3480.69,0
475.806,2864.46,-818.253,-1228.14,3.98211,3437.41,0
476.503,2866.38,-807.314,-1246.4,3.38311,3428.35,0
477.183,2862.91,-803.984,-1258.43,3.52192,3430.73,0
477.871,2844.65,-801.411,-1262.04,5.4523,3464.01,0
478.549,2864.99,-811.233,-1258.42,2.4649,3416.61,0
479.229,2862.75,-787.646,-1306.16,2.45855,3416.43,0
479.918,2857.78,-808.368,-1337.45,2.79829,3421.86,0
480.606,2869.38,-784.563,-1325.1,1.42712,3392.84,0
481.289,2868.15,-762.681,-1361.41,1.44148,3390.59,0
481.966,2852.76,-732.703,-1346.82,3.52933,3417.76,0
482.649,2874.54,-724.422,-1353.06,0.739582,3367.78,0
483.33,2878.55,-752.419,-1347.31,0.166782,3354.75,0
484.01,2865.64,-783.386,-1354.39,1.63754,3376.71,0
484.706,2848.29,-775.861,-1351.84,3.74872,3407.65,0
485.39,2871.73,-807.121,-1321.41,0.759104,3354.56,0
486.082,2863.52,-784.442,-1327.36,1.82899,3366.68,0
486.767,2860.77,-772.777,-1325.17,2.1831,3367.59,0
487.446,2841.15,-759.854,-1331.11,4.38964,3403.15,0
488.13,2822.55,-785.757,-1333.09,6.13621,3436.49,0
488.817,2832.47,-799.768,-1350.57,4.27311,3411.36,0
489.497,2827.35,-785.951,-1340.6,4.86898,3417.09,0
490.175,2829.73,-784.871,-1340.98,4.32009,3407.49,0
490.854,2832.23,-764.108,-1328.92,3.83654,3397.7,0
491.537,2855.77,-755.086,-1314.04,0.881586,3345.07,0
492.23,2845.53,-768.239,-1315.52,2.10194,3361.18,0
492.916,2831.5,-791.486,-1308.01,3.80474,3384.96,0
493.599,2856.42,-811.334,-1266.88,0.616092,3329.78,0
494.277,2848.65,-814.073,-1282.43,1.47533,3340.95,0
494.955,2842.81,-829.433,-1286.38,2.14044,3348.17,0
495.638,2847.44,-814.141,-1272.64,1.64809,3334.21,0
496.329,2824.31,-803.393,-1271.96,4.46399,3376.16,0
497.017,2811.29,-798.258,-1263.37,5.85389,3397.7,0
497.694,2814.4,-785.86,-1286.24,4.58885,3386.83,0
498.368,2812.82,-772.364,-1286.41,4.40903,3385.41,0
499.047,2818.27,-773.134,-1280.17,3.57077,3369.88,0
499.719,2795.53,-783.123,-1290.12,5.78678,3410.85,0
500.394,2796.87,-752.915,-1288.3,5.2718,3403.58,0
501.079,2794.31,-776.643,-1281.7,5.28193,3404.03,0
501.762,2802.73,-790.767,-1291.92,3.86582,3382.62,0
502.443,2796.81,-791.279,-1288.26,4.45976,3389.83,0
503.133,2799.93,-790.145,-1276.36,3.76124,3378.98,0
503.817,2821.03,-815.883,-1276.09,0.738238,3332.49,0
504.494,2810.21,-808.315,-1283.03,2.11584,3349.48,0
505.175,2794.23,-838.866,-1282.04,4.06635,3376.59,0
505.855,2792.82,-841.888,-1272.01,3.96691,3374.85,0
506.54,2802.92,-872.851,-1282.49,2.4709,3350.33,0
507.234,2822.05,-869.307,-1253.13,0.00754842,3308.05,0
507.914,2813.61,-844.164,-1224.72,1.32001,3320.23,0
508.598,2804.35,-834.418,-1239.01,2.44837,3333.97,0
509.28,2807.36,-791.899,-1226.32,2.28954,3323.6,0
509.969,2815.21,-760.43,-1260.03,1.1486,3303.72,0
510.649,2806.73,-769.946,-1295.29,2.00372,3315.92,0
511.327,2817.42,-796.965,-1293.14,0.52001,3290.62,0
512.012,2806.87,-799.338,-1300.94,1.82031,3306.82,0
512.686,2795.95,-798.815,-1314.16,3.14825,3323.77,0
513.368,2789.13,-770.86,-1340.78,3.94122,3332.65,0
514.05,2813.75,-771.921,-1359.17,0.481198,3280.32,0
514.736,2804.94,-759.638,-1339.97,1.68645,3293.07,0
515.423,2803.29,-771.107,-1328.12,1.82173,3291.88,0
516.106,2782.07,-760.9,-1298.76,4.52642,3328.63,0
516.779,2762.88,-769.376,-1300.55,6.29701,3361.44,0
517.464,2762.41,-770.731,-1301.55,5.35875,3357.9,0
518.148,2744.1,-764.957,-1312.45,7.09646,3388.79,0
518.833,2744.21,-771.371,-1331.29,5.9873,3384.13,0
519.513,2750.91,-765.407,-1342.21,4.5717,3366.78,0
520.192,2761.33,-771.035,-1349.8,3.00027,3342.37,0
520.872,2734.69,-773.537,-1318.11,6.36572,3389.15,0
521.552,2735.46,-751.715,-1324.38,5.60202,3383.25,0
522.235,2740.74,-774.244,-1328.13,4.51267,3368.72,0
522.923,2713.92,-785.967,-1335.96,7.26104,3415.57,0
523.618,2692.7,-776.033,-1331.1,8.47581,3451.57,0
524.303,2683.42,-779.244,-1349.69,7.42929,3464.76,0
524.985,2697.03,-784.941,-1350.11,4.97193,3434.32,0
525.672,2698.49,-772.353,-1384.68,4.37429,3427.05,0
526.358,2713.32,-773.491,-1352.54,2.46971,3394.42,0
527.045,2703.9,-778.782,-1365.7,3.50592,3407.86,0
527.723,2682.68,-774.676,-1360.76,5.94704,3443.69,0
528.403,2687.14,-778.501,-1341.43,4.79504,3430.83,0
529.092,2710.36,-789.139,-1352.68,1.61074,3382.48,0
529.784,2682.33,-773.924,-1368.19,5.17267,3430.97,0
530.472,2665.2,-775.246,-1377.91,6.70591,3458.81,0
531.15,2669.87,-777.884,-1402.02,5.49022,3445.59,0
531.83,2667.11,-765.991,-1419.66,5.40275,3446.38,0
532.517,2671.64,-765.693,-1409.02,4.39165,3433.44,0
533.202,2650.49,-787.541,-1399.1,6.54059,3468.68,0
533.89,2650.47,-775.482,-1411.18,5.78203,3464.25,0
534.564,2656.4,-785.038,-1406.09,4.59549,3448.8,0
535.249,2649.74,-791.297,-1389.98,5.11452,3456.82,0
535.938,2631.08,-832.419,-1406.34,6.57569,3487.19,0
536.631,2624.49,-820.284,-1402.78,6.51954,3494.98,0
537.323,2616.07,-814.692,-1399.68,6.73033,3506.14,0
538.017,2601.74,-811.025,-1391.6,7.337,3528.25,0
538.706,2604.73,-820.165,-1387.15,6.35987,3518.18,0
539.385,2603.39,-839.641,-1377.81,5.80385,3516.25,0
540.081,2596.74,-837.881,-1380.12,6.40028,3524.04,0
540.767,2615.24,-838.996,-1361.18,3.63497,3485.34,0
541.45,2603.75,-830.723,-1359.29,4.76747,3502.18,0
542.129,2627.46,-827.757,-1376.9,1.49428,3454.05,0
542.809,2608.05,-812.602,-1364.9,3.9154,3485.49,0
543.484,2627.03,-816.537,-1351.22,1.27581,3446.22,0
544.171,2619,-826.293,-1320,2.37737,3456.63,0
544.855,2615.46,-843.271,-1345.53,2.67812,3458.79,0
545.544,2606.36,-866.22,-1345.05,3.60947,3471.11,0
546.228,2608.27,-854.252,-1300.51,3.2842,3463.26,0
546.915,2594.41,-870.564,-1270.49,4.87189,3484.26,0
547.602,2606.2,-871.893,-1254.41,3.09551,3458.35,0
548.288,2581.47,-896.718,-1254.66,6.21567,3499.13,0
548.973,2588.94,-878.913,-1284.27,4.4702,3481.16,0
549.658,2565.01,-897.99,-1265.05,7.15615,3520.36,0
550.338,2549.66,-920.881,-1268.65,7.78081,3543.89,0
551.03,2551.24,-914.272,-1267.28,6.24331,3536.58,0
551.717,2535.1,-929.147,-1265.33,7.58133,3561.43,0
552.407,2527.11,-961.772,-1257.42,7.3054,3571.44,0
553.094,2529.3,-960.495,-1260.03,5.95854,3563.04,0
553.784,2537.39,-964.894,-1263.59,4.55251,3544,0
554.471,2543.75,-986.224,-1265.04,3.31143,3528.14,0
555.155,2545.52,-978.887,-1268.14,3.01142,3520.61,0
555.841,2552.03,-1007.95,-1270.18,2.07842,3504.55,0
556.528,2529.11,-1018.44,-1260.8,4.93821,3541.4,0
557.222,2507.53,-1007.71,-1256.16,7.13849,3575.73,0
557.909,2522.78,-996.256,-1251.83,4.23369,3543.99,0
558.591,2527.22,-983.324,-1272.3,3.34943,3531.72,0
559.291,2519.04,-986.82,-1251.8,4.26378,3541.91,0
559.933,2499.9,-967.287,-1254.28,6.37309,3572.03,0
