0.686154,4487.07,347.299,421.468,2.79695,18844.8,0
1.37431,4489.52,322.315,417.436,3.22548,7628.9,0
2.05588,4476.97,318.588,451.125,3.55728,11200.6,0
2.75139,4474.79,307.18,438.916,4.23558,9162.88,0
3.43131,4472.44,285.981,455.511,4.17129,8031.44,0
4.11482,4473.01,294.442,448.975,3.81769,6559.61,0
4.80294,4498.9,286.378,434.934,0.966493,229.272,0
5.48901,4481.92,249.792,438.812,3.67868,3294.64,0
6.17009,4474.48,237.718,431.087,5.01828,4136.55,0
6.85997,4469.65,221.379,450.67,4.98978,4424.79,0
7.55271,4466.28,234.572,468.576,4.09951,4464.82,0
8.22997,4444.9,242.071,476.931,5.75668,6695.02,0
8.92154,4427.55,249.568,475.132,6.77661,8120.56,0
9.60493,4414.18,250.147,494.085,6.96811,8934.66,0
10.2951,4415.54,249.245,485.703,6.43291,8204.38,0
10.9706,4404.6,250.174,471.667,7.65944,8695.9,0
11.6576,4413.66,252.818,465.146,5.50567,7406.01,0
12.3374,4391.58,237.041,468.977,7.47794,8787.89,0
13.0349,4393.28,235.354,478.294,6.11308,8187.24,0
13.7262,4389.23,242.571,498.352,5.05423,8070.15,0
14.4138,4397.55,233.967,508.284,3.58509,7107.67,0
15.1021,4402.09,254.765,544.879,1.15114,6483.03,0
15.7858,4403.96,256.502,526.792,1.53802,6083.89,0
16.4802,4418.83,214.188,503.103,1.2528,4925.54,0
17.16,4408.33,192.002,482.484,3.81304,5342.1,0
17.8467,4416.34,230.447,503.309,1.11856,4687.73,0
18.5306,4400.36,237.984,501.581,3.10554,5377.07,0
19.2233,4400.09,249.364,521.524,1.94851,5197.35,0
19.914,4392.33,226.099,544.617,2.4547,5406.54,0
20.5999,4390.86,206.909,547.444,2.8355,5297.97,0
21.2914,4399.73,216.407,546.914,1.53127,4709.55,0
21.9756,4392.95,212.494,544.912,2.58411,4871.4,0
22.6625,4395.15,208.13,568.136,1.36886,4626.53,0
23.3469,4381.52,238.435,567.524,2.65646,5074.71,0
24.0199,4372.31,263.561,588.935,2.72266,5316.13,0
24.6956,4369.42,255.957,612.909,2.33356,5287.73,0
25.3779,4365.57,251.662,592.115,3.53338,5297.19,0
26.0558,4365.56,254.665,567.638,4.19246,5159.5,0
26.7452,4366.42,260.88,538.149,4.57891,4994.54,0
27.4264,4358.52,285.033,522.409,5.11766,5158.62,0
28.0986,4351.53,285.653,507.794,6.08347,5283.74,0
28.788,4357.05,290.945,525.529,3.98661,4965.67,0
29.4699,4344.38,296.14,516.715,5.57575,5280.61,0
30.1592,4342.23,298.123,519.399,5.1448,5231.23,0
30.8383,4323.23,286.421,558.695,6.01933,5732.29,0
31.5307,4309.66,278.169,578.888,6.40789,6036.51,0
32.2173,4305.39,262.725,593.717,6.00857,6040.57,0
32.8958,4299.48,257.646,606.576,5.65899,6095.53,0
33.5812,4291.65,263.105,612.216,5.75174,6204.27,0
34.2665,4298.26,262.67,612.661,4.4455,5887.46,0
34.9531,4308.12,269.714,622.699,2.59806,5489.75,0
35.6354,4300.56,249.901,640.152,3.30598,5596.61,0
36.3178,4310.72,244.732,626.773,2.30219,5211.74,0
37.0036,4296,222.669,609.552,5.03228,5512.92,0
37.6882,4331.25,205.83,602.394,0.624199,4477.48,0
38.3846,4324.01,196.964,563.071,3.18906,4584.99,0
39.0737,4337.8,178.56,563.489,1.51492,4151.23,0
39.7628,4323.59,186.919,550.034,3.80775,4436.56,0
40.4436,4323.42,166.88,560.436,3.34022,4366.07,0
41.1364,4315.95,139.746,564.941,4.3612,4474.09,0
41.818,4305.65,160.192,582.137,4.68035,4647.62,0
42.4995,4294.93,164.273,590.211,5.22395,4825.14,0
43.1801,4297.67,148.439,586.913,4.82176,4685.64,0
43.8781,4286.5,149.59,591.511,5.6549,4865.66,0
44.5657,4282.3,140.855,591.331,5.78702,4885.02,0
45.2556,4293.03,132.171,606.672,3.39871,4573.46,0
45.941,4286.3,116.346,582.079,5.38504,4651.64,0
46.6268,4278.69,118.818,592.034,5.60482,4746.5,0
47.3173,4277.64,125.709,589.782,5.17889,4699.36,0
47.9952,4303.07,129.819,609.475,0.685335,4103.21,0
48.6769,4298.54,135.449,602.297,1.4536,4138.71,0
49.369,4280.32,130.596,599.498,3.90154,4449.75,0
50.0616,4279.68,144.755,586.335,4.11045,4400.95,0
50.7351,4259.3,145.012,558.547,7.85312,4744.17,0
51.4197,4262.95,148.188,558.627,6.38361,4610.07,0
52.1115,4269.1,150.888,546.905,5.47891,4430.86,0
52.7877,4261.39,155.069,542.807,6.35723,4520.21,0
53.4712,4258.44,149.035,542.367,6.24452,4517.57,0
54.1623,4257.94,137.81,544.434,5.98078,4469.09,0
54.8604,4263.61,137.142,548.022,4.28724,4308.94,0
55.5409,4247.35,126.636,544.802,6.37086,4548.89,0
56.2404,4222.98,152.935,559.783,7.26543,4925.7,0
56.9285,4204.56,132.808,545.319,9.12242,5189.66,0
57.6134,4203.43,141.437,556.159,6.86244,5147.51,0
58.2972,4186.02,142.369,563.65,7.62352,5385.92,0
58.9866,4197.71,135.818,563.811,5.12714,5124.65,0
59.6723,4189.16,142.504,566.46,5.4514,5209.04,0
60.3558,4186.58,139.489,550.366,6.25105,5192.84,0
61.0434,4195.77,150.278,567.013,3.50612,4983.78,0
61.7269,4195.17,145.987,571.451,3.26562,4938.28,0
62.4172,4175.98,130.57,584.183,5.31985,5191.23,0
63.1036,4178.49,139.2,581.581,4.54041,5094.99,0
63.7945,4161.47,157.866,592.144,5.66314,5306.6,0
64.4884,4157.34,149.744,595.727,5.69043,5313.5,0
65.1681,4157.31,160.484,594.076,5.08868,5258.49,0
65.8579,4164.83,168.07,599.334,3.43926,5089.29,0
66.5441,4173.56,152.809,592.44,2.46315,4905.55,0
67.2249,4167.56,132.076,603.259,3.06878,4945.25,0
67.9151,4160.15,126.361,601.49,4.11,5003.98,0
68.6084,4163.58,157.616,592.64,3.44385,4903.51,0
69.2875,4174.41,158.972,591.051,1.8794,4699.18,0
69.9699,4173.46,176.144,568.326,2.86071,4666.87,0
70.6532,4184.46,193.477,564.68,1.04154,4466.05,0
71.3352,4156.46,205.328,571.627,4.25247,4815.82,0
72.0328,4180.3,173.911,552.005,1.95636,4438.19,0
72.7159,4175.51,159.306,581.219,1.25778,4462.49,0
73.4005,4171.27,161.681,576.059,2.06959,4478.63,0
74.0938,4175.99,142.588,585.299,1.14114,4372.97,0
74.7744,4152.02,150.242,636.889,2.2442,4653.67,0
75.4651,4161.11,161.468,617.959,1.48818,4490.71,0
76.1477,4142.61,160.805,620.614,4.01908,4693.41,0
76.8225,4135.42,162.447,626.974,4.55208,4745.71,0
77.5092,4143.82,164.005,605.814,3.96001,4595.33,0
78.1965,4139.64,155.917,586.653,5.21306,4608.42,0
78.8862,4149.6,175.499,571.563,3.89532,4441.81,0
79.5717,4151.68,175.584,564.261,3.57119,4377.49,0
80.2547,4143.83,172.997,576.657,3.79323,4437.93,0
80.9376,4150.89,182.373,558.203,3.30037,4313.33,0
81.6198,4155.9,185.621,595.937,0.611499,4215.88,0
82.3211,4134.43,221.052,616.868,2.40258,4440.74,0
83.0062,4121.74,214.813,632.621,3.63966,4557.06,0
83.7004,4103.35,226.071,624.548,6.15204,4738.93,0
84.3869,4135.88,247.672,612.335,1.21338,4314.84,0
85.0858,4136.4,246.899,597.427,1.709,4273.34,0
85.7728,4119.31,224.792,595.007,4.63203,4438.36,0
86.4573,4109.97,232.282,575.428,6.52611,4511.19,0
87.1584,4108.2,226.8,567.108,6.22689,4495.31,0
87.8399,4100.55,226.345,565.009,6.78999,4547.43,0
88.5254,4097.64,225.282,542.07,7.34697,4545.1,0
89.2133,4093.84,203.998,543.736,7.60757,4552.65,0
89.9064,4081.81,213.084,521.108,9.2663,4651.38,0
90.5833,4077.55,220.374,509.002,9.12988,4663.69,0
91.2707,4074.07,222.683,518.948,7.37864,4666.66,0
91.9496,4081.09,236.863,523.937,4.70598,4555.87,0
92.6343,4062.39,248.237,531.135,5.96228,4724.02,0
93.315,4053.5,259.846,523.205,6.81281,4784.89,0
93.9989,4052,248.282,545.44,5.45342,4766.03,0
94.6899,4064.72,244.152,565.453,2.4202,4596.85,0
95.3712,4068.7,250.279,557.711,1.80496,4522.37,0
96.0561,4026.58,253.008,564.813,7.31484,4928.61,0
96.7423,4029.05,257.679,557.958,5.86038,4868.1,0
97.4299,4041.12,266.733,567.292,2.986,4709.86,0
98.1158,4054.11,255.391,566.535,1.10506,4544.53,0
98.8063,4029.33,284.628,577.545,3.84435,4763.56,0
99.4875,4022.58,277.895,569.216,5.17172,4798.75,0
100.175,4023.61,269.483,574.049,4.61654,4755.55,0
100.867,4011.02,257.548,597.122,5.16676,4847.72,0
101.553,4010.1,251.645,593.701,5.07151,4824.07,0
102.245,4016.29,259.03,594.188,3.56723,4730.93,0
102.922,4012.73,269.677,595.901,3.6995,4734.43,0
103.605,4004.4,264.819,582.828,5.33315,4783.59,0
104.295,4011.98,253.747,562.499,5.01949,4679.25,0
104.985,4032.61,257.957,566.801,1.06779,4451.96,0
105.672,4012.65,254.996,570.236,4.21022,4611.96,0
106.364,3999.41,249.898,553.475,6.63315,4706.38,0
107.047,3994.66,259.646,556.61,6.18377,4720.76,0
107.731,3975.71,245.479,576.046,7.75972,4866.68,0
108.421,3959.5,241.337,610.319,7.60272,4985.26,0
109.102,3956.21,250.733,614.812,6.81381,4984.24,0
109.788,3986.61,240.979,596.065,2.51467,4676.24,0
110.463,3992.4,258.691,609.699,0.525568,4595.21,0
111.15,3984.14,287.26,593.011,1.97636,4641.11,0
111.841,3978.53,291.592,576.739,3.3924,4662.57,0
112.53,3971.16,291.355,548.171,5.49678,4699.55,0
113.217,3964.66,286.04,543.154,6.14281,4728.43,0
113.904,3964.17,287.366,568.641,4.17275,4704.23,0
114.592,3983.71,312.442,535.146,1.63905,4505.49,0
115.284,3969.12,293.937,531.185,4.75766,4605.01,0
115.965,3978.21,309.741,548.652,1.76379,4499.54,0
116.651,3967.43,301.326,565.841,2.98942,4565.49,0
117.325,3966.82,360.189,556.831,1.93016,4544.49,0
118.012,3965.58,371.659,549.848,1.92372,4528.55,0
118.695,3966.33,377.988,549.066,1.66816,4496.18,0
119.391,3969.02,403.353,524.978,1.39107,4447.39,0
120.074,3955.2,390.831,530.434,3.60463,4537.18,0
120.764,3961.86,418.746,518.374,2.1067,4456.15,0
121.444,3960.28,423.288,523.727,1.9306,4444.18,0
122.13,3966.52,388.059,507.262,2.38496,4368.17,0
122.819,3948.79,388.968,528.203,4.43162,4487.97,0
123.509,3954.65,389.596,519.385,3.66189,4415.44,0
124.183,3949.41,389.987,518.348,4.27042,4433.69,0
124.874,3960.39,409.545,517.452,1.8019,4321.27,0
125.56,3940.34,416.207,531.337,4.3643,4457.35,0
126.249,3932.78,408.345,551.015,5.0227,4492.87,0
126.934,3947.08,417.844,552.237,2.26299,4355.98,0
127.616,3936.72,427.889,529.444,4.35818,4413.91,0
128.305,3935.64,421.411,535.147,4.21567,4398.59,0
128.995,3910.59,425.971,552.605,6.97949,4569.24,0
129.681,3899.08,411.104,556.16,7.99439,4633.83,0
130.367,3911.64,413.414,553.306,5.27184,4513.13,0
131.051,3905.82,423.414,553.355,5.70436,4533.95,0
131.724,3896.84,437.122,547.802,6.37685,4579.01,0
132.412,3878.17,413.977,568.396,7.85708,4696.15,0
133.096,3884.95,427.362,564.137,5.45389,4621.08,0
133.771,3882.35,423.159,555.795,5.6113,4617.22,0
134.449,3877.6,424.477,542.402,5.95873,4629.28,0
135.135,3871.95,413.019,543.742,6.21247,4647.59,0
135.819,3860.25,406.86,538.225,8.1584,4710.33,0
136.503,3857.53,390.464,550.518,7.2655,4706.65,0
137.197,3849.55,392.481,557.159,7.04908,4740.99,0
137.88,3846.64,395.933,554.348,6.72541,4738.61,0
138.574,3865.06,406.722,555.744,3.10427,4581.93,0
139.257,3860.17,390.591,573.321,3.71164,4594.59,0
139.937,3871.52,377.216,577.542,1.81185,4491.15,0
140.623,3880.11,405.24,548.692,0.529128,4408.14,0
141.308,3863.53,398.058,561.137,3.14797,4504.1,0
141.996,3883.08,380.896,561.448,0.0772095,4344.61,0
142.67,3844.93,360.369,559.674,7.35437,4591.49,0
143.354,3854.64,345.23,556.615,5.14567,4501.89,0
144.033,3850.01,325.128,540.266,6.87867,4512.79,0
144.714,3853.53,328.676,530.162,5.91619,4467.2,0
145.403,3838.28,316.084,534.322,8.14159,4550.9,0
146.091,3837.22,310.24,540.418,6.49771,4536.79,0
146.772,3841.54,321.417,541.606,4.55368,4486.26,0
147.458,3847.41,358.49,524.841,2.88197,4425.6,0
148.149,3840.9,356.638,513.045,4.37239,4448.93,0
148.828,3824.39,354.176,500.101,7.62434,4539.55,0
149.525,3829.6,366.918,485.034,6.14987,4483.56,0
150.222,3807.59,361.49,476.388,9.66889,4609.24,0
150.912,3805.64,356.614,480.984,8.04088,4601.11,0
151.594,3807.85,346.678,478.621,7.06731,4565.81,0
152.271,3811.3,355.098,476.975,5.09201,4522.89,0
152.957,3790.7,363.269,501.621,7.13085,4637.24,0
153.658,3785.28,369.893,515.368,6.29874,4651.37,0
154.335,3771.84,356.612,543.982,6.73437,4718.02,0
155.017,3785.9,340.192,543.974,3.8243,4606.56,0
155.699,3771.01,333.136,556.635,5.91297,4682.04,0
156.377,3771.7,320.985,567.405,5.11927,4657.35,0
157.067,3791.24,313.217,597.288,0.297941,4512.49,0
157.754,3779.66,299.276,563.701,4.15187,4566.19,0
158.44,3792.98,300.209,584.721,0.527968,4462.35,0
159.12,3783.71,283.948,543.98,4.5663,4501.57,0
159.815,3786.55,283.162,540.6,3.95357,4464.2,0
160.492,3791.59,280.266,569.622,1.40696,4413.97,0
161.178,3756.56,263.759,579.718,7.928,4612.52,0
161.865,3756.82,257.666,568.682,7.17904,4591.36,0
162.541,3747.44,244.388,558.928,8.93389,4629.95,0
163.226,3738.13,236.703,533.96,11.0901,4667.57,0
163.914,3738.07,233.041,543.57,8.24075,4648.38,0
164.604,3736.61,240.136,535.395,7.56032,4637.77,0
165.289,3750.7,236.855,535.205,3.54859,4533.27,0
165.967,3758.8,246.096,545.542,0.500771,4465.94,0
166.654,3741.71,240.376,535.607,5.16128,4550.06,0
167.332,3728.36,240.862,535.641,7.7321,4611.41,0
168.021,3708.95,269.293,499.215,1.36218,4708.05,0
168.71,3705.22,287.782,513.041,0.545291,4710.91,0
169.398,3676.57,291.79,535.887,6.08487,4860.94,0
170.085,3672.26,299.929,540.267,6.19946,4866.61,0
170.765,3675.48,293.021,556.724,4.25261,4828.37,0
171.446,3682.94,316.018,536.652,2.52578,4765.73,0
172.145,3680.58,323.659,564.987,1.73697,4760.07,0
172.826,3677.58,336.502,564.463,2.11561,4758.67,0
173.5,3682.01,353.377,561.93,0.779981,4714.65,0
174.178,3670.43,337.443,563.07,3.42968,4762.74,0
174.865,3677.7,343.894,533.408,2.54834,4702.48,0
175.553,3672.57,307.742,565.8,3.15136,4713.3,0
176.24,3679.78,286.659,570.366,1.66132,4653.97,0
176.932,3662.34,287.697,564.663,5.5776,4734.35,0
177.616,3683.98,254.445,543.956,2.00095,4594.27,0
178.291,3691.29,287.484,506.624,1.42797,4535.9,0
178.982,3697.04,308.772,478.296,0.944791,4486.28,0
179.666,3695.79,315.397,485.272,0.488181,4476.15,0
180.351,3690.79,319.541,485,1.40542,4486.88,0
181.032,3685.01,336.584,502.999,1.1899,4501.93,0
181.717,3678.26,300.321,491.778,5.08934,4522.07,0
182.397,3674.38,291.656,457.648,8.39967,4526.48,0
183.082,3671.65,292.445,442.669,9.84697,4524.46,0
183.777,3660.21,270.768,425.002,6.81042,4569.63,0
184.455,3657.55,266.161,399.959,2.69382,4567.24,0
185.146,3659.78,276.594,387.346,3.11214,4538.12,0
185.825,3662.14,287.305,379.945,1.68902,4508.84,0
186.5,3676.81,278.896,361.749,3.3218,4413.87,0
187.184,3680.73,272.673,364.706,2.27796,4376.83,0
187.875,3663.22,282.584,369.197,5.03425,4453.88,0
188.575,3659.27,277.218,344.457,5.03576,4458.35,0
189.266,3683.15,275.409,336.288,0.214449,4315.89,0
189.945,3653.06,295.802,331.061,5.28551,4458.9,0
190.626,3662.9,285.627,323.28,7.67202,4391.35,0
191.307,3644.55,277.932,320.736,5.77047,4471.58,0
191.986,3656.09,280.975,313.224,2.82743,4395.71,0
192.681,3647.17,259.511,312.933,2.06974,4426.15,0
193.367,3592.9,251.595,303.008,9.13521,4691.07,0
194.058,3582.96,262.581,286.229,4.6767,4725.59,0
194.746,3592.82,244.527,272.571,1.83874,4658.29,0
195.426,3589.59,242.396,272.698,4.26231,4658.58,0
196.112,3608.72,235.561,251.464,7.87657,4544.74,0
196.788,3599.94,222.041,240.996,5.21668,4573.75,0
197.476,3597.17,214.061,227.306,2.68795,4571.86,0
198.158,3601.33,197.341,223.887,6.32167,4535.13,0
198.85,3601.62,160.351,233.765,0.554406,4517.87,0
199.534,3591.93,156.188,196.69,4.34598,4550.95,0
200.209,3569.67,165.235,200.745,4.09477,4646.78,0
200.893,3558.01,165.281,201.331,3.80768,4689.01,0
201.577,3560.01,169.723,200.759,3.62208,4663.17,0
202.273,3566.14,184.917,212.44,3.4819,4616.81,0
202.968,3542.96,195.905,188.78,3.26485,4715.23,0
203.643,3511.21,191.139,190.433,3.19078,4855.53,0
204.331,3508.31,187.12,188.419,3.36414,4853.37,0
205.018,3532.45,192.138,182.897,3.29801,4719.35,0
205.711,3538.4,197.313,187.892,3.19448,4674.51,0
206.399,3509.72,205.269,190.363,3.09572,4797.91,0
207.091,3523.43,216.972,172.804,3.0251,4715.63,0
207.771,3504.72,206.933,213.233,2.91679,4790.3,0
208.464,3515.43,209.32,186.955,3.05578,4723,0
209.161,3488.8,185.354,196.234,4.35898,4834.57,0
209.857,3500.36,180.874,209.919,2.33652,4763.42,0
210.539,3526.68,174.196,220.526,2.26845,4622.98,0
211.221,3552.27,173.128,222.534,2.18464,4486.92,0
211.901,3521.39,187.154,215.118,2.12562,4618.26,0
212.59,3506.78,185.25,244.65,2.09132,4672.01,0
213.276,3509.67,186.751,264.105,1.28224,4643.42,0
213.962,3474.95,186.19,263.743,3.72758,4790.81,0
214.643,3469.52,200.011,256.978,4.04829,4800.9,0
215.325,3472.91,202.25,261.675,3.17808,4769.96,0
216.005,3477.56,194.56,258.546,2.97754,4733.41,0
216.678,3456.9,207.926,292.488,3.30047,4814.07,0
217.358,3477.47,205.884,295.737,0.725695,4704.38,0
218.047,3447.99,207.864,299.527,3.98295,4824.68,0
218.738,3442.69,227.488,301.796,3.69068,4833.7,0
219.414,3438.31,258.322,300.596,2.88903,4838.76,0
220.099,3446.8,247.533,332.691,0.713627,4785.14,0
220.792,3439.74,243.195,347.911,1.04014,4802.07,0
221.479,3434.23,251.751,351.897,1.22374,4812.07,0
222.158,3407.22,271.159,372.237,3.07315,4918.94,0
222.851,3408.62,287.307,423.194,0.124462,4897.36,0
223.544,3369.97,285.003,433.212,4.7382,5055.05,0
224.216,3365.71,285.538,446.69,4.44298,5058.93,0
224.9,3350.69,312.93,457.212,4.91778,5110.33,0
225.578,3342.28,318.106,446.402,5.66148,5132.23,0
226.257,3342.14,281.956,452.564,5.79325,5117.43,0
226.938,3338.55,287.881,464.857,5.10284,5117.93,0
227.633,3327.05,292.127,458.79,6.17245,5152.83,0
228.32,3311.43,304.394,452.484,7.47367,5205.7,0
229.003,3307.68,299.885,457.583,6.71437,5206.56,0
229.686,3297.16,294.192,453.324,7.37336,5236.91,0
230.373,3303.62,297.801,450.796,5.55727,5193.22,0
231.049,3311.57,287.41,467.442,3.46366,5143.62,0
231.734,3314.77,280.991,463.572,3.27363,5114.63,0
232.417,3318.53,267.98,453.199,3.46505,5083.42,0
233.087,3331.25,249.18,416.992,3.84531,5014.22,0
233.77,3328.4,265.72,416.455,3.44698,5011.76,0
234.452,3328.95,291.841,435.385,1.72806,4994.85,0
235.129,3293.71,281.265,431.029,6.68659,5130.33,0
235.802,3281.86,280.278,439.794,6.64667,5165.92,0
236.501,3295.14,266.002,443.122,4.47081,5094.55,0
237.196,3286.23,272.659,433.253,5.38558,5117.17,0
237.892,3288.56,256.294,424.257,5.67664,5092.39,0
238.585,3290.25,239.813,423.97,5.45217,5070.52,0
239.263,3304.93,217.563,421.043,4.05381,4994.8,0
239.955,3287.19,234.708,413.264,5.95567,5054.31,0
240.636,3279.97,215.025,419.763,6.2609,5070.01,0
241.336,3287.56,246.303,415.226,4.12434,5023.88,0
242.02,3282.83,276.594,386.949,5.01738,5029.2,0
242.707,3265.43,294.303,374.59,6.27292,5086.68,0
243.394,3247.89,289.873,381.078,7.72555,5144.38,0
244.079,3248.26,307.19,380.799,6.10588,5128.41,0
244.763,3252.21,308.054,383.711,4.81396,5097.96,0
245.448,3232.9,319.681,370.48,7.00138,5162.38,0
246.143,3263.04,310.445,375.844,2.25252,5025.38,0
246.831,3269.98,309.39,355.786,2.33569,4983.23,0
247.516,3249.69,318.797,367.871,4.0958,5051.45,0
248.202,3244.64,328.205,373.542,3.99056,5057.82,0
248.886,3249.05,328.496,354.417,4.1258,5026.2,0
249.568,3248.37,336.013,364.93,3.17909,5015.18,0
250.253,3251.97,323.603,372.247,2.73698,4987.08,0
250.936,3257.38,312.322,410.57,0.509681,4951.95,0
251.625,3236.36,287.664,411.129,4.30986,5021.91,0
252.297,3224.51,287.098,414.937,5.45454,5055.49,0
252.977,3244.86,287.153,395.727,3.1096,4961.46,0
253.648,3251.4,307.864,395.378,1.37123,4922.56,0
254.332,3258.78,288.039,384.932,1.68137,4880.3,0
255.016,3257.72,253.942,383.165,3.23168,4871.37,0
255.701,3259.46,249.986,371.196,3.66761,4851.53,0
256.395,3257.78,247.169,369.409,3.81838,4844.93,0
257.078,3260.08,254.523,375.311,2.45558,4823.12,0
257.763,3267.92,242.954,354.48,3.03475,4779.92,0
258.447,3278.32,260.021,350.763,1.17413,4726.99,0
259.13,3252.57,257.255,359.168,4.20821,4813.91,0
259.815,3245.49,249.264,376.398,4.02278,4828.49,0
260.496,3235.3,263.384,379.705,4.34062,4854.96,0
261.175,3244.79,268.119,379.861,2.62565,4806,0
261.862,3220.75,274.691,365.582,6.31032,4885.21,0
262.547,3220.41,277.511,372.735,5.20974,4873.73,0
263.224,3210.56,271.33,363.93,6.80577,4898.64,0
263.901,3230.32,270.038,361.929,3.51139,4811.22,0
264.592,3229.63,267.431,339.589,4.84128,4801.22,0
265.28,3233.78,288.179,334.377,3.40099,4773.15,0
265.961,3237.81,292.46,327.076,2.88917,4745.79,0
266.647,3235.39,272.916,337.712,3.45629,4742.65,0
267.332,3239.8,256.56,316.123,4.89922,4713.99,0
268.018,3235.41,238.689,339.582,4.55877,4718.3,0
268.693,3224.43,263.708,317.723,5.86365,4747.3,0
269.386,3225.75,277.45,309.915,5.05406,4730.21,0
270.075,3239.06,275.933,297.308,3.78496,4668.84,0
270.758,3252,249.405,303.709,2.93426,4609.3,0
271.448,3247.96,254.416,336.315,1.19667,4612.45,0
272.128,3229.31,233.428,304.382,6.56986,4669.47,0
272.834,3233.16,246.986,291.884,5.61051,4643.27,0
273.522,3282.07,234.327,280.969,0.381158,4452.77,0
274.212,3287.99,223.197,276.68,0.419682,4419.98,0
274.899,3276.08,251.739,250.558,2.01718,4452.26,0
275.582,3274.92,284.803,240.93,0.684114,4445.45,0
276.268,3275.82,265.676,245.644,1.4793,4431.14,0
276.954,3300.87,256.49,219.524,0.315358,4329.72,0
277.635,3305.33,227.405,168.782,4.19521,4303.04,0
278.319,3293.47,202.079,183.528,6.1315,4335.07,0
279.004,3294.19,173.737,175.691,7.24115,4321.85,0
279.699,3295.61,165.967,180.464,6.36399,4306.04,0
280.374,3290.14,207.141,182.382,3.7392,4315.17,0
281.065,3291.41,223.417,199.806,1.48129,4300.03,0
281.745,3278.29,227.79,199.866,2.54537,4336.24,0
282.442,3268.18,205.373,189.258,5.67598,4361.33,0
283.123,3261.33,214.156,195.217,5.02135,4375.03,0
283.81,3267.05,221.334,176.091,4.79647,4344.28,0
284.503,3283.69,237.909,192.775,0.535375,4275.2,0
285.182,3286.99,237.348,135.876,3.04484,4253.46,0
285.859,3285.67,228.355,122.385,4.26087,4248.01,0
286.548,3268.18,250.043,92.3842,5.56387,4298.81,0
287.218,3276.7,245.835,98.4408,4.21708,4259.12,0
287.901,3284.66,270.293,98.5979,1.10624,4221.37,0
288.586,3312.36,228.983,114.849,0.648366,4115.37,0
289.263,3328.61,202.999,123.907,0.384033,4049.56,0
289.954,3327.01,190.392,119.461,1.62839,4045.44,0
290.642,3338.34,192.537,117.33,0.295026,3996.85,0
291.317,3327.47,187.321,97.7476,2.60991,4024.93,0
292.007,3329.54,176.343,53.6272,4.50789,4008.34,0
292.7,3328.86,184.418,56.777,3.55141,4001.17,0
293.378,3329.16,183.348,56.2291,3.43891,3990.9,0
294.058,3316.62,175.402,50.132,5.26477,4024.31,0
294.73,3322.39,161.445,46.8004,5.26133,3995.56,0
295.418,3344.32,183.743,52.6218,0.789773,3912.02,0
296.097,3326.24,162.115,65.1627,4.06497,3964.11,0
296.789,3328.27,171.718,83.136,2.35244,3948.01,0
297.478,3374.19,134.942,77.0168,0.453247,3784.5,0
298.156,3371.34,99.65,71.2745,3.35423,3785.46,0
298.843,3366.17,86.1919,57.8231,5.13539,3794.06,0
299.534,3369.45,122.793,65.3542,1.57154,3774.38,0
300.234,3351.67,108.978,65.9741,4.2499,3824.79,0
300.909,3358.46,101.592,44.1637,4.76615,3793.63,0
301.599,3343.25,115.02,35.7458,5.21515,3835.39,0
302.284,3358.25,126.711,65.2331,1.42381,3777.08,0
302.976,3367.23,106.952,90.1939,0.720913,3738.8,0
303.661,3371.94,51.6568,104.319,2.17237,3714.87,0
304.347,3377.05,52.4282,104.115,1.59365,3689.72,0
305.02,3388.34,31.5873,101.317,1.24206,3644.55,0
305.705,3362.76,37.4328,118.269,2.19734,3720.07,0
306.387,3353.99,42.0697,114.083,3.2223,3740.4,0
307.072,3344.46,38.3782,127.473,2.97489,3763.09,0
307.762,3337.88,30.6651,168.588,0.41443,3776.02,0
308.445,3327.1,56.6952,161.554,1.58563,3802.61,0
309.133,3320.05,37.0494,174.089,1.73586,3816.98,0
309.817,3312.18,43.4481,189.156,1.12382,3833.93,0
310.493,3311.23,30.0101,182.468,2.01765,3828.66,0
311.177,3288.31,27.524,212.609,1.84865,3893.9,0
311.855,3296.04,6.94889,192.399,2.87532,3860.64,0
312.536,3283.09,13.7039,182.163,5.1722,3893.68,0
313.222,3308.84,3.58547,181.092,2.35372,3802.93,0
313.91,3299.5,6.74834,179.406,3.5426,3824.35,0
314.597,3295.19,-10.2696,193.485,2.32178,3829.69,0
315.276,3291.2,-10.6767,188.533,3.14403,3834.1,0
315.951,3274.19,6.99152,184.917,5.03443,3879.75,0
316.636,3276.91,-0.786998,180.603,4.65292,3862.77,0
317.327,3269.97,5.24423,196.466,3.67135,3876.23,0
318.02,3270.66,-6.2463,180.106,5.00892,3865.62,0
318.704,3263.19,-9.7211,165.822,6.20559,3880.75,0
319.383,3253.63,8.14819,156.698,7.04316,3902.42,0
320.062,3242.07,19.2422,147.882,7.89032,3930.28,0
320.742,3232.23,16.0982,139.969,8.18481,3952.6,0
321.423,3244.86,30.1137,147.775,4.71106,3904.95,0
322.096,3264.14,34.149,150.041,2.27431,3836.93,0
322.783,3271.52,50.0563,127.804,3.00913,3805.89,0
323.46,3266.7,59.2482,94.5625,5.63039,3812.85,0
324.155,3242.13,56.2025,85.2183,8.0982,3880.47,0
324.839,3232.27,50.4556,74.6814,8.48593,3902.63,0
325.517,3226.26,52.2942,77.1359,7.44838,3912.99,0
326.203,3241.8,44.6485,72.8616,5.58673,3857.11,0
326.892,3244.08,64.6471,60.692,4.36177,3842,0
327.58,3226.2,40.2633,56.5805,7.38266,3888.52,0
327.967,3219.3,37.9234,41.7867,8.71342,3904.96,0
