0.270635,3649.69,21.7001,-9.72697,0.0370082,1138.9,0
0.549142,3649.79,26.7669,-13.5951,0.0346417,382.755,0
0.826752,3651.05,32.7732,-15.1239,0.0260612,-1270.02,0
1.09949,3647.61,26.8802,-19.5389,0.04358,2174.07,0
1.363,3649.73,25.7252,-17.2177,0.0320485,197.883,0
1.63506,3653.09,28.5812,-17.9098,0.0139357,-1888.78,0
1.91282,3651.51,35.7784,-21.52,0.0182241,-791.944,0
2.18649,3650.92,39.2663,-20.6494,0.0191843,-422.461,0
2.45803,3644.03,37.8655,-32.7406,0.0500391,2430.02,0
2.72932,3619.79,49.0008,-19.9507,0.175956,11068.5,0
3.00324,3595.33,38.449,2.84839,0.338996,18202.6,0
3.27666,3591.91,24.3777,25.8106,0.366243,17727.4,0
3.55015,3607.93,14.2874,52.5011,0.243898,11850.4,0
3.82108,3616.64,17.0473,60.2816,0.185266,8729.45,0
4.09234,3605.29,-28.5099,13.8909,0.281044,10926.1,0
4.36799,3582.48,-55.6322,-3.59552,0.405658,15458.3,0
4.64601,3616.07,-68.7189,-59.0639,0.15572,7301.96,0
4.84136,3594.37,-69.0629,-72.3264,0.256661,11491.2,0
