0.277463,3644.93,-39.8374,-11.0655,0.0323991,18283.4,0
0.553013,3643.8,-36.1774,-11.1471,0.0384122,11207.3,0
0.823605,3643.15,-40.8964,-13.5001,0.0388676,8314.13,0
1.09412,3640.1,-38.6783,-22.9533,0.0519039,9050.37,0
1.37712,3604.21,-56.8656,-26.4373,0.233814,33248,0
1.64984,3599.32,-59.7025,-30.4035,0.254788,30720.9,0
1.92791,3584.83,-24.9534,-22.8744,0.393657,33803.6,0
2.20445,3577.68,-15.1295,-47.2655,0.428828,32805,0
2.48451,3576.57,-31.7352,-49.0993,0.421196,29557,0
2.7622,3586.67,-16.1965,-29.6444,0.385047,22925.9,0
3.03426,3570.88,-45.1469,-11.3326,0.485578,26076.2,0
3.31304,3593.38,-38.8175,13.5303,0.334494,17089.7,0
3.58481,3583.59,-32.2968,31.3972,0.397068,18524.2,0
3.86212,3609.73,-42.6849,35.3299,0.216413,10426.8,0
4.13384,3624.75,-54.7542,38.4807,0.122263,6109.21,0
4.40532,3631.34,-75.4055,39.7351,0.0705431,4236.33,0
4.67957,3612.68,-90.8387,29.3064,0.151329,7975,0
4.70554,3610.17,-96.1068,27.6984,0.157692,8463.55,0
