0.274209,3649.67,40.0056,-60.0773,0.0065441,1195.7,0
0.544771,3647.47,40.8734,-60.393,0.0169067,4650.1,0
0.822298,3646.3,34.4988,-61.6269,0.0236897,4495.4,0
1.09697,3650.98,35.2415,-61.2462,0.00222661,-891.445,0
1.37256,3649.12,35.4972,-62.5237,0.00966104,643.217,0
1.64563,3642.76,32.3813,-64.8883,0.0405865,4402.28,0
1.91501,3648.89,30.9396,-65.4481,0.0117947,579.001,0
2.1926,3646.55,26.6531,-66.8002,0.0229565,1573.21,0
2.47022,3642.6,36.1008,-74.4755,0.0320201,2996.87,0
2.74721,3646.63,34.3497,-73.0036,0.0150107,1228.31,0
3.02126,3647.72,35.5457,-72.7588,0.0104237,753.483,0
3.29851,3646.84,33.9842,-73.4386,0.0145212,956.647,0
3.57512,3646.56,33.1339,-77.1741,0.0128597,961.781,0
3.85208,3645.8,39.5915,-77.8045,0.0129933,1090.58,0
4.12901,3643.03,34.5029,-80.7086,0.0253035,1687.75,0
4.40713,3642.29,25.9698,-74.3177,0.0367762,1749.11,0
4.67809,3643.89,26.5696,-68.2042,0.032595,1305.36,0
4.95195,3639.59,25.1423,-70.0654,0.0519638,2102.5,0
5.22269,3639.8,25.0613,-58.0681,0.0611546,1952.38,0
5.50179,3630.91,37.4379,-53.6849,0.104755,3469.69,0
5.77207,3633.52,31.7166,-40.4161,0.103241,2855.29,0
6.04116,3617,42.909,-76.0081,0.153794,5462.52,0
6.30905,3611.54,56.576,-68.2668,0.180133,6095.76,0
6.58655,3571.52,31.3411,-82.6978,0.410657,11915.8,0
6.8557,3603.03,13.7771,-63.945,0.25931,6850.83,0
7.13645,3562.07,-37.921,-63.1298,0.509168,12321.8,0
7.27623,3571.29,-55.9726,-82.9254,0.384178,10818,0
