0.274119,3637.92,-40.1947,-17.0427,0.0837209,44054.5,0
0.544281,3624.08,-16.3091,-16.5084,0.168278,47622.9,0
0.817041,3631.31,-6.28451,-23.9938,0.126769,22878.8,0
1.09078,3641.45,-25.2212,-16.1499,0.0709461,7834.67,0
1.37073,3636.6,-26.2908,-8.42191,0.0968065,9777.79,0
1.64581,3603.08,6.84712,-17.2671,0.299078,28510,0
1.91759,3618.89,39.8175,-0.685372,0.189674,16222.2,0
2.19754,3574.67,30.0617,7.58452,0.497776,34278.6,0
2.46819,3595.84,29.281,50.2669,0.312413,21944.9,0
2.74506,3577.61,24.0342,73.2466,0.397998,26372.2,0
2.86172,3575.07,27.4672,96.1799,0.365427,26183.5,0
