0.279325,3650.29,-35.626,-19.8909,0.0171975,-1040.47,0
0.55194,3643.36,-41.2487,-18.6904,0.0481308,12025.6,0
0.829612,3640.22,-32.276,-27.6679,0.0662972,11785.7,0
1.11175,3615.15,0.574119,-29.0451,0.212126,31346.8,0
1.3897,3624.64,5.92126,-39.8588,0.149457,18247.6,0
1.66203,3615.71,-8.42596,-74.4821,0.166495,20633.4,0
1.93062,3600.96,11.8753,-71.0796,0.253051,25401.4,0
2.20307,3607.98,10.0672,-61.4105,0.223705,19073.9,0
2.47359,3586.21,-10.0677,-62.6319,0.359431,25787.7,0
2.74246,3569.5,-5.15962,-24.6907,0.542508,29352.6,0
3.0193,3594.3,-31.9712,-30.4466,0.332693,18447.4,0
3.2951,3584.82,-45.221,-47.3293,0.365023,19782,0
3.57151,3578.46,-29.3771,-6.10477,0.463709,20030.1,0
3.84578,3588.85,-22.007,-17.1778,0.387443,15900.1,0
4.12209,3603.97,-60.67,-27.0918,0.244746,11166.4,0
4.35029,3590.08,-86.7005,-49.8989,0.270717,13774.6,0
