0.277212,3644.94,-30.0514,-34.3017,0.0454837,18247.1,0
0.552382,3646.68,-27.9011,-18.1709,0.0427442,6002.97,0
0.822502,3651.13,-29.6835,-17.1568,0.0205222,-1377.14,0
1.09584,3648.95,-28.0034,-22.6432,0.03024,958.62,0
1.37216,3650.42,-25.1287,-20.5633,0.0252519,-306.724,0
1.64988,3652.66,-22.8752,-18.9536,0.0159039,-1609.71,0
1.93004,3651.8,-22.9406,-20.4165,0.0198409,-932.693,0
2.20137,3640.49,-39.4589,-26.9094,0.067068,4319.41,0
2.47219,3627.44,-50.548,-18.9817,0.12962,9126.25,0
2.74805,3580.17,-47.1527,9.41065,0.427965,25410.3,0
3.02331,3589.16,-65.2846,3.93825,0.339273,20125.3,0
3.29814,3592.45,-30.0909,-19.7885,0.355914,17448,0
3.56901,3619.37,-25.2309,-23.5985,0.18786,8583.15,0
3.83774,3609.52,1.22614,-13.8429,0.257096,10548.1,0
4.10719,3618.51,18.275,-7.02529,0.200673,7666.93,0
4.38228,3631.24,-24.8914,-16.6009,0.125206,4280.13,0
4.6491,3631.99,-21.5898,-9.37798,0.123888,3873.29,0
4.92508,3619.84,-14.395,-31.5092,0.18573,6124.66,0
5.20269,3630.94,-15.8796,-45.0508,0.115656,3664,0
5.47073,3634.82,11.1453,-38.7892,0.101901,2774.22,0
5.74743,3641.92,10.1191,-34.4908,0.0685019,1405.58,0
6.0176,3645.16,16.4797,-25.6446,0.0543549,804.314,0
6.2947,3635.76,-2.80022,-16.9337,0.108237,2262.75,0
6.56936,3637.17,-0.417557,-10.6271,0.102324,1952.78,0
6.84712,3596.58,5.2257,-13.5499,0.34693,7801.39,0
7.12083,3582.28,-5.89964,16.0181,0.453085,9509.63,0
7.39888,3552.13,7.73392,32.8354,0.695523,13227.6,0
7.68441,3546.35,-14.1066,36.7901,0.735059,13488,0
7.9607,3568.14,12.4949,38.8859,0.529576,10282.5,0
8.2338,3598.05,5.47057,30.1867,0.317992,6308.86,0
8.50528,3623.19,10.433,5.20452,0.171005,3151.74,0
8.78752,3580.7,16.5449,-23.8021,0.442827,7885.81,0
9.06301,3615.86,-31.5837,16.9313,0.199436,3766.57,0
9.33978,3620.34,-47.1679,3.84167,0.165573,3175.66,0
9.6095,3617.67,-67.8953,10.8698,0.159671,3364.62,0
9.88362,3595.38,-68.7866,-12.8271,0.28537,5526.49,0
10.1092,3597.95,-85.7998,-51.3959,0.222395,5149.21,0
