0.0310531,1.31287,0,0,1.98133,42278.4,0
0.0612358,10.7009,0,0,4.32183,174748,0
0.0902452,8.0331,0,0,0.325578,89014.2,0
0.1198,7.83744,0,0,0.0346913,65421,0
0.14764,12.6336,0,0,7.15744,85570.1,0
0.174404,16.6923,0,0,1.499,95710.3,0
0.201075,21.6752,0,0,8.92789,107797,0
0.227885,18.4519,0,0,3.99617,80970,0
0.255804,18.0029,0,0,3.31622,70377.4,0
0.28585,17.177,0,0,2.05966,60091.2,0
0.313506,16.0478,0,0,0.361447,51188,0
0.343539,16.03,0,0,0.321375,46661.3,0
0.37263,16.1621,0,0,0.525985,43373,0
0.40218,16.8977,0,0,1.62774,42015.2,0
0.433742,22.9529,0,0,10.7319,52918.4,0
0.462752,22.0502,0,0,9.28123,47650.2,0
0.490736,18.5602,0,0,3.99671,37821.2,0
0.518157,16.591,0,0,1.04786,32019.3,0
0.548552,17.398,0,0,2.26072,31716.1,0
0.577805,17.0787,0,0,1.78249,29557.9,0
0.607313,20.103,0,0,6.31117,33101.6,0
0.637482,18.2853,0,0,3.5806,28683.7,0
0.665946,18.0729,0,0,3.25353,27138.7,0
0.693448,22.9115,0,0,10.4581,33039.9,0
0.72243,17.2704,0,0,1.89397,23906,0
0.749501,17.8788,0,0,2.80458,23854.3,0
0.778451,19.1703,0,0,4.73493,24626.2,0
0.807063,25.0758,0,0,0.302749,31070.4,0
0.835847,25.3792,0,0,0.756252,30363.4,0
0.86366,25.9846,0,0,1.65931,30086.6,0
0.89342,25.8983,0,0,1.52236,28987.9,0
0.922122,27.7099,0,0,4.23596,30050.1,0
0.952927,31.7165,0,0,10.1933,33283.2,0
0.982147,32.9184,0,0,0.340502,33516.8,0
1.01089,32.8168,0,0,0.19196,32463.3,0
1.04014,32.9146,0,0,0.348965,31644.4,0
1.06972,33.8155,0,0,1.7071,31611.6,0
1.0986,37.0264,0,0,6.46858,33703.4,0
1.1267,32.8739,0,0,0.257797,29177.1,0
1.15735,38.1018,0,0,8.09377,32921.6,0
1.18759,40.6748,0,0,11.8728,34249.9,0
1.21607,46.8982,0,0,9.45687,38565.3,0
1.24621,41.8256,0,0,1.8027,33562.3,0
1.27489,40.6803,0,0,0.086264,31908.9,0
1.30621,40.7709,0,0,0.192817,31213,0
1.33326,41.0364,0,0,0.590754,30779,0
1.36346,41.8311,0,0,1.77682,30680.1,0
1.39489,41.2904,0,0,0.960253,29601.2,0
1.42377,42.3497,0,0,2.53693,29744.7,0
1.45435,42.1192,0,0,2.1911,28960.9,0
1.48382,42.0224,0,0,2.04309,28320.3,0
1.51346,44.4045,0,0,5.61948,29339.8,0
1.54326,42.6902,0,0,3.04053,27662.3,0
1.57332,47.9371,0,0,10.8945,30468.8,0
1.60162,56.0885,0,0,7.32705,35019.8,1
1.62849,51.2243,0,0,0.0257734,31455.1,1
1.65676,52.3165,0,0,1.66643,31577.6,1
1.68451,59.4075,0,0,0.594715,35266.8,1
1.71334,66.0381,0,0,10.5478,38543.5,1
1.74358,61.4054,0,0,3.61004,35218.1,1
1.77119,60.0761,0,0,1.617,33918.5,1
1.79749,65.4657,0,0,9.66105,36420.6,1
1.82827,68.964,0,0,0.464645,37721,1
1.85708,70.9505,0,0,3.44227,38205.4,1
1.88587,70.3937,0,0,2.60688,37327,1
1.91436,72.3987,0,0,5.61701,37818.8,1
1.94345,68.9588,0,0,0.462324,35482.6,1
1.97222,71.0056,0,0,3.51765,36002.9,1
2.00117,69.3318,0,0,1.00788,34645.6,1
2.0332,75.2527,0,0,9.89475,37012,1
2.06248,75.5685,0,0,10.2599,36639.7,1
2.08963,80.0717,0,0,5.28712,38318.6,1
2.11843,76.5559,0,0,0.0132992,36138,1
2.14555,80.3766,0,0,5.74441,37462,1
2.174,78.0199,0,0,2.19015,35887.8,1
2.20551,76.9087,0,0,0.523399,34871.1,1
2.23486,83.4385,0,0,10.283,37335.1,1
2.26434,78.1497,0,0,2.34291,34513.3,1
2.29469,76.6086,0,0,0.0352411,33385.2,1
2.32402,77.2965,0,0,1.07005,33259.8,1
2.35135,77.6584,0,0,1.60837,33027.1,1
2.38149,77.0052,0,0,0.628944,32334.9,1
2.41007,76.5993,0,0,0.0179678,31783,1
2.43943,76.7961,0,0,0.316196,31481.1,1
2.46969,77.9513,0,0,2.05131,31563.2,1
2.49969,77.0516,0,0,0.679938,30824.5,1
2.52729,78.3249,0,0,2.55483,30991.6,1
2.55646,81.5497,0,0,7.37774,31899.4,1
2.58705,76.7235,0,0,0.115364,29656.8,1
2.61773,79.644,0,0,4.52651,30424.8,1
2.64552,78.3826,0,0,2.64509,29628.5,1
2.67533,76.6188,0,0,1.67626e-06,28639,1
2.70242,80.004,0,0,5.07726,29604.6,1
2.73405,81.8506,0,0,7.82194,29937.5,1
2.76087,76.7277,0,0,0.112865,27791.2,1
2.78858,76.7199,0,0,0.10463,27512.2,1
2.81996,80.4667,0,0,5.68667,28534.7,1
2.84951,83.9419,0,0,10.8725,29458.4,1
2.8777,84.4888,0,0,0.00205912,29359.8,1
2.90819,86.5975,0,0,3.16361,29777.1,1
2.93691,84.5395,0,0,0.0745013,28785.2,1
2.96683,89.1789,0,0,7.0408,30058.7,1
2.99871,88.7906,0,0,6.43553,29609.6,1
3.02754,87.1455,0,0,3.96479,28784.3,1
3.05769,84.5235,0,0,0.0379013,27643,1
3.0856,85.6147,0,0,1.6763,27746.5,1
3.11436,85.4714,0,0,1.46358,27444.3,1
3.14235,84.5725,0,0,0.115605,26913.8,1
3.1704,85.0606,0,0,0.850471,26829.6,1
3.19876,89.5805,0,0,7.61999,28004.8,1
3.22727,85.6914,0,0,1.78886,26552.3,1
3.25419,84.664,0,0,0.225043,26016.9,1
3.28342,86.9436,0,0,3.64714,26479.6,1
3.31074,85.3986,0,0,1.32559,25794.4,1
3.34179,85.053,0,0,0.805069,25451.4,1
3.36936,84.5247,0,0,0.00501946,25086.3,1
3.40092,84.6793,0,0,0.211003,24899,1
3.43221,91.5657,0,0,10.5293,26678.4,1
3.46147,84.584,0,0,0.0285362,24435.9,1
3.48964,91.3303,0,0,10.0993,26171.8,1
3.52044,92.5163,0,0,11.803,26279.7,1
3.55163,84.9621,0,0,0.479462,23922,1
3.57924,84.75,0,0,0.152092,23678.2,1
3.60775,84.6755,0,0,0.0441419,23470.4,1
3.63579,89.0172,0,0,6.53845,24483.6,1
3.66536,90.8737,0,0,9.27835,24792.6,1
3.69532,103.066,0,0,0.059809,27890.8,2
3.72474,103.207,0,0,0.272498,27708.6,2
3.75564,112.616,0,0,0.0565689,29985.8,2
3.78685,112.632,0,0,0.0690211,29742.9,2
3.81442,115.817,0,0,4.83322,30362.9,2
3.84443,112.613,0,0,0.0347383,29292.6,2
3.87632,123.256,0,0,4.26804,31797.3,2
3.90921,130.517,0,0,0.737389,33386.9,2
3.93894,130.438,0,0,0.619555,33115,2
3.96687,131.762,0,0,2.61439,33215.7,2
3.99609,130.485,0,0,0.703674,32653.1,2
4.0253,133.404,0,0,5.06388,33141.3,2
4.05412,135.104,0,0,7.55869,33325,2
4.08572,137.934,0,0,0.108184,33759.9,2
4.1157,137.877,0,0,0.0251591,33500.3,2
4.14497,141.226,0,0,5.02729,34071.7,2
4.17476,138.533,0,0,0.97697,33183.6,2
4.20447,138.027,0,0,0.214536,32828.5,2
4.2332,139.942,0,0,3.08776,33058.2,2
4.26226,138.664,0,0,1.17721,32533,2
4.29274,138.72,0,0,1.25821,32315,2
4.32224,138.708,0,0,1.23624,32091.8,2
4.35117,139.568,0,0,2.51455,32076.1,2
4.3816,139.944,0,0,3.07507,31938.9,2
4.40976,145.096,0,0,10.7164,32903.3,2
4.4379,146.646,0,0,1.37408,33044,2
4.47019,147.086,0,0,2.03349,32903.7,2
4.4983,147.505,0,0,2.65874,32791.2,2
4.52629,147.83,0,0,3.15032,32660.2,2
4.55698,146.268,0,0,0.811595,32097.6,2
4.58544,150.868,0,0,7.7016,32901.5,2
4.61577,145.753,0,0,0.0400435,31577.1,2
4.6456,147.727,0,0,3.00099,31799.3,2
4.67787,149.973,0,0,6.37057,32060.2,2
4.70785,146.762,0,0,1.54772,31174,2
4.73285,146.446,0,0,1.06058,30942.4,2
4.76055,146.521,0,0,1.18261,30778.3,2
4.78996,153.668,0,0,0.199194,32081.2,2
4.81941,155.504,0,0,2.93446,32266.1,2
4.84734,154.013,0,0,0.679511,31772.7,2
4.8785,154.066,0,0,0.747096,31580.5,2
4.90594,156.337,0,0,4.15796,31867,2
4.93505,154.22,0,0,0.981996,31250,2
4.96398,158.884,0,0,7.96141,32007.4,2
4.99122,153.583,0,0,0.00597497,30770.5,2
5.02033,154.313,0,0,1.10681,30737.6,2
5.04972,166.277,0,0,3.20737,32927.9,3
5.0807,170.829,0,0,10.0363,33623,3
5.10846,168.467,0,0,6.45657,32978.1,3
5.13526,167.062,0,0,4.33445,32532.4,3
5.1626,164.171,0,0,0.00244409,31800,3
5.19319,164.21,0,0,0.0468463,31620.3,3
5.22215,166.478,0,0,3.44639,31879.2,3
5.25125,164.409,0,0,0.364086,31308.4,3
5.28019,164.87,0,0,1.05509,31224.3,3
5.30775,164.372,0,0,0.308267,30968.3,3
5.334,164.237,0,0,0.0999844,30790.6,3
5.3629,172.249,0,0,0.393069,32118.7,3
5.39223,173.871,0,0,2.82379,32244.8,3
5.42188,176.258,0,0,6.39554,32508.6,3
5.45011,172.709,0,0,1.05798,31689.1,3
5.4783,172.192,0,0,0.289789,31431.6,3
5.50616,172.258,0,0,0.382138,31284.6,3
5.53635,175.679,0,0,5.52328,31731.9,3
5.5625,175.963,0,0,5.95259,31633.8,3
5.5931,176.297,0,0,6.45495,31520.5,3
5.62138,177.556,0,0,8.32345,31585.8,3
5.65195,172.214,0,0,0.280964,30469.9,3
5.67976,174.317,0,0,3.42601,30690.9,3
5.70742,173.744,0,0,2.56645,30441.8,3
5.73308,182.283,0,0,15.339,31794.9,3
5.7624,185.813,0,0,6.26063,32245.7,3
5.79153,182.439,0,0,1.18487,31501,3
5.81792,182.091,0,0,0.68052,31298.3,3
5.84663,182.626,0,0,1.47708,31236.1,3
5.8788,181.755,0,0,0.170556,30917,3
5.90794,182.059,0,0,0.613891,30816.1,3
5.93693,186.26,0,0,6.93825,31373.1,3
5.96615,184.107,0,0,3.73863,30858.6,3
5.99568,181.65,0,0,0.0625496,30296.8,3
6.0248,181.615,0,0,0.00409036,30144.6,3
6.054,181.63,0,0,0.0262421,30001.6,3
6.08128,182.037,0,0,0.627778,29934,3
6.11053,185.586,0,0,5.93797,30371.5,3
6.13979,182.456,0,0,1.24861,29717,3
6.16776,182.963,0,0,1.96451,29664.4,3
6.19821,184.399,0,0,4.12287,29750.4,3
6.22794,187.375,0,0,8.57515,30086.2,3
6.25529,184.417,0,0,4.05934,29481.8,3
6.28512,183.172,0,0,2.1753,29143.7,3
6.31427,189.766,0,0,12.0312,30053.6,3
6.34233,181.791,0,0,0.0425567,28663.2,3
6.37242,181.89,0,0,0.188569,28543.3,3
6.40073,186.01,0,0,6.37301,29060.8,3
6.43171,187.145,0,0,7.98933,29097.3,3
6.46269,189.721,0,0,0.108524,29356.3,3
6.49269,189.819,0,0,0.259464,29235.8,3
6.52252,193.071,0,0,5.04592,29600.6,3
6.55005,190.619,0,0,1.36557,29102,3
6.57769,190.395,0,0,1.03465,28945.6,3
6.60529,191.93,0,0,3.28693,29057.1,3
6.63293,191.466,0,0,2.59178,28866,3
6.66249,190.432,0,0,1.05335,28582.7,3
6.69162,193.269,0,0,5.29721,28882.3,3
6.72047,189.926,0,0,0.285953,28260.8,3
6.74747,189.791,0,0,0.0871373,28127.7,3
6.77733,192.337,0,0,3.89734,28379.5,3
6.80759,200.658,0,0,2.01787,29475.7,3
6.8367,200.151,0,0,1.25477,29275.9,3
6.86466,203.526,0,0,6.27397,29648.4,3
6.8926,204.311,0,0,7.36003,29642,3
6.92395,199.744,0,0,0.50075,28848.3,3
6.95312,203.686,0,0,6.40653,29294.1,3
6.981,200.709,0,0,1.89801,28750.8,3
7.01003,201.005,0,0,2.34348,28673.9,3
7.03912,213.562,0,0,9.4896,30339.3,3
7.06539,207.222,0,0,0.00406523,29329.2,3
7.09822,208.519,0,0,1.93792,29376.2,3
7.12788,210.406,0,0,4.7634,29518.7,3
7.1592,209.214,0,0,2.95564,29223.1,3
7.18603,217.462,0,0,3.54202,30261.7,3
7.21373,228.556,0,0,4.32843,31683.5,4
7.24228,226.92,0,0,1.87186,31332.7,4
7.27214,227.259,0,0,2.3819,31250.6,4
7.30077,225.795,0,0,0.189237,30927.5,4
7.32904,228.663,0,0,4.47216,31199.6,4
7.35647,227.435,0,0,2.63329,30916.4,4
7.38486,226.232,0,0,0.825773,30634.6,4
7.41346,229.161,0,0,5.20202,30911.4,4
7.44326,232.309,0,0,9.91766,31210.6,4
7.47114,235.281,0,0,0.00140178,31491.9,4
7.50062,235.281,0,0,0.00248565,31368.2,4
7.53249,239.866,0,0,6.84572,31844.2,4
7.56418,240.273,0,0,7.44483,31764.6,4
7.59439,238.869,0,0,5.34861,31453.4,4
7.62327,239.759,0,0,6.66327,31450.9,4
7.65183,241.13,0,0,8.70674,31512.7,4
7.68218,235.539,0,0,0.304,30660.4,4
7.71328,235.927,0,0,0.888149,30587.2,4
7.74262,239.031,0,0,5.54767,30872.1,4
7.77143,237.528,0,0,3.26018,30564.3,4
7.79939,240.473,0,0,7.68812,30832.3,4
7.8287,247.782,0,0,4.25377,31650.4,4
7.85852,247.508,0,0,3.83749,31495.4,4
7.88778,252.495,0,0,11.2823,32010.9,4
7.91801,251.665,0,0,9.97329,31783.9,4
7.9496,253.218,0,0,12.3048,31852.9,4
7.98019,255.254,0,0,3.67031,31986,4
8.00939,253.387,0,0,0.871298,31636.2,4
8.03808,254.834,0,0,3.0289,31703.3,4
8.06843,253.261,0,0,0.667225,31389.2,4
8.0979,262.506,0,0,2.83118,32416.5,4
8.12468,260.83,0,0,0.31755,32103.5,4
8.15349,260.633,0,0,0.0154428,31965.8,4
8.18186,264.446,0,0,5.73615,32321,4
8.21169,260.954,0,0,0.502735,31778.3,4
8.24093,264.899,0,0,6.39422,32144.3,4
8.26932,264.384,0,0,5.58451,31971.6,4
8.29996,275.758,0,0,10.8642,33224,4
8.32921,269.947,0,0,2.12548,32409.7,4
8.35446,270.93,0,0,3.60228,32429.4,4
8.38443,277.657,0,0,13.6673,33115.8,4
8.41293,269.791,0,0,1.82693,32068.6,4
8.43952,268.822,0,0,0.369843,31852.8,4
8.46903,271.874,0,0,4.92549,32102.1,4
8.49967,268.722,0,0,0.173037,31615.6,4
8.53014,271.578,0,0,4.44804,31837.4,4
8.56066,274.805,0,0,9.26224,32100.9,4
8.58929,276.606,0,0,0.247621,32203.6,4
8.61781,280.825,0,0,6.5583,32586.6,4
8.64719,285.229,0,0,1.32879,32985.1,4
8.67456,285.389,0,0,1.56584,32899.5,4
8.70401,286.302,0,0,2.92167,32893.2,4
8.73222,287.318,0,0,4.42611,32903.2,4
8.76212,284.738,0,0,0.561605,32496.5,4
8.78937,293.253,0,0,13.3019,33364.5,4
8.81741,293.662,0,0,2.20848,33304.8,4
8.84923,295.369,0,0,4.71008,33377.9,4
8.88032,297.014,0,0,7.13789,33446.3,4
8.90788,292.441,0,0,0.276249,32829.5,4
8.93943,292.266,0,0,0.0105616,32694,4
8.9695,293.644,0,0,2.06925,32738.1,4
8.9977,300.516,0,0,12.2974,33399.2,4
9.02836,302.673,0,0,3.81789,33524.7,4
9.05552,300.554,0,0,0.656443,33190.1,4
9.08415,303.956,0,0,5.75162,33460,4
9.11295,300.205,0,0,0.110021,32942.7,4
9.14006,300.176,0,0,0.0634646,32841.8,4
9.16897,300.245,0,0,0.170694,32745.8,4
9.19614,301.382,0,0,1.88813,32772.7,4
9.22679,302.336,0,0,3.31476,32767.2,4
9.2553,300.492,0,0,0.552294,32467,4
9.28584,300.762,0,0,0.957353,32389.3,4
9.31349,301.489,0,0,2.0442,32371.3,4
9.34184,303.927,0,0,5.66099,32534,4
9.37148,301.654,0,0,2.24427,32188.5,4
9.39887,300.36,0,0,0.303029,31957,4
9.4281,300.32,0,0,0.23562,31853.7,4
9.45599,301.289,0,0,1.68792,31862.2,4
9.48533,300.188,0,0,0.0488996,31647.6,4
9.51343,300.261,0,0,0.152123,31561.8,4
9.54485,301.207,0,0,1.57366,31557,4
9.57357,300.536,0,0,0.58577,31392.2,4
9.60407,307.953,0,0,11.6435,32064.9,4
9.63428,308.161,0,0,0.212364,31985.9,4
9.66228,308.446,0,0,0.646037,31922.6,4
9.69127,308.036,0,0,0.0340792,31784.9,4
9.72157,311.465,0,0,5.17266,32038.6,4
9.74942,313.762,0,0,8.53812,32182.6,4
9.77977,308.518,0,0,0.644705,31546.5,4
9.80827,309.935,0,0,2.76453,31599.4,4
9.8369,308.745,0,0,0.986331,31386.4,4
9.8655,309.726,0,0,2.45451,31394.9,4
9.89467,312.928,0,0,7.25193,31625.9,4
9.9229,315.695,0,0,11.32,31814.8,4
9.94982,320.282,0,0,3.80612,32189.7,4
9.97985,321.297,0,0,5.28514,32194.6,4
10.0001,321.224,0,0,5.17321,32122,4
