0.160477,3645.4,-10.0734,-5.69582,3.37592,28678.8,0
0.318764,3642.69,-11.5104,-2.41737,5.46605,22942.8,0
0.480057,3644.22,-4.90214,1.55622,4.30252,12041.1,0
0.641055,3638.83,-6.05315,2.29202,8.22199,17426.7,0
0.801332,3634.74,-2.86747,3.31836,10.9147,19048.3,0
0.962453,3627.8,-5.34571,4.03287,4.94764,23063.7,0
1.12575,3629.6,-1.94285,0.138772,3.26484,18121.3,0
1.28462,3627.2,-2.45029,0.317244,5.19399,17747.4,0
1.44312,3627.23,-2.88359,3.33453,4.72357,15776.2,0
1.60319,3631.01,-4.42725,9.64934,1.25277,11843.1,0
1.76378,3631.77,3.83118,8.11568,0.613096,10334.7,0
1.92373,3629.58,-5.52355,8.93831,2.38467,10616.1,0
2.08442,3624.71,-0.166744,13.5857,6.45323,12134.9,0
2.24305,3623.49,2.78331,6.36417,7.21596,11818.8,0
2.40646,3611.79,0.977397,8.3394,5.63636,15876.9,0
2.56482,3612.51,3.06011,12.7868,4.7096,14618.2,0
2.7224,3610.23,2.34422,10.4783,6.70431,14608,0
2.88391,3608.75,6.13664,8.72255,7.67216,14303.4,0
3.04465,3609.18,12.8456,13.5991,6.58936,13407.3,0
3.20505,3599.3,11.865,7.56753,4.57106,15820.3,0
3.36821,3596.67,15.915,6.92313,6.87454,15834.1,0
3.52772,3594.52,16.6064,7.88216,8.28275,15726.2,0
3.68919,3582.16,24.5078,2.60717,9.37027,18387.9,0
3.84991,3585.98,14.379,2.96725,5.50857,16629.7,0
4.00753,3584.56,16.748,-4.7482,6.73542,16329.2,0
4.16824,3582.38,16.4363,-2.21125,8.81887,16222.5,0
4.32517,3577.78,20.9615,-7.724,1.19435,16697.8,0
4.48651,3574.35,24.7674,-9.99591,4.66403,16862.7,0
4.64546,3572.63,24.9817,-14.1753,5.82346,16655.5,0
4.80527,3569.81,29.8881,-21.3295,7.49356,16688.1,0
4.96843,3576.02,21.8071,-24.6793,0.413593,14890.9,0
5.1252,3574,18.6685,-26.4422,2.98496,14828.7,0
5.28712,3565.29,16.0855,-25.4763,2.6488,16022.4,0
5.44343,3559.97,19.0144,-20.5185,10.1764,16539.2,0
5.60242,3559.1,18.4586,-18.2587,10.5705,16224.7,0
5.75824,3558.77,18.4418,-15.6193,10.2051,15842.9,0
5.91678,3554.95,17.1557,-10.6071,4.65012,16065.3,0
6.07687,3548.42,26.5329,-10.6512,0.902954,16716.1,0
6.23872,3544.72,22.8036,-10.4318,8.38604,16875.2,0
6.39807,3538.9,22.0982,-13.2548,6.59918,17364.2,0
6.5595,3534.07,24.6934,-16.763,2.04112,17674.1,0
6.72258,3530.3,25.3306,-15.1202,9.43733,17805.4,0
6.88184,3535.4,22.3156,-7.71573,1.7295,16652.8,0
7.04812,3533.07,17.3916,-4.90049,9.09015,16589.6,0
7.20861,3532.34,18.1607,-10.8431,8.64506,16322,0
7.36992,3526.92,22.1129,-11.5819,6.59344,16700.2,0
7.53202,3522.81,23.2683,-9.67359,1.83656,16886.8,0
7.69111,3515.65,29.6436,-11.8858,0.180312,17468.6,0
7.85059,3511.44,24.1725,-9.83796,8.17652,17649.1,0
8.00861,3507.09,16.3295,-12.6006,8.1078,17844.1,0
8.16571,3500.55,12.7922,-6.22453,8.89425,18302.2,0
8.32982,3491.37,7.79449,-6.99911,8.1098,19043.2,2
8.39175,3488.3,2.59684,-2.15518,24.4469,19268.6,3
