0.161293,3640.92,-37.0503,-21.4497,6.62905,56289.1,0
0.319438,3641.49,-33.6644,-15.282,6.13973,26640.9,0
0.479094,3639.29,-38.1583,-15.1411,6.99595,22345.4,0
0.638763,3638.41,-40.7166,-13.2197,7.06191,18142.4,0
0.795992,3632.92,-49.1527,-10.8771,9.90308,21460.4,0
0.955985,3635.35,-47.888,-13.4453,7.77535,15320.2,0
1.1122,3634.75,-55.2046,-14.6635,6.90443,13713,0
1.27286,3635.95,-58.4682,-24.5668,4.81706,11035.8,0
1.43041,3636.97,-51.2,-19.946,4.95288,9112.45,0
1.59376,3639.42,-53.6734,-16.1135,2.72539,6637.36,0
1.75522,3636.04,-57.4221,-18.4282,4.64226,7953.5,0
1.9164,3639.58,-56.2993,-18.3792,1.99894,5437.49,0
2.07434,3632.95,-48.1137,-23.4474,7.72784,8217.83,0
2.23572,3631.86,-47.7385,-24.1657,7.81905,8115.61,0
2.39691,3635,-43.7068,-32.414,4.90725,6259.59,0
2.55988,3640.48,-38.837,-28.7332,1.18825,3718.34,0
2.72182,3631.64,-34.8949,-33.2494,7.83616,6745.54,0
2.88496,3633.89,-38.1933,-33.8073,5.14682,5585.17,0
3.05156,3634.63,-35.6313,-25.009,5.18442,5036.37,0
3.21208,3629.36,-33.4618,-30.1272,8.90087,6424.89,0
3.36919,3628.72,-30.6639,-31.172,8.50022,6315.79,0
3.52524,3624.86,-26.9455,-29.3231,10.75,7131.28,0
3.68517,3633.99,-24.7752,-31.0349,2.53419,4345.65,0
3.84739,3636.66,-19.1027,-36.2429,0.18428,3467.57,0
4.0061,3624.93,-25.6628,-33.3371,9.45439,6257.41,0
4.16563,3618.58,-24.359,-37.0812,2.06328,7543.53,0
4.32956,3612.72,-22.1042,-44.5029,6.48402,8610.91,0
4.49379,3617,-22.6344,-42.0452,2.41375,7342.53,0
4.65345,3614.57,-31.6932,-37.5254,4.36595,7614.01,0
4.81504,3616.05,-31.1722,-38.184,2.68518,7051.1,0
4.97431,3612.97,-31.3516,-37.9854,5.40521,7444.44,0
5.13391,3611.73,-31.8141,-29.9458,6.93367,7453.99,0
5.29111,3607,-24.2274,-34.7024,10.6587,8127.75,0
5.44958,3608.3,-21.1112,-34.4112,8.70188,7652.32,0
5.60894,3606.21,-19.7446,-35.7593,9.64708,7806.58,0
5.77194,3598.85,-19.9512,-27.3869,5.58984,8861.36,0
5.93165,3599.02,-17.0363,-27.971,5.43277,8595.15,0
6.09,3598.04,-14.7545,-37.5705,5.3088,8532.4,0
6.24559,3595.63,-17.0721,-38.8851,7.12462,8704.65,0
6.4064,3588.84,-14.9328,-34.8205,2.48858,9547.14,0
6.56436,3586.37,-5.12292,-38.466,4.79297,9692.77,0
6.72307,3588.38,-9.38204,-43.836,1.29543,9165.12,0
6.88076,3583.96,-11.2266,-50.1328,4.47222,9597.83,0
7.04428,3583.93,-14.2263,-39.773,6.30116,9379.09,0
7.20342,3585.03,-21.5171,-37.4535,4.49966,9018.71,0
7.3629,3586.58,-25.3627,-27.2429,3.88248,8613.65,0
7.52131,3583.33,-28.9036,-21.6628,7.44342,8864.14,0
7.6782,3586.72,-29.323,-24.6496,3.09666,8241.09,0
7.83898,3588.45,-30.997,-20.3098,1.21614,7852.22,0
8.00216,3587.95,-20.1389,-14.6487,3.45126,7753.82,0
8.16236,3586.38,-31.2238,-17.1138,3.58436,7793.83,0
8.32345,3582.72,-28.3822,-14.9624,8.14844,8082.87,0
8.4848,3581.46,-29.4989,-19.2312,7.64634,8077.87,0
8.64577,3583.61,-31.0617,-16.5614,4.78205,7679.37,0
8.80804,3585.63,-39.47,-14.4274,1.1422,7308.46,0
8.97041,3580.12,-40.2239,-9.85174,7.31964,7789.74,0
9.13427,3578.96,-40.0012,-20.6141,6.76247,7777.31,0
9.29503,3578.12,-37.7398,-17.1585,8.03876,7733.24,0
9.45442,3577.66,-32.5284,-12.3157,9.21517,7651.21,0
9.61348,3570.89,-24.877,-8.34511,6.9753,8228.89,0
9.77271,3574.73,-17.7876,-16.1591,2.27966,7702.13,0
9.93444,3572.29,-20.8443,-7.93123,4.94933,7821.98,0
10.0955,3573.64,-25.2154,-13.4136,2.06372,7564.08,0
10.257,3574.44,-31.5253,-6.02882,0.356472,7367.12,0
10.4129,3566.79,-32.4111,-8.94489,9.12373,7991.29,0
10.5738,3559.93,-32.2543,-13.29,6.05147,8518.41,0
10.7323,3558.31,-27.4856,-11.5235,9.39628,8543.77,0
10.8905,3557.68,-39.302,-10.8053,6.5895,8477.34,0
11.0477,3560.93,-40.6408,-12.8186,1.31578,8062.5,0
11.2056,3557.19,-41.3261,-12.1595,6.026,8282.81,0
11.3681,3559.81,-41.2434,-6.86315,2.72661,7933.64,0
11.5263,3561.86,-37.072,-9.82875,0.95145,7647.05,0
11.6873,3560.58,-35.3605,-12.449,2.85574,7650.97,0
11.848,3560.6,-32.9258,-9.26971,3.76469,7545.74,0
12.0093,3561.75,-37.9031,-1.83691,1.0188,7348.72,0
12.1703,3556.76,-42.2873,-4.86616,6.25383,7661.53,0
12.3273,3560.59,-37.8143,-3.7689,1.90839,7253.29,0
12.4873,3558.69,-40.3257,-8.30114,3.40093,7312.26,0
12.6457,3553.3,-41.0035,-5.38072,9.85941,7647.02,0
12.8028,3558.3,-38.6495,-3.53951,3.09797,7162.46,0
12.9607,3551.76,-45.1651,2.59383,9.12798,7579.46,0
13.1237,3556.11,-41.5849,3.55796,3.39558,7153.86,0
13.2829,3554.63,-37.9809,11.4952,6.07302,7180,0
13.4442,3554.73,-38.4893,11.7207,5.3673,7086.25,0
13.6042,3551.37,-40.6009,13.1237,8.67368,7249.74,0
13.7644,3544.36,-44.2296,16.8823,4.6728,7674.86,0
13.9214,3541.13,-49.407,14.639,6.99255,7820.64,0
14.0832,3539.67,-46.8926,11.8006,10.276,7834.18,0
14.242,3533.48,-49.1249,3.80652,7.2936,8181.57,0
14.4032,3531.23,-42.2776,7.32072,3.56326,8246.42,0
14.5616,3527.49,-48.9813,6.61991,4.80686,8413.34,0
14.7218,3525.13,-51.4544,8.17053,5.7335,8481.73,0
14.8823,3528.1,-49.5751,11.0551,1.54802,8190.75,0
15.0407,3522.18,-48.127,6.42182,1.35144,8498.27,0
15.2031,3517.49,-42.2292,12.5082,0.0996009,8715.81,0
15.3626,3505.45,-45.2434,11.0458,6.6576,9409.41,0
15.5207,3500.1,-43.9172,8.85065,8.15297,9657.98,0
15.6827,3495.53,-40.0193,5.28175,2.58247,9849.9,0
15.846,3494.29,-30.5673,11.2715,11.1443,9826.23,0
16.0053,3493.75,-29.1512,9.83881,3.83856,9762.68,0
16.1647,3486.59,-27.4234,1.8353,9.32808,10109.1,0
16.3249,3486.81,-19.1564,3.29626,4.18021,9996.31,1
16.4831,3485.06,-10.2693,3.65676,1.92764,10006.9,1
16.5709,3480.01,-3.38287,3.5643,15.9134,10258.2,2
