0.155925,3647.47,-7.7625,20.0299,2.36878,16234.4,0
0.314337,3646.27,-6.55178,19.7724,3.23164,11852.6,0
0.473923,3646.2,-0.357109,18.2606,3.27853,8020.5,0
0.634459,3650.09,3.56083,16.9419,0.250905,-135.811,0
0.793921,3637.3,-1.86374,14.1299,9.71861,15997.8,0
0.95433,3640.71,-4.64525,15.2003,6.22688,9731.6,0
1.11628,3644.74,-2.30898,9.4788,3.02756,4716.33,0
1.27996,3645.1,0.46791,15.9092,2.4789,3825.32,0
1.43971,3640.09,-1.91182,8.35379,6.60947,6885.17,0
1.59793,3647.13,-1.94447,6.28457,0.899394,1793.44,0
1.76134,3638.46,-6.00779,6.23859,7.67452,6551.55,0
1.92345,3646.04,-5.74257,4.43787,1.45705,2060.65,0
2.08393,3636.68,-3.44285,-1.35491,8.72899,6391.74,0
2.2454,3637.53,-5.46921,-3.19856,6.71956,5552.94,0
2.4061,3633.41,-7.52529,-1.09811,9.18021,6893.12,0
2.56516,3633.5,-7.836,-6.06217,8.2058,6432.36,0
2.72776,3632.42,0.598811,-6.78995,8.5275,6445.77,0
2.88527,3626.92,-1.68138,-2.82287,0.460917,7999.39,0
3.04789,3623.78,-3.91392,-2.33201,3.07337,8603.66,0
3.20729,3622,-8.33932,-1.43714,4.44035,8729.35,0
3.36804,3615.93,-9.5142,-5.25632,9.46524,10114.7,0
3.53083,3614.02,-9.55567,-4.61048,10.467,10191.4,0
3.69163,3609.42,-5.00191,7.85729,2.85904,10993.6,0
3.85135,3611.08,4.77475,9.21131,1.15972,10105.1,0
4.01006,3608.57,9.33314,6.73048,3.54168,10330.6,0
4.17368,3607.81,9.75239,12.7825,4.00146,10109.1,0
4.33093,3603.64,6.21453,17.8838,7.74458,10705.5,0
4.4923,3594.65,7.75349,24.3986,4.13822,12320.4,0
4.6483,3597.95,4.83596,20.8943,0.982743,11197.1,0
4.80853,3594.35,-10.9904,20.7391,4.55254,11573.3,0
4.96997,3595.02,-11.257,19.3374,3.84537,11062.3,0
5.12977,3596.6,-8.89266,27.5395,1.40148,10410.7,0
5.29207,3591.77,-5.13713,33.0234,5.48792,11003,0
5.45461,3581.88,-3.69642,31.8353,4.43899,12487.6,0
5.61416,3583.93,4.53246,41.023,0.291159,11767.8,0
5.77593,3577.38,0.750169,40.0813,7.49871,12572.9,0
5.93521,3580.13,-3.35705,38.5393,4.33471,11771.4,0
6.09378,3575.49,-6.84416,44.0627,8.28201,12226.7,0
6.25581,3579.22,-5.73161,49.5896,2.33291,11313.9,0
6.41398,3578.34,0.216606,40.9683,5.37192,11172,0
6.57461,3578.12,-7.20145,40.5384,5.49407,10932.2,0
6.73743,3575.58,-1.03173,37.9509,8.65247,11045.2,0
6.89375,3574.63,0.237417,46.6161,6.90287,10933.6,0
7.05482,3576.4,-6.75538,46.5719,4.37604,10433.1,0
7.21544,3576.57,-3.3702,45.8167,4.36729,10176.3,0
7.37371,3570.33,-6.44625,54.2246,8.88737,10804.4,0
7.53356,3572.66,-9.28281,61.4132,3.49727,10266.3,0
7.69319,3568.3,-3.0459,64.6028,7.22205,10620.1,0
7.85294,3565.55,4.46827,49.5527,3.17103,10753.5,0
8.01073,3559.81,8.09651,42.5607,12.3143,11258.7,0
8.17186,3558.3,0.0147911,34.0487,5.4597,11221.6,0
8.33429,3552.29,10.8759,39.4236,11.4765,11723.4,0
8.49106,3549.03,13.3786,37.6751,3.19218,11891,0
8.64985,3549.45,21.5469,32.0464,3.02278,11624.7,0
8.80783,3548.27,22.8981,31.5443,4.44255,11549.4,0
8.96938,3541.77,25.3004,31.6708,13.5826,12066.4,0
9.13196,3537.61,21.7719,31.3962,9.6376,12307,0
9.29327,3539.15,25.6475,36.8084,2.81692,11927.5,0
9.45083,3535.08,25.1534,38.5784,8.27266,12159.4,0
9.61078,3531.81,28.0686,35.4466,0.626054,12297.8,0
9.77153,3532.36,24.2135,27.218,5.68466,12039.3,0
9.92834,3526.17,27.9735,24.8689,4.73842,12472.4,0
10.0885,3528.68,23.6898,24.8029,1.81614,12025.4,0
10.249,3517.94,22.4053,14.1903,10.7166,12885.4,0
10.4062,3510.81,22.3828,16.6743,1.95686,13375.7,0
10.5669,3513.85,17.1757,9.15626,5.61098,12884.4,0
10.7289,3505.5,19.9447,7.44777,8.28601,13468.2,0
10.8872,3503.19,14.6154,-0.453352,12.6434,13484.5,0
11.047,3496.02,10.6238,4.64818,5.20595,13938.5,0
11.1571,3491.32,1.15145,2.44637,8.54623,14222.2,2
