0.159059,3638.74,-12.3864,33.6096,8.13868,70814,0
0.317916,3645.42,-9.77217,35.9726,2.70099,14398.8,0
0.479077,3643.18,-17.9224,39.6617,3.79558,14225.9,0
0.637171,3642.79,-17.7796,42.3374,3.47701,11318.5,0
0.797934,3641.47,-26.6107,40.0453,4.10818,10684.9,0
0.959359,3647.7,-24.0412,31.4387,0.00430445,2396.19,0
1.11633,3642.66,-20.6774,26.1255,4.30839,6575.71,0
1.27525,3636.52,-20.5925,32.5135,8.55243,10571.5,0
1.43507,3636.97,-22.4443,30.2617,7.21447,9080.87,0
1.59201,3637.39,-22.9938,30.0673,6.10841,7918.97,0
1.7536,3641.52,-18.8865,28.4238,2.79844,4835.75,0
1.90658,3644.13,-22.5865,25.4776,0.679461,3080.35,0
2.06451,3634.46,-18.0681,25.8956,8.3539,7528.48,0
2.22576,3636.03,-15.449,27.8421,6.3464,6275.8,0
2.38913,3633.83,-11.6747,27.6439,8.03671,6769.71,0
2.54846,3630.51,-9.22668,27.5174,10.4506,7645.98,0
2.70954,3637.67,-10.0759,22.6631,4.20259,4548.92,0
2.87386,3637.49,-9.92306,21.075,4.22231,4352.78,0
3.03301,3636.77,-11.3815,10.4824,4.83267,4362.77,0
3.19091,3630.18,-12.8014,5.10778,9.51709,6212.7,0
3.35035,3624.7,-9.21355,12.0617,1.6844,7551.59,0
3.50854,3621.52,-7.05716,8.83585,4.60886,8116.59,0
3.66579,3623.43,-10.5586,7.47115,2.80456,7246.77,0
3.8286,3620.9,4.62745,16.9567,4.85451,7600.7,0
3.98701,3622.32,0.516022,12.5418,3.66538,6942.76,0
4.14806,3620.6,-1.2704,10.025,4.87689,7088.66,0
4.3038,3614.48,-4.69918,9.90804,9.69639,8253.55,0
4.46101,3612.32,-8.14292,11.3083,10.2032,8447.57,0
4.62319,3609.7,-0.806447,8.53379,0.653655,8717.44,0
4.78365,3605.96,-4.47199,8.40139,4.21446,9206.49,0
4.9456,3607.97,-5.84389,8.99836,1.64948,8497.59,0
5.10633,3601.4,-6.376,1.49187,8.27335,9517.24,0
5.26593,3604.69,-5.64837,-0.17221,4.54908,8603.8,0
5.42648,3603.55,-12.0058,-6.68481,5.24101,8560.58,0
5.58894,3603.21,-16.9313,-2.38486,4.71668,8371.88,0
5.7482,3602.96,-6.55522,-1.22196,5.30033,8183.13,0
5.90901,3598.87,0.263439,-2.31297,8.81514,8653.44,0
6.07006,3605.07,3.74968,0.767686,2.03699,7402.01,0
6.22797,3603.24,8.28682,11.6186,3.44131,7507.96,0
6.38837,3601.61,7.59589,1.61242,5.16412,7573.96,0
6.55055,3604.57,9.60761,-1.55641,2.02339,6934.67,0
6.70714,3601.79,14.7352,7.28314,4.38065,7188.33,0
6.86708,3597.97,15.9196,9.72513,7.60336,7576.79,0
7.02759,3598.4,16.2561,11.9359,6.64928,7342.8,0
7.18387,3598.95,17.9859,5.51062,5.73676,7106.14,0
7.34473,3600.53,13.7923,6.57176,4.31094,6735.37,0
7.50697,3598.66,15.497,1.99514,5.98248,6838.69,0
7.66678,3599.1,20.3458,1.30432,4.89448,6639.12,0
7.82661,3600.41,17.8927,1.23939,3.48232,6335.48,0
7.98835,3594.19,25.5078,0.537982,9.17941,6986.89,0
8.14511,3601.97,20.8395,3.06188,1.05475,5897.33,0
8.30646,3591.56,18.3041,7.77954,11.7099,7035.16,0
8.46663,3588.08,15.6615,8.21149,4.03657,7313.73,0
8.62804,3589.55,11.2293,-1.03228,2.68075,7005.79,0
8.78958,3586.05,5.56691,-13.0989,6.53825,7275.75,0
8.94709,3582.46,1.72426,-10.0055,10.5982,7549.23,0
9.10917,3583.68,3.64204,-12.1051,8.24534,7280.58,0
9.27077,3589.6,10.8535,-12.6286,0.795501,6515.34,0
9.43027,3588.74,7.33363,-11.4583,1.97549,6496.32,0
9.58865,3586.4,6.71821,-18.1468,3.78631,6632.4,0
9.74951,3581.53,6.40523,-25.7459,8.33511,7022.58,0
9.90907,3581.51,6.52332,-27.1309,7.73719,6912.23,0
10.0687,3584.32,8.08611,-21.7664,4.76378,6523.25,0
10.2284,3584.97,7.66279,-24.3374,3.57778,6357.39,0
10.3853,3582.75,15.1667,-33.8295,4.21929,6475.14,0
10.542,3583.24,20.9325,-32.8788,3.24841,6333.09,0
10.6994,3582.22,19.2704,-29.7518,4.73865,6334.92,0
10.8586,3575.84,14.0583,-33.9938,11.1511,6829.94,0
11.0205,3569.6,14.1513,-37.9707,5.77261,7295.26,0
11.1815,3568.04,10.83,-42.3543,6.3046,7329.54,0
11.3411,3567.16,17.6913,-52.5399,3.73473,7304.71,0
11.4995,3564.37,20.0186,-56.4695,5.20631,7446.14,0
11.6595,3559.26,18.8643,-47.9096,2.54735,7782.7,0
11.8183,3556.71,14.6756,-44.0191,7.57189,7893.46,0
11.9748,3555.25,10.815,-43.7796,9.41323,7912.54,0
12.1396,3556.23,12.5302,-42.6095,7.58792,7724.35,0
12.2977,3554.75,19.3445,-45.8102,6.55028,7745.35,0
12.4585,3557.21,11.9407,-48.7229,2.96627,7447.99,0
12.6212,3556.71,17.5491,-46.6535,3.73369,7391.37,0
12.7794,3556.02,24.2065,-50.135,2.17158,7353.9,0
12.9371,3551.01,25.4042,-49.3322,8.45738,7651.74,0
13.0969,3553.23,21.7703,-50.1683,5.58258,7388.66,0
13.258,3548.62,32.1569,-52.4759,8.14047,7646.63,0
13.4204,3544.65,36.1548,-51.1532,11.6618,7849.65,0
13.5828,3538.26,33.1945,-53.0271,8.36668,8226.45,0
13.7436,3544.45,30.4485,-46.1323,3.80437,7680.12,0
13.9048,3542.98,44.0328,-39.2725,3.67198,7696.49,0
14.0638,3537.78,39.5028,-44.9671,9.89328,7979.05,0
14.2226,3536.78,30.5871,-41.1536,4.64006,7960.29,0
14.3808,3537.32,30.52,-40.871,3.90267,7835.58,0
14.5444,3537.81,17.7478,-47.2179,3.44081,7713.77,0
14.7028,3535.28,20.243,-43.921,8.21869,7802.78,0
14.8605,3531.85,25.2996,-45.3205,10.5031,7950.68,0
15.0201,3531.98,24.9052,-44.8274,9.70989,7857.16,0
15.1806,3527.37,25.114,-48.9631,2.2184,8078.14,0
15.3386,3523.53,21.1372,-48.2891,10.0864,8245.09,0
15.4985,3525.97,21.0194,-54.8376,0.912698,8002.68,0
15.6558,3518.01,15.4562,-61.927,8.35589,8430.85,0
15.8137,3508.26,14.6288,-70.3054,3.15559,8962.8,0
15.9747,3505.41,15.0168,-65.6442,11.4339,9051.31,0
16.1345,3498.4,20.7371,-60.5322,2.46995,9396.13,0
16.2905,3493.89,14.2605,-49.2162,4.78536,9582.88,0
16.4481,3486.64,11.089,-49.5321,7.6323,9931.59,0
16.6069,3482.65,15.0613,-48.8636,0.783789,10077,0
16.7666,3475.94,13.9799,-46.5068,7.20336,10381.1,0
16.9248,3476.75,12.4243,-36.7741,7.09227,10236.7,0
17.0859,3471.61,14.4389,-30.8667,8.30982,10441,0
17.244,3470.74,9.86552,-28.9698,11.767,10395.3,0
17.4017,3467.07,1.57916,-20.4802,11.0005,10512.1,0
17.5606,3462.74,2.83611,-14.7569,6.18199,10663.7,0
17.6444,3457.04,3.33853,-8.90889,13.9735,10936.2,1
