0.161919,3642.1,-42.4469,-22.7701,6.89464,48807.8,0
0.320285,3647.78,-45.5511,-25.2061,2.00942,6930.54,0
0.480175,3640.99,-47.8939,-15.7683,7.25693,18759.8,0
0.640558,3648.86,-49.8917,-17.9337,0.914266,1783.34,0
0.801256,3645.12,-53.792,-18.1255,3.31777,6085.12,0
0.962496,3645.62,-62.6263,-19.8836,1.88511,4553.52,0
1.1268,3644.15,-67.5193,-22.0672,2.30026,5194.38,0
1.28634,3637.28,-61.1265,-20.2292,7.84054,9885.78,0
1.44463,3626.5,-68.2151,-18.6357,2.97277,16269.2,0
1.60456,3626.45,-66.5623,-16.7287,3.23788,14677.5,0
1.76437,3624.95,-65.9921,-18.1275,4.35704,14196.8,0
1.92808,3622.95,-64.4458,-19.1354,6.05601,14030,0
2.08965,3626.96,-58.5869,-16.1339,3.56353,11027.9,0
2.25096,3619.04,-65.079,-19.8217,8.73008,13755.3,0
2.40868,3616.86,-69.9034,-10.6339,9.29496,13759.4,0
2.56559,3621,-65.3809,-7.33233,6.18107,11304.1,0
2.72574,3618.83,-73.4661,-7.27016,6.07873,11435.1,0
2.88145,3626.79,-68.4737,-8.59323,0.172436,8053.28,0
3.03925,3619.86,-70.0322,-9.77039,5.24382,9916.78,0
3.19966,3613.51,-75.1804,-13.2768,8.91333,11405.5,0
3.35664,3614.8,-70.8004,-9.64348,7.68128,10485.3,0
3.51629,3611.56,-68.1099,-20.1596,9.53612,10933.3,0
3.67872,3611.77,-56.887,-18.665,10.5434,10393.3,0
3.84067,3606.79,-59.0681,-15.616,2.28284,11251.3,0
4.00204,3605.52,-58.474,-15.5909,3.49906,11113.2,0
4.16548,3605.81,-57.0981,-16.4989,3.39258,10609.2,0
4.32141,3606.48,-53.3078,-16.3828,3.11712,10071.4,0
4.47989,3602.6,-52.293,-15.1899,6.7461,10580,0
4.64362,3599.15,-52.6314,-7.48706,9.47794,10949.9,0
4.80667,3605.5,-50.1327,-3.53544,3.34874,9258.8,0
4.96428,3602.19,-46.8244,-7.95636,6.71741,9631.32,0
5.12544,3601.22,-47.7156,-2.8384,6.77408,9516.55,0
5.28558,3603.93,-49.4443,-9.63388,3.65211,8715.9,0
5.44678,3606.76,-43.4793,-13.7523,1.70938,7937.79,0
5.60806,3601.89,-45.5213,-19.6506,5.63849,8579.51,0
5.76807,3599.03,-48.9738,-21.6899,7.32348,8837.29,0
5.92758,3599.14,-49.7003,-16.1159,6.97686,8579.47,0
6.08476,3602.83,-42.9927,-19.6106,4.20867,7751.84,0
6.2465,3602.8,-38.2949,-18.5615,4.48259,7556.1,0
6.40658,3605.05,-37.7779,-15.8015,2.33451,7016.96,0
6.57038,3599.13,-39.7316,-15.9731,7.56765,7742.86,0
6.73186,3589.71,-39.2471,-16.8569,4.65381,8955.96,0
6.8902,3590.73,-44.2946,-22.6168,2.18241,8602.42,0
7.04842,3584.07,-49.3104,-29.9113,7.04943,9353.85,0
7.20373,3582.16,-49.0689,-31.9431,8.53047,9417.47,0
7.36272,3585.94,-46.7162,-31.3101,4.79094,8700.06,0
7.51821,3590.33,-39.6761,-19.7499,2.70033,7936.73,0
7.67771,3587.69,-33.2205,-15.9952,6.56075,8115.31,0
7.83712,3586.79,-34.6555,-13.3068,7.00974,8066.05,0
7.99652,3584.25,-36.972,-10.0168,8.64642,8221.85,0
8.15859,3582.05,-34.9518,-12.2727,10.6895,8328.98,0
8.31864,3577.25,-38.7104,-18.7781,3.04499,8744.87,0
8.48075,3570.9,-35.1038,-14.014,11.347,9326.62,0
8.64178,3564.88,-38.1067,-9.34895,6.74393,9849.5,0
8.79929,3563.97,-37.4478,-9.17672,7.32091,9776.44,0
8.95873,3566.83,-38.2987,-8.24327,2.9105,9283.27,0
9.11972,3561.07,-36.8462,-6.03975,10.4039,9750.9,0
9.27709,3568.18,-34.6554,-9.96095,0.892099,8819.69,0
9.43647,3565.08,-35.4482,-9.27287,4.42917,8999.65,0
9.59574,3564.32,-41.677,-0.674298,3.75363,8928.74,0
9.75722,3563.48,-23.4556,-0.79335,9.13437,8867.73,0
9.91555,3568.44,-25.6795,-10.5627,1.14968,8225.23,0
10.0746,3566.06,-25.9436,-12.989,4.05382,8331.89,0
10.2364,3562.74,-20.6628,-18.3504,8.17847,8524,0
10.3939,3558.25,-19.9725,-19.5507,2.2965,8827.56,0
10.5516,3558.56,-14.1653,-20.6847,2.41116,8666.41,0
10.7104,3557.21,-9.83452,-14.2701,6.10384,8663.79,0
10.8731,3548.1,-12.7016,-17.943,7.89784,9372.05,0
11.0348,3541.92,-9.5574,-18.7922,7.27981,9794.63,0
11.195,3540.81,-5.30168,-17.5383,9.95577,9753.33,0
11.3563,3537.73,2.0445,-16.4051,4.99022,9886.32,0
11.5156,3537.61,11.0066,-15.5501,4.06117,9760.08,0
11.6791,3537.75,16.752,-10.9558,2.68914,9611.22,0
11.8377,3534.86,19.1006,-19.9107,4.62751,9726.15,0
11.9964,3527.51,17.751,-17.415,8.87004,10210.4,0
12.1566,3524.13,16.2875,-13.4203,8.26644,10354.2,0
12.3168,3518.45,20.7628,-15.731,4.9994,10680.5,0
12.474,3516.23,19.8066,-12.3624,2.71473,10724.1,0
12.6346,3510.31,12.5839,-22.3591,4.97113,11055.9,0
12.7953,3507.29,15.1378,-18.7094,5.71201,11153.1,0
12.9568,3503.56,12.5566,-24.7784,8.91105,11301.8,0
13.1152,3502.57,9.13911,-25.3845,1.7114,11241.3,0
13.273,3494.69,10.1226,-17.6752,15.3452,11700.9,0
13.4335,3483.45,-3.54413,-11.7189,10.5776,12398,0
13.4945,3481.93,-1.17453,-4.4508,7.00389,12454.7,2
