0.156457,3646.92,4.32371,-50.0688,2.74186,19704.7,0
0.318689,3643.51,3.91865,-52.2596,5.0527,20373.1,0
0.482119,3648.25,4.50876,-57.1139,0.996565,3630.78,0
0.641973,3645.35,7.82689,-62.5391,2.48152,7249.35,0
0.803246,3641.16,5.29191,-58.8904,5.86899,11004,0
0.961246,3640.7,5.05169,-60.5111,5.63053,9672.98,0
1.12177,3639.13,6.32762,-67.5201,5.60813,9686.81,0
1.27817,3644.98,0.809049,-57.4332,2.25132,3926.04,0
1.43871,3640.69,-3.44299,-62.3018,4.90796,6472.34,0
1.60034,3634.86,0.807398,-65.8566,8.33327,9463.26,0
1.75908,3627.94,2.69824,-54.7593,2.38341,12541.8,0
1.91656,3625.34,-1.91189,-65.3637,3.08062,12864.9,0
2.0749,3619.58,5.44671,-69.0845,7.03387,14661.9,0
2.23727,3617.29,8.9969,-69.6685,8.16385,14621.7,0
2.39907,3617.99,1.47405,-71.4784,6.52848,13344.2,0
2.55688,3615.21,-1.50685,-74.8505,7.90426,13608.3,0
2.71747,3605.3,2.98573,-65.912,5.88566,16449.7,0
2.87862,3602.65,3.96172,-64.0443,8.11213,16447.5,0
3.035,3602.19,10.9129,-62.6353,8.23802,15752.8,0
3.1925,3600.19,7.79939,-67.6012,8.61148,15602.4,0
3.35113,3600.53,20.2166,-71.2103,6.08188,14763.4,0
3.51261,3597.94,13.801,-71.8566,8.16149,14820.2,0
3.67639,3600.57,12.5454,-68.4939,6.26214,13444.7,0
3.83658,3601.29,18.7626,-72.5346,4.18244,12695.2,0
3.997,3602.67,22.4092,-69.1048,3.42878,11842.6,0
4.15841,3600.07,24.6359,-66.478,5.92531,12006.1,0
4.31768,3598.67,24.9831,-69.1288,6.18826,11887.6,0
4.47609,3604.89,28.603,-63.6202,1.27556,10077.3,0
4.63856,3601.07,23.7085,-67.3373,4.2371,10547.8,0
4.79672,3601.09,24.5004,-59.3814,5.6181,10195.8,0
4.95901,3601.76,19.5434,-52.3738,6.11553,9727.9,0
5.11501,3605.66,16.4995,-46.4369,3.36131,8669.49,0
5.27466,3605.24,16.5554,-44.6634,3.71592,8486.48,0
5.43246,3599.64,10.9304,-48.8206,7.99858,9269.58,0
5.59122,3603.7,10.8888,-47.5721,3.7899,8281.39,0
5.75074,3603.71,14.7151,-39.5008,4.79101,8050,0
5.90826,3605.23,6.28766,-44.2381,2.87104,7577.87,0
6.06637,3606.62,3.78761,-46.9299,1.10947,7150.65,0
6.22797,3607.27,7.92418,-44.2463,0.747295,6860.87,0
6.38742,3602.72,12.8197,-46.5068,4.40694,7401.9,0
6.54498,3601.82,12.1482,-58.1286,3.21677,7361.61,0
6.70473,3602.78,3.01073,-70.5945,0.0605606,7043.3,0
6.86434,3591.8,7.04951,-66.4558,10.2875,8478.94,0
7.02528,3584.75,2.72064,-68.4355,4.36301,9287.23,0
7.18328,3584.8,0.00435295,-67.182,4.40478,9077.3,0
7.34401,3588.45,3.57604,-62.9203,1.79342,8381.13,0
7.50551,3583.69,8.89485,-70.192,4.42004,8835.15,0
7.67,3587.13,8.62263,-68.3852,1.47015,8197.31,0
7.82982,3585.31,8.5323,-56.7023,6.11073,8261.37,0
7.98992,3579.53,5.51358,-60.4851,10.2477,8820.45,0
8.14918,3583.85,11.1975,-59.9883,5.27843,8117.96,0
8.30778,3581.76,10.5295,-55.095,8.42448,8213.72,0
8.46269,3574.42,12.0409,-55.5626,3.99293,8931.45,0
8.62106,3575.05,16.0742,-62.577,0.86528,8694.31,0
8.78032,3569.98,13.6357,-64.4806,5.75077,9113.25,0
8.942,3572.48,15.5411,-71.4174,0.495993,8668.66,0
9.10036,3563.33,27.5247,-67.4538,9.92725,9523.65,0
9.2618,3558.74,22.7909,-67.4733,3.31853,9853.58,0
9.42271,3551.12,32.3192,-66.2741,10.73,10494.2,0
9.5819,3546.58,26.4591,-62.4523,7.04899,10793.3,0
9.74057,3538.82,28.2559,-69.6237,11.7526,11414.1,0
9.90327,3535.28,29.8346,-71.7971,2.3492,11583.8,0
10.0621,3523.99,26.2624,-71.3436,5.5451,12523.1,0
10.2213,3521.62,24.188,-71.1623,8.93892,12559.8,0
10.3812,3516.2,11.2298,-74.1714,4.35325,12888.7,0
10.54,3519.67,14.9629,-71.4179,1.21384,12365,0
10.7013,3522.76,14.3354,-66.0933,1.0973,11890,0
10.8631,3518.69,23.5272,-70.7775,0.767311,12087.5,0
11.0231,3517.3,14.0084,-66.5825,7.87931,12038.3,0
11.1842,3515.56,15.0644,-63.3155,0.841211,12020.3,0
11.3455,3513.1,17.446,-64.2594,2.7541,12066.6,0
11.5018,3513.11,25.4603,-57.6439,6.12282,11901.3,0
11.6601,3508.65,23.3384,-55.6373,3.95484,12122.9,0
11.8215,3511.45,24.7849,-49.0832,5.07647,11720.3,0
11.9821,3506.17,18.268,-52.7151,1.41321,12003.9,0
12.1422,3503.34,15.1371,-41.8174,10.2802,12078.5,0
12.3026,3504.54,16.9856,-34.0482,5.88204,11823.4,0
12.4617,3500.84,17.2679,-32.2595,5.43322,11969.2,0
12.6237,3498.58,10.3221,-27.013,2.50696,11994.8,0
12.7846,3497.5,2.84665,-17.5857,6.61109,11928.6,0
12.9473,3495.42,2.16624,-6.42023,5.81398,11939.3,0
12.9806,3493.41,0.916612,-2.10067,16.9256,12063.1,2
