0.158429,3643.31,-45.0106,-8.52119,0.476766,42195.8,0
0.319942,3642.83,-53.1324,8.47744,0.444939,22414.6,0
0.478286,3638.34,-53.3486,-6.57093,0.714273,24380.3,0
0.638313,3640.15,-70.005,-5.10687,0.436389,15438.1,0
0.799454,3641.43,-70.0259,-15.477,0.33979,10717.7,0
0.962061,3631.62,-77.3018,-20.3026,0.844622,19105.9,0
1.12315,3639.55,-78.2557,-12.9903,0.358095,9301.12,0
1.28615,3635.07,-76.4156,-0.642142,0.663486,11605.3,0
1.44951,3637.5,-81.6906,2.33657,0.452184,8626.32,0
1.60826,3638.45,-76.3138,14.8855,0.439831,7184.6,0
1.76819,3637.21,-78.1166,20.4817,0.482574,7234.19,0
1.92471,3644.24,-56.7604,16.8296,0.277412,2993.76,0
2.08937,3648.16,-38.3473,12.4701,0.177337,879.202,0
2.24989,3629.85,-35.6247,19.1968,1.37028,8954.84,0
2.40839,3622.81,-30.2697,21.225,1.87815,11291.2,0
2.56752,3627.06,-23.65,22.6437,1.60079,8936.06,0
2.72578,3634.91,-28.5035,21.5701,1.02995,5536.79,0
2.88534,3638.33,-30.9168,28.9626,0.75708,4043.29,0
3.04528,3643.52,-40.6745,52.152,0.228779,2129.07,0
3.19997,3643.29,-33.6795,52.5123,0.278231,2095.45,0
3.35767,3631.49,-52.8419,40.4546,0.974162,5513.51,0
3.51927,3636.37,-48.1106,50.3836,0.647317,3873.98,0
3.67868,3633.31,-39.2677,57.0177,0.839448,4536.71,0
3.83689,3631.51,-41.6492,73.5635,0.758745,4817.71,0
3.99496,3635.55,-25.9728,70.1225,0.625947,3617.49,0
4.15361,3640.55,-32.5269,71.3223,0.28039,2275.87,0
4.31646,3627.07,-15.5825,73.1712,1.14782,5313.21,0
4.47805,3631.95,-16.6368,67.4458,0.912158,4030.06,0
4.63764,3633.65,-18.2078,65.2889,0.821734,3525.9,0
4.79819,3642.29,-41.5559,57.1809,0.249924,1606.52,0
4.96171,3629.06,-45.2289,67.8743,0.934147,4219.57,0
5.12466,3636.04,-39.6994,62.9515,0.577925,2724.97,0
5.28254,3630.78,-22.978,69.6837,0.910402,3638.91,0
5.44177,3619.16,-21.8058,62.4475,1.75709,5667.31,0
5.59939,3613.31,-25.7985,62.7551,2.13593,6552.58,0
5.75692,3614.84,-24.9719,73.1512,1.86366,6107.35,0
5.91931,3623.2,-23.4183,69.3768,1.35208,4526.73,0
6.0807,3618.5,-24.5037,56.4341,1.81531,5179.76,0
6.24425,3610.84,-11.5675,62.796,2.29394,6272.04,0
6.40262,3609.06,-6.17677,64.2013,2.34762,6394.91,0
6.56186,3607.81,-2.26649,59.4102,2.49336,6429.52,0
6.72031,3606.26,2.65566,60.0649,2.59341,6509.15,0
6.88165,3605.87,-8.51152,66.0597,2.46392,6412.57,0
7.03854,3606,-7.38967,60.5861,2.47279,6251.01,0
7.19966,3613.05,-11.6298,64.6507,1.90095,5132.85,0
7.35766,3608.09,-19.9386,65.9303,2.16243,5695.84,0
7.51913,3607.37,-25.2253,65.0733,2.1653,5669.03,0
7.67788,3606.02,-25.3672,63.7999,2.31075,5728.15,0
7.83928,3598.56,-19.7704,60.4874,2.88368,6561.29,0
7.99869,3601.82,-19.0011,63.4335,2.51225,6023.29,0
8.15797,3589.49,-14.3087,66.0013,3.45714,7417.11,0
8.31817,3593,-7.11851,63.4846,3.21694,6852.11,0
8.47897,3585.96,2.41758,55.4074,3.88363,7553.13,0
8.6406,3584.85,9.33353,54.9019,3.83974,7539.64,0
8.79814,3578.42,16.7918,54.283,4.29416,8135.52,0
8.96015,3574.25,9.19716,55.1811,4.56663,8454.44,0
9.11949,3573.51,8.81175,58.3391,4.44302,8387.96,0
9.28314,3581.38,5.01619,62.6673,3.56001,7392.26,0
9.44099,3576.18,8.0935,63.5341,3.90773,7819.18,0
9.59805,3572.66,10.3019,64.0161,4.00053,8057.41,0
9.75982,3572.7,23.5159,61.015,3.92412,7920.13,0
9.91995,3573.36,18.0731,55.1355,3.99354,7725.37,0
10.0809,3568.35,18.0603,47.0763,4.61168,8099.12,0
10.2416,3565.41,18.0768,46.5582,4.67552,8259.41,0
10.4002,3573.29,25.3281,49.2944,3.70207,7375.63,0
10.5595,3572.21,27.9099,46.014,3.78707,7367.12,0
10.7205,3570.14,30.0559,43.8607,3.98812,7449.28,0
10.8797,3567.83,26.1169,48.2269,4.0015,7552.63,0
11.0399,3562.53,23.7633,46.8275,4.40412,7923.14,0
11.2003,3575.16,21.8871,34.3713,3.38214,6681.84,0
11.357,3572.52,21.73,45.2048,3.39173,6822.08,0
11.5199,3562.29,23.4609,45.8649,4.2413,7614.11,0
11.676,3567.7,24.6417,51.5846,3.50584,7049.01,0
11.837,3565.65,21.1016,43.382,3.77782,7125.67,0
12,3566.7,23.4439,62.0155,3.03968,6941.71,0
12.1566,3567.03,21.0996,65.6092,2.85864,6824.78,0
12.3168,3562.36,19.0162,69.1271,3.21247,7115.86,0
12.4774,3559.78,31.3287,65.4762,3.43538,7230.55,0
12.6362,3555.4,29.5287,64.7251,3.80414,7486.48,0
12.7981,3549.03,32.7831,60.0958,4.38006,7889.38,0
12.9578,3561.89,33.0893,51.4474,3.26807,6799.9,0
13.1158,3559.94,30.2083,51.0902,3.40346,6866.85,0
13.2752,3556.8,25.8594,47.6432,3.85221,7020.74,0
13.4347,3555.12,20.8302,41.7668,4.14682,7062.63,0
13.5929,3551.63,13.0973,37.3584,4.69151,7236.51,0
13.7524,3551.71,9.71867,44.9623,4.34881,7146.85,0
13.9159,3557.02,6.90588,42.0793,3.73372,6681.47,0
14.0766,3552.36,8.3858,41.1166,4.19291,6936.2,0
14.233,3551.57,13.6164,32.5421,4.42585,6915.62,0
14.3912,3556.36,10.2633,22.1226,4.07346,6506.45,0
14.5487,3554.41,12.7557,16.0679,4.28049,6570.63,0
14.7064,3563.41,9.29357,12.0746,3.11533,5887.91,0
14.866,3568.62,17.3154,19.5157,2.35765,5474.3,0
15.024,3577.95,11.5367,15.4312,1.44453,4795.75,0
15.1824,3584.82,23.7122,19.1148,0.639415,4292.93,0
15.3412,3580.44,34.0281,26.9554,0.841595,4534.33,0
15.5002,3587.19,34.5527,38.3353,0.102593,4052.54,0
15.6607,3583.04,33.4049,41.4237,0.421555,4275.44,0
15.8232,3572.49,41.0242,43.5598,1.20484,4898.58,0
15.9835,3582.16,53.2939,46.5005,0.118646,4244.27,0
16.1445,3582.09,37.6865,36.5963,0.516027,4206.7,0
16.3056,3578.22,31.096,27.2646,1.0693,4401.9,0
16.4707,3578.18,19.1436,20.781,1.27287,4360.52,0
16.6294,3570,19.6651,29.6642,1.98856,4810.98,0
16.79,3571.81,11.1198,31.0588,1.82684,4656.73,0
16.9484,3563.83,20.6541,22.8655,2.71556,5084.41,0
17.109,3563.6,7.49215,23.3193,2.83833,5050.24,0
17.2703,3569.43,3.42317,20.498,2.20962,4665.03,0
17.4277,3569.91,-4.76642,23.7398,2.09761,4595.8,0
17.586,3567.53,3.09836,14.3017,2.45039,4689.55,0
17.7432,3569.56,-8.6654,6.30605,2.25866,4533.37,0
17.9041,3567.18,-12.8004,4.44776,2.49395,4625.96,0
18.0655,3569.12,-12.7606,5.27177,2.27816,4476.78,0
18.2264,3562.37,-21.9041,2.74329,2.94702,4807.83,0
18.3831,3563.83,-35.7468,7.30451,2.48864,4687.5,0
18.5425,3562.96,-34.9967,9.92776,2.55205,4693.93,0
18.702,3563.89,-31.1791,7.26482,2.52324,4604.33,0
18.861,3561.14,-34.4797,18.0362,2.63711,4711.07,0
19.0234,3564.58,-39.0325,12.8234,2.18792,4490.17,0
19.1825,3565.31,-34.3524,23.703,2.1199,4415.16,0
19.3415,3566.94,-24.9228,26.655,2.05725,4294.43,0
19.5008,3563.34,-19.1704,25.7946,2.53217,4443.76,0
19.6619,3559.86,-17.492,29.0926,2.8622,4584.71,0
19.8221,3564.32,-19.8496,31.333,2.27171,4322.32,0
19.9855,3563.43,-22.7911,33.8799,2.24052,4331.81,0
20.1424,3569.44,-17.3716,32.4656,1.69682,3999.66,0
20.3035,3583.38,-25.8707,41.2863,0.15428,3281.14,0
20.463,3581.04,-25.2185,43.3739,0.331127,3369.92,0
20.623,3563.93,-19.2895,38.7232,2.13985,4173.3,0
20.7826,3560.91,-22.734,33.0464,2.53414,4286.95,0
20.9444,3547.7,-22.3459,32.5484,4.04694,4884.43,0
21.1014,3551.69,-22.1164,27.1728,3.55354,4658.98,0
21.258,3545.32,-21.0139,32.7459,4.17074,4924.29,0
21.4166,3542.27,-19.2306,30.7334,4.59775,5030,0
21.5787,3548.35,-18.9084,32.8255,3.64391,4710.48,0
21.7397,3541.67,-23.6228,29.6531,4.37956,4983.2,0
21.8935,3538.96,-27.245,32.7282,4.30863,5071.65,0
22.0555,3528.71,-25.3341,16.9686,6.31583,5499.28,0
22.2173,3528.04,-23.3499,13.9204,6.38948,5489.29,0
22.3744,3528.18,-26.3722,15.116,5.65679,5444.49,0
22.5332,3531.23,-29.0966,16.8934,4.7626,5270.78,0
22.6959,3538.12,-25.4867,23.6813,3.51413,4929.65,0
22.857,3539.24,-21.2933,18.5176,3.56988,4845.65,0
23.0176,3539.83,-24.0063,17.3594,3.33672,4786.24,0
23.1793,3542.45,-23.205,14.7433,2.92237,4639.75,0
23.34,3536.09,-23.0415,14.2451,3.86597,4880.55,0
23.5035,3537.66,-22.1417,22.4776,3.31672,4779.65,0
23.6647,3543.9,-14.0439,23.5439,2.51401,4483.29,0
23.8218,3550.2,-19.3049,26.3313,1.45323,4189.31,0
23.9775,3547.56,-16.8714,34.4043,1.6177,4272.21,0
24.137,3538.17,-24.0822,32.5174,2.76737,4633.01,0
24.297,3540.03,-29.3602,34.7103,2.21714,4525.88,0
24.4554,3533.98,-24.4806,44.4076,2.74228,4744.29,0
24.6167,3545.56,-19.1539,40.8971,1.53955,4242.48,0
24.7787,3538.17,-12.2111,44.0189,2.44076,4513.18,0
24.9404,3533.18,-11.1713,49.4054,2.82758,4683.82,0
25.1005,3538.63,-17.2267,55.9745,1.74586,4436.98,0
25.2586,3536.85,-17.9818,44.1381,2.5056,4479.8,0
25.4187,3540.43,-20.3352,36.1427,2.32844,4310.58,0
25.5766,3543.04,-23.3913,46.4168,1.47862,4181.87,0
25.7365,3530.81,-24.9902,42.9014,3.0733,4631.31,0
25.8971,3531.32,-15.5156,45.3488,3.06852,4582.76,0
26.0555,3528.87,-15.0459,41.4057,3.60358,4648.96,0
26.2158,3528.63,-20.8683,50.9341,2.89989,4629.52,0
26.3779,3533.59,-19.9604,54.8563,2.05328,4413.36,0
26.536,3531.06,-13.4415,62.012,2.07656,4482.37,0
26.6964,3537.61,-13.5175,62.4187,1.31668,4209.76,0
26.8559,3541.44,-40.2552,65.2289,0.311274,4042.26,0
27.015,3523.42,-47.4752,76.1222,1.37861,4685.37,0
27.1731,3516.92,-54.1999,67.9381,2.15043,4897.62,0
27.3334,3521.91,-51.679,66.1436,1.85451,4686.31,0
27.4928,3515.56,-45.4053,58.9485,3.09995,4889.9,0
27.6536,3512.09,-49.2467,56.1593,3.47012,4986.94,0
27.8123,3508.53,-44.8498,55.4961,4.08841,5086.58,0
27.973,3514.89,-47.151,57.8131,3.08643,4829.89,0
28.1316,3513.84,-48.5144,58.0643,3.04159,4840.18,0
28.292,3516.04,-40.4428,54.2129,3.3202,4734.99,0
28.4522,3515.67,-40.2087,47.8976,3.72323,4721.2,0
28.6119,3519.27,-40.8091,39.89,3.5323,4569.2,0
28.7678,3515.69,-35.2206,44.9953,3.92151,4668.7,0
28.9278,3522.88,-39.5075,51.5334,2.37383,4394.32,0
29.0854,3522.65,-36.179,52.645,2.43645,4378.5,0
29.245,3518.22,-43.6187,54.263,2.54218,4506.13,0
29.4034,3514.48,-38.1919,48.5491,3.5628,4609,0
29.5599,3508.72,-37.8139,52.6014,3.9961,4779.54,0
29.7184,3503.4,-39.0952,56.5712,4.30581,4932.94,0
29.8783,3503.65,-32.4128,58.0084,4.39746,4898.3,0
30.0375,3501.71,-41.9154,68.4551,3.33392,4936.91,0
30.1959,3502.65,-35.238,73.2487,3.10305,4879.84,0
30.359,3502.08,-40.7812,66.0902,3.37587,4872.21,0
30.5189,3490.36,-37.3026,65.8452,4.77786,5230.76,0
30.6786,3497.98,-34.9184,62.2143,4.16192,4955.12,0
30.838,3503.04,-40.6112,55.3933,3.75507,4765.47,0
30.9981,3516.73,-39.3621,59.1411,1.93691,4299.2,0
31.1583,3527.7,-40.755,62.79,0.490036,3925.25,0
31.3189,3531.11,-35.5272,50.5165,0.85756,3796.1,0
31.4792,3521.66,-28.5196,47.422,2.4391,4077.04,0
31.6401,3524.36,-22.5647,47.267,2.23397,3970.82,0
31.7979,3529.55,-26.6713,52.1232,1.21084,3788.09,0
31.957,3524.8,-24.1872,45.1402,2.26914,3917.74,0
32.1207,3530,-11.1494,56.1926,1.17668,3735.81,0
32.2815,3527.24,-3.64327,47.9019,2.09831,3802.71,0
32.4426,3529.74,-8.64181,53.9999,1.3413,3706.9,0
32.6014,3526.72,-11.4916,49.8797,1.94355,3781.39,0
32.7588,3530.48,-11.8632,45.4741,1.67753,3648.48,0
32.9206,3538.86,-18.9322,39.0784,0.716185,3376.07,0
33.0789,3541.16,-11.0844,49.8646,0.0669329,3290.23,0
33.2392,3530.07,-13.1533,45.7087,1.67563,3608.23,0
33.3981,3527.8,-17.011,52.6971,1.47691,3658.89,0
33.5563,3520.74,-18.1145,48.0966,2.68227,3852.12,0
33.7167,3517.2,-18.0363,53.3138,2.71961,3938.56,0
33.8778,3523.29,-17.7961,59.529,1.49354,3740.33,0
34.0399,3529.5,-20.8328,57.7952,0.801873,3539.83,0
34.2001,3523.73,-20.4219,68.3688,0.872571,3692.11,0
34.36,3518.03,-20.4246,73.3272,1.18792,3840.9,0
34.5168,3516.04,-19.7495,74.8963,1.31819,3880.88,0
34.6727,3517.69,-26.5637,76.3751,0.934726,3816.09,0
34.8323,3506.83,-20.9783,86.6307,1.47482,4110.36,0
34.9917,3507.4,-19.2417,94.0296,0.963612,4075.38,0
35.0026,3509.38,-20.3125,97.9422,0.525328,4017.3,0
