0.159157,3642.65,-19.8222,15.1679,0.467752,46204,0
0.318488,3632.93,-31.6148,8.38672,1.06481,53588.5,0
0.479464,3630.09,-35.0102,12.5811,1.2218,41515.4,0
0.640084,3625.58,-37.0912,22.0572,1.47031,38150.6,0
0.801445,3633.35,-45.6389,23.9023,0.879405,20772.8,0
0.962333,3637.36,-36.3837,30.1746,0.659385,13132.7,0
1.11869,3642.2,-44.4552,38.4627,0.262244,6968.86,0
1.2752,3622.17,-52.428,47.779,1.40213,21822.5,0
1.43209,3618.32,-58.8299,56.2692,1.47803,22123.5,0
1.59017,3617.32,-54.889,62.3195,1.50314,20553.3,0
1.74892,3616.8,-63.0069,59.162,1.48656,18983.3,0
1.90856,3626.49,-73.3808,51.6899,0.833241,12320.1,0
2.06765,3636.99,-55.6793,57.3426,0.307167,6289.93,0
2.22438,3636.53,-36.6756,61.8502,0.426383,6056.43,0
2.38345,3638.57,-32.056,61.41,0.329589,4796.68,0
2.54385,3640.34,-42.4002,55.0011,0.21377,3799,0
2.70034,3626.1,-47.5193,54.9084,1.06456,8851.13,0
2.86191,3617.79,-58.1706,60.3327,1.43341,11253.1,0
3.02289,3619.43,-61.5214,66.7525,1.21894,10111.7,0
3.17925,3618.52,-69.2619,62.8748,1.23952,9902.17,0
3.33775,3618.13,-67.8484,56.8,1.34335,9548.73,0
3.49481,3628.31,-62.0879,58.2229,0.758122,6205.87,0
3.65616,3628.71,-58.9908,63.1115,0.70729,5822.4,0
3.8172,3612.15,-69.3784,67.8831,1.57739,9914.46,0
3.85861,3605.46,-69.3436,72.1079,1.96004,11543.8,0
