0.158436,3635.76,-32.3864,80.8244,0.707455,89909.9,0
0.322797,3638.17,-40.0091,68.2946,0.649869,36644.4,0
0.481116,3628.62,-38.5268,71.8577,1.18472,44444.6,0
0.643737,3625.68,-29.5314,73.4645,1.38995,37783.5,0
0.806752,3631.75,-46.2635,69.5151,0.934916,22619.6,0
0.967533,3632.16,-44.8524,68.0207,0.939784,18434.2,0
1.1253,3627.35,-60.8478,62.2393,1.1564,20126.9,0
1.28487,3636.39,-52.0078,55.9314,0.720294,10592.3,0
1.44446,3643.02,-42.4715,62.0586,0.329471,4829.81,0
1.60352,3638.87,-33.1652,78.3969,0.462096,6942.4,0
1.7644,3635.09,-21.7641,83.7159,0.668251,8450.24,0
1.92568,3628.65,-27.4021,94.3994,0.883862,11085.8,0
2.01722,3628.96,-27.1321,96.2612,0.834404,10427.9,0
