0.159323,3648.54,-2.72019,-6.60462,0.109403,9183.4,0
0.318294,3647.23,10.4489,-5.21134,0.18456,8693.7,0
0.478332,3645.11,34.8173,10.8481,0.222049,10221.2,0
0.63605,3630.1,24.8688,8.33175,1.26539,31292.9,0
0.794895,3630.4,26.9499,-0.150155,1.23061,24656.1,0
0.958485,3621.75,22.3954,-1.98612,1.86383,29474.4,0
1.11723,3631.57,26.7963,-3.36346,1.15075,16500.4,0
1.27733,3634.86,24.9032,6.6082,0.917621,11851.8,0
1.43666,3636.29,34.3268,5.73357,0.772678,9543.87,0
1.59451,3644.38,21.2706,19.5506,0.280622,3525.56,0
1.75412,3634.71,19.2515,21.7835,0.905459,8713.93,0
1.91025,3632.07,12.194,23.1809,1.10516,9388.06,0
2.07418,3627.3,14.4172,17.2927,1.44376,10945.3,0
2.23233,3622.01,11.7233,17.5539,1.81811,12539.7,0
2.39293,3626.16,2.43272,31.5697,1.44906,9961.01,0
2.55347,3617.72,-2.12896,31.9065,2.02502,12639.9,0
2.7151,3604.75,5.10626,26.0208,2.99635,16666.2,0
2.87384,3607.14,12.1212,24.728,2.76167,14915.3,0
3.0319,3606.05,13.4027,33.1674,2.72151,14496.5,0
3.19239,3611.79,19.8105,27.3,2.31456,11969.3,0
3.35347,3613.21,21.7915,14.3809,2.2287,10971.5,0
3.51319,3618.37,23.9016,13.2689,1.80921,9002.3,0
3.6716,3613.79,28.2969,13.9753,2.1368,9861.93,0
3.83434,3615.53,28.5124,17.9392,1.98044,8989.17,0
3.99674,3616.27,40.6025,16.0211,1.87631,8439.41,0
4.15361,3620.1,41.3638,9.89428,1.62494,7197.56,0
4.3139,3614.39,42.2736,8.43746,2.04418,8255.71,0
4.47217,3614.76,46.8906,6.1053,1.90309,7878.86,0
4.63129,3618.84,49.56,10.0375,1.58759,6728.59,0
4.78964,3623.74,53.3773,6.47591,1.21335,5481.81,0
4.94968,3628.88,59.0581,-1.25248,0.805003,4266.01,0
5.11019,3626.33,73.7214,2.6203,0.800166,4632.25,0
5.26845,3631.49,81.8323,8.52697,0.367906,3513.47,0
5.42768,3626.13,96.3747,9.86868,0.492889,4397.14,0
5.48983,3624.7,99.7382,7.63489,0.532302,4609.02,0
