0.160104,3645.5,2.54394,-8.3108,0.304458,28134.6,0
0.320076,3643.65,-1.24072,-11.589,0.419242,19835.4,0
0.476109,3638.48,0.619511,-7.98076,0.76553,24204.9,0
0.636844,3638.14,-10.7886,-17.5716,0.75587,18622.8,0
0.791542,3646.22,1.51727,-8.29768,0.260402,4776.62,0
0.952758,3641.04,-6.4618,-9.93376,0.591859,9402.61,0
1.11485,3647.31,3.66902,1.52236,0.203562,2408.88,0
1.27757,3636.06,-1.02851,-3.45363,0.940287,10907.5,0
1.43723,3632.11,-5.52689,-14.7361,1.17795,12448.1,0
1.59382,3625.9,-15.8844,-15.457,1.59482,15119.2,0
1.75696,3619.22,-3.60561,-21.9657,2.06169,17518.2,0
1.91629,3613.73,-14.6214,-25.5814,2.4395,18924.6,0
2.07333,3612.42,-11.1844,-25.8801,2.51691,18127.2,0
2.23475,3612.37,-11.3914,-20.0257,2.50258,16836.5,0
2.3962,3617.69,-19.5828,-20.4312,1.99996,13482.3,0
2.55802,3616.07,-13.4459,-21.7426,2.13537,13262.4,0
2.71614,3607.37,-21.4741,-22.5291,2.72584,15693.5,0
2.87515,3602.96,-19.0121,-23.7322,3.01132,16361.5,0
3.03924,3598.74,-16.9221,-28.3596,3.29647,16865.8,0
3.20273,3605.83,-14.795,-23.8925,2.73959,13790.6,0
3.36089,3610.1,-25.442,-24.2721,2.29183,11871.5,0
3.52126,3612.46,-17.2371,-15.5985,2.17459,10660.5,0
3.67841,3606.33,-23.135,-21.3877,2.56026,11872.8,0
3.83769,3604.49,-22.433,-16.3155,2.72278,11859.3,0
3.99839,3605.83,-18.034,-24.1139,2.57336,11047.8,0
4.15704,3600.12,-14.9701,-19.3513,3.04924,11999,0
4.31776,3601.26,-11.3534,-19.0759,2.93408,11288.7,0
4.47775,3600.01,-9.97457,-14.3835,2.95496,11163.2,0
4.63704,3604.04,-13.7183,-7.17861,2.60039,9911.68,0
4.79831,3604.89,-18.6789,-6.81681,2.48098,9400.65,0
4.95549,3606.41,-13.9154,-10.898,2.33931,8796.55,0
5.11584,3606.37,-15.0666,-14.3315,2.28786,8528.99,0
5.27505,3605.12,-22.2223,-10.8889,2.36462,8507.47,0
5.4325,3609.75,-23.8651,-13.2116,1.95744,7409.87,0
5.59204,3609.07,-28.3807,-9.30988,1.95932,7318.52,0
5.75104,3594.49,-37.4193,-5.59055,3.00558,9652.28,0
5.91103,3598.34,-47.3934,-7.37001,2.54443,8739.05,0
6.06842,3600.1,-52.1397,-3.04189,2.31541,8223.27,0
6.22666,3590.85,-41.5579,-0.747367,3.19629,9500.19,0
6.38697,3590.7,-46.9334,-2.73659,3.03449,9284.11,0
6.54717,3596.22,-39.8332,11.0789,2.64633,8214.52,0
6.70947,3590.18,-36.938,14.0751,3.10159,8915.57,0
6.86978,3586.55,-35.0109,18.0594,3.37192,9235.44,0
7.02797,3588.63,-39.8148,15.9091,3.11875,8732.17,0
7.18871,3585.85,-46.8084,23.0082,3.09559,8923.92,0
7.34684,3582.09,-48.0627,21.1036,3.37092,9243.09,0
7.5073,3581.82,-47.0957,20.353,3.33707,9081.35,0
7.67056,3583.58,-43.5651,15.0704,3.19809,8658.85,0
7.83069,3589.22,-38.4837,19.7278,2.66755,7761.79,0
7.9905,3579.38,-36.6716,11.6785,3.54833,8837.42,0
8.14919,3570.57,-34.0734,9.20912,4.33884,9746.4,0
8.30859,3569.67,-33.2794,6.33883,4.29939,9668.55,0
8.46944,3563.67,-36.2464,5.838,4.74792,10192.7,0
8.62727,3554.04,-38.2387,3.07783,5.55243,11123.1,0
8.78652,3555.17,-40.2483,-10.9987,5.04046,10792.4,0
8.94744,3552.74,-44.3846,-17.4693,4.93036,10870,0
9.11067,3549.48,-50.8339,-13.9686,4.94638,11033,0
9.27411,3545.95,-44.4115,-16.7677,5.40067,11219.3,0
9.43025,3543.91,-46.4062,-18.6772,5.13302,11250.3,0
9.58813,3546.87,-46.9099,-13.1451,4.61944,10756.3,0
9.74596,3555.84,-47.7194,-21.9443,3.30128,9661.47,0
9.90568,3560.23,-42.6392,-7.13178,3.02198,9062.91,0
10.0654,3560.06,-38.2235,-7.74307,3.0876,8935.52,0
10.2283,3559.27,-44.7557,-1.47327,2.99472,8870.07,0
10.3893,3567.44,-41.4927,-4.37567,2.18917,7946.28,0
10.5527,3559.77,-50.6102,-4.55782,2.70424,8550.44,0
10.7109,3552.62,-48.525,-2.75486,3.52349,9091.45,0
10.8664,3552.24,-46.033,-10.3562,3.51772,8996.72,0
11.0246,3562.06,-49.8149,-7.03634,2.31749,7976.8,0
11.1863,3554.68,-60.0114,-12.1848,2.66103,8521.24,0
11.3472,3555.24,-67.1285,-12.6956,2.32937,8350.9,0
11.5059,3560.59,-64.6886,-8.93724,1.90959,7770.64,0
11.6684,3569.17,-64.5891,-4.293,1.12889,6926.88,0
11.8279,3580.38,-48.164,-15.5354,0.461332,5885.77,0
11.985,3583.78,-33.3817,-15.5398,0.393641,5524.85,0
12.1447,3584.29,-26.0095,-4.40551,0.472943,5410.4,0
12.3039,3579.33,-13.7036,-7.65686,1.0595,5743.5,0
12.4613,3582.38,-7.86802,-5.28148,0.781929,5426.44,0
12.6216,3577.72,-10.613,-3.77496,1.24989,5727.03,0
12.779,3576.93,-5.58487,-3.11686,1.36155,5718.09,0
12.9381,3570.64,1.85842,-5.73798,2.04216,6133.88,0
13.0983,3567.33,-7.86656,-11.5612,2.36124,6311.7,0
13.2587,3560.32,-6.59416,-8.4111,3.20603,6763.93,0
13.4162,3560.1,-10.2366,-5.21215,3.20827,6700.5,0
13.5765,3559.34,-13.5985,-8.33302,3.16089,6677.4,0
13.738,3561.45,-10.1036,-3.28133,2.92337,6445.78,0
13.897,3568.86,-1.95638,-3.20022,2.04849,5838.98,0
14.0543,3566.07,3.24594,0.495615,2.37239,5972.14,0
14.2113,3569.17,9.72569,-8.49845,1.98336,5688.08,0
14.3728,3570.38,5.97211,-5.82243,1.892,5539.51,0
14.5315,3577.43,1.80568,-1.84382,1.09619,4993.8,0
14.6914,3573.81,5.47095,4.20934,1.4747,5185.76,0
14.8481,3574.73,6.05372,13.2416,1.30243,5069.3,0
15.0138,3566.15,4.11289,9.2583,2.29391,5585.2,0
15.1767,3566.19,9.71618,-4.90408,2.25065,5522.04,0
15.3365,3569.21,15.596,1.62376,1.84395,5267.82,0
15.4968,3574.1,10.7986,-2.92518,1.34493,4897.52,0
15.6586,3561.53,9.07406,-4.24618,2.75483,5650.1,0
15.8185,3557.69,7.29994,-3.32379,3.20249,5835.58,0
15.9758,3551.4,4.09823,-2.42416,4.00156,6171.55,0
16.1378,3549.65,2.70499,-2.23361,4.09279,6218.37,0
16.2972,3541,3.36413,-3.76412,5.3357,6688.22,0
16.4577,3540.49,14.0505,-8.33923,4.92571,6654.24,0
16.6181,3536.04,10.2032,-12.0655,5.53179,6857.71,0
16.7765,3540.29,10.2061,-10.3187,4.58018,6539.63,0
16.9371,3546.35,10.7659,0.743713,3.53945,6119.86,0
17.0938,3553.05,13.7565,1.51063,2.51798,5671.75,0
17.2533,3549.62,9.62876,-3.83422,2.99833,5817.99,0
17.4118,3550.62,6.25832,-11.3927,2.70394,5707.58,0
17.5724,3548.69,13.1679,-11.299,2.94588,5765.39,0
17.7325,3535.2,11.9217,-10.971,5.04995,6474.22,0
17.8946,3540.24,8.44047,-15.1137,3.82899,6133.46,0
18.054,3539.33,8.67972,-15.1863,3.92347,6129.83,0
18.2172,3543.83,11.9886,-18.9195,3.05414,5828.19,0
18.3794,3541.11,5.94494,-27.2832,3.25195,5924.39,0
18.5385,3547.9,-2.59338,-31.1714,2.14908,5507.5,0
18.6966,3547.25,-3.38908,-36.1315,2.02353,5495.51,0
18.8598,3545.03,-7.36875,-30.5244,2.49928,5565.68,0
19.0221,3536.52,-1.50882,-35.486,3.50566,5965.91,0
19.1815,3533.9,-8.1673,-32.6997,3.9097,6052.83,0
19.3396,3534.96,-0.571158,-30.5211,3.70966,5948.38,0
19.4983,3542.9,0.878694,-31.8048,2.3714,5492.55,0
19.6634,3545.56,-1.82688,-35.4955,1.83909,5311.65,0
19.8241,3538.77,-3.49198,-39.1709,2.53404,5610.73,0
19.9872,3533.91,9.56987,-43.0581,2.94886,5808.07,0
20.1485,3537.26,16.0942,-53.9113,1.82752,5595.69,0
20.3073,3545.15,20.4216,-47.3077,1.10334,5163.36,0
20.4656,3543.43,22.7573,-47.75,1.24678,5207.16,0
20.6264,3534.72,25.2462,-49.0529,2.16966,5588.89,0
20.7868,3534.58,21.1703,-44.0814,2.51512,5552.42,0
20.9455,3529.61,21.9151,-47.9654,2.91731,5748.01,0
21.1034,3528.82,22.4963,-49.025,2.83898,5742.06,0
21.266,3527.75,25.3171,-40.9897,3.30039,5748.69,0
21.4265,3523.24,22.7734,-39.1737,4.07654,5915.84,0
21.5839,3528.26,21.5227,-39.4809,3.29171,5640.43,0
21.743,3538.99,15.223,-41.3757,1.81188,5105.36,0
21.9027,3545.95,17.1528,-36.4807,1.06513,4750.59,0
22.0639,3541.38,23.2056,-44.3726,1.20786,4923.04,0
22.2275,3550.23,5.4966,-35.8821,0.655997,4488.47,0
22.3902,3544.5,19.7275,-53.858,0.523939,4711.96,0
22.5519,3541.15,22.7457,-59.3547,0.610979,4826.67,0
22.7121,3532.9,19.6571,-58.1318,1.65882,5155.92,0
22.8739,3529.23,13.4957,-54.2009,2.42202,5279.96,0
23.0338,3530.53,18.6678,-45.5686,2.60759,5186.64,0
23.1912,3525.55,25.4796,-51.2278,2.7112,5366.33,0
23.3529,3534.67,10.6203,-57.5259,1.53184,4938.69,0
23.5134,3535.98,18.7179,-57.7623,1.2498,4849.31,0
23.6727,3532.36,14.5949,-53.932,1.89708,4969.48,0
23.8327,3546.64,9.38323,-45.2002,0.599702,4336.93,0
23.993,3542.45,7.83728,-45.7621,1.11326,4482.49,0
24.1509,3544.58,6.95655,-50.8,0.651299,4364.96,0
24.3098,3540.83,9.0442,-63.3318,0.500912,4490.76,0
24.4691,3533.15,12.9947,-46.7999,2.18582,4775.55,0
24.6269,3538.2,7.52285,-47.1879,1.56164,4539.85,0
24.7878,3544.26,12.2251,-41.7925,0.963906,4265.81,0
24.9478,3540.89,16.8844,-49.8777,0.973453,4373.55,0
25.1048,3542.59,14.6914,-38.0054,1.26834,4278.55,0
25.2663,3551.78,12.5208,-29.8698,0.356366,3887.23,0
25.425,3551.33,13.4362,-14.2637,0.745511,3880.8,0
25.5812,3550.69,5.72309,11.1469,0.956438,3882.05,0
25.7416,3547.03,7.76123,12.2563,1.46841,4000.16,0
25.9029,3543.6,18.955,12.7067,1.76286,4107.82,0
26.0624,3542.48,17.7262,12.5864,1.9414,4125.3,0
26.2236,3534.79,25.4567,15.4539,2.81369,4393.22,0
26.3853,3529.53,15.089,14.3815,4.08469,4565.68,0
26.5467,3524.07,17.6954,13.9576,4.94292,4743.53,0
26.7092,3516.92,17.5838,14.3096,6.29147,4982.47,0
26.8693,3519.87,24.1806,18.9054,4.70574,4843.22,0
27.0304,3519.98,23.87,14.2175,4.74408,4810.02,0
27.1908,3529.54,33.2762,17.639,2.18754,4430.32,0
27.347,3538.67,36.1459,15.8228,0.721521,4070.93,0
27.5073,3539.56,35.6487,14.1033,0.653388,4014.79,0
27.6698,3534.81,26.2612,22.2086,1.54158,4163.03,0
27.8311,3532.89,26.7539,27.6999,1.57132,4207.97,0
27.9917,3528.03,23.9892,24.0355,2.61227,4357.39,0
28.1516,3523.02,17.1059,27.2964,3.54266,4510.48,0
28.3113,3521.66,23.479,16.4201,4.00322,4533.3,0
28.4722,3517.7,18.683,15.7715,5.13607,4646.78,0
28.6345,3510.54,28.0108,10.9792,5.86312,4870.41,0
28.792,3508.42,28.1278,12.9578,5.76079,4917.37,0
28.953,3502.74,24.8936,10.7088,7.45707,5086.17,0
29.1125,3498.73,24.353,11.1508,7.78213,5196.12,0
29.2748,3499.2,24.3908,6.87257,7.54068,5151.22,0
29.4328,3501.31,20.2171,6.93795,7.47835,5051.71,0
29.5924,3508.11,19.3007,3.14747,5.35577,4794.94,0
29.7525,3503.14,7.55258,8.70906,8.93076,4935.97,0
29.9115,3504.22,8.92436,9.93521,7.09658,4873.81,0
30.0713,3498.79,6.15543,9.21723,9.75623,5028.22,0
30.2292,3496.87,3.97817,14.0731,7.96572,5065.49,0
30.3885,3499.17,0.692386,16.0625,5.9184,4963.24,0
30.5494,3493.7,-0.655892,14.86,7.90946,5116.14,0
30.7096,3498.52,-6.90691,13.9546,4.92929,4932.58,0
30.8675,3501.37,-7.93247,14.9087,3.2289,4815.18,0
31.0286,3503.54,-2.15782,7.81948,5.31233,4720.05,0
31.1864,3502.73,-3.6695,23.172,0.925749,4722.33,0
31.3451,3499.56,-0.815213,24.8689,1.52163,4799.45,0
31.5093,3499.65,-0.211961,19.0281,3.03231,4771.65,0
31.6689,3500.85,-7.99836,19.0935,2.11962,4709.63,0
31.8289,3503.28,-1.38397,21.6441,1.12393,4609.79,0
31.9907,3493.31,6.70296,24.244,3.09727,4898.1,0
32.1509,3495.18,13.0661,22.4302,2.33887,4815.35,0
32.3135,3497.77,23.2774,22.6841,0.260364,4711.17,0
32.4721,3496.49,24.3856,21.4336,0.556347,4727.58,0
32.6306,3489.42,21.497,25.3642,1.93079,4921.21,0
32.793,3490.51,17.1287,31.4112,1.12665,4863.64,0
32.9503,3496.43,7.93055,30.9737,0.639618,4660.79,0
33.1135,3494.58,11.6342,23.1744,2.4939,4693.51,0
33.2727,3500.41,16.4032,19.6513,0.90466,4495.97,0
33.4339,3505.64,5.12694,19.0343,0.64253,4317.66,0
33.5965,3496.06,-3.71999,18.1699,4.15439,4582.07,0
33.7543,3495.03,-4.08093,14.51,5.55004,4591.23,0
33.9122,3495.82,1.42851,19.807,3.31785,4546.52,0
34.0758,3484.74,6.03897,23.3164,4.90291,4849.68,0
34.2322,3478.32,-0.519626,22.9275,6.57273,5015.18,0
34.3873,3482.08,-0.741274,25.9623,3.99705,4883.09,0
34.5466,3484.08,8.01689,24.9562,3.27507,4802.68,0
34.7026,3485.77,12.833,23.8709,2.51275,4732.4,0
34.8647,3480.65,10.7354,26.8066,3.08148,4857.25,0
35.0209,3478.67,20.1749,21.182,3.34768,4892.1,0
35.1794,3473.27,11.8021,26.3232,4.60641,5023.82,0
35.3402,3470.18,11.5572,21.2117,6.80123,5088.19,0
35.497,3473.8,8.91222,22.1136,5.75878,4963.89,0
35.6593,3473.18,15.4665,19.6207,5.12431,4958.46,0
35.8192,3471.81,8.57872,18.3425,7.05839,4974.81,0
35.9794,3469.96,8.78726,22.3528,5.10935,5003.91,0
36.1421,3468.1,14.7916,22.3045,4.0563,5032.98,0
36.3036,3472.91,18.4982,22.1723,2.18595,4878.12,0
36.4647,3474.24,14.4482,17.4739,4.27828,4819.92,0
36.6258,3479.06,2.09254,24.9455,2.09795,4667.13,0
36.7869,3470.92,16.6944,26.4283,1.67263,4868.13,0
36.945,3474.94,21.8523,21.396,1.0526,4738.41,0
37.1062,3473.28,10.4153,27.3971,1.82619,4762.68,0
37.2647,3470.55,19.0563,21.3532,2.57691,4815.49,0
37.4264,3464.02,24.2315,16.6463,3.40729,4969.12,0
37.5885,3459.11,21.5159,15.9953,5.25285,5078.36,0
37.7535,3461.27,19.7242,19.6163,4.25933,4998.89,0
37.9134,3462.51,15.1258,19.5484,5.16177,4945.31,0
38.0742,3458.14,23.8042,19.1274,3.52727,5039.04,0
38.2356,3455.06,16.9689,18.2472,6.36951,5098.39,0
38.3945,3454.64,15.4043,19.4077,6.11387,5088.1,0
38.5556,3458.23,12.2461,15.2432,8.04596,4973.91,0
38.7131,3457.22,15.1635,18.2378,5.52498,4979.69,0
38.8748,3456.01,21.9436,16.143,3.84444,4990.04,0
39.0321,3464.85,18.9054,17.5665,2.60226,4743.64,0
39.1911,3469.05,20.7573,17.0218,1.23484,4617.14,0
39.3481,3458.71,20.259,5.99269,6.04183,4861.59,0
39.5046,3457.26,23.9021,16.9664,2.33957,4879.03,0
39.5506,3449.98,25.7678,20.9057,2.14858,5057.39,0
