0.15992,3645.17,5.37537,-11.5381,0.321973,30177.2,0
0.320447,3643.99,20.4983,-19.7275,0.335157,18768.2,0
0.481173,3639.03,30.641,-25.1376,0.594381,22793.8,0
0.64278,3647.5,17.9544,-26.3353,0.104551,3888.32,0
0.804832,3637.49,4.97159,-22.2623,0.786933,15549.4,0
0.964206,3641.08,5.86453,-25.7789,0.537614,9248.57,0
1.12424,3646.12,5.31943,-17.3164,0.246719,3452.82,0
1.28206,3634.1,-5.12918,-31.2755,0.963653,12398.8,0
1.43833,3614.37,-12.3605,-27.5379,2.37556,24773.1,0
1.59956,3615.86,-14.1174,-21.9046,2.30302,21345.6,0
1.75911,3616.94,-6.73576,-24.7042,2.19117,18795,0
1.92452,3623.17,-10.7745,-38.0095,1.64023,13939,0
2.0863,3636.78,-3.57835,-41.2559,0.70139,6337.54,0
2.24945,3638.63,1.34709,-37.2577,0.609802,5056.46,0
2.4101,3636.73,-5.33115,-22.1865,0.808557,5507.44,0
2.56982,3644.3,-5.22285,-14.1318,0.336447,2217.55,0
2.73214,3633.06,1.46318,-9.02557,1.08967,6201.97,0
2.89174,3642.16,-19.068,-26.4955,0.400075,2711.17,0
3.05006,3634.5,-14.1288,-29.2808,0.902332,5081.12,0
3.21422,3628.48,3.52809,-32.7208,1.31996,6696.34,0
3.37596,3641.79,-2.56356,-20.0987,0.497255,2432.21,0
3.53588,3633.5,11.4552,-20.3935,1.03283,4666.46,0
3.69172,3637.94,8.72899,-22.7712,0.73075,3265.76,0
3.8503,3625.52,14.0298,-28.9026,1.52748,6358.24,0
4.00725,3625.25,9.5471,-16.6162,1.60642,6176.59,0
4.16666,3622.66,12.1243,-15.257,1.76123,6561.56,0
4.32998,3630.9,13.6509,-7.46756,1.20515,4410.02,0
4.49345,3620.53,13.3844,8.26934,1.91956,6558.94,0
4.65443,3615.71,17.0433,3.52251,2.20856,7367.18,0
4.81532,3612.75,14.8981,0.335589,2.43727,7736.09,0
4.97627,3606.21,0.271134,4.86326,2.9762,8799.52,0
5.13399,3602.86,-6.09407,9.67226,3.19007,9181.97,0
5.29144,3601.09,-4.33812,7.55802,3.27932,9242.32,0
5.44842,3604.91,5.80221,6.8315,2.93161,8275.98,0
5.60641,3598.9,13.2116,9.13114,3.37406,9114.44,0
5.76789,3599.81,5.1107,3.08046,3.27891,8701.05,0
5.92617,3596.5,-0.609369,2.49814,3.48739,9027.78,0
6.08591,3611.56,0.800811,4.8902,2.18946,6315.51,0
6.24407,3608.07,3.01367,1.95744,2.47176,6715.6,0
6.40464,3611.17,-0.753694,-0.135281,2.22729,6062.84,0
6.5661,3604.32,6.82759,2.29593,2.70571,6957.15,0
6.72434,3605.61,4.52364,-2.34071,2.55306,6601.75,0
6.88309,3607.59,4.89817,-4.25005,2.41177,6161.16,0
7.04507,3611.8,8.90982,-2.58003,2.06214,5421.6,0
7.20486,3611.25,8.07242,-1.29878,2.06752,5378.65,0
7.36628,3618.37,0.324905,-0.471052,1.4933,4293.66,0
7.52557,3618.4,-3.69863,0.0312882,1.47758,4199.2,0
7.68261,3618.09,1.65713,-0.196947,1.48083,4152.89,0
7.84397,3614.54,8.66043,6.68673,1.6905,4520.48,0
8.00713,3611.04,0.541977,-9.26878,1.99928,4865.94,0
8.17088,3611.5,-6.69815,-14.9534,1.9309,4712.02,0
8.33379,3619.32,-6.88731,-17.2709,1.32476,3681.83,0
8.49457,3612.55,-3.42252,-9.63131,1.84278,4408.74,0
8.65441,3607.07,-5.37417,-6.5113,2.27144,4960.11,0
8.81507,3606.8,1.96752,-5.70586,2.25562,4901.11,0
8.97809,3606.27,3.11575,-10.8497,2.26193,4870.41,0
9.13704,3599.19,10.5317,-2.11522,2.81614,5560.77,0
9.29308,3591.9,13.0712,-2.56785,3.33455,6251.76,0
9.45143,3592.56,8.82486,-5.20925,3.23778,6077.39,0
9.61058,3593.85,8.57905,-8.01124,3.05845,5842.94,0
9.7712,3593.14,-2.33287,-6.81941,3.10627,5819.05,0
9.9277,3596.67,-2.80636,0.208241,2.70942,5371.65,0
10.0879,3601.99,0.910852,-6.55683,2.22415,4758.91,0
10.2493,3604.01,-7.29603,-7.36276,2.05241,4486.68,0
10.4099,3606.36,-3.78639,9.56134,1.80421,4191.74,0
10.5693,3606.96,9.12867,-2.49944,1.75071,4072.09,0
10.7296,3596.86,9.50249,0.590367,2.59515,4952.55,0
10.8895,3596.6,7.76696,7.81062,2.60707,4903.71,0
11.049,3596.74,4.17728,15.8781,2.55305,4820.6,0
11.2131,3596.1,5.71418,16.8468,2.6019,4806.7,0
11.3725,3600.7,-0.301462,27.3339,2.15211,4334.65,0
11.5333,3590.02,3.28474,26.5544,3.02731,5200.68,0
11.694,3589.27,7.16654,25.5128,3.01971,5192.92,0
11.8579,3589.5,5.54366,13.7756,3.03266,5102.08,0
12.0205,3601.64,6.53215,16.0696,1.88059,4023.19,0
12.1806,3603.1,4.83291,16.0683,1.73003,3850.69,0
12.3391,3605.28,2.17528,13.2369,1.56108,3624.1,0
12.501,3604.7,8.67699,13.3951,1.5922,3623.69,0
12.6643,3604.63,-0.267856,3.65088,1.60426,3582.31,0
12.8269,3613.65,-5.23544,-0.00813627,0.883834,2833.79,0
12.9845,3623.02,-19.535,4.75317,0.141857,2078.08,0
13.1473,3612.36,-5.38688,-1.67931,0.988095,2863.31,0
13.3107,3617.06,-0.275874,-10.2455,0.619724,2474.59,0
13.4703,3620.66,1.33937,-13.0117,0.34154,2177.96,0
13.6284,3600.67,3.22606,-16.8151,1.86856,3620,0
13.791,3598.9,5.30338,-17.5642,2.01934,3704.99,0
13.9493,3597.7,3.64176,-17.4908,2.12267,3749.34,0
14.1076,3593.95,-1.27977,-14.009,2.39752,3973.1,0
14.2667,3598.78,0.690228,-24.5294,1.86398,3589.83,0
14.426,3599.27,4.60376,-27.5738,1.76525,3516.83,0
14.587,3607.76,7.06226,-30.2067,1.08229,2895.53,0
14.7468,3617.03,1.23513,-40.7021,0.30344,2235.98,0
14.9019,3616.02,-5.42517,-42.4042,0.358779,2280.42,0
15.0623,3619.37,-10.2804,-31.7987,0.199238,2033.61,0
15.2234,3613.72,-10.1233,-52.405,0.40865,2383.17,0
15.3832,3602.6,5.73527,-68.5768,0.991343,3081.2,0
15.542,3606.71,6.3735,-64.8843,0.745793,2785.23,0
15.7035,3605.45,2.57413,-57.8974,0.942966,2836.88,0
15.8633,3595.31,5.51804,-57.4745,1.72145,3447.27,0
16.0205,3599.74,9.2304,-50.7002,1.47738,3137.31,0
16.1802,3605.73,17.2804,-45.0758,1.05939,2736.29,0
16.3386,3614.03,25.1677,-49.8959,0.348718,2201.35,0
16.5029,3606.46,21.2851,-54.0668,0.869822,2638.07,0
16.663,3600.47,28.882,-54.4878,1.25011,2972.34,0
16.8224,3614.09,40.2427,-55.5474,0.157511,2134.85,0
16.9811,3610.02,37.5046,-46.9764,0.564891,2354.2,0
17.1403,3597,30.5595,-41.6863,1.65987,3091.94,0
17.3058,3595.36,34.5717,-30.6582,1.846,3157.43,0
17.4652,3589.81,39.0393,-27.8537,2.24496,3446.28,0
17.6286,3586.52,35.236,-23.255,2.58709,3600.76,0
17.785,3585.57,31.1958,-34.9587,2.5473,3622.44,0
17.9432,3582.49,35.0689,-35.1498,2.78081,3762.31,0
18.1006,3577.55,34.6108,-29.857,3.2638,4002.83,0
18.262,3582.36,33.1146,-45.6785,2.65462,3704.12,0
18.4227,3581.33,31.4847,-40.503,2.78695,3727.34,0
18.5825,3585.73,26.9637,-35.5289,2.49275,3458.86,0
18.7415,3594.81,23.697,-35.7954,1.72203,2944.64,0
18.8977,3599.42,31.5818,-37.7837,1.25896,2676.35,0
19.0595,3597.9,51.6383,-33.4732,1.18915,2733.65,0
19.2188,3595.63,52.5707,-34.4982,1.33342,2829.24,0
19.3759,3601.51,47.827,-36.4037,0.929718,2502.54,0
19.5344,3601.27,44.329,-46.5701,0.867423,2494.5,0
19.6929,3603.56,38.7017,-42.6344,0.80028,2358.46,0
19.8557,3605.53,40.0094,-45.062,0.61619,2239.77,0
20.0133,3597.87,60.2168,-50.966,0.84985,2604.88,0
20.1778,3606.14,56.7815,-47.8543,0.342964,2173.88,0
20.3378,3599.51,56.4544,-31.041,0.993547,2482.42,0
20.4959,3599.76,60.7682,-34.0249,0.889573,2451,0
20.6553,3601.31,60.0484,-32.9474,0.791912,2357.27,0
20.8142,3605.45,66.0659,-37.8188,0.360612,2140.4,0
20.9753,3595.08,58.9062,-31.9018,1.28234,2618.55,0
21.1362,3603.55,68.5432,-29.9082,0.52682,2197.48,0
21.2977,3609.82,64.3653,-33.3978,0.123786,1886.74,0
21.4573,3610.02,48.5354,-34.7228,0.297834,1863.4,0
21.6178,3607.93,46.0882,-34.6497,0.482687,1945.89,0
21.7751,3601.5,42.8659,-37.559,0.976575,2227.44,0
21.9356,3596.48,39.433,-31.968,1.45874,2439.77,0
22.0941,3599.79,47.4637,-19.5694,1.19479,2272.48,0
22.2531,3592.15,52.5301,-14.0109,1.743,2599.74,0
22.4152,3614.17,54.3072,-18.9048,0.0255631,1598.27,0
22.5756,3608.48,63.0879,-27.3372,0.270934,1839.13,0
22.7357,3604.58,76.5398,-24.2028,0.351769,1997.86,0
22.8943,3604.4,70.7502,-7.87155,0.519576,1991.72,0
23.0533,3593.1,72.9516,-14.5303,1.29168,2468.3,0
23.2146,3595.37,65.1273,-18.7376,1.23616,2353.16,0
23.3742,3587.86,70.1882,-18.1752,1.7075,2658.43,0
23.5358,3593.12,69.7331,-6.15432,1.35883,2416.94,0
23.6985,3585.78,62.0103,-7.78091,2.06993,2709.96,0
23.8584,3591.73,56.5223,-8.61658,1.70297,2442.34,0
24.017,3587.31,59.5208,-14.0599,1.96512,2610.06,0
24.175,3582.29,63.7455,-6.4,2.28064,2800.76,0
24.3362,3585.25,57.4587,-6.31378,2.14289,2660.83,0
24.4959,3576.28,51.94,-12.1345,2.94668,3009.61,0
24.6578,3575.98,57.717,-9.74164,2.83512,3001.9,0
24.8175,3588.55,50.1131,-6.15014,1.83864,2475.99,0
24.9765,3592.06,44.6694,-8.15736,1.61639,2319.74,0
25.1369,3594.65,38.3618,-17.3709,1.43153,2201.97,0
25.2977,3582.59,48.9973,-14.9959,2.29152,2664.8,0
25.4622,3581.45,49.0763,-16.6396,2.35598,2692.25,0
25.6233,3572.42,40.5498,-16.7604,3.33585,3027.88,0
25.786,3566.7,26.4703,-16.8561,4.12448,3230.63,0
25.9442,3567.37,24.6952,-9.7862,4.00211,3184.76,0
26.1043,3566.57,22.7988,-6.56675,4.07961,3196.13,0
26.264,3566.94,33.3245,-6.4335,3.77567,3162.63,0
26.4267,3571.26,30.3396,-2.4162,3.36235,2979.6,0
26.5837,3569.6,23.3347,-11.3096,3.58667,3024.49,0
26.7426,3561.11,26.0891,-15.0531,4.36316,3324.04,0
26.9043,3565.86,28.4526,-8.74148,3.71011,3127.36,0
27.063,3568.64,28.0319,-1.93606,3.37226,3006.26,0
27.2208,3573.71,25.1305,-0.290185,2.88087,2802.76,0
27.3803,3578.48,21.9043,2.2031,2.42015,2612.11,0
27.5372,3573.92,15.3689,0.550641,2.90814,2762.84,0
27.6937,3573.76,16.9421,3.74455,2.87267,2752.93,0
27.8526,3574.55,20.9842,9.14491,2.67335,2708.84,0
28.0131,3581.14,27.9114,10.1677,1.90625,2458.08,0
28.1717,3582.91,29.0711,7.0683,1.7067,2381.58,0
28.3318,3590.42,21.5145,-0.33949,1.06814,2102.84,0
28.489,3594.74,38.4883,-19.4445,0.448004,1939.74,0
28.6462,3592.06,41.0506,-28.2646,0.566762,2022.52,0
28.8017,3586.41,32.5317,-34.3135,1.08182,2207.91,0
28.9627,3596.38,50.1545,-31.7122,0.0611821,1851.49,0
29.1238,3575.75,47.1073,-44.8027,1.64476,2549.5,0
29.2861,3582.78,46.0012,-46.1294,1.03329,2295.45,0
29.4465,3585.32,69.6362,-38.023,0.516203,2196.7,0
29.606,3587.01,76.3833,-46.2718,0.155818,2127.64,0
29.7638,3583.77,78.3869,-42.8537,0.392526,2225.14,0
29.9204,3569.08,72.9418,-48.5204,1.55912,2704.66,0
30.0817,3567.41,78.3692,-47.1661,1.56206,2745.51,0
30.2425,3564.39,64.7046,-53.5788,2.04989,2830.84,0
30.399,3574.3,63.0496,-57.4741,1.18012,2490.23,0
30.5612,3576.06,73.5571,-58.6822,0.81613,2419.29,0
30.7218,3576.32,79.639,-47.4718,0.835353,2398.27,0
30.881,3574.82,73.8794,-47.5118,1.0766,2434.48,0
31.0352,3579.43,62.1895,-65.0351,0.669045,2273.9,0
31.1948,3562.79,60.7482,-63.184,2.05383,2795.51,0
31.3516,3558.45,53.8927,-61.1694,2.57882,2920.24,0
31.5096,3556.01,51.3897,-69.664,2.58811,2982.92,0
31.6706,3553.9,46.5597,-77.6198,2.56093,3034.38,0
31.8301,3548.48,56.8767,-72.5758,2.89564,3189.57,0
31.9949,3549.24,62.4039,-64.8009,2.86152,3149.38,0
32.1588,3540.04,61.6375,-70.5517,3.4235,3419.34,0
32.3201,3532.94,61.2873,-76.0333,3.70186,3621.83,0
32.4819,3540.21,64.4965,-66.9034,3.20331,3380.17,0
32.6418,3543.58,58.4228,-68.8667,3.02657,3260.25,0
32.7995,3541.37,55.4521,-60.1697,3.53957,3312.06,0
32.9599,3539.64,50.523,-61.2207,3.68683,3348.23,0
33.1194,3544.5,50.7345,-62.5134,3.13079,3185.46,0
33.2803,3543.64,50.3545,-62.8801,3.16506,3195.98,0
33.44,3538.7,49.2548,-66.9338,3.44619,3328.47,0
33.6026,3544.69,48.8854,-65.0975,2.83729,3133.98,0
33.7614,3544.18,49.9764,-69.3526,2.70033,3134.31,0
33.9246,3550.88,47.2801,-65.553,2.24612,2921.76,0
34.0848,3559.06,44.1419,-73.6206,1.3105,2668.18,0
34.2444,3558.99,50.3475,-79.0964,1.05855,2657.53,0
34.3694,3558.26,47.3656,-88.1157,0.905721,2669.14,0
