0.160109,3641.39,-41.4866,-62.3337,0.390553,53791.7,0
0.319829,3622.58,-37.0697,-54.1665,1.69325,85739.9,0
0.474748,3627.45,-38.9924,-52.4154,1.35793,47505.5,0
0.633318,3619.71,-46.1058,-59.2633,1.74107,47832.3,0
0.789824,3631,-59.6223,-54.5358,0.956725,24053.2,0
0.948966,3633.8,-51.0884,-56.6872,0.836439,17069.6,0
1.10879,3640.34,-39.7795,-72.0001,0.369721,8710.42,0
1.26755,3637.67,-46.5611,-65.3545,0.552037,9725.17,0
1.4286,3642.65,-17.3268,-49.3054,0.527281,5148.06,0
1.59114,3633.77,-7.62916,-43.8947,1.15931,10199.4,0
1.7514,3634.39,-13.3197,-29.0605,1.21363,8910.67,0
1.90837,3648.81,-23.3388,-17.8131,0.306378,621.319,0
2.06968,3643.08,-35.3578,-27.817,0.575798,3343.47,0
2.22828,3631.55,-38.2392,-31.3724,1.27588,8280.51,0
2.38968,3630.24,-36.3229,-29.515,1.37186,8270.32,0
2.55062,3624.32,-44.1018,-29.923,1.69929,10070,0
2.70931,3619.67,-31.3532,-37.4446,2.06129,11193.3,0
2.87049,3615.09,-25.0759,-36.0682,2.39252,12162.9,0
3.02881,3623.5,-21.2776,-41.329,1.72098,8749.62,0
3.18923,3631.58,-20.7926,-38.6961,1.17212,5775.15,0
3.35105,3627.39,-24.6796,-43.6776,1.40493,6747.2,0
3.51176,3642.14,-29.7281,-42.5044,0.446941,2238.48,0
3.67519,3643.96,-41.87,-27.7592,0.344814,1643.09,0
3.83647,3642.33,-51.5618,-18.381,0.411721,1999.88,0
3.99837,3631.41,-55.5134,-23.7692,1.04938,4650.49,0
4.16097,3636.99,-38.0807,-21.5434,0.814823,3125.49,0
4.32069,3634.88,-40.2021,-11.0667,0.96783,3499.63,0
4.48204,3628.33,-43.4092,-8.23788,1.38758,4834.95,0
4.64284,3628.02,-47.9662,-4.34109,1.36538,4733.46,0
4.80254,3630.47,-33.6135,-10.1565,1.28726,4066.48,0
4.95987,3634.37,-20.3957,-1.13892,1.09739,3150.36,0
5.11985,3629.67,-13.6599,0.939244,1.44255,3971.62,0
5.27855,3617.71,-16.832,3.58179,2.26093,6117.3,0
5.43878,3615.03,-14.4055,3.13165,2.48408,6429.25,0
5.60095,3617.95,-15.8486,-3.16136,2.2069,5721.81,0
5.75785,3620.93,-18.4713,-7.44057,2.0002,5048.08,0
5.91696,3618.1,-25.1478,-9.79527,2.16159,5391.79,0
6.07609,3621.89,-23.7322,-10.3282,1.84666,4626.31,0
6.23767,3622.91,-28.1447,-16.8308,1.71059,4342.73,0
6.39761,3628.06,-33.1736,-14.8589,1.3031,3429.43,0
6.55876,3636.01,-36.7471,-31.0878,0.667597,2133.67,0
6.71689,3639.1,-31.7094,-32.1535,0.493078,1623.34,0
6.87915,3636.13,-14.5074,-39.9216,0.701279,2016.44,0
7.04275,3633.36,-25.3033,-41.9389,0.826556,2363.07,0
7.20379,3615.71,-20.896,-32.8941,2.11408,4759.93,0
7.36532,3614.57,-14.5747,-25.7711,2.28968,4810.71,0
7.52696,3610.17,-4.19812,-26.2383,2.59332,5292.21,0
7.68619,3612.8,-0.607099,-28.6149,2.34731,4840.17,0
7.84926,3610.7,-2.91753,-20.5847,2.51526,5007.33,0
8.00753,3606.93,-1.60742,-30.2145,2.71363,5379.13,0
8.16714,3606.44,-2.42843,-39.9189,2.73032,5333.69,0
8.32898,3606.04,-5.20138,-42.5903,2.66215,5277.77,0
8.48907,3601.74,2.90982,-46.4303,2.91208,5685.36,0
8.64445,3606.23,8.06901,-53.1893,2.41343,5062.91,0
8.80744,3601.18,4.20533,-57.5436,2.72335,5542.86,0
8.96764,3613.98,-7.06945,-53.4312,1.79986,4016.99,0
9.12446,3627.51,-6.78963,-51.5032,0.888425,2464.71,0
9.28622,3618.93,-7.47303,-39.4725,1.57043,3345.66,0
9.44594,3626.16,6.54718,-33.9493,1.0793,2523.36,0
9.60653,3628.76,2.67045,-24.4137,0.951555,2211.24,0
9.76876,3630.28,4.4857,-37.7808,0.761603,2018.34,0
9.92831,3631.04,12.5798,-23.8873,0.775458,1909.21,0
10.0869,3623.72,9.3601,-20.0416,1.30623,2605.43,0
10.2479,3615.62,10.2476,-20.371,1.88966,3355.3,0
10.4069,3621.27,18.3143,-17.2456,1.43866,2760.65,0
10.5683,3638.5,29.9959,-18.1305,0.206052,1088.09,0
10.7284,3626.31,48.231,-18.3514,0.888625,2208.34,0
10.887,3625,45.4865,-25.17,0.975011,2296.44,0
11.0501,3635.75,49.4204,-21.291,0.237241,1289.79,0
11.2072,3636.77,51.7659,-19.067,0.160574,1180.69,0
11.372,3633.12,39.8498,-3.47241,0.518848,1484,0
11.5331,3625.66,61.0349,-14.0532,0.799467,2110.45,0
11.6911,3625,53.8971,-1.91145,0.930702,2137.99,0
11.8503,3626.52,53.0017,-18.3602,0.804314,1981.29,0
12.0085,3634.87,43.6464,-20.9156,0.316496,1259.7,0
12.1686,3625.2,34.1969,-6.11125,1.06939,2037.66,0
12.3323,3625.4,25.2485,-5.44775,1.11798,1994.74,0
12.4927,3640.52,11.4156,-10.8082,0.130437,758.557,0
12.6534,3637.04,25.7425,-11.9481,0.307243,1024.02,0
12.8134,3630.77,46.7104,-22.7433,0.54823,1500.75,0
12.9745,3632.86,70.3154,-22.3924,0.183876,1321.17,0
13.1322,3624.85,81.5861,-23.0376,0.542078,1914.92,0
13.2931,3622.68,77.2437,-25.3596,0.72097,2055.25,0
13.4539,3618.61,86.8414,-42.4901,0.743329,2333.27,0
13.4667,3619.67,87.9551,-47.6119,0.62321,2252.24,0
