0.161903,3642.6,23.9817,46.6394,0.477551,45707,0
0.319154,3637.72,33.0003,49.4553,0.718493,38478.5,0
0.478518,3634.23,33.0629,55.9892,0.890568,32965.7,0
0.635516,3638.04,19.7576,46.0232,0.78806,18812.9,0
0.793233,3641.35,1.03443,48.1549,0.592744,10904.8,0
0.954815,3639.3,14.2201,51.8637,0.675907,11202,0
1.11405,3645.34,21.3865,56.7253,0.248921,4184.8,0
1.27478,3642.3,28.7579,55.4787,0.418108,6040.39,0
1.43409,3647.52,28.2224,58.4952,0.0813255,1732.44,0
1.59329,3639.51,14.5971,55.9586,0.634647,6585.67,0
1.75461,3631.43,21.0214,47.7129,1.20593,10581.7,0
1.91342,3636.14,21.2408,45.6493,0.921225,7245.45,0
2.07289,3634.52,25.6238,52.9544,0.96718,7467.98,0
2.23207,3629.66,23.1246,55.733,1.25711,9112.07,0
2.39121,3641.47,16.4087,53.153,0.547108,3569,0
2.55016,3647.37,18.4388,54.412,0.177672,1031.39,0
2.70904,3630.63,-1.21516,63.4837,1.16741,7148.58,0
2.87327,3614.54,4.7187,50.8798,2.39634,12342.2,0
3.0314,3624.41,0.48548,65.2175,1.53463,8442.03,0
3.19368,3625.54,-12.3259,75.0986,1.29727,7658.58,0
3.35135,3619.56,-6.90194,73.0533,1.75428,9083.17,0
3.50999,3616.91,-5.99767,84.4762,1.73851,9427.17,0
3.67279,3621.36,-13.1993,78.0025,1.51604,7796.91,0
3.83235,3620.55,-14.2027,80.4186,1.51583,7684.52,0
3.98977,3622.69,-18.0798,70.324,1.52464,6845.45,0
4.14958,3628.83,-22.3703,72.1622,1.08276,5102.48,0
4.31045,3625.39,-22.7812,81.6325,1.16736,5709.6,0
4.47325,3626.03,-22.0705,96.3951,0.910189,5359.52,0
4.50043,3628.99,-23.9584,97.1039,0.713871,4667.56,0
