0.157251,3644.07,-46.7127,-26.5716,0.316739,37699.5,0
0.315988,3645,-56.4811,-28.3968,0.182464,15828.9,0
0.473018,3642.24,-56.4514,-40.0949,0.291697,16404.3,0
0.63125,3643.71,-50.1332,-40.8296,0.247916,9956.56,0
0.792646,3637.62,-53.5077,-48.1155,0.542884,15623.1,0
0.954559,3637.32,-44.6829,-38.1311,0.702216,13281.6,0
1.11443,3629.83,-50.6422,-38.5561,1.11289,18102.8,0
1.27524,3636.04,-52.6243,-36.8602,0.714576,10948.4,0
1.4379,3635.43,-52.5787,-26.148,0.808875,10133.7,0
1.5952,3643.32,-47.6382,-26.6626,0.345868,4187.06,0
1.75583,3646.83,-48.757,-20.9549,0.140885,1802.97,0
1.91961,3647.65,-48.8822,-24.6534,0.0775466,1226.49,0
2.08241,3633.03,-47.0221,-26.1867,1.00223,8151.07,0
2.24407,3635.7,-39.0174,-50.7367,0.725175,6371.63,0
2.408,3623.27,-53.7202,-45.3685,1.45551,11099.4,0
2.56916,3625.41,-61.2245,-43.6151,1.22827,9569.48,0
2.72667,3626.97,-65.874,-45.2478,1.05627,8446.75,0
2.88639,3636.8,-56.6995,-47.444,0.513117,4572.94,0
3.04581,3631.92,-66.4711,-55.1813,0.65934,5935.08,0
3.20922,3624.63,-46.7432,-50.5997,1.34002,7906.59,0
3.3702,3634.41,-45.2746,-42.369,0.792181,4625.36,0
3.5309,3643.9,-49.8192,-46.6295,0.142969,1728.57,0
3.6904,3631.2,-72.2299,-36.7223,0.77086,5093.59,0
3.85469,3633.46,-72.5635,-28.2955,0.669811,4291.58,0
4.01269,3636.48,-69.5537,-25.4768,0.529667,3369.8,0
4.17447,3638.47,-50.0214,-26.5353,0.585414,2763.18,0
4.33644,3636.29,-44.2073,-36.1912,0.718102,3161.04,0
4.49585,3632.14,-44.031,-38.2192,0.97353,3972.53,0
4.65491,3629.97,-48.71,-34.5999,1.09556,4303.06,0
4.81194,3632.35,-51.6364,-36.8889,0.884366,3668.66,0
4.96853,3630.08,-57.5283,-33.6041,0.993116,4009.04,0
5.12616,3625.23,-59.2901,-30.5644,1.29937,4832.24,0
5.28432,3625.05,-70.9105,-23.8953,1.23273,4722.19,0
5.44198,3623.45,-71.7079,-12.8297,1.3491,4878.36,0
5.60332,3626.75,-69.2279,-12.7351,1.16405,4148.63,0
5.76018,3636.75,-71.919,-12.2169,0.489161,2300.95,0
5.91967,3626.5,-59.8192,-18.4853,1.25021,3969.46,0
6.08066,3624.61,-63.4744,-21.0328,1.32643,4174.9,0
6.24314,3617.07,-64.4024,-15.1786,1.83394,5274.62,0
6.40563,3626.07,-66.5692,-23.1777,1.1654,3735.06,0
6.5651,3622.76,-59.9616,-19.7195,1.4846,4149.55,0
6.72719,3616.29,-55.9798,-22.7125,1.94359,5010.33,0
6.88593,3626.86,-61.1863,-32.3179,1.12728,3359.85,0
7.05131,3636.38,-70.6388,-27.5864,0.454598,1931.55,0
7.21131,3634.88,-75.344,-38.3772,0.444459,2096.51,0
7.37246,3636.22,-59.9179,-40.7863,0.507835,1869.2,0
7.53202,3628.9,-56.5891,-64.9836,0.790172,2801.39,0
7.69308,3632.95,-29.8068,-71.4149,0.655633,2216.44,0
7.85304,3638.07,-24.9923,-57.1088,0.502866,1519.56,0
8.00987,3633.61,-24.6219,-62.9191,0.725359,2045.91,0
8.16938,3640.82,-10.1617,-54.3294,0.396659,1123.55,0
8.33174,3645.63,-15.81,-56.5995,0.0738141,524.827,0
8.49098,3639.13,-36.1809,-50.5747,0.442701,1279.69,0
8.6486,3636.23,-53.6454,-56.0933,0.454441,1592.55,0
8.8085,3634.97,-55.2834,-43.2793,0.616993,1706.44,0
8.97099,3643.17,-56.3173,-15.2129,0.229425,761.077,0
9.13131,3640.62,-48.9538,-21.5372,0.427816,1027.3,0
9.29292,3639.32,-38.7471,-20.3042,0.58539,1149.24,0
9.454,3641.76,-63.0027,-27.9522,0.211512,871.352,0
9.61446,3632.43,-59.3579,-42.2123,0.725043,1827.78,0
9.77609,3633.46,-63.993,-30.7064,0.682185,1691.69,0
9.93708,3640.77,-51.7642,-42.0423,0.28281,928.556,0
10.0968,3627.37,-44.2619,-43.8167,1.17848,2240.98,0
10.2565,3621.36,-53.885,-22.4104,1.63485,2791.91,0
10.4177,3612.8,-63.7273,-24.547,2.1021,3570.71,0
10.5793,3621.52,-73.5157,-24.7621,1.3653,2691.94,0
10.7414,3618.63,-70.2075,-6.94194,1.63102,2920.22,0
10.9034,3619.02,-76.3016,-0.511236,1.50296,2841.46,0
11.0606,3614.79,-75.3781,-4.45503,1.76388,3183.3,0
11.2165,3607.48,-80.0688,-2.61747,2.21377,3790.74,0
11.3759,3609.49,-86.3511,2.64739,1.95631,3560.67,0
11.5352,3608.59,-84.6366,6.39971,2.03332,3589.83,0
11.6969,3602.92,-70.4357,5.94204,2.63691,4025.36,0
11.8574,3601.71,-70.3653,7.29917,2.71621,4072.77,0
12.0178,3613.15,-73.5746,8.88948,1.83628,3066.63,0
12.1762,3619.49,-72.5415,-3.18843,1.43209,2505.36,0
12.3357,3621.72,-82.0366,-14.3012,1.12601,2292.69,0
12.4971,3628.01,-87.4875,-3.42705,0.676037,1759.81,0
12.6447,3632.1,-99.9465,3.59464,0.255583,1415.92,0
