0.268138,3636.46,-2.21076,-87.9407,0.934146,50500.2,0
0.5362,3633.06,5.51585,-74.4915,1.57877,31588.5,0
0.805296,3624.16,18.0512,-77.647,2.45292,32088.6,0
1.07465,3626.48,1.40669,-77.8886,2.2268,21885.4,0
1.35773,3626.84,-10.9894,-75.2349,2.18241,17058,0
1.63271,3626.93,-4.21122,-71.9543,2.17627,14131.5,0
1.90725,3623.89,-15.4748,-76.1689,2.35029,13688.9,0
2.18022,3626.88,7.88311,-79.0543,1.98146,10605.4,0
2.45651,3629.95,-1.54892,-78.465,1.65398,8161.17,0
2.73016,3623.29,-6.13138,-87.1881,2.17134,9783.81,0
2.99852,3616.68,-10.2603,-89.5163,2.6792,11111.1,0
3.11283,3623.35,-17.8117,-98.4631,1.6658,8560.64,0
