0.27776,3636.06,55.9505,-10.3771,1.62437,50194.8,0
0.550936,3646.39,42.4276,-2.44392,0.701203,6553.61,0
0.817354,3648.08,42.9996,7.25498,0.508281,2346.13,0
1.08966,3627.08,45.2272,-11.8729,2.81496,21032.7,0
1.35791,3617.32,47.7609,-5.31243,3.89293,24068.6,0
1.63604,3613.76,42.688,-15.2001,4.31541,22152.6,0
1.91197,3611.74,43.3909,-15.6264,4.35314,20010.3,0
2.18373,3608.03,40.1186,-11.4297,4.77198,19219.5,0
2.45448,3608.09,50.7261,-16.2654,4.45154,17074.6,0
2.73373,3598.67,48.8413,-15.3855,5.62275,18775.3,0
3.00497,3590.66,40.0099,-21.0167,6.67172,19746.1,0
3.28569,3587.71,47.8268,-23.7186,6.56233,18956.8,0
3.54993,3583.98,46.1955,-36.7073,6.53925,18598.8,0
3.824,3577.73,52.7385,-29.7701,7.0393,18899,0
4.1047,3572.16,72.7304,-33.2439,6.61982,18964.8,0
4.37344,3568.42,74.7156,-32.8001,6.69225,18653.4,0
4.64317,3577.7,65.5264,-26.0594,5.47586,15571.5,0
4.91932,3567.36,89.4278,-24.0568,5.78917,16799.5,0
5.18369,3571.34,97.5946,-21.6949,4.67764,15173.9,0
