0.269183,3639.98,9.91315,-9.13688,1.13987,37241.4,0
0.54354,3617.57,11.4054,-10.1309,3.80103,59656.5,0
0.817836,3614.93,12.6024,5.77367,4.102,42886.1,0
1.09057,3630.14,19.388,-1.15102,2.0392,18207.5,0
1.36331,3635.66,12.0666,1.13888,1.37251,10520.7,0
1.63722,3626.73,-6.75066,-11.6579,2.44639,14210.1,0
1.90936,3639.71,2.41256,-14.4296,0.872855,5390.82,0
2.18573,3626.46,-6.61752,-3.75038,2.47027,10770.2,0
2.46091,3619.37,-20.5965,-4.62231,3.2383,12445,0
2.73894,3616.23,-21.342,1.36004,3.59242,12330.9,0
3.01622,3607.82,-11.7384,10.7313,4.62287,13984.7,0
3.28925,3610.96,-7.69984,7.1362,4.19277,11870,0
3.56015,3610.92,-25.7234,0.0786698,4.00785,10978.1,0
3.8364,3615.37,-24.8368,-1.8266,3.37481,9027.59,0
4.11205,3620.4,-29.2098,-7.9173,2.59966,7199.04,0
4.39038,3623.7,-12.19,7.82769,2.29149,5989.88,0
4.66148,3627.19,-20.4904,19.7281,1.73677,4894.17,0
4.93389,3610.52,-39.507,28.5127,3.46598,8002.42,0
5.20937,3624.57,-56.204,46.0634,1.24615,4880.66,0
5.48937,3634.09,-41.9312,42.6528,0.441445,2898.49,0
5.76107,3623.42,-43.5854,40.3864,1.65097,4613.7,0
6.03305,3615.78,-54.6333,36.8487,2.4379,5672.16,0
6.30509,3620.09,-58.8012,38.9932,1.81311,4743.87,0
6.58145,3623.64,-41.9959,48.2597,1.51064,4005.41,0
6.853,3608.3,-49.852,41.5816,3.32681,6085.1,0
7.12054,3606.39,-57.0214,55.3851,3.08828,6124.38,0
7.39524,3597.82,-61.7276,48.9749,4.08782,7055.39,0
7.66876,3584.92,-58.9355,56.4392,5.60808,8486.24,0
7.94075,3578.87,-54.9279,51.5841,6.42406,8957.12,0
8.21532,3569.58,-63.3785,44.5595,7.25423,9789.13,0
8.4837,3563.31,-71.6415,53.2084,6.78137,10218.3,0
8.75359,3554.9,-76.0755,49.9805,7.4587,10864.2,0
8.98182,3553.08,-82.1042,57.2144,6.87798,10790.7,0
