0.274686,3640.98,14.0865,17.5293,0.967214,32821.6,0
0.549557,3636.1,15.5307,23.2329,1.46906,25286,0
0.822726,3636.81,30.8925,16.7902,1.32837,16030.5,0
1.09325,3629.18,42.447,-12.9542,2.06289,19045.4,0
1.36448,3611.52,40.4171,-22.1355,4.15955,28203.4,0
1.63258,3613.85,46.9158,-32.703,3.54739,22144.4,0
1.9007,3609.45,60.844,-39.784,3.64021,21332.6,0
2.17509,3619.22,70.0962,-27.9846,2.33925,14152.4,0
2.45783,3613.45,71.0694,-19.563,3.03843,14870.9,0
2.72652,3614.51,94.7527,-5.14185,2.26802,13015.5,0
2.77115,3613.09,99.3136,-13.0427,2.27208,13319.5,0
