0.269544,3613.56,-21.7153,61.7058,3.70398,135181,0
0.544321,3622.47,-15.4018,70.3188,2.4501,50576,0
0.822548,3633.87,-5.62025,81.8113,0.967453,19608.9,0
1.09841,3645.36,-5.34972,62.7776,0.0873669,4223.46,0
1.36741,3624.83,0.984045,50.5336,2.53171,18404.2,0
1.64445,3625.16,8.32341,42.0596,2.61541,15104.6,0
1.92223,3621.13,24.8119,17.0801,3.24474,15021.5,0
2.20011,3614.42,21.2638,22.9075,4.04633,16172.5,0
2.48113,3618.26,41.0437,35.8358,3.17979,12793.5,0
2.75264,3617.98,44.7366,36.4856,3.07243,11631.3,0
3.02527,3601.88,47.9593,24.2679,5.08998,15904.7,0
3.29983,3611.03,59.0543,31.9036,3.46653,11808.3,0
3.57793,3611.74,54.4699,45.1309,3.25357,10694,0
3.85229,3606.35,55.7146,34.1051,3.93556,11330.7,0
4.12652,3616.77,59.6692,28.8869,2.61937,8053.37,0
4.39888,3621.95,67.2999,23.2689,1.84637,6376.05,0
4.67413,3618.98,76.5328,23.0282,1.95484,6635.7,0
4.94527,3617.84,82.8135,12.9001,1.98095,6503.34,0
5.21905,3614.66,71.9068,9.46447,2.64826,6771.33,0
5.49219,3582.7,81.7771,-5.76197,6.25739,12253.6,0
5.75941,3592.89,82.2807,-20.0529,4.53778,9916.17,0
6.03034,3587.69,78.9676,-17.2768,5.25651,10332.6,0
6.31079,3584.84,88.7065,-26.0104,5.07882,10324.9,0
6.58207,3581.12,85.0918,-21.1298,5.73528,10464.5,0
6.80715,3573.49,97.3132,-23.4517,5.96073,11239.1,0
