0.273608,3646.58,-53.9628,5.47588,0.551853,12506.6,0
0.544793,3632.1,-64.7165,3.13858,1.95708,32863.4,0
0.820495,3623.47,-51.8989,-19.1217,3.10534,32333.9,0
1.09028,3616.69,-54.0735,-27.1541,3.71797,30550.8,0
1.3622,3638.63,-57.2068,-6.96406,1.26161,8350.31,0
1.64099,3629.78,-70.0571,-18.4496,1.94023,12324.8,0
1.91826,3624.48,-47.6963,-26.3897,2.87327,13301.6,0
2.18857,3613.2,-42.2936,-26.4848,4.27242,16813.5,0
2.462,3623.82,-43.2741,-12.7182,2.98512,10635.1,0
2.73659,3614.72,-36.9037,0.562282,4.14869,12893,0
3.00746,3624.5,-26.1021,-5.14716,3.00028,8479.84,0
3.27901,3620.9,-16.6467,2.99809,3.46059,8876.01,0
3.55215,3608.9,-13.7321,23.3344,4.79075,11569.6,0
3.82501,3602.06,-22.5625,18.7388,5.54167,12533.6,0
4.09811,3607.34,-15.3211,25.1415,4.68852,10408.9,0
4.37015,3616.19,-17.0957,25.8581,3.36421,7737.45,0
4.64087,3607.44,-25.2249,43.5703,4.03076,9171.07,0
4.9104,3593.8,-20.4844,51.8829,5.58264,11444.2,0
5.18915,3587.45,-13.7417,58.6249,6.20032,12053.5,0
5.46446,3585.28,-12.8489,69.8591,5.7877,11843.7,0
5.73276,3566.05,-6.74099,77.2258,7.87557,14643.7,0
6.00463,3569.34,-8.77829,83.4551,6.59256,13433.5,0
6.2823,3567.25,-11.1005,85.9388,6.40282,13172.3,0
6.55804,3552.87,-12.0784,85.7285,8.13075,14811,0
6.8371,3543.82,-15.1821,94.0539,8.32224,15529.5,0
6.94327,3540.46,-21.6154,97.6777,8.27505,15776.2,0
