0.280202,3620.21,26.1384,31.4438,3.43315,106309,0
0.558571,3618.98,23.1061,56.1622,3.11888,55537.1,0
0.833879,3611.22,29.7135,65.7923,3.62987,46506,0
1.1066,3595.45,25.6742,56.6674,5.84958,49293.1,0
1.38405,3585.69,26.5677,44.6326,7.20574,46466.6,0
1.65765,3574.65,32.3191,36.1193,8.6024,45454,0
1.92564,3566.83,37.477,49.5536,8.58858,43189.5,0
2.20081,3573.46,29.4764,52.8189,7.10239,34780.1,0
2.47792,3564.76,24.5844,36.2529,8.77919,34401.6,0
2.75849,3563.17,24.881,35.0948,8.43446,31477.8,0
3.03943,3551.47,38.5789,35.7185,9.0297,32416.8,0
3.3133,3546.86,29.7781,30.0645,9.66673,31129.5,0
3.58469,3547.66,32.2951,23.871,9.0673,28550.1,0
3.85385,3546,34.6628,13.8673,9.24187,26985.9,0
4.13295,3546.51,48.3283,12.0559,7.74708,25040.9,0
4.41402,3539.7,51.3889,6.99614,8.34837,24989.2,0
4.68757,3542.42,45.334,-3.54908,7.79081,22949.2,0
4.96337,3529.69,49.4681,-3.93046,9.48835,24240,0
5.23801,3525.74,43.9445,-14.0219,10.0365,23723.7,0
5.51493,3518.54,59.383,-11.8612,9.22894,23837.3,0
5.79449,3521.35,69.7459,-14.1677,6.80361,22203,0
6.06863,3507.42,72.3047,-5.65301,8.75833,23494.1,0
6.33537,3503.33,82.291,5.58404,7.68504,23150.5,0
6.60631,3486.64,86.8759,-13.1565,9.13947,24728.6,0
6.87906,3496.86,84.3162,-17.1195,7.05054,22261.8,0
7.15339,3501.76,77.2541,-27.6314,6.65675,20723.2,0
7.43111,3503.27,79.3136,-27.2668,5.92904,19744.8,0
7.71386,3509.07,84.7299,-18.5282,4.38441,18269.6,0
7.98483,3512.45,71.1933,-23.9987,5.10887,17226.8,0
8.26094,3517.66,79.9441,-16.0658,3.2205,16020.1,0
8.53607,3512.26,72.3945,-20.7232,4.88591,16136.7,0
8.8103,3511.89,68.8054,-18.4221,5.26744,15676.1,0
9.08453,3518.33,66.4573,-20.12,4.05289,14493.7,0
9.36227,3515.88,84.3815,-17.1641,2.57768,14325.5,0
9.64024,3522.08,61.0301,-11.9508,4.09615,13269.3,0
9.9132,3519.39,87.9106,-11.2691,1.62309,13175.6,0
10.1918,3512.1,82.5201,-20.116,3.28191,13530.5,0
10.4654,3524.81,86.5567,-21.0888,0.615203,11962.1,0
10.7389,3530.72,59.3267,-19.4051,2.15947,11106.8,0
11.0105,3525.15,72.6691,-23.2509,1.85012,11339.2,0
11.2888,3520.54,74.1978,-34.0406,2.13084,11467.8,0
11.5663,3520.65,55.7346,-36.6387,3.71138,11183.3,0
11.8368,3530.95,69.9216,-35.0914,0.510292,10057.9,0
12.1095,3522.62,73.5621,-33.1559,1.76484,10519.1,0
12.2119,3516.6,95.7145,-29.045,0.791964,10923.5,0
