0.026952,5.89708,0,0,0.104145,218799,1
0.0550468,5.98385,0,0,0.8014,108705,1
0.0846929,8.93442,0,0,12.9424,105492,1
0.113249,12.9219,0,0,0.367999,114102,3
0.143133,25.4179,0,0,16.6778,177582,5
0.174141,35.7939,0,0,0.554452,205546,7
0.202622,37.5437,0,0,3.00673,185290,7
0.232324,41.065,0,0,2.94619,176758,7
0.262937,47.5868,0,0,9.02171,180982,9
0.29259,48.2432,0,0,0.110437,164883,9
0.324253,53.6415,0,0,2.04871,165431,10
0.355166,64.4544,0,0,0.0181697,181477,14
0.383557,70.523,0,0,11.4672,183866,14
0.413085,71.2688,0,0,3.26799,172528,14
0.443023,72.4131,0,0,12.4858,163452,14
0.471174,74.4785,0,0,0.493165,158070,14
0.501059,74.7943,0,0,3.03072,149272,14
0.528605,76.383,0,0,4.16328,144499,14
0.556454,86.6561,0,0,0.000493087,155729,16
0.583811,91.6916,0,0,10.3107,157057,16
0.613585,93.4271,0,0,12.6589,152264,16
0.641302,94.23,0,0,7.47303,146935,16
0.66882,96.8395,0,0,12.8514,144792,17
0.700727,103.439,0,0,6.18507,147617,19
0.729968,106.948,0,0,3.00583,146510,21
0.758029,108.46,0,0,3.5608,143081,21
0.785657,112.264,0,0,1.18507,142891,22
0.815865,117.707,0,0,0.942713,144272,23
0.846509,127.989,0,0,5.3891,151196,26
0.876001,131.62,0,0,8.81116,150251,26
0.90495,134.357,0,0,3.34041,148469,26
0.93467,136.867,0,0,1.55738,146434,27
0.964069,140.242,0,0,1.39556,145469,28
0.99529,141.637,0,0,0.969425,142307,28
1.02318,148.606,0,0,13.0856,145239,29
1.05346,148.765,0,0,0.147844,141215,29
1.08256,149.599,0,0,6.8827,138190,29
1.11162,153.916,0,0,2.59631,138461,31
1.14096,157.064,0,0,0.563577,137660,32
1.17018,158.508,0,0,0.583222,135456,32
1.19652,164.107,0,0,0.0654601,137154,33
1.22845,166.476,0,0,4.92118,135517,33
1.25712,165.873,0,0,0.0125673,131947,33
1.28661,174.362,0,0,12.7083,135520,35
1.3161,178.725,0,0,0.026886,135799,35
1.3437,180.945,0,0,17.9857,134662,35
1.37098,184.97,0,0,11.3885,134918,36
1.39913,185.605,0,0,0.748414,132657,37
1.428,188.799,0,0,0.590481,132212,37
1.45698,196.351,0,0,14.3479,134765,39
1.48469,199.932,0,0,1.51005,134663,39
1.51393,203.301,0,0,0.229396,134287,39
1.54598,214.314,0,0,0.000139822,138626,41
1.57431,222.485,0,0,8.6375,141322,43
1.60441,233.192,0,0,12.3381,145344,44
1.63443,235.211,0,0,12.852,143910,45
1.66445,239.207,0,0,0.300717,143715,47
1.69366,239.348,0,0,1.42664,141319,47
1.7223,241.077,0,0,2.09083,139974,47
1.74955,245.125,0,0,19.0017,140108,48
1.77601,250.207,0,0,1.46325,140882,49
1.80639,250.809,0,0,6.31938,138845,49
1.83563,259.801,0,0,3.6849,141532,51
1.86454,261.11,0,0,0.957758,140040,51
1.89092,263.888,0,0,11.7231,139555,51
1.91986,266.471,0,0,2.61868,138798,52
1.95046,271.961,0,0,3.80188,139434,54
1.97861,273.693,0,0,3.53864,138326,54
2.00889,284.316,0,0,5.02872,141529,57
2.03814,289.283,0,0,0.465748,141935,57
2.06563,291.679,0,0,5.59927,141206,57
2.09405,292.85,0,0,0.834359,139849,57
2.12306,298.511,0,0,3.39809,140604,58
2.15326,301.867,0,0,2.92895,140191,58
2.18528,304.393,0,0,9.11325,139293,58
2.2155,308.621,0,0,2.45775,139301,58
2.24494,316.639,0,0,9.72793,141046,61
2.27463,322.581,0,0,2.75191,141816,62
2.30233,328.065,0,0,3.39883,142493,62
2.33207,336.499,0,0,11.9167,144292,64
2.36305,335.067,0,0,0.291891,141794,64
2.39208,337.31,0,0,18.4104,141011,64
2.42029,340.63,0,0,17.6654,140740,64
2.45098,343.5,0,0,6.50165,140148,64
2.48052,353.7,0,0,0.696864,142591,66
2.50871,358.371,0,0,0.371304,142851,67
2.53518,363.542,0,0,26.3127,143399,68
2.56167,368.012,0,0,8.68229,143661,69
2.58916,367.032,0,0,0.724728,141757,69
2.61834,369.269,0,0,7.11826,141032,69
2.64601,371.552,0,0,9.78413,140419,70
2.6755,371.197,0,0,6.90352,138739,70
2.70444,374.782,0,0,7.02541,138580,71
2.73087,381.71,0,0,2.54332,139776,72
2.75996,385.753,0,0,0.00398285,139767,72
2.78764,387.05,0,0,10.4966,138845,72
2.81818,390.603,0,0,0.361885,138601,72
2.84457,392.311,0,0,2.46136,137916,72
2.87474,396.208,0,0,6.93037,137824,73
2.90341,397.406,0,0,2.32565,136875,73
2.93272,403.448,0,0,7.93233,137568,75
2.96143,406.07,0,0,1.33026,137119,76
2.99151,406.063,0,0,1.21534,135738,76
3.02171,410.772,0,0,2.47353,135940,77
3.05194,419.482,0,0,3.66258,137448,79
3.07711,423.456,0,0,9.83163,137615,79
3.10311,422.6,0,0,2.84614,136186,79
3.1327,424.64,0,0,3.57071,135550,80
3.16043,426.447,0,0,3.92872,134933,80
3.18994,433.262,0,0,15.4071,135821,82
3.21816,433.061,0,0,0.447494,134568,82
3.24584,441.735,0,0,0.27261,136092,84
3.27571,455.239,0,0,14.4199,138974,86
3.3074,467.019,0,0,4.57125,141204,88
3.3351,470.424,0,0,2.05642,141053,89
3.36173,475.426,0,0,2.44812,141423,90
3.39164,478.905,0,0,14.8054,141202,91
3.41997,481.67,0,0,1.31006,140840,91
3.44874,487.698,0,0,4.16266,141413,92
3.48071,498.279,0,0,12.9634,143154,95
3.5104,502.845,0,0,0.0190186,143244,96
3.53867,506.619,0,0,4.60917,143166,96
3.56752,512.961,0,0,5.71449,143787,97
3.59921,519.701,0,0,8.16005,144393,98
3.62731,523.801,0,0,2.85158,144405,99
3.65698,529.392,0,0,0.81442,144762,102
3.68421,530.081,0,0,6.35867,143879,102
3.71247,537.266,0,0,13.5064,144719,103
3.74271,537.838,0,0,2.33297,143703,104
3.77209,540.909,0,0,0.00023008,143398,105
3.79954,544.322,0,0,0.142215,143260,106
3.82913,548.754,0,0,10.0546,143310,106
3.85959,552.845,0,0,13.0293,143239,107
3.8882,558.579,0,0,0.0558328,143660,109
3.91791,568.623,0,0,12.1676,145134,112
3.9488,576.487,0,0,0.00571489,145990,114
3.97817,579.641,0,0,11.2158,145705,114
4.00793,582.158,0,0,5.63115,145252,114
4.03694,590.9,0,0,13.8364,146373,115
4.06316,596.956,0,0,0.407704,146919,116
4.09347,597.426,0,0,4.26706,145946,116
4.12223,600.858,0,0,3.57502,145760,116
4.14786,604.458,0,0,5.22054,145728,117
4.17662,606.11,0,0,6.84841,145120,117
4.20267,605.321,0,0,0.382807,144033,117
4.23078,608.475,0,0,11.6368,143821,117
4.25942,616.233,0,0,9.68551,144675,120
4.289,619.061,0,0,2.53028,144337,121
4.31584,618.849,0,0,0.821416,143390,121
4.34605,626.774,0,0,1.20513,144217,122
4.37545,635.003,0,0,10.0785,145129,125
4.40418,645.705,0,0,8.08226,146612,127
4.43493,649.6,0,0,0.432149,146474,128
4.46642,656.726,0,0,1.9441,147036,130
4.49485,660.453,0,0,0.565453,146936,132
4.52257,663.646,0,0,1.34529,146741,132
4.54955,670.036,0,0,14.4169,147275,134
4.57916,673.059,0,0,13.954,146983,134
4.60758,671.924,0,0,4.76391,145830,134
4.63893,678.739,0,0,4.83632,146314,135
4.66737,682.808,0,0,10.2443,146294,136
4.69579,686.723,0,0,0.214679,146242,137
4.72623,695.901,0,0,0.295684,147242,138
4.75634,700.469,0,0,8.13962,147271,139
4.78561,699.493,0,0,0.198569,146166,139
4.81495,704.597,0,0,13.83,146335,140
4.84317,708.88,0,0,11.0127,146367,142
4.874,718.02,0,0,19.8545,147317,145
4.90338,718.862,0,0,2.47847,146605,146
4.93217,721.123,0,0,7.41463,146208,146
4.96259,724.221,0,0,2.4729,145936,147
4.992,728.906,0,0,14.4847,146015,147
5.02097,736.96,0,0,0.0127893,146777,150
5.04971,738.697,0,0,2.36957,146285,150
5.0784,743.286,0,0,0.383428,146362,150
5.10741,749.311,0,0,2.05923,146711,152
5.13696,757.202,0,0,20.1186,147403,154
5.16808,764.86,0,0,0.183877,147997,156
5.19583,764.848,0,0,0.0590646,147204,156
5.22383,769.764,0,0,10.7039,147356,157
5.25389,775.748,0,0,8.44824,147652,157
5.28583,779.174,0,0,8.59494,147408,157
5.31723,782.852,0,0,12.4274,147229,157
5.34596,789.142,0,0,9.82963,147615,158
5.37651,796.843,0,0,1.44913,148208,161
5.40571,810.598,0,0,1.18359,149952,163
5.43413,819.635,0,0,2.12139,150831,164
5.46315,822.096,0,0,2.58276,150480,165
5.49285,829.873,0,0,16.5473,151083,165
5.51932,832.779,0,0,14.0815,150884,165
5.5469,832.76,0,0,0.55508,150131,165
5.57242,834.128,0,0,0.00334599,149689,165
5.60088,835.895,0,0,0.0179125,149243,165
5.62966,838.524,0,0,5.49043,148948,166
5.65977,850.341,0,0,1.4403,150243,168
5.68828,852.821,0,0,5.74403,149926,169
5.71821,856.303,0,0,6.34754,149750,169
5.74766,859.751,0,0,5.12769,149583,170
5.77581,864.95,0,0,0.437336,149754,170
5.8072,871.057,0,0,15.066,149996,170
5.83492,871.483,0,0,5.17423,149357,170
5.86176,874.646,0,0,0.733736,149212,171
5.88976,884.878,0,0,24.4028,150240,172
5.91795,886.921,0,0,0.148772,149870,173
5.94569,889.426,0,0,8.71339,149592,173
5.97534,892.626,0,0,6.26661,149385,174
6.00339,897.809,0,0,4.8127,149550,175
6.03416,901.405,0,0,2.33396,149384,177
6.06572,902.354,0,0,10.0005,148763,177
6.09286,906.489,0,0,1.69916,148779,178
6.12016,922.827,0,0,13.1359,150785,181
6.15115,931.056,0,0,18.5524,151363,182
6.17912,940.902,0,0,8.47243,152271,185
6.20557,946.727,0,0,0.504055,152561,187
6.23487,950.427,0,0,2.80031,152437,187
6.26382,957.203,0,0,10.2718,152815,190
6.29197,961.601,0,0,0.00158263,152830,192
6.31899,967.473,0,0,6.69572,153106,193
6.34759,967.327,0,0,5.50003,152393,193
6.38006,970.159,0,0,1.36573,152061,193
6.40914,971.508,0,0,0.582202,151582,193
6.43827,974.771,0,0,1.03833,151403,193
6.46597,976.509,0,0,0.822968,151023,193
6.49571,977.887,0,0,0.294597,150544,193
6.52557,984.98,0,0,14.4625,150942,195
6.55476,990.785,0,0,6.54649,151155,197
6.58227,991.53,0,0,0.888336,150636,197
6.61172,995.464,0,0,4.25232,150560,197
6.6406,1000.35,0,0,17.0647,150641,198
6.6702,1000.03,0,0,0.239163,149925,198
6.69767,1002.85,0,0,8.72109,149731,198
6.72495,1004.26,0,0,5.90515,149333,198
6.7562,1014.85,0,0,7.56559,150210,199
6.78358,1016.33,0,0,19.5536,149823,199
6.81176,1025.38,0,0,18.3119,150530,201
6.83966,1031.37,0,0,0.0257734,150793,202
6.86894,1036.05,0,0,5.15398,150831,203
6.89584,1038.98,0,0,13.041,150667,204
6.92432,1038.32,0,0,7.71999,149953,204
6.95461,1047.16,0,0,0.00881204,150571,207
6.9849,1053.75,0,0,5.99979,150860,210
7.01575,1054.02,0,0,8.23519,150237,210
7.04382,1058.21,0,0,2.86418,150233,212
7.07517,1066.08,0,0,0.261818,150679,215
7.10597,1067.75,0,0,13.7268,150260,215
7.13477,1077.44,0,0,15.4325,151013,216
7.1623,1082.94,0,0,13.0819,151199,216
7.19006,1084.69,0,0,1.29476,150859,216
7.2194,1090.09,0,0,5.27766,150995,216
7.24921,1095.65,0,0,1.76398,151141,216
7.27744,1097.62,0,0,1.89611,150825,217
7.30254,1100.73,0,0,2.31702,150732,218
7.33193,1100.48,0,0,0.296019,150095,218
7.36075,1105.39,0,0,2.32466,150173,218
7.3875,1107.65,0,0,7.24186,149935,218
7.41742,1112.16,0,0,0.259547,149938,219
7.44847,1122.24,0,0,20.3284,150667,219
7.47872,1121.84,0,0,2.84201,150004,219
7.5078,1130.77,0,0,5.69624,150612,222
7.53454,1132.2,0,0,1.55826,150269,223
7.56534,1136.27,0,0,9.4336,150195,223
7.59568,1140.39,0,0,15.2676,150137,224
7.62367,1139.96,0,0,0.0358576,149529,224
7.65134,1143.55,0,0,17.4039,149457,224
7.68284,1143.44,0,0,0.748665,148831,225
7.71167,1144.02,0,0,5.28162,148349,225
7.73969,1145.36,0,0,0.35801,147985,226
7.76898,1147.63,0,0,2.89752,147719,227
7.79872,1147.91,0,0,5.1874,147192,227
7.82812,1148.3,0,0,8.30644,146689,227
7.85719,1147.34,0,0,0.487916,146024,227
7.88829,1149.73,0,0,19.7648,145751,227
7.91663,1152.95,0,0,6.01886,145636,228
7.94579,1155.6,0,0,0.00898935,145435,229
7.97385,1157.96,0,0,3.3647,145220,230
8.00243,1163.99,0,0,14.1731,145454,230
8.02907,1173.96,0,0,0.928736,146213,231
8.05906,1183.3,0,0,13.3838,146829,235
8.08835,1188.03,0,0,25.7409,146882,235
8.11577,1190.26,0,0,2.19995,146660,235
8.14349,1193.52,0,0,1.05706,146561,236
8.17192,1193.91,0,0,4.10028,146099,236
8.2029,1197.26,0,0,1.1883,145955,237
8.23154,1205.16,0,0,0.00742626,146407,238
8.25897,1212.97,0,0,1.66004,146867,239
8.28879,1216.95,0,0,7.89244,146819,239
8.31915,1217.71,0,0,2.30183,146374,239
8.34738,1223.87,0,0,1.67699,146617,240
8.37726,1226.3,0,0,7.11029,146385,240
8.40677,1231.09,0,0,0.0436436,146440,242
8.43766,1233,0,0,3.78143,146131,242
8.46693,1236.42,0,0,4.01081,146029,243
8.49728,1246.08,0,0,0.112923,146644,245
8.52458,1249.81,0,0,0.258688,146612,246
8.55308,1253.68,0,0,2.44602,146576,247
8.58555,1256.48,0,0,0.723234,146348,247
8.61087,1256.4,0,0,0.095939,145909,247
8.64042,1258.21,0,0,0.50105,145619,247
8.67338,1264.99,0,0,5.93426,145847,248
8.7026,1266.73,0,0,4.19694,145557,249
8.72962,1266.32,0,0,0.856217,145060,249
8.75714,1270.28,0,0,2.04943,145056,250
8.78695,1272.05,0,0,0.570752,144766,251
8.81405,1272.71,0,0,5.92211,144395,251
8.8415,1275.25,0,0,13.0845,144234,251
8.86997,1276.24,0,0,6.74497,143883,251
8.89898,1280.77,0,0,8.69236,143923,252
8.92663,1284.92,0,0,3.16211,143942,254
8.95762,1284.95,0,0,3.4025,143448,254
8.98744,1288.67,0,0,4.08701,143386,255
9.01537,1295.69,0,0,8.42113,143720,256
9.04648,1305.95,0,0,4.23317,144360,260
9.07599,1313.93,0,0,14.8197,144769,262
9.10672,1319.27,0,0,0.502899,144868,264
9.13203,1322.01,0,0,0.0287951,144766,265
9.16164,1325.38,0,0,3.87974,144666,265
9.1903,1331.98,0,0,13.627,144933,266
9.21732,1339.21,0,0,25.9788,145293,268
9.24726,1352.85,0,0,15.8407,146297,272
9.276,1358.27,0,0,0.222706,146429,275
9.30353,1360.07,0,0,0.382609,146188,275
9.33449,1363.47,0,0,2.49627,146068,276
9.36467,1365.25,0,0,1.08185,145788,277
9.39471,1372.2,0,0,0.698498,146061,279
9.42504,1375.09,0,0,0.727967,145898,279
9.45374,1376.77,0,0,0.0580286,145632,279
9.48087,1376.8,0,0,0.323098,145218,279
9.50862,1378.62,0,0,3.39975,144986,279
9.53644,1383.94,0,0,5.97965,145121,279
9.56408,1387.2,0,0,6.4318,145042,279
9.59418,1394.24,0,0,4.26064,145321,281
9.62226,1396.77,0,0,8.91365,145160,282
9.64969,1397.5,0,0,0.513923,144823,282
9.67848,1406.55,0,0,0.413435,145327,285
9.70579,1414.49,0,0,7.17394,145737,285
9.73395,1416.38,0,0,1.12308,145509,286
9.76151,1417.11,0,0,6.97603,145173,286
9.79137,1426.13,0,0,6.98576,145652,286
9.82062,1425.3,0,0,0.292383,145133,286
9.84985,1426.99,0,0,0.628404,144874,286
9.87912,1428.54,0,0,1.48424,144602,286
9.90876,1433.22,0,0,0.0746167,144642,286
9.93658,1434.92,0,0,2.07094,144408,286
9.96587,1446.91,0,0,21.683,145186,288
9.99417,1446.37,0,0,3.06103,144721,288
10.0001,1446.24,0,0,2.03826,144622,288
