0.163188,3643.78,-31.4062,-33.2522,2.78562,38129.9,0
0.320532,3647.93,-36.3948,-39.812,0.5349,6463.07,0
0.479469,3642.59,-32.0287,-46.5955,2.64357,15453.9,0
0.639214,3638.42,-28.3935,-53.5625,4.14002,18109.7,0
0.797615,3646.8,-31.7969,-39.0435,1.10191,4013.65,0
0.957289,3636.41,-26.1154,-28.7729,6.17473,14197.5,0
1.1203,3634.96,-28.5129,-29.2693,6.46227,13424.7,0
1.28091,3627.88,-24.1822,-29.6926,9.29697,17271.1,0
1.44227,3632.04,-19.0523,-27.2637,6.82189,12454.9,0
1.60484,3631.73,-10.7371,-14.2314,7.02228,11383.5,0
1.76555,3629.65,-10.6154,-14.9789,7.2584,11523.7,0
1.92547,3630.2,-12.8825,-21.1871,6.37336,10285.4,0
2.08481,3627.42,-11.2516,-19.0473,7.25482,10830.4,0
2.24556,3625.73,-15.4824,-18.5041,7.67728,10808.9,0
2.40401,3626.35,-14.6017,-17.4142,7.08263,9839.6,0
2.56342,3623.55,-16.5067,-13.0156,7.90899,10317.8,0
2.72581,3624.07,-13.768,-11.8573,7.09282,9513.16,0
2.88534,3624.27,-7.08443,-11.3683,6.71256,8916.81,0
3.04222,3623.46,-6.34428,-11.3344,6.45059,8722.5,0
3.20466,3623.94,-5.8217,-15.1534,5.63683,8132.58,0
3.36293,3621,-5.30593,-14.6791,6.82121,8623.87,0
3.52394,3621.96,-8.15129,-17.1196,5.82049,7955.71,0
3.67927,3621.25,-8.71309,-21.6528,5.82041,7813.23,0
3.84081,3619.52,-6.73942,-21.7082,6.03328,7936.24,0
4.00275,3616.01,-2.13311,-18.197,7.27489,8490.84,0
4.16149,3612.13,-4.02238,-19.2625,8.29601,9100.63,0
4.32258,3604.73,-4.87041,-19.9312,11.1623,10472.6,0
4.47963,3593.03,-4.93455,-16.5678,6.32905,12717.8,0
4.63726,3592.45,-9.82651,-27.2178,5.81479,12410,0
4.79723,3584.88,-5.60212,-24.7163,10.4145,13574.8,0
4.95744,3579.48,-5.30744,-23.0602,1.84016,14224.5,0
5.1212,3571.63,-8.38741,-16.1757,7.79082,15302.1,0
5.28122,3571.66,-8.5422,-14.5343,7.56149,14832.9,0
5.44269,3576.54,-10.6656,-15.3756,3.17354,13496.3,0
5.60422,3576.72,-9.61315,-6.94567,3.33567,13075,0
5.7658,3571.38,2.95156,0.461685,7.31497,13636.3,0
5.92335,3572.8,3.1781,-0.501061,5.67507,13033.6,0
6.08643,3579.75,2.35695,-7.53333,0.320894,11542.4,0
6.24454,3569.99,8.25005,-0.386647,7.47844,12813.1,0
6.40703,3573.64,5.57895,-0.831352,4.04502,11918.7,0
6.568,3571.27,9.16052,-6.3327,5.60784,11987.5,0
6.72482,3577.95,2.37336,-8.34907,0.677224,10714.4,0
6.88418,3576.27,-8.73833,-13.7035,1.53287,10709.9,0
7.04533,3574.22,-3.53572,-12.022,3.1939,10756.3,0
7.20191,3575.65,-16.7588,-6.55139,1.7137,10324.2,0
7.36122,3572.66,-16.9565,1.26218,3.87994,10506.1,0
7.51991,3574.57,-12.2913,1.71356,2.62678,10030.6,0
7.68202,3568.64,-13.5935,-0.0139598,6.94962,10590.7,0
7.84205,3564.49,-20.4397,-0.750541,8.83334,10903.5,0
8.00132,3562.98,-24.4843,-2.53726,9.09552,10875.3,0
8.16419,3554.82,-12.92,-4.28393,5.33422,11658.2,0
8.32345,3553.68,-9.96484,-1.79272,6.33681,11572.2,0
8.4813,3553.51,-9.57662,-1.85179,6.24263,11376.7,0
8.64166,3556.08,-8.4561,6.05459,3.64606,10867.9,0
8.79996,3551.44,-8.71342,2.18189,7.55852,11199.6,0
8.95707,3555.15,-11.035,0.429412,3.44594,10588.9,0
9.11701,3550.26,-11.1608,4.7255,7.2601,10939.5,0
9.27397,3552.51,-22.4396,13.2212,2.85685,10512,0
9.43005,3551.45,-23.4295,19.9248,2.875,10450.4,0
9.58995,3549.57,-20.0938,21.6743,4.80803,10472.7,0
9.7487,3550.4,-14.1004,23.3102,4.41466,10216.6,0
9.90891,3545.05,-19.7756,26.7521,7.74424,10591.1,0
10.0662,3549.39,-24.5876,26.3507,2.40071,9994.9,0
10.2266,3548.24,-27.221,22.5425,3.55599,9950.43,0
10.3866,3539.16,-31.6069,23.1833,10.3398,10671,0
10.5462,3535.98,-33.4989,19.1488,1.762,10811.6,0
10.704,3537.06,-33.7656,10.6171,1.73317,10551,0
10.8639,3532.3,-33.0238,7.8181,7.26317,10834.1,0
11.0218,3531.98,-39.8705,4.45681,5.00309,10707.5,0
11.1803,3531.34,-36.7776,10.9619,5.89388,10613.7,0
11.3435,3529.57,-43.2762,8.25935,5.14663,10617.1,0
11.5057,3526.15,-38.6223,7.68082,10.4394,10764.5,0
11.6661,3520.28,-37.5422,13.169,4.20635,11119,0
11.8282,3524.43,-34.4969,8.05896,1.56443,10616.2,0
11.9893,3526.04,-28.894,2.3452,2.65842,10339.4,0
12.149,3521.03,-30.9908,1.79284,7.83673,10615.3,0
12.3086,3518.1,-39.2035,-1.0055,6.23788,10716.3,0
12.4662,3517.05,-42.1541,-0.824209,4.87179,10664.8,0
12.6278,3513.88,-42.7626,2.26146,7.24471,10779.2,0
12.7861,3516.67,-35.6082,-2.13812,7.87276,10428.1,0
12.9433,3511.08,-35.0293,-2.88096,3.63695,10732.7,0
13.0983,3514.06,-27.3159,1.13393,5.40891,10378.8,0
13.258,3505.78,-28.3876,-7.37074,4.82247,10877.8,0
13.4181,3502.71,-26.21,-19.3772,5.76363,10977,0
13.5786,3501.72,-24.2424,-16.1255,10.8956,10920,0
13.7412,3499.79,-23.8237,-16.3106,2.67539,10931.7,0
13.9009,3499.5,-16.6765,-9.17163,8.07872,10826.6,0
14.065,3493.96,-17.5436,-7.40194,9.26737,11094,0
14.2242,3494.28,-9.70768,-1.59751,6.09426,10947.8,0
14.3062,3493.37,-2.12036,-0.853446,10.3722,10948.4,1
