0.158069,3644.27,43.952,-40.9379,2.53006,36253.1,0
0.31458,3648.64,34.0971,-40.9651,0.930735,4338.13,0
0.474059,3648.13,42.6183,-47.7695,0.513241,3937.99,0
0.632815,3640.37,46.954,-49.7819,3.47824,15220.4,0
0.793525,3636.8,45.7104,-49.3323,4.94403,16636.8,0
0.953032,3641.68,48.752,-48.7772,2.63921,8730.58,0
1.11279,3645.42,42.4348,-46.8091,1.44631,4115.05,0
1.27063,3640.84,50.7067,-47.078,2.96459,7211.26,0
1.43042,3637.37,52.0609,-48.5945,4.08776,8829.68,0
1.59269,3639.38,52.0992,-57.5049,2.66966,6668.86,0
1.75254,3638.56,55.0344,-51.1732,3.21316,6529.56,0
1.9119,3637.9,51.3948,-57.477,3.24635,6330.48,0
2.07271,3632.32,48.6782,-56.5299,5.80102,8528.7,0
2.23056,3637.12,55.7921,-63.3085,2.7007,5772.8,0
2.38973,3636.76,54.6605,-60.5545,3.05509,5540.19,0
2.54898,3635.82,56.281,-55.1931,3.63074,5562.73,0
2.71056,3641.7,51.9596,-54.8336,1.38474,3060.83,0
2.86996,3638.82,60.2446,-54.8498,2.1028,3896.63,0
3.03346,3636.15,53.855,-55.2482,3.54091,4565.78,0
3.19571,3639.41,52.8541,-54.6967,2.2102,3315.17,0
3.35597,3632.83,46.4252,-52.4333,5.44938,5117.06,0
3.5172,3634.44,41.9272,-47.689,5.00306,4424.81,0
3.67931,3634.95,45.3723,-51.0245,4.12422,4090.57,0
3.84285,3642.32,45.2235,-55.843,0.654432,1999.05,0
4.00292,3642.91,43.5621,-57.7855,0.357082,1770.96,0
4.16123,3634.77,52.7404,-52.5752,3.68786,3659.08,0
4.31954,3638.84,54.4387,-53.9738,1.6892,2583.56,0
4.48111,3641.12,52.8983,-55.5681,0.713805,1982.37,0
4.64283,3633.54,58.8973,-54.8349,3.64211,3545.79,0
4.80008,3623.74,61.0805,-54.2509,7.57466,5470.7,0
4.96164,3618.6,58.4566,-53.4501,8.95208,6328.88,0
5.12137,3625.72,56.1912,-49.9402,5.3772,4741.7,0
5.28112,3629.75,60.563,-54.8894,2.92101,3835.35,0
5.43866,3628.69,64.29,-50.4801,3.34777,3918.38,0
5.59895,3635.83,65.0637,-49.4452,0.241291,2530.5,0
5.75983,3630.97,60.3126,-50.0812,2.65239,3304.16,0
5.92177,3622.47,62.1662,-48.9152,6.3201,4648.32,0
6.07887,3622.18,63.8542,-39.6977,6.5717,4577.23,0
6.24063,3614.71,68.1454,-36.739,9.40508,5654.94,0
6.3971,3610.87,65.5716,-34.3799,10.4265,6117.13,0
6.55702,3612.98,63.5902,-29.9644,8.8821,5645.29,0
6.71843,3608.55,63.4527,-29.0664,10.1325,6169.19,0
6.87744,3606.12,66.6725,-26.782,9.82294,6380.96,0
7.03729,3618.81,69.9527,-30.1721,2.79108,4432.57,0
7.19958,3620.35,70.8697,-26.2421,2.08086,4118.92,0
7.36222,3618.48,74.2421,-26.7398,2.60701,4281.14,0
7.5231,3610.3,71.2438,-36.0251,6.09825,5277.29,0
7.68062,3606.92,71.5091,-35.3225,7.04008,5609.01,0
7.84179,3607.06,67.2057,-33.5448,6.87709,5475.74,0
8.00383,3610.13,66.6129,-34.8536,5.04849,4980.84,0
8.16321,3604.95,66.5027,-37.6374,7.18877,5518.78,0
8.32772,3602.72,55.8308,-31.1328,9.20516,5677.57,0
8.48668,3606.73,68.2159,-30.4407,5.58968,5098.23,0
8.64722,3605.35,61.4496,-34.6749,6.06446,5163.19,0
8.81115,3598.81,58.345,-32.5518,9.32683,5810.25,0
8.9695,3604.58,53.3861,-31.5793,6.02608,5064.08,0
9.12437,3593.13,51.1004,-31.0708,11.4742,6232.42,0
9.28694,3583.59,47.5419,-18.5246,6.02548,7151.13,0
9.4466,3579.09,52.8057,-18.7152,7.59457,7506.56,0
9.60533,3587.19,56.5256,-22.9083,1.81692,6538.9,0
9.76826,3584.67,63.9263,-27.9741,1.98062,6687.56,0
9.92477,3583.55,60.6618,-26.8385,3.11602,6695.56,0
10.0836,3583.69,65.0865,-30.6414,2.16374,6576.22,0
10.2456,3580.08,66.4457,-23.1351,4.48527,6824.06,0
10.4063,3581.91,68.4245,-22.9874,2.99662,6542.95,0
10.5659,3585.23,75.0864,-21.649,0.155498,6130.13,0
10.7229,3582.68,79.1583,-14.9852,1.14402,6277.74,0
10.8848,3583.39,70.7932,-19.6664,1.92118,6119.3,0
11.0451,3579.5,69.4428,-20.4161,4.18518,6382.66,0
11.2083,3580.57,63.4298,-17.5865,4.59321,6194.22,0
11.3683,3585.27,69.2874,-28.007,0.433166,5693.87,0
11.5302,3588.29,49.3948,-30.2537,1.18566,5351.8,0
11.6889,3582.67,57.6646,-28.1039,3.54507,5760.22,0
11.8471,3582.37,60.6701,-19.9081,3.5455,5708.81,0
12.008,3585.02,57.6912,-16.9251,2.46295,5411.79,0
12.1672,3579.14,58.6089,-19.7513,5.58896,5824.04,0
12.3276,3586.5,65.0498,-20.6185,0.21987,5150.67,0
12.4881,3577.12,63.0276,-8.46238,6.45987,5835.96,0
12.6489,3583.46,64.5326,-14.7453,2.13801,5260.47,0
12.8113,3580.96,66.7206,-19.8091,3.02419,5389.04,0
12.9729,3582.56,64.823,-19.8952,2.31815,5198.69,0
13.1343,3584.03,60.3518,-27.7399,1.68816,5022.43,0
13.2975,3580.95,55.9364,-24.1462,4.23453,5192.52,0
13.4594,3584.27,54.0314,-36.0586,1.62059,4883.29,0
13.6185,3585.64,49.4237,-36.3812,1.33111,4725.72,0
13.7775,3583.24,46.659,-47.1043,1.97279,4845.25,0
13.9358,3580.17,44.5221,-46.3495,4.0346,5011.19,0
14.0985,3574.17,37.3543,-39.0043,9.02614,5378.38,0
14.26,3577.1,41.652,-45.5112,5.41921,5112.12,0
14.423,3576.5,44.4036,-49.4274,4.81598,5096.33,0
14.5823,3575.83,42.7703,-56.3883,4.26553,5085.96,0
14.7411,3576.62,43.7852,-57.3637,3.38827,4977.72,0
14.9015,3574.05,40.5398,-61.329,4.51328,5096.88,0
15.0617,3573.61,39.4638,-62.5813,4.48821,5071.97,0
15.2207,3580.23,39.7094,-63.4708,0.428573,4584.14,0
15.3798,3573.93,41.8501,-62.2051,3.97262,4945.85,0
15.5386,3570.5,45.7458,-56.988,5.99852,5116.43,0
15.6979,3573.73,36.9515,-53.8291,5.25418,4858.68,0
15.8555,3578.53,40.3239,-47.6174,2.77717,4507.74,0
16.014,3574.58,40.1789,-48.376,5.11765,4709.41,0
16.1739,3575.54,44.7993,-47.3245,4.02869,4603.72,0
16.3365,3573.52,47.8338,-42.5688,5.15261,4681.74,0
16.4939,3570.36,45.7823,-36.5204,7.6209,4828.56,0
16.6536,3576.84,44.5509,-34.423,3.28093,4392.82,0
16.8164,3574.54,51.0708,-31.1112,3.9842,4487.42,0
16.9767,3573.19,45.7892,-36.7643,4.84468,4524.23,0
17.1367,3573.6,50.213,-36.9621,3.74595,4458.06,0
17.2945,3578.25,51.2239,-33.4076,1.05474,4148.89,0
17.4546,3572.48,48.505,-39.9828,4.23943,4441.12,0
17.6126,3571.72,50.6626,-37.593,4.5465,4444.47,0
17.7728,3577.81,56.9102,-34.1062,0.158352,4061.65,0
17.9299,3566.7,62.1025,-39.6585,5.44599,4646.14,0
18.0893,3571.28,63.3758,-39.3492,2.19237,4351.67,0
18.2469,3571.69,66.089,-45.5803,0.825884,4291.48,0
18.4094,3566.97,68.4527,-55.8142,1.84797,4510.27,0
18.5679,3566.44,66.8903,-58.7049,1.90014,4500.01,0
18.7288,3563.29,65.4309,-63.1577,3.2473,4629.77,0
18.8865,3561.42,70.4856,-59.5605,4.02738,4690.06,0
19.0502,3555.23,74.3339,-51.6701,7.80447,4974.85,0
19.2117,3563.4,79.8022,-42.2731,2.79868,4507.81,0
19.3709,3560.58,81.2258,-43.9015,3.94744,4615.95,0
19.53,3554.94,80.3858,-45.6813,6.93319,4867.63,0
19.6888,3554.82,75.113,-45.4144,7.77486,4834.22,0
19.8524,3552.94,77.5232,-39.7342,8.54908,4889.29,0
20.0117,3553.52,77.6623,-34.5421,8.07456,4821.04,0
20.1722,3549.64,78.6878,-42.1829,8.62867,4974.95,0
20.3316,3550.89,87.9932,-38.9954,5.50991,4874.67,0
20.4293,3549.7,92.1654,-38.8286,5.00779,4909.43,0
