0.159597,3642.32,48.8481,-8.52136,2.84265,48126,0
0.318026,3636.12,46.3686,-10.5696,5.50153,43642.7,0
0.474143,3636.18,46.3337,-0.730844,5.39335,29146.1,0
0.634746,3634.79,49.9254,-1.42837,5.61648,23965.6,0
0.792706,3636.03,46.484,0.83232,5.04617,17622.6,0
0.954777,3635.54,47.258,-4.39257,5.07076,15140.6,0
1.11741,3629.62,42.3595,-2.86871,7.50451,18236.1,0
1.27664,3630.54,37.8218,-2.96848,6.98448,15243.2,0
1.43366,3632.32,33.3756,1.30508,6.10331,12334.9,0
1.58976,3629.97,30.4677,-7.11645,6.91878,12596.9,0
1.74773,3637.21,33.7573,-9.51605,2.96902,7315.28,0
1.90586,3632.68,39.7885,-11.8297,4.71232,9085.71,0
2.06589,3636.82,43.0691,-11.2477,2.55898,6377.78,0
2.22569,3634.11,39.3022,-11.6584,3.86088,7141.42,0
2.38682,3630.71,43.2044,-15.1014,4.99515,8081.39,0
2.54911,3634.29,46.3303,-14.3269,3.08904,6161.52,0
2.70356,3631.09,44.7951,-4.44275,4.68358,6992.93,0
2.86261,3626.47,47.003,-6.0344,6.40113,8220.35,0
3.02402,3621.77,46.6282,-11.1821,8.01165,9334.8,0
3.18397,3622.57,43.7058,-4.33957,7.29942,8614.82,0
3.34527,3610.83,44.5699,-5.57876,12.2435,11708.3,0
3.50755,3605.22,46.7574,2.09087,3.37829,12765.6,0
3.66572,3608.11,56.0152,-1.58941,0.962966,11427.6,0
3.82705,3605.72,53.8267,-4.53913,2.40666,11570.4,0
3.98413,3604.64,59.5458,0.429927,2.38507,11384.2,0
4.14409,3606.55,61.5239,-1.5603,1.16482,10484.2,0
4.30229,3608.09,56.5854,2.14276,0.867341,9742.3,0
4.46214,3606.85,60.6829,-0.375624,1.09599,9669.5,0
4.62304,3594.77,63.0417,-1.64702,7.02141,11947,0
4.78317,3585.68,62.9845,-1.93487,11.1683,13447.4,0
4.94545,3589.55,60.6959,-1.31045,8.4654,12222.7,0
5.10621,3591.56,52.7493,-7.00046,7.68097,11445.8,0
5.26711,3590.3,53.6342,0.634386,7.58546,11334.4,0
5.42779,3601.94,50.2139,1.08585,1.15451,8855.34,0
5.59124,3599.76,44.7669,-13.8281,2.62387,8984.62,0
5.75343,3596.87,57.2293,-7.99757,3.04675,9234.45,0
5.918,3593.71,72.4079,-6.82222,2.83785,9511.08,0
6.07897,3591.24,65.2507,-5.03395,5.21218,9666.45,0
6.23564,3583.34,64.5774,-6.95063,9.18221,10690.1,0
6.39536,3573.41,58.3057,-7.24343,3.76329,11975.6,0
6.55149,3568.37,60.9438,-3.09061,6.21883,12459.9,0
6.70791,3572.03,53.6403,-3.27647,4.96711,11623.5,0
6.8688,3577.61,50.8198,-5.18625,1.78126,10539.3,0
7.0288,3576.18,58.4581,-6.7407,1.43902,10502.6,0
7.18713,3573.18,58.0707,1.64357,3.4377,10688.8,0
7.34383,3573.45,51.3189,-6.06839,4.23728,10423.2,0
7.50304,3579.53,50.9427,-9.58241,0.133353,9391.62,0
7.65943,3573.56,53.9603,-19.4672,3.0225,9979.53,0
7.81829,3573.74,67.8645,-17.1116,0.650545,9754.27,0
7.97903,3564.9,74.0051,-12.3238,5.01068,10665.3,0
8.13754,3565.29,68.5519,-17.9807,5.45467,10410.3,0
8.29674,3568.21,71.9296,-16.1049,2.99019,9858.65,0
8.4588,3569.61,78.7124,-16.764,0.694591,9503.23,0
8.61533,3563.39,74.879,-15.4525,5.23263,10053.3,0
8.77755,3570.64,74.0041,-5.84371,1.24354,9040.95,0
8.93783,3567.26,75.4354,0.941892,2.98065,9257.23,0
9.09818,3568.41,71.0284,-3.40915,3.01496,8967.76,0
9.25713,3571.78,62.516,3.20741,2.44603,8450.03,0
9.42115,3569.99,62.4467,5.58204,3.56563,8492.31,0
9.58027,3575.98,54.293,8.7582,1.07436,7726.73,0
9.73852,3574.62,53.4404,8.2222,2.06339,7740.17,0
9.89714,3571.85,55.7362,14.2969,3.23756,7896.67,0
10.0578,3569.33,61.6217,13.3761,3.76001,8020.66,0
10.2164,3569.21,67.6225,10.3436,2.64802,7907.56,0
10.3755,3562.95,65.3138,14.0959,6.55691,8389.54,0
10.5372,3560.88,70.8464,12.5204,5.78484,8457.32,0
10.6968,3560.28,75.9993,11.0524,4.73466,8387.5,0
10.8555,3556.43,82.4876,9.76583,5.34361,8619.44,0
11.0163,3558.61,80.9398,3.40493,4.29637,8296.2,0
11.178,3567.57,74.1797,-10.7435,0.129922,7374.55,0
11.3345,3566.4,68.8298,-8.52512,1.9742,7376.04,0
11.4929,3564.94,62.2125,-5.24303,4.36245,7401.43,0
11.651,3570.75,62.7622,-6.78018,0.340579,6802.24,0
11.8124,3569.43,62.9594,-7.56547,1.11679,6820.47,0
11.9726,3562.48,57.966,-1.94069,6.59267,7310.31,0
12.1306,3559.83,65.0497,-2.56203,6.59472,7433.56,0
12.2886,3562.96,62.3812,-4.43571,4.88492,7083.25,0
12.4483,3564.57,75.3064,-5.30733,1.01112,6862.55,0
12.6099,3558.09,73.6428,-7.86569,5.31635,7289.1,0
12.7681,3563.95,72.1061,-2.24507,1.94268,6739.35,0
12.9295,3557.23,67.6637,-4.17642,7.14606,7174.99,0
13.0921,3559.34,73.2205,-10.4361,3.96798,6924.49,0
13.2528,3565.2,68.5886,-6.53008,1.36605,6398.98,0
13.4112,3562.99,77.3973,-11.6946,0.623811,6487.7,0
13.5716,3555.57,83.3243,-20.1686,3.35253,6957.83,0
13.7339,3553.1,78.5394,-21.3042,5.85026,7055.74,0
13.8954,3556.03,73.9755,-30.3926,4.23066,6762.66,0
14.0555,3558.42,61.4765,-30.1917,5.3632,6515.76,0
14.2118,3556.72,61.8917,-29.9345,6.31204,6563.53,0
14.3758,3563.11,57.9185,-27.7558,2.81283,6043.85,0
14.5334,3560.59,60.1994,-22.4712,4.38403,6152.09,0
14.6948,3559.05,68.1781,-20.6006,3.74656,6189.52,0
14.8549,3562.57,70.0292,-13.6852,1.44422,5885.33,0
15.0128,3562.05,63.6598,-20.3726,2.73037,5858.05,0
15.1729,3560.29,63.5709,-30.5733,2.92899,5912.22,0
15.3307,3558.35,68.7576,-33.8984,2.7375,5978.51,0
15.4914,3559.06,67.0347,-32.6953,2.6669,5870.19,0
15.6534,3554.57,64.1888,-18.7191,7.38984,6096.68,0
15.8089,3556.05,63.3173,-13.9291,6.49811,5943.06,0
15.9692,3563.88,65.7791,-13.0856,0.58767,5393.19,0
16.1285,3563.76,57.8206,-9.36264,2.43471,5346.83,0
16.2905,3559.99,59.7763,-6.12134,4.44176,5525.46,0
16.4518,3560.98,54.0482,-12.0177,4.58025,5411.04,0
16.6092,3564.02,59.0616,-13.1564,1.2482,5176.8,0
16.773,3558.52,56.1857,-12.1813,5.38692,5453.96,0
16.9312,3554.14,55.7508,-15.7661,8.0985,5661.52,0
17.0912,3547.17,60.9006,-17.5393,10.9225,6016.76,0
17.2521,3554.01,68.9721,-15.0459,3.83139,5564.08,0
17.4129,3553.85,66.9975,-18.9288,4.13406,5521.54,0
17.5727,3551.57,66.5185,-17.5449,5.89186,5601.28,0
17.7342,3548.49,65.5681,-18.286,7.86467,5723.91,0
17.8961,3548.05,66.1578,-21.5753,7.10265,5696.52,0
18.0568,3545.12,64.9303,-19.9969,8.91697,5808.16,0
18.2212,3543.99,69.775,-18.1357,7.53347,5818.12,0
18.3799,3542.16,65.0234,-13.3879,9.56192,5867.16,0
18.5387,3539.02,66.718,-11.5852,10.2883,5986.63,0
18.7,3534.43,59.9391,-13.8679,3.0254,6180.14,0
18.8624,3530.64,66.307,-16.0854,3.37064,6327.67,0
19.0208,3530.53,67.3352,-13.7911,3.22641,6281.15,0
19.1779,3526.31,68.4,-17.1052,5.2057,6449.82,0
19.3408,3529.09,74.062,-17.2809,0.808938,6251.31,0
19.5019,3521.73,68.6041,-4.53174,9.34162,6577.46,0
19.6584,3514.74,64.4551,-11.9741,4.66959,6880.48,0
19.8183,3512.02,65.2323,-9.59536,6.79424,6962.17,0
19.9769,3509.3,64.9182,-13.3058,8.30129,7042.95,0
20.1371,3506.14,67.7093,-13.9939,8.66694,7144.08,0
20.2976,3509.93,69.9805,-8.07234,4.48525,6901.02,0
20.4592,3515.29,66.9208,-16.8146,0.677411,6584.1,0
20.6162,3512.8,65.5345,-16.4199,3.42287,6654.89,0
20.7775,3511.25,69.122,-8.8706,3.48827,6677.81,0
20.936,3507.9,77.3846,-7.03471,1.80699,6787.51,0
21.0961,3505.1,79.7021,-4.07457,2.83009,6868.33,0
21.254,3505,71.1539,-13.1963,7.04589,6822.43,0
21.4096,3501.34,72.8778,-10.6857,8.4425,6943.39,0
21.571,3499.3,67.4684,-9.01458,1.33682,6986.15,0
21.7314,3495.56,58.1686,-8.12337,11.339,7106.8,0
21.8942,3482.41,68.7944,-20.5976,0.920578,7654.36,0
22.0524,3480.38,67.9669,-27.0494,1.56012,7691.74,0
22.2085,3483.29,63.1401,-23.0705,3.66596,7506.71,0
22.3682,3479.4,67.4913,-26.5901,2.53986,7627.05,0
22.5276,3476.3,65.9246,-26.4214,5.8945,7710.73,0
22.6864,3472.56,66.8888,-25.3729,8.09833,7821.52,0
22.8447,3468.11,58.2066,-27.3158,6.54812,7961.81,0
23.0052,3467.4,50.2266,-26.6164,3.33725,7937.28,0
23.1623,3465.92,50.0374,-20.9632,7.56937,7947.49,0
23.3206,3462.6,40.6112,-21.9095,10.4638,8035.75,0
23.4807,3463.41,40.2832,-18.6144,0.311275,7946.42,0
23.6425,3461.77,37.1999,-22.6684,3.06786,7961.46,0
23.8049,3460.02,35.9692,-23.6208,5.80001,7980.86,0
23.9617,3456.78,33.7332,-25.9526,9.8778,8063.76,0
24.1186,3458.91,26.259,-24.6306,8.67602,7922.86,0
24.2762,3454.38,32.5786,-23.9725,4.34628,8057.92,0
24.4351,3453.73,31.519,-16.1906,3.80167,8032.09,0
24.5956,3451.48,28.9792,-19.6798,7.02361,8071.25,0
24.6116,3449.95,29.495,-20.3098,6.71876,8128.13,0
