0.157035,3646.67,51.418,-13.6236,1.3317,21179,0
0.320829,3645.33,46.6303,-23.6057,1.95488,14565.4,0
0.48133,3640.54,55.4517,-17.301,3.60154,19652.6,0
0.639584,3643.15,53.3614,-17.0934,2.59551,10705,0
0.801501,3636.23,50.2662,-13.3978,5.78304,17186,0
0.95907,3637.74,53.0972,-11.663,4.80341,12786.5,0
1.12283,3640.05,56.4459,-5.15584,3.49821,8861.37,0
1.28485,3643.79,65.8731,-2.51557,1.2152,4832.18,0
1.44523,3641.53,79.4026,-10.4488,1.10205,5862.07,0
1.60453,3640.32,83.1332,-7.74229,1.32916,6033.36,0
1.76348,3631.38,90.3901,-6.15554,4.45546,10556.8,0
1.92223,3630.21,84.4715,-3.95681,5.27905,10292.7,0
2.07935,3625.8,80.1796,7.0091,7.27222,11640.3,0
2.23951,3625.6,75.9444,8.89951,7.15746,10895.4,0
2.39686,3618.1,79.6829,2.39919,9.52698,13307.9,0
2.55613,3614.49,82.9067,-5.92244,9.70094,13891.2,0
2.71576,3610.61,79.1496,-4.38086,10.9778,14503.4,0
2.87929,3608.93,81.7551,-4.80869,10.3227,14262.4,0
3.03978,3608.52,79.0282,-7.36194,9.45241,13644.1,0
3.1987,3601.89,81.534,-8.87053,11.1974,15041.7,0
3.35715,3594.83,87.3862,-1.70712,2.0553,16433.9,0
3.51729,3594.16,93.4073,-0.553037,1.42569,15874.7,0
3.6745,3589.84,85.1407,-4.19435,4.80222,16373.1,0
3.83597,3589.45,76.4334,-3.2626,5.97582,15784,0
3.99452,3591.22,73.4678,-6.29606,5.15427,14713.9,0
4.15383,3595.01,71.7471,-0.670529,3.11569,13238.1,0
4.31661,3595.28,70.1821,-7.02204,3.08883,12677.7,0
4.48006,3594.4,63.4491,-5.44638,4.42818,12410,0
4.63756,3598.84,49.7083,-16.7031,3.23402,11032.6,0
4.79827,3599.61,44.3255,-15.4077,3.30211,10501.1,0
4.95276,3595.46,54.5713,-20.5546,4.18128,11011.6,0
5.11494,3589,57.5627,-18.9941,7.35815,11925.7,0
5.27277,3585.12,52.5899,-25.8125,9.11188,12304.5,0
5.43353,3590.45,54.711,-25.579,5.05324,10959.2,0
5.59114,3591.02,57.5313,-18.7543,4.65639,10549.1,0
5.75399,3590.28,67.9231,-31.8816,2.78185,10378.4,0
5.91547,3591.87,68.0939,-31.5058,1.87329,9825.96,0
6.07857,3586.01,64.2853,-31.8217,5.44625,10527.7,0
6.23732,3583.03,65.9421,-33.3242,6.46121,10736.7,0
6.39626,3589.87,64.8285,-42.0485,2.08416,9400.41,0
6.55916,3590.47,68.5212,-42.8415,1.21881,9075.6,0
6.72053,3586.35,67.4216,-38.3902,3.86952,9471.32,0
6.87886,3586.84,64.6835,-41.6406,3.46154,9181.53,0
7.03977,3580.29,74.7558,-47.025,5.02347,9901.61,0
7.19665,3580.47,72.5713,-47.6365,4.95576,9660.92,0
7.35739,3578.36,65.3949,-50.1476,6.41302,9736.67,0
7.51625,3576.16,67.3331,-48.4749,7.08223,9823.59,0
7.67507,3580.7,66.1209,-44.5526,4.5827,9028.91,0
7.83731,3570.38,56.0727,-36.9765,12.0244,10159.1,0
7.99641,3564.52,60.7867,-29.888,3.82968,10689.6,0
8.15454,3560.43,60.3478,-30.5633,6.37695,10984.4,0
8.31453,3556.39,63.8557,-22.7134,7.91609,11258.9,0
8.47613,3559.73,65.0995,-18.4147,4.77453,10649.6,0
8.63779,3559.98,65.3137,-18.1408,4.27995,10421.2,0
8.79406,3564.64,60.4752,-20.1183,2.03462,9706.47,0
8.95757,3555.99,52.5712,-22.6667,9.01737,10495.5,0
9.11841,3556.71,53.3505,-20.5353,7.47567,10231,0
9.2768,3557.47,54.5378,-22.2351,5.75451,9973.98,0
9.43838,3551.73,51.6784,-20.5408,10.054,10411.5,0
9.59653,3551.33,54.623,-23.927,8.15401,10281.7,0
9.75758,3552.63,47.3578,-28.1274,7.83639,9978.94,0
9.91762,3557.17,49.6512,-25.5097,3.73695,9360.12,0
10.0841,3558.99,50.5401,-22.4257,2.26537,9024.66,0
10.2438,3556.46,51.1031,-15.6437,4.44435,9131.2,0
10.4063,3554.11,52.3576,-11.7395,5.99216,9215.02,0
10.5636,3551.19,51.1218,-13.9625,8.07361,9354.3,0
10.7249,3553.5,56.152,-7.28047,4.87382,8998.21,0
10.8842,3554.06,62.4038,0.448811,2.93402,8814.2,0
11.0438,3552.41,55.3801,3.60878,5.86535,8836.63,0
11.2018,3555.82,55.267,-6.20864,3.18148,8407.76,0
11.3618,3553.21,50.4393,-11.6584,5.88137,8518.63,0
11.5229,3555.69,60.8878,-8.68959,1.58356,8184.25,0
11.6824,3544.48,62.9365,-11.3451,8.6207,9032.53,0
11.8425,3542.09,61.8808,-17.3205,9.91042,9112.1,0
12.0059,3535.15,59.3777,-18.8064,3.49761,9565.84,0
12.1625,3532.37,67.3608,-29.029,1.45292,9671.55,0
12.3241,3529.54,57.3153,-24.8694,7.753,9774.54,0
12.4839,3529.87,53.1325,-24.471,8.50292,9622.52,0
12.6411,3525.81,54.8481,-22.6292,10.5249,9824.7,0
12.8044,3519.48,59.1771,-25.6071,0.868766,10193.1,0
12.9662,3516.16,56.654,-23.9077,4.98322,10322.1,0
13.1281,3522.08,54.0178,-21.8276,1.23925,9743.66,0
13.2857,3520.59,48.2592,-32.3096,2.67941,9740.41,0
13.4443,3517.99,46.1705,-34.8984,4.74927,9818.91,0
13.6064,3522.2,39.8601,-36.3889,2.66532,9392.41,0
13.7675,3513.56,46.7946,-32.1737,9.20639,9910.17,0
13.9277,3519.42,49.4188,-26.6384,3.67984,9375.44,0
14.0867,3518.56,47.4857,-15.0772,7.80499,9331.15,0
14.2492,3508.68,44.4548,-10.0453,9.18624,9917.46,0
14.4063,3502.48,40.1964,-10.4484,7.95956,10240,0
14.567,3503.26,43.1103,-9.58141,4.32134,10073.2,0
14.7256,3505.36,43.7185,-1.8531,2.10288,9822.4,0
14.8836,3504.03,40.6563,1.96027,5.72829,9807.74,0
15.0449,3501.11,36.1212,-1.71135,2.13122,9896.12,0
15.204,3505.64,29.7237,5.94583,1.83167,9494.58,0
15.3625,3503.26,26.1265,5.50493,9.86847,9552.08,0
15.5206,3494.78,23.2811,10.82,3.74753,10000.7,0
15.6808,3488.11,18.4714,0.397648,9.38827,10324.1,0
15.8409,3485.46,14.735,0.544551,3.80621,10387.2,0
16.0011,3486.11,7.90794,-3.15416,14.4199,10242.5,0
16.0355,3486.13,3.32243,-1.57191,8.55674,10219.1,1
