0.157758,3640.48,15.1164,-41.1734,3.96352,60347.6,0
0.315458,3640.34,23.4715,-45.5265,3.56501,30617.8,0
0.475643,3644.19,16.8063,-40.9562,2.15306,12221.3,0
0.635228,3646.28,20.127,-35.6017,1.38671,5854.66,0
0.799533,3638.97,25.9548,-31.8208,4.56082,13793.8,0
0.959893,3636.45,25.9312,-47.3329,4.90769,14113.7,0
1.11706,3639.89,21.877,-54.6863,2.79786,9046.86,0
1.278,3642.3,31.8307,-45.5859,1.93645,6026.17,0
1.44246,3636.69,26.0061,-56.1697,3.96795,9230.72,0
1.60133,3633.75,25.3037,-60.4596,4.84526,10144.8,0
1.76015,3633.33,24.5906,-64.8411,4.56695,9472.57,0
1.91832,3636.71,28.846,-71.8738,2.42346,6928.96,0
2.07645,3636.52,16.6983,-89.2084,1.29844,6493.44,0
2.18971,3632.5,17.4086,-98.4903,2.07359,7991.57,0
