0.160849,3640.91,34.1304,0.0566677,3.83481,56487.4,0
0.320798,3645.53,40.8825,-0.0712173,1.45633,13943.6,0
0.481221,3639.23,43.3255,0.228415,4.11415,22381.3,0
0.64106,3644.6,41.0066,0.83511,1.78125,8426.06,0
0.795444,3642.86,31.025,-0.176369,2.87868,8974.78,0
0.954973,3645.41,40.8025,-2.65036,1.3508,4807.09,0
1.11534,3641.24,38.0506,0.953709,3.30938,7855.57,0
1.27318,3644.94,41.9792,-15.09,1.32085,3971.03,0
1.43248,3641.9,39.9226,-26.3602,2.45658,5657.21,0
1.59202,3642.5,35.9479,-22.9107,2.41031,4709.68,0
1.75182,3635.84,33.6501,-14.2146,5.56443,8083.03,0
1.91147,3642.36,38.5419,-13.431,2.15148,3995.92,0
2.07412,3638.51,47.3807,-19.9161,3.31406,5541.17,0
2.23552,3637.28,51.7379,-24.0968,3.39728,5690.45,0
2.39338,3639.33,46.4753,-23.885,2.68688,4459.44,0
2.55385,3637.63,38.8311,-27.3904,3.70609,4845.19,0
2.71463,3629.99,35.6761,-31.8813,7.09718,7371.01,0
2.87823,3623.68,34.4547,-32.3105,9.59519,9144.32,0
3.04087,3624.44,31.5176,-30.8153,8.52264,8407.03,0
3.20001,3630.84,34.7435,-36.3441,4.61074,5987.86,0
3.35828,3633.7,48.3477,-38.6255,2.50943,4852.32,0
3.52047,3625.33,53.0789,-42.6191,5.74612,7007.96,0
3.67984,3620.81,54.4891,-40.9252,7.38763,7932.26,0
3.83877,3626.85,53.2642,-42.2406,4.20822,6029.48,0
3.9998,3621.5,50.2596,-46.8744,6.2751,7126.54,0
4.16074,3622.82,52.8537,-39.4748,5.5868,6531.92,0
4.32455,3631.16,56.8091,-31.3261,1.54517,4357.28,0
4.48272,3628.13,55.4638,-28.727,3.08221,4879.8,0
4.64146,3631.54,61.548,-34.8196,0.864003,3976.39,0
4.80278,3624.95,55.1707,-32.3414,4.38122,5215.58,0
4.95923,3626.6,52.11,-26.2075,3.92983,4717.73,0
5.1208,3623.11,56.9558,-29.6462,4.99852,5251.04,0
5.28097,3624,62.4206,-29.833,4.07898,4923.14,0
5.44215,3624.33,57.477,-35.3342,3.97212,4717.51,0
5.60214,3622.57,52.1018,-38.0487,5.00035,4895.71,0
5.76271,3627.11,56.873,-40.4406,2.2703,3972.8,0
5.92644,3629.8,58.1316,-41.6858,0.886888,3407.97,0
6.0857,3623.97,61.4921,-42.7889,3.22743,4277.85,0
6.24361,3622.57,55.832,-52.5679,3.53173,4392.6,0
6.40523,3621.65,59.4735,-50.4769,3.78943,4425.85,0
6.56525,3622.49,60.9884,-55.0102,2.98302,4189.77,0
6.72674,3613.45,54.6586,-53.5943,7.35198,5433.53,0
6.88448,3611.29,51.9891,-57.1952,7.39686,5622.89,0
7.04594,3614.63,56.8585,-53.9147,5.25837,5020.35,0
7.20228,3611.06,59.4571,-53.3402,6.39582,5406.79,0
7.35811,3611.07,56.4762,-52.232,6.43588,5291.36,0
7.52112,3619.4,57.6029,-60.0403,1.62941,4069.03,0
7.67684,3615.75,62.3951,-58.8944,2.98703,4461.89,0
7.83329,3620.81,55.5015,-49.2278,1.84021,3726.6,0
7.99403,3620.53,66.4405,-49.2014,1.10875,3686.41,0
8.15528,3615.15,74.9361,-50.9401,2.67553,4273.27,0
8.31418,3615.43,72.4959,-51.8021,2.71092,4158.48,0
8.4714,3613.36,75.8668,-43.9951,3.73596,4325.71,0
8.63326,3613.98,74.9322,-43.8308,3.56382,4172.22,0
8.79357,3616.87,79.8906,-46.7235,1.56857,3766.99,0
8.95042,3616.3,81.8177,-50.9842,1.36729,3765.64,0
8.95734,3616.39,84.273,-53.8618,0.894677,3752.39,0
