0.160156,3638.67,-20.5584,-47.0734,5.24991,70762,0
0.319065,3634.82,-22.1721,-47.4964,6.64594,47589.7,0
0.478777,3648.28,-32.4416,-49.3902,0.156295,3602.63,0
0.639153,3642.47,-37.7175,-51.4718,2.36047,11788.5,0
0.803031,3642.7,-28.2443,-46.3194,2.78983,9092.62,0
0.963648,3638.47,-19.8452,-44.3457,5.02028,11960.6,0
1.12344,3632.15,-20.1824,-47.3943,7.36379,15884.7,0
1.28282,3632.26,-22.3947,-48.7394,6.77768,13832.1,0
1.43979,3632.72,-15.6115,-44.8651,6.6689,12002.3,0
1.59828,3631.7,-20.9968,-50.1502,6.44218,11451.5,0
1.76009,3635.01,-17.7741,-45.4074,4.90374,8516.24,0
1.91812,3637.76,-12.0344,-44.8916,3.67599,6380.01,0
2.07653,3637.3,-21.4772,-37.9838,4.00242,6117.8,0
2.23199,3636.38,-18.1939,-36.1958,4.37865,6101.6,0
2.3937,3631.22,-18.4094,-42.663,6.2466,7845.23,0
2.55413,3635.9,-19.1478,-45.7777,3.75678,5519.85,0
2.716,3637.26,-19.8749,-46.6804,3.0043,4689.28,0
2.87703,3639.55,-26.4747,-55.0267,1.28257,3630.78,0
3.03533,3642.23,-29.5509,-42.2875,0.674341,2559.7,0
3.19582,3639.76,-31.4513,-40.6889,1.73316,3203.1,0
3.36069,3641.66,-34.3802,-39.1896,0.790368,2482.31,0
3.51968,3634.87,-43.3285,-41.6802,3.28339,4297.8,0
3.67563,3639.28,-51.8511,-38.8088,0.999098,2916.36,0
3.83676,3637.97,-35.4381,-33.8327,2.60547,3135.48,0
3.99438,3641.16,-30.7519,-24.6367,1.64897,2214.12,0
4.15568,3643.04,-15.6532,-17.5877,1.36085,1674.61,0
4.31364,3641.98,-20.2192,-3.54893,1.89312,1860.25,0
4.47498,3639.23,-20.9219,6.27573,3.05204,2407.82,0
4.63257,3640.95,-16.8061,4.8021,2.25597,1954.15,0
4.7957,3636.92,-18.283,0.849841,3.99009,2727.65,0
4.95872,3634.96,-18.6749,-1.93843,4.63631,3032.34,0
5.11853,3635.25,-12.5056,2.98629,4.37117,2881.91,0
5.27465,3636.13,-6.92289,8.83792,3.84066,2629.21,0
5.43905,3637.18,-11.6342,15.8087,3.1258,2357.17,0
5.60019,3637.12,-11.6356,24.0797,2.87397,2299.27,0
5.75868,3628.8,-9.08139,24.8113,6.58796,3681.1,0
5.9207,3631.29,-12.4907,24.7375,5.05593,3160.14,0
6.08421,3635.21,-18.7038,24.5469,3.03609,2430.74,0
6.24463,3633.62,-21.6368,30.9531,3.44413,2623.14,0
6.40218,3626.43,-20.0559,36.7113,6.29108,3680.89,0
6.5631,3635.16,-13.822,37.4282,2.0084,2260.68,0
6.72203,3626.31,-13.8388,46.8557,5.65972,3524.46,0
6.87939,3622.75,-14.3818,39.979,7.25819,3961.21,0
7.03993,3619.97,-16.6888,42.3008,7.69265,4265.99,0
7.20191,3620.81,-12.4461,44.4785,6.74488,4053.13,0
7.36117,3620.16,-17.829,42.1759,6.76826,4053.11,0
7.51884,3619.81,-15.9776,42.948,6.49865,4014.73,0
7.67776,3625.23,-15.5905,37.0198,4.02514,3225.67,0
7.83915,3612.59,-16.554,42.1221,9.69502,4772.77,0
8.00149,3610.87,-19.697,41.7289,9.61663,4889.87,0
8.15946,3619.27,-13.0268,40.2672,5.00432,3766.49,0
8.32027,3615.79,-16.6979,44.2768,6.15386,4111.86,0
8.48452,3610.03,-18.1055,52.3931,8.04145,4711.2,0
8.64632,3610.97,-11.6425,59.8899,6.83717,4514.04,0
8.80617,3617.32,-17.558,71.3982,2.36654,3710.97,0
8.96212,3618.59,-30.2998,72.0176,1.29708,3504.45,0
9.12032,3612.7,-35.3191,65.9716,4.39886,4090.23,0
9.28095,3615.4,-35.9107,64.137,3.18653,3727.55,0
9.4377,3614.9,-43.5633,70.9348,2.34118,3718.8,0
9.59825,3607.38,-34.1608,76.0652,5.72005,4440.14,0
9.75657,3600.16,-36.6562,77.3014,8.63369,5108.45,0
9.91625,3594.99,-38.2146,74.0247,10.812,5547.02,0
10.0771,3597.71,-44.4573,76.6883,8.04658,5189.13,0
10.2394,3609.77,-41.722,73.8394,2.45555,3928.95,0
10.3993,3607.8,-39.2433,74.4444,3.41659,4058.18,0
10.5582,3614.07,-37.9868,72.2272,0.728142,3402.95,0
10.7175,3612.61,-27.534,59.613,3.08783,3488.84,0
10.876,3616.26,-14.6681,55.0078,2.06003,3101.82,0
11.0343,3612.93,-9.0977,57.6418,3.56699,3359.88,0
11.1943,3609.94,-8.16941,49.9344,5.43604,3578.86,0
11.3541,3618.53,-11.0762,35.202,1.76777,2771.49,0
11.5154,3618.29,-23.8876,38.3904,1.33001,2753.32,0
11.678,3619.76,-17.2666,32.9676,1.0758,2589.24,0
11.838,3616.14,-13.3452,36.481,2.79554,2860.32,0
11.997,3610.96,-7.48551,33.3491,5.61734,3254.33,0
12.1546,3615.16,-10.8342,44.3118,2.51878,2866.01,0
12.3157,3615.04,-4.05349,40.3364,2.87747,2838.83,0
12.4756,3611.67,-1.20978,42.4096,4.43292,3072.46,0
12.6402,3615.79,-12.056,37.7008,2.38622,2706.27,0
12.8009,3618.05,-16.6753,37.827,1.10631,2495.71,0
12.9596,3614.79,-14.0403,30.1769,3.24818,2717.2,0
13.1222,3618.8,-8.00036,23.5509,1.60349,2377.68,0
13.2793,3611.55,-4.26275,28.2484,5.12599,2895.56,0
13.4426,3615.53,-3.71374,23.1789,3.05033,2564.39,0
13.6012,3617.17,-0.944122,23.4147,2.17136,2413.8,0
13.7584,3617.43,1.54707,23.7254,1.9847,2367.23,0
13.9206,3620.17,5.77506,25.9944,0.407354,2142.5,0
14.0779,3610.8,5.47654,19.4741,5.53287,2784.81,0
14.2367,3620.89,11.3785,17.1382,0.0460895,2044.61,0
14.3964,3616.53,18.2343,10.8893,2.29543,2324.55,0
14.5523,3619.99,18.093,0.247523,0.585687,2062.54,0
14.7107,3616.8,15.7878,-0.47965,2.28613,2256.57,0
14.8702,3611.49,21.0445,3.02084,4.91737,2590.02,0
15.0287,3614.07,19.3068,-4.75927,3.51682,2390.71,0
15.1915,3615.95,20.3252,1.57818,2.39825,2241.4,0
15.3529,3609.67,17.7888,-1.69073,5.72683,2626.65,0
15.5086,3611.68,23.7361,-1.16072,4.26232,2471.17,0
15.673,3606.52,25.5882,-5.3483,6.79542,2774.34,0
15.8341,3602.84,29.8178,-6.28135,8.09546,2978.1,0
15.9955,3598.36,32.471,-5.19483,9.68622,3228.55,0
16.1578,3587.24,29.6682,-1.11597,4.59953,3883.98,0
16.3165,3593.24,27.8056,-3.61893,0.81811,3478.81,0
16.4767,3590,27.8367,-2.59322,2.78615,3641.5,0
16.6349,3589.93,23.6401,-10.4642,2.98596,3610.94,0
16.7947,3590.14,20.4106,-4.69281,3.11589,3564.34,0
16.9574,3582.91,17.9389,-2.12584,7.98124,3956.33,0
17.1196,3578.23,14.8608,-3.50639,10.4882,4192.13,0
17.28,3565.5,18.1673,-3.65732,7.92791,4890.13,0
17.4395,3562.99,13.186,-7.55372,9.04994,4989.13,0
17.5986,3564.13,20.6342,-5.32657,7.0316,4879.52,0
17.7563,3564.6,17.217,-8.26301,6.28378,4809.56,0
17.913,3564.09,16.1274,-1.76344,6.76381,4796.11,0
18.0714,3568.3,15.5954,-4.46466,2.87099,4520.77,0
18.2329,3560.83,19.9627,-4.23623,7.91532,4890.5,0
18.3926,3558.64,20.4507,-4.70949,8.77262,4967.04,0
18.5532,3559.42,19.5797,-11.5569,7.02509,4882.43,0
18.7131,3555.6,20.6931,-14.2473,9.47963,5044.77,0
18.8736,3559.11,12.7263,-15.1815,6.01116,4815.92,0
19.0321,3555.22,14.436,-16.4415,8.7782,4979.91,0
19.1937,3551.15,12.9276,-15.6883,11.5375,5150.38,0
19.354,3550.68,12.9917,-9.54865,0.858327,5131.78,0
19.5155,3547.62,15.0967,-17.2748,2.75542,5246.23,0
19.6769,3546.29,8.40015,-6.68947,5.97825,5270.7,0
19.838,3544.63,10.2034,-14.2639,6.08774,5311.5,0
19.997,3540.72,5.227,-20.488,8.99667,5464.82,0
20.1559,3537.3,3.5148,-15.1056,2.17427,5591.27,0
20.3134,3539.63,0.970965,-7.8252,0.420953,5433.56,0
20.4739,3537.7,-2.05301,-3.14202,3.22029,5485.08,0
20.6307,3534.54,2.32665,-4.40774,7.33244,5596.32,0
20.7916,3535.54,2.87215,-7.28041,5.45521,5505.15,0
20.9504,3535.22,4.08262,-3.11091,5.75395,5478.57,0
21.1073,3532.49,8.95699,-8.71975,8.06634,5567.44,0
21.2676,3527.71,5.73276,-6.82596,4.11487,5750.01,0
21.4283,3522.34,4.56728,-3.85712,2.26974,5957.43,0
21.5892,3521.43,10.9885,2.91315,2.24568,5955.22,0
21.7479,3521.21,7.64634,-11.7413,1.3237,5921.79,0
21.9049,3514.76,13.6294,-16.1685,8.23524,6173.73,0
22.0634,3512.93,13.604,-21.2345,7.05001,6212.53,0
22.2202,3510.23,6.95211,-20.9073,3.03206,6290.03,0
22.3782,3505.38,7.63472,-15.387,6.60042,6462.46,0
22.5389,3504.23,1.63986,-18.0181,7.5532,6467.64,0
22.7016,3495.57,6.21219,-13.2316,4.25017,6802.44,0
22.8306,3488.99,1.26095,-2.89527,3.25962,7052.25,1
