0.144063,3640.96,28.4695,24.9331,0.074055,62734.1,0
0.289922,3623.39,6.73743,27.1411,0.204742,91800,0
0.424363,3590.01,-16.0308,15.7465,0.488768,141357,0
0.565414,3563.61,-20.2043,0.382598,0.773972,152796,0
0.713059,3559.06,18.8716,27.4619,0.801897,127536,0
0.864341,3505.71,34.6978,57.1873,1.31374,166941,0
1.01524,3506.11,38.5047,65.0198,1.23676,141732,0
1.16623,3494.58,10.9588,67.7784,1.43995,133269,0
1.31357,3469.4,-3.28262,67.3384,1.78413,137485,0
1.45644,3454.61,29.4483,88.184,1.6173,134159,0
1.53693,3449.94,49.2566,76.6443,1.68578,130167,0
