0.27166,3633.34,15.1524,1.92199,7.5088,61326.9,0
0.54531,3624.99,21.1136,-10.9722,10.9599,45872.2,0
0.815977,3642.11,36.464,-3.45557,1.85944,9667.38,0
1.09239,3644.97,16.6405,3.58824,1.12542,4604.77,0
1.36156,3644.16,14.7122,23.5511,1.18047,4289.09,0
1.63909,3643.55,-8.5036,34.8917,1.15035,3938,0
1.90626,3645.81,-17.659,33.2423,0.0777853,2198.08,0
2.1837,3633.55,-24.5299,33.1673,5.2814,7532.41,0
2.46171,3620.38,-30.5874,33.7115,10.68,12033.8,0
2.74188,3619.93,-33.2981,36.8664,9.70886,10965.8,0
3.01588,3610.87,-29.1501,48.3774,1.03461,12975.4,0
3.29497,3595.82,-38.0394,48.7301,8.17378,16442.6,0
3.56573,3599.05,-29.1589,59.4116,5.43038,14288.8,0
3.84256,3594.7,-21.9982,61.7683,7.45271,14390.7,0
4.11292,3601.7,-20.7709,60.4275,3.66017,11744.6,0
4.39632,3602.06,-22.7821,67.3889,2.56744,10904.1,0
4.67391,3592.7,-23.5262,79.782,5.72264,12260.1,0
4.95041,3596.91,-9.65343,91.7529,2.17649,10724,0
5.21879,3591.1,-11.6629,82.9282,6.29564,11285.5,0
5.40046,3598.68,-7.33152,99.7468,0.158335,9503.1,0
