0.278983,3643.03,21.8968,-65.715,3.30267,24997.5,0
0.548497,3647.01,24.162,-55.7419,2.14492,5460.05,0
0.818865,3649.11,26.2391,-72.2435,0.157077,1086.74,0
1.09268,3637.6,24.6581,-76.705,4.63122,11348,0
1.36575,3650.67,10.5046,-57.1327,0.644944,-492.634,0
1.64858,3639.54,17.8151,-69.1151,4.21711,6342.13,0
1.92052,3638.45,18.0876,-85.0397,3.31195,6011.99,0
2.19888,3637.83,26.4561,-73.778,4.30932,5533.9,0
2.47185,3640.09,28.8838,-67.4277,3.55046,4007.27,0
2.7462,3636.36,34.7437,-57.7569,5.51874,4968,0
3.02059,3632.35,38.0514,-59.4149,6.80465,5843.39,0
3.29884,3637.33,41.0809,-70.079,3.3547,3841.38,0
3.57671,3641.98,23.1027,-63.0114,2.45402,2240.95,0
3.85129,3635.9,21.5264,-62.6055,5.06427,3660.09,0
4.12568,3616.75,19.9443,-62.7722,1.82477,8058.33,0
4.40149,3611.41,13.6847,-62.8702,4.56261,8767.06,0
4.67776,3615.52,12.8227,-63.7718,2.33364,7370.47,0
4.95431,3613.02,2.25893,-66.956,3.27664,7464.22,0
5.22925,3614.35,3.49279,-55.0325,3.65986,6816.93,0
5.4993,3612.42,-2.47401,-50.4756,4.97592,6833.98,0
5.77235,3614.27,2.89569,-63.8422,2.69368,6190.34,0
6.04493,3613.15,-1.47418,-63.8022,3.24838,6096.49,0
6.31735,3607.92,5.77582,-61.1634,5.94467,6660.73,0
6.59469,3603.14,-6.00927,-52.1839,8.99916,7106.47,0
6.87004,3607.73,-0.25401,-55.57,5.7818,6152.23,0
7.14161,3593.27,4.72717,-59.106,0.83028,7943.43,0
7.4157,3585.23,12.6399,-49.2272,6.59192,8734.02,0
7.68576,3592.67,9.98613,-43.9753,2.34189,7458.82,0
7.95824,3593.48,8.11669,-50.6017,1.13986,7102.06,0
8.23378,3584.55,7.65043,-34.5685,8.0555,7948.5,0
8.50611,3574.63,4.56223,-26.4221,3.25207,8860.37,0
8.77606,3566.17,6.95052,-30.332,8.30946,9552.35,0
9.0506,3555.23,2.55315,-31.0143,4.87466,10471.4,0
9.32449,3545,0.888946,-32.6089,13.24,11260.8,0
9.59895,3523.56,1.10124,-37.2323,9.35465,13171.8,0
9.87487,3513.22,3.85826,-37.6655,9.72357,13851.7,0
10.145,3505.55,4.13573,-42.4679,2.07863,14238.5,0
10.4177,3493.54,-3.66756,-20.1358,6.74288,15018.4,0
10.5756,3481.9,1.37104,-3.96929,15.1402,15894.7,4
