0.275106,3638.43,-14.7152,48.639,4.37078,42070.4,0
0.549336,3632.21,-15.9566,50.3695,6.89753,32392.2,0
0.825006,3640.75,-10.3679,52.1106,2.9069,11216.6,0
1.09394,3639.39,-23.4533,38.4594,3.93133,9695.66,0
1.36613,3636.44,-21.439,38.4467,5.22081,9922.86,0
1.63878,3636.58,-26.0537,26.2434,5.26544,8191.26,0
1.91057,3637.5,-21.6955,36.1781,4.50396,6541.8,0
2.18592,3636.91,-24.431,30.4229,4.88326,5989.12,0
2.46026,3632.36,-27.2874,25.5326,6.42757,7171.93,0
2.73115,3634.13,-26.8453,26.6205,5.15872,5810.7,0
3.01037,3633.52,-31.4383,26.7377,4.97848,5474.53,0
3.28825,3620.5,-35.0735,27.1466,10.4915,8970.8,0
3.56013,3611.3,-44.1039,27.6465,2.3845,10871,0
3.83573,3601.96,-46.213,36.2371,6.59902,12525,0
4.11196,3595.54,-33.4101,37.2075,10.5493,13245.2,0
4.38749,3601.15,-28.0192,32.8177,7.50941,11133,0
4.66079,3588.71,-13.0349,27.6913,4.05384,13149.2,0
4.92759,3585.54,0.875406,20.295,6.60773,13081.6,0
5.19526,3579.96,12.5111,21.3776,9.36742,13481.1,0
5.46584,3558.08,10.8646,14.2909,3.02135,16817.2,0
5.74016,3544.54,18.2612,22.99,2.16271,18372.3,0
6.01354,3529.54,9.11711,22.9113,8.84788,20031.7,0
6.28365,3525.54,-0.155417,19.7541,4.52233,19806.5,0
6.55397,3525.97,-8.4677,19.292,3.12389,18923.7,0
6.82818,3519.38,-17.5522,5.62911,3.07896,19129.9,0
7.09974,3511.44,-26.6756,-0.0623676,10.1108,19515.6,0
7.37402,3507.9,-18.1658,-12.7754,7.98023,19270.8,0
7.64682,3482.79,-11.2393,-4.26858,2.74769,21866.6,0
7.70989,3487.62,-3.2879,-0.646481,12.5854,21060.9,0
