0.269266,3636.08,9.00214,-4.05058,6.31549,51698.2,0
0.539782,3624.54,10.168,-17.0463,10.7541,47170.5,0
0.810045,3639.95,12.5504,-17.2633,2.75115,12407.2,0
1.08864,3633.88,4.19415,-11.5283,5.73454,14805.7,0
1.35113,3632.19,-4.20723,-11.8716,6.42109,13178.9,0
1.62214,3637.09,-28.7237,-10.0731,3.45466,7961.67,0
1.89074,3635.02,-43.4921,-6.56422,3.74089,7920.71,0
2.16723,3641.91,-42.6754,-1.2638,0.627352,3733.82,0
2.44602,3636.99,-50.0161,4.34069,2.37354,5318.88,0
2.72192,3621.88,-42.4555,-7.74262,9.90281,10332.1,0
2.99278,3614.59,-34.918,-13.2567,1.41031,11831.5,0
3.26633,3609.57,-33.5515,-10.3869,4.15617,12378,0
3.53693,3608.17,-28.833,-14.1643,4.91061,11827.2,0
3.80844,3604.26,-20.3298,-29.7486,6.64668,12011.4,0
4.0832,3604.54,-14.5812,-18.1854,6.93761,11133.8,0
4.35715,3611.47,-18.0048,-12.5603,2.69894,8842.89,0
4.63613,3605.62,-10.9892,-24.2581,5.61485,9573.31,0
4.91296,3604.94,-14.767,-27.4853,5.47518,9171.84,0
5.18737,3606.94,7.2365,-40.4773,3.5131,8301.02,0
5.46319,3605.02,11.5108,-51.7166,3.38019,8233.76,0
5.73256,3606.59,2.30639,-57.2151,2.02857,7572.91,0
6.01002,3598.24,-8.95887,-55.7078,6.54032,8612.19,0
6.28415,3601.7,-17.7596,-62.429,3.53186,7686.61,0
6.5551,3604.1,-20.2114,-58.6956,2.51732,7001.69,0
6.83249,3606.95,-25.0486,-55.1664,1.11086,6300.26,0
7.10347,3594.91,-23.515,-68.4295,5.83905,7755.66,0
7.37914,3598.9,-23.6679,-65.5739,3.8999,6925.54,0
7.65151,3584.68,-20.5571,-43.359,2.5449,8536.82,0
7.92402,3575.72,-26.4696,-43.4176,7.66469,9373.92,0
8.20416,3581.64,-32.1153,-49.3429,2.17628,8331.83,0
8.47921,3577.66,-39.5108,-43.9746,4.39831,8531.48,0
8.75719,3576.79,-34.5881,-48.0405,4.82394,8360.44,0
9.02974,3560.45,-25.0018,-48.5079,4.48089,9917.76,0
9.30379,3556.73,-32.2917,-36.6678,8.35846,10024.4,0
9.58396,3543.81,-36.5767,-47.9713,3.30131,11080.1,0
9.85156,3536.25,-41.8194,-53.714,6.50507,11546,0
10.1282,3524.98,-34.3239,-46.3284,8.15564,12344.1,0
10.3963,3522.98,-33.7881,-55.7025,5.81232,12217.9,0
10.6682,3519.25,-47.3836,-41.7259,9.71326,12255.9,0
10.9347,3506.59,-48.9187,-48.5756,4.83145,13114.8,0
11.2067,3498.57,-53.2619,-59.5716,4.73691,13512.4,0
11.4811,3485.45,-51.5062,-75.1461,7.37444,14332.4,0
11.7524,3473.88,-37.3878,-73.7008,9.37108,14985.8,0
12.0257,3482.1,-23.9306,-59.0469,6.14179,13961.5,0
12.2942,3463.87,-24.3455,-41.2652,3.32856,15139.4,0
12.5697,3466.72,-24.3403,-38.3705,3.72754,14581,0
12.849,3455.31,-11.2674,-21.6111,0.934125,15151.7,0
13.0477,3459.25,-5.95302,-6.90229,14.0202,14619.1,0
