0.147037,3630.49,-4.06506,13.7443,0.34576,132694,0
0.288438,3620.78,13.0973,31.6799,0.488462,101314,0
0.436302,3615.67,-18.1531,43.0792,0.552252,78675.8,0
0.575043,3639.74,-39.404,34.562,0.138707,17844.4,0
0.718606,3621.45,-27.2897,44.5856,0.43746,39732.4,0
0.868536,3630.1,-1.92626,18.6409,0.351217,22914.9,0
1.02757,3611,-3.72171,-18.4945,0.695691,37958.4,0
1.17946,3599.4,-21.8368,-3.94774,0.916666,42904.9,0
1.32591,3605.38,-2.08278,5.95344,0.809839,33650.3,0
1.45867,3615.49,-12.8974,16.8574,0.601352,23659,0
1.59458,3575.57,-24.1821,-16.7462,1.4344,46679.1,0
1.73432,3555.49,6.46686,-2.18711,2.07466,54493.7,0
1.87681,3549.88,-6.95171,20.779,2.21306,53348,0
2.02174,3534.56,11.6511,13.9451,2.82717,57101.2,0
2.17004,3517.34,10.1754,-4.86868,3.91187,61134.5,0
2.30568,3515.52,10.2862,-6.23783,4.02206,58326.6,0
2.44076,3506.82,2.84066,-0.453267,5.42115,58663.5,0
2.5056,3500.51,-0.319578,-0.496177,10.1584,59660.6,0
