0.139352,3643.33,41.9626,27.6578,0.311287,47897.5,0
0.284839,3627.95,46.3912,11.867,1.08047,77414.1,0
0.429165,3619.34,66.0625,5.92602,1.36608,71443.6,0
0.568398,3627.78,49.8623,-1.44612,1.07605,39090.4,0
0.712016,3606.28,30.6417,-4.37479,2.4013,61403.8,0
0.852743,3619.48,28.6867,18.0339,1.62052,35795.3,0
0.996471,3590.8,30.2932,35.1951,3.21969,59404.7,0
1.14133,3613.89,40.7691,61.6372,1.57544,31641.7,0
1.28879,3618.1,39.4408,64.717,1.34122,24752.8,0
1.43839,3608.74,39.9636,72.7853,1.71966,28681.5,0
1.5754,3617.93,37.5545,52.5416,1.45301,20354.4,0
1.70584,3624.34,40.1022,91.6765,0.75163,15045.2,0
