0.147048,3626.51,8.11272,24.1562,1.16628,159714,0
0.285488,3625.64,22.3649,37.7103,1.1165,85323.5,0
0.422805,3619.9,-4.19064,30.0377,1.51398,71185.8,0
0.556599,3605.74,-13.5155,24.7794,2.34087,79509.8,0
0.691023,3588.89,-16.0289,55.0991,3.07547,88428.2,0
0.841403,3580.01,-8.65224,65.114,3.48052,83179.8,0
0.977101,3546.12,-15.8583,62.937,5.90637,106317,0
1.12011,3542.99,-16.0381,63.9408,6.05696,95536.7,0
1.26067,3540.58,-6.63122,61.9649,6.31239,86798.5,0
1.41092,3548.52,-10.3324,46.4009,6.03825,71923.9,0
1.55181,3554.48,-7.43492,39.6657,5.70115,61556.4,0
1.70124,3537.07,-3.00732,52.1321,6.89064,66379.9,0
1.83429,3548.82,-12.2271,39.9804,6.11694,55162.6,0
1.97328,3534.98,-30.5559,42.5238,7.06984,58286.9,0
2.11218,3527.12,-20.8814,42.39,8.02144,58176,0
2.25251,3536.9,-40.8911,28.9022,6.80716,50209.9,0
2.40085,3540.42,-42.6109,38.7339,6.12335,45640.3,0
2.54561,3541.25,-28.1489,29.9424,6.55693,42720.6,0
2.67775,3556.31,-33.4135,25.5265,5.07852,34988.2,0
2.8206,3553.1,-37.9475,34.3064,5.11408,34354,0
2.96579,3557.05,-40.6386,14.2705,4.95522,31340.6,0
3.10636,3549,-43.7727,-14.5728,5.54761,32513.9,0
3.24503,3542.69,-40.1191,-31.0555,5.94785,33068.7,0
3.39113,3542.85,-39.859,-25.7022,6.06215,31596.2,0
3.5351,3543.35,-25.324,-18.9839,6.3899,30168.8,0
3.68921,3548.87,-34.3707,-2.87419,5.69768,27411.2,0
3.84031,3553.99,-42.7973,-5.02819,4.97681,25001,0
3.98072,3551.12,-61.9666,5.91591,4.66643,24839.1,0
4.12125,3540.78,-76.7195,12.109,4.95718,26501.4,0
4.26576,3541.78,-62.6705,23.8826,5.18411,25369,0
4.40527,3549.93,-53.3117,16.2019,4.87122,22715.3,0
4.55183,3553.01,-48.4061,19.0439,4.71433,21308.1,0
4.69455,3557.67,-30.4048,-2.99263,4.77312,19666.8,0
4.84144,3554,-31.9262,-13.9835,4.9964,19829.4,0
4.98416,3578.88,-24.5504,-2.43888,3.06568,14268.6,0
5.12952,3592.75,-39.6491,-8.27379,1.93249,11161.8,0
5.26894,3612.49,-27.8246,-8.50156,0.820993,7119.81,0
5.40644,3603.12,-25.0889,1.36623,1.40278,8671.21,0
5.56588,3601.08,-69.7084,20.1918,1.04776,8789.11,0
5.71278,3581.82,-48.2649,14.6406,2.52329,11935.3,0
5.85336,3600.74,-49.1687,3.92337,1.33625,8415.1,0
5.99853,3585.26,-40.3336,23.6058,2.33051,10793.4,0
6.14618,3579.68,-14.1193,15.2288,2.98865,11440.9,0
6.29625,3572.12,3.52481,37.6475,3.36296,12368.8,0
6.43435,3574.65,-8.89643,23.4243,3.33304,11710.2,0
6.5613,3555.2,3.22596,47.8509,4.4971,14448.4,0
6.70617,3541.91,5.96418,41.2489,5.90476,16117.8,0
6.84618,3542.68,-6.52927,52.2788,5.46693,15675.5,0
6.99475,3521.54,-7.35137,46.7103,7.7275,18365.8,0
7.1392,3506.88,-11.9275,62.2202,8.18402,20047,0
7.27946,3512.28,-13.4838,65.4478,7.38289,18919.7,0
7.42919,3508.26,-16.3866,75.0597,7.04839,19079.3,0
7.57706,3514.29,-36.458,70.5535,6.35213,17910.9,0
7.71852,3515.98,-29.828,65.466,6.5658,17363.9,0
7.85956,3520.98,-40.9653,66.0242,5.82363,16415.3,0
8.00517,3539.06,-41.4966,63.5633,4.46099,13858.5,0
8.12014,3544.75,-43.3336,90.523,3.26524,12961.1,0
