0.142606,3637.55,-4.88742,-55.9577,0.722715,87292.1,0
0.293907,3640.82,-19.9013,-36.7077,0.655402,31246.9,0
0.42858,3619.68,-0.705037,-39.9014,1.74704,70739.4,0
0.579625,3602.93,-21.2048,-33.8173,2.71613,81212.2,0
0.721486,3618.87,-17.481,-15.2848,1.89941,43152.5,0
0.875909,3632.09,-11.5745,-10.0593,1.21411,20446.8,0
1.00972,3623.83,-4.6566,-33.3337,1.58073,25920.5,0
1.15699,3617.72,15.2604,-18.0374,1.95063,27903.8,0
1.29458,3606.62,6.36095,-30.2124,2.55136,33512.2,0
1.44251,3606.26,19.8599,-43.3988,2.42839,30319.1,0
1.58499,3617.17,7.25849,-32.4181,1.91262,20710.7,0
1.72862,3613.27,2.96698,-0.968554,2.23951,21248.8,0
1.86872,3606.94,-3.64076,11.7738,2.59791,23040.5,0
2.01648,3594.96,-0.19902,17.5564,3.34377,27297.2,0
2.15417,3588.51,-11.6545,33.7822,3.6355,28542.5,0
2.29929,3587.97,-18.3565,50.8785,3.42553,26977.4,0
2.44698,3591.43,-11.461,47.3895,3.29188,23936.4,0
2.59854,3633.7,-21.6528,42.5478,0.939491,6273.59,0
2.73904,3634.58,13.4258,47.9944,0.884281,5628.61,0
2.87338,3646.1,-7.64866,60.156,0.262669,1356.38,0
3.00766,3640.07,-0.129174,74.3051,0.435164,3302.42,0
3.10629,3620.93,10.2711,99.5459,1.05459,9356.85,0
