0.145775,3605.33,-2.8012,-51.6157,2.36693,306400,0
0.286643,3607.49,-0.735264,-75.8956,1.97977,148296,0
0.435687,3610.84,18.7797,-64.822,1.89741,89872.8,0
0.584728,3612.5,17.4054,-43.6587,1.99819,64139.9,0
0.727539,3611.26,32.1394,-58.8423,1.87293,53248.8,0
0.870029,3611.87,33.9703,-59.1429,1.81917,43829.5,0
1.01372,3611.47,36.4685,-55.3614,1.85222,38012.4,0
1.17298,3609.82,30.421,-44.5942,2.06876,34258.5,0
1.31296,3619.6,25.7095,-43.2786,1.56968,23153.3,0
1.44723,3608.04,11.6391,-55.9924,2.1241,28995.1,0
1.5901,3611.51,26.2697,-72.9166,1.71663,24203.5,0
1.72854,3616.82,20.722,-69.4178,1.50202,19194.6,0
1.86987,3596.48,21.6321,-73.7805,2.52008,28621.7,0
2.01967,3592.45,44.4611,-66.0756,2.70837,28494.2,0
2.11457,3592.81,38.0747,-92.5456,2.34706,27047.2,0
