0.161009,3641.76,12.4796,47.8292,4.44306,51189.6,0
0.319747,3636.72,9.59973,47.0472,7.0144,41522.7,0
0.48046,3640.95,9.3866,48.0858,4.00507,18845.9,0
0.642273,3643.14,10.5921,54.4137,2.20058,10673.7,0
0.801521,3639.97,15.4626,51.8064,4.11987,12514.3,0
0.96165,3638.54,15.7847,42.7916,5.4809,11916.1,0
1.1261,3642.65,14.2465,42.7952,2.92235,6528.22,0
1.2887,3637.67,17.455,46.3731,5.47207,9569.65,0
1.44576,3636.54,14.5392,44.7712,6.00372,9307.42,0
1.60662,3637.31,10.6659,34.2542,6.10126,7899.91,0
1.76515,3641.28,3.98978,32.8698,3.80293,4937.99,0
1.92022,3641.86,2.31126,33.4529,3.34751,4238.65,0
2.08175,3639.08,4.84997,24.5014,5.28697,5243.38,0
2.24152,3638.5,5.21053,21.8753,5.56156,5129.87,0
2.3997,3635.05,0.92209,21.1169,7.38013,6228.36,0
2.5581,3633.98,1.30206,22.7811,7.1032,6261.3,0
2.71932,3630.78,1.8052,24.5674,8.53576,7067.92,0
2.87847,3636.55,12.686,19.1449,4.47005,4672.64,0
3.03974,3643.96,6.90424,19.7514,0.0381867,1987.24,0
3.19848,3640.81,11.8826,28.8429,1.53528,2872.67,0
3.36047,3640.97,5.70186,33.3499,1.10203,2686.11,0
3.51972,3639.89,5.2434,27.8772,1.97197,2872.91,0
3.68153,3629.28,5.12597,22.2982,8.49409,5627.57,0
3.84197,3633.88,9.5062,28.675,4.79215,4196.95,0
4.00257,3632.71,16.9985,30.6762,5.10025,4320.08,0
4.1617,3639.58,12.7511,33.3221,0.740038,2503.07,0
4.32176,3637.55,23.4608,32.3101,1.69254,2879.66,0
4.48111,3632.46,19.7107,31.2658,4.81189,3913.82,0
4.64021,3633.87,24.6936,29.9704,3.40181,3476.17,0
4.79865,3629.17,22.4791,33.0597,6.08022,4340.84,0
4.96207,3638.19,16.5351,27.3131,0.87468,2379.12,0
5.1236,3634.78,16.5453,28.141,2.93998,2969.66,0
5.28687,3634.38,17.8211,18.6667,3.53536,2955.11,0
5.4448,3634.08,17.1869,19.8866,3.6658,2924.52,0
5.60796,3634.74,23.5663,25.0705,2.55558,2721.45,0
5.76631,3628.96,25.1223,25.8482,5.95854,3649.25,0
5.92506,3636.32,19.013,19.9756,1.49886,2309.15,0
6.08485,3637.38,18.8442,24.4256,0.668326,2073.52,0
6.24788,3635.48,22.1935,26.8481,1.62659,2323.26,0
6.40673,3637.09,14.7054,26.8288,0.846637,2015.43,0
6.56618,3634.06,20.4461,20.3068,2.77329,2426.99,0
6.72781,3629.2,18.4564,12.8918,6.1241,3091.15,0
6.88547,3629.4,18.2169,12.2069,5.71415,2992.05,0
7.04628,3625.46,29.3615,4.24452,7.32398,3482.23,0
7.20727,3631.06,28.314,-0.73928,3.57663,2627.37,0
7.36396,3631.21,31.0226,11.7559,3.14985,2551.44,0
7.52617,3627.44,24.7573,12.3074,5.57946,2997.66,0
7.68677,3630.05,22.3256,13.3824,3.89582,2595.58,0
7.84784,3627.75,21.7149,18.8384,5.00895,2835.29,0
8.00545,3628.2,16.382,19.3122,4.80903,2722.53,0
8.16547,3632.46,5.60674,13.0642,2.28444,2148.61,0
8.32553,3632.88,7.15388,6.80168,2.12456,2056.76,0
8.48819,3631.91,9.65664,5.3838,2.71246,2130.79,0
8.64631,3634.97,20.2259,-5.11906,0.48362,1738.54,0
8.80274,3632.15,17.0937,2.62977,2.36436,2027.65,0
8.96282,3630.69,14.6,2.95998,3.34192,2154.81,0
9.12597,3630.74,19.2264,1.87281,3.11755,2110.68,0
9.28696,3626.4,14.6774,3.49065,6.07034,2541.13,0
9.4501,3623.87,7.93392,-2.27084,7.34997,2765.36,0
9.60828,3627.99,7.88043,-3.84846,4.09662,2290.92,0
9.77135,3630.27,24.5518,-5.30545,2.05046,2019.41,0
9.93037,3623.68,17.5892,-4.81599,6.54528,2650.18,0
10.0927,3621.83,11.0834,-7.84352,7.64583,2790.65,0
10.2511,3615.52,7.84825,-6.57099,11.3235,3363.56,0
10.4122,3611.62,2.26117,-4.40879,2.29363,3685.69,0
10.5704,3603.41,9.5309,-2.03899,7.99891,4407.92,0
10.7283,3601.43,15.0234,-0.0537358,8.49571,4527.17,0
10.8871,3599.77,13.042,-3.2151,9.33127,4613.74,0
11.0474,3600.45,8.74698,-4.51994,8.13442,4485.67,0
11.2076,3597.68,9.35116,-0.0111809,9.49998,4668.46,0
11.3675,3596.17,6.31424,2.41587,9.74086,4735.79,0
11.5305,3598,4.39676,0.639086,7.32613,4509.46,0
11.6917,3603.97,7.33622,-0.772774,2.5305,3937.08,0
11.8468,3596.69,10.2825,5.3863,7.91824,4500.09,0
12.0055,3600.59,10.2453,-0.101488,4.35436,4115.92,0
12.1639,3596.35,14.2004,1.32041,7.17463,4410.86,0
12.3249,3587.11,7.94014,-0.219895,2.84604,5102.98,0
12.4879,3584.18,7.16448,1.77414,5.20095,5270.93,0
12.6462,3579.48,4.07126,-3.26341,8.80606,5576.66,0
12.8046,3580.6,4.92329,-5.89251,7.12714,5419.97,0
12.9664,3572.55,5.27153,-4.51584,1.10253,5973.2,0
13.1258,3566.86,-3.5131,-13.2936,6.4985,6334.03,0
13.2876,3563.77,-2.17597,-11.128,9.05663,6489.19,0
13.451,3559,0.979646,-16.0371,1.54907,6765.28,0
13.6117,3558.85,3.12851,-6.62149,2.56836,6696.51,0
13.7743,3554.99,6.70523,-6.67914,6.97556,6897.63,0
13.9349,3551.29,5.26132,-9.52241,10.8479,7083.71,0
14.096,3546.73,10.051,-11.4625,4.7109,7326.52,0
14.2517,3542.39,15.8094,-10.6379,9.59277,7550.8,0
14.4155,3530.91,12.8225,-11.5333,5.24503,8260.9,0
14.5744,3533.69,7.39971,-4.33586,2.46468,7980.25,0
14.7326,3530.2,4.77768,-6.15119,9.36722,8131.69,0
14.8899,3530.71,11.9316,-2.15306,6.84613,8011.8,0
15.0534,3531.71,0.862865,-4.34332,6.15488,7857.85,0
15.2163,3527.8,-3.18683,4.60682,2.38861,8030.73,0
15.3739,3526.12,0.0182775,6.46647,5.92417,8058.03,0
15.5322,3525.12,-6.30696,16.0761,3.3734,8040.09,0
15.6915,3524.18,-7.09184,17.8458,4.10463,8018.11,0
15.85,3518.81,-8.25936,16.7557,4.456,8277.05,0
16.0133,3515.28,-1.14119,15.725,3.89645,8412.95,0
16.1726,3509.15,-0.148699,14.388,1.14753,8709.43,0
16.3351,3500.42,-1.41906,9.45067,15.46,9157.28,0
16.3984,3498.91,0.196782,1.16666,5.97785,9213.6,2
