0.158104,3646.18,5.71894,-2.04279,2.23968,24166,0
0.318042,3643.32,4.69918,-2.51252,3.89734,21000.1,0
0.481648,3643.74,4.91757,2.28602,3.50377,13002.9,0
0.638196,3645.11,1.21736,4.93025,2.68247,7662.85,0
0.798561,3642.22,-1.6647,5.89378,4.2495,9739.37,0
0.95677,3642.35,5.76449,10.8897,3.88574,7998.36,0
1.11472,3640.63,11.2601,3.46745,4.88917,8403.37,0
1.27321,3641.81,7.06785,-9.05543,4.09208,6429.39,0
1.43039,3642.44,6.81064,-2.82547,3.56181,5287.76,0
1.59351,3645.87,11.0554,-3.81742,1.33855,2590.03,0
1.75421,3643.1,17.2975,-4.0862,2.82401,3935.76,0
1.91589,3646.55,4.54186,-3.17114,0.983651,1801.68,0
2.07801,3644.86,2.01038,-2.61992,1.99361,2473.19,0
2.2381,3638.27,-0.273941,-1.99458,5.99112,5239.99,0
2.39939,3640.96,0.263568,-1.00745,4.14168,3768.12,0
2.5584,3646.34,1.91788,-9.18364,0.767874,1432.48,0
2.71858,3638.81,0.199892,-8.88818,5.12978,4116.51,0
2.87795,3636.85,-2.70592,-14.0516,5.87089,4568.06,0
3.03737,3641.26,-7.39672,-12.0702,3.09698,2878.31,0
3.20083,3638.98,5.7315,-12.9557,4.29196,3444.27,0
3.36534,3639.93,14.554,-12.8662,3.48475,2991.81,0
3.52477,3637.25,14.7423,-14.8399,5.03839,3616.01,0
3.68816,3633.09,16.6944,-22.3496,6.93953,4585.88,0
3.85025,3635.4,17.959,-18.9215,5.25228,3792.49,0
4.01339,3638.98,19.5939,-24.7716,2.71099,2746.51,0
4.17201,3636.35,18.031,-14.3496,4.57138,3271.97,0
4.33412,3635.8,16.8206,-13.7852,4.79063,3276.59,0
4.49576,3639.56,13.5841,-10.4026,2.58516,2321.41,0
4.65396,3638.56,10.2897,-5.32983,3.23651,2457.09,0
4.81682,3642.47,4.81246,-18.1885,0.604324,1564.21,0
4.97609,3638.2,7.72278,-10.5545,3.33029,2371.27,0
5.13778,3639.41,7.14116,-9.67342,2.60869,2061.46,0
5.29798,3642.12,15.0145,-10.4554,0.797406,1486.56,0
5.45775,3640.45,19.6803,-11.1318,1.63163,1749.23,0
5.61673,3636.41,24.6801,-9.19242,3.9319,2419.99,0
5.77592,3637.9,25.5887,-16.511,2.67216,2094.4,0
5.93735,3637.83,25.8735,-9.38932,2.77678,2050.34,0
6.09804,3635.03,31.759,-9.86456,4.20577,2455.07,0
6.25675,3635.37,48.1584,-11.5539,2.84418,2338.32,0
6.41562,3633.86,44.0478,-14.6556,3.93073,2515.9,0
6.57279,3631.12,42.0633,-7.00379,5.54465,2872.9,0
6.73498,3633.47,40.7778,-3.04743,4.11354,2454.29,0
6.89428,3628.36,45.3016,-8.24518,6.46812,3138.3,0
7.05712,3631.19,53.2039,-11.4728,3.68975,2665.79,0
7.22148,3628.3,56.887,-11.8934,5.07588,3004.39,0
7.38335,3633.23,55.9013,-5.1518,1.99893,2271.49,0
7.54577,3630.4,58.4732,-4.49169,3.43861,2597.28,0
7.7061,3632.76,49.9132,-3.7383,2.69605,2236.69,0
7.86928,3631.77,40.4541,0.977906,3.9285,2316.8,0
8.03123,3635.17,36.0494,-3.10682,2.03971,1846.68,0
8.19242,3632.32,43.7768,1.3998,3.28697,2158.21,0
8.35294,3637.4,32.0771,-1.95027,0.878503,1508.86,0
8.51385,3630.94,39.9573,-7.64031,4.17021,2238.22,0
8.67638,3630.81,38.3301,-10.2047,4.08298,2211.23,0
8.83884,3619.38,39.0965,-6.39415,10.9713,3464.23,0
8.99594,3623.31,39.3258,-4.37259,7.66696,2966.91,0
9.15469,3621.68,41.5365,-2.08199,8.10164,3093.24,0
9.31278,3618.74,41.4807,-5.63259,8.8574,3357.09,0
9.46993,3616.96,40.8995,-7.8479,9.03557,3489.26,0
9.63165,3619.7,40.7112,-3.6317,6.68516,3145.66,0
9.79539,3617.74,39.1433,-0.907497,7.63074,3293.67,0
9.95729,3615.01,36.9448,-0.443704,8.53636,3513.83,0
10.1167,3614.43,38.2956,-2.4925,8.0833,3515.95,0
10.2752,3621.57,34.9425,4.52685,2.97397,2767.17,0
10.4365,3621,35.6956,3.68202,3.27528,2778.61,0
10.595,3621.32,32.0737,3.8246,3.10878,2706.87,0
10.7514,3619.84,31.2206,15.1612,3.92928,2805.36,0
10.9093,3614.51,31.8187,13.7974,7.1759,3252.9,0
11.0687,3615.73,28.7435,16.5152,5.55463,3096.08,0
11.2288,3618.66,28.1252,20.1755,3.18397,2791.02,0
11.3883,3617.99,30.1966,16.4655,3.5638,2811.17,0
11.5518,3613.79,36.0198,26.7488,5.27639,3134.94,0
11.7109,3619.08,34.8854,36.5369,1.06682,2640.06,0
11.868,3609.46,31.7259,28.73,8.24657,3415.52,0
12.0276,3611.38,33.2937,28.3874,6.61448,3211.22,0
12.1874,3611.15,36.7776,28.3617,6.33032,3188.01,0
12.3516,3610.11,34.7206,26.469,6.72015,3229.54,0
12.5093,3619.28,34.8369,29.3966,0.363291,2455.51,0
12.6696,3612.74,34.0179,28.7293,4.7521,2940.65,0
12.8303,3616.45,26.7384,29.6315,2.49809,2614.71,0
12.9903,3614.27,31.0027,19.6943,4.15268,2750.15,0
13.1527,3609.55,41.4067,17.4616,6.57018,3075.27,0
13.3151,3609.23,33.9745,14.8653,7.09304,3061.79,0
13.472,3603.25,35.1109,8.39244,10.7967,3470.03,0
13.631,3598.19,27.4055,11.9834,3.23585,3800.89,0
13.7894,3595.84,30.082,12.407,4.69912,3927.3,0
13.9472,3597.36,29.7245,12.1079,3.49852,3774.15,0
14.1074,3597,27.0335,17.1199,3.7739,3756.89,0
14.2665,3598.63,16.3954,21.1288,2.93749,3600.52,0
14.4247,3596.99,25.915,18.5511,3.79433,3675.08,0
14.5874,3598.33,24.7884,24.903,2.34663,3542.05,0
14.7483,3599.69,16.6094,25.2056,1.75002,3410.92,0
14.9086,3597.51,16.0822,22.2107,3.58952,3520.93,0
15.0691,3594.7,15.9205,23.8273,5.68426,3669.69,0
15.2271,3598.21,10.4304,22.2302,2.95878,3401.4,0
15.3864,3598.27,12.9726,19.8741,2.93721,3361.8,0
15.5472,3596.52,23.3637,18.0879,3.67214,3440.13,0
15.7093,3597.9,10.4344,11.5529,3.31894,3316.72,0
15.8687,3592.68,10.5049,15.3919,6.59444,3611.89,0
16.0284,3594.16,18.3318,13.7658,4.96689,3483.52,0
16.1884,3592.75,11.8995,20.6214,5.84205,3536.43,0
16.348,3587.15,12.9009,19.18,9.96253,3844.35,0
16.5087,3578.65,17.3956,12.9168,5.35998,4322.21,0
16.6671,3582.16,19.5722,18.7686,1.52422,4070.12,0
16.8267,3581.55,21.0943,13.0095,2.32091,4067.65,0
16.9876,3580.9,15.6371,12.344,3.35548,4067.7,0
17.1463,3577.12,9.034,16.5011,6.87561,4250.51,0
17.3053,3579.55,10.4138,16.4067,4.17855,4071.1,0
17.4674,3570.21,9.2736,18.7698,12.5391,4567.71,0
17.6278,3563.2,6.23273,23.4388,7.44741,4924.09,0
17.7874,3560.27,6.03738,23.8997,9.91225,5044.81,0
17.9466,3568.52,-0.536678,19.8921,1.29081,4540.1,0
18.1066,3566.03,-11.3746,28.4324,2.27178,4637.64,0
18.2666,3559.23,-1.92608,31.5716,9.23069,4969.44,0
18.4264,3568.01,2.60137,25.3563,0.917381,4449.42,0
18.5896,3563.26,-3.9402,20.0419,6.43245,4666.2,0
18.7471,3556.68,-6.50985,16.1049,2.10614,4977.83,0
18.9073,3552.11,-4.98429,4.37049,8.9064,5177.25,0
19.0658,3552.77,-8.41354,-1.00757,7.27979,5099.84,0
19.2231,3554.94,-5.30331,3.79482,4.51257,4945.02,0
19.3828,3550.34,-2.60262,1.30127,10.1,5141.49,0
19.5428,3555.71,-3.67362,-4.90864,2.35882,4824.63,0
19.7008,3552.45,-15.9156,-13.6207,4.37037,4951.71,0
19.8611,3550.89,-28.475,-10.8006,3.81097,4990.11,0
20.0204,3549.11,-25.0268,-13.8171,5.99209,5039.47,0
20.1814,3548.55,-27.6781,-14.0101,5.1351,5026.78,0
20.3395,3547.78,-26.9834,-20.0521,5.11769,5025.71,0
20.5005,3543.19,-30.1946,-25.5752,8.46305,5210.26,0
20.6615,3546.53,-33.9426,-30.4705,1.7579,5007.87,0
20.8213,3541.63,-38.17,-36.2357,4.40333,5204.64,0
20.9819,3535.74,-40.1624,-31.9153,11.0399,5445.64,0
21.1398,3531.93,-38.7432,-28.7159,5.21739,5584.97,0
21.2988,3531.66,-41.2215,-25.7311,5.20753,5556.15,0
21.4583,3533.21,-38.362,-27.2141,3.96906,5442.79,0
21.6167,3526.99,-47.8823,-28.6058,6.22254,5690.6,0
21.7751,3527.29,-44.0093,-29.5907,6.9194,5635.25,0
21.9336,3524.61,-48.6342,-26.9024,7.60041,5716.84,0
22.0899,3525.21,-48.3062,-31.0522,5.52653,5649.42,0
22.2514,3520.21,-49.0174,-29.956,10.7815,5832.94,0
22.4092,3512.22,-51.3363,-31.1794,6.33112,6148.32,0
22.5685,3509.72,-47.7295,-40.3906,6.86923,6215.82,0
22.7294,3510.37,-47.0215,-39.6263,6.56954,6143.3,0
22.8892,3514.86,-47.5755,-29.4355,5.29641,5903.92,0
23.0501,3506.54,-46.6454,-30.209,4.51753,6223.64,0
23.2121,3504.29,-39.1611,-27.4936,3.29452,6277.17,0
23.3711,3497.56,-43.1612,-32.5863,5.20321,6522.48,0
23.53,3497.59,-43.3981,-29.0195,7.21995,6477.23,0
23.6875,3495.31,-42.7427,-30.9966,9.31505,6530.55,0
23.8463,3491.33,-40.839,-29.8022,5.71237,6654.07,0
24.0025,3484.09,-35.3111,-21.876,7.73168,6912.38,0
24.1641,3482.66,-32.0395,-24.0844,12.4437,6925.29,0
24.3235,3478.91,-22.5716,-24.4172,6.38615,7033.77,0
24.4831,3480.91,-20.9795,-26.7424,0.0888689,6906.21,0
24.642,3475.04,-10.698,-27.2979,12.5437,7100.04,0
24.7978,3474.74,-11.522,-23.3095,0.484941,7067.52,0
24.9569,3464.79,-5.11854,-23.5118,1.96584,7421.2,0
25.1164,3461.32,-7.19187,-13.5766,9.42745,7512.28,0
25.2387,3462.89,-3.22252,-7.60874,15.3245,7413.56,0
