0.159579,3643.55,-61.7808,16.6567,4.08429,40444.3,0
0.321866,3644.21,-58.6337,24.0777,3.43411,17995.2,0
0.479462,3636.44,-57.4821,26.9062,7.46593,28284.3,0
0.642054,3633.91,-50.6984,23.7973,8.96751,25054.2,0
0.800741,3618.33,-57.1058,20.5613,5.91907,39555.3,0
0.959484,3619.2,-57.9729,18.8451,5.06093,32104.7,0
1.12339,3619.53,-57.9381,19.2688,4.6619,27127.2,0
1.28365,3625.05,-56.1155,12.489,1.36052,19439.4,0
1.44408,3616.62,-56.5619,13.4133,6.67418,23112.5,0
1.6039,3625.6,-54.696,7.95191,1.08802,15214.7,0
1.76163,3625.65,-56.7223,-0.282976,0.892576,13819.7,0
1.92263,3618.7,-60.2788,-5.98241,4.81413,16281.2,0
2.0791,3616.78,-56.5309,-3.85598,6.24038,15978.4,0
2.23751,3619.4,-51.88,-5.05797,4.88174,13676.6,0
2.40099,3624.03,-46.0495,-7.23537,2.24398,10816.3,0
2.56157,3619.86,-40.201,0.0913218,5.39121,11765,0
2.71833,3620.73,-52.2782,-9.46693,3.59236,10768.7,0
2.87721,3621.17,-56.4136,-7.05444,2.89185,10020.2,0
3.03706,3621.39,-69.5045,-6.94515,1.22747,9421.07,0
3.19348,3619.64,-67.1349,-4.67428,2.51679,9507.18,0
3.35296,3617.48,-71.6836,-3.37414,3.28845,9699.69,0
3.51142,3614.06,-74.9083,-0.771055,4.94582,10234.6,0
3.67148,3620.01,-68.7246,1.56491,1.93636,8167.58,0
3.829,3613.41,-69.724,2.942,5.93573,9556.32,0
3.98715,3617.71,-69.5462,1.15773,3.03116,8099.21,0
4.14711,3611.66,-70.7106,6.45598,6.4228,9244.2,0
4.30348,3615.15,-77.9053,4.01638,3.03176,8097.59,0
4.46366,3612.53,-78.586,7.59084,4.47967,8393.46,0
4.62128,3614.58,-85.1662,10.1561,2.10049,7663.52,0
4.78212,3616.29,-77.7216,1.12774,2.20372,7048.8,0
4.94326,3617.77,-70.2003,-0.223145,2.23245,6519.12,0
5.10341,3615.54,-72.3643,6.02465,3.28536,6753.09,0
5.26303,3607.26,-69.1363,4.80658,8.51364,8121.51,0
5.42599,3603.22,-71.5432,4.10163,9.84928,8620.92,0
5.58307,3597.36,-74.3483,5.95093,0.755568,9427.76,0
5.74142,3597.17,-66.6484,-3.64605,2.20471,9201.69,0
5.90105,3594.83,-60.4162,-3.06806,4.82578,9349.53,0
6.06136,3593.42,-58.9634,-3.98431,5.75441,9334.47,0
6.22569,3591.97,-60.1391,-11.2716,5.88955,9320.59,0
6.38569,3591.12,-62.5262,-18.9749,5.52252,9220.05,0
6.54743,3589.93,-56.4964,-20.1034,7.05331,9174.63,0
6.7041,3584.65,-59.2063,-21.8898,9.72498,9748.47,0
6.86439,3577.03,-53.6549,-26.686,4.22603,10629.8,0
7.02655,3578.82,-48.9148,-32.4259,2.86799,10130.9,0
7.18946,3578.21,-43.7074,-31.7184,4.22806,9986.13,0
7.34857,3575.93,-48.3232,-39.5963,4.12007,10079.9,0
7.50972,3573.31,-51.2713,-49.6187,3.82083,10211.8,0
7.67228,3575.7,-54.1088,-52.0559,0.897423,9684.35,0
7.83252,3564.48,-59.3726,-49.6952,8.79109,10918.6,0
7.99532,3563.63,-61.2244,-49.5918,8.22285,10802.7,0
8.15562,3558.96,-57.6701,-46.4917,1.14686,11163.3,0
8.31598,3557.07,-57.8993,-47.9964,2.38024,11175.1,0
8.47507,3556.59,-67.8638,-39.5556,1.66836,11021.2,0
8.63508,3557.4,-67.3131,-34.9186,1.86341,10724,0
8.79564,3547.34,-71.125,-34.6003,8.58128,11671.3,0
8.9555,3540.48,-74.3183,-30.166,1.95571,12229.4,0
9.11589,3541.19,-67.5212,-21.8968,5.10208,11936.2,0
9.27451,3538.06,-65.3386,-26.684,7.73853,12069.6,0
9.43452,3544.85,-66.8509,-23.8388,0.988772,11145.5,0
9.58906,3535.69,-63.7989,-19.7083,10.9854,11921.2,0
9.75116,3541.66,-64.0585,-22.5792,3.5823,11110.8,0
9.91365,3531.64,-55.1713,-16.9041,6.92297,11939.5,0
10.0696,3523.65,-50.9294,-14.5941,7.28807,12547.9,0
10.2307,3512.52,-53.203,-10.4076,8.77746,13438,0
10.3924,3513.87,-53.0465,-9.77797,6.74389,13099.2,0
10.5503,3510.49,-54.2538,-10.1364,9.66351,13222.9,0
10.7092,3512.13,-54.0447,-8.51991,7.22445,12873.7,0
10.8696,3511.99,-52.5374,-10.0935,7.61448,12696.4,0
11.0315,3504.61,-49.7629,-11.0087,8.10121,13179.1,0
11.1935,3496.85,-49.6568,-6.40693,7.85123,13682.2,0
11.3501,3494.01,-45.3533,-7.76234,5.35598,13743.7,0
11.5116,3493.08,-36.3669,-12.559,6.54986,13631.3,0
11.672,3488.77,-35.8587,-16.9957,11.7971,13813.4,0
11.8323,3476.16,-30.5903,-12.025,11.3394,14691.7,0
11.9916,3468.22,-32.016,-5.53413,3.33655,15158.9,0
12.1506,3466.4,-23.3497,-3.16384,2.31024,15110.7,0
12.3122,3456.16,-5.66994,-11.3973,1.51343,15743.8,0
12.3415,3452.5,-4.43104,-9.46727,8.62016,16002.9,0
