0.156541,3647.49,13.204,22.9776,1.90569,16039.4,0
0.317732,3646.16,10.277,24.3672,2.64466,12084.8,0
0.475326,3639.32,20.667,18.214,6.3916,22470.9,0
0.635867,3636.8,22.9668,16.9307,7.46044,20766.4,0
0.797373,3632.26,30.575,20.4791,9.13601,22254.3,0
0.958049,3633.19,33.3731,18.1852,7.85655,17549.1,0
1.11874,3630.55,32.8477,11.7323,8.8021,17389.3,0
1.27665,3630.8,31.0006,13.8674,7.90572,15035.8,0
1.43455,3629.42,32.1017,11.8615,8.12636,14347,0
1.59685,3626.18,30.7505,13.451,9.50947,14914.3,0
1.7585,3620.17,37.647,14.6749,0.819992,16963.2,0
1.92133,3615.43,41.1733,22.5819,3.36911,17993.5,0
2.08109,3607.81,34.8067,36.2408,8.16264,20273.8,0
2.24125,3605.58,34.6138,38.2654,8.46001,19820.8,0
2.39796,3596.51,31.664,29.2138,3.76154,22306.9,0
2.55445,3592.61,21.948,33.6107,6.89037,22465.1,0
2.71322,3587.03,17.2234,34.5021,10.7223,23209.1,0
2.87079,3581.08,18.2984,38.8107,2.97598,24007.7,0
3.02939,3577.84,13.4529,39.4191,5.81428,23820.7,0
3.18871,3582.2,9.30895,34.6905,2.74115,21263.8,0
3.35052,3584.95,-6.91514,32.6344,0.610808,19416.3,0
3.51242,3583.01,5.25656,23.8681,3.23645,19072.4,0
3.67653,3585.35,6.43309,27.4074,0.700701,17584.5,0
3.83754,3578.52,11.4088,26.6434,6.53935,18627.3,0
4.00054,3580.3,14.7966,28.6208,4.08995,17422.6,0
4.16095,3582.06,13.9722,34.8603,1.6453,16328.8,0
4.32281,3572.93,11.9145,34.1635,9.85885,17827.6,0
4.48006,3568.68,9.9445,33.1694,12.9214,18151.4,0
4.6426,3562.84,8.47894,38.6676,5.92231,18773.2,0
4.79954,3557.83,8.00907,43.9032,9.35845,19204.1,0
4.95704,3557.55,11.8926,40.9499,9.32098,18650.6,0
5.11457,3559.71,14.0974,40.5292,6.31461,17653,0
5.27462,3557.87,23.8358,45.7674,5.48312,17466.6,0
5.43134,3561.34,24.6844,38.424,3.62506,16323.1,0
5.58883,3562.92,15.2452,42.255,2.27662,15581.8,0
5.75205,3564.43,13.9004,30.5845,3.29625,14876.3,0
5.91176,3564.44,11.2608,33.128,2.99332,14473.2,0
6.07462,3554.43,4.35345,28.0974,3.33586,15732.3,0
6.23003,3553.76,-0.133841,21.9579,5.28416,15448.1,0
6.3895,3552.01,2.3013,21.323,7.41719,15336.2,0
6.5523,3546.13,0.182072,25.0916,1.94665,15852.3,0
6.71352,3546.25,-3.95509,20.8304,2.82302,15453.4,0
6.87539,3541.05,-1.66347,25.6561,7.94012,15846.4,0
7.0354,3543.79,1.30865,27.4961,2.90963,15096.9,0
7.19307,3543.68,8.63523,30.0694,1.7418,14780.8,0
7.35546,3538.6,4.33149,34.9503,6.73646,15145.4,0
7.51488,3541.11,0.761642,31.1441,4.89388,14490.6,0
7.67169,3543.54,-3.41259,27.287,2.63459,13877.1,0
7.83515,3540.81,-10.3622,32.4614,3.8776,13935.4,0
7.98909,3541.42,-4.49467,30.4257,4.2262,13591.1,0
8.15011,3542.82,-9.5906,24.4622,3.64949,13151.3,0
8.30845,3544.77,-6.83374,13.364,3.7039,12665.3,0
8.46744,3544.24,-15.5765,11.1936,3.18275,12490.5,0
8.62863,3547.07,-5.17126,7.13557,0.833151,11929,0
8.79312,3540.17,-7.11593,7.88639,10.5111,12490.7,0
8.94852,3533.55,-5.60862,12.8823,6.58076,13013.2,0
9.1074,3532.8,-4.75974,18.2455,5.96942,12868.3,0
9.26874,3527.62,-2.42115,16.4053,4.80403,13203.1,0
9.4265,3522.94,-0.795914,13.0259,4.57389,13478.6,0
9.58908,3514.3,-2.67032,3.23842,12.5416,14151.1,0
9.74857,3504.79,-9.0479,7.32511,4.27485,14895.4,0
9.89944,3499.82,-0.210273,0.903561,19.9675,15171,1
