0.159541,3644.43,-75.5867,6.55369,3.23602,34887.8,0
0.320633,3640.09,-71.6418,-1.91957,5.89859,30917.4,0
0.481369,3642.8,-75.9643,-0.436623,3.7791,14950.1,0
0.640117,3642.33,-73.3545,0.770179,4.17665,11979,0
0.802102,3646.1,-67.6552,8.12531,2.51935,4861.4,0
0.964279,3639.17,-66.5341,5.48102,6.44819,11232,0
1.12231,3640.19,-70.9174,5.22405,5.09208,8737.52,0
1.28786,3637.85,-63.6861,7.68688,6.79435,9431.24,0
1.45093,3639.9,-64.6541,9.6309,4.94232,6961.1,0
1.61369,3643.29,-65.5682,5.31204,2.88511,4155.36,0
1.77213,3640.64,-68.6797,0.400645,4.05958,5283.16,0
1.93096,3636.71,-63.4006,-1.40456,6.32138,6881.74,0
2.09268,3638.93,-66.5862,-2.99937,4.30506,5287.54,0
2.25295,3638.32,-69.9581,-6.14863,4.22794,5184.95,0
2.41493,3639.43,-67.4322,-15.9527,3.5288,4378.76,0
2.5766,3638.95,-65.6671,-10.3236,3.9321,4289.71,0
2.73583,3641.77,-72.6637,-5.03834,1.58511,3006.44,0
2.89684,3636.43,-75.248,-1.68324,4.35033,4685.49,0
3.05434,3634.7,-83.8131,7.12796,4.22813,5008.9,0
3.21552,3636.81,-72.2891,5.64687,4.22743,4103.04,0
3.37391,3640.8,-65.7077,11.9475,2.45989,2725.41,0
3.53339,3635.6,-64.7442,6.81917,5.45116,4074.72,0
3.69546,3642.55,-68.891,6.68698,0.936443,2016.28,0
3.85199,3639.22,-78.8764,2.08127,1.81796,2799.7,0
4.00992,3639.27,-79.6234,-6.78256,1.6312,2676.96,0
4.16693,3635,-78.3812,-4.96782,4.18478,3600.75,0
4.32722,3633.42,-68.8465,-6.67969,5.82523,3830.8,0
4.48561,3636.68,-70.7627,-5.52829,3.52453,2969.78,0
4.64263,3635.23,-60.5438,-2.51476,5.34307,3182.21,0
4.80042,3632.09,-67.5695,-5.67881,6.07547,3731.38,0
4.95825,3637.54,-69.9339,-4.02214,2.5005,2513.37,0
5.11918,3632.28,-67.3196,-7.19472,5.63361,3462.05,0
5.28106,3629.11,-73.8363,-8.86073,6.46821,3955.54,0
5.44329,3629.63,-66.667,-6.27775,6.5741,3743.13,0
5.6024,3627.75,-64.1185,-11.4706,7.37872,3970.88,0
5.76372,3625.28,-60.4374,-12.6177,8.48339,4289.39,0
5.9248,3626.51,-56.6157,-13.0325,7.381,3965.18,0
6.08402,3629.62,-57.5314,-15.389,4.90518,3349.55,0
6.24253,3629.82,-56.6165,-19.2548,4.44202,3232.85,0
6.40442,3633.05,-57.4913,-11.7516,2.63122,2647.04,0
6.56489,3635.53,-63.6538,-15.7783,0.466398,2204.15,0
6.72723,3635.82,-57.7423,-16.6501,0.813297,2108.57,0
6.88739,3626.5,-47.0373,-15.6332,7.2665,3412,0
7.04814,3629.85,-46.8682,-12.0459,4.85988,2858.6,0
7.20848,3631.26,-50.1732,-14.1815,3.59177,2599.74,0
7.3666,3625.73,-47.5705,-16.2162,7.07617,3294.87,0
7.52583,3622.62,-46.865,-19.3578,8.49397,3638.57,0
7.68513,3625.39,-47.4175,-19.389,6.1352,3202.59,0
7.84718,3630.28,-45.2407,-20.3796,3.24688,2513.6,0
8.00597,3625.7,-40.0945,-28.5023,6.05325,3035.48,0
8.1662,3626.36,-41.7316,-34.9177,4.81761,2894.48,0
8.32961,3633.92,-38.2437,-32.6132,0.498308,1930.51,0
8.48946,3628.51,-46.0368,-19.6828,3.83125,2531.53,0
8.64846,3624.9,-43.6921,-21.0804,5.89233,2902.35,0
8.80538,3620.11,-41.7925,-23.7912,8.35088,3394.55,0
8.96525,3617.92,-43.1357,-21.4596,8.86218,3578.68,0
9.1275,3624.72,-44.7341,-23.6227,3.37512,2769.89,0
9.2894,3630.3,-35.4066,-27.7276,0.351204,2120.88,0
9.44534,3628.85,-32.5034,-24.3357,1.60277,2239.24,0
9.60714,3624.39,-28.4114,-25.353,4.53209,2665.95,0
9.76973,3627.23,-29.0056,-22.3021,2.7629,2330.29,0
9.9277,3628.13,-30.6722,-15.9289,2.32741,2202.59,0
10.0889,3618.96,-25.365,-18.041,8.10154,3076.44,0
10.2503,3617.15,-23.278,-14.222,8.53732,3205.15,0
10.4116,3620.15,-19.128,-19.0587,5.78772,2867.17,0
10.5701,3625.11,-26.0909,-15.7449,2.15796,2355.06,0
10.7331,3625.13,-22.4705,-3.10192,2.55662,2317.18,0
10.8937,3625.29,-19.7565,-5.02505,2.45038,2268.62,0
11.0503,3625.13,-21.5712,5.94794,2.39385,2250.41,0
11.2089,3617.26,-20.2901,7.00507,7.16548,2920.83,0
11.3672,3624.79,-20.1473,12.8987,1.75421,2217.87,0
11.5286,3620.95,-24.8112,9.53172,4.16571,2519.65,0
11.6922,3619.4,-29.2658,5.44002,4.99208,2616.7,0
11.8521,3623.39,-25.9348,0.782201,2.44042,2244.99,0
12.0131,3622.19,-17.9309,-0.568229,3.62169,2315.36,0
12.1688,3622.23,-22.4498,2.62356,3.31305,2281.83,0
12.3318,3623.23,-20.4832,7.90299,2.66419,2170.89,0
12.4909,3623.96,-19.1366,9.62459,2.15903,2084.32,0
12.6509,3619.19,-16.5012,6.555,5.36716,2435.69,0
12.8107,3619.58,-17.7366,3.4246,4.93311,2374.65,0
12.97,3621.69,-15.9834,3.54077,3.33969,2182.88,0
13.1298,3620.95,-18.6857,8.84431,3.5853,2212.23,0
13.2899,3623.71,-15.1356,15.1889,1.67023,1978.35,0
13.4483,3622.36,-15.6102,17.2626,2.44073,2055.32,0
13.6086,3616.89,-12.1033,22.45,5.94435,2432.83,0
13.7714,3620.77,-15.6877,20.0776,3.19466,2122.16,0
13.9293,3619.53,-19.166,24.6523,3.69344,2187.64,0
14.0873,3623.51,-22.8037,20.7646,0.952095,1880.64,0
14.2457,3617.51,-27.86,19.3994,4.54357,2280.37,0
14.4048,3616.69,-24.468,19.2457,5.18739,2312.71,0
14.5673,3623.7,-20.7834,12.2446,0.804797,1805.23,0
14.7261,3620.76,-24.7678,24.0602,2.1493,1985.37,0
14.8868,3620.41,-23.917,21.3903,2.48206,1987.69,0
15.0468,3621.94,-25.494,24.8236,1.20012,1864.89,0
15.2044,3622.14,-23.1208,33.9628,0.636207,1832.45,0
15.3655,3620.93,-20.8011,29.5303,1.79761,1891.74,0
15.5247,3622.67,-25.0935,29.02,0.469907,1760.11,0
15.6855,3617.1,-24.8445,24.7057,4.32153,2097.37,0
15.8494,3612.21,-25.6334,26.9168,6.8673,2384.39,0
16.0107,3616.42,-20.1529,21.6501,4.38376,2097.06,0
16.1685,3619.01,-21.3291,25.5434,2.2979,1916.82,0
16.3297,3613.39,-19.9547,31.4185,5.74322,2241.62,0
16.4862,3611.22,-19.7944,29.9156,6.69685,2352.55,0
16.6476,3609.45,-10.7153,34.2426,7.05512,2436.01,0
16.8091,3606.75,-9.89694,42.1015,7.47688,2572.82,0
16.966,3604.32,-3.21398,40.4841,8.92462,2692.65,0
17.1289,3603.15,-2.79496,41.5292,8.68833,2735.28,0
17.29,3605.26,-1.75685,42.0649,6.65334,2587.39,0
17.4502,3602.97,-3.50957,41.6475,7.99729,2694.97,0
17.6098,3598.75,-11.4213,45.845,9.98366,2910.33,0
17.7717,3598.91,-8.90037,48.4005,8.49305,2874.95,0
17.9298,3602.8,-10.3945,52.9897,4.53372,2632.4,0
18.0904,3602.77,-13.8097,57.7968,3.6289,2610.57,0
18.2485,3598.62,-14.1632,58.0257,6.31259,2815.37,0
18.4108,3594.9,-16.1911,57.7605,8.33429,2992.74,0
18.5722,3593.99,-11.6768,56.3183,8.47772,3015.95,0
18.731,3591.88,-6.6663,57.7838,9.18342,3102.79,0
18.8912,3595.68,-3.42989,56.5282,5.88184,2875.67,0
19.0504,3592.39,-5.93762,56.8781,7.94255,3024.26,0
19.2121,3591.2,-11.5421,51.7603,8.36035,3060.53,0
19.3716,3594.69,-4.95089,51.8925,5.30537,2855.34,0
19.5297,3592.7,-8.92305,51.6422,6.30004,2933.85,0
19.6918,3590.23,-5.85413,53.9806,7.2999,3035.24,0
19.8528,3589.42,0.961723,57.2597,6.97629,3051.27,0
20.0115,3591.3,-1.30071,57.4624,5.38621,2933.39,0
20.1726,3590.74,-0.715289,55.1524,5.95058,2937.48,0
20.3295,3586.93,0.544015,57.3493,7.83994,3102.52,0
20.488,3587.16,5.48489,57.7829,7.01636,3067.03,0
20.646,3582.47,4.30046,58.0467,9.97869,3270.69,0
20.8099,3591.55,4.98636,58.3588,2.45906,2808.71,0
20.9732,3590.66,-11.2689,63.1072,2.14479,2829.5,0
21.1351,3580.3,-8.02011,70.3485,8.43178,3297.74,0
21.2992,3578.07,-11.3722,67.9783,9.50633,3377.09,0
21.4586,3578.31,-11.2243,72.1239,7.53173,3340.86,0
21.6233,3577.5,-11.9362,73.1218,7.47293,3352.7,0
21.7856,3577.48,-12.3497,66.4431,8.52403,3328.98,0
21.9454,3578.48,-10.245,66.0882,6.96773,3259.12,0
22.105,3580.62,-10.967,64.4745,5.16251,3138.55,0
22.2657,3579.19,-4.82727,67.3587,5.40903,3180.25,0
22.4235,3580.78,-7.42598,70.0124,3.20556,3086.87,0
22.5852,3580.04,-6.04604,78.7755,1.82563,3097.79,0
22.7442,3572.93,1.6723,79.6559,6.65859,3388.44,0
22.9078,3577.54,1.51502,82.125,2.43466,3162.98,0
23.0667,3578.5,-0.645962,77.1442,2.91108,3099.82,0
23.2249,3571.67,-1.75566,80.0166,7.18506,3372.86,0
23.3833,3579.39,-6.57486,80.6985,1.06039,3019.76,0
23.5449,3577.33,-3.9904,82.7985,2.09712,3086.27,0
23.7053,3578.04,-13.8808,83.0292,1.22647,3035.68,0
23.863,3574.78,-15.6932,78.5981,4.50206,3152.09,0
24.0232,3580.09,-11.9148,74.5521,1.25938,2910.24,0
24.1818,3578.98,-10.0017,77.9455,1.32701,2937.12,0
24.3422,3573.16,-13.1666,76.6898,5.78383,3156.45,0
24.5026,3578.62,-11.7033,67.8809,3.64791,2913.02,0
24.6606,3571.82,-4.69887,70.4873,8.18984,3170.38,0
24.8186,3565.53,-3.37923,72.4852,11.5332,3403.41,0
24.9812,3562.01,-8.64525,72.9741,2.40952,3522.14,0
25.1406,3563.7,-11.1169,71.1211,1.35481,3432.63,0
25.2995,3559.32,-6.47948,74.4175,3.92562,3584.33,0
25.4575,3560.35,-9.56674,69.8622,4.30344,3521.66,0
25.615,3560.03,-9.55374,67.5208,4.94281,3512.53,0
25.7752,3563.88,-4.0686,58.0932,3.93359,3341.13,0
25.9354,3561.79,6.36015,61.3709,4.55669,3401.02,0
26.0959,3559.76,3.99852,61.0161,6.14991,3457.91,0
26.2524,3560.97,8.12064,65.9162,3.37508,3391.31,0
26.4122,3561.57,5.23101,67.5239,2.46385,3348.13,0
26.5705,3559.22,8.3266,63.4661,5.58986,3416.67,0
26.7297,3556.24,9.31294,65.5621,7.12666,3507.76,0
26.8843,3555.42,10.3472,62.2751,7.82864,3518.01,0
27.0452,3553.85,6.98873,59.1802,9.40983,3555.15,0
27.205,3555.92,5.59399,52.838,8.58553,3458.06,0
27.3623,3560.09,-0.0133644,50.6988,4.58038,3285.73,0
27.5234,3563.3,6.63908,49.0222,1.772,3150.06,0
27.6873,3563.33,7.033,42.5919,3.2677,3130.3,0
27.8471,3560.18,18.2612,36.2062,6.78112,3225.41,0
28.0082,3558.57,22.0243,36.9749,7.33461,3264.34,0
28.1672,3549.79,20.1721,42.748,2.90612,3557.7,0
28.3295,3538.15,17.8235,38.8331,6.13153,3948.22,0
28.4899,3540.36,19.862,36.8754,3.69731,3848.48,0
28.6486,3535.66,18.7399,39.1708,8.53996,3991.13,0
28.8066,3537.74,24.0763,36.8776,5.28948,3896.89,0
28.9672,3536.67,24.8794,34.0485,6.99307,3912.46,0
29.1266,3542.19,20.1698,30.0909,1.74739,3701.3,0
29.2842,3541.61,11.3708,28.0143,4.73115,3701.19,0
29.4448,3540.8,-0.0345275,29.6121,5.95086,3708.79,0
29.6032,3536.18,0.711614,26.5523,1.4629,3844.79,0
29.7649,3532.66,0.110228,30.5855,4.99108,3942.24,0
29.9234,3522.99,-3.4577,27.1537,10.8153,4244.55,0
30.0836,3515.37,-1.33311,25.9115,0.782882,4475.13,0
30.244,3511.32,-5.96768,24.7259,10.058,4585.34,0
30.4048,3509.21,-4.0826,24.9426,2.77394,4630.57,0
30.5594,3512.13,-0.183184,18.604,4.32693,4511.5,0
30.7186,3511.55,2.47599,14.4702,11.0536,4506.98,0
30.8804,3503.02,-0.683562,16.8622,0.109668,4759.62,0
31.0385,3494.7,5.05812,10.3123,15.9626,5003.49,0
31.1508,3487.53,2.7557,2.05988,12.5798,5215.55,2
