0.280504,3644.6,4.98126,-17.2998,2.97359,19234.5,0
0.551756,3635.97,-5.72269,-36.3729,7.30605,25422,0
0.827029,3642.98,-13.6336,-27.4897,3.18492,8486.06,0
1.10214,3643.57,7.43185,-31.7969,2.69106,5835.95,0
1.38161,3622.23,4.11361,-17.6684,4.95413,20102.6,0
1.64615,3621.53,8.41544,-26.5681,4.80058,17292.4,0
1.91979,3619,2.5049,-22.3105,6.48793,16145.1,0
2.19247,3614.68,14.3837,-25.683,8.93792,16111.9,0
2.46832,3624.43,0.3851,-24.5602,2.36786,10360.7,0
2.74795,3617.53,2.86797,-34.153,6.34232,11814.9,0
3.02493,3605.27,12.702,-17.0588,3.26495,14787.1,0
3.29597,3592.69,26.3554,-17.5878,11.7551,17388.4,0
3.57423,3603.91,39.3175,-21.1828,1.17836,12896.1,0
3.85227,3582.41,32.9385,-29.5822,5.85999,17544.8,0
4.12115,3586.42,30.3338,-21.0103,3.467,15428.8,0
4.3954,3579.79,32.6696,-30.0469,7.25366,15972.7,0
4.67298,3585.21,27.299,-15.7402,4.26007,13865.5,0
4.94789,3583.01,35.418,-15.4667,5.04194,13539.5,0
5.22379,3584.07,31.9038,-13.0828,4.40056,12620.6,0
5.49381,3581.77,46.0031,0.525399,4.58501,12419.7,0
5.76813,3579.74,48.1922,-5.90595,5.13722,12181.1,0
6.03679,3575.57,62.4029,0.0538036,5.59159,12330,0
6.3115,3558.58,62.6379,4.28535,7.91604,14483.9,0
6.58454,3554.33,70.5171,-10.9636,8.3476,14529.8,0
6.86084,3562.23,56.8053,-26.6952,3.81642,12792.4,0
7.13517,3562.51,52.0774,-37.7532,3.02512,12261.7,0
7.40696,3555.97,49.6947,-40.0798,8.46904,12694.9,0
7.67719,3552.94,47.2459,-43.9455,10.5863,12642.4,0
7.95264,3548.74,43.616,-40.7719,4.29487,12733.4,0
8.22376,3548.43,52.0901,-20.7684,5.85768,12351.2,0
8.49708,3546.85,52.0113,-27.6024,6.32576,12139.8,0
8.77287,3543.88,61.334,-14.4405,6.96218,12096.1,0
9.04163,3526.61,53.9878,-31.0915,1.87798,13646.8,0
9.31477,3519.3,58.1128,-35.7406,6.12759,14031.6,0
9.58786,3508.44,57.4878,-34.6586,6.94298,14764.2,0
9.85844,3491.97,64.905,-33.1408,6.78251,16029.7,0
10.1321,3493.15,58.5518,-36.0083,8.89793,15480.2,0
10.4034,3489.05,65.652,-48.2781,1.4777,15470.6,0
10.6742,3488.58,52.4867,-47.866,11.3233,15122.6,0
10.9536,3487.22,43.3077,-48.602,7.19646,14860.7,0
11.2235,3484.86,35.4327,-48.6141,3.65508,14713.9,0
11.4989,3473.95,43.8191,-52.4808,6.35884,15310,0
11.7695,3464.01,39.6769,-38.9807,12.4327,15802.4,0
12.0413,3455.81,23.5273,-38.4227,1.72319,16127.4,0
12.2765,3449.98,28.4937,-16.3301,6.66807,16292.7,0
