0.277259,3637.3,-34.6151,-26.5074,7.29249,45797.8,0
0.548409,3647.33,-29.2779,-22.3944,1.56947,4865.42,0
0.823902,3641.89,-42.6294,-36.8656,3.37358,9847.27,0
1.09423,3639.87,-42.2531,-21.2114,5.17191,9259,0
1.36749,3632.84,-53.9559,-28.757,8.0099,12550.5,0
1.63788,3630.64,-55.8128,-27.1941,8.59099,11818.2,0
1.91081,3618.57,-51.249,-35.9196,4.00742,16447.8,0
2.18062,3622.01,-51.4038,-29.2779,2.08135,12837.9,0
2.45309,3606.02,-48.1854,-29.6934,12.2482,17929.4,0
2.72353,3599.04,-32.6461,-13.5501,7.8407,18711.9,0
2.99154,3604.51,-28.9797,-17.4641,3.46851,15205,0
3.26252,3601.61,-16.8934,-12.622,6.47178,14832.3,0
3.53911,3580.08,-22.9617,1.77837,12.0444,19755,0
3.8123,3579.51,-20.7165,-12.9503,11.9011,18491.4,0
4.07828,3567.09,-15.4011,-18.3508,11.9141,20329.5,0
4.3523,3561.01,-9.48563,-27.4825,5.73246,20447,0
4.62946,3564.83,-12.4119,-10.3211,3.15251,18396.9,0
4.90765,3565.32,-19.9033,4.76432,1.67993,17255.7,0
5.18026,3558.99,-28.3827,8.61472,6.8634,17568.6,0
5.45133,3547.17,-32.5887,9.94957,7.32212,18863.4,0
5.72464,3549.94,-22.9676,14.9342,5.70011,17478.1,0
5.99585,3539.25,-10.525,9.48637,12.1492,18471.9,0
6.27057,3523.28,-6.34848,-1.73441,9.58805,20208.1,0
6.51881,3498.07,-1.0256,-0.442964,20.2547,23305.7,5
