0.27384,3643,9.99634,4.48467,4.35019,25553.7,0
0.548968,3649.49,7.06192,9.59652,0.413549,926.092,0
0.828371,3641.33,5.09428,10.2665,5.2766,10470.9,0
1.10567,3646.06,1.43229,9.72682,2.42713,3563.99,0
1.37744,3643.55,-5.02888,6.90971,3.76921,4682.03,0
1.65038,3641.86,6.50156,9.89946,4.54505,4933.09,0
1.92135,3642.86,6.55049,11.4063,3.9052,3717.98,0
2.19736,3636.56,6.8989,15.4839,7.34945,6117.29,0
2.47372,3640.69,19.0195,18.4133,4.39518,3764.23,0
2.75891,3633.24,14.394,18.5366,8.76743,6073.61,0
3.03448,3636.06,17.2986,13.8437,6.33955,4593.88,0
3.30613,3634.15,21.8689,26.9756,6.69335,4795.18,0
3.57766,3638.43,31.2592,29.8799,3.40721,3232.94,0
3.85696,3641.12,41.8318,37.8839,0.799437,2301.85,0
4.12962,3631.19,39.3184,57.1035,5.43297,4555.95,0
4.40188,3631.49,48.0678,62.5441,4.02902,4204.42,0
4.67966,3611.72,31.1948,58.2245,5.82217,8179.11,0
4.95629,3603,34.1503,62.1638,10.335,9483.75,0
5.23194,3594.33,29.9445,67.9126,3.86615,10640.7,0
5.51001,3584.32,39.885,67.7311,9.49137,11919.4,0
5.78657,3587.94,38.9274,51.0763,9.07307,10724.9,0
6.05646,3598.33,38.6449,56.589,0.154763,8532.09,0
6.32844,3579.16,39.8303,56.4502,13.2592,11194.1,0
6.60902,3568.05,37.8729,52.8269,8.96624,12399.9,0
6.87815,3574.14,32.153,55.3576,3.98677,11028.5,0
7.15069,3578.39,28.7234,58.6103,0.245455,10014.1,0
7.42941,3573.43,21.6933,51.2262,6.17027,10306.6,0
7.69993,3561.57,10.749,42.0584,7.88232,11484.6,0
7.96796,3569.67,21.4337,34.9933,0.374511,10081.3,0
8.24191,3554.99,49.3322,36.0461,8.78501,11527.7,0
8.51795,3549.26,49.3269,23.6664,4.49198,11826.7,0
8.79324,3542.78,55.7741,21.7369,8.63283,12193.8,0
9.06942,3553.13,39.54,23.052,2.80839,10680.4,0
9.34239,3551.05,32.2624,12.0427,8.25256,10591.2,0
9.61854,3534.53,25.7739,21.273,6.60288,12005.3,0
9.88955,3523.2,23.2463,27.9514,10.1523,12821.2,0
10.1547,3518.13,19.9212,16.0266,4.1597,12986.1,0
10.4285,3501.7,32.7504,17.6665,11.0072,14220.8,0
10.7035,3499.97,31.5804,13.5228,5.15688,14016.8,0
10.9707,3489.14,14.7318,16.7948,3.41359,14662.5,1
11.175,3482.11,0.496338,4.398,21.0389,15023.9,5
