0.276256,3645.99,-20.0448,64.4373,1.52882,14529.2,0
0.547137,3632.95,-14.7014,76.6591,7.71132,31159.1,0
0.822586,3622.78,-17.8185,70.9328,2.14436,33090.5,0
1.09378,3619.81,-38.7203,57.4492,4.44298,27598.7,0
1.36205,3613.38,-43.8923,65.5455,6.97013,26885.2,0
1.63907,3605.16,-42.9298,41.8747,2.90465,27356.8,0
1.91623,3599,-47.5085,46.4725,6.10184,26616.6,0
2.1934,3602.64,-53.3802,18.0973,4.98137,21591.8,0
2.4677,3600.13,-43.8846,16.2627,7.46785,20210.5,0
2.73897,3594.85,-36.8591,27.1292,11.1087,20134.2,0
3.01036,3579.11,-30.8368,18.1264,1.38172,23547.8,0
3.2815,3566.39,-26.3226,12.0135,13.7879,25480.3,0
3.55607,3562.22,-31.2082,13.5539,2.62512,24684.9,0
3.82553,3557.66,-39.6186,11.3759,4.98436,24136.7,0
4.10023,3555.33,-59.878,15.1166,0.992337,23089.5,0
4.3782,3547.69,-63.4288,25.7768,5.66181,23367.5,0
4.65989,3550.05,-63.2372,29.1734,2.98774,21448.6,0
4.9371,3542.81,-66.5675,15.5596,10.1312,21711.8,0
5.20871,3532.09,-48.1843,8.22586,4.48621,22636.9,0
5.47774,3534.04,-50.4409,-0.47692,1.07591,21169.2,0
5.75197,3520.99,-44.7004,4.94937,9.49585,22429.7,0
6.02892,3514.2,-38.475,2.40053,10.8938,22524.8,0
6.30787,3502.3,-40.6063,2.68416,5.30931,23415.2,0
6.57848,3500.08,-35.4573,12.8658,1.22073,22788.8,0
6.84492,3483.15,-20.9185,8.01577,2.31326,24375.2,0
7.08704,3473.63,-3.25192,5.25884,24.2256,24885.8,2
