0.279362,3640.98,9.28346,-9.86596,5.4979,32286.9,0
0.549438,3636.51,23.827,-2.54112,7.48509,24561.3,0
0.824333,3639.58,38.0833,-9.89974,4.72113,12645.3,0
1.10267,3638.3,35.5877,-2.67659,5.66065,10612.6,0
1.37575,3641.89,39.2824,-17.8624,2.91947,5895.36,0
1.65526,3639.66,52.7534,-8.54334,3.23192,6249.41,0
1.93398,3628.14,48.2662,-9.08423,9.84758,11300.9,0
2.20649,3626.51,51.7239,-1.85304,9.61541,10645.6,0
2.48308,3613.17,69.2675,-13.4428,3.3621,14833.5,0
2.75573,3616.28,63.1366,-22.6377,1.8595,12238.1,0
3.02874,3606.62,71.482,-21.4824,6.75004,14323,0
3.30245,3597.92,53.4074,-19.1708,3.42125,15769.3,0
3.58053,3591.76,50.1803,-22.4387,8.1083,16265.6,0
3.85071,3592.1,52.0148,-23.105,6.82163,15035.7,0
4.12891,3595.52,53.2856,-31.7176,3.29303,13195.3,0
4.40404,3595.53,50.5895,-32.7571,3.52289,12367.1,0
4.68368,3579.08,63.4564,-40.5186,12.5669,15141.9,0
4.96545,3563.95,54.1698,-34.7869,3.82093,17330,0
5.24226,3550.27,46.7898,-38.0611,5.75597,19024.2,0
5.5185,3537.79,33.0143,-31.9954,1.47491,20333.4,0
5.78642,3523.34,31.438,-14.9776,4.34731,21889.2,0
6.06516,3518.84,34.139,-26.6268,4.79663,21624.6,0
6.3427,3500.71,30.6494,-10.3478,11.2073,23538,0
6.61867,3499.54,33.9449,-15.4494,5.22778,22733.2,0
6.89411,3485.62,21.5893,-24.0028,3.0022,23843.4,0
7.16537,3473.44,15.5494,-17.4539,10.6766,24641.1,0
7.27886,3481.87,2.34511,-3.67637,5.2174,23098.1,2
