0.267205,3647.58,33.6187,13.1116,1.1583,9072.02,0
0.538201,3641.18,28.4948,12.2297,5.19594,16380.1,0
0.810687,3634.88,18.9529,20.3587,8.73779,18650.6,0
1.09073,3640.48,18.7753,33.2082,4.68064,8728.45,0
1.3596,3637.4,14.3255,31.21,6.55766,9265.41,0
1.63163,3634.17,22.4094,27.0728,8.05118,9703.45,0
1.90869,3631.78,28.1984,27.9387,8.85477,9545.01,0
2.17666,3634.04,35.5033,14.9979,6.9686,7331.53,0
2.45399,3639.43,31.5351,15.355,3.72274,4305.6,0
2.73296,3638.6,34.694,23.9366,3.71767,4171.96,0
3.00745,3639.99,24.0937,20.6486,3.44408,3328.16,0
3.2761,3637.65,26.8377,17.4304,4.41794,3769.07,0
3.54946,3635.37,51.5182,20.3936,4.01843,4121.64,0
3.8215,3641.45,39.2565,21.0108,1.18098,2236.66,0
4.08676,3628.96,40.5481,36.6672,7.64613,5148.52,0
4.36027,3640.85,21.2844,34.7508,1.32009,2098.87,0
4.63765,3632.94,33.5934,30.8996,5.57091,3677.89,0
4.90853,3631.16,42.009,36.3877,5.61526,3837.28,0
5.18445,3631.36,41.3574,28.9085,5.69408,3594.49,0
5.46074,3615.55,41.2678,32.7154,3.13832,6309.02,0
5.7402,3604.99,33.5919,26.498,11.1723,7840.53,0
6.01309,3599.8,26.7909,47.3582,1.79561,8348.9,0
6.28719,3582.76,34.1481,48.684,1.84363,10695.1,0
6.56095,3565.87,34.2058,51.3471,3.36886,12823.5,0
6.83208,3559.32,31.1699,50.7586,9.62731,13272.6,0
7.11014,3549.59,45.4894,44.3487,5.4802,14121.4,0
7.38341,3546.4,45.0406,45.6189,7.7387,14031.8,0
7.6517,3530.59,33.2412,40.3887,4.92591,15605.6,0
7.93432,3518.86,40.1502,31.6552,8.62918,16527.8,0
8.20695,3514.47,48.0717,36.6447,6.9667,16514.6,0
8.47797,3500.15,46.1106,46.4563,5.51949,17674.8,0
8.75349,3483.84,47.4064,48.0654,10.4945,18981.9,0
9.0319,3485.81,39.6656,63.2584,0.571961,18178.8,0
9.30251,3485.59,36.2732,58.763,6.36353,17673.5,0
9.58294,3490.67,29.4565,59.7292,2.80024,16626.3,0
9.85855,3489.46,28.2481,62.5566,2.00884,16284.3,0
10.1323,3502.87,13.312,41.5729,11.135,14520.6,0
10.4046,3493.26,11.8211,35.9606,10.0499,15064.3,0
10.6773,3474.77,-4.62946,33.3777,6.61875,16411.2,0
10.9501,3462.95,1.63904,26.4414,2.99144,17081.8,0
11.1076,3460.93,-1.38484,8.49012,5.7694,17021.8,0
