0.27024,3641.12,-0.882201,-0.725395,5.40395,32851.3,0
0.546,3628.26,2.34704,7.39395,0.989497,39817.7,0
0.816918,3620.74,-4.59146,4.18631,5.86476,35812.4,0
1.09084,3616.7,-19.1505,5.1315,7.75881,30526.2,0
1.35398,3618.64,-27.7679,9.98541,5.69342,23161.5,0
1.62806,3620.65,-42.8977,12.8482,3.10517,18027.2,0
1.90423,3612.29,-33.0293,21.7604,8.87468,19803.8,0
2.17866,3617.55,-30.5591,18.3407,4.86062,14893.1,0
2.44794,3616.37,-20.206,14.0799,6.38418,13736.8,0
2.72403,3613.75,-8.52885,8.6191,8.18156,13306.6,0
2.9974,3602.12,-21.5699,6.24175,3.79595,15973.7,0
3.26819,3584.52,-18.645,27.7054,4.96222,20036.9,0
3.54574,3575.87,-15.1743,27.6498,1.12132,20907.5,0
3.82243,3573.29,-4.39991,14.6965,5.19977,20067.7,0
4.09777,3567.88,-8.86128,20.8846,9.32029,20040.2,0
4.37613,3559.01,2.63498,15.5728,7.87663,20792.2,0
4.65591,3547.53,-18.1108,13.4582,9.01232,22009.3,0
4.92879,3540.79,-13.378,20.8247,5.57583,22157.6,0
5.20193,3532.82,-0.0043635,22.027,7.08812,22526.8,0
5.48448,3526.58,-1.48553,23.6354,5.15029,22503.8,0
5.75568,3520.91,-13.1208,20.1182,3.92926,22427.7,0
5.99162,3499.26,-0.978567,0.123477,31.9957,25157.8,5
