0.276442,3636.01,40.3728,0.161938,7.97038,50624.1,0
0.548949,3631.04,46.4373,3.12107,9.72066,34530,0
0.825615,3632.6,51.9948,0.941401,7.80976,21075.3,0
1.09536,3630.55,53.7254,1.32901,8.50928,17756.4,0
1.36955,3630.23,53.2801,6.91425,7.59795,14438.1,0
1.64413,3622.99,63.7576,3.46997,10.3501,16427.4,0
1.91645,3622.27,72.3954,4.6685,9.03857,14468.4,0
2.18945,3612.98,67.1405,1.82847,3.56873,16906.4,0
2.46862,3612.38,84.9411,7.13923,1.23295,15237.5,0
2.62232,3601.28,100.057,-3.0744,5.51636,18578.1,0
