0.2738,3639.38,-24.6805,-9.54441,6.51975,38788.8,0
0.554625,3642.74,-17.4454,-11.3903,4.54879,13098.3,0
0.829807,3635.81,-22.2753,-24.1274,7.82023,17098,0
1.10745,3634.35,-17.4323,-17.4053,8.69419,14131.5,0
1.3808,3645.79,-11.7863,-16.5646,1.84715,3046.41,0
1.65514,3641.58,-29.5686,-6.69088,3.4844,5084.58,0
1.92894,3642.24,-13.4661,2.51413,3.56441,4022.82,0
2.20829,3643.63,-7.04071,-17.2079,2.52402,2885.38,0
2.47844,3638.75,-9.16495,-11.0936,5.53654,4538.96,0
2.75242,3640.14,-17.0318,17.3741,4.32519,3581.06,0
3.0286,3645.88,-24.0059,20.9994,0.447776,1360.42,0
3.30749,3637.83,-31.5511,27.5028,4.64847,3678.93,0
3.57725,3642.31,-36.9736,7.09437,2.10415,2149.6,0
3.85561,3633.64,-24.194,-1.58536,7.93442,4242.72,0
4.13681,3633.11,-28.2212,2.61488,7.51027,4083.84,0
4.40206,3642,-23.1367,11.0078,1.7599,1816.46,0
4.67985,3637.96,-34.9832,21.3687,3.30257,2572.29,0
4.95215,3634.99,-41.242,9.76021,4.90419,3031.99,0
5.23276,3617.16,-31.107,7.26113,5.08393,6276.22,0
5.5052,3610.27,-24.7291,21.2587,9.35632,7217.23,0
5.77765,3598.78,-24.1937,20.9787,5.41671,8864.77,0
6.04996,3587.76,-26.5534,16.3617,2.49036,10288.1,0
6.33275,3563.39,-31.6441,21.4089,11.6131,13676.6,0
6.61477,3557.74,-28.3784,11.0193,7.43811,13948.1,0
6.8873,3544.65,-46.9196,6.68335,4.9409,15296.6,0
7.16182,3537.92,-53.0688,20.1766,8.16557,15650.2,0
7.42824,3522.02,-46.264,11.4005,6.70846,17228.4,0
7.70249,3505.9,-34.5105,21.1104,0.901116,18708.6,0
7.96987,3504.04,-36.6699,18.1204,3.41026,18314,0
8.24622,3486.17,-28.6685,34.3861,1.54148,19867.1,0
8.51321,3484.45,-29.423,24.4298,4.31164,19446.3,0
8.78448,3471.09,-23.454,22.145,4.23423,20366.9,1
9.05386,3467.95,-6.85258,2.22173,8.86849,20107.4,3
