0.281439,3640.88,-6.79749,-26.1096,5.80644,32400.3,0
0.555362,3632.58,-6.79874,-40.6889,9.54191,31374.2,0
0.832582,3612.75,0.607704,-53.8373,9.24763,44744.8,0
1.10787,3610.37,-5.69572,-58.2242,9.56365,35767.9,0
1.3849,3607.08,-1.0387,-58.2315,11.2379,30990.2,0
1.65335,3602.02,2.17048,-52.7263,3.78869,29019.8,0
1.92949,3598.98,12.8566,-63.44,4.19257,26440.4,0
2.2007,3595.83,28.989,-69.0466,4.61448,24616.2,0
2.47562,3585.11,45.0483,-57.4016,0.578909,26210,0
2.7455,3568.12,48.6129,-46.3867,2.90102,29822.8,0
3.01868,3557.96,45.296,-55.2939,9.97091,30491.6,0
3.28711,3565.74,52.4189,-46.17,3.52332,25633.7,0
3.56112,3567.13,47.0407,-47.5839,3.04545,23271.8,0
3.83314,3546.73,32.5426,-66.6047,6.42164,26942.1,0
4.10189,3538.11,37.2696,-68.8139,11.8803,27277.7,0
4.37328,3531.62,36.1692,-64.4758,8.09176,27069.8,0
4.64813,3532.03,38.4268,-47.8895,0.120704,25379.3,0
4.91906,3519.4,26.3793,-43.9911,9.43747,26548.9,0
5.18865,3510.99,33.3646,-39.3831,8.45115,26790.8,0
5.45798,3506.16,29.0109,-33.8076,8.18449,26354,0
5.73268,3492.12,38.2801,-33.5828,7.27178,27540.8,0
6.00652,3490.82,43.2883,-28.5698,7.67755,26500.4,0
6.28032,3474.19,48.9794,-30.8609,7.46437,27993.2,0
6.55632,3470.96,34.3364,-27.9641,10.2843,27308.2,0
6.82957,3462.07,24.2882,-38.2979,9.1423,27517.3,0
7.11,3457.83,10.7669,-19.0892,6.917,27028.2,0
7.17125,3455.63,4.56445,-8.67016,9.06812,27103.4,3
