0.159622,3621.28,-10.9338,-11.3279,3.39274,179900,0
0.319546,3620.38,-14.4919,-16.3843,3.44404,92700.4,0
0.476587,3618.38,-16.4209,-19.4071,3.63331,66342.2,0
0.636796,3633.9,-15.3611,-24.0938,1.66273,25276.9,0
0.796671,3626,-10.5192,-22.0211,2.62638,30124.4,0
0.952579,3623.02,0.434755,-20.2402,3.00664,28324,0
1.11067,3623.2,9.01979,-26.7721,2.90016,24126.1,0
1.26818,3626.84,13.5501,-22.4659,2.47566,18265.7,0
1.4273,3623.49,9.51324,-19.7338,2.86924,18571,0
1.58482,3616.58,8.77072,-32.0023,3.54169,21087.4,0
1.74701,3621.23,14.9518,-20.75,2.96569,16470.3,0
1.90775,3623.87,12.3914,-25.6686,2.51751,13696.7,0
2.06714,3624.42,3.17593,-30.384,2.42598,12374.5,0
2.2275,3632.24,-1.24653,-32.2265,1.44134,7972.58,0
2.38685,3635.34,10.7601,-40.5094,0.955933,6140.1,0
2.54534,3631.3,18.1881,-39.5736,1.4073,7346.86,0
2.70315,3629.12,23.3744,-32.4969,1.74989,7723.39,0
2.86215,3627.04,31.6455,-36.2292,1.87523,8022.23,0
3.02104,3631.36,36.5137,-30.711,1.36788,6169.89,0
3.18188,3623.6,28.8504,-40.1815,2.25201,8296.34,0
3.34363,3615.13,32.7774,-38.6166,3.18552,10428.8,0
3.50391,3623.92,27.0747,-47.1244,2.0198,7443.01,0
3.66741,3637.35,33.4663,-48.6858,0.395874,3448.17,0
3.82333,3634.23,36.1351,-49.5746,0.702591,4125.05,0
3.98366,3638.04,34.3526,-57.2746,0.184114,3002.22,0
4.14356,3618.52,32.0729,-69.9392,2.14684,7597.97,0
4.30555,3630.37,28.4868,-71.5067,0.817217,4558.99,0
4.46734,3625.53,25.3081,-73.7462,1.31989,5477.78,0
4.6246,3621.31,30.7863,-83.0665,1.50672,6202.94,0
4.78432,3628.76,33.1741,-78.4738,0.77695,4438.82,0
4.94286,3622.67,44.5888,-75.8398,1.37407,5530.12,0
5.10524,3613.81,39.5179,-62.8324,2.70392,7089.26,0
5.26634,3613.65,30.2172,-55.1195,2.9912,6903.17,0
5.42475,3608.89,34.8181,-48.9122,3.59652,7578.46,0
5.58901,3603.33,24.3,-51.0666,4.28346,8350.72,0
5.75084,3595.48,22.8267,-52.7962,5.22276,9479.77,0
5.90991,3602.24,32.3363,-47.4416,4.14884,8081.61,0
6.0712,3605.51,24.3735,-54.1279,3.59032,7328.7,0
6.23457,3613.21,18.821,-59.5749,2.53236,5901.35,0
6.39516,3613.46,16.6906,-62.601,2.41996,5713.36,0
6.55616,3611.58,8.20182,-63.0666,2.6661,5860,0
6.70884,3615.13,-1.3266,-63.6827,2.21679,5197.59,0
6.87044,3609.65,-0.246971,-60.8792,2.92494,5872.82,0
7.03276,3605.26,-6.77512,-54.5068,3.5748,6362.17,0
7.19286,3611.45,-9.3866,-53.7179,2.80726,5359.27,0
7.35258,3611.08,-3.49681,-55.4071,2.75837,5293.22,0
7.51444,3616.42,-8.70275,-40.3806,2.32984,4469.3,0
7.67618,3629.22,-14.3281,-44.3698,0.659409,2706.59,0
7.83709,3626.36,-24.3767,-40.5798,0.993624,3016.2,0
7.99554,3631.07,-32.6987,-39.4757,0.380468,2367.05,0
8.15201,3622.02,-37.4862,-37.0374,1.4194,3432.59,0
8.31161,3618.25,-44.2276,-39.2976,1.73934,3819.57,0
8.47064,3614.03,-47.2421,-31.2745,2.25819,4245.98,0
8.62949,3613.53,-49.4591,-29.4195,2.28201,4226.1,0
8.78963,3622.49,-45.9008,-31.1545,1.19994,3129.86,0
8.95099,3626.05,-30.0086,-33.1816,0.961517,2675.82,0
9.11603,3631.57,-19.424,-46.1458,0.23542,2021.28,0
9.27689,3622.92,-43.1687,-40.7937,1.08058,2918.84,0
9.44073,3618.12,-57.6206,-51.1128,1.22951,3376.33,0
9.60025,3613.25,-54.7157,-49.3523,1.84918,3828.27,0
9.75922,3616.25,-54.3356,-41.1938,1.64166,3458.09,0
9.92009,3616.39,-54.9552,-36.6423,1.65777,3388.47,0
10.0803,3621.86,-57.4786,-45.788,0.837818,2791.13,0
10.2398,3628.41,-47.4623,-52.6803,0.157122,2108.7,0
10.4009,3629.36,-29.0101,-45.4354,0.373488,1984.9,0
10.5619,3627.21,-21.4238,-30.0529,0.867965,2157.75,0
10.7239,3625.02,-19.5942,-39.7072,1.03336,2329.64,0
10.8863,3623.86,-18.5175,-47.2948,1.05718,2401.38,0
11.0487,3622.4,-20.5476,-44.7895,1.24253,2497.74,0
11.2088,3610.84,-26.5541,-44.338,2.59179,3493.71,0
11.3672,3600.55,-22.6184,-47.3955,3.92442,4350.57,0
11.5294,3609.03,-16.1115,-49.9635,2.67805,3553.31,0
11.6874,3612.21,-11.5181,-54.1422,2.13034,3233.74,0
11.849,3615.95,-8.97137,-60.2686,1.52459,2873.92,0
12.0103,3611.02,-7.08769,-62.474,2.05191,3245.64,0
12.1692,3614.11,-10.8904,-45.4031,2.0103,2948.95,0
12.3298,3602.89,-9.16175,-44.2861,3.46772,3821.19,0
12.4907,3605.96,-18.5201,-43.4945,2.91719,3526.02,0
12.6517,3600.75,-21.3561,-41.9706,3.54236,3892.71,0
12.8127,3598.21,-11.3342,-35.8479,4.1044,4042.33,0
12.9712,3598.68,-6.08082,-35.2839,3.89017,3956.3,0
13.1303,3595.25,-7.7847,-33.2863,4.28772,4169.39,0
13.2912,3593.48,-5.59056,-31.826,4.42587,4252.48,0
13.4543,3591.98,3.97502,-33.8515,4.45178,4312.34,0
13.6098,3584.32,7.54462,-28.7489,5.37672,4825.72,0
13.7701,3579.59,7.52596,-30.2323,5.79905,5113.17,0
13.9301,3578.8,5.71519,-26.7405,5.63194,5111.28,0
14.0898,3578,-0.400296,-19.635,5.57897,5110.41,0
14.2491,3572.95,2.05231,-22.3618,6.18622,5407.16,0
14.4119,3578.98,3.40706,-33.5595,4.5864,4928.17,0
14.5716,3577.26,12.4039,-34.1606,4.81679,4991.57,0
14.7329,3578.03,9.59994,-35.6806,4.53217,4884.89,0
14.8922,3577.86,5.50761,-32.3312,4.50506,4844.22,0
15.0544,3576.68,4.98165,-35.5563,4.41836,4870.09,0
15.2157,3582.89,3.89038,-35.0445,3.34483,4410.26,0
15.3746,3580.07,9.4635,-39.4835,3.56449,4548.61,0
15.5311,3580.24,8.6592,-37.9152,3.53156,4491.67,0
15.6963,3594.86,12.7937,-46.948,1.03676,3512.78,0
15.8539,3596.56,25.4546,-47.2907,0.658295,3370.86,0
16.0159,3589.13,22.3443,-50.1429,1.68303,3800.35,0
16.1795,3595.15,30.0906,-55.0661,0.614311,3390.21,0
16.3451,3592.1,23.4804,-61.4557,0.921843,3542.19,0
16.5017,3585.24,18.0107,-60.0123,1.99772,3924.35,0
16.6631,3594.8,16.8578,-55.2199,0.773053,3312.96,0
16.8225,3595.01,17.3209,-62.3562,0.524468,3268.91,0
16.9831,3588.5,23.9599,-66.6022,1.1927,3621.45,0
17.1449,3584.53,12.6153,-66.2046,1.85699,3818.6,0
17.3068,3588.43,15.4499,-56.9999,1.56236,3557.34,0
17.4679,3596.57,17.1203,-43.2778,0.765703,3058.68,0
17.6282,3592.61,19.0518,-46.3129,1.22674,3255.76,0
17.7881,3584.51,8.14211,-43.5288,2.60784,3681.87,0
17.9468,3591.33,1.43034,-42.8412,1.54706,3269.06,0
18.1047,3594.4,10.5877,-49.8222,0.881765,3071.19,0
18.2653,3588.79,10.3163,-53.6638,1.57005,3351.33,0
18.4239,3587.44,8.63026,-54.1941,1.7486,3395.57,0
18.5836,3587.36,16.6564,-49.6423,1.86429,3370.85,0
18.7449,3599.04,19.2761,-48.5236,0.196533,2718.4,0
18.9065,3587.24,20.3169,-50.0662,1.82064,3319.47,0
19.0669,3578.8,23.2945,-42.3277,3.25409,3734.43,0
19.228,3588.53,32.9181,-41.9165,1.61487,3197.04,0
19.3882,3573.18,30.0659,-42.6571,3.99476,3962.45,0
19.5495,3569.75,24.9044,-39.5934,4.49064,4105.14,0
19.7078,3575.66,23.9903,-30.8822,3.70599,3772.27,0
19.8664,3573.45,26.033,-27.8775,4.04325,3853.22,0
20.0311,3570.14,28.4965,-33.587,4.31937,3986.89,0
20.1911,3563.68,23.1546,-31.7136,5.5964,4275.18,0
20.3506,3564.11,12.172,-38.507,5.19261,4220.52,0
20.5101,3572.68,10.8441,-47.4519,3.26421,3769.85,0
20.6677,3571.49,7.01246,-44.3245,3.54961,3798.7,0
20.8266,3568.93,1.41625,-44.4077,3.85694,3892.5,0
20.9844,3570.88,-6.61832,-38.7656,3.63037,3770.6,0
21.1426,3567.12,-9.28967,-37.5373,4.17348,3920.11,0
21.3008,3570.92,-9.20634,-32.6374,3.52028,3712.53,0
21.4646,3572.21,-8.19811,-33.7365,3.16801,3624.04,0
21.6235,3572.51,-8.29696,-44.4536,2.69855,3583.73,0
21.7848,3581.3,-1.80174,-37.5046,1.48095,3153.55,0
21.9414,3586.95,-6.88076,-47.4499,0.321907,2873.76,0
22.1064,3583.84,-0.83832,-55.3995,0.542166,2992.76,0
22.2656,3574.82,-6.93394,-51.4885,2.05587,3376.67,0
22.4233,3571.55,-7.18133,-41.2327,2.99,3498.37,0
22.5814,3572.62,4.95314,-44.2438,2.64749,3426.62,0
22.739,3573.36,7.59734,-37.5765,2.71273,3370.24,0
22.8987,3576.78,-2.21228,-34.5673,2.19632,3197.5,0
23.0575,3568.83,-2.37526,-43.2412,3.24446,3520.31,0
23.2169,3577.07,-6.83631,-35.817,2.04716,3141.29,0
23.3774,3571.7,-6.96194,-34.1825,3.0042,3349.33,0
23.5337,3576.51,-14.3892,-36.3944,2.0348,3122.57,0
23.6968,3581.74,-14.5898,-31.3915,1.31075,2880.69,0
23.8554,3587.06,-20.67,-29.4495,0.430247,2638.33,0
24.0156,3583.04,-13.8195,-24.8816,1.25269,2788.2,0
24.173,3582.22,-23.8648,-28.559,1.1678,2803.99,0
24.3325,3577.51,-19.2721,-27.2705,2.06009,2979.17,0
24.4917,3575.7,-17.7089,-23.867,2.45252,3033.84,0
24.6472,3585.85,-7.04637,-32.444,0.661071,2602.86,0
24.8065,3571.94,-1.73107,-34.9682,2.90214,3146.55,0
24.965,3572.19,0.722902,-37.17,2.76923,3116.73,0
25.1272,3570.12,-0.6162,-31.2338,3.25334,3179.03,0
25.2875,3562.28,-6.28331,-36.4563,4.4403,3469.06,0
25.4455,3560.97,3.83169,-32.8177,4.60516,3498.85,0
25.605,3557.69,-0.0812222,-37.9001,4.82919,3605.13,0
25.766,3558.1,-6.67082,-37.9473,4.53625,3566.82,0
25.9268,3556.38,-5.97155,-32.2566,4.89994,3610.89,0
26.0853,3559.78,-10.0349,-29.1228,4.19543,3458.84,0
26.2461,3555.31,-1.03725,-27.4559,5.03235,3607.92,0
26.4074,3550.05,-2.44669,-31.0607,5.93821,3784.99,0
26.5724,3550.53,4.41252,-21.4977,5.97986,3743.5,0
26.7356,3551.97,5.94751,-22.7208,5.26988,3666.69,0
26.8946,3548.14,4.3082,-22.9439,6.00545,3787.36,0
27.0563,3554.19,5.12472,-19.8998,4.49278,3541.05,0
27.2196,3557.73,0.077203,-30.8121,3.276,3389.89,0
27.38,3563.37,0.771269,-24.6331,2.29344,3164.03,0
27.5393,3564.28,0.0930438,-17.8163,2.27584,3112.8,0
27.6985,3561.39,-2.40154,-21.9413,2.76604,3199.25,0
27.858,3573.16,0.387755,-17.6072,0.530204,2758.25,0
28.0161,3570.55,0.156908,-12.9853,1.09313,2835.81,0
28.1771,3572.36,-8.30048,-11.4834,0.733098,2755.6,0
28.3407,3559.53,-6.48974,-9.21453,3.37887,3192.31,0
28.5027,3563.91,-8.642,-14.4927,2.32339,3020.36,0
28.658,3562.39,4.09896,-20.6948,2.49466,3057.24,0
28.8198,3561.19,5.80863,-19.5361,2.64008,3081.53,0
28.9808,3558.82,6.19491,-21.6705,3.02775,3146.2,0
29.14,3554.49,4.38069,-20.4632,3.89666,3277.72,0
29.2998,3554.05,-0.463222,-19.772,3.93531,3274.74,0
29.46,3552.38,3.84258,-19.7347,4.19551,3313.53,0
29.6215,3547.14,2.8914,-24.4498,5.15141,3472.58,0
29.7796,3551.88,2.13482,-25.6751,3.78234,3294.72,0
29.9405,3550.06,2.61653,-22.4981,4.20808,3338.12,0
30.1006,3545.93,10.3163,-17.0327,5.08257,3457.42,0
30.2603,3552.72,11.9953,-19.7016,3.25074,3214.8,0
30.4201,3544.44,10.7558,-15.2683,5.38792,3470.03,0
30.5799,3541.71,14.3779,-15.8619,5.73434,3541.3,0
30.738,3537.52,10.4086,-12.5927,6.78854,3659.47,0
30.8975,3536.94,17.7102,-13.4659,6.17918,3659.27,0
31.0593,3531.21,20.1771,-16.0192,7.01677,3824.69,0
31.219,3535.23,23.2395,-25.9891,4.68911,3676.24,0
31.3754,3541.21,26.1307,-24.7801,3.03146,3467.39,0
31.5348,3546.36,26.7938,-33.8144,1.3181,3286.48,0
31.6974,3549.56,27.1812,-36.9478,0.454288,3168.84,0
31.8591,3549.39,31.1617,-34.4768,0.457081,3157.95,0
32.0173,3542.07,21.7222,-34.4007,2.42436,3370.94,0
32.1784,3543.58,26.8863,-46.866,0.996385,3307.29,0
32.3413,3545.51,35.2514,-41.9167,0.543216,3230.82,0
32.5018,3540.32,41.6735,-38.8843,1.40822,3374.46,0
32.66,3544.13,40.6766,-27.8847,1.22746,3241.65,0
32.8172,3545.03,45.1407,-29.948,0.668409,3198.75,0
32.9776,3549.02,23.354,-37.9367,0.519855,3062.21,0
33.1338,3533.73,27.0203,-41.1251,3.38902,3508.96,0
33.2939,3530.49,38.3546,-37.5703,3.56013,3589.68,0
33.4561,3527.67,35.0938,-42.541,3.95308,3656.41,0
33.6133,3524.56,25.7454,-43.9444,5.0471,3731.96,0
33.7695,3525.2,37.692,-39.9742,4.29512,3695.6,0
33.9326,3535.81,25.5721,-47.2474,2.0388,3365.21,0
34.095,3532.31,25.8251,-49.1222,2.57853,3451.9,0
34.2555,3532.61,28.0781,-58.5163,1.56275,3427.04,0
34.416,3536.5,31.2903,-57.8643,0.728142,3298.01,0
34.5754,3538.33,40.1634,-48.848,0.594415,3229.78,0
34.7378,3526.61,43.6865,-34.127,3.75448,3552.02,0
34.8945,3522.47,47.0988,-33.1993,4.29782,3654.68,0
35.0519,3524.51,51.7238,-26.5273,3.5918,3580.07,0
35.2142,3513.9,57.4136,-31.907,4.81907,3865.03,0
35.373,3513.11,58.7904,-27.528,4.93496,3869.81,0
35.5352,3510.15,60.0769,-24.1997,5.51109,3935.47,0
35.6952,3499.51,60.7394,-22.9076,7.58754,4216.01,0
35.8569,3498.84,60.2086,-18.9425,7.58481,4215.7,0
36.0164,3498.33,55.0385,-15.1286,8.2199,4211.23,0
36.1772,3498.88,51.2329,-18.0665,7.81127,4177.31,0
36.3371,3499.59,46.4474,-26.5951,7.30247,4139.27,0
36.4966,3495.37,42.6222,-27.3585,8.40729,4236.8,0
36.6558,3499.15,46.7253,-27.2242,6.0315,4115.43,0
36.8184,3507.6,43.5421,-29.081,3.89094,3867.54,0
36.9772,3502.3,42.8368,-21.7201,5.91105,3994.37,0
37.137,3505.4,40.2403,-14.5382,5.96122,3893.78,0
37.2971,3507.45,48.7015,-10.1595,3.73928,3822.04,0
37.4553,3507.13,54.9566,-18.1427,2.31898,3814.29,0
37.6162,3512.68,55.4521,-16.7943,0.932501,3650.53,0
37.78,3506.92,53.8152,-4.89612,2.97586,3787.09,0
37.9411,3508.9,53.2687,-2.78284,2.54869,3718.82,0
38.1006,3502.96,44.8335,-5.12735,5.69926,3859.12,0
38.2592,3501.61,45.6375,-3.73819,5.75993,3878.53,0
38.4187,3504.35,50.3049,-7.0395,3.8004,3791.02,0
38.5726,3496.39,46.9534,-3.80973,6.65108,3982.26,0
38.7347,3491.56,48.7254,1.0849,7.30925,4090.43,0
38.8949,3492.02,47.2811,-1.85247,6.9934,4061.74,0
39.0559,3495.79,52.3565,-2.46376,4.46375,3948.52,0
39.2176,3496.52,50.5056,-3.99282,4.42766,3913.68,0
39.3798,3501.97,47.8295,-6.72201,3.34297,3759.04,0
39.5363,3503.88,51.157,-3.08467,2.19854,3695.78,0
39.6974,3505.4,54.6891,9.44363,0.997036,3642.56,0
39.8575,3501.35,53.0126,10.0992,2.29174,3729.46,0
40.0194,3491.4,50.8222,14.5434,5.05914,3963.09,0
40.1768,3495.6,42.9762,20.1066,5.06468,3843.12,0
40.3333,3490.75,43.2948,19.0389,6.10506,3948.24,0
40.4925,3489.43,47.4661,19.47,5.17602,3965.36,0
40.6543,3491.67,53.5669,9.89767,3.66016,3894.66,0
40.8141,3493.11,48.5955,7.70253,4.4165,3843.93,0
40.9733,3492.15,48.338,8.09379,4.63517,3852.42,0
41.1374,3489,52.6003,-1.65087,4.50592,3913.62,0
41.2961,3498.59,49.2081,1.04294,2.48416,3666.48,0
41.4582,3499.52,47.8698,2.79277,2.46272,3629.73,0
41.6196,3502.08,47.1114,-5.7664,1.85544,3554.19,0
41.7797,3500.51,48.3475,5.60176,2.02325,3578.09,0
41.9395,3504.38,48.323,10.4894,0.804256,3472.15,0
42.0978,3507.44,42.0463,10.5698,1.13376,3386.39,0
42.2579,3506.66,40.0395,13.028,1.63026,3392.03,0
42.4166,3509.68,35.2552,4.66213,2.06095,3308.05,0
42.5796,3514.21,31.8443,6.76721,1.08403,3189.01,0
42.7376,3512.67,24.1834,8.24401,3.12478,3213.43,0
42.895,3509.84,20.8319,10.5293,4.75089,3267.4,0
43.0535,3517.59,17.568,15.0212,1.31169,3075.5,0
43.2125,3511.15,29.8259,23.8201,0.766108,3213.09,0
43.372,3505.86,19.8667,31.7071,2.65104,3323.24,0
43.5319,3502.85,18.244,24.2054,5.53521,3380.32,0
43.6916,3503.47,16.6979,23.2917,5.51324,3353.78,0
43.8498,3500.31,13.8496,17.1606,9.15675,3413.61,0
44.0058,3495.55,15.3188,10.9289,0.866535,3509.76,0
44.1633,3492.54,19.657,-5.91139,1.45388,3565.46,0
44.3248,3492.02,11.3812,-9.93031,5.65503,3564.14,0
44.4832,3495.96,12.1325,-11.95,1.39674,3462.91,0
44.6432,3492.09,16.4662,-10.1049,2.09667,3537.16,0
44.8053,3490.39,20.7468,-10.5755,0.401256,3562.3,0
44.9666,3494.54,18.8452,0.00242963,0.952266,3457.22,0
45.127,3483.47,22.6775,-6.25985,3.50739,3690.15,0
45.2894,3485.98,22.1838,-2.79832,3.10072,3621.6,0
45.4495,3480.38,19.675,4.95084,7.00209,3732,0
45.6105,3471.26,12.6581,-1.28134,8.05836,3918.75,0
45.7665,3474.6,11.4787,4.03829,6.87372,3832.49,0
45.931,3470.43,13.1925,6.16335,5.15972,3909.5,0
46.0902,3464.95,18.8912,-1.93659,2.16543,4014.99,0
46.2493,3460.59,21.0782,-8.74731,0.124225,4095.49,0
46.4136,3456.96,23.0222,-2.60794,1.05462,4159.19,0
46.571,3453.33,21.8002,-5.31533,2.95586,4223.06,0
46.6123,3450,22.4638,-4.69167,3.61563,4290.79,0
