0.159715,3643.1,-19.1948,58.4282,0.93814,43217.1,0
0.322138,3635.96,-19.7145,63.1142,1.63135,43590.2,0
0.479404,3625.28,-22.8694,72.1315,2.57365,51555.4,0
0.639313,3624.42,-20.5164,81.3465,2.46315,40012.8,0
0.798983,3618.39,-12.2452,71.8416,3.37892,39558.2,0
0.957962,3615.96,-7.69842,75.9921,3.52737,35534.4,0
1.11835,3616.22,-7.30948,76.5781,3.32497,30206.3,0
1.28011,3614.76,-2.5379,67.0211,3.74464,27525.7,0
1.43826,3615.24,-2.59352,66.0352,3.71278,24169.7,0
1.59641,3606.31,5.22517,61.9595,4.73735,27368.2,0
1.75668,3609.22,4.87418,73.1029,3.90705,23212.2,0
1.91231,3604.99,6.96143,78.3133,4.19902,23536.4,0
2.07397,3600.04,-5.7605,78.8554,4.67789,24089,0
2.23166,3599.16,-6.4412,82.5152,4.52818,22780.4,0
2.38881,3595.31,0.553813,86.6492,4.6109,22892.2,0
2.5491,3596.77,-0.489988,87.8777,4.23759,20880.3,0
2.71283,3593.83,4.42765,91.1572,4.31375,20705.7,0
2.87147,3594.56,9.79667,92.0799,3.98579,19305.8,0
3.02637,3594.38,4.15984,99.9409,3.57237,18377.5,0
