0.162212,3649.75,18.6016,40.9797,0.284122,1520.16,0
0.323324,3643.97,22.8681,40.8456,0.879763,18660.7,0
0.480811,3647.16,30.5384,46.0727,0.420283,5902.02,0
0.640018,3640.41,32.3651,43.854,1.15594,14988.9,0
0.801555,3643.47,32.7807,52.7154,0.69857,8150.42,0
0.960116,3641.74,51.2923,49.2032,0.723539,8600.53,0
1.12193,3647.24,47.6533,50.5192,0.177598,2463.44,0
1.27867,3640.42,35.6246,41.0887,1.14726,7489.39,0
1.43968,3631.47,44.1826,40.9585,2.03306,12871.5,0
1.59846,3627.01,50.0378,44.915,2.38394,14383.1,0
1.75871,3641.69,50.4197,45.946,0.741746,4725.4,0
1.91847,3632.04,54.7113,49.0116,1.67571,9359.25,0
2.08066,3628.31,42.4958,56.6053,2.1185,10422.5,0
2.24089,3638.1,40.9193,53.631,1.0902,5310.19,0
2.4002,3645.84,32.9235,43.1142,0.466731,1735,0
2.55867,3641.58,23.6217,34.1675,1.09897,3291.02,0
2.71781,3636.84,16.4364,42.9379,1.56563,4843.04,0
2.87915,3643.8,4.96086,49.5645,0.749395,2152.59,0
3.0366,3648.49,0.807152,38.2157,0.379034,497.616,0
3.1952,3642.79,-6.34278,41.7961,0.953654,2257.26,0
3.35597,3647.16,-13.6683,44.0504,0.437276,846.348,0
3.51683,3629.69,-11.3899,40.1835,2.45894,5774.25,0
3.67633,3633.92,-17.966,41.484,1.8818,4375.28,0
3.83463,3634.98,-20.8239,38.7171,1.72052,3916.4,0
3.99432,3635.67,-22.7837,40.1828,1.59166,3588.69,0
4.152,3636.81,-20.5475,38.6639,1.46876,3177.52,0
4.31074,3641.89,-16.7799,47.4148,0.817616,1880.37,0
4.46913,3647.77,-13.9502,43.7546,0.237821,499.041,0
4.63089,3643.73,-13.0629,27.5114,0.838122,1354.05,0
4.79226,3639.78,-13.9392,32.6277,1.22713,2132.21,0
4.95118,3649.45,-14.8085,15.541,0.265236,111.524,0
5.11277,3649.94,-18.2029,19.4785,0.178693,10.8162,0
5.27232,3646.43,-3.37299,17.8936,0.614012,677.5,0
5.43047,3647.72,13.7736,22.331,0.429391,419.782,0
5.58946,3641.68,4.36173,10.0696,1.18478,1488.98,0
5.74721,3651.61,2.70107,21.6667,0.039911,-280.453,0
5.90844,3642.75,16.008,13.0554,1.01769,1227.71,0
6.06417,3645.71,10.6477,-1.88022,0.727565,706.647,0
6.22182,3650.26,-8.4418,-0.037337,0.233935,-41.2058,0
6.381,3641.24,-0.0345233,-10.3031,1.23395,1373.08,0
6.54039,3647,1.52564,-12.4995,0.561461,458.653,0
6.69866,3648.7,-0.000876555,-6.63001,0.392455,193.399,0
6.85913,3642.15,2.1995,-23.4003,1.05204,1144.79,0
7.01885,3644.97,-8.50524,-30.5053,0.669615,716.626,0
7.17497,3643.43,-10.2533,-29.8446,0.837826,915.26,0
7.33436,3640.69,-25.5681,-27.5891,1.06981,1269.14,0
7.49353,3638.14,-15.9409,-28.2448,1.39329,1583.03,0
7.6548,3639.3,-28.8553,-19.7205,1.24767,1398.2,0
7.81293,3647.96,-40.561,-35.0361,0.0714206,261.286,0
7.97171,3634.59,-31.4178,-40.8002,1.55655,1933.29,0
8.13351,3633.67,-37.2299,-42.764,1.56777,2007.94,0
8.2954,3626.81,-43.6948,-41.9855,2.29658,2795.4,0
8.45248,3614.53,-47.9048,-42.8889,3.60824,4196.19,0
8.60962,3619.68,-41.2238,-47.2074,2.9255,3521.37,0
8.76837,3620.45,-44.6163,-45.0747,2.79045,3370.53,0
8.92858,3622.47,-48.1929,-42.1717,2.49275,3083.89,0
9.08817,3622.65,-53.5902,-48.7663,2.23807,3008.9,0
9.2479,3627,-50.4959,-56.4538,1.67946,2486.86,0
9.40985,3628.42,-53.932,-45.6391,1.61263,2293.81,0
9.57232,3629.17,-53.2644,-41.3168,1.5977,2175.7,0
9.73399,3627.94,-53.9213,-45.4518,1.61808,2266.78,0
9.89251,3631.36,-52.6819,-40.7286,1.30614,1884.05,0
10.0488,3630.17,-57.699,-33.4423,1.45754,1973.7,0
10.2091,3633.4,-78.5672,-33.5455,0.712379,1626.22,0
10.3704,3638.11,-76.1342,-19.468,0.35792,1146.41,0
10.5313,3630.78,-61.0526,-20.6779,1.43214,1824.9,0
10.6889,3625.11,-63.6103,-13.4528,2.0228,2329.02,0
10.8475,3626.12,-62.8578,-3.41487,1.93005,2201.26,0
11.0078,3624.84,-58.9697,-24.3027,2.09474,2285.26,0
11.1661,3625.08,-65.0443,-25.5232,1.92128,2231.46,0
11.3253,3625.07,-66.0287,-22.7361,1.91896,2201.56,0
11.487,3636,-74.3686,-29.9209,0.498007,1218.75,0
11.6447,3632.13,-68.8283,-44.4739,0.847347,1535,0
11.805,3629.52,-57.9307,-43.0941,1.34129,1735.17,0
11.9663,3618.99,-68.8693,-38.2563,2.33283,2591.14,0
12.1234,3618.86,-68.466,-32.3871,2.38925,2568.94,0
12.286,3626.14,-73.2584,-30.2262,1.45739,1942.11,0
12.4479,3632.5,-74.3466,-18.3274,0.827933,1405.64,0
12.6075,3629.22,-65.4548,-9.47611,1.41282,1647.95,0
12.7684,3627.34,-59.7011,-6.10167,1.74382,1774.59,0
12.9238,3624.35,-63.8043,-5.85485,1.99546,1984.42,0
13.0816,3625.54,-64.7463,4.08042,1.85379,1869.43,0
13.2389,3623.27,-65.4308,-1.32552,2.07128,2018.8,0
13.4001,3634.24,-75.5615,-4.53234,0.620864,1176.01,0
13.5582,3626.99,-69.2353,-6.62499,1.54494,1696.99,0
13.7169,3617.9,-76.9431,-8.93094,2.36834,2340.41,0
13.8764,3617.06,-87.7339,-4.92738,2.19136,2374.16,0
14.0371,3620.03,-82.9048,0.603928,1.98007,2135.31,0
14.2,3627.61,-83.0928,1.33153,1.15286,1576.59,0
14.3606,3630.29,-81.7754,8.07187,0.870107,1372.34,0
14.5223,3616.33,-89.7631,7.41928,2.1968,2318.53,0
14.6829,3626.14,-86.1585,4.27807,1.18282,1624.77,0
14.8391,3634.07,-84.1911,-5.25864,0.366758,1073.38,0
14.9983,3628.09,-84.5831,7.78856,0.991094,1461.04,0
15.1582,3627.54,-75.6033,26.5117,1.15919,1481.45,0
15.3217,3628.33,-70.1331,33.4075,1.12969,1414.53,0
15.4797,3631.43,-70.1259,19.9697,0.887137,1199.88,0
15.6392,3629.04,-71.2659,13.3946,1.15368,1339.9,0
15.7993,3628.76,-53.7285,22.3518,1.45841,1344.3,0
15.9621,3629.82,-66.3865,18.1956,1.10919,1264.26,0
16.1202,3627.64,-70.0167,14.8202,1.27388,1387.2,0
16.278,3627.2,-64.5659,13.2281,1.44373,1400.85,0
16.4386,3622.53,-64.4936,8.07241,1.99841,1670.89,0
16.5993,3614.95,-73.0344,0.918582,2.73414,2111.44,0
16.7629,3614.78,-64.1027,6.46279,2.85795,2100.82,0
16.9212,3610.76,-64.0604,9.82533,3.27607,2318.97,0
17.0839,3615.78,-67.6414,8.54241,2.54327,2003.1,0
17.2466,3623.24,-72.9094,12.3495,1.51589,1551.85,0
17.4051,3622.99,-89.773,6.58628,1.13779,1551.81,0
17.5633,3622.28,-87.0272,13.1394,1.25948,1578.11,0
17.7225,3632.52,-78.9236,15.3984,0.314944,986.51,0
17.8826,3633.37,-71.8087,26.8985,0.300153,929.769,0
18.0404,3628.31,-61.7376,33.9472,0.985433,1202.49,0
18.1966,3621.85,-55.8635,26.1618,1.8992,1546.97,0
18.3548,3626.48,-55.3173,24.6945,1.36921,1281.16,0
18.5137,3627.67,-52.5621,35.1468,1.17663,1206.4,0
18.6728,3628.68,-52.5443,20.04,1.20129,1141.65,0
18.8299,3627.7,-44.9495,10.7997,1.48312,1184.5,0
18.9877,3625.36,-44.4507,0.216893,1.78621,1297.56,0
19.1478,3626.6,-43.1382,0.857274,1.62793,1222.33,0
19.3095,3618.73,-45.4629,13.3242,2.53493,1619.23,0
19.4694,3621.54,-45.6931,7.81857,2.19217,1461.57,0
19.632,3617.42,-43.7186,11.5656,2.68291,1659.39,0
19.79,3621.2,-44.4528,9.69614,2.17076,1455.39,0
19.9504,3620.18,-51.6169,8.28854,2.15667,1494.76,0
20.1073,3626.07,-53.5382,14.2453,1.40347,1189.91,0
20.2677,3632.14,-60.7157,20.6597,0.549976,880.971,0
20.4263,3627.82,-73.8236,29.2345,0.704193,1085.8,0
20.5853,3633.28,-73.43,12.555,0.217905,812.389,0
20.7455,3626.76,-80.8596,28.6475,0.669801,1120.04,0
20.906,3620.2,-73.8249,7.96821,1.66995,1425.65,0
21.0681,3610.15,-83.6671,12.3306,2.55151,1891.68,0
21.2296,3607.15,-80.5861,3.67051,3.03947,2018.63,0
21.3901,3601.68,-82.7873,5.08988,3.52762,2259.17,0
21.5509,3605.65,-82.3453,-4.0383,3.04521,2058.12,0
21.7129,3600.91,-82.2818,-0.809677,3.57719,2260.94,0
21.8731,3593.06,-86.3453,4.10476,4.36522,2603.23,0
22.0329,3585.86,-86.3875,-1.5206,5.1211,2910.95,0
22.1924,3579.58,-86.4159,-7.77319,5.7249,3173.2,0
22.3512,3581.03,-84.1687,-6.91911,5.38313,3085.86,0
22.5096,3586.16,-84.9649,-0.0562705,4.54702,2836.33,0
22.671,3582.96,-89.5642,-4.59391,4.53089,2957.12,0
22.8267,3575.98,-92.4803,-2.35126,5.0341,3242.53,0
22.9846,3573.88,-89.5192,-8.04584,5.15026,3311.86,0
23.1455,3570.13,-84.0138,-10.2435,5.6295,3450.86,0
23.3066,3574.99,-77.9356,-20.4911,4.95592,3218.27,0
23.465,3573.29,-76.8529,-17.7348,4.87043,3268.94,0
23.6241,3573.51,-72.2519,-19.7116,4.83008,3237.59,0
23.7866,3577.51,-71.9746,-27.8193,3.99797,3047.45,0
23.9452,3582.23,-66.3809,-19.6829,3.56715,2830.16,0
24.1053,3588.4,-72.0379,-28.2493,2.38792,2555.28,0
24.2634,3592.44,-79.3495,-15.2235,1.72403,2372.35,0
24.422,3589.43,-73.8435,-17.1268,2.25075,2480.12,0
24.5811,3590.22,-79.7965,-16.7212,1.9138,2432.09,0
24.7424,3587.44,-77.4746,-15.5165,2.37873,2528.6,0
24.9003,3590.96,-75.0202,-7.54525,2.01503,2371.07,0
25.0583,3582.94,-72.3347,-0.984453,3.21038,2676.34,0
25.2194,3579.01,-69.7736,0.107732,3.79332,2814.96,0
25.3783,3574.05,-63.2362,6.50016,4.70684,2992.53,0
25.5406,3581.79,-63.5604,3.94479,3.36601,2670.49,0
25.7022,3580.42,-63.1183,2.61044,3.50592,2707.18,0
25.8639,3585.17,-69.8766,-7.27725,2.53173,2506.68,0
26.0232,3590.92,-69.651,-11.2817,1.70752,2270.32,0
26.1833,3596.47,-80.4157,-12.1424,0.596767,2044.49,0
26.339,3587.39,-75.7797,-4.36976,1.94097,2377.07,0
26.4967,3581.61,-78.1787,-5.88613,2.58463,2581.07,0
26.6558,3587.24,-81.9913,-3.71064,1.60157,2354.54,0
26.8154,3587.18,-77.0601,2.85877,1.83504,2342.69,0
26.9768,3585.1,-70.7151,-2.13591,2.29907,2405.87,0
27.1351,3587.08,-68.3993,6.53928,2.12754,2318.6,0
27.2971,3583.97,-69.5039,9.62514,2.47841,2418.87,0
27.4558,3585.73,-69.845,10.9729,2.18545,2340.7,0
27.6171,3585.89,-68.545,10.971,2.19171,2321.21,0
27.7772,3582.67,-79.1404,9.48259,2.21364,2424.1,0
27.9369,3575.88,-77.115,15.2404,3.14897,2653.28,0
28.0933,3575.9,-74.9285,17.9778,3.18202,2637.54,0
28.2531,3577.53,-87.1102,20.9405,2.35978,2565.13,0
28.4115,3574.13,-85.4946,22.3727,2.7921,2670.54,0
28.5699,3573.21,-86.1998,16.0993,2.91356,2687.81,0
28.7298,3577.22,-87.1,17.5638,2.29859,2533.24,0
28.8906,3575.09,-90.2983,8.67365,2.51148,2592.95,0
29.051,3576.71,-86.9956,11.4977,2.39907,2522.68,0
29.2115,3578.42,-95.6742,15.0392,1.73236,2450.34,0
29.3721,3584.68,-87.7043,22.8269,1.1926,2223.8,0
29.5201,3585.03,-95.0446,31.1401,0.747138,2200.74,0
