0.158352,3634.94,-5.40528,-5.71678,1.72736,95118,0
0.321709,3626.89,3.93411,-8.51949,2.71125,71831.2,0
0.479475,3621.3,-7.87099,-6.43114,3.41386,59851.7,0
0.637703,3624.57,8.48745,-11.1993,2.94395,39875.7,0
0.798836,3626.25,6.27238,-26.6962,2.62464,29727.1,0
0.960146,3626.1,11.9364,-26.4856,2.6172,24896.1,0
1.11834,3624.38,13.2358,-28.7149,2.7242,22907.5,0
1.27682,3631.65,12.8388,-36.3149,1.76864,14373.3,0
1.43577,3624.12,10.5072,-26.6444,2.76196,18022.1,0
1.5964,3623.78,8.65601,-22.5007,2.75102,16423.1,0
1.75949,3617.61,11.3027,-17.1808,3.47928,18407.7,0
1.92039,3615.5,14.8761,-22.0339,3.63072,17964.6,0
2.07772,3617.79,11.3707,-14.5489,3.33839,15504.9,0
2.23806,3624.08,13.6684,-21.3019,2.44311,11583.2,0
2.39767,3624.22,7.7265,-15.1954,2.43493,10752.9,0
2.55955,3619.91,11.2106,-12.2965,2.97179,11756.2,0
2.72023,3612.63,11.6348,-14.617,3.94674,13737.4,0
2.87934,3610.41,1.95533,-14.6759,4.18506,13750.6,0
3.03988,3611.02,-1.19565,-18.242,4.00265,12822.6,0
3.20141,3607.31,-5.74238,-22.1274,4.33291,13335.3,0
3.3626,3609.23,-11.7215,-25.7843,3.87151,12123.6,0
3.52448,3613.05,-14.6602,-32.1601,3.14008,10482.4,0
3.68654,3613.24,0.349964,-35.6158,3.08468,9970.47,0
3.84946,3617.57,3.96,-40.2051,2.33534,8424.2,0
4.00579,3608.9,1.07066,-30.8736,3.58772,10260.3,0
4.16646,3609.49,0.0968666,-26.783,3.47585,9723.09,0
4.32205,3610.59,12.3009,-21.2037,3.28929,9117.29,0
4.48274,3612.34,8.60759,-28.6096,2.90429,8401.11,0
4.64483,3618.6,11.6892,-27.1061,2.06216,6759.82,0
4.80281,3618.81,8.69812,-37.3081,1.94815,6494.06,0
4.96256,3619.14,8.9128,-43.7971,1.79105,6218.78,0
5.12355,3617.75,6.13026,-42.4755,1.95473,6293.77,0
5.28374,3616.19,8.37278,-49.4042,2.0065,6399.1,0
5.44148,3616.66,7.00701,-48.3291,1.97404,6126.63,0
5.60097,3614.39,5.26402,-43.3086,2.31058,6357.63,0
5.76109,3620.16,5.07606,-37.6447,1.63315,5179.87,0
5.92187,3616.63,-6.82547,-38.4963,2.03213,5635.58,0
6.08292,3615.32,-9.22455,-34.6513,2.22836,5702.02,0
6.23896,3608.4,-5.66106,-30.6871,3.10582,6668.47,0
6.39663,3609.21,-2.79722,-25.0268,2.98156,6376.48,0
6.55942,3616.2,2.30452,-22.0383,2.0326,5152.77,0
6.71863,3614.11,-6.24593,-22.4061,2.29565,5341.95,0
6.87684,3608.35,-7.84612,-26.1929,3.02434,6056.31,0
7.03786,3601.82,-4.47938,-25.0056,3.93909,6846.08,0
7.20082,3606.05,-8.63411,-29.3899,3.2196,6102.83,0
7.36551,3605.9,-10.4635,-30.4294,3.19104,5987.91,0
7.5236,3606.97,-14.9103,-29.9459,2.98986,5719.08,0
7.68619,3598.26,-20.4314,-36.9427,3.90787,6732.05,0
7.84712,3596.4,-14.8103,-35.9149,4.14,6830,0
8.0104,3598.16,-14.5912,-36.8308,3.73255,6471.31,0
8.16622,3594.92,-13.6812,-35.1693,4.22526,6745.29,0
8.32746,3592.24,-22.6255,-36.9008,4.2784,6936.42,0
8.48622,3592.66,-24.4966,-41.5571,3.95941,6756.94,0
8.64559,3588.45,-32.9073,-46.2552,4.2537,7118.92,0
8.8087,3584.86,-27.8509,-53.1286,4.45115,7394.96,0
8.96418,3586.37,-29.846,-53.838,4.08887,7098.01,0
9.11949,3590.58,-35.6675,-58.0831,3.23357,6515.37,0
9.28081,3589.83,-35.0374,-55.1852,3.31848,6483.07,0
9.43985,3592.95,-38.241,-54.0434,2.7811,6043.16,0
9.60193,3592.48,-47.6548,-54.9246,2.5674,5989.95,0
9.76255,3591.36,-41.0202,-41.7667,3.12087,6006.12,0
9.92146,3599.24,-39.7907,-47.9723,1.8708,5116.12,0
10.0813,3602.56,-31.9598,-52.6873,1.42827,4705.79,0
10.2441,3604.4,-35.1135,-44.1335,1.30528,4451.48,0
10.4062,3598.93,-33.0195,-50.5368,1.91938,4907.75,0
10.5663,3596.43,-40.9449,-56.1767,1.96343,5070.07,0
10.7246,3598.44,-53.3819,-50.8286,1.54894,4807.64,0
10.8818,3593.93,-49.1806,-56.2534,2.05887,5152.73,0
11.0413,3594.8,-50.3772,-56.0926,1.8954,4999.83,0
11.1979,3584.7,-53.4653,-53.1048,3.21403,5831.33,0
11.3568,3578.53,-55.5796,-41.6938,4.22369,6293.29,0
11.5183,3572.31,-60.2006,-41.8402,4.8136,6745.22,0
11.6741,3571.62,-58.5242,-38.6941,4.85247,6714.14,0
11.8325,3571.37,-64.7581,-45.1748,4.28055,6645.36,0
11.9945,3565.72,-71.4662,-43.1903,4.72708,7026.58,0
12.1553,3561.15,-70.7915,-48.5515,5.08005,7309.18,0
12.3147,3561.59,-71.6963,-46.2916,4.83329,7179.42,0
12.4737,3561.5,-74.0561,-49.0553,4.53271,7095.03,0
12.632,3557.42,-70.6315,-59.8451,4.63999,7329.32,0
12.7912,3553.53,-74.4704,-59.8361,4.86081,7541.86,0
12.9507,3557.91,-74.4632,-58.6089,4.20841,7111.2,0
13.1108,3564.98,-66.8075,-53.521,3.52787,6484.61,0
13.2691,3569.06,-65.3142,-52.0256,3.03993,6100.19,0
13.4318,3573.22,-67.8192,-60.7738,2.08523,5716.2,0
13.5931,3575.51,-73.8962,-55.0628,1.71832,5479.86,0
13.752,3565.93,-84.5893,-47.4803,2.71232,6113.59,0
13.9113,3576.94,-87.1635,-44.3598,1.22165,5251.7,0
13.9235,3576.76,-89.5922,-44.5215,1.13558,5259.96,0
