0.27584,3647,-36.1041,3.44771,0.0277356,10872.3,0
0.547422,3640.4,-37.5978,-1.76202,0.052363,17537.3,0
0.820782,3642.91,-35.1246,-2.43043,0.043966,8633.05,0
1.09747,3642.83,-43.3888,2.25305,0.0416294,6530.16,0
1.37162,3647.16,-43.3055,4.59475,0.0257706,2068.82,0
1.6458,3650.21,-40.889,13.5103,0.0146974,-126.745,0
1.91709,3645.99,-38.7757,12.4426,0.031748,2089.95,0
2.18944,3632.83,-30.5859,13.4113,0.0866406,7840.09,0
2.46332,3588.4,-14.2269,-9.10043,0.307935,25006.6,0
2.73117,3611,4.32645,-4.63208,0.191411,14278.8,0
3.00206,3613.34,-30.5008,18.6672,0.170251,12210.9,0
3.27152,3599.3,-26.3619,44.0715,0.225205,15496.2,0
3.54469,3569.14,-30.4762,52.1883,0.371629,22812.4,0
3.81981,3602.68,-32.1465,32.7681,0.212586,12388.1,0
4.09536,3558.19,12.7056,17.9539,0.502829,22417.9,0
4.36645,3542.51,52.7937,8.90819,0.562932,24616.7,0
4.64159,3579.44,50.3045,4.60055,0.332867,15202.1,0
4.91075,3594.07,82.2833,21.7395,0.216384,11390.1,0
5.18967,3574.84,69.6804,29.1183,0.319929,14482.9,0
5.46103,3592.79,66.5525,22.8189,0.240119,10475.7,0
5.73312,3589.03,49.062,82.7072,0.223982,10635.4,0
5.79416,3580.67,60.5197,79.6131,0.254214,11965.4,0
