0.273596,3645.98,69.0736,-19.8195,0.0313721,14680.2,0
0.552178,3652.1,60.3115,-14.7222,0.0146848,-3806.9,0
0.831915,3643.59,61.3941,-14.7262,0.0485136,7700.32,0
1.1032,3644.87,52.9132,-5.07127,0.0495081,4652.84,0
1.37859,3646.67,45.5696,-14.74,0.0461748,2412.27,0
1.65539,3647.51,37.6403,-12.1209,0.0460157,1502.79,0
1.93242,3649.78,43.0342,-7.6412,0.0366012,112.742,0
2.21145,3637.14,39.2702,-9.41764,0.0870387,5813.36,0
2.48535,3637.96,40.0277,-11.484,0.0826504,4844.9,0
2.76413,3638.31,34.7255,3.4793,0.0849701,4230.55,0
3.04167,3646.3,40.66,-11.7299,0.0513504,1217.8,0
3.31518,3644.88,43.3044,-24.5751,0.0529906,1545.13,0
3.58337,3641.23,43.362,-33.0271,0.0639002,2447.47,0
3.85222,3630.9,44.2436,-32.0149,0.105405,4958.22,0
4.12704,3618.17,50.3381,-50.1507,0.145373,7713.09,0
4.37231,3594.99,66.0567,-75.123,0.210013,12581.1,0
