0.27864,3645.3,-2.41214,-15.5135,0.0271236,16872.8,0
0.557323,3641,-1.75153,-9.47195,0.0451145,16148.3,0
0.837311,3636.58,2.12563,-11.3486,0.0624683,16021.5,0
1.11853,3636.2,0.154671,-14.5084,0.0634045,12335.2,0
1.39134,3639.76,-3.82682,-6.70967,0.0488678,7360.14,0
1.6699,3638.1,-1.24854,-9.1729,0.0550291,7126.98,0
1.94878,3642.44,7.76418,-10.2014,0.0381668,3878.96,0
2.21827,3639.12,5.10747,-14.1984,0.0511862,4903.04,0
2.4965,3636.17,-4.14819,-4.15422,0.064272,5540.72,0
2.76751,3643.98,-12.3415,-5.30835,0.0316432,2175.19,0
3.0413,3645.89,-11.2377,-6.16714,0.023035,1351.17,0
3.31516,3638.5,-13.9011,-6.687,0.0519283,3470.15,0
3.59267,3644.31,-17.0605,-7.52738,0.0283321,1584.17,0
3.8675,3647.9,-19.1459,-6.20416,0.0137444,542.606,0
4.13666,3637.85,-18.0074,-9.30906,0.0532315,2936.08,0
4.40856,3630.8,-26.004,-9.93096,0.0797313,4354.56,0
4.67636,3619.54,-28.7827,-8.77238,0.126322,6513.92,0
4.95387,3631.99,-36.6818,-18.8286,0.066361,3635.6,0
5.22866,3637.44,-36.6859,-15.0395,0.0441357,2401.75,0
5.50096,3637.99,-29.4672,-18.3235,0.0431818,2183.43,0
5.77325,3615.05,-42.9806,-13.2206,0.13407,6053.87,0
6.04467,3616.28,-41.7705,-11.8275,0.130236,5578.22,0
6.3212,3603.64,-36.7725,24.3639,0.188996,7333.3,0
6.59469,3610.04,-40.9782,11.5688,0.158839,6059.48,0
6.86216,3572.8,-51.873,42.8336,0.31903,11250.7,0
7.13496,3579.66,-46.893,-38.7335,0.291208,9858.14,0
7.41323,3581.47,-55.5832,-57.7409,0.253728,9243.63,0
7.50393,3565.01,-59.8892,-80.0906,0.298215,11325.8,0
