0.274332,3651.55,-14.7469,13.6438,0.0168889,-5659.52,0
0.540794,3648.48,-16.8281,15.5327,0.0276723,2817.09,0
0.811214,3645.95,-17.8209,16.869,0.0371957,4996.33,0
1.08466,3640.61,-15.299,3.88162,0.0631077,8654.38,0
1.3548,3644.38,-19.7027,-3.97317,0.0475575,4145.71,0
1.62329,3640.32,-29.8733,-8.28811,0.0584997,5964.78,0
1.89763,3632.84,-21.2327,1.77539,0.0917288,9042.35,0
2.16945,3627.34,-28.0718,-6.69431,0.112517,10444.7,0
2.44355,3623.32,-21.416,-2.2847,0.132382,10917.9,0
2.71906,3592.57,-50.333,48.704,0.24043,21122.4,0
2.99036,3614.72,-26.5911,15.4196,0.168184,11799.4,0
3.2717,3601.01,-9.84669,18.8446,0.239001,14975,0
3.54693,3598.26,-60.0124,-23.3219,0.219608,14587.6,0
3.70944,3586.6,-98.1323,-19.5454,0.226305,17091.4,0
