0.2696,3651.03,-33.7467,28.761,0.00696372,-3817.62,0
0.545702,3649.44,-33.6546,29.1024,0.012955,1021.34,0
0.821556,3646.52,-36.8194,34.3851,0.0216393,4229.88,0
1.1019,3647.11,-37.7294,36.9508,0.0175894,2623.54,0
1.37169,3646.13,-37.6434,34.0574,0.0227425,2820.34,0
1.64372,3635.32,-31.7945,35.2555,0.0642781,8929.94,0
1.91692,3632.92,-31.7583,33.061,0.0730632,8910.06,0
2.19132,3619.82,-37.3684,18.9582,0.130215,13773.7,0
2.46941,3592.42,-13.9682,59.2867,0.242596,23318.5,0
2.615,3577.06,-14.6992,98.9414,0.259731,27894.6,0
