0.268956,3643.81,3.13592,-24.7561,0.0408924,23004.7,0
0.54076,3647.46,10.8354,-25.0468,0.026316,4706.01,0
0.811673,3640.73,8.24222,-14.9532,0.0539914,11415.1,0
1.08434,3626.63,-3.06613,-22.441,0.109927,21549.1,0
1.35594,3613.72,14.1001,-63.3784,0.140957,26754.8,0
1.6274,3627.45,29.6488,-75.6602,0.0709182,13854.5,0
1.90134,3636.44,21.4814,-74.4896,0.0393863,7132.64,0
2.17306,3625.39,17.3724,-72.5208,0.0841967,11323,0
2.44341,3616.61,17.2435,-86.2145,0.108427,13665.1,0
2.71772,3552.31,15.733,-75.088,0.431231,35945.4,0
2.80537,3561.67,37.9684,-92.5391,0.33249,31485.3,0
