0.270174,3648.64,38.228,39.1795,0.031227,5034.23,0
0.544952,3652.23,42.1102,40.6677,0.0150333,-4100.15,0
0.820378,3649.48,39.684,38.8266,0.0268514,630.565,0
1.09001,3649.01,37.3741,36.9152,0.0297766,904.434,0
1.36285,3647,34.1374,39.7588,0.0380292,2199.39,0
1.63955,3644.59,37.0948,45.7444,0.042878,3297.5,0
1.91515,3647.75,44.8743,40.5733,0.0304716,1172.27,0
2.18975,3648.96,43.8537,48.8866,0.0224224,475.567,0
2.46578,3651.31,42.1894,49.9029,0.0125544,-532.751,0
2.73737,3648.35,38.2061,46.9504,0.0262603,602.56,0
3.00898,3648.07,44.0377,43.4538,0.026128,641.231,0
3.2864,3649.86,49.4433,44.047,0.0165628,42.9268,0
3.55835,3650.16,48.5246,42.7395,0.0168799,-43.9833,0
3.83077,3649.23,48.8424,37.1911,0.0232794,201.263,0
4.09391,3645.35,46.1941,39.3613,0.0359045,1136.01,0
4.36835,3651.67,48.9047,39.4331,0.0102186,-382.314,0
4.64386,3653.28,50.1949,40.1412,0.0036318,-706.473,0
4.91455,3653.92,49.828,40.5236,0.00100801,-798.11,0
5.18999,3651.87,49.5682,37.8534,0.00947413,-361.163,0
5.45531,3649.33,45.3809,34.9721,0.0213222,123.221,0
5.72608,3646.97,47.682,33.2988,0.0295648,529.358,0
6.0073,3644.18,43.804,34.9822,0.0410359,968.336,0
6.27603,3641.7,49.2982,38.736,0.0456833,1322.97,0
6.54847,3639.79,49.3644,42.3702,0.0509069,1558.95,0
6.82667,3635.72,50.2522,44.6415,0.0648516,2091.66,0
7.09654,3637.43,48.8067,43.7777,0.0581773,1771.19,0
7.37669,3638.19,47.6804,41.2097,0.0560287,1601.01,0
7.65704,3633.97,51.7347,46.3817,0.0672904,2093.61,0
7.9295,3625.98,51.1187,33.5254,0.103083,3028.8,0
8.20233,3617.71,45.0006,29.4991,0.143418,3936.24,0
8.47228,3585.04,51.925,2.69111,0.302464,7667.04,0
8.74544,3592.86,-1.33943,12.8023,0.288322,6533.84,0
9.01668,3599.79,-34.5126,59.9253,0.210884,5568.1,0
9.29163,3622.81,-34.5526,67.7855,0.107576,2926.71,0
9.57115,3618.48,-35.5663,70.767,0.121301,3293.19,0
9.84369,3616.93,-55.6809,68.8772,0.11843,3359.41,0
10.1239,3607.02,-42.1404,83.138,0.154093,4245.56,0
10.2189,3611.79,-36.5061,93.1288,0.127616,3739.46,0
