0.0272354,4.85846,-5.94998,-4.65806,2.67306,178388,0
0.0510321,5.58544,-4.79001,-12.7057,5.16874,109450,0
0.0764767,9.89974,-6.19414,-16.2275,8.54532,129448,0
0.103116,18.1863,-4.265,-13.7279,10.0458,176368,1
0.123845,25.9778,-3.31436,-15.6405,12.3779,209760,1
0.146869,32.549,1.21752,-21.4713,11.9728,221619,1
0.170972,36.3658,2.96289,-23.3019,10.9277,212701,1
0.19271,41.1518,0.970283,-27.1499,2.75142,213543,1
0.222077,54.7329,7.66789,-25.5772,10.9688,246460,1
0.246443,60.0686,8.47014,-29.9088,7.81048,243743,2
0.274424,72.4991,9.94319,-31.5028,3.96217,264186,5
0.301037,75.1762,15.056,-34.204,13.3244,249724,5
0.326358,77.5936,15.6405,-26.4647,5.98134,237756,6
0.355583,81.6457,23.0906,-27.8517,5.78822,229611,6
0.380237,90.4462,23.9319,-20.897,7.96836,237868,6
0.402425,93.1565,23.0707,-19.3743,4.21172,231488,6
0.427879,95.598,16.295,-17.0047,12.738,223423,6
0.45045,92.8461,16.5091,-20.91,3.11029,206118,6
0.481551,104.698,13.9187,-19.6388,9.28568,217418,7
0.50501,106.466,16.1315,-27.07,15.437,210819,7
0.533639,111.582,7.02291,-27.0043,3.2033,209096,8
0.561986,117.025,9.13311,-28.7848,22.2242,208234,8
0.589684,115.601,1.17244,-33.9416,3.31861,196038,8
0.614182,119.835,8.19807,-36.4385,6.40946,195114,8
0.638755,121.346,18.8888,-45.8452,11.6715,189973,8
0.667294,124.032,21.777,-49.9949,5.27,185873,9
0.69433,132.004,13.1175,-50.6565,7.10636,190118,9
0.72279,142.918,12.97,-50.5487,6.70061,197731,9
0.7516,150.469,13.3056,-48.1898,17.3454,200199,10
0.777333,150.548,16.7998,-50.9112,4.40049,193673,10
0.808014,152.242,11.5767,-52.5587,10.3245,188415,10
0.835619,149.431,3.66627,-57.3814,0.51897,178827,10
0.861072,153.516,5.23512,-55.2109,14.7926,178285,10
0.888733,165.837,10.9916,-49.5607,12.4143,186599,11
0.912309,170.834,16.1347,-53.5497,2.44374,187254,12
0.940247,189.158,13.8571,-54.4298,13.7948,201180,12
0.967976,191.995,12.146,-53.9725,10.4905,198347,12
0.995416,201.421,7.86187,-51.6507,15.9312,202349,13
1.02109,205.982,12.1964,-55.2491,0.338092,201727,15
1.04681,222.235,12.4165,-56.6003,12.3978,212298,17
1.07854,238.443,7.1717,-60.2122,15.8683,221080,18
1.10707,258.294,12.7117,-55.258,9.84022,233313,20
1.13135,259.256,9.81269,-59.253,13.1946,229156,20
1.15907,265.149,21.7602,-55.2243,6.29601,228760,21
1.18145,271.586,19.491,-56.8641,13.0163,229874,22
1.20728,272.341,12.1167,-54.4067,4.0023,225583,22
1.23334,279.955,5.87142,-58.314,0.548296,226990,23
1.25246,289.948,7.0668,-62.067,8.02263,231504,24
1.27714,296.38,7.68468,-69.734,11.7111,232065,25
1.29926,301.331,3.09309,-65.578,13.2251,231924,26
1.32233,306.966,4.18683,-59.872,5.48313,232141,27
1.34694,308.803,4.70409,-51.0784,11.9081,229263,27
1.37219,317.85,6.8088,-52.7612,11.6358,231637,27
1.39816,316.631,-5.07218,-54.4813,7.3735,226463,27
1.42174,317.715,-4.92703,-58.8934,11.1659,223470,27
1.44766,321.625,-6.14114,-68.4971,9.06941,222169,28
1.47223,331.876,-4.21368,-74.2794,4.23444,225424,29
1.49856,332.445,-4.5458,-70.6191,6.23046,221843,29
1.52196,339.308,-6.66705,-75.4468,2.64377,222941,29
1.54764,341.424,-16.5621,-73.9885,10.0338,220610,29
1.57378,344.4,-14.4694,-73.704,8.73468,218837,29
1.60008,350.717,-13.7944,-78.1006,1.81277,219187,30
1.62236,352.194,-16.6726,-79.9614,6.96041,217088,30
1.64491,363.975,-16.8176,-86.4429,6.24739,221274,30
1.67072,375.278,-16.6001,-90.3354,6.92917,224621,30
1.69066,383.077,-15.8235,-99.8937,6.69244,226584,31
1.71456,390.421,-9.22418,-102.078,4.91312,227709,32
1.74327,406.026,-12.9576,-99.0828,11.4247,232910,32
1.76393,409.122,-13.0976,-96.8511,10.5173,231939,32
1.789,412.354,-11.6787,-94.6251,6.02532,230494,33
1.81013,417.316,-16.0851,-95.3335,9.02677,230544,33
1.84162,416.033,-15.5511,-85.7981,4.46701,225906,33
1.87007,416.33,-5.72086,-89.519,5.48802,222628,33
1.89704,424.928,-6.3619,-84.9041,8.01905,223996,33
1.91996,429.906,-6.16579,-84.1212,11.0923,223914,33
1.94209,439.652,-11.8681,-84.3964,0.380558,226380,35
1.96779,448.503,-11.3565,-82.9845,2.34274,227922,36
1.98918,454.755,-15.0652,-79.9329,10.9205,228614,36
2.01823,464.231,-15.2894,-78.7565,12.8747,230019,37
2.04032,472.357,-14.8685,-68.3088,8.92123,231512,37
2.06204,476.692,-18.1573,-75.1281,8.30183,231175,38
2.08705,484.55,-12.4851,-69.7845,9.33111,232170,38
2.11409,484.349,-4.34873,-65.9811,8.63074,229106,38
2.14216,491.739,-16.0668,-61.5726,5.48288,229553,39
2.16778,497.769,-16.8604,-60.8246,12.2296,229622,39
2.1943,499.946,-13.5156,-56.8106,6.57757,227839,39
2.21737,503.675,-13.8633,-55.7236,19.6073,227150,39
2.24101,501.474,-10.6336,-54.7652,11.9216,223771,39
2.27109,516.789,-10.75,-59.195,7.92706,227551,41
2.29989,528.079,-12.9633,-58.4164,4.16791,229610,43
2.32281,528.188,-9.59884,-51.8162,4.548,227392,43
2.3516,536.824,-6.22335,-52.1416,8.68852,228280,43
2.37371,539.808,-4.0347,-53.5377,5.91426,227411,43
2.39848,547.249,-7.55109,-53.0624,0.403961,228165,45
2.42716,548.171,-13.7224,-52.9051,3.6346,225849,45
2.45241,555.91,-6.49375,-56.0369,17.4601,226679,45
2.4755,555.954,-4.08055,-70.8902,17.6053,224582,45
2.49947,554.958,-9.02692,-68.4266,14.0807,222030,45
2.52593,565.998,-17.8027,-66.4878,5.53241,224075,47
2.55132,572.093,-17.7775,-60.9755,11.0802,224234,48
2.57663,577.253,-20.6555,-56.3464,5.75555,224034,48
2.60219,577.578,-19.1207,-62.037,6.87588,221958,48
2.62658,577.15,-11.6644,-68.3072,5.35432,219734,48
2.65388,596.785,-9.80183,-71.0638,11.1506,224872,51
2.6789,597.676,-10.8266,-70.8222,0.000195725,223105,51
2.70528,598.555,-7.29607,-70.1738,3.06583,221254,51
2.73433,603.166,-12.2869,-75.0786,5.97815,220590,51
2.76041,608.707,-11.2233,-67.1895,13.6597,220513,51
2.78357,620.131,-3.56422,-63.5427,4.02154,222783,53
2.81044,625.676,-6.89957,-64.0553,9.05904,222626,53
2.83739,631.256,-7.12813,-55.566,12.7873,222478,54
2.86636,645.753,-7.57682,-57.7855,33.3762,225287,55
2.89037,653.189,-12.6168,-54.9038,18.0557,225988,57
2.91667,655.853,-13.398,-60.7532,11.5933,224864,58
2.94615,658.776,-20.5157,-62.4318,7.47012,223606,58
2.97316,664.698,-20.0786,-67.3568,2.01422,223566,59
2.99357,672.102,-17.1827,-72.2296,13.5424,224515,59
3.02149,683.026,-21.47,-67.6453,8.65828,226056,61
3.04622,688.113,-17.9197,-64.3034,10.6473,225891,62
3.07231,694.052,-21.5758,-69.3866,5.39891,225906,62
3.09728,693.667,-26.9872,-68.7838,4.06455,223960,62
3.1252,698.315,-24.8375,-71.6497,5.97682,223446,62
3.15088,706.091,-22.819,-71.4142,9.79115,224093,62
3.17684,708.507,-19.2733,-70.2835,3.86595,223022,62
3.20221,713.051,-23.1884,-68.8923,3.98724,222675,63
3.22604,716.011,-21.751,-67.4047,14.3049,221948,63
3.25144,714.56,-8.1163,-74.6674,9.20599,219767,63
3.27878,718.971,-8.46013,-71.3512,24.5881,219280,63
3.29973,726.656,-10.2411,-72.3731,5.8109,220217,64
3.32197,731.62,-6.43741,-69.2543,8.83183,220237,64
3.34969,732.57,-8.32259,-70.0929,12.1457,218698,64
3.37743,737.142,-18.1655,-74.1714,2.11681,218255,64
3.40742,748.48,-15.7528,-71.5213,18.6008,219662,64
3.43692,753.554,-16.5357,-72.1015,0.856288,219253,65
3.4626,755.028,-11.4441,-75.8954,6.00195,218052,65
3.48965,766.945,-2.91286,-73.0059,12.3883,219777,65
3.51806,775.761,0.126538,-60.3925,27.4335,220508,66
3.54671,789.294,1.3228,-60.2556,18.2369,222543,68
3.57141,796.967,-3.65701,-61.0126,16.3696,223152,68
3.59463,799.152,-7.2062,-57.3878,8.249,222318,69
3.61914,804.89,-4.62016,-63.4064,2.80873,222398,69
3.63957,816.176,-5.36632,-62.2228,9.96204,224251,70
3.66751,825.309,-10.1648,-58.7032,13.2676,225033,70
3.69381,826.049,-10.4584,-54.9571,2.62597,223630,70
3.71987,832.767,-13.8544,-63.6882,10.2966,223870,71
3.74633,833.344,-15.8531,-69.4334,0.640474,222443,71
3.77268,833.739,-11.5501,-70.6429,2.00355,220994,71
3.7955,837.836,-16.4314,-71.4697,2.00096,220744,71
3.82014,843.952,-16.7807,-66.3056,11.6917,220922,71
3.8476,857.422,-8.72812,-77.5312,15.3258,222846,71
3.87239,873.206,-2.49352,-88.2323,18.7115,225495,72
3.8951,877.142,1.46446,-76.8645,2.38288,225191,73
3.91881,886.897,4.74227,-78.8009,6.36846,226318,74
3.94769,908.224,7.80012,-77.69,19.2661,230064,77
3.9705,909.422,8.39525,-75.7882,10.2112,229045,77
3.99755,918.263,7.28445,-79.9009,11.0003,229707,78
4.01828,920.982,10.0504,-85.556,7.24968,229198,78
4.04459,928.503,18.8985,-80.4148,8.6281,229566,78
4.06885,938.933,18.3921,-84.565,3.3071,230761,79
4.09566,939.226,17.9523,-77.1709,4.33032,229322,79
4.12106,947.197,15.4007,-75.6559,4.75579,229843,80
4.14541,947.414,15.0901,-75.1751,5.48665,228545,80
4.16948,948.995,9.77569,-74.9909,11.0139,227605,80
4.19073,949.961,5.68111,-78.4823,2.71776,226682,80
4.22076,957.611,6.87443,-81.246,16.2616,226881,80
4.24151,961.109,1.31209,-77.728,16.804,226596,80
4.2698,968.537,-4.93372,-79.9303,4.78426,226834,81
4.29562,972.707,-4.20491,-86.8141,5.01615,226442,81
4.32314,980.191,4.93115,-88.0889,4.76049,226731,81
4.3477,981.869,3.10381,-87.2353,10.6022,225837,81
4.37605,989.351,5.35003,-87.3328,11.4606,226083,81
4.40054,995.828,2.82356,-82.0345,5.50951,226297,81
4.42383,999.066,-11.3398,-82.4104,3.61646,225837,81
4.45146,1000.72,-7.80907,-81.8229,9.39768,224808,81
4.47777,1008.33,-8.68079,-82.4738,7.01617,225186,82
4.50398,1017.64,-5.07616,-91.6197,12.9488,225942,83
4.52816,1020.68,7.23323,-90.299,9.21042,225407,83
4.55309,1027.34,10.3477,-84.6645,0.94533,225635,85
4.57816,1032.84,10.0989,-79.2871,5.83017,225601,85
4.60418,1034.35,6.4365,-78.862,11.1286,224656,85
4.63235,1034.6,5.90219,-77.4529,11.9956,223342,85
4.6551,1033.33,8.34509,-83.5647,7.5004,221978,85
4.68018,1033.32,6.54413,-81.4625,7.41799,220786,85
4.70569,1033.38,-0.0136031,-80.7157,7.63384,219602,85
4.73624,1036.5,3.57096,-78.7565,6.84426,218844,85
4.75871,1038.6,5.11052,-80.975,2.50425,218252,85
4.78725,1042.28,2.10118,-81.1612,15.3572,217720,85
4.81505,1048.99,3.72138,-90.0874,11.3644,217857,86
4.84258,1054.97,4.98445,-87.6538,5.41526,217854,87
4.86523,1058.07,0.933464,-76.7996,4.52997,217475,87
4.89215,1061.46,3.03819,-76.4494,2.03093,216972,87
4.92133,1064.41,11.4334,-80.9003,12.3505,216286,87
4.9455,1063.1,11.0488,-83.6233,7.73422,214963,87
4.97329,1066.18,6.19037,-88.5375,18.4888,214382,87
4.99853,1070.83,4.19004,-88.2676,3.10947,214229,88
5.02196,1073.02,5.66085,-78.9078,10.7298,213666,88
5.05107,1077.96,4.34387,-84.4442,3.08616,213412,88
5.08027,1084.39,13.7975,-81.9866,9.80947,213452,89
5.10761,1099.44,13.5164,-83.6222,13.8103,215256,90
5.13153,1105.94,7.43322,-84.3549,13.1726,215519,90
5.15799,1115.1,5.816,-74.7367,5.86212,216189,91
5.1803,1125.19,5.25812,-79.5835,15.1094,217206,91
5.20545,1127.66,-3.38241,-78.6516,7.95442,216630,92
5.22866,1131.62,-3.30615,-83.024,6.02747,216427,93
5.26122,1136.43,4.87815,-82.7099,9.60209,216001,93
5.28477,1140.88,8.21346,-85.9865,9.79942,215880,93
5.31415,1145.76,14.0778,-90.0191,11.1126,215605,94
5.33786,1154.03,23.0081,-92.3323,6.88423,216196,94
5.36066,1152.22,22.3609,-94.2624,0.580939,214940,94
5.38507,1158.71,15.452,-90.2568,11.5701,215170,94
5.40936,1165,21.4227,-90.2817,7.54466,215368,94
5.43853,1167.62,31.313,-86.3473,3.51349,214694,94
5.46226,1182.51,35.9982,-86.7201,13.7916,216488,95
5.48722,1188.4,35.0691,-90.2438,2.79551,216576,97
5.51153,1187.87,35.7555,-84.5029,0.933104,215525,97
5.53728,1192.6,38.3442,-88.2992,1.67615,215376,98
5.56464,1198.72,43.8398,-94.8726,7.26885,215417,99
5.59309,1206.2,38.9668,-102.781,6.31526,215659,99
5.62773,1205.48,41.2301,-102.38,3.7396,214203,99
5.65451,1211.91,43.7589,-106.883,10.8605,214327,99
5.67917,1221.31,51.3147,-108.036,12.1904,215051,101
5.70736,1234.23,41.3062,-114.182,7.9284,216252,102
5.73596,1242.04,38.7637,-117.495,1.47837,216537,102
5.75983,1246.37,40.5048,-115.713,16.6027,216391,102
5.78522,1244.82,38.9631,-105.013,11.154,215173,102
5.80986,1252.4,36.1431,-103.629,3.95057,215564,103
5.83729,1254.54,32.8624,-96.1637,11.4055,214918,103
5.86627,1265.55,40.3602,-96.5672,9.06793,215734,104
5.8939,1268.47,34.9745,-99.8404,6.03153,215217,104
5.91603,1272.88,35.4124,-94.3687,9.7723,215157,104
5.94333,1271.12,33.9153,-86.1206,3.61241,213873,104
5.96701,1275.54,39.2932,-86.1889,5.85268,213765,104
5.99696,1294.4,45.1268,-81.3767,6.81845,215843,105
6.0248,1307.55,44.0093,-88.539,7.98501,217027,107
6.04865,1311.02,38.9536,-85.394,20.1034,216746,107
6.07718,1317.76,44.983,-87.1407,5.94342,216837,107
6.10113,1317.21,40.2689,-85.0038,4.02918,215896,107
6.13214,1318.17,40.5376,-85.9768,7.37783,214960,107
6.15791,1318.22,40.0346,-81.0195,7.5337,214069,107
6.18186,1320.24,38.6376,-71.2234,1.38073,213566,107
6.20572,1324.7,38.3799,-68.2837,2.65283,213465,107
6.23107,1330.14,36.8901,-70.7961,21.6715,213470,107
6.25463,1330.3,28.7103,-68.562,7.86753,212691,107
6.28207,1335.89,31.8057,-61.8053,14.1671,212651,107
6.30814,1343.93,27.8085,-56.0043,12.1898,213047,108
6.33194,1344.73,16.7159,-55.3984,14.9148,212372,108
6.35186,1347.08,15.77,-60.1545,7.39904,212077,109
6.37494,1354.61,11.4662,-65.4179,9.27473,212489,110
6.40018,1363.01,15.279,-70.6869,13.7488,212964,110
6.42847,1375.72,17.6433,-72.5075,13.6865,214005,111
6.45812,1384.51,22.627,-75.6885,10.9262,214384,112
6.48165,1383.22,24.5875,-73.3281,6.39267,213405,112
6.50372,1385.66,25.8152,-77.6775,0.577656,213057,112
6.52259,1391.24,24.443,-78.4027,4.32313,213296,113
6.5458,1392.75,20.3952,-84.9764,9.56889,212770,113
6.57047,1391.98,20.7282,-88.3814,6.89477,211854,113
6.59502,1396.1,13.9154,-91.1343,21.2795,211691,113
6.6173,1398.55,10.6881,-88.1036,14.0574,211347,114
6.64037,1405.7,6.92492,-86.7502,7.89254,211690,115
6.66474,1406.03,4.6922,-87.0401,9.05264,210966,115
6.68953,1405.88,6.69392,-94.0548,8.49614,210161,115
6.71025,1405.61,7.15141,-100.072,7.56675,209472,115
6.73349,1414.19,11.392,-106.173,8.89038,210023,115
6.75605,1418.73,4.72794,-107.865,13.0891,209994,115
6.78246,1426.51,6.54486,-108.707,10.2032,210323,116
6.80499,1434.6,7.60032,-111.448,6.97145,210816,118
6.82899,1444.48,3.42533,-107.603,14.0733,211522,119
6.85327,1449.23,2.43274,-105.061,14.8791,211465,120
6.8766,1455.45,0.566579,-102.848,9.11822,211653,120
6.90435,1458.37,1.6043,-92.9323,7.59529,211224,120
6.92434,1457.72,-2.35239,-93.1538,5.3076,210521,120
6.94963,1468.36,-7.10244,-96.2402,15.6391,211287,120
6.97342,1470.77,-11.1909,-92.3478,9.71392,210910,120
6.99956,1482.26,-4.96652,-88.2964,12.1749,211765,120
7.02994,1483.72,-18.2869,-90.1498,5.54242,211057,120
7.05028,1484.65,-17.5506,-87.8523,8.80457,210580,120
7.07575,1482.21,-19.8767,-84.4032,0.269595,209477,120
7.10132,1497.75,-16.7863,-88.1834,7.43977,210911,120
7.13136,1501.38,-14.5188,-86.7499,4.34791,210533,121
7.15882,1501.75,-12.5098,-85.7855,5.61961,209776,121
7.18528,1511.51,-9.30244,-87.6836,9.62599,210362,122
7.20893,1513.39,-2.92975,-91.7876,4.513,209933,122
7.2362,1524.09,5.07098,-92.7801,11.8,210620,123
7.25777,1522.58,5.53141,-89.5481,6.53944,209786,123
7.27981,1526.21,5.57118,-88.8815,4.89095,209650,123
7.30289,1533.8,0.553815,-87.8989,17.0346,210027,123
7.33258,1530.23,8.66017,-88.7009,4.53505,208689,123
7.35721,1538.38,9.02345,-92.7407,17.2618,209098,124
7.38537,1540.27,12.4847,-92.2133,10.6468,208556,124
7.41289,1549.3,5.67282,-95.0235,1.88494,209001,124
7.43428,1554.75,6.15204,-90.9511,5.14716,209133,125
7.46143,1564.47,7.24728,-96.2234,12.773,209674,126
7.48494,1565.57,4.96902,-92.2844,2.28891,209162,126
7.507,1568.7,3.36359,-95.8563,13.2201,208965,126
7.53177,1573.76,1.44746,-96.9144,3.35806,208950,126
7.55417,1578.92,3.23758,-100.264,9.68177,209013,126
7.58034,1583.65,6.23446,-104.595,2.80362,208915,126
7.60822,1602.43,12.901,-105.348,1.40138,210618,127
7.63268,1603.14,9.47868,-112.401,3.83649,210037,127
7.65482,1604.33,11.2513,-112.869,7.98428,209584,127
7.68262,1612.92,27.4547,-115.247,7.92262,209944,128
7.70748,1614.68,32.2593,-110.201,2.37214,209495,128
7.73256,1624.83,37.4426,-112.584,6.7498,210128,129
7.75658,1624.69,35.774,-119.56,6.21311,209460,129
7.78554,1630.52,28.6834,-119.575,10.8065,209430,130
7.80519,1636.84,35.6125,-120.397,1.36048,209712,132
7.83073,1641.95,34.9949,-126.671,3.4349,209681,133
7.86042,1645.26,36.1458,-117.522,3.26627,209309,133
7.8824,1658.63,31.739,-116.479,7.96857,210422,134
7.91107,1662.96,22.0755,-109.75,9.8866,210207,134
7.93934,1669.61,28.1149,-100.729,4.45682,210296,134
7.96471,1681.38,36.8991,-101.027,5.41262,211103,135
7.99036,1694.11,30.1434,-97.3688,22.334,212019,135
8.01529,1701.8,34.8357,-94.1987,10.0881,212319,136
8.04,1701.12,36.5798,-91.5731,7.70279,211582,136
8.06438,1700.84,44.5844,-91.7119,6.71093,210907,136
8.08927,1708.64,44.5225,-99.0736,3.68638,211223,137
8.11463,1713.26,50.2629,-93.1683,4.06613,211132,138
8.14007,1719.29,46.9509,-93.7135,13.4643,211213,138
8.16597,1725.56,48.7036,-95.3475,4.24867,211311,139
8.19179,1738.2,49.3049,-87.5108,6.62795,212188,140
8.21653,1743.63,50.137,-87.3247,0.729186,212210,140
8.24987,1745.56,50.0151,-86.7728,7.45732,211586,140
8.27198,1743.62,47.9161,-86.776,0.673772,210786,140
8.29695,1751.95,42.1167,-86.9597,12.3838,211156,140
8.32032,1753.39,46.4759,-88.347,1.59226,210736,141
8.34245,1753.69,42.7818,-89.9366,2.61286,210212,141
8.36809,1756.31,28.4681,-87.4861,11.7884,209882,141
8.3957,1759.01,27.6903,-92.3533,6.89833,209513,141
8.4212,1766.65,26.1249,-93.2427,17.8414,209786,142
8.44357,1762.33,32.9288,-90.9046,2.76279,208719,142
8.46872,1762.98,30.7764,-82.8604,5.00207,208176,142
8.49714,1774.94,29.6615,-80.2069,13.8296,208887,143
8.52385,1785.4,28.5237,-77.2686,7.10912,209459,145
8.55448,1796.02,32.1985,-73.0448,2.8944,209950,146
8.58055,1801.68,30.4549,-73.186,10.9789,209972,146
8.59951,1800.84,27.7578,-74.7856,8.04209,209412,146
8.62688,1809.05,31.5949,-80.951,13.7509,209700,147
8.65377,1813.57,42.6361,-73.4525,16.3168,209570,147
8.67801,1817.31,42.2713,-76.1047,15.0231,209415,147
8.70635,1829.7,46.8042,-76.0671,7.92524,210157,148
8.73414,1838.83,49.9946,-75.0614,8.27987,210534,150
8.75985,1843.61,47.701,-78.2167,9.2118,210462,151
8.78672,1842.23,51.2646,-83.0974,4.35865,209660,151
8.81231,1847.76,46.622,-85.1506,7.9058,209679,152
8.83769,1853.3,45.9376,-85.9557,7.96008,209704,152
8.86248,1858.24,43.6847,-87.9726,10.8838,209675,152
8.88919,1862.95,38.7971,-85.8001,1.31765,209575,152
8.91398,1863.2,32.0445,-89.6519,2.17596,209020,152
8.93859,1868.11,33.2886,-90.9091,3.59673,208994,153
8.96464,1873.51,37.4645,-95.4725,9.23493,208989,153
8.98946,1878.51,45.9121,-102.515,10.9145,208968,154
9.0155,1895.54,52.4031,-107.164,11.0045,210253,154
9.03858,1896.1,52.8494,-108.668,12.9427,209778,154
9.06529,1906.48,55.8198,-112.035,4.49207,210306,156
9.09076,1910.46,47.5894,-105.1,18.3724,210154,156
9.11845,1915.55,60.7038,-103.57,7.51464,210074,156
9.14769,1922.54,48.8064,-102.73,8.06257,210167,157
9.17298,1927.68,49.1573,-104.077,11.6824,210148,157
9.20138,1931.5,49.9267,-102.38,11.842,209915,157
9.22456,1942.34,52.9399,-98.6961,7.73354,210561,158
9.25324,1948.44,48.1348,-101.428,14.7235,210569,158
9.28373,1949.21,47.0513,-101.201,3.04774,209960,158
9.31179,1949.52,46.1779,-108.852,4.12848,209360,158
9.33706,1959.04,43.724,-110.819,9.94282,209813,159
9.36758,1967.06,49.0087,-111.773,9.02168,209986,160
9.3922,1978.71,45.4727,-110.113,6.94264,210675,160
9.42148,1984.15,40.2868,-113.179,10.2023,210598,161
9.45213,1984.17,41.5785,-109.979,10.2571,209917,161
9.47887,1989.18,43.208,-102.793,13.4177,209854,161
9.50637,1994.54,40.4726,-101.897,10.3701,209810,162
9.52948,1998.05,44.3229,-92.7627,6.85888,209670,163
9.55523,1996.61,46.9462,-93.3224,1.82269,208955,163
9.57856,2001.46,44.8524,-92.9499,7.08242,208952,163
9.60481,2010.44,50.9973,-88.4242,8.39928,209316,164
9.62823,2017.84,52.9082,-87.548,6.80215,209576,165
9.65462,2026.84,48.3462,-86.5155,12.2441,209935,165
9.68101,2039.1,50.9216,-90.6382,7.78786,210628,168
9.71012,2046.81,56.5415,-79.8304,5.03688,210792,168
9.73453,2050.64,61.8689,-73.571,18.4187,210656,168
9.76207,2059.34,69.456,-82.4673,9.31567,210954,169
9.78604,2058.59,74.1408,-90.6098,6.69946,210360,169
9.81592,2057.34,76.6969,-96.9499,2.25748,209592,169
9.83967,2063.68,72.9885,-100.576,8.62591,209731,170
9.86486,2080.84,71.4342,-97.5864,7.17637,210934,171
9.88972,2084.53,57.5414,-104.495,6.86113,210778,171
9.9132,2088.63,54.722,-97.1973,5.39025,210691,172
9.93789,2097.18,64.763,-95.8754,5.17342,211029,173
9.96123,2099.12,61.4806,-104.487,11.9416,210729,173
9.98465,2096.96,67.5708,-106.468,4.38763,210018,173
10.0004,2107.57,62.7928,-105.964,4.56169,210748,175
