0.163614,3649.74,-5.58431,2.76493,0.0233764,1565.06,0
0.324073,3645.55,-2.46004,2.96995,0.0408164,13727.8,0
0.4823,3643.02,-7.01216,2.75905,0.0518026,14466,0
0.641037,3645.99,-10.1186,1.69628,0.0408178,6256.41,0
0.803068,3645.76,-9.39419,2.41266,0.0414744,5282.73,0
0.963915,3648.38,-4.5217,4.1917,0.0298716,1682.95,0
1.11935,3648.99,-7.1343,3.44741,0.0265459,901.983,0
1.27484,3648.71,-3.02007,4.27841,0.028688,1013.61,0
1.43559,3650.13,-2.70603,6.03719,0.0240652,-91.2033,0
1.59494,3645.82,-3.55551,9.44013,0.0408484,2620.68,0
1.75364,3646.15,-7.21317,12.4865,0.03979,2192.95,0
1.91215,3649.89,-6.22651,15.4481,0.0252701,59.049,0
2.07263,3650.35,-3.97883,18.5762,0.0235204,-167.452,0
2.23589,3649.34,-5.89182,19.3119,0.0266762,293.272,0
2.39562,3645.73,-4.23219,18.0886,0.0413685,1781.91,0
2.55544,3646.7,-6.06748,14.8696,0.0372716,1292.58,0
2.71344,3646.35,-2.28716,11.4003,0.0400953,1346.61,0
2.87262,3649.7,-0.662903,9.86377,0.0261145,105.969,0
3.03319,3649.75,-3.00243,8.52366,0.0258513,83.3943,0
3.19715,3643.86,-3.08793,11.6689,0.0486036,1920.73,0
3.35698,3641.06,-2.04954,11.9823,0.0593598,2663.77,0
3.5177,3632.06,2.56006,11.5644,0.0971965,5100.39,0
3.67855,3626.48,-10.3599,15.6305,0.120052,6393.94,0
3.83793,3613.84,-13.069,8.84982,0.177948,9420.7,0
3.99826,3609.32,-30.2075,-13.1378,0.193112,10174.5,0
4.15851,3612.08,-41.6823,-27.875,0.169601,9119.37,0
4.31761,3609.48,-50.9501,-22.4414,0.177395,9385.92,0
4.47731,3621.17,-43.5344,-20.1076,0.130249,6438.4,0
4.63724,3626.22,-37.364,-18.6784,0.11202,5126.98,0
4.79605,3627.64,-28.1035,-14.4404,0.110749,4662.32,0
4.95587,3625.98,-24.7421,-12.1051,0.118763,4847.15,0
5.11538,3630.05,-26.8158,-25.2326,0.0984225,3899.89,0
5.27615,3629.94,-26.086,-19.0451,0.101698,3802.44,0
5.43558,3622.26,-40.1194,-22.1091,0.127788,5103.18,0
5.59629,3593.06,-41.0916,-24.2805,0.263189,10175.2,0
5.75698,3571.9,-38.8899,3.3956,0.391107,13566.8,0
5.92104,3568.76,-38.6297,1.96084,0.411258,13720.6,0
6.08019,3569.14,-27.1867,12.0418,0.420519,13298.6,0
6.24105,3562.3,-19.9359,19.2012,0.474339,14051.5,0
6.40182,3559.59,-25.843,10.6547,0.493266,14123.3,0
6.56003,3572.04,-20.5971,11.8148,0.411711,11884.3,0
6.7236,3599.01,-8.64306,12.3085,0.25975,7583.31,0
6.88247,3581.99,-13.1013,8.92461,0.353813,9881.19,0
7.04656,3600.71,-6.21606,40.4385,0.237273,6994.65,0
7.20866,3610.77,-18.7521,30.4398,0.19277,5441.83,0
7.37015,3593.29,-57.8751,32.3272,0.249435,7694.65,0
7.52813,3572.06,-67.0964,40.1117,0.336104,10353.2,0
7.68528,3566.29,-41.8436,53.0392,0.383888,10892,0
7.84408,3590.93,-27.6911,41.4461,0.277124,7530.69,0
8.00627,3604.71,-21.7923,30.5105,0.219222,5657.38,0
8.16593,3612.31,-13.0781,40.9276,0.179144,4614.94,0
8.32544,3616.23,1.48609,49.736,0.157674,4056.46,0
8.4858,3588.39,-3.95694,35.1523,0.304931,7260.33,0
8.64652,3586.65,-7.51702,38.7399,0.308966,7326.48,0
8.8071,3592.42,-2.26603,50.8063,0.266789,6537.42,0
8.96791,3593.98,-0.378448,39.5895,0.270509,6246.34,0
9.12498,3597.25,10.7389,80.865,0.2111,5780.32,0
9.28438,3592.88,22.8013,82.5547,0.226214,6152.46,0
9.44932,3567.02,1.77682,70.822,0.375288,8781.5,0
9.60845,3568.51,-16.5147,88.4498,0.33314,8481.31,0
9.6558,3568.23,-24.051,97.0852,0.315868,8468.01,0
