0.162692,3651.84,32.5611,-17.931,0.0113309,-11289.4,0
0.320832,3647.69,33.606,-20.6375,0.0259012,7199.29,0
0.480383,3645.36,34.0727,-21.0083,0.0347785,9668.01,0
0.640441,3647.8,33.0445,-22.0113,0.0241395,3441.79,0
0.800088,3648,34.3845,-22.3705,0.0229095,2498.4,0
0.959702,3649.11,34.6277,-22.4255,0.0185968,928.7,0
1.11969,3648.81,36.2769,-20.6645,0.018429,1061.12,0
1.28282,3648.73,38.0925,-20.958,0.01873,986.428,0
1.44087,3650.27,38.5423,-20.4935,0.0125912,-189.501,0
1.60379,3651.19,38.554,-19.6393,0.010027,-739.732,0
1.76356,3649.96,38.322,-15.2571,0.0147843,24.922,0
1.92168,3648.78,41.2007,-14.855,0.0177286,633.059,0
2.08035,3649.04,43.6058,-14.7615,0.0146967,460.835,0
2.24187,3647.97,43.4879,-13.8641,0.0190165,906.634,0
2.40012,3647.71,42.1035,-14.7102,0.0216094,955.3,0
2.55821,3650.2,40.0819,-12.8058,0.0127486,-79.2152,0
2.71765,3650.53,39.0208,-13.4467,0.0119063,-195.929,0
2.87632,3652.06,38.7993,-11.8883,0.00660325,-714.823,0
3.03395,3652.74,38.472,-10.3311,0.00451058,-904.414,0
3.19687,3651.36,39.9585,-9.80154,0.00989831,-425.522,0
3.35478,3651.33,39.2275,-9.74249,0.0105781,-396.09,0
3.51714,3650.24,41.791,-6.0373,0.0140469,-67.0231,0
3.67443,3649.04,42.7285,-6.52735,0.0186824,261.731,0
3.83504,3649.26,40.1637,-5.70487,0.0197821,192.114,0
3.99185,3648.97,40.8034,-5.08913,0.021723,257.153,0
4.1547,3647.53,37.9361,-5.26454,0.0282317,594.493,0
4.31573,3642.65,40.6183,-13.1191,0.0454735,1702.94,0
4.47423,3645.98,33.6111,-15.9047,0.0330493,898.183,0
4.63457,3647.37,31.6293,-14.4684,0.0280465,567.316,0
4.79333,3645.72,31.0219,-17.0682,0.0328407,893.41,0
4.95262,3644.97,28.5858,-20.6726,0.036165,1015.23,0
5.10924,3648.39,28.3676,-22.9815,0.0237637,315.045,0
5.26604,3645.89,27.7978,-24.9187,0.0315893,781.393,0
5.42688,3644.96,28.3953,-27.9798,0.0348635,928.621,0
5.5868,3638.32,27.8082,-30.5172,0.0612275,2090.32,0
5.74649,3641.57,24.7128,-28.9604,0.0515597,1467.13,0
5.90918,3641.41,22.2184,-26.0188,0.0536039,1453.33,0
6.06685,3638.13,26.9066,-22.7345,0.0679173,1955.76,0
6.2261,3634.67,20.6979,-24.5482,0.0841034,2461.64,0
6.38914,3632.14,23.8131,-24.7511,0.0933127,2795.52,0
6.55282,3631.71,25.1404,-18.9868,0.0938142,2790.56,0
6.71394,3626.24,24.8591,-20.9398,0.118714,3538.57,0
6.87428,3628.75,18.7007,-22.3834,0.108856,3091.35,0
7.03499,3636.14,6.60459,-19.1022,0.081327,1970.05,0
7.19531,3641.4,4.4631,-15.5889,0.0592184,1194.77,0
7.3589,3635.26,-2.72803,-18.8003,0.084124,2002.79,0
7.52021,3640.25,3.01843,-22.4484,0.0624442,1296.55,0
7.6816,3635.76,-6.96814,-18.0767,0.0821126,1854.26,0
7.8403,3628.81,-6.48,-14.6299,0.110944,2702.96,0
8.00341,3627.78,-13.554,-7.57993,0.115661,2776.16,0
8.16481,3622.91,-12.9407,-14.5217,0.135686,3318.12,0
8.32639,3608.78,-19.3327,0.861259,0.200503,4950.47,0
8.48679,3577.42,-8.75552,10.6682,0.375918,8551.77,0
8.65058,3566.29,-4.25428,7.32609,0.456141,9677.2,0
8.81016,3569.99,-6.39358,9.20743,0.434296,9081.96,0
8.96815,3556.4,3.94098,19.5487,0.529705,10437.2,0
9.12742,3548.91,4.98111,21.1733,0.586374,11075.5,0
9.29061,3543.74,4.73144,26.9809,0.621494,11437.4,0
9.45029,3550.35,7.99743,26.9094,0.559147,10545.1,0
9.61115,3538.75,-6.78933,26.4634,0.66102,11574.9,0
9.77163,3542.37,-8.45135,20.6526,0.631597,11014.5,0
9.93314,3547.36,-13.8262,16.0242,0.587914,10333.3,0
10.091,3547.86,-14.2543,5.02344,0.595165,10121.6,0
10.2523,3543.9,-25.542,-0.798219,0.61221,10348.5,0
10.4113,3547.44,-16.3845,-0.823894,0.598029,9851.04,0
10.5705,3543.87,-24.6787,-10.586,0.616928,10039.8,0
10.7301,3551.69,-26.0382,-18.5119,0.538114,9161.61,0
10.8899,3565.92,-30.1611,-6.39376,0.432069,7720.74,0
11.0508,3562.34,-14.3762,4.47589,0.469761,7932.34,0
11.2097,3559.81,-11.139,2.33177,0.486323,8045.84,0
11.3713,3566.42,-3.86708,8.17168,0.438691,7350.29,0
11.5319,3581.37,-8.63969,-1.04233,0.336212,5951.54,0
11.6945,3592.45,-7.98826,10.8102,0.268955,4921.27,0
11.8555,3594.74,-0.417163,7.7718,0.256127,4661.07,0
12.0149,3597.86,34.653,7.66274,0.227276,4339.31,0
12.1731,3577.35,52.1302,3.10862,0.322944,5967.88,0
12.3322,3583.38,38.8622,19.7375,0.300954,5402.46,0
12.4958,3584.31,46.6194,19.6078,0.289109,5257,0
12.6546,3596.27,39.1383,21.4966,0.234704,4245.82,0
12.8122,3578.69,12.0771,19.8821,0.351196,5565.49,0
12.9742,3590.41,11.6633,13.2893,0.286146,4593.29,0
13.1343,3615.31,-4.24549,9.55381,0.161212,2641.35,0
13.2957,3615.46,-9.42878,8.28956,0.160096,2597.78,0
13.4536,3599.34,-16.8073,-5.96031,0.238403,3765.66,0
13.6119,3612.97,-1.87678,7.81757,0.172314,2720.51,0
13.7693,3588.01,32.0643,13.4673,0.288903,4501.93,0
13.9306,3579.11,24.7892,33.0736,0.331554,5089.06,0
14.0884,3563.58,20.4814,47.3436,0.410028,6134.09,0
14.2488,3557.3,34.1331,28.6117,0.465043,6506.07,0
14.4091,3539.3,33.7774,23.3622,0.609934,7682.46,0
14.571,3540.75,42.0229,27.5952,0.572151,7497.96,0
14.7309,3534.6,36.2377,20.2666,0.647178,7834.22,0
14.8929,3535.9,27.2751,23.644,0.642718,7661.47,0
15.0544,3546.44,34.911,12.3022,0.55071,6878.93,0
15.217,3534.34,49.8089,34.5597,0.577749,7600.81,0
15.3769,3537.18,39.3602,22.7837,0.602884,7337.14,0
15.5382,3548.31,29.5273,22.0767,0.536992,6544.65,0
15.6945,3549.35,27.6066,31.7235,0.513703,6412.84,0
15.8546,3549.69,30.4581,40.6808,0.493864,6327.16,0
16.0136,3553.72,45.9162,55.2269,0.41456,6012.43,0
16.1735,3554.78,57.5153,48.9471,0.39649,5887.39,0
16.3317,3562.86,50.1144,37.4667,0.380358,5335.72,0
16.4911,3567.77,56.6912,13.0152,0.362308,4986.2,0
16.6524,3577.32,60.908,-23.4632,0.297703,4364.4,0
16.8109,3579.08,72.8464,-24.7308,0.270779,4218.88,0
16.9722,3569.04,87.5374,2.25163,0.303005,4770.31,0
17.1326,3567.07,84.2867,24.4522,0.311753,4840.33,0
17.2861,3573.28,97.3154,23.0301,0.259573,4437.96,0
