0.164042,3650.24,60.1858,12.6501,0.011139,-1476.52,0
0.324127,3649.98,60.055,10.3841,0.0116177,64.591,0
0.482341,3648.54,60.3532,10.4766,0.0165156,3025.86,0
0.641457,3645.64,61.7183,11.5387,0.027575,6794.01,0
0.799532,3640.13,58.5041,13.5407,0.0505437,12344.8,0
0.961796,3638.8,57.848,15.5042,0.0546767,11642.2,0
1.12255,3638.32,60.6021,13.371,0.0550097,10406.6,0
1.28139,3633.26,62.0284,10.4313,0.0749836,13063.6,0
1.43887,3630.06,53.9198,20.1482,0.0911273,13856.7,0
1.60193,3637.97,54.1599,18.0301,0.0582593,7506.89,0
1.76086,3639.14,52.5253,19.7934,0.0542866,6164.85,0
1.91939,3640.92,50.2666,17.3118,0.0494096,4729.4,0
2.08266,3642.63,49.8073,19.1625,0.0455263,3536.56,0
2.24271,3640.7,46.2989,17.7389,0.0553114,4148.4,0
2.40025,3636.58,42.4797,13.1723,0.0760337,5590,0
2.55816,3642.88,44.4918,9.79801,0.0506004,2785.11,0
2.71601,3639.94,43.4042,14.1599,0.0635339,3703.03,0
2.87126,3644.6,43.5812,13.3239,0.0460671,1879.74,0
3.03276,3640.08,49.9512,6.9692,0.0601695,3270.97,0
3.18902,3639.87,49.5342,13.5629,0.0599806,3176.03,0
3.34933,3639.73,47.9798,7.63965,0.0620804,3066.77,0
3.50861,3639.7,47.9202,1.44158,0.0621542,2935.7,0
3.66832,3642.72,49.8312,-3.85661,0.0493534,1984.07,0
3.82576,3640.87,52.2034,-3.89902,0.0547214,2386.39,0
3.98202,3643.33,57.0646,-4.7648,0.0409932,1675.97,0
4.14382,3644.81,56.924,-2.12571,0.0361299,1252.04,0
4.30626,3646.26,57.2057,-6.0739,0.0288068,868.429,0
4.46524,3647.04,58.1857,-5.14644,0.0252436,662.227,0
4.62049,3644.8,57.5043,-3.33038,0.033528,1124.55,0
4.77986,3643.65,59.7418,0.657273,0.0355849,1329.35,0
4.94114,3645.91,59.8422,3.44473,0.0266217,826.903,0
5.09952,3645.34,60.0775,-2.0723,0.0282029,913.768,0
5.25929,3640.26,60.9109,3.78795,0.0455489,1852.73,0
5.41944,3636.17,54.3299,2.41397,0.0635342,2552.8,0
5.57898,3634.39,50.7816,4.51462,0.0719658,2798.34,0
5.7374,3633.52,52.0426,-0.621458,0.0757824,2872.72,0
5.89755,3629.48,52.6676,-4.13672,0.0924293,3479.89,0
6.05996,3626.99,46.2172,-4.62866,0.106054,3797.55,0
6.22051,3629.95,52.2819,-6.55453,0.0908751,3223.58,0
6.37807,3617.99,43.8,-8.79734,0.146791,5019.19,0
6.53897,3611.51,48.5065,-0.6265,0.173013,5885.97,0
6.70064,3588.45,51.5796,19.1951,0.277505,9185.37,0
6.85629,3563.32,63.7047,23.9649,0.393227,12642.1,0
7.01434,3558.47,74.3424,20.5369,0.401856,13049.4,0
7.17222,3544.82,92.726,32.3523,0.425234,14665,0
7.18616,3546.13,94.5694,32.6163,0.41524,14454.6,0
