0.157346,3653.33,-8.14741,12.0179,0.0152907,-21162.2,0
0.318647,3654.34,-7.18406,13.9314,0.010634,-13626.4,0
0.480847,3652.04,-5.62502,12.8304,0.0188068,-4242.2,0
0.63787,3647.99,-8.16408,15.0682,0.0335344,3145.52,0
0.799165,3650.01,-6.72544,13.6106,0.0270945,-9.80973,0
0.958378,3649.86,-5.14738,13.2136,0.0283685,141.05,0
1.11872,3647.19,0.157356,12.0776,0.0392544,2513.5,0
1.27785,3646.03,-0.964586,11.8856,0.0443789,3106.2,0
1.43861,3646.77,-0.576862,11.0362,0.0423377,2246.07,0
1.59957,3648.9,-3.75557,7.60493,0.0343506,687.694,0
1.75969,3649.44,-7.81403,7.84126,0.0323087,316.44,0
1.92237,3650.12,-5.90226,6.82092,0.0305808,-63.344,0
2.08381,3651.06,-4.27326,11.042,0.0269473,-507.758,0
2.24073,3653.08,-1.34333,10.5516,0.0186463,-1374.96,0
2.39856,3652.06,-1.70949,13.794,0.0221929,-858.792,0
2.55817,3653.53,-1.02784,14.011,0.0171965,-1379.76,0
2.71712,3653.45,-1.70014,14.1052,0.017445,-1268.19,0
2.87778,3654.9,-1.11465,12.2578,0.0128964,-1702.59,0
3.03651,3653.73,-3.72486,12.0628,0.0172727,-1228.41,0
3.19434,3650.29,-4.46551,12.4626,0.0307597,-90.8015,0
3.35722,3651.21,-6.81744,9.04136,0.0272925,-360.848,0
3.51898,3649.67,-8.92241,7.37457,0.0339454,94.9719,0
3.67868,3650.06,-12.0408,7.36103,0.031329,-16.8357,0
3.8354,3649.29,-11.942,3.70925,0.0343266,185.18,0
3.99241,3652.41,-12.9336,3.14271,0.021999,-604.332,0
4.15521,3650.53,-10.6693,1.86981,0.028662,-128.737,0
4.31394,3650.42,-12.7615,1.65524,0.0274128,-96.3779,0
4.4753,3649.86,-12.4096,-1.83305,0.0286116,31.6556,0
4.63336,3649.4,-11.4918,-1.14575,0.0304264,130.202,0
4.79604,3650.15,-8.96547,-2.16075,0.0282025,-31.5721,0
4.95239,3650.55,-12.6042,1.311,0.0276423,-111.145,0
5.11463,3651.81,-14.9258,1.15645,0.0230435,-353.211,0
5.27684,3650.79,-18.3856,0.15238,0.0252606,-149.072,0
5.43483,3652.13,-13.5699,0.133209,0.0206304,-391.149,0
5.59405,3652.15,-7.69404,0.51355,0.0205963,-384.739,0
5.75097,3650.93,-5.92436,-1.19501,0.0273929,-160.97,0
5.91221,3650.67,-9.99102,-3.03882,0.0281481,-113.616,0
6.07343,3650.2,-13.4045,-2.3915,0.0293688,-32.4207,0
6.23425,3649.2,-16.4913,0.355215,0.0332145,128.745,0
6.39294,3646.66,-16.5564,-2.55125,0.0438172,521.773,0
6.55367,3648.9,-13.6807,-4.49416,0.0350496,168.174,0
6.70972,3649.72,-12.5902,-1.68208,0.0310041,41.9939,0
6.87056,3650.5,-11.5593,-0.321091,0.0277636,-72.091,0
7.02943,3648.92,-12.6146,3.13544,0.0323937,152.945,0
7.18916,3645.71,-9.94643,3.71289,0.0464684,597.18,0
7.34912,3644.76,-10.6096,0.134957,0.0496491,712.498,0
7.51313,3647.86,-13.3096,-1.73301,0.0367231,284.783,0
7.67306,3648.11,-14.0411,-0.275728,0.0359872,246.904,0
7.83348,3651.15,-16.7233,-1.75817,0.0241641,-147.378,0
7.98598,3648.53,-14.4726,-0.206568,0.0343322,184.641,0
8.14607,3650.46,-14.0683,3.09183,0.0265912,-56.1317,0
8.30564,3651.09,-14.8714,3.10716,0.0242424,-131.232,0
8.464,3650.49,-18.9938,3.20911,0.0238995,-58.3284,0
8.6265,3650.78,-18.3325,1.93582,0.0218771,-90.6429,0
8.78451,3648.4,-17.5287,3.57701,0.0307517,182.478,0
8.94625,3649.63,-16.0253,3.86956,0.0255246,41.308,0
9.1052,3649.63,-18.1133,3.3349,0.0270829,40.8346,0
9.26974,3650.39,-16.6086,5.50652,0.0250535,-41.745,0
9.4308,3652.45,-15.7181,6.67475,0.0177191,-259.524,0
9.59308,3649.58,-16.6147,6.69611,0.029422,43.6093,0
9.75336,3650.18,-16.7554,6.45177,0.0267264,-18.5419,0
9.9137,3651.04,-18.4585,6.13804,0.0235638,-104.555,0
10.0736,3649.81,-18.9369,5.3217,0.0288167,18.7081,0
10.233,3650.66,-14.5426,7.12309,0.0245182,-64.2737,0
10.3934,3649.6,-14.7018,7.57638,0.0275741,38.4971,0
10.5521,3649.82,-15.9518,9.57693,0.0266015,17.2211,0
10.7099,3649.69,-17.3042,6.87681,0.0279448,29.1711,0
10.8686,3649.25,-15.2912,8.13469,0.0301223,69.3422,0
11.0305,3646.79,-8.16791,4.68132,0.0402255,291.074,0
11.1877,3645.63,-0.33977,7.55607,0.0450185,390.66,0
11.3508,3644.91,0.525951,8.8701,0.0484845,448.793,0
11.5122,3642.82,-0.806253,9.69327,0.0575292,623.785,0
11.6765,3643.67,2.36771,4.82971,0.053085,541.856,0
11.8389,3641.83,0.87752,6.64428,0.0603031,690.12,0
11.9986,3640.38,5.58123,4.24165,0.0654948,801.403,0
12.1577,3632.68,7.81446,3.57714,0.0977166,1424.24,0
12.315,3626.01,5.82131,6.13461,0.127949,1948.34,0
12.4736,3625.36,8.45372,11.2688,0.130287,1975.66,0
12.6366,3624.55,8.6622,4.78745,0.135051,2013.95,0
12.7956,3614.98,19.8359,0.897821,0.175393,2737.23,0
12.9553,3625.05,18.6647,10.9655,0.128817,1925.57,0
13.1158,3631.1,19.2887,17.906,0.1015,1440.83,0
13.2744,3630.9,18.9314,8.87029,0.10411,1438.73,0
13.4353,3636.03,17.7231,4.78702,0.0847789,1040.09,0
13.5959,3638,20.2135,7.01664,0.0762855,882.594,0
13.7566,3612.02,26.3668,4.69886,0.187689,2761.2,0
13.9158,3602.94,24.4454,6.95244,0.232111,3381.95,0
14.0816,3607.38,20.1596,-4.01825,0.211234,3026.97,0
14.2394,3611.2,8.20176,-23.3453,0.1918,2725.14,0
14.397,3581.32,5.73014,-42.7693,0.334285,4770.49,0
14.555,3579.48,22.2128,-36.1566,0.34649,4844.87,0
14.713,3561.3,25.447,-38.7489,0.452065,6028.53,0
14.873,3557.57,-1.9178,-29.0826,0.504085,6214.29,0
15.0321,3562.06,7.358,-37.2625,0.45938,5850.06,0
15.1927,3593.4,6.93855,-36.8786,0.275647,3725.29,0
15.3555,3602.33,34.8655,-34.6089,0.220558,3104.22,0
15.515,3598.16,11.3021,-31.6628,0.253022,3341.51,0
15.6714,3581.21,22.4049,-41.8848,0.331822,4389.27,0
15.8333,3569.74,11.8782,-45.5811,0.400552,5069.19,0
15.9953,3573.52,23.6043,-46.0657,0.375177,4781.68,0
16.1561,3557.93,21.2917,-28.3919,0.497967,5698.87,0
16.3163,3557.55,20.3495,-28.0462,0.497769,5665.94,0
16.4782,3585.56,34.2061,-20.6378,0.316807,3910.51,0
16.6436,3567.32,11.9199,5.16373,0.45073,4967.57,0
16.804,3557.16,11.3615,15.4763,0.520031,5525.07,0
16.9667,3562.81,15.9791,28.4028,0.462427,5138.78,0
17.1266,3576.22,1.86798,23.2991,0.384932,4308.01,0
17.2899,3604.19,-5.21655,26.9061,0.226387,2649.67,0
17.4475,3618.17,-9.42043,22.2035,0.160826,1824.24,0
17.605,3612.33,-4.86203,12.782,0.19109,2139.72,0
17.7648,3604.36,18.1811,16.5294,0.226371,2569.36,0
17.9236,3596.35,43.6728,3.96616,0.254599,2993.06,0
18.0813,3600.1,35.9428,1.92135,0.240669,2759.56,0
18.2403,3588.62,36.4003,-13.5201,0.298605,3365.23,0
18.3981,3585.06,19.6061,-4.70861,0.329747,3529.58,0
18.5588,3589.8,-9.88786,-24.0988,0.299618,3243.82,0
18.7147,3594.42,-17.375,-9.70757,0.278672,2969.87,0
18.8764,3586.09,-21.87,-32.0682,0.311655,3385.53,0
19.0372,3552.72,-20.5718,-52.2307,0.484904,5110.19,0
19.1989,3567.96,-14.6804,-41.4352,0.416182,4273.07,0
19.3611,3560.5,-22.4303,-45.5014,0.450558,4622.89,0
19.5193,3559.99,-29.6434,-34.5057,0.463802,4611.46,0
19.6786,3586.25,-46.448,-33.4261,0.293455,3239.55,0
19.8381,3604.32,-33.7205,-31.6528,0.214444,2302.77,0
20.0009,3586.9,-4.97294,-38.5461,0.309999,3154.77,0
20.1591,3577.8,-14.014,-30.0991,0.36719,3581.62,0
20.319,3586.89,-44.7259,-28.9124,0.294324,3105.87,0
20.4769,3603.53,-48.221,-20.4829,0.212919,2269.56,0
20.6358,3590.79,-34.6651,-10.235,0.289288,2869.43,0
20.7951,3593.65,-52.4082,8.5396,0.259586,2709.99,0
20.9591,3592.18,-50.3187,23.4792,0.264037,2758.93,0
21.1177,3610.17,-44.5347,16.4037,0.183834,1886.13,0
21.2769,3608.68,-37.6907,10.4474,0.195982,1941.99,0
21.4353,3623.78,-47.3215,15.1483,0.120735,1223.27,0
21.5977,3627.41,-37.8961,13.6305,0.111091,1045.96,0
21.7569,3627.96,-34.2441,13.0921,0.109669,1012.92,0
21.9222,3631.25,-32.014,7.6158,0.097604,855.165,0
22.082,3622.55,-34.5475,17.2728,0.130461,1243.24,0
22.24,3630.8,-30.0618,17.8736,0.0977852,863.436,0
22.4042,3633.2,-37.254,19.9527,0.0852808,749.931,0
22.5661,3636.62,-38.2373,19.5076,0.0701998,593.008,0
22.7247,3637.89,-45.1627,15.7004,0.0618097,532.991,0
22.8795,3633.78,-46.1195,9.49935,0.0777728,708.983,0
23.0376,3637.4,-42.4345,5.58602,0.0657752,547.045,0
23.1946,3634.76,-42.3933,8.62916,0.0760442,656.941,0
23.3541,3632.72,-43.4809,5.57006,0.0835296,739.849,0
23.5183,3630.06,-35.6372,8.0973,0.0977938,847.726,0
23.6762,3626.19,-39.017,-1.25262,0.114664,1005.61,0
23.8381,3627.57,-41.13,-6.95651,0.105823,941.022,0
23.9956,3629.47,-52.8549,-10.8275,0.0914668,855.623,0
24.1575,3640.12,-60.7271,-11.9093,0.042812,409.031,0
24.3179,3645.11,-60.2359,-11.2907,0.0229552,201.197,0
24.479,3642.16,-59.3498,-10.134,0.0340312,320.137,0
24.6394,3640.09,-62.8849,-8.57999,0.0401959,402.17,0
24.803,3638.18,-64.432,-11.345,0.0459542,476.39,0
24.9642,3639.49,-64.8374,-13.8584,0.0393863,421.164,0
25.1253,3636.91,-61.5307,-14.2286,0.0516617,520.935,0
25.2871,3638.48,-57.6281,-14.54,0.0480052,455.672,0
25.448,3634.8,-63.651,-16.131,0.0576493,597.17,0
25.6072,3634.24,-65.9178,-17.8582,0.0572973,615.588,0
25.7689,3629.09,-66.0081,-13.7854,0.0776202,811.311,0
25.9311,3623.76,-60.1273,-16.5054,0.102972,1012.08,0
26.09,3625.43,-47.2543,-17.0575,0.103858,941.855,0
26.2495,3617.78,-42.9869,-17.4517,0.139449,1227.54,0
26.4101,3625.82,-47.7167,-21.6975,0.101307,915.395,0
26.5698,3628.18,-47.0238,-21.1836,0.0926417,821.076,0
26.7284,3618.07,-40.3824,-15.0363,0.141034,1194.49,0
26.8914,3624.21,-49.9725,-2.72655,0.109575,959.222,0
27.0512,3625.38,-38.0064,-6.69612,0.109883,910.3,0
27.215,3624.42,-45.9485,1.07213,0.110134,939.789,0
27.3746,3612.9,-55.002,7.01257,0.155463,1355.31,0
27.5345,3598.54,-69.2586,3.97731,0.20807,1869.02,0
27.6946,3574.9,-54.333,4.08314,0.344518,2711.72,0
27.8541,3610.11,-43.3768,25.396,0.171477,1431.99,0
28.0115,3613.15,-29.034,23.4538,0.166085,1315.49,0
28.1715,3607.18,-18.862,16.0788,0.201563,1519.9,0
28.3347,3585.29,-18.8254,21.4066,0.314976,2283.85,0
28.4911,3580.75,-17.8866,42.8703,0.326256,2430.43,0
28.6517,3579.16,-32.1831,44.8658,0.326627,2472.6,0
28.8137,3581.3,-0.765615,20.1175,0.348301,2384.15,0
28.9742,3597.46,-15.7494,24.0222,0.253588,1813.22,0
29.1366,3596.34,-39.3595,23.3352,0.246516,1841.66,0
29.2965,3607.63,-25.0714,24.6598,0.197239,1446.38,0
29.4556,3612.34,-27.2884,30.5369,0.172147,1278.45,0
29.6158,3608.09,-13.7522,10.3286,0.203073,1415.07,0
29.777,3592.29,1.7051,20.6808,0.283764,1938.11,0
29.9387,3581.34,-2.88006,15.979,0.348786,2293.27,0
30.099,3585.55,-20.3903,17.27,0.3191,2141.43,0
30.2622,3604,-23.1666,11.764,0.220884,1520.04,0
30.4213,3607.18,-37.8925,-13.0737,0.198446,1407.7,0
30.5803,3605.85,-39.2637,-17.6018,0.202274,1443.7,0
30.7401,3595.42,-45.9344,-12.9278,0.250496,1775.64,0
30.8988,3603.61,-58.7155,-30.7822,0.193931,1501.49,0
31.0589,3601.99,-69.8316,-37.2597,0.187938,1545.93,0
31.2204,3610.28,-63.4328,-46.5046,0.154282,1272.2,0
31.3817,3618.24,-51.8279,-39.4153,0.132618,1011.96,0
31.5424,3609.17,-55.2364,-35.9606,0.170281,1294.52,0
31.7023,3611,-33.4814,-33.0378,0.177188,1230.25,0
31.8625,3591.91,-13.7711,-26.1905,0.283265,1823.18,0
32.0211,3595.73,-2.59742,-45.6617,0.249535,1694.69,0
32.1804,3601.45,0.149816,-49.3414,0.215882,1508.54,0
32.3411,3608.84,-16.9351,-44.9817,0.181996,1272.77,0
32.5,3601.21,12.2081,-22.6393,0.23343,1501.14,0
32.6624,3595.18,37.8516,-31.7458,0.244675,1678.24,0
32.8247,3593.62,22.6319,-41.4388,0.254686,1717.54,0
32.9833,3577.99,44.217,-39.5791,0.322569,2183.35,0
33.1445,3601.9,49.1752,-50.7596,0.190768,1451.25,0
33.304,3589.16,79.6295,-56.3913,0.213936,1826.73,0
33.4644,3574.9,77.9235,-58.621,0.278723,2244.04,0
33.4787,3578.31,79.1273,-61.1504,0.259229,2141.47,0
