0.15799,3648.1,79.4612,-5.71567,0.0379375,12009.8,0
0.315136,3644.59,79.4781,-5.71543,0.0507036,17164.7,0
0.476349,3640.14,81.5563,-8.41109,0.064744,20692.4,0
0.634205,3635.14,86.0157,-6.95453,0.079746,23429.4,0
0.797217,3632.35,89.212,-5.19997,0.0864064,22142.4,0
0.954147,3641.23,89.9261,-2.37454,0.0529888,9190.36,0
1.11694,3643.39,90.4182,0.589758,0.0455274,5922.18,0
1.27803,3641.73,89.9752,1.04178,0.051834,6469.71,0
1.43775,3642.45,84.1081,0.353693,0.0540311,5249.67,0
1.60074,3639.82,85.8816,-2.84753,0.063124,6358.25,0
1.76451,3635.04,78.4531,-1.69363,0.0865479,8479.95,0
1.92402,3626.34,72.8973,0.157985,0.12395,12295,0
2.08365,3613.98,71.0138,-9.79888,0.173602,17287.7,0
2.24636,3621.27,68.1756,-12.2076,0.144742,12790.4,0
2.40747,3615.32,71.3327,-20.4164,0.163639,14406.9,0
2.56887,3620.24,83.4016,-18.6884,0.133901,11586,0
2.7309,3619.38,88.612,-26.6386,0.129748,11211.5,0
2.89292,3620.17,95.9469,-20.2794,0.120552,10311.2,0
3.05319,3617.32,97.3196,-21.6685,0.129091,10704.8,0
3.07846,3612.89,97.9774,-20.0586,0.145453,12053.1,0
