0.163426,3648.55,-14.2679,-1.25389,0.031776,8891.6,0
0.323845,3650.56,-13.9093,-3.22619,0.0235756,-1714.15,0
0.483727,3653.67,-15.0644,-2.16429,0.0109274,-7594.25,0
0.649933,3652.97,-14.9764,-3.16209,0.0133006,-4565.81,0
0.811873,3651.74,-15.0786,-5.65584,0.0179477,-2148.74,0
0.972532,3652.63,-15.2178,-6.31116,0.0147248,-2706.33,0
1.13355,3652.77,-14.0036,-4.66476,0.014289,-2444.18,0
1.29459,3652.43,-15.1471,-5.17582,0.013891,-1879.97,0
1.45297,3653.57,-16.9391,-3.67088,0.00895754,-2458.96,0
1.61494,3654.5,-17.6253,-5.68212,0.00541646,-2787.26,0
1.77521,3653.56,-17.295,-6.37463,0.00960881,-2003.19,0
1.93653,3653.31,-18.4818,-9.48215,0.0104055,-1707.78,0
2.09712,3654.95,-19.2638,-8.445,0.00435552,-2360.39,0
2.25574,3653.02,-21.4717,-8.28508,0.0111978,-1339.26,0
2.41744,3655.31,-21.9512,-8.27628,0.00266348,-2194.77,0
2.57918,3655.07,-22.0254,-8.36552,0.00355752,-1966.74,0
2.73858,3654.88,-21.8388,-7.10615,0.00477932,-1782.34,0
2.89644,3655.72,-20.5715,-6.88292,0.00185913,-1976.09,0
3.05455,3655.7,-21.4037,-7.77523,0.00178859,-1866.85,0
3.21433,3655.33,-20.4192,-8.30398,0.00336524,-1657.59,0
3.37607,3655.59,-20.7095,-7.03654,0.00235469,-1656.1,0
3.53676,3655.11,-19.976,-6.92209,0.00414084,-1444.13,0
3.69635,3655.49,-20.565,-8.85995,0.00269843,-1485.44,0
3.8557,3654.21,-20.2601,-9.44835,0.00756215,-1091.52,0
4.01151,3652.8,-19.8336,-8.47346,0.0135132,-697.465,0
4.17071,3650.82,-19.4203,-6.86115,0.0215604,-197.192,0
4.33166,3652.57,-19.6117,-5.6843,0.0151657,-592.662,0
4.49091,3650.9,-20.2583,-7.45897,0.0203007,-199.765,0
4.65019,3648.75,-22.2429,-5.26398,0.027278,268.441,0
4.81229,3649.71,-24.4213,-7.10071,0.0229713,59.2851,0
4.97254,3645.78,-23.1817,-10.0925,0.0384512,849.172,0
5.13378,3647.18,-25.6795,-7.30309,0.0335006,549.942,0
5.2951,3643.56,-27.7286,-7.01882,0.0456266,1216.09,0
5.45531,3641.75,-24.6146,-13.6274,0.0514432,1512.85,0
5.61895,3640.28,-27.5867,-14.7558,0.0550032,1729.43,0
5.78113,3638.61,-27.0244,-20.0556,0.0605872,1970.51,0
5.94288,3635.48,-24.4073,-19.8456,0.0724225,2442.63,0
6.10351,3637.34,-19.5403,-17.7209,0.0673253,2074.25,0
6.26092,3634.09,-21.2108,-18.3062,0.081735,2540.75,0
6.41729,3632.74,-13.7049,-14.4612,0.0886783,2690.34,0
6.57729,3637.24,-8.12607,-12.8497,0.0715512,1940.05,0
6.73917,3631.01,-1.78795,-5.00206,0.0985919,2818.53,0
6.90094,3638.72,-4.1999,-8.71141,0.0667543,1634.31,0
7.06377,3633.61,-2.6469,-5.05211,0.08896,2320.88,0
7.22663,3635.62,-2.58225,-7.43507,0.0794566,1990.29,0
7.3866,3634.54,6.97666,-11.6887,0.0826437,2093.14,0
7.5482,3637.75,4.53608,-14.8552,0.0690884,1622.27,0
7.70433,3637.08,4.40952,-15.0078,0.0707646,1676.62,0
7.86288,3635.95,3.96881,-17.4834,0.0734844,1786.89,0
8.02404,3638.6,5.987,-17.7933,0.0625613,1420.71,0
8.18512,3639.3,8.88519,-19.4122,0.0593811,1307.86,0
8.34348,3637.9,-0.277674,-22.9515,0.0634552,1450.48,0
8.5038,3632.68,-10.5808,-21.7834,0.0840245,2036.32,0
8.66545,3635.23,-10.0036,-25.3644,0.0730596,1703.98,0
8.82414,3636.4,-12.4014,-29.587,0.0663616,1541.17,0
8.9801,3639.39,-17.232,-28.923,0.0534838,1181.61,0
9.14013,3644.44,-17.1646,-29.661,0.0347577,608.445,0
9.30203,3644.99,-18.0117,-28.8413,0.0317948,538.433,0
9.46155,3643.37,-13.3216,-26.6472,0.039789,700.782,0
9.622,3639.66,-15.5557,-28.7482,0.0547441,1074.75,0
9.78448,3636.53,-15.5767,-26.9736,0.0681884,1376.58,0
9.94561,3631.01,-18.0324,-21.1568,0.0919619,1909.69,0
10.1042,3618.04,-22.5586,-10.3918,0.14954,3163.26,0
10.2643,3597.43,-4.33323,-28.4692,0.248476,5121.18,0
10.423,3597.43,11.809,8.5702,0.25525,5044.13,0
10.5842,3606.86,5.91639,-3.07748,0.2082,4075.69,0
10.7416,3583.99,-1.11362,7.16751,0.333196,6145.61,0
10.9008,3578.84,-14.2194,3.47252,0.362717,6527.57,0
11.062,3595.68,-17.6138,-5.85849,0.263064,4910.21,0
11.2237,3583.16,-12.709,-6.48439,0.336111,5955.46,0
11.3877,3586.96,-1.50434,0.346482,0.317414,5535.54,0
11.5479,3590.41,-16.2192,-9.31077,0.294225,5160.4,0
11.7075,3597.85,-5.80031,-2.7096,0.255981,4454.78,0
11.8688,3599.85,-23.0786,-1.32869,0.24006,4225.06,0
12.0291,3590.28,-22.4047,-6.95846,0.290848,4964.6,0
12.1886,3594.37,-23.4772,-25.8865,0.260578,4564.09,0
12.3471,3605.84,-51.7338,-11.2151,0.189654,3576.6,0
12.5087,3596.92,-37.3134,11.3358,0.244193,4243.09,0
12.6704,3615.1,-15.4892,39.6877,0.154978,2754.34,0
12.8292,3621.8,-24.4717,31.1544,0.127719,2198.23,0
12.9914,3622.02,-41.7619,25.8929,0.119737,2153.71,0
13.1486,3631.69,-37.1877,22.9855,0.0809147,1392.37,0
13.3074,3635.72,-33.9375,22.6402,0.0651872,1072.97,0
13.4688,3637.05,-33.422,21.6604,0.0588393,961.646,0
13.63,3637.03,-37.4817,24.3007,0.0553716,951.798,0
13.7869,3640.83,-34.1453,22.7779,0.0414127,664.899,0
13.9447,3644.42,-31.859,21.238,0.0270596,400.044,0
14.1065,3646.01,-33.2457,18.8482,0.0201458,282.884,0
14.266,3646.98,-35.5224,18.7916,0.0163735,211.554,0
14.4271,3644.96,-34.0434,18.7636,0.025045,349.341,0
14.5857,3644.22,-33.2402,17.2188,0.0282678,396.213,0
14.7443,3644.8,-32.4228,18.7095,0.0252115,352.904,0
14.9072,3645.18,-31.9038,19.311,0.024096,323.553,0
15.0666,3643.88,-31.4623,19.4656,0.0301315,405.922,0
15.2268,3645.89,-29.7866,20.4261,0.0224106,270.208,0
15.385,3643.42,-28.97,22.7689,0.0309059,427.994,0
15.5445,3644.98,-28.1033,17.5169,0.0275069,322.657,0
15.706,3643.52,-27.4063,21.7282,0.033559,412.665,0
15.8671,3637.91,-29.6826,20.2098,0.0550396,762.087,0
16.0258,3641.63,-29.8115,14.8992,0.0415693,522.21,0
16.1832,3641.85,-30.3278,14.577,0.0421329,503.618,0
16.3448,3641.05,-34.4234,22.137,0.0429445,547.856,0
16.5088,3634.44,-33.6592,22.4275,0.0699501,942.311,0
16.6699,3634.74,-32.162,20.623,0.0669374,915.263,0
16.8288,3637.68,-31.5169,19.1986,0.0549494,731.783,0
16.9858,3632.38,-30.7312,9.85984,0.0776522,1037.42,0
17.1434,3632.71,-30.6814,-0.550722,0.0743089,1008.37,0
17.305,3620.45,-33.3108,14.9749,0.123703,1707.69,0
17.4669,3608.78,-34.0767,17.4081,0.175767,2359.66,0
17.6272,3592.14,-39.2539,21.3636,0.252169,3282.16,0
17.7898,3592.67,-35.0476,3.16024,0.257677,3222.64,0
17.9493,3594.72,-18.1093,0.309417,0.255942,3079.99,0
18.1074,3598.15,-36.3483,-7.11236,0.227361,2863.27,0
18.2683,3587.28,-50.6034,19.798,0.266918,3433.4,0
18.4284,3577.73,-53.4464,-21.0951,0.313496,3921.81,0
18.5867,3574.59,-55.1076,-43.5494,0.3098,4057.2,0
18.7499,3585.52,-82.3631,-46.315,0.219446,3438.82,0
18.8803,3585.15,-93.9969,-34.1456,0.21225,3434.58,0
