0.158665,3650.5,14.5595,-56.9985,0.00508243,-3181.61,0
0.317733,3648.08,14.0549,-57.276,0.0142045,6046.68,0
0.474386,3647.36,15.7047,-55.6178,0.018019,5554.6,0
0.633677,3647.57,15.5251,-55.3673,0.0161287,3834.26,0
0.795845,3648.75,17.399,-54.4888,0.0112727,1570.08,0
0.956752,3647.37,16.3458,-53.3261,0.0172417,2752.7,0
1.1198,3648.8,15.8566,-54.2336,0.0114283,1073.14,0
1.27885,3650.07,15.8916,-54.4531,0.00660325,-51.4337,0
1.4363,3649.65,17.1827,-55.4821,0.00715903,243.504,0
1.59933,3647.92,20.011,-53.5928,0.0125498,1301.85,0
1.76111,3648.98,20.8057,-55.7025,0.00691809,581.706,0
1.91426,3649.76,20.8562,-55.4415,0.0045496,127.935,0
2.07727,3650.26,20.8082,-54.892,0.00270366,-125.521,0
2.23747,3649.84,21.289,-56.1577,0.0037721,70.167,0
2.39532,3649.68,22.2042,-56.2868,0.0041726,132.998,0
2.55518,3648.88,20.8329,-57.4108,0.00794037,438.943,0
2.71109,3648.61,21.8051,-55.5571,0.00965407,511.528,0
2.8711,3648.86,24.6693,-54.2544,0.00895007,397.725,0
3.03224,3649.23,26.4374,-52.3698,0.00791366,254.558,0
3.19317,3648.47,28.1907,-53.9722,0.00948892,479.201,0
3.34885,3647.07,27.669,-55.7144,0.0149009,875.879,0
3.50893,3646.9,27.5277,-57.8232,0.0141083,884.676,0
3.6698,3647.26,27.3382,-57.3999,0.01119,745.548,0
3.82998,3647.49,27.3373,-54.5464,0.0122604,655.294,0
3.98707,3646.77,29.0174,-58.7027,0.0129163,811.225,0
4.14754,3647.56,29.0666,-60.0973,0.00896666,588.059,0
4.30707,3648.1,30.3178,-59.6735,0.00614464,440.071,0
4.46802,3648.65,30.4742,-57.9634,0.00537931,301.803,0
4.62568,3648.66,29.8681,-56.808,0.00520394,290.735,0
4.78447,3645.09,32.476,-57.2737,0.0174638,1026.91,0
4.94572,3644.47,31.4823,-55.1759,0.0215864,1118.64,0
5.10712,3643.91,29.135,-55.9287,0.0230984,1191.58,0
5.26715,3642.49,30.1527,-57.6544,0.0270981,1426.67,0
5.42687,3642.77,33.5246,-59.898,0.023897,1332.11,0
5.58598,3643.32,36.6037,-58.2299,0.0231928,1195.67,0
5.74552,3644.47,34.3897,-59.4593,0.0203134,963.304,0
5.90546,3645.51,34.609,-59.3268,0.01634,760.681,0
6.06891,3646.16,32.9578,-61.3322,0.0128623,632.745,0
6.22401,3646.56,34.2987,-59.6053,0.0121923,553.061,0
6.38423,3645.99,35.1767,-62.1756,0.0122227,627.514,0
6.54528,3645.39,35.041,-62.804,0.0142058,704.201,0
6.70448,3645.58,33.2435,-62.3506,0.0137788,659.353,0
6.86857,3644.5,35.6038,-63.9175,0.0166643,801.295,0
7.02794,3643.71,36.7024,-64.3143,0.0193898,894.89,0
7.18651,3642.18,38.4288,-61.9055,0.0263208,1088.66,0
7.34826,3644.02,39.704,-62.4032,0.0193686,814.418,0
7.50769,3645.68,38.4919,-62.3885,0.0134226,575.36,0
7.67028,3645.43,39.9881,-62.7817,0.0139463,596.387,0
7.83066,3645.43,40.0345,-65.3512,0.0116179,583.872,0
7.9911,3646.41,41.3312,-67.5786,0.0067029,448.706,0
8.15263,3646.86,41.1948,-66.2037,0.00555452,385.555,0
8.31331,3646.64,42.0002,-68.4379,0.00471469,404.534,0
8.47203,3646.46,42.7609,-68.0509,0.00528901,417.949,0
8.63261,3646.49,42.8076,-68.1019,0.00589901,406.791,0
8.7972,3643.8,41.9273,-67.2621,0.0175112,704.537,0
8.96143,3646.99,42.8543,-66.8742,0.00539042,336.221,0
9.12045,3647.44,42.512,-67.0043,0.0038608,280.862,0
9.27826,3646.93,42.5922,-67.3085,0.00536268,330.907,0
9.43873,3647.41,43.325,-67.7207,0.00328611,273.933,0
9.59625,3647.45,43.8156,-68.9051,0.00251003,266.077,0
9.75621,3646.41,44.8968,-68.7877,0.00611246,368.249,0
9.91962,3646.09,44.9201,-69.9872,0.00665101,394.633,0
10.0796,3645.49,42.8892,-69.0154,0.0103293,447.052,0
10.2393,3645.05,46.4062,-69.8331,0.0100147,483.571,0
10.3985,3644.42,46.3415,-66.7349,0.0149971,536.311,0
10.5559,3644.9,45.1463,-68.3382,0.0128099,483.519,0
10.7136,3644.33,47.7698,-66.3782,0.0145014,528.791,0
10.8763,3642.48,48.916,-66.0841,0.0218814,691.765,0
11.0402,3643.43,51.1296,-62.5167,0.0193956,595.065,0
11.1991,3642.56,51.5798,-61.5379,0.0218482,663.997,0
11.3611,3643.04,51.7983,-62.2873,0.018178,612.691,0
11.5201,3644.48,49.1353,-60.5838,0.0153397,479.057,0
11.6782,3641.88,48.47,-59.8914,0.0255137,695.316,0
11.8373,3641.53,50.3978,-62.7115,0.0253183,715.778,0
11.9989,3639.7,47.5342,-64.3122,0.0326205,858.085,0
12.1569,3641.75,45.7636,-62.8972,0.0264057,678.338,0
12.3167,3639.99,45.179,-65.299,0.0319852,813.1,0
12.478,3639.05,44.6602,-63.8093,0.0370072,877.562,0
12.6391,3638,46.1789,-66.9472,0.0371266,949.759,0
12.7987,3638.1,47.2504,-66.8982,0.0369232,929.55,0
12.9581,3640.59,44.8899,-67.0038,0.0290679,726.014,0
13.1171,3639.56,46.4896,-65.1118,0.0334552,795.895,0
13.279,3639.36,45.1633,-67.2994,0.0329949,801.027,0
13.4424,3640.85,46.0853,-67.3792,0.0271822,680.681,0
13.607,3639.31,48.4299,-68.209,0.0313979,785.376,0
13.7661,3636.55,49.1573,-71.6835,0.0393608,976.949,0
13.9284,3635.95,52.9495,-70.3957,0.0385471,1009.03,0
14.0874,3637.88,48.7278,-66.7661,0.0353089,860.097,0
14.2458,3640.32,49.632,-69.1004,0.0241238,679.495,0
14.4029,3639.01,47.0661,-70.2227,0.0299332,763.179,0
14.5641,3639.53,45.9216,-67.8055,0.0299743,719.22,0
14.7229,3637.64,46.6531,-64.9364,0.0382422,839.404,0
14.8805,3635.81,48.9462,-57.5526,0.0487839,953.708,0
15.0413,3641.09,45.8129,-53.6673,0.0323073,592.488,0
15.1993,3642.55,42.9199,-54.1506,0.0271701,490.414,0
15.3589,3640.59,42.5051,-53.4537,0.0351629,612.776,0
15.5194,3637.55,43.0686,-57.3805,0.0437878,802.246,0
15.6788,3639.72,36.6104,-54.8827,0.039892,655.872,0
15.8416,3640.91,38.7996,-51.6897,0.0359957,573.998,0
16.0051,3642.98,39.1497,-52.489,0.0280297,438.727,0
16.1649,3643.97,38.5815,-49.1041,0.0258552,372.879,0
16.3258,3643.39,44.0714,-50.648,0.0250249,405.03,0
16.485,3642.35,44.213,-48.7638,0.0302744,463.995,0
16.6454,3639.81,45.346,-48.0116,0.0410684,612.025,0
16.8044,3637.16,38.4552,-47.9434,0.0551812,764.341,0
16.9629,3640.09,39.2624,-49.2425,0.0438297,584.152,0
17.1182,3640.16,38.0463,-52.6104,0.042702,574.909,0
17.2806,3640.71,39.6318,-50.6055,0.0426202,537.83,0
17.4381,3641.22,32.7767,-47.6206,0.0439279,503.494,0
17.5925,3638.69,30.5298,-40.9271,0.0595125,643.162,0
17.7533,3641.04,24.8055,-47.2506,0.0501054,504.961,0
17.9142,3641.65,24.7834,-50.599,0.0457123,465.884,0
18.0748,3641.83,26.6338,-49.7653,0.0459665,452.099,0
18.2327,3642.81,23.9231,-53.6521,0.0398044,394.376,0
18.3931,3639.66,26.9019,-51.5,0.0511937,561.977,0
18.5545,3631.21,27.3753,-51.8283,0.0837236,1012.95,0
18.7109,3629.99,35.4254,-57.3381,0.0802297,1069.58,0
18.8713,3625.22,34.3116,-52.8043,0.10345,1312.94,0
19.0309,3631.87,20.5497,-47.2869,0.0842049,952.616,0
19.1919,3630.84,17.4032,-53.3328,0.0865018,998.172,0
19.3513,3631.71,13.4971,-48.9593,0.0873371,945.066,0
19.5123,3637.04,6.21276,-54.0823,0.0651863,664.028,0
19.6743,3643.38,1.00596,-49.7859,0.0422336,336.227,0
19.8357,3640.18,-2.43294,-53.9811,0.0531572,495.164,0
19.9996,3636.05,-4.06618,-61.5178,0.0653113,697.71,0
20.1585,3623.08,-1.61263,-61.8965,0.116652,1335.56,0
20.3161,3627.42,4.95296,-64.2541,0.0977096,1111.42,0
20.4786,3629.9,9.95615,-65.8061,0.0837476,981.369,0
20.6363,3619.51,21.2402,-61.9253,0.127385,1477.69,0
20.7956,3614.63,27.5507,-64.9968,0.143978,1700.98,0
20.958,3607.57,25.5832,-32.5608,0.198808,2024.46,0
21.117,3616.79,38.4006,-22.0956,0.15562,1572.85,0
21.2765,3633.43,43.2679,-18.3961,0.0846169,778.579,0
21.4352,3629.61,41.3862,-18.6879,0.101415,951.141,0
21.5925,3633.99,45.9736,-18.3584,0.0810871,741.287,0
21.7513,3630.27,49.8508,-14.1969,0.094725,907.164,0
21.9141,3621.81,40.9615,-26.2298,0.131093,1286.18,0
22.0748,3621.55,40.9066,-8.00426,0.137216,1288.68,0
22.235,3610.04,28.1371,5.63131,0.196088,1797.01,0
22.3935,3608.92,16.7308,-18.0199,0.205551,1834.66,0
22.5573,3607.13,21.2614,-29.1739,0.209038,1900.46,0
22.7174,3611.44,3.77121,-44.4581,0.181738,1697.47,0
22.8781,3620.15,-4.77331,-54.7417,0.135668,1304.79,0
23.0408,3617.88,-6.6586,-65.9848,0.135671,1394.09,0
23.2003,3629.4,6.3893,-64.3204,0.0907298,887.998,0
23.3612,3625.23,4.5761,-73.3492,0.10069,1060.37,0
23.5202,3622.66,5.20163,-76.1247,0.107434,1162.37,0
23.6757,3621.36,5.6403,-84.7881,0.105369,1209.78,0
23.8395,3626.43,4.28121,-80.1711,0.0898275,988.55,0
24.0018,3635.27,4.84487,-80.4202,0.0570203,613.516,0
24.1593,3630.5,3.19945,-82.0165,0.0734727,807.273,0
24.3203,3621.9,11.9297,-81.4855,0.106122,1155.35,0
24.4812,3627.49,7.55092,-79.3231,0.085852,919.676,0
24.6462,3633.57,10.2564,-68.9222,0.070849,666.529,0
24.8054,3634.52,8.97649,-64.8479,0.0705339,623.875,0
24.9622,3635.61,0.00814369,-64.6929,0.066676,576.442,0
25.123,3635.63,-9.51884,-57.2252,0.0714869,571.965,0
25.2796,3633.49,-9.55407,-55.7064,0.0816134,652.929,0
25.4354,3625.43,-0.399977,-55.2916,0.114733,966.078,0
25.5951,3619.52,5.61919,-58.9595,0.136144,1190.7,0
25.754,3634,13.1601,-60.4636,0.074308,621.208,0
25.9137,3630.77,16.4529,-69.2323,0.0805076,742.042,0
26.0705,3632.71,10.538,-68.1252,0.0755689,663.044,0
26.2289,3634.21,11.8879,-72.1434,0.0652924,601.975,0
26.3857,3631.26,14.1828,-72.0542,0.0757175,710.14,0
26.5496,3630.84,14.7104,-75.8312,0.0755763,721.49,0
26.7088,3621.68,13.1499,-80.5329,0.10942,1060.28,0
26.866,3625.85,9.68788,-81.4564,0.0921553,898.886,0
27.0283,3623.39,9.41548,-74.3999,0.10765,984.434,0
27.1943,3624.32,10.0014,-72.0852,0.10489,944.447,0
27.3567,3632.52,16.1781,-74.0676,0.0704972,639.123,0
27.5187,3634.85,11.7223,-71.0389,0.0645842,550.626,0
27.6802,3634.44,4.02204,-71.5816,0.0682568,562,0
27.837,3639.41,2.9677,-72.4332,0.0495135,380.535,0
27.9974,3635.06,-3.37019,-74.9911,0.0632209,533.551,0
28.1568,3642.86,-8.68809,-73.0056,0.0354573,253.419,0
28.314,3640.87,-6.90736,-71.609,0.0436037,322.309,0
28.4768,3640.71,-5.35244,-76.4037,0.0407053,326.334,0
28.6357,3644.06,-6.52816,-73.2226,0.0304684,207.296,0
28.7959,3646.33,-4.96358,-74.5727,0.0208295,127.286,0
28.955,3646.08,-3.28085,-74.1181,0.0219817,135.332,0
29.1115,3644.33,-4.32297,-71.5063,0.0296719,194.9,0
29.2677,3642.1,-3.01354,-68.3147,0.0391855,269.844,0
29.4306,3638.41,1.32653,-70.0342,0.0524893,393.873,0
29.5913,3636.41,1.97194,-68.9585,0.0616571,459.208,0
29.7555,3625.65,-3.02967,-59.8353,0.109894,818.351,0
29.9159,3599.71,-2.02789,-60.2633,0.223907,1681.08,0
30.0786,3598.35,-19.7564,-53.306,0.233503,1717.1,0
30.2397,3596.41,-14.4881,-70.7824,0.226322,1772.17,0
30.3996,3613.65,-18.4858,-75.235,0.144991,1195.82,0
30.5597,3619.32,-0.512601,-54.4376,0.140257,1003.9,0
30.7183,3594.45,-0.169904,-52.7371,0.257127,1808.44,0
30.8776,3610.32,17.1872,-21.8254,0.197146,1285.19,0
31.0351,3626.46,12.3585,-22.5675,0.126278,758.417,0
31.1929,3609.8,24.3369,-22.1851,0.197257,1288.78,0
31.3564,3587.25,4.96006,-17.3831,0.3228,2001.26,0
31.5168,3585.55,-8.56686,-14.6321,0.335678,2045.08,0
31.6787,3572.51,-30.5175,6.08609,0.401852,2446.16,0
31.84,3579.88,-20.6429,16.8838,0.35962,2202.21,0
32.0005,3573.39,-18.8813,14.2313,0.401035,2394.02,0
32.1589,3596.04,-12.4322,27.4894,0.264259,1677.92,0
32.3191,3593.93,-6.49393,41.9756,0.266593,1734.86,0
32.4779,3593.18,-15.4168,53.5414,0.256762,1749.54,0
32.6364,3580.47,-37.5693,55.5908,0.307198,2130.32,0
32.7934,3593.63,-32.4835,62.6518,0.236979,1718.95,0
32.951,3600.86,-27.93,45.1229,0.22078,1491.28,0
33.1133,3607.86,-0.528147,25.1719,0.205933,1272.59,0
33.2719,3615.91,9.45338,19.6523,0.168668,1024.61,0
33.4315,3598.57,19.756,31.5998,0.244089,1538.3,0
33.5917,3613.62,38.0728,18.7398,0.168865,1083.05,0
33.7513,3601.47,45.4068,21.6241,0.220305,1438.02,0
33.9088,3578.89,37.129,14.211,0.348759,2097.12,0
34.0679,3589.63,34.962,43.0892,0.275141,1772.19,0
34.2271,3615.59,44.6723,41.9927,0.148901,1005.37,0
34.3839,3610.6,36.1183,50.5581,0.17093,1145.78,0
34.5404,3587.6,42.5568,69.9344,0.254185,1806.54,0
34.7004,3600.65,46.0541,86.295,0.17717,1422.06,0
34.7225,3601.44,51.4434,85.757,0.171237,1398.42,0
