0.00130883,3509.98,2.13264,5.76822,0.514358,12427.6,0
0.00260977,3509.96,2.07767,5.7041,2.27703,15142.3,0
0.00390335,3509.97,2.02654,5.73333,1.79862,8364.48,0
0.00520983,3509.92,1.91651,5.87516,2.39273,14427.4,0
0.00650935,3509.92,1.87694,5.84189,2.92039,11900.6,0
0.00781809,3509.9,1.87827,5.96832,2.40248,12815,0
0.00912002,3509.89,1.86576,6.03287,1.7937,11590,0
0.0104248,3509.93,1.7539,6.00139,0.949533,6433.87,0
0.0117102,3509.9,1.69787,6.06475,1.65366,8387.49,0
0.0129911,3509.85,1.60575,6.11155,3.21979,11259.5,0
0.0142954,3509.89,1.61574,6.12706,1.33404,7488.51,0
0.0155932,3509.85,1.62475,6.18288,2.25739,9450.49,0
0.0169179,3509.83,1.6359,6.26019,2.05261,9776.47,0
0.0182183,3509.86,1.60636,6.19632,1.73673,7548.71,0
0.0195098,3509.84,1.64945,6.18537,2.66537,8314.66,0
0.0207925,3509.88,1.78441,6.16275,0.836519,5866.94,0
0.0220824,3509.88,1.72258,6.18393,0.694785,5397.5,0
0.0233842,3509.81,1.68568,6.15334,3.68533,7972.55,0
0.0246608,3509.85,1.66825,6.1366,2.13527,5981.31,0
0.0259599,3509.86,1.73776,6.13092,1.79256,5510.4,0
0.027261,3509.87,1.67803,6.1669,0.837845,4716.12,0
0.0285723,3509.86,1.57234,6.15529,1.79301,5010.5,0
0.0298645,3509.88,1.53724,6.13221,1.30103,4082.49,0
0.0311666,3509.84,1.57687,6.1266,2.8082,5286.18,0
0.0324779,3509.8,1.54396,6.11682,4.14663,6098.68,0
0.0337871,3509.77,1.49836,6.10728,5.4348,6800.55,0
0.0350621,3509.78,1.49001,6.15212,4.06926,6222.02,0
0.0363691,3509.8,1.46869,6.1337,3.48758,5569.89,0
0.037678,3509.82,1.45054,6.06951,3.25421,4765.27,0
0.0389598,3509.8,1.4364,6.07054,3.8127,5151.4,0
0.0402568,3509.83,1.5444,6.03275,2.68894,4236.65,0
0.041524,3509.86,1.48575,5.99146,2.04919,3445.25,0
0.0428081,3509.88,1.55638,5.96348,1.34385,2898.36,0
0.0441301,3509.83,1.59054,5.90222,3.73738,3874.24,0
0.0454368,3509.83,1.61489,5.90388,3.36295,3747.64,0
0.0467301,3509.85,1.67091,5.91572,2.08377,3197.19,0
0.0480551,3509.76,1.65236,5.97087,5.02752,5010.45,0
0.0493463,3509.8,1.63613,6.05499,2.42825,4111.9,0
0.0506362,3509.78,1.5708,6.06536,3.05751,4347.51,0
0.0519466,3509.77,1.5946,6.05127,3.13842,4338.55,0
0.0532552,3509.81,1.61768,6.08749,1.33345,3654.86,0
0.0545713,3509.82,1.57425,6.14498,0.150813,3275.47,0
0.0558739,3509.74,1.54663,6.16725,3.11514,4614.39,0
0.0571751,3509.72,1.52251,6.20128,3.38628,4837.13,0
0.0584814,3509.74,1.58942,6.27289,1.64305,4431.74,0
0.059795,3509.72,1.50491,6.21199,3.49703,4736.18,0
0.0611013,3509.76,1.46859,6.18518,2.01608,3879.23,0
0.0624141,3509.78,1.50478,6.05349,2.60408,3519.69,0
0.0637197,3509.76,1.4465,6.24199,1.1444,3708.09,0
0.0650181,3509.72,1.48726,6.36702,1.3661,4343.72,0
0.0663155,3509.76,1.38319,6.33665,0.247101,3598.92,0
0.0676188,3509.78,1.38404,6.27009,0.143692,3222.14,0
0.0689187,3509.78,1.41104,6.2427,0.285086,3146.23,0
0.0702179,3509.77,1.49338,6.1981,1.13823,3283.59,0
0.0715367,3509.71,1.49484,6.19148,3.46595,4063.07,0
0.0728169,3509.71,1.49017,6.19301,3.26202,3980.16,0
0.0741079,3509.7,1.54839,6.19821,3.31558,4032.6,0
0.0754005,3509.69,1.52765,6.20812,3.52325,4064.45,0
0.0767258,3509.7,1.55878,6.2301,2.86163,3895.54,0
0.0780103,3509.72,1.44251,6.24203,2.27941,3582.45,0
0.0793075,3509.65,1.43474,6.28874,4.18104,4373.85,0
0.0805966,3509.71,1.41657,6.32816,1.24098,3544.06,0
0.0819033,3509.65,1.41841,6.33849,3.5762,4294.02,0
0.0832144,3509.69,1.42172,6.33711,1.62848,3699.76,0
0.0845163,3509.72,1.5016,6.24114,1.25074,3295.12,0
0.0858081,3509.68,1.47341,6.26365,2.7781,3766.32,0
0.0871129,3509.7,1.54859,6.38884,0.273801,3490.44,0
0.0883978,3509.69,1.34789,6.38609,1.17459,3539.12,0
0.0896907,3509.65,1.27829,6.49952,1.51889,3921.65,0
0.090998,3509.62,1.25949,6.62371,1.14308,4213.74,0
0.0923094,3509.6,1.177,6.59499,2.37026,4375.57,0
0.0936199,3509.61,1.13565,6.63889,1.3661,4190.01,0
0.0949084,3509.55,1.08735,6.70324,2.96099,4766.74,0
0.0962039,3509.54,1.13421,6.78441,1.92629,4756.06,0
0.0975134,3509.55,1.22342,6.7296,2.05461,4617.5,0
0.0988114,3509.56,1.31148,6.69835,1.84013,4469.35,0
0.100128,3509.57,1.242,6.62135,2.54403,4312.59,0
0.101419,3509.57,1.3571,6.65354,1.54551,4210.01,0
0.102731,3509.5,1.35732,6.67682,4.1121,4899.66,0
0.104009,3509.5,1.34899,6.68717,3.65589,4800.44,0
0.105312,3509.58,1.30244,6.6787,0.858173,4033.75,0
0.106598,3509.55,1.30532,6.69448,1.69479,4263.5,0
0.107912,3509.5,1.36813,6.66892,3.71757,4660.46,0
0.109231,3509.54,1.31637,6.70395,1.42301,4174.1,0
0.110542,3509.49,1.27309,6.73817,3.37647,4653.39,0
0.111841,3509.45,1.26442,6.68697,4.89761,4897.51,0
0.113135,3509.41,1.28105,6.68935,5.83832,5215.04,0
0.114449,3509.44,1.32107,6.69103,4.30626,4897.18,0
0.115759,3509.42,1.34288,6.65587,5.01297,4988.32,0
0.117064,3509.41,1.32307,6.62936,5.43364,5044.66,0
0.118355,3509.44,1.33091,6.64871,3.49035,4734.46,0
0.119656,3509.45,1.21406,6.6377,3.17988,4557.68,0
0.120952,3509.4,1.1913,6.73519,4.13739,4988.31,0
0.122264,3509.39,1.12931,6.68262,4.62971,4950.79,0
0.123577,3509.37,1.14909,6.71214,4.66738,5079.6,0
0.124866,3509.36,1.16052,6.75146,4.06956,5111.62,0
0.126165,3509.33,1.14184,6.77952,4.71611,5298.62,0
0.127457,3509.33,1.17002,6.73539,5.10457,5292.16,0
0.128751,3509.3,1.21899,6.71698,5.81319,5440.08,0
0.130056,3509.31,1.23673,6.72417,5.09713,5342.17,0
0.13136,3509.33,1.22607,6.74351,3.38305,5066.58,0
0.132658,3509.33,1.20707,6.81611,2.51233,5024.25,0
0.133969,3509.29,1.18151,6.95307,2.62211,5322.62,0
0.135276,3509.26,1.19392,6.91703,3.91369,5451.87,0
0.13656,3509.29,1.20284,6.91668,2.64805,5211.49,0
0.137878,3509.28,1.36358,6.89726,2.95013,5248.97,0
0.139185,3509.24,1.3482,6.854,4.67667,5433.89,0
0.140499,3509.27,1.33223,6.80711,3.98606,5194.58,0
0.141813,3509.21,1.3463,6.80146,6.18141,5581.49,0
0.143106,3509.23,1.33115,6.80423,4.86801,5358.14,0
0.144389,3509.36,1.22981,6.69055,1.23527,4434.75,0
0.145687,3509.4,1.16217,6.64987,0.294649,4125.76,0
0.146985,3509.33,1.15277,6.66578,2.8039,4555.35,0
0.148292,3509.31,1.21249,6.67638,3.13404,4625.37,0
0.149614,3509.3,1.26908,6.64011,4.0039,4700.57,0
0.150912,3509.31,1.25237,6.58403,3.89945,4573.99,0
0.152196,3509.39,1.28423,6.60489,0.23157,4025.48,0
0.153505,3509.38,1.27508,6.52685,1.26083,4008.26,0
0.154807,3509.35,1.2842,6.50988,2.78615,4202.78,0
0.156097,3509.36,1.30176,6.51175,2.23374,4097.07,0
0.157423,3509.41,1.38913,6.46974,0.519221,3757.06,0
0.158719,3509.42,1.34851,6.3945,1.20836,3684.52,0
0.160018,3509.43,1.40788,6.2668,1.79752,3542.88,0
0.16133,3509.39,1.44114,6.21813,4.02205,3789.74,0
0.16264,3509.41,1.35883,6.22621,3.27005,3653.94,0
0.163923,3509.43,1.36421,6.18302,2.55466,3465.18,0
0.165236,3509.4,1.36971,6.23085,3.18063,3627.05,0
0.166529,3509.43,1.3078,6.2879,1.29755,3408.82,0
0.167832,3509.46,1.15939,6.23677,1.22389,3242.26,0
0.169179,3509.48,1.1752,6.24611,0.118604,3097.21,0
0.170482,3509.35,1.2272,6.32568,4.13711,3804.36,0
0.171779,3509.39,1.13527,6.32303,2.6346,3545.9,0
0.173075,3509.36,1.11274,6.33581,3.68888,3701.47,0
0.174384,3509.35,1.15749,6.37498,3.13565,3708.09,0
0.175688,3509.36,1.12092,6.38444,2.79396,3655.84,0
0.176992,3509.35,1.08518,6.38686,3.21964,3699.9,0
0.178284,3509.34,1.13476,6.38023,3.25356,3699.27,0
0.179577,3509.34,1.15567,6.36873,3.01752,3660.42,0
0.180859,3509.34,1.10876,6.36029,3.19473,3660.22,0
0.182169,3509.37,1.0393,6.30929,2.50071,3450.11,0
0.183466,3509.42,1.10244,6.30425,0.44872,3177.11,0
0.184768,3509.38,1.13721,6.20054,3.15282,3351.79,0
0.18606,3509.34,1.15466,6.18484,4.87458,3559.7,0
0.187374,3509.33,1.14971,6.19481,4.95552,3591.52,0
0.188668,3509.29,1.17063,6.17536,6.00048,3775.5,0
0.189987,3509.28,1.12662,6.16469,6.05053,3793.69,0
0.191283,3509.25,1.18728,6.13632,6.59098,3898.6,0
0.192571,3509.23,1.2221,6.14904,6.1582,3972.64,0
0.193871,3509.24,1.21192,6.15324,5.14764,3901.35,0
0.195164,3509.23,1.20512,6.12195,5.39484,3921.61,0
0.196463,3509.24,1.21608,6.05267,5.74715,3883.29,0
0.197759,3509.21,1.22174,6.04305,6.40776,4008.08,0
0.199076,3509.18,1.18829,6.05901,6.76451,4125.29,0
0.200402,3509.15,1.16911,6.02947,7.18462,4239,0
0.20171,3509.13,1.21934,6.02589,6.84353,4294.14,0
0.20303,3509.08,1.19816,6.00053,8.15512,4507.92,0
0.204339,3509.08,1.21313,5.95316,7.43806,4493.77,0
0.205647,3509.08,1.20066,5.98004,6.24113,4493.8,0
0.206963,3509.11,1.12729,6.0197,4.08942,4302.14,0
0.208293,3509.05,1.13994,6.04614,5.8266,4555.32,0
0.209593,3509.06,1.11409,6.02804,4.95269,4462.56,0
0.210879,3509.02,1.13979,6.06719,5.53674,4637.04,0
0.212177,3508.98,1.16251,6.06951,6.4744,4788.44,0
0.213455,3508.96,1.16656,6.06415,6.79438,4878.42,0
0.214767,3508.95,1.12604,6.01036,7.16434,4883.74,0
0.216088,3508.95,1.11782,6.02596,6.10465,4858.81,0
0.217392,3508.94,1.11512,5.99574,6.11771,4875.72,0
0.218681,3508.94,1.10978,5.98579,5.37297,4828.68,0
0.21999,3509.05,1.1574,5.97117,0.421585,4297.06,0
0.221272,3508.99,1.18785,5.97822,3.04641,4566.49,0
0.222577,3508.99,1.21638,5.96641,3.10846,4547.97,0
0.22388,3509.02,1.21189,5.99049,1.22557,4367.33,0
0.225168,3508.99,1.11633,6.07875,1.75441,4497.5,0
0.226473,3508.96,1.09497,6.08013,2.65847,4571.66,0
0.227762,3508.96,1.13361,6.12152,2.33613,4586.3,0
0.229056,3508.97,1.18551,6.15509,1.18742,4497.93,0
0.230349,3508.91,1.11453,6.1099,4.09776,4714.59,0
0.23163,3508.91,1.09714,6.11805,3.80634,4688.08,0
0.232936,3508.9,1.10623,6.13073,4.27969,4743.45,0
0.234234,3508.91,1.09981,6.11709,3.69774,4664.49,0
0.235531,3508.93,1.02131,6.2143,1.37385,4527.74,0
0.23684,3508.95,0.978036,6.24423,0.506903,4451.19,0
0.238145,3508.95,0.94244,6.2393,0.18079,4393.89,0
0.239444,3508.9,0.896121,6.24846,2.348,4593.77,0
0.240742,3508.89,0.909034,6.28536,2.07701,4597.75,0
0.242038,3508.89,1.02314,6.24953,2.53962,4597.51,0
0.24335,3508.96,1.04926,6.13896,0.908083,4284.86,0
0.244631,3508.93,0.997764,6.08993,2.60629,4360.14,0
0.245939,3508.92,1.04393,6.10377,2.72764,4385.04,0
0.247249,3508.92,0.997217,6.09538,2.9703,4374.19,0
0.248534,3508.88,0.988458,6.10599,3.96817,4491.4,0
0.249828,3508.86,0.990516,6.04794,5.25521,4544.72,0
0.251132,3508.91,0.976619,6.11419,2.26647,4346.14,0
0.252424,3508.93,0.944659,6.01742,2.78999,4253.73,0
0.253732,3508.89,0.964895,5.98476,4.56897,4373.07,0
0.255037,3508.96,0.90193,6.01075,1.15927,4075.78,0
0.256328,3508.97,0.824113,5.91037,1.92896,4005.24,0
0.257618,3508.91,0.938118,6.00238,2.975,4217.43,0
0.258929,3508.89,0.876953,6.02644,3.82206,4298.04,0
0.260235,3508.84,0.84857,6.05809,4.99248,4443.07,0
0.261538,3508.9,0.833975,6.09674,1.73516,4206.35,0
0.262847,3508.89,0.747377,6.06193,2.54817,4206.34,0
0.26414,3508.85,0.79222,6.0866,3.73582,4341.89,0
0.26544,3508.83,0.755259,6.08342,4.73241,4416.82,0
0.266743,3508.78,0.750349,6.09824,6.3406,4586.87,0
0.268041,3508.75,0.759711,6.1058,6.90723,4682.02,0
0.26936,3508.79,0.736318,6.10413,4.19483,4495.76,0
0.27067,3508.78,0.748247,6.07559,4.67424,4518.86,0
0.271944,3508.77,0.724262,6.06464,4.71708,4524.61,0
0.273255,3508.77,0.683534,6.09694,3.74495,4494.04,0
0.274536,3508.76,0.643823,6.12077,3.96984,4525.11,0
0.275822,3508.81,0.653128,6.14193,1.4448,4329.31,0
0.277109,3508.77,0.684131,6.07298,3.59114,4423.57,0
0.278427,3508.8,0.662772,6.08011,2.14904,4301.74,0
0.27973,3508.84,0.728008,6.02785,0.952185,4139.01,0
0.281042,3508.82,0.786425,6.06214,1.43187,4207.18,0
0.282351,3508.82,0.806972,6.00852,1.82974,4168.26,0
0.283649,3508.83,0.916367,6.01625,1.3439,4141.93,0
0.28496,3508.83,0.89001,6.00925,1.41472,4119.69,0
0.286269,3508.83,0.941017,5.99397,1.42357,4099.86,0
0.287571,3508.84,0.982596,5.93484,1.43493,4030.07,0
0.288856,3508.79,1.00985,6.00612,2.62309,4189.13,0
0.290168,3508.86,1.0113,5.84429,1.51163,3917.63,0
0.291456,3508.83,1.07276,5.79958,3.10962,4001.85,0
0.292742,3508.84,1.15007,5.85936,1.93222,3976.19,0
0.294045,3508.82,1.11461,5.88176,2.1671,3996.99,0
0.295353,3508.86,1.10968,5.77724,1.89778,3855.43,0
0.296653,3508.83,1.06137,5.84423,2.55192,3956.87,0
0.297933,3508.79,1.07633,5.9354,3.04145,4076.02,0
0.299222,3508.82,1.17161,5.83523,2.48483,3932.36,0
0.300513,3508.79,1.2238,5.84379,3.43594,4016.04,0
0.301813,3508.87,1.19157,5.77626,0.993169,3744.55,0
0.303141,3508.84,1.18704,5.77365,2.22592,3820.92,0
0.304449,3508.78,1.12528,5.83902,4.24507,4019.54,0
0.305734,3508.8,1.10933,5.85768,2.66261,3924.63,0
0.307058,3508.79,0.983578,5.88843,2.7733,3929.25,0
0.308346,3508.8,0.976585,5.88764,2.34678,3888.79,0
0.309647,3508.77,0.966179,5.99581,2.01819,3965.75,0
0.31093,3508.83,1.01949,5.85813,1.02885,3759.25,0
0.312237,3508.84,1.06035,5.73044,1.92959,3700.46,0
0.313553,3508.74,1.05975,5.77517,5.65843,4016.16,0
0.314846,3508.72,1.07196,5.74803,6.21769,4058.34,0
0.316147,3508.7,1.05095,5.73979,6.38939,4107.96,0
0.31745,3508.71,1.04707,5.75789,5.33274,4057.54,0
0.318766,3508.76,1.0201,5.82701,2.17788,3885.69,0
0.320061,3508.78,1.04177,5.80307,1.62237,3822.97,0
0.321358,3508.76,1.13525,5.77101,2.38117,3849.93,0
0.322656,3508.75,1.09147,5.67871,4.08489,3867.69,0
0.32396,3508.76,1.04873,5.69291,3.43729,3825.73,0
0.325259,3508.74,0.994019,5.69573,4.2357,3866.46,0
0.326557,3508.75,0.998621,5.73469,3.16041,3837.32,0
0.327846,3508.76,1.01474,5.80636,1.6373,3792.23,0
0.32912,3508.71,0.972447,5.85358,3.11093,3923.92,0
0.33045,3508.71,0.963097,5.84975,3.22663,3916.03,0
0.331762,3508.71,0.898324,5.88433,2.76641,3898.56,0
0.333075,3508.69,0.919282,6.00047,1.87064,3941.31,0
0.334367,3508.64,0.840835,5.94463,4.81225,4072.69,0
0.33567,3508.64,0.844666,5.95036,4.37865,4054.28,0
0.336981,3508.66,0.814142,5.93995,3.27437,3970.91,0
0.338269,3508.62,0.860754,5.96299,4.37559,4070.87,0
0.339578,3508.61,0.834852,5.92725,5.16247,4084.89,0
0.340894,3508.64,0.862191,5.93616,3.5935,3990.71,0
0.342184,3508.67,0.845521,5.91808,2.41302,3884.5,0
0.343462,3508.65,0.866889,5.90245,3.56404,3942.93,0
0.344777,3508.64,0.8796,5.86567,4.048,3947.71,0
0.346068,3508.64,0.934991,5.9476,2.81176,3940.32,0
0.347392,3508.59,0.896182,5.93418,4.96246,4066.33,0
0.348698,3508.6,0.908525,5.86366,5.13789,4018.55,0
0.35,3508.57,0.931548,5.80632,6.68689,4088.39,0
0.351295,3508.57,0.877655,5.86108,5.66297,4084.56,0
0.352591,3508.56,0.894254,5.907,4.83526,4092.73,0
0.35389,3508.56,0.885392,5.92852,4.36742,4082.48,0
0.355176,3508.53,0.886787,5.93421,4.83358,4129.74,0
0.356486,3508.56,0.894299,5.91599,3.819,4042.64,0
0.357769,3508.58,0.941608,6.04499,0.769935,3967.29,0
0.359073,3508.6,1.01255,5.94852,0.856157,3889.86,0
0.360379,3508.53,1.01012,5.99204,3.38818,4074.09,0
0.36168,3508.5,1.02345,5.99951,4.60002,4160.77,0
0.362964,3508.47,1.0676,5.99911,5.35813,4223.16,0
0.364258,3508.49,1.09572,6.00084,3.95209,4157.34,0
0.365559,3508.5,1.03945,5.99162,3.47513,4104.22,0
0.366867,3508.48,1.04418,5.99631,4.07446,4144.8,0
0.368149,3508.53,1.08462,5.96363,2.25211,4003.52,0
0.369453,3508.56,1.07173,5.84236,2.43335,3897.65,0
0.370763,3508.55,1.07011,5.81682,3.21083,3912.98,0
0.372065,3508.54,1.0593,5.86956,2.85872,3926.15,0
0.373361,3508.54,1.07413,5.86457,2.89171,3915.33,0
0.374648,3508.53,1.07266,5.80014,3.90676,3922.88,0
0.375942,3508.54,1.02686,5.79464,3.47788,3890.15,0
0.37726,3508.5,1.016,5.77762,5.01278,3965.97,0
0.378557,3508.51,1.02828,5.77527,4.68933,3948.09,0
0.379867,3508.52,0.968949,5.81679,3.39673,3908.71,0
0.381158,3508.52,0.92598,5.8213,3.31973,3894.7,0
0.382465,3508.52,0.982678,5.85727,2.33646,3860.16,0
0.383764,3508.5,0.964751,5.88111,2.94491,3904.36,0
0.385068,3508.48,0.974312,5.81674,4.59349,3951.55,0
0.386358,3508.48,1.01134,5.80381,4.50057,3946.36,0
0.387675,3508.49,0.996692,5.84724,3.05162,3901.31,0
0.388976,3508.49,0.976892,5.8568,2.53861,3872.92,0
0.390263,3508.52,1.04084,5.82699,1.4175,3785.37,0
0.391572,3508.46,1.07752,5.78252,4.49897,3930.06,0
0.392885,3508.45,1.1048,5.78597,4.5544,3946.9,0
0.394184,3508.45,1.11256,5.77643,4.43357,3927.71,0
0.395478,3508.46,1.03828,5.7736,3.85344,3883.25,0
0.396767,3508.47,1.00358,5.74366,4.03948,3868.36,0
0.398063,3508.44,1.00032,5.7447,5.07608,3929.9,0
0.399365,3508.49,0.99889,5.68847,3.23456,3785.06,0
0.40065,3508.53,1.1222,5.67408,1.07356,3667.07,0
0.401945,3508.52,1.11954,5.62769,2.10196,3682.69,0
0.40326,3508.55,1.22509,5.63587,0.390277,3599.99,0
0.404572,3508.57,1.08583,5.56097,0.868862,3537.81,0
0.405868,3508.58,0.95063,5.50108,1.26893,3489.39,0
0.407152,3508.56,0.932059,5.58785,1.05512,3528.71,0
0.408479,3508.5,0.96686,5.61862,3.57828,3681.41,0
0.409769,3508.49,0.984821,5.61271,3.72917,3685.06,0
0.411057,3508.49,0.922384,5.69245,2.45918,3662.63,0
0.412365,3508.46,0.917335,5.7163,3.63457,3734.23,0
0.413655,3508.44,0.927068,5.71268,4.47697,3772.12,0
0.414964,3508.43,0.94405,5.71491,4.64184,3781.45,0
0.416281,3508.43,0.973618,5.75822,3.4382,3761.15,0
0.417574,3508.46,1.02099,5.78093,1.77371,3687.94,0
0.418885,3508.43,1.03117,5.91483,1.04097,3740.02,0
0.420186,3508.4,1.06173,5.86613,3.3043,3815.12,0
0.42149,3508.39,0.999612,5.89477,3.14359,3818.06,0
0.422772,3508.4,1.04099,5.85504,3.00053,3780.77,0
0.424052,3508.44,0.94719,5.85909,1.45377,3679.26,0
0.425344,3508.43,0.842509,5.84479,2.25466,3692.66,0
0.426634,3508.41,0.856374,5.86342,2.8579,3734.86,0
0.427943,3508.39,0.849248,5.98218,1.99603,3769.29,0
0.42926,3508.32,0.991039,5.9665,5.00417,3922.69,0
0.430554,3508.3,0.965202,6.01189,4.59671,3948.35,0
0.431877,3508.29,0.93427,5.99509,5.11064,3970.41,0
0.433194,3508.29,0.887105,5.98714,5.14798,3956.73,0
0.434476,3508.27,0.933208,5.9843,5.28528,3972.29,0
0.435782,3508.25,0.897073,6.0271,5.4658,4017.67,0
0.437077,3508.26,0.912426,6.03711,4.35658,3971.63,0
0.438375,3508.28,0.883151,6.01161,3.74954,3916.71,0
0.439678,3508.32,0.936477,6.03566,1.71531,3829.99,0
0.440964,3508.27,0.919997,6.07055,3.3595,3933.42,0
0.442251,3508.29,0.896085,6.02853,2.87727,3866.19,0
0.443551,3508.35,0.936449,5.99137,0.613132,3720.77,0
0.444853,3508.29,0.877543,5.96513,3.51488,3835.01,0
0.446146,3508.29,0.867243,5.9488,3.8517,3839.92,0
0.447446,3508.26,0.87092,5.93427,4.93485,3887.5,0
0.448742,3508.28,0.856422,5.91839,4.26195,3842.59,0
0.450037,3508.33,0.785934,5.93835,1.40508,3704.71,0
0.451339,3508.35,0.796216,5.891,1.39105,3663.27,0
0.452638,3508.34,0.760701,5.90578,1.46081,3665.88,0
0.453942,3508.35,0.749352,5.91856,1.01799,3645.82,0
0.455237,3508.34,0.870529,5.85318,2.05141,3656.61,0
0.456532,3508.32,0.867386,5.8897,2.3596,3689.16,0
0.457831,3508.33,0.955749,5.74721,3.34545,3638.46,0
0.45914,3508.32,0.953178,5.75637,3.81028,3657.99,0
0.460427,3508.28,0.96846,5.7384,5.42967,3733.28,0
0.461724,3508.28,0.954721,5.78902,4.38149,3721.07,0
0.463003,3508.29,0.950864,5.79216,3.82266,3695.56,0
0.464322,3508.32,0.946428,5.69657,3.56803,3612.13,0
0.465596,3508.36,0.919059,5.67543,2.22171,3529.03,0
0.466911,3508.32,0.944264,5.80923,2.0161,3606.34,0
0.468214,3508.33,1.03325,5.7724,1.78914,3574.81,0
0.469514,3508.33,1.00312,5.77344,1.63655,3560.85,0
0.470807,3508.35,1.10306,5.70562,1.34041,3503.36,0
0.472116,3508.31,1.10509,5.67562,3.51458,3578.19,0
0.47343,3508.3,1.08121,5.62854,4.39102,3594.6,0
0.47472,3508.34,1.0988,5.61406,2.71305,3506.31,0
0.476028,3508.34,1.196,5.58605,2.52394,3491.29,0
0.477345,3508.35,1.13414,5.61844,1.55131,3452.39,0
0.478646,3508.34,1.06076,5.574,2.7959,3463.26,0
0.479928,3508.37,1.01481,5.5377,1.95499,3388.97,0
0.481235,3508.36,1.01285,5.56336,2.16995,3412.5,0
0.482546,3508.34,1.00014,5.57343,2.9771,3449.43,0
0.48383,3508.36,1.06737,5.56842,1.72544,3396.02,0
0.485134,3508.34,0.994771,5.50413,3.51232,3421.13,0
0.486429,3508.32,0.905768,5.50347,4.63172,3456.05,0
0.487755,3508.31,0.924834,5.48299,5.01352,3469.49,0
0.489065,3508.23,0.914866,5.47026,7.87947,3610.07,0
0.490364,3508.2,0.904544,5.50648,7.44544,3667.31,0
0.49167,3508.17,0.904039,5.53933,7.09153,3717.16,0
0.492973,3508.19,0.896495,5.51139,5.96175,3677.75,0
0.494303,3508.2,0.898778,5.54075,4.41979,3633.31,0
0.495603,3508.21,0.827888,5.59321,3.30517,3608.81,0
0.49691,3508.31,0.812051,5.47914,0.465398,3408.23,0
0.49821,3508.3,0.842542,5.4595,0.762833,3402.56,0
0.499512,3508.25,0.761473,5.49626,2.79291,3497.82,0
0.500818,3508.24,0.907049,5.44327,3.82598,3520.12,0
0.502122,3508.2,0.877244,5.39345,6.03158,3582.36,0
0.503431,3508.17,0.898759,5.34781,6.96737,3628.98,0
0.504718,3508.18,0.865266,5.35952,5.7912,3600.02,0
0.506034,3508.16,0.876043,5.32828,6.76882,3637.18,0
0.507347,3508.15,0.852354,5.35426,6.1052,3655.2,0
0.508642,3508.16,0.865047,5.34376,4.84863,3613.22,0
0.509957,3508.13,0.878647,5.33896,5.86716,3664.17,0
0.511256,3508.13,0.863759,5.3363,5.58177,3664.81,0
0.512549,3508.16,0.851542,5.33073,3.65241,3585.13,0
0.513864,3508.21,0.846013,5.35542,0.837433,3477.73,0
0.515173,3508.17,0.802218,5.37669,2.60865,3550.12,0
0.516475,3508.17,0.845897,5.35964,2.71794,3546,0
0.517774,3508.15,0.923943,5.27916,4.42711,3572.83,0
0.519054,3508.12,0.89797,5.27204,5.74233,3622.83,0
0.52037,3508.1,0.917869,5.29991,5.58405,3642.16,0
0.521679,3508.09,0.948097,5.32637,5.18036,3658.97,0
0.522966,3508.11,1.01671,5.32005,3.91862,3614.97,0
0.524267,3508.13,0.983613,5.40415,1.82511,3571.81,0
0.525571,3508.18,0.861016,5.32568,0.508742,3454.75,0
0.526874,3508.17,0.77391,5.34392,1.15909,3477.52,0
0.528173,3508.14,0.765529,5.41325,1.413,3521.36,0
0.529474,3508.1,0.718032,5.41747,3.27158,3590.9,0
0.530776,3508.09,0.745718,5.37082,4.04842,3592.84,0
0.532067,3508.13,0.744574,5.43657,1.02322,3507.9,0
0.533363,3508.13,0.708467,5.30885,3.15403,3510.62,0
0.534673,3508.2,0.590574,5.27588,0.333024,3367.11,0
0.535967,3508.15,0.622595,5.34956,1.46053,3446.95,0
0.537267,3508.16,0.595938,5.37065,0.702694,3420.69,0
0.538571,3508.14,0.591534,5.42179,1.17976,3462.54,0
0.539865,3508.12,0.584818,5.40659,2.18014,3487.23,0
0.541179,3508.1,0.554529,5.33762,4.10178,3514.48,0
0.542477,3508.06,0.586816,5.32726,5.70795,3575.36,0
0.543771,3508.07,0.565755,5.35835,4.17733,3540.88,0
0.545053,3508.05,0.554797,5.37258,4.93993,3578.38,0
0.546344,3508.06,0.552773,5.4232,3.43731,3555.42,0
0.547648,3508.05,0.62116,5.48532,2.8056,3565.92,0
0.548964,3508.05,0.586072,5.52291,1.88135,3543.93,0
0.550249,3508.04,0.642853,5.56146,1.84756,3560.64,0
0.551549,3508.05,0.647056,5.59428,0.586284,3527.11,0
0.552859,3508.05,0.761054,5.59377,0.489757,3524.4,0
0.554163,3508.01,0.713719,5.53698,3.60396,3598.99,0
0.555465,3508.05,0.752374,5.58738,0.739723,3515.75,0
0.556749,3508.02,0.880347,5.58196,1.72809,3553.76,0
0.558037,3508.03,0.836339,5.57308,1.66202,3537.34,0
0.559346,3508,0.836985,5.54895,3.25601,3582.65,0
0.560646,3508.03,0.853626,5.57853,0.993559,3508.64,0
0.561921,3507.95,0.848796,5.57694,4.91312,3653.2,0
0.563232,3507.89,0.825166,5.59774,6.85508,3748.77,0
0.564541,3507.91,0.846096,5.54024,5.98425,3710.82,0
0.565848,3507.89,0.841894,5.49704,6.66628,3726.33,0
0.567138,3507.94,0.843275,5.48609,3.81308,3625.76,0
0.568465,3508.02,0.791073,5.47302,0.520169,3487.01,0
0.569746,3508.04,0.828001,5.37582,0.556266,3432.89,0
0.571034,3508.02,0.861988,5.36175,1.69729,3468.04,0
0.57233,3508.03,0.753089,5.31802,2.22367,3450.35,0
0.573616,3508.02,0.74307,5.32642,1.99022,3443.4,0
0.574912,3508.1,0.715427,5.12929,1.0018,3296.34,0
0.576225,3508.05,0.702892,5.12336,3.59865,3381.69,0
0.577525,3508.07,0.611136,5.2049,1.58364,3339.1,0
0.578842,3508.01,0.604729,5.16221,5.03881,3432.02,0
0.580143,3508.03,0.644017,5.13315,4.11737,3389.82,0
0.581455,3508.08,0.614338,5.13899,1.90981,3307.66,0
0.582755,3508.02,0.602214,5.15881,4.21055,3401.38,0
0.584046,3508.04,0.594217,5.13739,3.11228,3351.84,0
0.58535,3508.07,0.603357,5.14202,1.71279,3301.81,0
0.586635,3508.09,0.511741,5.12019,1.19763,3263,0
0.587911,3508.04,0.506759,5.05867,4.15184,3331.84,0
0.589218,3508,0.510062,5.06965,5.73342,3394.22,0
0.590516,3507.96,0.505329,5.08498,6.3757,3449.64,0
0.591816,3507.96,0.521946,5.08302,5.6974,3448.67,0
0.593107,3507.93,0.547536,5.09847,6.4189,3497.81,0
0.594401,3507.93,0.552996,5.12039,5.2618,3486.05,0
0.595715,3507.93,0.560302,5.13927,4.4228,3468.34,0
0.597023,3507.88,0.53094,5.12855,6.74253,3544.27,0
0.598326,3507.95,0.523275,5.09289,3.54199,3424.21,0
0.599623,3507.97,0.540632,5.11548,2.02754,3381.07,0
0.600921,3507.99,0.524627,5.13508,0.845986,3343.81,0
0.602211,3507.98,0.434855,5.05638,2.72057,3362.37,0
0.603508,3507.96,0.339523,5.08201,3.13194,3381.82,0
0.604788,3507.96,0.330182,5.05638,3.3332,3373.46,0
0.606096,3507.98,0.309691,5.03384,2.36279,3327.52,0
0.607387,3508,0.239281,4.98549,1.95469,3284.65,0
0.608675,3508.02,0.223278,4.98161,1.21646,3253.09,0
0.609968,3507.97,0.267436,4.93714,4.19447,3329.97,0
0.611258,3507.96,0.29256,4.91996,4.7404,3344.09,0
0.61255,3507.9,0.289079,4.91467,6.87478,3425.21,0
0.613847,3507.86,0.281518,4.894,7.95472,3486.71,0
0.615138,3507.86,0.276897,4.85373,7.46199,3484.93,0
0.616422,3507.85,0.258672,4.85252,6.92129,3494.57,0
0.617727,3507.84,0.270431,4.83996,6.69115,3495.25,0
0.619024,3507.83,0.251973,4.8533,6.18529,3501.77,0
0.620315,3507.91,0.163353,4.88527,1.44283,3365.27,0
0.621631,3507.89,0.161115,4.85625,2.92523,3393.61,0
0.622926,3507.92,0.249497,4.89303,1.03112,3346.72,0
0.624236,3507.89,0.247513,4.81471,3.26534,3376.9,0
0.625544,3507.93,0.242618,4.75237,2.05646,3306.02,0
0.626851,3507.89,0.23794,4.78065,3.78991,3369.82,0
0.628162,3507.92,0.17749,4.79746,1.68468,3306.01,0
0.629503,3507.86,0.171045,4.74189,5.38576,3400.83,0
0.630814,3507.84,0.126729,4.74974,5.86305,3432.04,0
0.632114,3507.84,0.139123,4.72968,5.23097,3413.65,0
0.633416,3507.8,0.145837,4.75233,6.21745,3469.24,0
0.634722,3507.77,0.139371,4.7944,6.08297,3505.53,0
0.636056,3507.77,0.126536,4.84568,5.25234,3511.71,0
0.637361,3507.75,0.158166,4.85531,5.48453,3533.24,0
0.638648,3507.73,0.149492,4.87435,5.78388,3560.17,0
0.639957,3507.79,0.144592,4.76892,3.57192,3445.87,0
0.641256,3507.77,0.0918025,4.7576,4.56964,3471.68,0
0.64256,3507.85,0.0900971,4.79895,0.203834,3351.79,0
0.643869,3507.83,0.0167667,4.76812,1.51523,3372,0
0.645182,3507.78,0.0586031,4.77742,3.74063,3441.72,0
0.64649,3507.79,0.0994875,4.83056,2.13573,3412.99,0
0.647777,3507.78,0.164979,4.76294,3.57626,3425.85,0
0.649062,3507.82,0.162381,4.64258,3.48056,3364.05,0
0.650366,3507.84,0.156429,4.63936,2.28779,3326.71,0
0.651674,3507.85,0.122532,4.6419,1.33441,3295.06,0
0.652987,3507.83,0.160615,4.61276,2.8207,3320.72,0
0.654288,3507.78,0.112729,4.63188,4.8618,3390.24,0
0.655581,3507.8,0.127268,4.57121,4.26146,3353.73,0
0.656882,3507.79,0.127126,4.57472,4.76213,3370.89,0
0.658207,3507.8,0.179818,4.61523,3.09777,3343.31,0
0.659502,3507.82,0.25365,4.71039,0.27756,3300.12,0
0.660792,3507.74,0.184083,4.75352,3.79723,3418.54,0
0.662114,3507.7,0.169412,4.7262,5.73174,3468.16,0
0.663428,3507.7,0.160558,4.69841,6.00563,3470,0
0.664721,3507.73,0.157074,4.69981,3.6977,3408.07,0
0.666019,3507.71,0.147957,4.72811,4.36647,3437.95,0
0.667303,3507.65,0.147861,4.71863,7.05475,3526.34,0
0.668603,3507.63,0.121285,4.74074,6.76116,3538.04,0
0.669905,3507.59,0.112124,4.75608,7.86766,3601.3,0
0.671192,3507.63,0.155623,4.74993,5.19199,3532.61,0
0.672484,3507.66,0.14934,4.75041,3.41499,3481.62,0
0.673813,3507.65,0.111715,4.74201,3.99095,3493.18,0
0.675127,3507.69,0.0714001,4.68685,2.33789,3419.45,0
0.67644,3507.7,0.149566,4.62542,2.758,3399.72,0
0.677743,3507.68,0.180345,4.59263,4.13437,3424.27,0
0.679051,3507.69,0.166397,4.59688,3.46089,3405.9,0
0.680366,3507.64,0.238532,4.5958,5.71359,3471.75,0
0.68167,3507.63,0.198535,4.5858,5.61451,3478.13,0
0.682964,3507.66,0.184922,4.62432,3.14838,3429.24,0
0.684267,3507.68,0.192281,4.71907,0.160553,3385.03,0
0.685579,3507.67,0.141397,4.66864,1.4739,3394.82,0
0.686863,3507.7,0.21628,4.55684,1.43264,3342.46,0
0.688173,3507.68,0.146662,4.50569,3.51728,3375.92,0
0.689479,3507.72,0.148972,4.45511,2.11918,3310.67,0
0.69081,3507.68,0.131575,4.40565,4.6747,3357.42,0
0.692117,3507.63,0.161515,4.38736,6.72901,3417.8,0
0.693423,3507.62,0.147839,4.34986,7.08854,3433.56,0
0.694734,3507.62,0.174466,4.33877,6.46429,3432.24,0
0.696025,3507.62,0.148338,4.32519,6.00741,3422.96,0
0.697322,3507.64,0.12697,4.32197,4.71498,3386.41,0
0.698595,3507.65,0.0813985,4.36339,3.38078,3368.14,0
0.69991,3507.71,0.0337941,4.3678,0.041806,3275.93,0
0.701213,3507.7,-0.0318291,4.24196,2.36094,3286.21,0
0.702504,3507.68,-0.0242683,4.23545,3.2314,3303.61,0
0.703809,3507.72,-0.0266233,4.23182,1.01051,3239.84,0
0.705103,3507.71,-0.0997658,4.16885,2.13568,3241.65,0
0.70639,3507.76,-0.0315897,4.07182,1.10309,3173.45,0
0.707706,3507.7,-0.024686,4.09819,3.69633,3248.93,0
0.708999,3507.69,-0.0449326,4.05803,4.78965,3264,0
0.710308,3507.67,-0.0745525,4.03947,5.65201,3281.53,0
0.71161,3507.64,-0.062009,4.0625,6.27019,3313.24,0
0.712901,3507.69,-0.0333296,4.09176,2.8719,3243.2,0
0.714203,3507.73,-0.104818,4.07926,0.837236,3181.95,0
0.715505,3507.68,-0.0727688,4.10331,2.88919,3237.98,0
0.716794,3507.68,-0.169024,4.20775,1.42724,3234.38,0
0.718105,3507.63,-0.154359,4.25331,3.34823,3298.45,0
0.719393,3507.66,-0.149675,4.30414,1.14112,3258.86,0
0.720706,3507.62,-0.0481467,4.34111,2.62765,3306.84,0
0.722004,3507.64,-0.0457556,4.39288,0.594078,3268.99,0
0.723321,3507.56,-0.0857618,4.48225,3.57792,3379,0
0.72462,3507.53,-0.0680759,4.43458,5.42086,3411.74,0
0.725916,3507.54,-0.0691463,4.42641,4.59657,3391.88,0
0.727233,3507.53,-0.0838561,4.41935,4.87569,3401.14,0
0.728542,3507.58,-0.105046,4.40717,2.10345,3322.96,0
0.729862,3507.52,-0.071159,4.42725,4.79421,3398.77,0
0.731147,3507.53,-0.0602425,4.45477,3.63145,3380.33,0
0.732461,3507.52,-0.0782012,4.49225,3.60991,3389.59,0
0.733765,3507.53,-0.0760607,4.56741,1.51759,3360.31,0
0.735095,3507.5,-0.101988,4.55718,3.26612,3398.75,0
0.736395,3507.48,-0.0448454,4.55856,4.08416,3419.05,0
0.737692,3507.44,-0.0573699,4.54863,5.89749,3466.32,0
0.739012,3507.48,-0.0981445,4.57393,3.25735,3413.94,0
0.740303,3507.49,-0.0500861,4.51694,3.11114,3385.13,0
0.741609,3507.46,-0.028251,4.55282,4.25428,3424.35,0
0.742922,3507.48,-0.0295371,4.54848,3.00317,3387.81,0
0.744232,3507.48,0.180817,4.6052,2.27798,3391.1,0
0.745518,3507.48,0.124636,4.58572,2.11632,3374.93,0
0.746791,3507.45,0.124743,4.61288,3.55112,3421.08,0
0.748113,3507.46,0.0825247,4.65021,1.98037,3391.13,0
0.749416,3507.44,0.0492667,4.68404,2.58293,3416.36,0
0.750735,3507.44,0.106974,4.67061,2.93464,3415.49,0
0.752038,3507.43,0.102757,4.62362,3.97669,3421.7,0
0.753328,3507.44,0.1012,4.62927,2.86323,3395.26,0
0.754658,3507.44,0.101958,4.64828,2.53111,3392.53,0
0.755954,3507.4,0.118703,4.65602,4.54282,3442.49,0
0.757251,3507.37,0.103936,4.70181,5.03104,3477.84,0
0.758557,3507.39,0.137519,4.73689,2.68535,3437.22,0
0.759854,3507.43,0.103776,4.69121,1.241,3378.86,0
0.761155,3507.48,0.130082,4.50102,1.56714,3311.89,0
0.762461,3507.45,0.0554267,4.42357,4.27704,3343.37,0
0.763765,3507.46,0.0804214,4.37708,4.30228,3326.16,0
0.765062,3507.47,0.0393242,4.42486,2.74192,3305.24,0
0.766378,3507.46,0.0538132,4.45939,2.48295,3309.57,0
0.767686,3507.5,0.0959592,4.45312,0.650805,3260.94,0
0.768996,3507.45,0.0518123,4.43202,3.63255,3322.16,0
0.770295,3507.48,0.000126392,4.37267,2.3916,3270.97,0
0.771621,3507.43,0.00831744,4.44086,3.8492,3328.23,0
0.772929,3507.42,0.0157069,4.42876,4.51397,3337.71,0
0.774251,3507.41,0.0105897,4.41255,5.02063,3347.84,0
0.775545,3507.41,-0.00651859,4.43339,4.54469,3343.88,0
0.776853,3507.36,0.00106266,4.38838,6.9341,3392.26,0
0.778151,3507.36,-0.0183182,4.38164,6.12875,3387.15,0
0.779468,3507.38,-0.00984767,4.3922,4.65143,3367.06,0
0.780757,3507.39,-0.00167192,4.39447,3.13491,3341.01,0
0.782052,3507.39,-0.0818798,4.46945,2.16094,3343.05,0
0.783368,3507.36,0.0410596,4.49681,2.90357,3367.83,0
0.784669,3507.36,0.0576016,4.49185,2.85871,3362.32,0
0.785998,3507.33,0.0533472,4.49872,4.03626,3391.03,0
0.787292,3507.4,0.0682454,4.46739,0.89693,3300.8,0
0.7886,3507.38,0.073549,4.46049,1.88842,3318.38,0
0.789907,3507.43,0.167131,4.36582,0.872806,3256.71,0
0.791206,3507.35,0.139397,4.41807,4.2097,3348.25,0
0.792509,3507.35,0.107332,4.53211,2.15454,3340.23,0
0.79382,3507.33,0.175322,4.54843,3.2701,3368.16,0
0.795135,3507.35,0.154161,4.5208,2.37981,3335.05,0
0.796431,3507.33,0.230297,4.50562,3.54306,3353.65,0
0.797743,3507.3,0.235675,4.47922,4.83408,3378.89,0
0.799049,3507.31,0.238392,4.48774,4.19687,3369.03,0
0.800339,3507.27,0.297052,4.48143,6.00302,3411.46,0
0.801646,3507.28,0.318715,4.53177,4.33627,3397.75,0
0.802943,3507.22,0.262137,4.59231,5.89869,3458.14,0
0.804241,3507.18,0.305263,4.58485,7.26904,3503.14,0
0.805533,3507.16,0.281249,4.62616,6.62461,3522.65,0
0.806836,3507.15,0.328703,4.62867,5.9279,3530.59,0
0.808124,3507.15,0.306597,4.64616,5.30092,3532.69,0
0.809412,3507.14,0.297097,4.6016,5.69324,3532.76,0
0.810708,3507.13,0.324432,4.58323,5.48272,3534.28,0
0.812001,3507.13,0.324751,4.58992,5.09793,3535.53,0
0.813298,3507.08,0.31292,4.62887,6.68716,3591.65,0
0.814599,3507.07,0.326517,4.6156,6.68705,3602.81,0
0.815892,3507.07,0.299154,4.60133,5.64257,3588.35,0
0.817201,3507.11,0.23907,4.6546,2.49361,3538.78,0
0.818511,3507.1,0.230645,4.65916,2.69419,3541.53,0
0.819834,3507.1,0.159484,4.68508,2.11271,3533.99,0
0.821121,3507.07,0.107693,4.68326,3.91325,3570.4,0
0.822433,3507.05,0.0742412,4.67479,4.90571,3592.62,0
0.823732,3507.02,0.0796493,4.63355,6.28058,3617.68,0
0.825007,3507,0.104371,4.62602,6.69399,3631.81,0
0.826306,3507.03,0.0921798,4.61108,4.75028,3591.42,0
0.827605,3506.99,0.0823988,4.61983,6.62931,3637.32,0
0.828916,3506.97,0.0601653,4.61981,6.91914,3656.35,0
0.830236,3506.95,-0.00170641,4.61687,6.93032,3668.96,0
0.831538,3506.97,-0.018601,4.57926,6.24601,3649.31,0
0.832843,3506.94,-0.0310393,4.5852,6.81283,3676.96,0
0.834156,3506.98,0.00441532,4.57621,3.71017,3614.86,0
0.835445,3506.98,0.0889186,4.55292,4.36993,3619.79,0
0.836778,3506.99,0.0875393,4.5382,3.49902,3597.16,0
0.838046,3506.97,0.0323147,4.50744,5.12901,3617.94,0
0.839335,3506.92,0.0607861,4.51688,6.82152,3664.44,0
0.840646,3506.95,0.0447449,4.52097,4.71165,3623.95,0
0.841942,3506.92,0.0680208,4.49239,6.41136,3656.65,0
0.843233,3506.95,0.107429,4.46132,5.04133,3621.33,0
0.844511,3506.95,0.137416,4.50682,4.01509,3616,0
0.845808,3506.97,0.18123,4.54147,1.94376,3582.71,0
0.847102,3506.94,0.173397,4.53152,3.54464,3608.95,0
0.84842,3506.98,0.175799,4.50277,1.96237,3562.2,0
0.849737,3507.01,0.346328,4.47445,0.332552,3518.89,0
0.851009,3507.03,0.379301,4.40678,0.497681,3493.73,0
0.852307,3507.03,0.259555,4.34725,1.28204,3480.56,0
0.853611,3506.97,0.230829,4.37193,4.62782,3554.35,0
0.854929,3506.95,0.244,4.36476,5.14163,3567.78,0
0.85623,3506.94,0.268023,4.34159,5.87003,3575.19,0
0.857534,3506.92,0.276399,4.35204,5.91883,3589.63,0
0.858834,3506.92,0.282094,4.35974,5.67503,3589.67,0
0.860114,3506.95,0.288231,4.32851,3.99521,3546.46,0
0.861405,3506.93,0.281056,4.32404,5.04933,3567.96,0
0.86271,3506.92,0.323202,4.29538,5.35389,3572.55,0
0.864012,3506.91,0.317358,4.29814,5.27624,3576.01,0
0.865285,3506.92,0.252131,4.31136,4.33533,3564.98,0
0.866603,3506.97,0.200451,4.30699,1.28813,3497.78,0
0.867878,3507.02,0.190783,4.16388,0.657763,3431.46,0
0.869184,3506.99,0.189186,4.22907,1.26209,3461.54,0
0.870486,3506.96,0.25921,4.20666,3.15808,3490.16,0
0.8718,3506.97,0.305655,4.24911,1.9723,3479.16,0
0.873115,3506.95,0.299031,4.31735,1.60237,3493.26,0
0.874417,3506.93,0.267159,4.35871,2.28251,3516.57,0
0.875725,3506.92,0.158279,4.33236,3.0268,3515.5,0
0.877035,3506.87,0.164458,4.44789,3.78119,3568.87,0
0.878327,3506.9,0.199127,4.48517,1.17421,3525.81,0
0.879644,3506.87,0.189515,4.48398,2.71317,3553.72,0
0.880939,3506.84,0.309348,4.44869,5.12844,3587.5,0
0.882232,3506.83,0.317171,4.47716,4.82929,3592.04,0
0.883527,3506.9,0.325329,4.49594,0.298098,3507.46,0
0.884825,3506.88,0.379277,4.48348,1.34677,3521.8,0
0.886138,3506.85,0.39384,4.52258,2.51411,3555.98,0
0.887437,3506.88,0.428281,4.47566,1.25625,3511.61,0
0.888734,3506.85,0.480509,4.4253,3.97611,3545.82,0
0.890037,3506.83,0.467655,4.4318,4.71181,3562.63,0
0.891349,3506.84,0.442718,4.44237,3.864,3546.72,0
0.892644,3506.81,0.434497,4.49047,4.59685,3573.63,0
0.893926,3506.85,0.453866,4.52124,1.43833,3523.86,0
0.895259,3506.83,0.535195,4.46735,3.48036,3545.02,0
0.896561,3506.81,0.522992,4.4392,4.66718,3557.94,0
0.897858,3506.78,0.517009,4.48795,5.22158,3589.75,0
0.899161,3506.78,0.494333,4.45785,5.59085,3583.22,0
0.900471,3506.74,0.449071,4.48891,6.38614,3615.4,0
0.901768,3506.74,0.426807,4.48849,6.35746,3616.45,0
0.903078,3506.72,0.432896,4.47987,6.68053,3631.02,0
0.904379,3506.69,0.445361,4.44055,8.3693,3662.92,0
0.905695,3506.68,0.461437,4.45865,7.18974,3666.77,0
0.907003,3506.71,0.463424,4.50541,3.70627,3630.08,0
0.908301,3506.7,0.472611,4.47438,4.21878,3629.25,0
0.909603,3506.72,0.474546,4.47467,3.1692,3608.01,0
0.910898,3506.74,0.432574,4.46535,2.25796,3583.3,0
0.912196,3506.74,0.384687,4.46695,1.8161,3569.86,0
0.913503,3506.75,0.381215,4.5088,0.374483,3552.61,0
0.914787,3506.69,0.352807,4.4997,4.06518,3615.69,0
0.916112,3506.66,0.362958,4.49083,5.41548,3643.98,0
0.917407,3506.65,0.352208,4.49433,5.53781,3652.94,0
0.91873,3506.64,0.369863,4.50769,5.33563,3660.74,0
0.920033,3506.63,0.402641,4.47876,5.57949,3667.71,0
0.921353,3506.6,0.411943,4.55381,4.85131,3685.18,0
0.922645,3506.66,0.360539,4.56448,1.39695,3621.75,0
0.923963,3506.6,0.324726,4.67656,2.59658,3680.77,0
0.92528,3506.57,0.284303,4.6557,4.60019,3707.38,0
0.926584,3506.52,0.261309,4.58769,8.11276,3757.95,0
0.927886,3506.53,0.277861,4.55828,6.88542,3742.37,0
0.929202,3506.53,0.330619,4.56806,5.87812,3737.71,0
0.930503,3506.52,0.304808,4.57917,5.3826,3736.01,0
0.931806,3506.51,0.319106,4.57011,5.47637,3740.31,0
0.933084,3506.5,0.360635,4.56991,5.63202,3748.89,0
0.934387,3506.5,0.375165,4.54969,5.7952,3750.12,0
0.93569,3506.51,0.40521,4.59401,3.60991,3727.84,0
0.937004,3506.55,0.376263,4.60678,1.35812,3686.9,0
0.93831,3506.49,0.32832,4.63005,3.91787,3737.9,0
0.939583,3506.47,0.277949,4.6111,5.67676,3760.98,0
0.940864,3506.5,0.248512,4.58492,3.88119,3720.68,0
0.942142,3506.56,0.310722,4.49203,2.21511,3656.16,0
0.943469,3506.6,0.238586,4.42002,0.827165,3599.89,0
0.944778,3506.6,0.334394,4.3564,2.38677,3603.92,0
0.946074,3506.63,0.35164,4.30338,1.15243,3560.44,0
0.947377,3506.56,0.326573,4.36338,4.24019,3631.92,0
0.948665,3506.61,0.3144,4.34585,1.52864,3576.98,0
0.949975,3506.6,0.255648,4.34545,2.04091,3582.56,0
0.95128,3506.58,0.271321,4.41609,1.7164,3597.28,0
0.952586,3506.52,0.173964,4.55032,2.35604,3651.36,0
0.953882,3506.48,0.215469,4.65022,2.97571,3695.27,0
0.955179,3506.47,0.20539,4.74477,1.45552,3698.07,0
0.956485,3506.44,0.164741,4.82228,1.62214,3725.18,0
0.957767,3506.39,0.149421,4.7893,4.99407,3770.82,0
0.95907,3506.37,0.154538,4.8037,4.91073,3780.14,0
0.960379,3506.35,0.180907,4.93243,3.58939,3800.85,0
0.961696,3506.37,0.201599,4.9339,2.13398,3771.69,0
0.962992,3506.37,0.10872,4.90176,2.68573,3766.67,0
0.964311,3506.36,0.130711,4.97586,1.61275,3770.91,0
0.96563,3506.37,0.0582745,4.97868,1.4983,3764.35,0
0.966921,3506.34,-0.00181122,5.0638,0.910972,3781.56,0
0.968228,3506.29,0.0438572,5.04325,4.08572,3828.83,0
0.969531,3506.3,0.011497,5.07592,2.79395,3816.39,0
0.970808,3506.28,0.0631858,5.16559,1.90758,3831.86,0
0.972091,3506.25,0.0221276,5.12526,4.29391,3856.82,0
0.973409,3506.26,0.0351462,5.08067,4.37819,3844.51,0
0.974698,3506.28,0.0486245,5.10172,2.61904,3821.59,0
0.975972,3506.26,-0.154166,5.22672,0.817783,3835.66,0
0.977277,3506.2,-0.19741,5.33252,1.68052,3888.87,0
0.978578,3506.17,-0.203184,5.30342,3.96832,3915.16,0
0.97988,3506.22,-0.232724,5.25422,1.77622,3853.55,0
0.981189,3506.2,-0.234849,5.312,1.94508,3875.39,0
0.982484,3506.24,-0.186891,5.21555,1.43586,3823.73,0
0.983783,3506.23,-0.143903,5.25856,1.01526,3827.65,0
0.985077,3506.19,-0.216854,5.23244,4.12806,3870.37,0
0.986372,3506.19,-0.20771,5.27275,2.7982,3860.62,0
0.987661,3506.24,-0.221264,5.25169,0.439758,3805.48,0
0.988955,3506.23,-0.148598,5.13875,3.33758,3807.34,0
0.990259,3506.25,-0.170164,5.16761,1.89005,3791.08,0
0.991567,3506.24,-0.144478,5.12944,2.8966,3790.56,0
0.99288,3506.29,-0.0638618,5.02177,2.41197,3738.31,0
0.994191,3506.3,0.00326938,4.99371,2.19269,3720.25,0
0.995488,3506.29,-0.0706356,5.0532,1.24758,3723.37,0
0.996782,3506.23,0.0337288,5.08973,4.15494,3785.05,0
0.998106,3506.28,0.0239851,5.05978,1.48616,3725.79,0
0.999407,3506.3,0.00264249,5.00224,1.39041,3698.69,0
1.00069,3506.26,-0.0310155,5.04346,3.13209,3741.53,0
1.00199,3506.29,-0.00745006,4.99036,2.39826,3705.67,0
1.0033,3506.3,-0.0186613,4.91034,3.1368,3685.91,0
1.00463,3506.35,-0.0389877,4.78705,2.71655,3632.82,0
1.00592,3506.34,-0.0214369,4.85185,2.18088,3642.79,0
1.00722,3506.31,0.0319544,4.85082,3.44559,3662.81,0
1.0085,3506.33,0.0952929,4.86749,1.70987,3638.8,0
1.00983,3506.35,0.122375,4.75069,2.77963,3611.88,0
1.01113,3506.33,0.115629,4.69554,4.86993,3629.35,0
1.01245,3506.31,0.126971,4.66281,6.12253,3642.42,0
1.01376,3506.29,0.1165,4.71234,5.31136,3655.91,0
1.01509,3506.33,0.122539,4.69809,3.35247,3618.03,0
1.01638,3506.3,0.269838,4.75796,3.64049,3642.64,0
1.01769,3506.32,0.28781,4.72909,2.72711,3614.33,0
1.01898,3506.3,0.32404,4.75262,3.62062,3633.74,0
1.02026,3506.27,0.378873,4.76025,4.75403,3656.1,0
1.02156,3506.27,0.33614,4.77984,4.30013,3654.32,0
1.02286,3506.28,0.319918,4.86274,1.54347,3635.19,0
1.02417,3506.29,0.260137,4.86161,0.80161,3618.04,0
1.02548,3506.27,0.289107,4.82344,2.91025,3635.79,0
1.02675,3506.22,0.239847,4.81949,5.96764,3685.59,0
1.02807,3506.32,0.257887,4.67501,2.45994,3578.14,0
1.02935,3506.33,0.281946,4.66433,2.03087,3564.63,0
1.03066,3506.38,0.255026,4.55614,1.37905,3513.04,0
1.03194,3506.38,0.136475,4.56685,0.920492,3504.19,0
1.03324,3506.36,0.150611,4.52815,3.01505,3522.54,0
1.03455,3506.33,0.177791,4.49394,5.15588,3547.85,0
1.03585,3506.3,0.193161,4.47103,6.61682,3567.49,0
1.03714,3506.34,0.198614,4.46837,3.84945,3527.72,0
1.03844,3506.35,0.175335,4.5036,2.30944,3511.22,0
1.03972,3506.38,0.056231,4.48376,1.33134,3484.59,0
1.04102,3506.42,0.118579,4.33331,1.82541,3441.41,0
1.04234,3506.45,0.199432,4.28647,0.545514,3404.3,0
1.04364,3506.41,0.0777477,4.27259,3.50147,3443.06,0
1.04493,3506.46,0.0118937,4.25079,0.838524,3391.68,0
1.04623,3506.4,-0.0148261,4.33953,2.09992,3436.38,0
1.04752,3506.41,-0.00595619,4.24894,3.36146,3426.33,0
1.04882,3506.38,-0.00471835,4.28948,4.01403,3448.92,0
1.05012,3506.37,-0.0176383,4.31043,4.19877,3459.62,0
1.05144,3506.39,-0.00607237,4.34505,2.14344,3437.74,0
1.05276,3506.35,-0.0462076,4.33416,4.02775,3463.47,0
1.05407,3506.33,-0.0579046,4.35966,4.55311,3477.24,0
1.05535,3506.3,-0.0490095,4.39664,5.63196,3504.59,0
1.05664,3506.29,-0.0858629,4.43588,5.15777,3512.36,0
1.05792,3506.28,-0.0710179,4.45961,4.71032,3515.27,0
1.05923,3506.31,-0.0915151,4.56322,0.590529,3483.19,0
1.06052,3506.28,-0.120514,4.57702,1.78273,3504.73,0
1.06182,3506.3,-0.125169,4.51853,2.14651,3488.15,0
1.06313,3506.33,-0.0930352,4.51331,0.183103,3451.86,0
1.06442,3506.33,-0.156791,4.44948,1.44499,3449.43,0
1.06572,3506.34,-0.247065,4.40583,1.35358,3431.57,0
1.06703,3506.28,-0.169992,4.37874,5.34124,3483.39,0
1.06833,3506.26,-0.16743,4.3881,5.88894,3501.8,0
1.06963,3506.28,-0.155408,4.38876,3.79745,3476.28,0
1.07093,3506.27,-0.175602,4.40404,3.86049,3481.18,0
1.07224,3506.25,-0.152623,4.39639,4.89984,3495.48,0
1.07352,3506.26,-0.141967,4.43562,3.15179,3481.09,0
1.07482,3506.26,-0.151728,4.40636,3.90309,3481.23,0
1.07612,3506.23,-0.14316,4.40412,5.01247,3498.83,0
1.07742,3506.24,-0.111025,4.36805,4.79807,3485.48,0
1.07874,3506.29,-0.080454,4.31514,2.98144,3441.28,0
1.08006,3506.32,-0.0293592,4.25426,2.37826,3411.13,0
1.08136,3506.3,-0.0153583,4.18848,4.75098,3424.01,0
1.08267,3506.3,-0.00909652,4.17131,4.94056,3421.44,0
1.08394,3506.23,-0.0104867,4.14545,8.52079,3478.68,0
1.08525,3506.24,-0.0230932,4.11576,7.048,3463.5,0
1.08657,3506.23,-0.0402468,4.14949,6.42776,3472.69,0
1.08789,3506.22,-0.0269099,4.13072,6.11756,3473.4,0
1.08918,3506.23,-0.0275552,4.11455,5.40413,3465.81,0
1.09047,3506.21,-0.0205487,4.07877,6.13671,3471.45,0
1.09178,3506.19,-0.0417102,4.04815,7.06466,3488.85,0
1.09308,3506.23,-0.0336181,4.00736,4.95049,3448.92,0
1.09438,3506.25,-0.0151611,4.01688,3.4504,3428.58,0
1.09568,3506.3,-0.156044,3.9798,0.635394,3375.02,0
1.09698,3506.27,-0.202733,3.94712,3.3506,3401.26,0
1.09825,3506.23,-0.240256,3.91857,5.94196,3430.5,0
1.09955,3506.25,-0.251408,3.92966,4.16344,3411.78,0
1.10087,3506.25,-0.249857,3.90214,4.57051,3408.79,0
1.10216,3506.26,-0.246923,3.89319,4.02996,3397.56,0
1.10344,3506.24,-0.297937,3.86366,5.27292,3410.11,0
1.10474,3506.23,-0.344175,3.88399,4.48563,3408.39,0
1.10604,3506.25,-0.364246,3.84939,3.9262,3391.43,0
1.10735,3506.24,-0.365566,3.87964,3.60426,3393.46,0
1.10864,3506.26,-0.356412,3.8333,3.46978,3375.04,0
1.10994,3506.28,-0.33669,3.85603,1.60627,3352.61,0
1.11124,3506.26,-0.316145,3.78688,4.22037,3367.59,0
1.11253,3506.25,-0.284092,3.82406,3.88933,3374.19,0
1.11382,3506.24,-0.283826,3.81904,3.87102,3373.91,0
1.1151,3506.2,-0.28203,3.80639,6.15792,3406.09,0
1.11641,3506.2,-0.283388,3.77692,6.24842,3404.86,0
1.11771,3506.18,-0.293075,3.76115,6.68738,3415.28,0
1.11903,3506.13,-0.284826,3.77627,8.51905,3462.52,0
1.12031,3506.09,-0.283685,3.75701,9.51385,3492.85,0
1.1216,3506.11,-0.292992,3.76352,6.27848,3466.82,0
1.12293,3506.13,-0.334734,3.77442,4.25575,3445.72,0
1.12422,3506.17,-0.378194,3.76103,2.04284,3410.18,0
1.12552,3506.17,-0.449236,3.70361,2.93771,3405.39,0
1.1268,3506.19,-0.418235,3.73561,1.05226,3384.98,0
1.12811,3506.09,-0.410275,3.75931,6.8281,3469.93,0
1.12942,3506.1,-0.402911,3.75941,5.20544,3451.29,0
1.13073,3506.1,-0.402387,3.74977,4.9888,3448.41,0
1.13203,3506.14,-0.334233,3.70707,3.39135,3410.53,0
1.13331,3506.17,-0.375316,3.7468,0.121763,3376.32,0
1.1346,3506.13,-0.329188,3.713,3.54965,3410.02,0
1.13591,3506.15,-0.370548,3.64258,3.65895,3390.95,0
1.13723,3506.12,-0.366565,3.63859,5.23367,3415.53,0
1.13854,3506.14,-0.330876,3.64371,3.29622,3388.36,0
1.13984,3506.12,-0.336427,3.63499,4.75337,3402.19,0
1.14115,3506.11,-0.303295,3.57858,6.43075,3411.62,0
1.14244,3506.12,-0.273858,3.6116,4.41869,3396.72,0
1.14374,3506.11,-0.251159,3.69186,3.53097,3403.52,0
1.14503,3506.12,-0.163199,3.70809,2.38274,3388.98,0
1.14633,3506.13,-0.216608,3.68127,1.82695,3372.62,0
1.14765,3506.11,-0.20588,3.63288,4.5392,3392.21,0
1.14897,3506.13,-0.122604,3.63068,3.22108,3370.32,0
1.15028,3506.15,-0.206114,3.58094,2.31124,3343.68,0
1.15158,3506.14,-0.215971,3.55984,3.77078,3355.79,0
1.15288,3506.16,-0.241658,3.51808,2.95308,3333.02,0
1.15419,3506.18,-0.231319,3.46847,2.71023,3313.81,0
1.15549,3506.16,-0.209747,3.43576,3.81432,3320.61,0
1.15679,3506.13,-0.202814,3.40888,6.15274,3343.98,0
1.15809,3506.13,-0.212014,3.38411,6.51303,3344.25,0
1.15938,3506.1,-0.212815,3.36088,7.86184,3364.95,0
1.16069,3506.11,-0.199692,3.34302,6.26997,3353.64,0
1.162,3506.1,-0.192194,3.38186,5.31701,3356.97,0
1.16329,3506.1,-0.215916,3.40537,4.10205,3350.56,0
1.1646,3506.15,-0.28155,3.38262,1.44995,3309.54,0
1.16589,3506.15,-0.365368,3.4013,0.561194,3302.45,0
1.16721,3506.1,-0.383362,3.43927,3.06554,3341.61,0
1.1685,3506.06,-0.389755,3.58743,2.6314,3371.27,0
1.1698,3506.04,-0.403679,3.62794,3.19745,3387.56,0
1.17108,3506.01,-0.391894,3.64378,4.44624,3407.89,0
1.17239,3506.05,-0.377758,3.63404,1.99171,3371.85,0
1.17369,3506,-0.344255,3.78087,2.16895,3409.05,0
1.17498,3505.99,-0.354231,3.74417,3.42571,3415.18,0
1.17627,3506.01,-0.353335,3.62568,4.3983,3392.52,0
1.17757,3506.01,-0.382647,3.6254,4.03885,3389.05,0
1.17888,3506.07,-0.430455,3.547,1.06077,3331.02,0
1.18018,3506.04,-0.473445,3.57457,2.78769,3358.72,0
1.18149,3506.03,-0.487206,3.53036,3.81751,3360.49,0
1.18278,3506.03,-0.478285,3.52867,3.69201,3360.59,0
1.18408,3506.04,-0.449557,3.50901,2.70539,3340.18,0
1.18538,3506.02,-0.502039,3.48662,4.12304,3353.89,0
1.18667,3506.02,-0.489944,3.48746,4.164,3353.15,0
1.18797,3506.06,-0.534291,3.46668,1.88561,3318.53,0
1.18926,3506.07,-0.519146,3.38452,2.73827,3306.51,0
1.19055,3506.02,-0.615356,3.48363,3.32204,3339.89,0
1.19187,3506.06,-0.651077,3.49701,0.255075,3303.93,0
1.19318,3506.07,-0.654994,3.36087,2.12629,3291.39,0
1.19448,3506.02,-0.689469,3.3435,5.4999,3329.29,0
1.1958,3506,-0.695068,3.35977,5.73647,3343.66,0
1.19711,3506,-0.696496,3.36613,5.01655,3337.77,0
1.19843,3506.03,-0.739596,3.31621,3.85614,3312.6,0
1.19972,3506.06,-0.787936,3.29294,1.90572,3284.07,0
1.20101,3506.06,-0.870647,3.30739,1.41076,3283.34,0
1.20231,3506.03,-0.737354,3.27478,4.58411,3304.48,0
1.20362,3506.05,-0.679852,3.3071,2.53653,3282.22,0
1.20492,3506.02,-0.667037,3.28856,5.11369,3306.29,0
1.20621,3506.03,-0.701048,3.34033,2.90666,3294.59,0
1.20752,3506.01,-0.751446,3.39325,2.5146,3304.55,0
1.20881,3506,-0.814471,3.36902,2.97139,3307.38,0
1.21009,3506.04,-0.738678,3.21365,3.66899,3272.42,0
1.21139,3506.01,-0.706026,3.20265,5.5388,3290.66,0
1.21269,3506.02,-0.701461,3.18153,4.99723,3283.61,0
1.21399,3506.07,-0.682427,3.19819,1.12905,3239.9,0
1.21527,3506.06,-0.558465,3.18916,2.37205,3244.4,0
1.21657,3506.07,-0.513362,3.19963,1.36679,3230.04,0
1.21786,3506.06,-0.531237,3.11552,3.42058,3234.35,0
1.21917,3506.03,-0.570768,3.2052,3.8795,3259.28,0
1.22048,3506.02,-0.63921,3.23993,3.36223,3264.95,0
1.22177,3506,-0.680603,3.2323,3.87897,3271.09,0
1.22308,3505.96,-0.706826,3.26655,5.59379,3300.92,0
1.22438,3505.96,-0.763632,3.2405,5.25628,3295.72,0
1.22566,3505.94,-0.76945,3.20648,7.02598,3312.31,0
1.22696,3505.92,-0.770424,3.22576,7.1582,3327.55,0
1.22828,3505.93,-0.734472,3.23157,5.85908,3314.76,0
1.22957,3505.92,-0.737038,3.17824,7.0206,3319.47,0
1.23088,3505.94,-0.719791,3.20177,4.54758,3297.19,0
1.23219,3505.9,-0.704975,3.21164,6.50531,3324.38,0
1.2335,3505.91,-0.6858,3.22749,5.05066,3313.73,0
1.23479,3505.93,-0.695637,3.22664,3.20735,3294.08,0
1.23607,3505.92,-0.705119,3.16162,5.1556,3304.4,0
1.23738,3505.9,-0.660053,3.22148,4.78049,3311.46,0
1.2387,3505.91,-0.647013,3.20914,4.25677,3303.97,0
1.24,3505.89,-0.662771,3.20864,4.97071,3316.58,0
1.24129,3505.87,-0.674519,3.2254,5.44437,3329.51,0
1.24261,3505.83,-0.675291,3.22517,7.42293,3358.8,0
1.24393,3505.85,-0.661229,3.20793,5.46134,3336.49,0
1.24522,3505.88,-0.674426,3.18864,3.42282,3309.32,0
1.24655,3505.89,-0.647325,3.14367,3.48681,3297.74,0
1.24786,3505.89,-0.735404,3.12061,3.01258,3290.07,0
1.24915,3505.86,-0.778741,3.06538,6.29825,3316.36,0
1.25044,3505.88,-0.800623,3.08322,3.52056,3291.88,0
1.25175,3505.92,-0.881494,3.10371,0.170904,3260.39,0
1.25304,3505.9,-0.911101,2.94382,4.24631,3272.21,0
1.25437,3505.91,-0.92461,2.91092,4.05771,3262.55,0
1.25567,3505.89,-0.923998,2.90627,4.57337,3271.61,0
1.25698,3505.93,-0.854627,2.84342,2.92057,3234.44,0
1.2583,3505.92,-0.791474,2.87539,3.87593,3244.81,0
1.25959,3505.89,-0.796668,2.8755,5.11056,3262.02,0
1.26089,3505.88,-0.787613,2.89144,5.10722,3266.37,0
1.2622,3505.84,-0.772169,2.85541,7.83103,3292.5,0
1.2635,3505.84,-0.817132,2.84067,7.26542,3292.14,0
1.2648,3505.79,-0.828694,2.80391,9.80991,3330,0
1.26612,3505.83,-0.798848,2.80629,5.50192,3295.32,0
1.2674,3505.82,-0.764574,2.76953,6.66489,3301.68,0
1.26872,3505.82,-0.758608,2.77219,5.90058,3296.52,0
1.27001,3505.81,-0.759873,2.77713,5.98474,3298.33,0
1.27132,3505.77,-0.782085,2.79042,7.42908,3323.63,0
1.27263,3505.77,-0.777144,2.78975,6.58322,3326.37,0
1.27393,3505.76,-0.762634,2.81538,5.84313,3326.6,0
1.27521,3505.73,-0.777133,2.79553,7.51809,3346.33,0
1.27651,3505.74,-0.778845,2.80419,6.01525,3334.26,0
1.27782,3505.8,-0.699323,2.84453,0.876228,3283.7,0
1.27912,3505.73,-0.763485,2.82951,5.73739,3334.42,0
1.2804,3505.71,-0.745568,2.8243,6.99385,3352.55,0
1.28171,3505.69,-0.730072,2.82789,7.02425,3364.07,0
1.283,3505.67,-0.703214,2.84158,6.88739,3371.87,0
1.2843,3505.63,-0.705335,2.82298,9.19158,3402.38,0
1.2856,3505.61,-0.752175,2.82318,9.03442,3418.52,0
1.28691,3505.57,-0.762297,2.85482,9.28909,3439.73,0
1.2882,3505.6,-0.786802,2.82489,6.3477,3416.65,0
1.2895,3505.62,-0.802462,2.8606,3.79907,3399.29,0
1.29081,3505.63,-0.84134,2.79462,3.91641,3387.22,0
1.29212,3505.62,-0.762831,2.87625,3.35385,3392.25,0
1.29342,3505.62,-0.765414,2.88833,3.0784,3388.92,0
1.29472,3505.62,-0.794738,2.90046,2.51625,3386.75,0
1.29602,3505.58,-0.798593,2.86947,5.61928,3410.68,0
1.29734,3505.58,-0.813797,2.83699,5.9848,3408.96,0
1.29863,3505.55,-0.770484,2.82638,7.58632,3430.53,0
1.29995,3505.55,-0.722104,2.81249,6.81821,3426.66,0
1.30123,3505.55,-0.725366,2.80368,6.1279,3421.2,0
1.30252,3505.55,-0.725738,2.77647,5.75841,3417.62,0
1.30383,3505.53,-0.761297,2.77354,6.58469,3430.97,0
1.30511,3505.5,-0.764351,2.77303,7.44201,3444.54,0
1.3064,3505.5,-0.739068,2.7678,6.99524,3445.58,0
1.30771,3505.48,-0.737246,2.78403,7.40038,3457.23,0
1.30904,3505.47,-0.752031,2.8013,6.81039,3464.25,0
1.31034,3505.47,-0.739023,2.79102,5.96321,3458.68,0
1.31163,3505.45,-0.755325,2.8352,6.01777,3471.3,0
1.31293,3505.44,-0.760069,2.9146,4.50411,3472.93,0
1.31426,3505.44,-0.736287,2.90994,4.36171,3467.03,0
1.31554,3505.46,-0.748258,2.88463,3.35338,3450.93,0
1.31681,3505.45,-0.796594,2.85521,4.50912,3456.83,0
1.31811,3505.45,-0.809968,2.83669,4.25555,3450.32,0
1.3194,3505.46,-0.767598,2.83385,4.12961,3443.41,0
1.32069,3505.49,-0.71583,2.82046,1.80989,3414.69,0
1.32199,3505.49,-0.78235,2.75761,2.51626,3409.29,0
1.3233,3505.45,-0.827612,2.79777,4.09142,3435.1,0
1.32461,3505.43,-0.851383,2.80625,5.23833,3450.97,0
1.32591,3505.37,-0.82993,2.8502,8.40941,3493.85,0
1.32721,3505.37,-0.79029,2.83327,7.54588,3488.26,0
1.3285,3505.37,-0.786078,2.82961,6.7175,3482.4,0
1.32981,3505.32,-0.815603,2.85664,9.12499,3521.47,0
1.3311,3505.33,-0.808754,2.85671,6.58272,3509.05,0
1.33242,3505.34,-0.786691,2.83212,5.69937,3497.57,0
1.33371,3505.32,-0.759423,2.82844,6.571,3506.46,0
1.33501,3505.33,-0.704012,2.80832,5.93654,3494.7,0
1.33631,3505.35,-0.6478,2.83271,4.34792,3481.5,0
1.3376,3505.38,-0.657967,2.85896,1.41497,3457.34,0
1.3389,3505.35,-0.709463,2.87125,2.64085,3471.45,0
1.34021,3505.33,-0.724233,2.92554,2.9505,3484.7,0
1.34151,3505.37,-0.720651,2.89531,0.48667,3451.99,0
1.34279,3505.36,-0.739294,2.77093,3.48935,3452.64,0
1.34407,3505.4,-0.668428,2.76651,0.886976,3421.2,0
1.34539,3505.4,-0.786704,2.6665,2.38812,3419.63,0
1.34672,3505.38,-0.786144,2.67888,3.28938,3427.72,0
1.34801,3505.36,-0.741778,2.68607,4.95253,3443.95,0
1.34932,3505.39,-0.712252,2.71378,1.96619,3418.23,0
1.35063,3505.37,-0.675027,2.7373,3.06814,3429.82,0
1.35194,3505.37,-0.671966,2.72914,2.84174,3423.82,0
1.35324,3505.38,-0.597347,2.74909,2.04864,3415.02,0
1.35454,3505.34,-0.560246,2.74775,5.06072,3439.58,0
1.35584,3505.35,-0.531609,2.84514,1.91887,3427.25,0
1.35714,3505.36,-0.427827,2.76389,3.60663,3420.58,0
1.35843,3505.37,-0.409933,2.69776,3.76908,3406.18,0
1.35974,3505.38,-0.389582,2.67671,3.50269,3399.36,0
1.36107,3505.37,-0.297786,2.73466,3.09965,3402.23,0
1.36235,3505.34,-0.402501,2.82976,2.64538,3417.77,0
1.36365,3505.31,-0.368775,2.86862,4.77991,3442.75,0
1.36496,3505.3,-0.437109,2.93079,3.09812,3440.31,0
1.36629,3505.31,-0.51175,2.89018,3.00913,3430.5,0
1.36759,3505.3,-0.512346,2.9961,1.42544,3436.84,0
1.36889,3505.26,-0.473607,2.99944,4.16237,3461.22,0
1.37021,3505.24,-0.433618,2.98516,6.02277,3476.87,0
1.37151,3505.25,-0.43148,2.93685,5.4315,3460.56,0
1.37282,3505.18,-0.443006,2.94193,9.76298,3510.31,0
1.37413,3505.17,-0.459595,2.90325,9.17985,3514.08,0
1.37543,3505.14,-0.436372,2.90846,9.72751,3532.69,0
1.37672,3505.18,-0.403847,2.92132,4.73674,3499.42,0
1.37804,3505.17,-0.451069,2.9832,3.75216,3505.81,0
1.37934,3505.14,-0.481718,3.05668,3.94662,3523.39,0
1.38063,3505.09,-0.452526,3.05679,7.55352,3559.84,0
1.38194,3505.07,-0.434284,3.06026,7.8931,3570.56,0
1.38325,3505.05,-0.441343,3.04576,8.4027,3581.12,0
1.38454,3505.03,-0.450196,2.99963,9.20915,3587.95,0
1.38582,3505.06,-0.440019,2.99146,6.56151,3567.08,0
1.38712,3505.02,-0.466417,2.99243,8.06545,3587.67,0
1.38843,3505,-0.483081,2.96842,8.54428,3598.97,0
1.38975,3505.01,-0.523218,2.9512,7.4836,3590.32,0
1.39107,3504.99,-0.530991,2.94389,8.05277,3603.31,0
1.3924,3505,-0.565015,2.9231,6.29344,3592.78,0
1.39369,3505,-0.524477,2.96248,4.50113,3586.95,0
1.39499,3504.98,-0.532288,2.99138,4.87151,3597.28,0
1.39627,3505.01,-0.539163,3.0049,1.63528,3570.94,0
1.39755,3505.01,-0.562266,3.02705,0.984489,3568.22,0
1.39885,3504.99,-0.550563,2.96555,4.1924,3579.69,0
1.40016,3505.02,-0.57447,2.94025,2.02613,3557.09,0
1.40147,3505.02,-0.555335,2.99015,0.99841,3555.31,0
1.40276,3505.03,-0.574703,2.93312,1.48754,3545,0
1.40406,3504.96,-0.571659,3.0657,3.74693,3592.5,0
1.4054,3504.95,-0.568725,3.13766,2.27083,3593.5,0
1.4067,3504.96,-0.629988,3.15219,0.844144,3584.72,0
1.40802,3504.92,-0.662177,3.15285,3.68993,3609,0
1.4093,3504.95,-0.670696,3.14975,0.704402,3579.86,0
1.4106,3504.89,-0.758742,3.17391,4.27076,3619.57,0
1.4119,3504.92,-0.761711,3.152,2.26428,3595.92,0
1.4132,3504.91,-0.812392,3.11715,3.70996,3600.72,0
1.4145,3504.97,-0.776004,3.02652,1.54138,3556.7,0
1.41581,3504.93,-0.807793,3.06143,3.10423,3578.27,0
1.41712,3504.93,-0.799203,3.00056,4.90178,3577.23,0
1.41841,3504.93,-0.805611,3.01267,4.20462,3575.97,0
1.41972,3504.93,-0.726935,3.0684,2.6174,3568.78,0
1.42103,3504.95,-0.732997,3.06681,1.58879,3557.04,0
1.42232,3504.93,-0.736095,3.07239,2.7451,3566.7,0
1.42363,3504.9,-0.757628,3.05524,5.32477,3584.82,0
1.42493,3504.87,-0.754187,3.01478,7.46128,3597.16,0
1.42624,3504.85,-0.730726,3.00977,8.42259,3609.58,0
1.42754,3504.87,-0.776417,2.99923,6.32957,3596.96,0
1.42885,3504.86,-0.813164,3.00186,6.19062,3600.18,0
1.43015,3504.87,-0.801376,3.02758,4.04216,3587.04,0
1.43144,3504.85,-0.766175,3.04696,4.72071,3595.55,0
1.43274,3504.9,-0.69495,3.01481,2.39326,3562.8,0
1.43403,3504.91,-0.751119,2.96555,2.47433,3552.6,0
1.43535,3504.87,-0.743939,2.97784,4.71428,3573.26,0
1.43666,3504.86,-0.75148,3.04304,3.38034,3575.59,0
1.43796,3504.87,-0.69066,3.03691,3.56003,3570.16,0
1.43926,3504.88,-0.730028,3.01156,2.96435,3559.74,0
1.44056,3504.89,-0.769731,2.93022,3.32574,3544.61,0
1.44184,3504.86,-0.750568,2.92813,5.93374,3564.87,0
1.44314,3504.87,-0.747686,2.92032,5.26321,3558.15,0
1.44444,3504.86,-0.728198,2.87648,6.29666,3556.94,0
1.44575,3504.82,-0.745338,2.89213,8.54421,3585.33,0
1.44705,3504.84,-0.738843,2.88284,5.484,3563.81,0
1.44835,3504.88,-0.73369,2.92427,1.46907,3537.17,0
1.44965,3504.85,-0.739236,2.84857,5.1372,3551.06,0
1.45096,3504.86,-0.749395,2.82298,4.62733,3540.25,0
1.45225,3504.89,-0.727351,2.85694,1.825,3521.1,0
1.45354,3504.82,-0.737814,2.89978,5.77929,3561.43,0
1.45483,3504.84,-0.724376,2.88989,4.18989,3548.79,0
1.45614,3504.85,-0.720982,2.89899,2.55611,3537.23,0
1.45743,3504.81,-0.884553,2.97464,2.19579,3558.75,0
1.45873,3504.84,-0.804817,2.87289,2.97528,3535.73,0
1.46004,3504.83,-0.817368,2.8515,4.22443,3539.92,0
1.46135,3504.83,-0.837582,2.85137,3.9101,3536.43,0
1.46266,3504.83,-0.840813,2.81017,4.60625,3532.28,0
1.46396,3504.88,-0.815178,2.81645,0.943363,3500.65,0
1.46527,3504.88,-0.784809,2.83541,0.134626,3493.54,0
1.46657,3504.85,-0.830169,2.70753,5.36147,3509.18,0
1.46787,3504.86,-0.828148,2.70901,4.18145,3501.47,0
1.46916,3504.88,-0.860528,2.63626,3.78828,3484.7,0
1.47045,3504.87,-0.93048,2.60478,4.79758,3490.24,0
1.47175,3504.89,-0.92376,2.62572,2.22726,3473.48,0
1.47306,3504.92,-0.898058,2.60159,0.512508,3451.06,0
1.47437,3504.87,-0.908696,2.55135,5.0878,3476.77,0
1.47567,3504.83,-0.874626,2.55223,8.23609,3501.74,0
1.47699,3504.83,-0.882791,2.53946,7.07775,3499.1,0
1.4783,3504.85,-0.850676,2.5613,4.36397,3482.91,0
1.4796,3504.87,-0.876926,2.57296,2.29698,3470.28,0
1.48091,3504.86,-0.859337,2.54257,3.50388,3471.82,0
1.48218,3504.86,-0.890488,2.53842,3.33608,3469.9,0
1.48349,3504.84,-0.882147,2.5307,4.29424,3475.31,0
1.48478,3504.81,-0.8655,2.5547,5.7771,3492.19,0
1.48607,3504.8,-0.862702,2.55464,6.23272,3499.48,0
1.48738,3504.84,-0.925807,2.52961,2.80938,3472.44,0
1.48868,3504.79,-0.911147,2.50364,7.40698,3502.3,0
1.48997,3504.83,-0.843194,2.52527,3.08982,3471.26,0
1.49128,3504.81,-0.974186,2.61001,1.3098,3480.86,0
1.49258,3504.78,-1.03043,2.5291,4.82131,3494.86,0
1.49388,3504.76,-1.00769,2.54797,5.92274,3505.41,0
1.49518,3504.75,-1.01921,2.53943,6.89187,3513.55,0
1.49648,3504.72,-0.995753,2.5489,7.66599,3527.36,0
1.49778,3504.72,-0.994791,2.57297,6.22677,3523.18,0
1.49908,3504.76,-1.01662,2.62064,1.46759,3496.81,0
1.50039,3504.75,-0.949757,2.58913,3.25475,3496.52,0
1.50167,3504.75,-0.889315,2.63604,3.2403,3499.18,0
1.50298,3504.68,-0.918388,2.66718,7.15002,3538.49,0
1.50429,3504.71,-0.916237,2.62199,5.56295,3517.76,0
1.50559,3504.73,-0.939275,2.60279,3.69756,3500.11,0
1.5069,3504.72,-0.923935,2.59613,4.99975,3506.23,0
1.50818,3504.72,-0.911581,2.61912,3.92031,3500.99,0
1.50949,3504.77,-0.891415,2.5285,2.10247,3465.33,0
1.51078,3504.78,-0.807519,2.48191,2.86486,3454.16,0
1.51209,3504.78,-0.786154,2.43212,4.13059,3452.29,0
1.51338,3504.8,-0.804956,2.47711,0.495472,3433.19,0
1.51467,3504.8,-0.796142,2.40142,3.13833,3436.38,0
1.51598,3504.78,-0.841739,2.44253,3.1093,3444.3,0
1.5173,3504.78,-0.840773,2.43265,3.07718,3441.64,0
1.51861,3504.79,-0.946801,2.42724,1.44716,3433.78,0
1.51991,3504.77,-0.961598,2.50308,1.03484,3443.41,0
1.52122,3504.77,-0.930471,2.48389,1.89904,3441.21,0
1.52252,3504.72,-0.944431,2.62161,1.94161,3466.41,0
1.52382,3504.72,-0.982072,2.60295,1.93115,3463.3,0
1.52514,3504.74,-1.03903,2.57818,0.601355,3450.47,0
1.52643,3504.68,-0.991136,2.67812,3.90856,3488.47,0
1.52772,3504.68,-0.991704,2.70375,2.28881,3480.63,0
1.52904,3504.69,-0.978646,2.69709,1.8369,3472.73,0
1.53033,3504.72,-0.905459,2.62937,1.24589,3447.26,0
1.53163,3504.67,-0.842209,2.67628,5.0192,3478.41,0
1.53293,3504.72,-0.905564,2.63357,1.38082,3444.88,0
1.5342,3504.67,-0.898416,2.67363,4.35402,3472.29,0
1.53549,3504.7,-0.799794,2.71202,1.2426,3448.56,0
1.53679,3504.66,-0.887296,2.74141,3.34891,3474.38,0
1.53808,3504.65,-0.917583,2.73182,3.82016,3476.21,0
1.53937,3504.64,-0.912725,2.71904,5.02081,3482.01,0
1.54068,3504.65,-0.944444,2.67208,4.69619,3470.45,0
1.54198,3504.68,-0.940482,2.69866,1.09229,3447.25,0
1.54329,3504.65,-0.945174,2.72433,3.11995,3469.08,0
1.54459,3504.66,-0.988408,2.70977,1.72894,3456.57,0
1.54591,3504.61,-0.986672,2.6767,6.87229,3489.72,0
1.5472,3504.64,-0.927853,2.78839,0.526155,3461.44,0
1.54851,3504.61,-0.979322,2.8505,1.5153,3483.58,0
1.54981,3504.52,-0.965641,2.87982,7.73278,3536.7,0
1.55111,3504.55,-1.01462,2.87142,3.83144,3510.8,0
1.5524,3504.56,-1.03816,2.86966,3.12922,3504.76,0
1.55369,3504.56,-0.868799,2.93838,2.20187,3498.29,0
1.55499,3504.56,-0.822455,2.93474,2.85965,3497.7,0
1.55631,3504.57,-0.774163,2.91106,3.11529,3489.76,0
1.55762,3504.56,-0.809901,2.80401,6.29148,3490.53,0
1.55893,3504.58,-0.779816,2.78165,5.33903,3478.03,0
1.56023,3504.53,-0.747858,2.75026,9.55264,3504.51,0
1.56153,3504.57,-0.733551,2.6862,6.6137,3474.82,0
1.56281,3504.55,-0.735327,2.6782,7.62942,3484.58,0
1.56409,3504.57,-0.803713,2.65373,5.73179,3472.64,0
1.56539,3504.6,-0.891642,2.69025,0.937441,3450.2,0
1.56669,3504.57,-0.880932,2.63191,5.33053,3466.93,0
1.56798,3504.57,-0.933831,2.63942,4.14398,3462.28,0
1.56928,3504.59,-0.89274,2.7184,0.61302,3448.16,0
1.57058,3504.58,-0.896665,2.69703,2.06334,3452.23,0
1.5719,3504.56,-0.964985,2.71492,2.14049,3459.11,0
1.57323,3504.53,-0.944514,2.63643,7.31442,3477.51,0
1.57452,3504.54,-0.935659,2.6733,5.1319,3470.06,0
1.57581,3504.57,-0.905052,2.69232,1.29408,3446.28,0
1.5771,3504.54,-0.901598,2.69557,3.68351,3461.51,0
1.5784,3504.56,-0.831623,2.67464,3.28422,3448.77,0
1.5797,3504.57,-0.90132,2.68506,1.13583,3438.09,0
1.58099,3504.57,-0.850663,2.65819,2.4149,3436.38,0
1.58229,3504.53,-0.914149,2.6827,4.48686,3457.91,0
1.58361,3504.55,-0.907617,2.62235,4.3831,3442.27,0
1.5849,3504.54,-0.856001,2.63468,5.11214,3446.84,0
1.5862,3504.58,-0.844478,2.57703,2.69413,3416.94,0
1.58751,3504.56,-0.835966,2.56412,4.4395,3426.19,0
1.5888,3504.55,-0.806312,2.50485,6.86872,3430.88,0
1.5901,3504.56,-0.836564,2.48928,5.66926,3422.5,0
1.59142,3504.56,-0.816392,2.48561,5.32504,3416.56,0
1.59272,3504.54,-0.806927,2.45693,7.27082,3426.57,0
1.59403,3504.58,-0.812612,2.48323,2.27619,3399.32,0
1.59534,3504.55,-0.835009,2.48119,4.98534,3416.72,0
1.59663,3504.53,-0.873208,2.46345,6.92408,3428.49,0
1.59794,3504.57,-0.874671,2.51052,0.741822,3395.09,0
1.59925,3504.55,-0.903732,2.53354,1.63023,3405.87,0
1.60054,3504.52,-0.92514,2.53692,4.45193,3426.72,0
1.60186,3504.5,-0.917593,2.54718,5.04755,3432.55,0
1.60316,3504.48,-0.906829,2.54615,6.58251,3441.23,0
1.60446,3504.47,-0.939971,2.53703,6.89759,3446.98,0
1.60575,3504.51,-0.942034,2.55405,2.04948,3417.99,0
1.60705,3504.49,-0.963609,2.54413,4.37887,3431.65,0
1.60835,3504.47,-1.00683,2.65934,2.21561,3440.24,0
1.60965,3504.42,-1.0315,2.67406,5.46839,3467.17,0
1.61095,3504.41,-0.995488,2.64916,6.52184,3468.7,0
1.61226,3504.41,-1.01179,2.6465,6.62862,3469.61,0
1.61356,3504.43,-0.965347,2.63492,4.52951,3451.88,0
1.61489,3504.39,-0.994,2.64324,6.92039,3471.54,0
1.61619,3504.45,-0.941015,2.61109,2.76375,3431.93,0
1.61749,3504.47,-0.857706,2.63388,1.13953,3417.58,0
1.61879,3504.44,-0.921041,2.74121,0.37626,3435.81,0
1.62008,3504.41,-0.960665,2.70661,2.94449,3447.95,0
1.62137,3504.4,-0.912223,2.76764,3.2137,3456.82,0
1.62267,3504.43,-0.934505,2.66309,2.51775,3430.26,0
1.62397,3504.44,-0.976257,2.71319,0.203927,3425.21,0
1.62527,3504.41,-1.04122,2.68194,3.27319,3442.27,0
1.62659,3504.41,-1.037,2.72192,1.36402,3435.47,0
1.6279,3504.38,-1.08841,2.81634,0.433283,3450.93,0
1.62921,3504.4,-1.03216,2.75017,1.23213,3435.68,0
1.63051,3504.43,-0.967904,2.71374,0.955314,3418.75,0
1.63184,3504.38,-0.943217,2.70235,5.2232,3443.43,0
1.63314,3504.4,-0.914087,2.70239,3.19881,3426.88,0
1.63446,3504.38,-0.886412,2.72218,4.73241,3437.35,0
1.63575,3504.36,-0.890422,2.70761,5.8946,3446.09,0
1.63705,3504.36,-0.864435,2.7467,4.65847,3445.14,0
1.63835,3504.32,-0.857698,2.75516,7.08494,3466.12,0
1.63967,3504.31,-0.842671,2.74815,7.29446,3469.2,0
1.64097,3504.29,-0.819395,2.76162,8.1316,3479.44,0
1.64227,3504.29,-0.802567,2.76155,6.95376,3476,0
1.64357,3504.31,-0.770202,2.78013,4.50879,3462.94,0
1.64488,3504.32,-0.729122,2.7628,4.29267,3453.01,0
1.64617,3504.28,-0.687119,2.78877,6.64769,3473.68,0
1.64748,3504.29,-0.707653,2.80499,3.90442,3463.84,0
1.64879,3504.28,-0.8173,2.78836,4.60498,3469.25,0
1.65011,3504.28,-0.819214,2.77668,4.42144,3463.78,0
1.65141,3504.26,-0.84002,2.73143,7.36007,3476.71,0
1.65272,3504.24,-0.793996,2.7524,8.23054,3487.89,0
1.654,3504.25,-0.819655,2.71731,7.00348,3476,0
1.6553,3504.29,-0.890348,2.70837,2.29242,3446.98,0
1.65659,3504.31,-0.87533,2.61698,4.11989,3437.25,0
1.65788,3504.29,-0.829336,2.65943,4.64098,3444.4,0
1.65919,3504.26,-0.851887,2.65972,6.39811,3457.02,0
1.66049,3504.28,-0.910829,2.63744,4.65256,3447.65,0
1.66178,3504.31,-0.923028,2.62784,1.33814,3423.27,0
1.66309,3504.24,-1.00928,2.66846,5.32869,3460.95,0
1.66438,3504.24,-1.03532,2.65559,5.47681,3463.06,0
1.6657,3504.23,-1.04439,2.67752,4.44765,3462.79,0
1.66701,3504.19,-1.08073,2.71788,5.84499,3482.5,0
1.66832,3504.18,-1.08509,2.70464,6.64136,3488.86,0
1.66962,3504.16,-1.07796,2.72149,7.30919,3499.45,0
1.67092,3504.17,-1.13011,2.72662,4.38632,3488.17,0
1.67222,3504.15,-1.06124,2.75341,5.85564,3497.72,0
1.67351,3504.14,-1.04743,2.73144,7.50269,3504.25,0
1.6748,3504.11,-1.04666,2.76234,8.04553,3519.61,0
1.6761,3504.15,-1.0194,2.73215,4.19791,3490.01,0
1.67741,3504.13,-0.978576,2.73508,5.63796,3497.15,0
1.6787,3504.09,-0.958837,2.72207,9.79345,3523.51,0
1.68001,3504.09,-0.957785,2.71274,8.17196,3517.18,0
1.68133,3504.1,-0.991685,2.71016,6.05932,3508.78,0
1.68264,3504.1,-1.02441,2.72816,4.50702,3506.37,0
1.68394,3504.09,-1.07959,2.81429,1.61234,3511.11,0
1.68525,3504.08,-1.01782,2.86696,1.51694,3515.11,0
1.68657,3504.07,-0.933209,2.88778,2.41914,3516.96,0
1.68788,3504.05,-0.914628,2.84098,5.41231,3524.5,0
1.68918,3504.04,-0.938559,2.86221,5.17748,3531.04,0
1.69047,3504.02,-0.991853,2.91317,3.87479,3537.82,0
1.69177,3504,-1.00177,2.92276,4.3394,3544.77,0
1.69308,3503.99,-0.995247,2.9698,3.35179,3548.08,0
1.69439,3503.98,-0.929615,2.9755,4.91115,3551.59,0
1.69568,3503.99,-0.910487,3.05084,0.911393,3541.46,0
1.69698,3503.97,-0.840272,3.0226,4.49391,3550.54,0
1.69827,3503.96,-0.887631,2.99004,5.99392,3555.26,0
1.69958,3503.98,-0.848796,3.04782,1.46405,3539.32,0
1.70087,3503.95,-0.851303,3.00083,5.98932,3557.29,0
1.70217,3503.91,-0.86143,2.9885,9.07335,3576.41,0
1.70345,3503.91,-0.899025,3.01858,5.67863,3573.59,0
1.70475,3503.95,-0.926769,3.00816,1.88799,3548.89,0
1.70605,3503.91,-0.95223,3.09113,2.29003,3570.86,0
1.70735,3503.9,-0.917037,3.06957,4.17496,3572.47,0
1.70864,3503.87,-0.995223,3.0823,4.95843,3585,0
1.70996,3503.9,-0.941104,3.04875,4.67634,3569.02,0
1.71126,3503.93,-0.958385,3.01649,2.44339,3546.53,0
1.71259,3503.87,-0.975003,3.0505,6.13896,3578.23,0
1.71389,3503.89,-0.959348,3.02253,5.55937,3567.28,0
1.71519,3503.85,-0.983057,3.02931,7.30482,3585.45,0
1.71648,3503.85,-1.004,3.06972,5.13742,3583.62,0
1.71776,3503.91,-0.983506,3.04524,0.409685,3547.08,0
1.71906,3503.84,-0.927003,3.04217,7.1868,3584.7,0
1.72036,3503.84,-0.956355,3.08696,4.03091,3578.86,0
1.72166,3503.81,-0.914267,3.10058,6.40694,3592.64,0
1.72297,3503.87,-0.894596,3.05901,2.9629,3559.38,0
1.72426,3503.87,-0.847758,3.08972,2.27662,3557.52,0
1.72559,3503.84,-0.799442,3.09103,5.14438,3569.69,0
1.7269,3503.88,-0.841969,3.08653,1.09746,3544.84,0
1.7282,3503.9,-0.79935,2.99727,2.666,3527.83,0
1.72947,3503.86,-0.863316,3.04415,4.34205,3551.28,0
1.73077,3503.88,-0.817974,3.01999,3.46399,3535.7,0
1.73207,3503.91,-0.770831,3.01009,1.46536,3516.84,0
1.73337,3503.91,-0.810374,3.03533,0.324695,3516.22,0
1.73467,3503.85,-0.792774,3.07606,4.15742,3546.01,0
1.73596,3503.9,-0.68912,3.02374,2.2737,3514.09,0
1.73727,3503.86,-0.695432,3.01111,6.03673,3532.33,0
1.73856,3503.86,-0.723729,2.98822,6.92033,3534.28,0
1.73987,3503.86,-0.680696,3.0164,5.24348,3529.24,0
1.74116,3503.85,-0.731176,3.06863,3.41985,3532.11,0
1.74247,3503.85,-0.669491,3.10388,2.47702,3529.55,0
1.74381,3503.87,-0.60068,3.07474,2.42765,3516.81,0
1.74511,3503.86,-0.55849,3.01664,5.17632,3516.28,0
1.7464,3503.87,-0.550892,3.03869,2.9236,3508.39,0
1.74771,3503.87,-0.501857,3.02288,3.93219,3507.2,0
1.74899,3503.87,-0.491102,3.02177,4.2399,3507.21,0
1.7503,3503.9,-0.50987,2.96312,2.81472,3485.32,0
1.75161,3503.86,-0.400862,3.01295,5.19001,3505.27,0
1.75289,3503.87,-0.414049,3.00419,4.01102,3495.49,0
1.75422,3503.85,-0.3968,3.02158,5.3041,3505.45,0
1.75551,3503.83,-0.414947,3.03874,5.93725,3514.38,0
1.75682,3503.86,-0.433191,3.06226,1.35307,3492.98,0
1.75813,3503.85,-0.439512,3.0857,1.79314,3499.06,0
1.75944,3503.79,-0.398309,3.2045,2.69593,3530.06,0
1.76074,3503.81,-0.380471,3.15278,3.00296,3516.61,0
1.76205,3503.82,-0.329572,3.12884,3.27138,3508.46,0
1.76333,3503.77,-0.303335,3.15285,6.3656,3532.45,0
1.76463,3503.78,-0.286463,3.15027,4.651,3525.35,0
1.76595,3503.81,-0.241292,3.18435,0.690437,3506.89,0
1.76726,3503.75,-0.277242,3.23725,4.22509,3539.08,0
1.76858,3503.73,-0.368403,3.27569,3.44258,3544.6,0
1.76987,3503.73,-0.296152,3.31404,1.72384,3540.69,0
1.77118,3503.67,-0.301236,3.41612,3.45971,3575.89,0
1.77248,3503.69,-0.151864,3.37637,3.66448,3561.38,0
1.77379,3503.73,-0.134149,3.32484,1.53302,3532.73,0
1.77508,3503.68,-0.137886,3.33985,5.33978,3559.11,0
1.77639,3503.67,-0.132768,3.33106,6.43673,3565.71,0
1.77768,3503.7,-0.152693,3.30805,3.58692,3542.74,0
1.779,3503.67,-0.185004,3.37503,3.87164,3560.6,0
1.78029,3503.7,-0.232225,3.31424,2.99279,3538.61,0
1.7816,3503.72,-0.182171,3.26301,2.89719,3522.47,0
1.78288,3503.72,-0.119984,3.27989,2.44144,3522.94,0
1.78417,3503.79,-0.133186,3.12721,2.39352,3482.15,0
1.78546,3503.84,-0.0987606,3.01879,1.42569,3449.54,0
1.78675,3503.79,-0.156379,3.05431,4.24365,3473.21,0
1.78805,3503.8,-0.126171,3.03699,4.27823,3467.69,0
1.78932,3503.76,-0.145043,3.07756,5.62939,3486.71,0
1.79062,3503.83,-0.143641,3.03385,0.699147,3448.49,0
1.79191,3503.75,-0.108286,3.04053,7.90831,3488.29,0
1.79319,3503.74,-0.0983705,3.07136,6.07681,3491.66,0
1.7945,3503.71,-0.0792437,3.05719,8.7906,3507.48,0
1.79579,3503.67,-0.117875,3.0785,9.58022,3524.11,0
1.79711,3503.72,-0.130665,3.06878,4.47427,3495,0
1.79841,3503.71,-0.136836,3.04664,5.6683,3496.92,0
1.79971,3503.74,-0.165862,3.05634,2.25519,3480.76,0
1.80101,3503.71,-0.141045,3.09719,3.20242,3494.21,0
1.80229,3503.75,-0.134757,3.01925,2.26129,3468.08,0
1.80361,3503.72,-0.0430839,3.07316,2.64329,3480.83,0
1.80492,3503.7,0.037165,3.09923,3.56277,3490.25,0
1.80622,3503.69,0.0536932,3.10195,3.96898,3490.85,0
1.80752,3503.7,0.0662804,3.11931,2.40834,3485.87,0
1.80883,3503.67,0.023682,3.14871,3.97787,3499.92,0
1.81016,3503.66,-0.0235729,3.19228,2.55069,3501.87,0
1.81147,3503.65,0.0138399,3.16022,4.84238,3507.17,0
1.81279,3503.64,0.0246346,3.16081,4.45886,3506.07,0
1.81409,3503.6,0.0367515,3.19534,5.56066,3525.79,0
1.81542,3503.61,0.0255022,3.1866,5.11298,3521,0
1.81671,3503.6,0.00883675,3.1684,6.43204,3524.62,0
1.818,3503.65,0.0197507,3.17636,0.773993,3495.44,0
1.8193,3503.58,0.0862358,3.26119,3.49269,3530.88,0
1.82061,3503.59,0.0522937,3.2592,2.41332,3522.83,0
1.8219,3503.55,0.0125313,3.22091,7.17207,3537.79,0
1.82319,3503.55,0.00675404,3.25224,5.3853,3538.44,0
1.8245,3503.54,0.0347819,3.2764,4.44096,3539.83,0
1.82581,3503.56,0.0233262,3.247,3.56329,3525.71,0
1.82712,3503.59,-0.00129999,3.22884,1.254,3506.09,0
1.82841,3503.55,0.0330545,3.1923,6.84089,3526.33,0
1.8297,3503.53,0.0319045,3.16663,9.1997,3537.82,0
1.83101,3503.54,0.0565277,3.12709,7.41225,3526.64,0
1.8323,3503.53,0.0276718,3.1298,7.15687,3529.68,0
1.83357,3503.51,0.0266276,3.12167,8.65014,3537.35,0
1.83487,3503.52,0.0484484,3.09504,7.86042,3533.02,0
1.83617,3503.49,0.0640599,3.06619,9.5148,3543,0
1.83748,3503.49,0.0420359,3.0327,10.0859,3543.79,0
1.83877,3503.5,0.0105564,3.06507,5.7173,3533.46,0
1.8401,3503.47,0.00378535,3.08478,7.12594,3547.92,0
1.84138,3503.46,0.00236454,3.10017,7.15348,3552.03,0
1.84269,3503.48,0.0174192,3.09751,4.42707,3538.91,0
1.844,3503.46,-0.0218067,3.10823,5.80405,3547.82,0
1.84531,3503.42,-0.022778,3.11025,8.21183,3564.59,0
1.84662,3503.41,-0.0355311,3.127,7.56493,3569.15,0
1.84791,3503.44,-0.0303835,3.11133,4.33402,3551.83,0
1.84921,3503.45,0.0142089,3.14049,1.14447,3541.86,0
1.85048,3503.43,0.0301275,3.09455,4.73972,3549.3,0
1.85179,3503.41,0.176256,3.10649,6.4267,3560.79,0
1.85309,3503.45,0.178794,3.08898,2.14187,3533.46,0
1.85441,3503.46,0.124731,3.08128,1.23086,3525.35,0
1.8557,3503.5,0.216839,2.96537,2.60279,3503.14,0
1.85703,3503.49,0.225708,2.92645,5.25847,3506.38,0
1.85832,3503.47,0.234871,2.89654,8.22344,3516.23,0
1.85963,3503.45,0.227939,2.90404,8.13519,3520.72,0
1.86094,3503.43,0.234743,2.86267,10.723,3530.95,0
1.86223,3503.46,0.237521,2.85102,7.13443,3514.24,0
1.86354,3503.45,0.246988,2.85881,6.0987,3515.5,0
1.86484,3503.46,0.218078,2.87671,3.60855,3505.71,0
1.86613,3503.47,0.22512,2.86127,3.37871,3498.93,0
1.86743,3503.47,0.231084,2.82505,5.17324,3498.95,0
1.86872,3503.44,0.214417,2.83671,6.9907,3511.73,0
1.87003,3503.44,0.23743,2.79324,8.05448,3508.52,0
1.87135,3503.42,0.188455,2.77967,8.95765,3515.49,0
1.87265,3503.45,0.189091,2.75189,5.95622,3498.13,0
1.87395,3503.5,0.191596,2.71835,2.06373,3469.81,0
1.87525,3503.5,0.137914,2.71059,2.05255,3465.19,0
1.87657,3503.51,0.137573,2.72274,0.448945,3458.73,0
1.87785,3503.5,0.123322,2.67248,3.64266,3460.46,0
1.87917,3503.54,0.180385,2.633,1.20313,3439.36,0
1.88048,3503.54,0.269729,2.59925,2.48864,3437.64,0
1.88177,3503.54,0.293399,2.57237,2.92591,3433,0
1.88306,3503.55,0.264609,2.58109,1.50408,3426,0
1.88435,3503.53,0.266276,2.53981,5.74468,3436.1,0
1.88566,3503.56,0.241159,2.55697,0.986516,3415.91,0
1.88696,3503.52,0.257708,2.53363,5.37771,3431.52,0
1.88825,3503.53,0.255744,2.60572,0.67013,3424.45,0
1.88959,3503.51,0.258566,2.56762,4.36251,3432.18,0
1.89087,3503.49,0.218801,2.51872,8.64985,3443.62,0
1.89217,3503.49,0.251776,2.54697,6.02116,3441.01,0
1.89346,3503.5,0.286628,2.56017,3.37995,3431.55,0
1.89474,3503.55,0.304828,2.48086,1.47724,3404.63,0
1.89604,3503.51,0.322781,2.55111,2.93225,3424.82,0
1.89734,3503.48,0.357419,2.51864,6.71278,3435.38,0
1.89863,3503.47,0.336785,2.56744,5.48397,3438.91,0
1.89993,3503.5,0.377861,2.53994,2.65374,3419.58,0
1.90123,3503.51,0.378835,2.52386,2.74801,3414.89,0
1.90253,3503.52,0.340414,2.45307,5.13592,3407.84,0
1.90384,3503.52,0.342793,2.50219,2.41295,3405.22,0
1.90514,3503.51,0.331781,2.51659,2.72575,3407.97,0
1.90645,3503.5,0.364603,2.4479,5.95367,3410.25,0
1.90776,3503.5,0.343385,2.41451,6.58048,3408.69,0
1.90906,3503.48,0.34044,2.40686,8.1419,3416.58,0
1.91035,3503.49,0.368232,2.3565,7.69203,3409.15,0
1.91165,3503.47,0.355835,2.35826,8.82115,3417.17,0
1.91294,3503.46,0.332011,2.33265,8.78867,3416.47,0
1.91425,3503.42,0.340233,2.32274,1.49396,3435.58,0
1.91554,3503.38,0.410382,2.2731,8.34318,3456.15,0
1.91685,3503.35,0.415352,2.27564,10.2364,3468.87,0
1.91815,3503.36,0.401115,2.26029,8.11745,3461.15,0
1.91946,3503.34,0.400413,2.26019,8.80632,3468.66,0
1.92076,3503.38,0.371479,2.23585,5.08031,3448.66,0
1.92207,3503.36,0.334022,2.20788,8.14265,3455.85,0
1.92337,3503.39,0.365299,2.2405,1.93254,3438.45,0
1.92465,3503.39,0.317435,2.21957,2.78114,3434.85,0
1.92595,3503.43,0.355081,2.13993,1.63342,3413.67,0
1.92725,3503.41,0.302447,2.10432,5.11176,3417.63,0
1.92855,3503.4,0.328738,2.12522,5.41837,3423.62,0
1.92984,3503.4,0.357679,2.14274,4.10045,3421.59,0
1.93114,3503.37,0.445186,2.19855,4.32711,3434.98,0
1.93243,3503.4,0.45234,2.16078,2.18048,3417.97,0
1.93373,3503.39,0.498953,2.12121,4.59425,3420.28,0
1.93503,3503.39,0.491715,2.1743,1.65988,3416.37,0
1.93632,3503.33,0.594833,2.18781,7.02393,3446.5,0
1.93762,3503.31,0.627929,2.18983,7.13977,3451.96,0
1.9389,3503.31,0.638512,2.1968,5.77549,3448.3,0
1.94022,3503.34,0.634943,2.19449,2.47572,3432.85,0
1.94154,3503.39,0.576363,2.05386,3.59537,3405.7,0
1.94284,3503.4,0.504585,2.04087,4.04758,3399.61,0
1.94414,3503.42,0.4749,2.06807,0.373034,3386.97,0
1.94545,3503.4,0.51147,2.00659,4.43122,3391.56,0
1.94676,3503.38,0.500569,1.96922,8.55156,3401.44,0
1.94805,3503.39,0.493492,1.98073,5.24683,3391.48,0
1.94937,3503.42,0.511378,1.95528,2.17279,3377.06,0
1.95067,3503.37,0.483761,1.98695,6.8309,3398.97,0
1.95198,3503.38,0.496845,1.981,4.92691,3392.21,0
1.95328,3503.37,0.507084,2.00043,3.78741,3392.57,0
1.95459,3503.39,0.468132,1.95602,3.98929,3381.88,0
1.95589,3503.37,0.469906,1.93266,7.08496,3391.17,0
1.95721,3503.33,0.466584,1.9206,10.2664,3409.06,0
1.95851,3503.29,0.505258,1.9233,1.91035,3428.58,0
1.95983,3503.24,0.484351,1.92066,8.24266,3450.34,0
1.96114,3503.21,0.47337,1.86039,1.2725,3460.31,0
1.96244,3503.17,0.437476,1.85578,8.15323,3481.96,0
1.96373,3503.14,0.418012,1.8424,10.2992,3493.59,0
1.96502,3503.14,0.382623,1.83449,7.86277,3489.02,0
1.96634,3503.15,0.402726,1.82728,5.59773,3483.42,0
1.96763,3503.15,0.353803,1.94667,0.254876,3482.5,0
1.96893,3503.13,0.372362,1.89116,5.47119,3490.61,0
1.97022,3503.14,0.327182,1.91869,2.91281,3483.64,0
1.97152,3503.15,0.299922,1.8909,3.19941,3476.72,0
1.97281,3503.1,0.282593,1.9592,5.88215,3496.99,0
1.97411,3503.08,0.287339,1.98947,6.43059,3505.37,0
1.97541,3503.01,0.315284,1.99143,3.69012,3538.59,0
1.97671,3503.03,0.238913,1.94823,4.05619,3527.07,0
1.97801,3503,0.226946,2.03691,2.29365,3536.61,0
1.97932,3502.99,0.164396,2.02176,5.6092,3541.84,0
1.98062,3502.99,0.102898,2.04697,3.60014,3538.43,0
1.98194,3502.95,0.102227,2.12205,5.15061,3559.49,0
1.98323,3502.95,0.11456,2.14499,2.85889,3555.44,0
1.98452,3502.92,0.178128,2.15438,5.39638,3566.35,0
1.98583,3502.93,0.160226,2.14714,4.14632,3558.35,0
1.98713,3502.92,0.116162,2.14795,5.75729,3562.38,0
1.98842,3502.91,0.122336,2.14874,7.03518,3567.96,0
1.98973,3502.91,0.0954261,2.15897,5.88377,3565.25,0
1.99104,3502.88,0.0525155,2.13308,9.1397,3573.71,0
1.99233,3502.89,0.0456237,2.14468,6.24895,3567.93,0
1.99362,3502.88,0.0227476,2.15695,6.47152,3571.65,0
1.9949,3502.86,0.0337223,2.1577,8.11923,3580.02,0
1.99619,3502.86,0.102621,2.26298,0.891616,3578.53,0
1.99752,3502.88,0.0334313,2.15776,4.21309,3564.36,0
1.99882,3502.86,0.131732,2.20393,3.40779,3570.56,0
2.00012,3502.9,0.143528,2.16737,0.604303,3550.62,0
2.00145,3502.88,0.194374,2.17854,1.50872,3556.01,0
2.00274,3502.86,0.201636,2.12694,7.3716,3564.99,0
2.00404,3502.83,0.214703,2.1158,10.6549,3577.59,0
2.00533,3502.76,0.232285,2.09908,9.70729,3610.61,0
2.00661,3502.82,0.215177,2.08132,1.0798,3579.03,0
2.00791,3502.78,0.171718,2.12896,3.19131,3594.23,0
2.0092,3502.74,0.147635,2.22261,3.02523,3613.06,0
2.01053,3502.74,0.0850489,2.23869,1.76872,3609.94,0
2.01184,3502.7,0.0534362,2.23833,6.42304,3626.15,0
2.01315,3502.72,0.02785,2.25225,3.76541,3618.53,0
2.01445,3502.73,0.00767002,2.23388,3.00129,3609.67,0
2.01576,3502.71,0.0081235,2.20928,6.08626,3614.71,0
2.01706,3502.7,0.0310364,2.25674,3.46729,3617.85,0
2.01835,3502.67,0.0233632,2.26971,7.31308,3633.52,0
2.01965,3502.69,0.013989,2.26232,3.23255,3618.05,0
2.02094,3502.72,-0.0320074,2.19372,3.81118,3602.11,0
2.02223,3502.73,-0.0424221,2.12137,7.02756,3594.73,0
2.02355,3502.7,-0.027104,2.17094,6.96188,3607.99,0
2.02485,3502.69,-0.0309092,2.20064,5.43038,3612.24,0
2.02616,3502.65,-0.0252244,2.17915,10.7179,3625.8,0
2.02746,3502.65,-0.0122811,2.17513,9.50192,3626.29,0
2.02876,3502.67,-0.00095917,2.18024,5.37097,3614.45,0
2.03007,3502.64,0.0624766,2.19133,7.91822,3626.27,0
2.03136,3502.69,0.0951536,2.16955,0.387764,3597.94,0
2.03267,3502.69,-0.0137381,2.17496,0.183738,3596.11,0
2.03398,3502.66,0.0221034,2.17867,3.84815,3607.13,0
2.03529,3502.69,0.0389053,2.15056,2.27056,3594.07,0
2.03658,3502.69,0.167441,2.1432,1.55394,3590.05,0
2.03787,3502.66,0.229888,2.09684,8.05543,3601.26,0
2.03916,3502.65,0.264345,2.0811,9.29126,3604.27,0
2.04047,3502.65,0.262411,2.07126,8.4676,3602.14,0
2.04178,3502.7,0.276312,2.04921,1.4073,3574.61,0
2.04308,3502.69,0.281995,2.03705,3.8839,3579.32,0
2.04437,3502.67,0.254519,2.04302,5.3937,3583.29,0
2.04567,3502.66,0.260962,2.07201,5.446,3588.71,0
2.04699,3502.66,0.261884,2.07968,3.66023,3583.47,0
2.04827,3502.65,0.281487,2.13214,2.39972,3590.29,0
2.04956,3502.63,0.271087,2.11654,5.31848,3593.97,0
2.05086,3502.65,0.261297,2.12488,2.55877,3585.82,0
2.05218,3502.59,0.251627,2.1333,8.9886,3609.23,0
2.05348,3502.58,0.261367,2.13294,9.45673,3614.44,0
2.05479,3502.56,0.268783,2.136,9.26391,3619.09,0
2.05607,3502.56,0.273874,2.17194,5.90128,3620.59,0
2.05739,3502.55,0.292515,2.15475,7.80459,3622.63,0
2.05869,3502.55,0.318651,2.20927,2.28779,3619.11,0
2.05998,3502.56,0.400113,2.18911,1.48782,3613.1,0
2.06127,3502.53,0.376327,2.15403,7.71405,3623.08,0
2.06256,3502.54,0.366518,2.17134,4.73788,3618.53,0
2.06388,3502.53,0.349723,2.1344,8.11753,3620.41,0
2.06518,3502.54,0.336232,2.11775,6.8002,3613.15,0
2.06647,3502.54,0.319863,2.12992,4.88267,3610.52,0
2.06778,3502.51,0.312245,2.16871,5.74811,3621.47,0
2.06908,3502.52,0.329882,2.15736,4.97395,3616.64,0
2.07038,3502.48,0.335338,2.1811,6.83587,3629.86,0
2.07168,3502.51,0.344524,2.14167,4.72488,3613.18,0
2.07297,3502.52,0.323379,2.11226,5.98197,3608.4,0
2.07427,3502.51,0.317182,2.10091,7.31245,3611.25,0
2.07556,3502.51,0.313431,2.09298,6.72574,3610.31,0
2.07686,3502.51,0.325903,2.04803,8.72244,3607.69,0
2.07816,3502.52,0.322212,2.03933,6.21785,3599.09,0
2.07946,3502.51,0.335822,2.07445,4.31675,3601.1,0
2.08076,3502.48,0.340368,2.06428,8.6596,3613.3,0
2.08205,3502.45,0.304642,2.05231,2.43394,3627.88,0
2.08333,3502.46,0.218265,2.03974,2.45964,3620.27,0
2.08463,3502.42,0.226642,2.0131,9.09312,3634.62,0
2.08591,3502.44,0.232773,1.99642,7.47956,3625.88,0
2.08721,3502.44,0.236903,1.98575,6.27175,3621.8,0
2.08851,3502.46,0.245764,1.99226,2.19235,3611.2,0
2.08982,3502.49,0.244445,1.93237,2.37471,3595.87,0
2.09113,3502.5,0.189433,1.90964,2.16358,3586.83,0
2.09243,3502.48,0.18604,1.94787,2.4519,3594.41,0
2.09373,3502.45,0.218211,1.93957,6.87212,3605.15,0
2.09504,3502.46,0.199693,1.94013,5.09439,3597.92,0
2.09635,3502.48,0.144209,1.88941,6.75696,3589.02,0
2.09765,3502.5,0.114996,1.8854,2.43611,3574.16,0
2.09896,3502.49,0.156503,1.86965,4.59763,3576.17,0
2.10027,3502.52,0.120059,1.8056,5.39884,3561.86,0
2.10156,3502.51,0.187947,1.82944,3.77403,3562.31,0
2.10289,3502.5,0.166998,1.81933,7.00489,3567.67,0
2.1042,3502.47,0.138226,1.80429,10.6034,3576.37,0
2.10549,3502.44,0.154876,1.81811,1.70002,3589.53,0
2.10679,3502.46,0.144935,1.76687,2.85361,3579.55,0
2.10809,3502.41,0.0915139,1.88756,0.590654,3598.04,0
2.1094,3502.39,0.0749124,1.89401,4.9986,3609.46,0
2.11067,3502.35,0.0827042,1.89487,10.5212,3625.69,0
2.11195,3502.31,0.0444602,1.90782,3.40707,3642.53,0
2.11325,3502.28,0.0902591,1.88732,8.76173,3653,0
2.11455,3502.29,0.0826867,1.88043,6.14287,3645.5,0
2.11585,3502.25,0.0755355,1.88587,11.7223,3663.03,0
2.11718,3502.18,0.0955458,1.84657,3.14071,3691.81,0
2.11848,3502.18,0.185284,1.85586,1.71584,3690.56,0
2.11979,3502.11,0.115723,1.85149,3.00508,3721.04,0
2.12108,3502.09,0.120191,1.85561,6.17031,3729.52,0
2.12235,3502.12,0.0515925,1.84149,2.60849,3714.73,0
2.12365,3502.07,0.104196,1.87014,7.19256,3734.49,0
2.12494,3502.09,0.11842,1.8671,3.19286,3724.34,0
2.12622,3502.13,0.166142,1.80821,0.463864,3701.12,0
2.12752,3502.11,0.0440094,1.83242,2.76365,3709.13,0
2.12883,3502.08,0.00775712,1.79092,11.2462,3719.52,0
2.13013,3502.05,0.0421796,1.78347,4.75863,3729.87,0
2.13143,3502.08,0.0866152,1.73901,5.05229,3717.36,0
2.13272,3502.05,0.123235,1.81249,1.41825,3726.72,0
2.13403,3502.01,0.0971267,1.83073,7.35265,3744.9,0
2.13534,3502,0.0669119,1.75282,5.75378,3747.39,0
2.13664,3502,0.0542573,1.72957,8.16261,3746.43,0
2.13794,3502,0.0559425,1.71274,8.3773,3742.92,0
2.13924,3501.98,0.0477902,1.73913,7.71126,3748.79,0
2.14054,3502.02,0.0924441,1.70425,2.27604,3727.25,0
2.14184,3502.02,0.0600197,1.69053,3.16438,3724.97,0
2.14313,3502.02,0.0624118,1.63437,8.99184,3723.43,0
2.14442,3502.04,0.143415,1.61042,5.74285,3713.65,0
2.14574,3502.03,0.109831,1.59626,7.69482,3712.07,0
2.14706,3502.05,0.133882,1.60359,3.30651,3704.51,0
2.14836,3502.03,0.210763,1.63686,1.59142,3709.22,0
2.14967,3502.04,0.241363,1.59405,3.99175,3703.16,0
2.15097,3502.01,0.230627,1.65671,3.45602,3715.25,0
2.15226,3501.98,0.186326,1.72811,1.37301,3726.35,0
2.15357,3501.95,0.170076,1.70648,9.69428,3738.67,0
2.15488,3501.91,0.10465,1.69831,7.23341,3753.9,0
2.15618,3501.94,0.100501,1.70364,0.46652,3739.68,0
2.15749,3501.94,0.120747,1.65314,4.91249,3735.61,0
2.15879,3501.91,0.132433,1.65633,10.6037,3748.35,0
2.16009,3501.85,0.098812,1.61447,4.87164,3772.16,0
2.16138,3501.85,0.056006,1.64468,2.10989,3772.45,0
2.16267,3501.81,0.0507222,1.66068,7.447,3786.29,0
2.16398,3501.82,0.0642735,1.68048,1.68119,3780.88,0
2.16527,3501.75,0.0258224,1.71638,10.5868,3809.99,0
2.16657,3501.78,-0.0181521,1.61718,6.52904,3795.55,0
2.16788,3501.77,0.000727511,1.63878,4.17189,3796.29,0
2.1692,3501.78,0.104451,1.64022,1.75572,3790.68,0
2.17048,3501.77,0.150525,1.61402,5.23437,3789.95,0
2.17179,3501.78,0.153991,1.58771,5.86754,3783.13,0
2.17311,3501.8,0.188497,1.57953,3.29398,3775.02,0
2.17441,3501.76,0.222916,1.57815,10.384,3788.61,0
2.17572,3501.76,0.211213,1.60204,7.19248,3789.29,0
2.17701,3501.73,0.198061,1.5611,6.88055,3799.43,0
2.1783,3501.71,0.222022,1.5519,9.21437,3803.84,0
2.17961,3501.66,0.210891,1.51694,2.39943,3827.14,0
2.1809,3501.63,0.239067,1.54793,3.03082,3837.16,0
2.18221,3501.63,0.240723,1.52275,5.88596,3833.7,0
2.1835,3501.62,0.228028,1.50847,9.4777,3836.18,0
2.1848,3501.59,0.189387,1.50482,8.20942,3850.6,0
2.18611,3501.59,0.178465,1.4669,11.3511,3846.26,0
2.18742,3501.56,0.161808,1.47398,7.31447,3860.69,0
2.18872,3501.55,0.146723,1.48343,7.67376,3862.61,0
2.19001,3501.57,0.141171,1.4678,4.10551,3851.23,0
2.19131,3501.56,0.145006,1.46816,4.24684,3850.33,0
2.1926,3501.54,0.149696,1.52435,0.776142,3859.85,0
2.19391,3501.53,0.114743,1.522,3.99282,3862.06,0
2.19521,3501.51,0.0607454,1.52788,6.2933,3866.43,0
2.1965,3501.45,0.131286,1.59213,7.8763,3890.33,0
2.19781,3501.41,0.18746,1.58855,5.26991,3906.81,0
2.1991,3501.39,0.166779,1.53642,9.60531,3916.04,0
2.20041,3501.37,0.156007,1.51716,4.92236,3920.19,0
2.20172,3501.43,0.218972,1.45897,0.764461,3894.47,0
2.20303,3501.42,0.23582,1.45042,2.77241,3894.1,0
2.20431,3501.37,0.30933,1.44054,3.58469,3913.89,0
2.20563,3501.41,0.229466,1.3966,4.81819,3894.58,0
2.20693,3501.39,0.20522,1.38274,2.97085,3902.74,0
2.20824,3501.38,0.189736,1.38554,3.95801,3903.06,0
2.20953,3501.41,0.171576,1.28006,7.53452,3889.62,0
2.21085,3501.4,0.131447,1.2541,2.65352,3888.09,0
2.21215,3501.36,0.136252,1.26189,1.56586,3903.59,0
2.21343,3501.35,0.143343,1.24344,8.48496,3906.12,0
2.21474,3501.29,0.136294,1.23092,7.64284,3931.3,0
2.21605,3501.31,0.115729,1.22402,4.47112,3922.61,0
2.21735,3501.26,0.119598,1.2091,11.2455,3940.94,0
2.21865,3501.28,0.132336,1.15491,4.3954,3928.35,0
2.21997,3501.26,0.125108,1.13798,6.9368,3938.98,0
2.22127,3501.24,0.0806086,1.1349,2.47173,3944.15,0
2.22257,3501.23,0.0721251,1.14695,1.91914,3945.61,0
2.22388,3501.2,0.0476884,1.08519,8.26267,3957.66,0
2.22519,3501.2,0.0495385,1.06246,2.97171,3955.38,0
2.22649,3501.16,0.0300827,1.073,3.24203,3969.54,0
2.22779,3501.12,0.0435596,1.03735,8.43758,3985.75,0
2.2291,3501.1,0.0358517,1.02622,6.17698,3991.85,0
2.2304,3501.06,0.0155476,1.05441,3.68714,4009.3,0
2.23171,3501.08,-0.0148092,1.00347,2.04944,3999.1,0
2.233,3501.01,-0.0351054,0.984181,3.00363,4024.01,0
2.23429,3500.98,-0.05064,0.951751,9.70928,4037.21,0
2.23558,3500.96,-0.0405122,0.915748,10.9404,4042.38,0
2.23689,3500.91,0.00319263,0.912731,8.1063,4065.08,0
2.23819,3500.91,-0.0269377,0.840243,7.0715,4060.72,0
2.2395,3500.93,0.0101276,0.790792,0.225376,4052.11,0
2.2408,3500.91,-0.0202517,0.739305,12.2838,4054.88,0
2.24213,3500.92,-0.0450466,0.684186,3.02364,4051.35,0
2.24343,3500.92,-0.110214,0.670892,2.31826,4047.17,0
2.24473,3500.85,-0.142672,0.653707,0.484726,4077.22,0
2.24586,3500.79,-0.131553,0.593459,10.1592,4099.09,0
