0.00131167,3509.92,0.0970239,3.31261,3.69767,63452.8,0
0.00261639,3509.91,0.0306315,3.3168,4.0205,35973.2,0
0.00393679,3509.89,-0.0103552,3.30057,4.93724,28793.8,0
0.00524207,3509.85,-0.0397721,3.31347,6.75631,29498.7,0
0.00653963,3509.88,-0.018391,3.31853,4.03935,18361.4,0
0.00784718,3509.84,-0.0287918,3.30516,5.88143,20566.9,0
0.00912012,3509.86,-0.0398601,3.27394,4.25966,14941.1,0
0.0104261,3509.83,-0.0560583,3.2753,5.79063,16461.2,0
0.0117103,3509.84,-0.0670327,3.29618,4.67501,13874.3,0
0.013013,3509.89,0.0022697,3.24185,2.20377,8530.13,0
0.0143067,3509.87,-0.0523444,3.27142,3.10002,9382.1,0
0.0156092,3509.91,-0.193857,3.28248,0.25873,5721.3,0
0.016907,3509.83,-0.16292,3.23863,4.82213,9779.62,0
0.0182172,3509.84,-0.18814,3.22773,4.27666,8915.54,0
0.0195309,3509.82,-0.210647,3.21342,5.11845,9295.66,0
0.0208303,3509.85,-0.156419,3.29626,2.28116,7005.59,0
0.0221214,3509.85,-0.124076,3.3571,1.90648,6773.3,0
0.0234401,3509.81,-0.160936,3.30095,4.75576,8275.01,0
0.0247586,3509.85,-0.146986,3.37681,1.61736,6138.46,0
0.026074,3509.89,-0.169447,3.28083,0.346457,4366.47,0
0.0273806,3509.85,-0.237472,3.19922,3.25,5651.2,0
0.0286856,3509.86,-0.212766,3.23143,2.28414,4987.08,0
0.0300076,3509.85,-0.0954487,3.2129,2.68524,4928.8,0
0.031307,3509.9,-0.220949,3.16007,0.239931,3142.64,0
0.0326218,3509.88,-0.199694,3.15259,1.62738,3787.25,0
0.033922,3509.83,-0.2688,3.18941,3.79252,5012.99,0
0.0352218,3509.82,-0.363006,3.29608,3.25194,5149.88,0
0.0365277,3509.79,-0.377459,3.21821,5.18712,5675.34,0
0.0378216,3509.81,-0.396397,3.24531,3.61231,4964.47,0
0.0391315,3509.8,-0.379516,3.25203,4.19448,5193.81,0
0.0404058,3509.74,-0.375525,3.25014,6.95498,6473.32,0
0.0417017,3509.76,-0.360283,3.24049,5.19047,5682.57,0
0.0430198,3509.81,-0.306395,3.19526,2.73689,4381.54,0
0.0443352,3509.77,-0.359101,3.19284,4.90999,5263.93,0
0.0456454,3509.76,-0.345152,3.24445,4.53659,5219.77,0
0.0469439,3509.76,-0.344368,3.29052,3.88334,5130.62,0
0.0482497,3509.76,-0.339174,3.31334,3.72078,5054.25,0
0.0495377,3509.79,-0.391882,3.32171,1.79854,4306.59,0
0.0508534,3509.76,-0.371131,3.3431,3.02332,4693.15,0
0.0521535,3509.74,-0.387068,3.35763,4.17641,5055.84,0
0.0534598,3509.73,-0.353128,3.33254,4.33884,5013.23,0
0.054767,3509.76,-0.366549,3.35763,2.02657,4297.09,0
0.0560735,3509.75,-0.314496,3.30079,3.47342,4526.51,0
0.0573682,3509.77,-0.293927,3.25399,2.29127,3942.05,0
0.0586603,3509.77,-0.201137,3.21612,3.13193,3966.56,0
0.0599616,3509.81,-0.206317,3.25428,0.148472,3136.84,0
0.0612521,3509.77,-0.272572,3.28888,2.16391,3771.82,0
0.0625538,3509.74,-0.222825,3.28304,4.11017,4219.91,0
0.0638563,3509.68,-0.215657,3.28756,6.55243,4938.98,0
0.0651563,3509.71,-0.184313,3.25128,4.84043,4428.11,0
0.0664705,3509.71,-0.166464,3.28062,4.50093,4384.55,0
0.0677578,3509.71,-0.152297,3.24809,4.21049,4217.94,0
0.0690579,3509.71,-0.17296,3.29569,3.92402,4245.66,0
0.0703467,3509.73,-0.207371,3.31237,2.40822,3879.83,0
0.0716551,3509.74,-0.185545,3.3525,1.4074,3690.09,0
0.072972,3509.72,-0.195013,3.3567,2.39991,3868.07,0
0.0742667,3509.67,-0.196081,3.32538,5.00661,4397.79,0
0.0755763,3509.71,-0.210602,3.31616,2.67218,3850.31,0
0.0768595,3509.72,-0.26248,3.38218,1.06792,3607.73,0
0.0781668,3509.69,-0.328272,3.41131,2.57983,3980.57,0
0.0794662,3509.66,-0.242123,3.41429,3.92644,4229.51,0
0.0807566,3509.68,-0.26242,3.44159,2.35121,3919.2,0
0.0820607,3509.66,-0.255568,3.4956,3.21931,4152.53,0
0.0833558,3509.64,-0.277201,3.52531,4.15195,4364.21,0
0.0846426,3509.63,-0.24887,3.5056,4.43751,4357.25,0
0.085966,3509.7,-0.350393,3.52131,0.164253,3516.28,0
0.0872725,3509.66,-0.231633,3.40005,3.27253,3848.78,0
0.088571,3509.69,-0.286834,3.4215,1.61226,3524.38,0
0.0898791,3509.69,-0.2349,3.46583,0.904598,3412.1,0
0.0911577,3509.72,-0.218284,3.3308,0.858034,3108.52,0
0.0924733,3509.7,-0.352944,3.29392,2.2778,3288.73,0
0.0937701,3509.69,-0.40518,3.32322,1.86534,3254.94,0
0.0950664,3509.72,-0.484578,3.23414,0.781792,2908.95,0
0.0963648,3509.69,-0.429142,3.24276,2.33339,3171.32,0
0.0976806,3509.68,-0.493125,3.25366,2.71971,3262.57,0
0.0989827,3509.68,-0.432675,3.21688,2.90015,3199.86,0
0.100293,3509.68,-0.405556,3.18611,3.03532,3158.96,0
0.101597,3509.67,-0.357122,3.19348,3.66831,3246.15,0
0.10291,3509.69,-0.368424,3.24313,2.11028,3049.26,0
0.104214,3509.66,-0.520773,3.27097,2.93653,3255.44,0
0.105521,3509.66,-0.514584,3.26286,3.25368,3266.76,0
0.106819,3509.63,-0.537613,3.24383,4.32449,3417.59,0
0.10813,3509.65,-0.518693,3.23689,3.3405,3220.52,0
0.109424,3509.66,-0.48886,3.20141,3.18932,3114.01,0
0.110698,3509.64,-0.566334,3.22907,3.98909,3281.94,0
0.112027,3509.7,-0.593498,3.21645,0.232413,2665.79,0
0.113318,3509.61,-0.561965,3.33626,4.18369,3415.55,0
0.114619,3509.6,-0.557228,3.36316,4.7282,3532.5,0
0.115952,3509.57,-0.546456,3.36662,5.62259,3703.39,0
0.117252,3509.62,-0.530555,3.36433,2.3965,3258.13,0
0.118562,3509.57,-0.538312,3.36553,4.71542,3600.85,0
0.119867,3509.54,-0.530155,3.36256,6.17383,3820.01,0
0.121182,3509.54,-0.510165,3.3739,5.679,3814.09,0
0.122479,3509.58,-0.546883,3.47994,2.10503,3456.7,0
0.123775,3509.57,-0.501304,3.43495,2.8874,3477.74,0
0.12509,3509.59,-0.425207,3.44598,1.74664,3289.01,0
0.126385,3509.53,-0.403448,3.46722,4.70568,3720.64,0
0.127689,3509.51,-0.443725,3.46829,5.36786,3847.96,0
0.128977,3509.5,-0.496397,3.47699,5.36,3878.53,0
0.13028,3509.52,-0.468966,3.45768,4.48645,3721.78,0
0.131572,3509.54,-0.380801,3.48525,2.94325,3530.62,0
0.132881,3509.53,-0.383833,3.53716,2.57692,3528.55,0
0.134165,3509.56,-0.391752,3.57174,0.625127,3282.85,0
0.135462,3509.53,-0.309119,3.54257,2.7017,3475.42,0
0.136758,3509.47,-0.310149,3.53754,5.72407,3862.27,0
0.138069,3509.48,-0.319592,3.53192,4.74815,3760.03,0
0.139368,3509.49,-0.33145,3.53774,3.98618,3694.87,0
0.140667,3509.48,-0.326782,3.50353,4.16272,3675.33,0
0.141952,3509.5,-0.402088,3.46713,3.26055,3524.95,0
0.143245,3509.5,-0.394149,3.36471,3.9518,3460.08,0
0.144555,3509.46,-0.360655,3.3747,6.12003,3744.92,0
0.145837,3509.48,-0.353703,3.32478,4.60255,3548.73,0
0.147133,3509.5,-0.386314,3.29321,3.97013,3424.15,0
0.148422,3509.56,-0.31994,3.29866,0.165979,2961.65,0
0.149714,3509.52,-0.408923,3.32491,2.08201,3202.31,0
0.151005,3509.49,-0.34139,3.21476,4.80982,3371.11,0
0.152312,3509.46,-0.308245,3.15879,6.68656,3557.01,0
0.153626,3509.48,-0.289438,3.10683,5.15469,3369.65,0
0.154935,3509.51,-0.32688,3.08974,3.23903,3130.72,0
0.156229,3509.51,-0.348863,3.07004,3.32127,3104.96,0
0.157522,3509.5,-0.392805,3.12403,3.65094,3191.08,0
0.158829,3509.49,-0.439452,3.06022,4.17008,3179.74,0
0.160146,3509.45,-0.408505,3.03172,6.57066,3452.41,0
0.161429,3509.43,-0.380326,3.04479,6.34208,3512.05,0
0.162726,3509.4,-0.366787,3.05229,7.50409,3701.81,0
0.164047,3509.41,-0.381718,3.05481,5.74951,3617.34,0
0.165342,3509.49,-0.349513,3.0777,0.603408,3107.05,0
0.166646,3509.42,-0.388506,3.0542,4.8025,3504.52,0
0.167941,3509.39,-0.365012,3.03715,5.99119,3648.72,0
0.169242,3509.38,-0.34473,3.02301,6.10676,3689.35,0
0.170532,3509.36,-0.344609,3.01485,6.33411,3740.9,0
0.171837,3509.35,-0.317828,3.02259,6.76803,3805.85,0
0.173151,3509.34,-0.280439,2.99439,7.09199,3837.89,0
0.174462,3509.32,-0.290865,2.97503,7.72628,3913.84,0
0.175749,3509.36,-0.333153,2.96887,4.61232,3663.27,0
0.177034,3509.38,-0.30752,2.93836,3.16489,3475.75,0
0.178356,3509.41,-0.221901,2.95013,1.51117,3314.56,0
0.179649,3509.39,-0.174924,3.04682,1.68231,3390.71,0
0.180959,3509.33,-0.135541,3.05793,4.82717,3679.77,0
0.182264,3509.32,-0.110936,3.05966,5.46292,3751.66,0
0.183547,3509.3,-0.0936715,3.03954,5.7408,3796.37,0
0.184867,3509.28,-0.0979663,3.02782,6.49605,3886.57,0
0.186156,3509.35,-0.0755724,3.02084,2.04293,3488.01,0
0.18746,3509.35,-0.0886454,2.93173,2.63143,3458.66,0
0.188784,3509.39,-0.00363014,2.87543,0.799675,3229.64,0
0.190083,3509.34,-0.0774998,2.90151,3.78052,3495.32,0
0.191394,3509.31,-0.0820967,2.86874,5.47013,3628.73,0
0.192706,3509.28,-0.096264,2.85395,6.24719,3718.9,0
0.194031,3509.24,-0.100295,2.85934,7.64412,3899.23,0
0.195338,3509.23,-0.100074,2.87117,7.66451,3967.02,0
0.196665,3509.23,-0.100309,2.89282,6.23003,3933.56,0
0.197954,3509.18,-0.0540336,2.88992,8.13247,4143.17,0
0.199263,3509.18,-0.0499524,2.86416,6.87268,4124.46,0
0.200554,3509.19,-0.0714869,2.90986,4.86048,4021.29,0
0.201839,3509.18,-0.0581629,2.90204,5.00445,4043,0
0.203167,3509.2,-0.0911059,2.93535,3.77343,3958.87,0
0.204466,3509.19,-0.0478294,2.9035,4.28942,3960.01,0
0.205769,3509.16,-0.0778293,2.89213,5.62479,4076.62,0
0.20707,3509.19,-0.058353,2.83215,4.02182,3897.63,0
0.208362,3509.23,-0.0353573,2.86086,1.17145,3688.14,0
0.209645,3509.21,-0.0518235,2.84838,2.38723,3756.57,0
0.210945,3509.17,-0.100372,2.84172,4.67187,3917.62,0
0.212241,3509.2,-0.0412263,2.82486,3.1346,3775.55,0
0.213559,3509.22,-0.0496016,2.7617,2.53944,3666.18,0
0.214852,3509.23,-0.0620294,2.73116,1.77063,3570.59,0
0.216159,3509.23,0.0204784,2.7269,1.70008,3544.2,0
0.217453,3509.19,0.22697,2.75257,4.01336,3730.33,0
0.218723,3509.2,0.266901,2.71312,3.62153,3679.45,0
0.220048,3509.15,0.277335,2.74045,5.89458,3883.78,0
0.22134,3509.13,0.306032,2.7468,6.11818,3939.87,0
0.222628,3509.13,0.303042,2.77246,5.05375,3898.69,0
0.22396,3509.13,0.326957,2.81344,4.65396,3897.91,0
0.225263,3509.11,0.305764,2.8344,4.93155,3930.82,0
0.226556,3509.13,0.340104,2.84085,3.71079,3850.45,0
0.227857,3509.18,0.328917,2.80899,0.953147,3618.62,0
0.229147,3509.15,0.284661,2.73818,3.38894,3724.22,0
0.230456,3509.14,0.308145,2.67571,3.98211,3717.27,0
0.231772,3509.12,0.321768,2.65524,4.90102,3775.44,0
0.233092,3509.13,0.315575,2.69843,3.95315,3728.44,0
0.234404,3509.1,0.321836,2.67058,5.78528,3832.41,0
0.235694,3509.07,0.32287,2.66173,6.98778,3936.12,0
0.237,3509.07,0.278286,2.65442,6.31481,3909.75,0
0.238293,3509.03,0.280573,2.61685,7.96512,4056.99,0
0.239619,3509.02,0.302056,2.58729,7.66381,4092.65,0
0.240904,3508.99,0.269942,2.58831,8.35952,4182.05,0
0.2422,3509,0.240191,2.60228,6.74633,4130.37,0
0.243483,3508.98,0.248464,2.5823,7.47688,4198.89,0
0.24478,3509.01,0.232542,2.58332,4.34557,4040.84,0
0.24607,3509.02,0.223378,2.63013,2.9451,3967.2,0
0.247365,3509.03,0.245236,2.73906,1.2641,3907.8,0
0.24868,3509.03,0.256976,2.66161,2.08448,3895.02,0
0.249981,3509,0.275765,2.62688,4.34648,4015.76,0
0.251283,3509.04,0.200151,2.64729,1.25939,3816.45,0
0.252583,3509.04,0.178446,2.60147,1.85433,3816.09,0
0.253886,3508.98,0.0983073,2.61111,4.81581,4002.34,0
0.255201,3508.95,0.113274,2.63796,6.23612,4109.44,0
0.256525,3508.95,0.101104,2.6165,5.7013,4082.08,0
0.257815,3508.89,0.0545358,2.60998,8.8444,4317.78,0
0.259112,3508.9,0.0729868,2.60927,6.82597,4259.75,0
0.26041,3508.89,0.0381062,2.65057,5.89319,4261.6,0
0.261711,3508.87,0.0401195,2.63286,6.67769,4327.3,0
0.263021,3508.89,0.0558533,2.62234,5.0551,4236.23,0
0.264331,3508.87,0.0617027,2.61495,6.04199,4293.72,0
0.265625,3508.89,0.0016329,2.60799,4.07601,4191.53,0
0.266943,3508.84,0.0434422,2.60899,6.28919,4327.84,0
0.268246,3508.86,0.0208421,2.5943,4.64026,4238.8,0
0.269557,3508.85,0.0173677,2.5478,5.18707,4257.11,0
0.270867,3508.83,-0.0239117,2.54594,6.26503,4329.92,0
0.272176,3508.84,0.0212761,2.54659,4.67078,4253.6,0
0.273488,3508.82,-0.0113898,2.49029,5.88344,4301.78,0
0.274796,3508.81,0.00628209,2.5073,5.88486,4326.5,0
0.276097,3508.79,0.0259037,2.45861,6.90708,4381.18,0
0.277419,3508.85,0.0918551,2.45727,2.51578,4146.45,0
0.278726,3508.86,0.118045,2.40948,2.277,4092.93,0
0.28004,3508.83,0.158039,2.44611,3.4254,4160.73,0
0.281345,3508.85,0.143648,2.39851,2.94599,4100.18,0
0.282659,3508.88,0.0885586,2.43233,0.115168,3947.78,0
0.283964,3508.87,0.0902507,2.41823,1.35982,3995.36,0
0.285267,3508.86,0.124128,2.37648,1.7733,3983.86,0
0.286563,3508.88,0.224514,2.44312,0.307566,3922.78,0
0.287868,3508.81,0.27357,2.49757,4.0936,4143.98,0
0.289153,3508.86,0.214851,2.51627,0.364303,3939.88,0
0.290475,3508.78,0.21128,2.52488,4.91797,4186.51,0
0.291787,3508.83,0.202824,2.54354,1.87744,4023.85,0
0.293073,3508.8,0.13945,2.53109,3.68435,4102.99,0
0.294366,3508.8,0.157919,2.49227,3.5375,4064.73,0
0.295662,3508.79,0.192596,2.47928,4.2184,4096.58,0
0.296961,3508.8,0.181034,2.51444,3.18125,4050.75,0
0.298266,3508.74,0.168918,2.54366,6.14358,4227.07,0
0.299556,3508.76,0.155194,2.54607,4.4369,4149.67,0
0.300868,3508.71,0.173681,2.51853,7.43032,4300.09,0
0.302177,3508.69,0.203767,2.53749,7.25849,4334.58,0
0.303465,3508.68,0.180476,2.5628,6.83885,4355.06,0
0.304758,3508.68,0.189039,2.60606,5.35642,4328.85,0
0.306058,3508.69,0.185505,2.59111,4.39257,4279.88,0
0.307356,3508.75,0.194884,2.56284,0.493834,4064.97,0
0.308637,3508.74,0.116074,2.6295,0.544264,4085.71,0
0.309944,3508.7,0.144955,2.58759,3.213,4182.66,0
0.311237,3508.71,0.109248,2.52299,3.18239,4137.3,0
0.312534,3508.69,0.120258,2.6073,3.62248,4189.11,0
0.313829,3508.7,0.0672203,2.57745,3.5738,4157.28,0
0.315133,3508.68,0.0509978,2.57824,4.19053,4183.82,0
0.316431,3508.65,0.0582228,2.62105,5.38385,4264.15,0
0.317759,3508.63,0.0107916,2.62751,6.18384,4314.08,0
0.319071,3508.62,-0.0226392,2.62142,6.07267,4317.1,0
0.320375,3508.61,0.0163234,2.58464,6.44266,4341.23,0
0.321675,3508.58,0.0293703,2.57254,7.45603,4428.73,0
0.322982,3508.55,-0.0107348,2.58728,7.59763,4487.2,0
0.324283,3508.55,0.0243066,2.61134,6.20471,4470.15,0
0.325594,3508.6,0.0163405,2.59148,3.07878,4314.68,0
0.326899,3508.61,0.0405933,2.54247,2.37487,4248.73,0
0.328204,3508.61,0.117521,2.511,2.80206,4243.55,0
0.329511,3508.57,0.0773775,2.53721,4.60268,4331.8,0
0.330817,3508.56,0.0875075,2.49959,5.1106,4338.81,0
0.332101,3508.55,0.0778421,2.47301,5.66465,4357.76,0
0.333388,3508.56,0.122728,2.52027,4.31351,4311.17,0
0.33468,3508.54,0.113764,2.5091,5.58321,4364.99,0
0.335984,3508.54,0.128083,2.51274,4.9077,4336.23,0
0.337262,3508.52,0.145816,2.51911,5.58472,4382.95,0
0.338583,3508.49,0.129649,2.53784,7.07283,4466.25,0
0.339885,3508.48,0.112497,2.55875,6.77901,4479.38,0
0.341174,3508.43,0.139873,2.57574,8.61251,4615.31,0
0.342474,3508.43,0.115899,2.57813,6.68431,4575.63,0
0.343775,3508.44,0.101498,2.62086,5.19895,4529.5,0
0.345094,3508.43,0.0782893,2.61847,5.75182,4558.04,0
0.346391,3508.44,0.0513816,2.6142,4.639,4511.99,0
0.347713,3508.43,-0.00749929,2.6002,4.77505,4501.32,0
0.349024,3508.44,-0.0435211,2.6009,4.26586,4482.46,0
0.350332,3508.45,-0.0653035,2.54779,3.77515,4432.72,0
0.351613,3508.47,-0.0832364,2.5933,1.51719,4347.88,0
0.352922,3508.43,-0.0206461,2.66343,3.74305,4460.23,0
0.35424,3508.47,-0.0319048,2.65035,0.621361,4309.8,0
0.35554,3508.44,-0.000188768,2.63914,3.05972,4400.49,0
0.356835,3508.42,0.0371974,2.66157,3.40116,4428.55,0
0.358139,3508.39,0.0392468,2.70125,4.88081,4508.08,0
0.359451,3508.34,0.0454484,2.73721,6.8255,4616.34,0
0.360745,3508.34,0.0292139,2.71971,6.31699,4602.52,0
0.362058,3508.35,0.0447621,2.74112,4.85264,4558.99,0
0.363359,3508.37,0.108397,2.73459,3.43816,4497.25,0
0.364664,3508.38,0.146317,2.76234,2.20426,4447.57,0
0.365958,3508.38,0.166248,2.76522,2.17357,4436.36,0
0.367247,3508.39,0.167464,2.83558,0.456418,4385.43,0
0.368556,3508.3,0.173664,2.88307,5.70697,4611.82,0
0.369868,3508.29,0.203587,2.8547,6.33142,4634.01,0
0.371165,3508.26,0.232603,2.79742,7.8603,4687.67,0
0.37246,3508.3,0.22065,2.81842,4.40562,4570.65,0
0.373764,3508.26,0.21666,2.77305,6.98633,4666,0
0.375076,3508.25,0.194664,2.76308,6.82533,4668.46,0
0.376402,3508.24,0.184692,2.73702,6.56241,4681.44,0
0.377705,3508.22,0.208011,2.74123,7.06828,4717.79,0
0.378997,3508.21,0.250397,2.79184,5.79645,4716.52,0
0.380283,3508.18,0.238393,2.76326,7.66988,4798.86,0
0.381598,3508.18,0.315452,2.72706,6.84627,4761.83,0
0.38289,3508.21,0.283652,2.70138,4.98184,4682.6,0
0.384205,3508.17,0.263931,2.67513,7.01968,4758.52,0
0.38552,3508.14,0.317146,2.6695,7.95591,4836.53,0
0.386823,3508.12,0.322535,2.67389,7.6457,4855.87,0
0.388123,3508.09,0.326093,2.63815,8.2107,4910.07,0
0.389432,3508.1,0.353015,2.64049,6.52398,4884.55,0
0.39073,3508.09,0.380513,2.62253,6.26503,4886.44,0
0.392028,3508.08,0.356203,2.5994,6.30327,4892.72,0
0.393324,3508.1,0.357561,2.5858,4.87987,4843.3,0
0.394586,3508.09,0.331049,2.60152,4.87352,4841.75,0
0.395887,3508.11,0.318629,2.6087,3.47727,4783.15,0
0.397191,3508.09,0.341417,2.64073,3.92603,4803.16,0
0.398485,3508.11,0.463078,2.61024,2.84825,4746.19,0
0.399783,3508.11,0.391247,2.61336,2.7807,4726.38,0
0.401086,3508.07,0.36987,2.62493,5.61322,4823.13,0
0.402375,3508.05,0.369278,2.59392,6.19516,4842.34,0
0.403671,3508.02,0.362682,2.61739,7.56246,4909.65,0
0.404964,3508.02,0.37945,2.62719,6.19386,4895.2,0
0.406262,3508.04,0.368023,2.61798,4.32509,4832.81,0
0.407552,3507.99,0.360488,2.58323,7.34148,4936.05,0
0.408879,3507.99,0.383582,2.59718,6.04456,4923.7,0
0.410171,3507.94,0.396495,2.59653,8.87192,5033.22,0
0.411447,3507.94,0.398252,2.59613,7.29569,5003.9,0
0.412738,3507.96,0.392292,2.59294,5.72413,4951.32,0
0.414044,3507.93,0.38373,2.60488,6.88561,4998.7,0
0.41533,3507.92,0.39391,2.55967,7.21053,5008.65,0
0.416625,3507.95,0.416751,2.5377,4.18425,4920.78,0
0.41792,3507.99,0.528042,2.54854,0.68396,4804.01,0
0.419232,3507.92,0.562946,2.56774,5.2398,4966.58,0
0.420549,3507.97,0.571758,2.55071,1.67839,4832.54,0
0.421863,3507.94,0.59276,2.51391,4.05782,4892.11,0
0.423175,3507.95,0.628302,2.52226,2.84278,4855.87,0
0.42446,3507.97,0.672599,2.46502,1.38138,4780.1,0
0.42576,3507.94,0.678229,2.43851,3.54168,4829.27,0
0.427057,3507.95,0.713274,2.41722,3.14849,4803.61,0
0.428335,3507.95,0.674689,2.39433,3.42745,4788.11,0
0.429618,3507.95,0.734556,2.35705,3.32267,4766.28,0
0.430929,3508,0.677046,2.32858,0.543664,4647.08,0
0.432212,3507.95,0.662477,2.32335,3.94587,4749.48,0
0.433523,3507.95,0.697697,2.37767,2.99807,4729,0
0.434829,3507.96,0.629116,2.45786,1.14646,4681.05,0
0.436117,3507.96,0.528269,2.47643,1.67558,4685.65,0
0.437419,3507.92,0.507052,2.45653,4.2298,4752.32,0
0.438717,3507.93,0.541045,2.45253,3.70368,4725.29,0
0.440032,3507.92,0.515257,2.48415,3.33836,4716.44,0
0.441327,3507.96,0.608309,2.38732,1.68314,4628.39,0
0.442626,3507.93,0.601636,2.37339,3.90894,4684.67,0
0.443934,3507.95,0.528885,2.3407,2.77944,4625.66,0
0.44523,3507.91,0.530414,2.23828,6.46267,4703.92,0
0.446531,3507.9,0.504605,2.26853,6.18857,4707.87,0
0.447833,3507.87,0.492375,2.24833,7.59797,4759.63,0
0.449148,3507.88,0.455941,2.27526,6.0254,4728.51,0
0.450449,3507.87,0.473124,2.26905,5.87921,4724.01,0
0.451749,3507.88,0.507645,2.22924,5.16836,4693.58,0
0.453075,3507.86,0.530018,2.20898,6.32394,4733.2,0
0.454371,3507.82,0.565041,2.18451,7.87878,4795.66,0
0.455672,3507.79,0.570521,2.1808,8.56992,4845.17,0
0.456999,3507.78,0.583677,2.20873,7.78844,4856.3,0
0.458314,3507.76,0.621967,2.23499,7.5991,4876.87,0
0.459614,3507.79,0.66407,2.26886,4.90474,4817.16,0
0.460906,3507.77,0.633471,2.26716,5.6877,4841.7,0
0.462202,3507.75,0.664752,2.27954,5.93032,4874.11,0
0.463496,3507.74,0.702416,2.24582,5.74667,4869.93,0
0.464808,3507.76,0.732679,2.25948,4.01419,4821.5,0
0.466112,3507.74,0.7004,2.24739,4.97113,4843.38,0
0.467421,3507.8,0.668982,2.26602,0.295192,4703.13,0
0.468725,3507.75,0.694828,2.33799,3.28037,4804.01,0
0.470016,3507.77,0.59992,2.31346,2.54386,4754.68,0
0.471343,3507.73,0.639509,2.33097,4.65166,4816.6,0
0.472643,3507.75,0.635608,2.34941,3.01393,4769.71,0
0.473935,3507.77,0.649881,2.37402,0.594998,4698.11,0
0.475236,3507.75,0.713999,2.42132,1.43637,4734.55,0
0.476534,3507.71,0.684806,2.42708,4.56513,4814.44,0
0.477811,3507.74,0.689146,2.35422,2.64084,4724.33,0
0.479115,3507.73,0.670745,2.28613,4.32001,4738.47,0
0.480412,3507.74,0.667357,2.23474,3.82809,4702.89,0
0.481707,3507.73,0.635519,2.26669,4.09241,4711.97,0
0.482997,3507.7,0.681607,2.33586,4.93145,4754.3,0
0.484311,3507.76,0.558609,2.36672,0.593737,4623.8,0
0.485598,3507.75,0.593849,2.36949,1.33128,4637.12,0
0.486891,3507.74,0.534257,2.39577,1.37834,4633.96,0
0.488207,3507.72,0.505051,2.40068,2.92257,4665.66,0
0.489509,3507.72,0.475816,2.34917,3.28185,4647.74,0
0.49082,3507.68,0.528732,2.47393,4.81697,4725.31,0
0.492134,3507.68,0.517803,2.46727,4.59787,4712.89,0
0.493445,3507.66,0.546987,2.46191,5.54205,4737.75,0
0.49474,3507.65,0.582599,2.47377,5.68268,4754.43,0
0.496032,3507.64,0.568784,2.50894,5.24307,4758.7,0
0.497326,3507.68,0.488534,2.52094,1.8424,4661.5,0
0.498628,3507.65,0.462724,2.53038,3.85463,4707.62,0
0.499942,3507.67,0.458577,2.57851,1.74234,4656.26,0
0.50124,3507.66,0.549655,2.55221,2.9853,4677.28,0
0.502552,3507.66,0.560097,2.47103,3.53944,4656.13,0
0.503855,3507.66,0.670425,2.37328,4.131,4639.49,0
0.505171,3507.64,0.643555,2.39097,5.29816,4665.89,0
0.506458,3507.66,0.604284,2.38691,3.69629,4618.93,0
0.507779,3507.67,0.629914,2.35376,2.98503,4581.93,0
0.509085,3507.65,0.619892,2.36148,4.40148,4618.22,0
0.51039,3507.66,0.621795,2.41438,2.62036,4581.34,0
0.511681,3507.66,0.642835,2.4024,2.37343,4566.24,0
0.513007,3507.64,0.526313,2.46931,3.50534,4598.34,0
0.514292,3507.64,0.464399,2.44654,3.61878,4585.31,0
0.515587,3507.66,0.442504,2.45308,2.18272,4540.19,0
0.516901,3507.61,0.4617,2.44296,5.52238,4625.58,0
0.518213,3507.61,0.483652,2.4368,5.33822,4614.06,0
0.519518,3507.6,0.49036,2.44319,5.30427,4624.36,0
0.520817,3507.56,0.487169,2.46355,7.15808,4680.27,0
0.522128,3507.55,0.477849,2.49104,6.97783,4701.31,0
0.523454,3507.59,0.450201,2.48271,3.35191,4605.32,0
0.524762,3507.62,0.460945,2.46638,1.30639,4540.73,0
0.526047,3507.54,0.516827,2.50161,6.01093,4672.91,0
0.527344,3507.53,0.535912,2.49794,6.01722,4676.37,0
0.528661,3507.54,0.546714,2.49278,4.64783,4646.22,0
0.529955,3507.58,0.512459,2.4935,1.72529,4561.11,0
0.531264,3507.56,0.52271,2.43056,3.96883,4588.93,0
0.53256,3507.6,0.550757,2.45491,0.525459,4504.67,0
0.533851,3507.57,0.606871,2.42434,3.21707,4558.09,0
0.53515,3507.58,0.444779,2.41546,2.5296,4517.96,0
0.536443,3507.62,0.412818,2.32756,1.00351,4443.64,0
0.53774,3507.59,0.300194,2.44514,1.83375,4486.9,0
0.539039,3507.6,0.485754,2.4263,1.08823,4461.45,0
0.540338,3507.53,0.51701,2.46696,5.27187,4576.8,0
0.541635,3507.48,0.496907,2.47948,7.69878,4657.21,0
0.542945,3507.45,0.492219,2.51567,7.81171,4700.57,0
0.544275,3507.42,0.46318,2.54801,7.90785,4740.31,0
0.545574,3507.43,0.466614,2.52465,6.10593,4713.96,0
0.54686,3507.39,0.436819,2.5233,7.61395,4768.86,0
0.548175,3507.37,0.464011,2.5091,7.95768,4805.3,0
0.549475,3507.41,0.456395,2.53684,3.55486,4707.3,0
0.550767,3507.42,0.429454,2.51052,3.44939,4689.49,0
0.552065,3507.44,0.358364,2.49556,2.32087,4646.15,0
0.553372,3507.44,0.468373,2.43195,2.84211,4635.21,0
0.554674,3507.4,0.459362,2.42275,4.95247,4678.83,0
0.555972,3507.4,0.452136,2.39735,5.52269,4684.1,0
0.557284,3507.41,0.418062,2.45033,3.28404,4646.51,0
0.558596,3507.39,0.433963,2.45271,4.77929,4679.17,0
0.559903,3507.37,0.444146,2.48983,4.90185,4692.18,0
0.56119,3507.39,0.395328,2.48121,3.27276,4642.47,0
0.562501,3507.42,0.397404,2.48561,1.25939,4589.39,0
0.5638,3507.37,0.446015,2.44362,4.88033,4658.83,0
0.565104,3507.35,0.452772,2.45397,6.17662,4690.41,0
0.566387,3507.34,0.435371,2.46273,6.42893,4704.04,0
0.567683,3507.35,0.438963,2.4901,4.72251,4675.75,0
0.568984,3507.4,0.46903,2.45612,0.925464,4571.6,0
0.570276,3507.36,0.444941,2.44547,3.97021,4627.47,0
0.571565,3507.37,0.390203,2.44137,2.9599,4592.78,0
0.572865,3507.37,0.413437,2.41299,3.46077,4587.63,0
0.574177,3507.35,0.391213,2.41025,4.78655,4608.76,0
0.575478,3507.33,0.394586,2.44873,5.74692,4639.61,0
0.576779,3507.32,0.378386,2.44737,5.21158,4638.36,0
0.578104,3507.37,0.378478,2.40396,2.47817,4556.52,0
0.579404,3507.34,0.403093,2.40961,3.99297,4585.7,0
0.580712,3507.37,0.356829,2.40533,1.44062,4521.39,0
0.58201,3507.37,0.409181,2.41531,1.69925,4526.3,0
0.583324,3507.3,0.376152,2.44231,6.08291,4631.25,0
0.584601,3507.32,0.412551,2.46289,3.48166,4577.99,0
0.585892,3507.33,0.344584,2.5072,2.16505,4551.52,0
0.587197,3507.34,0.354817,2.42823,2.66004,4530.11,0
0.588515,3507.34,0.442966,2.48208,1.28219,4513.51,0
0.589805,3507.35,0.448959,2.50473,0.0803575,4485.39,0
0.591096,3507.32,0.325706,2.502,3.15452,4537.93,0
0.592408,3507.33,0.553252,2.45652,2.50839,4512.71,0
0.593717,3507.3,0.549737,2.5478,3.06677,4543.97,0
0.595031,3507.29,0.45783,2.53462,4.36453,4554.13,0
0.596326,3507.29,0.433037,2.54141,4.3061,4550.21,0
0.597621,3507.27,0.477395,2.53173,5.16851,4565.2,0
0.598922,3507.24,0.435844,2.48286,7.51209,4600.73,0
0.600212,3507.25,0.413833,2.51417,5.81655,4580.91,0
0.601534,3507.23,0.417173,2.52788,6.58624,4598.79,0
0.602849,3507.24,0.428418,2.51901,5.83435,4583.08,0
0.604141,3507.23,0.390618,2.48365,5.95672,4583.37,0
0.605434,3507.21,0.405553,2.46021,6.8463,4606.23,0
0.606731,3507.21,0.418413,2.45762,6.35953,4596.65,0
0.608047,3507.18,0.4436,2.42895,7.62019,4629.75,0
0.609346,3507.17,0.460522,2.44109,7.16414,4640.66,0
0.61064,3507.16,0.476391,2.42839,7.38428,4651.94,0
0.611946,3507.22,0.500915,2.42584,2.16397,4550.25,0
0.613226,3507.2,0.45736,2.32255,4.80833,4566.42,0
0.61454,3507.19,0.525694,2.32739,4.71585,4569.77,0
0.61583,3507.19,0.520492,2.39163,3.79692,4562.94,0
0.617129,3507.17,0.475666,2.3917,4.9921,4581.8,0
0.618444,3507.21,0.458984,2.33758,2.93982,4518.68,0
0.619725,3507.18,0.435002,2.33175,4.89647,4546.96,0
0.621017,3507.19,0.444866,2.33481,3.66031,4520.7,0
0.622308,3507.2,0.432421,2.35724,2.503,4501.08,0
0.623612,3507.16,0.542775,2.41515,4.62239,4558.62,0
0.624919,3507.12,0.535803,2.45947,6.91133,4615.57,0
0.626219,3507.1,0.559318,2.45419,7.13315,4632.12,0
0.627505,3507.12,0.582318,2.44864,5.51526,4597.31,0
0.628794,3507.15,0.574837,2.42372,2.7863,4529.42,0
0.630105,3507.19,0.615124,2.36856,0.116673,4455.73,0
0.631401,3507.15,0.728077,2.40335,2.65633,4516.72,0
0.632713,3507.18,0.779411,2.34767,0.693092,4458.87,0
0.634009,3507.16,0.698706,2.24602,4.1861,4487.15,0
0.635333,3507.13,0.709101,2.22236,5.93056,4517.01,0
0.636644,3507.16,0.663291,2.22207,3.73568,4464.71,0
0.637945,3507.12,0.633244,2.2755,5.67234,4509.59,0
0.639263,3507.12,0.663297,2.278,5.23731,4508.84,0
0.640557,3507.09,0.690365,2.29076,6.24402,4535.65,0
0.64186,3507.12,0.717762,2.27395,3.9661,4487.34,0
0.643166,3507.14,0.720409,2.33711,1.70448,4452.11,0
0.644461,3507.14,0.847959,2.31311,0.938295,4434.8,0
0.645769,3507.12,0.938998,2.28463,2.1819,4453.39,0
0.647076,3507.08,0.934317,2.29002,5.24537,4510.36,0
0.648376,3507.07,0.874829,2.29447,5.93297,4515.62,0
0.649678,3507.09,0.897476,2.30748,3.74917,4479.69,0
0.650992,3507.12,0.918073,2.29682,1.624,4430.68,0
0.652299,3507.07,0.966483,2.32916,4.60462,4499.29,0
0.653597,3507.07,0.972003,2.38754,3.18208,4480.69,0
0.654894,3507.05,1.00621,2.35643,4.97619,4503.51,0
0.656201,3507.07,0.992102,2.36142,3.1591,4467.73,0
0.65754,3507.09,1.00849,2.38792,0.59217,4420.3,0
0.658824,3507.06,1.02198,2.33125,3.39436,4455.49,0
0.660118,3507.06,0.92407,2.37656,3.35693,4449.45,0
0.661421,3507.08,0.886281,2.42334,1.42574,4414.94,0
0.662703,3507.04,0.87617,2.43653,4.57823,4470.52,0
0.664007,3507.04,0.955376,2.44488,3.61161,4459.77,0
0.665303,3507.09,0.909365,2.35812,0.631823,4367.98,0
0.666609,3507.07,0.938748,2.3519,2.37011,4393.31,0
0.667921,3507.06,0.816971,2.43269,2.63959,4400.38,0
0.669221,3507.04,0.823729,2.41453,4.564,4427.44,0
0.670518,3507.05,0.832976,2.42054,3.11726,4399.4,0
0.671797,3506.99,0.866978,2.43616,6.52831,4473.53,0
0.67309,3506.98,0.900191,2.46277,6.57812,4491.46,0
0.674384,3506.96,0.908626,2.4525,7.37452,4511.22,0
0.675678,3506.99,0.952668,2.43095,3.81896,4452.89,0
0.676993,3506.97,0.940203,2.41414,5.04531,4469.3,0
0.678306,3506.96,0.974787,2.4295,5.38504,4482.14,0
0.679607,3506.95,0.968179,2.48185,4.74852,4485.09,0
0.680915,3506.96,0.953333,2.46453,3.98362,4457.74,0
0.682225,3506.93,0.945111,2.45473,6.89377,4503.17,0
0.683524,3506.92,0.945321,2.44088,6.64584,4507.28,0
0.684817,3507,0.957576,2.37851,0.574952,4380.29,0
0.686122,3506.98,0.918776,2.3182,3.47511,4405.95,0
0.687441,3507,0.994686,2.28073,1.76249,4366.71,0
0.688752,3506.98,0.971978,2.214,4.35661,4389.21,0
0.69006,3506.96,0.982836,2.22481,5.35702,4406.43,0
0.691371,3506.95,0.952147,2.2416,5.74875,4414.64,0
0.692672,3506.9,0.971515,2.24323,8.24829,4471.48,0
0.693958,3506.92,0.98253,2.22189,6.44857,4438.68,0
0.695261,3506.95,0.959659,2.23027,3.75394,4392.03,0
0.696559,3506.97,0.958932,2.2836,0.80343,4346.05,0
0.697859,3506.92,1.00078,2.27449,4.67014,4411.97,0
0.69915,3506.92,1.01909,2.24856,4.69734,4411.2,0
0.70044,3506.91,1.00433,2.23009,5.3514,4413.44,0
0.70174,3506.91,1.01114,2.25037,4.34468,4400.22,0
0.703053,3506.89,1.01263,2.21577,5.8598,4419.78,0
0.704348,3506.91,1.01435,2.25461,3.44238,4384.07,0
0.705663,3506.9,1.02119,2.23863,4.35758,4399.45,0
0.70694,3506.9,1.00347,2.2468,3.89794,4388.19,0
0.708247,3506.92,1.05252,2.2821,1.32445,4352.7,0
0.70954,3506.91,0.992978,2.24387,2.69773,4353.28,0
0.710839,3506.91,0.907048,2.3579,1.45488,4344.59,0
0.712147,3506.9,0.881644,2.31839,2.65491,4350.44,0
0.713441,3506.88,0.92829,2.3639,3.83285,4380.06,0
0.714762,3506.92,0.875263,2.30092,1.04931,4304.5,0
0.716059,3506.92,0.887535,2.27979,1.57373,4303.67,0
0.717353,3506.92,0.936208,2.25438,1.77091,4300.26,0
0.718625,3506.9,0.854972,2.20621,4.13643,4316.78,0
0.719919,3506.87,0.848691,2.19882,5.8804,4344.27,0
0.721235,3506.84,0.861891,2.22079,6.85064,4376.82,0
0.72255,3506.84,0.870155,2.26402,5.79029,4378.46,0
0.723862,3506.85,0.889147,2.27866,3.72632,4356.28,0
0.725175,3506.84,0.867758,2.25561,4.22095,4353.05,0
0.726478,3506.85,0.848567,2.31605,2.67936,4334.91,0
0.727789,3506.83,0.890047,2.34327,3.43017,4350.47,0
0.729099,3506.85,0.895367,2.28735,3.16302,4326.05,0
0.730403,3506.84,0.807134,2.26442,4.34103,4327.3,0
0.731726,3506.88,0.893904,2.21964,0.647064,4258.4,0
0.733041,3506.85,0.922204,2.27179,2.79475,4301.55,0
0.734327,3506.84,1.02756,2.25159,2.92392,4303.73,0
0.735615,3506.82,1.03862,2.22586,4.98711,4326.91,0
0.736938,3506.83,1.02279,2.30659,2.38503,4296.26,0
0.738229,3506.84,0.963176,2.28958,2.30619,4277.27,0
0.739539,3506.84,0.955642,2.40221,1.16348,4278.36,0
0.740838,3506.8,0.980779,2.4115,3.38511,4313.59,0
0.742143,3506.81,1.02613,2.41233,2.67558,4303.54,0
0.743435,3506.8,1.02761,2.40919,3.38051,4307.34,0
0.744725,3506.79,1.00527,2.39287,4.35725,4313.74,0
0.746041,3506.8,1.09105,2.38267,2.25774,4283.8,0
0.747334,3506.79,1.06505,2.45838,2.60959,4299.82,0
0.748626,3506.8,1.15589,2.45544,1.15366,4277.83,0
0.749935,3506.76,1.20172,2.50885,3.02295,4321.64,0
0.751229,3506.76,1.19722,2.48695,3.45953,4317.86,0
0.752543,3506.7,1.12265,2.50505,7.34251,4379.06,0
0.753832,3506.73,1.15557,2.45919,4.67667,4332.15,0
0.755163,3506.67,1.16856,2.41881,9.24081,4408.45,0
0.756481,3506.67,1.16492,2.42007,7.57336,4403.96,0
0.757785,3506.67,1.17707,2.39624,6.49552,4391.59,0
0.759106,3506.66,1.1996,2.39855,6.24137,4399.95,0
0.760424,3506.62,1.16103,2.387,9.10241,4450.04,0
0.761726,3506.65,1.1723,2.37035,5.57107,4399.7,0
0.763033,3506.64,1.17446,2.37954,5.82467,4407.08,0
0.764336,3506.6,1.16316,2.35473,8.64132,4449.61,0
0.765635,3506.59,1.17012,2.37135,7.09302,4448.25,0
0.766932,3506.59,1.20278,2.318,6.76277,4440.34,0
0.768218,3506.58,1.2156,2.28779,8.02117,4456.19,0
0.769515,3506.58,1.25183,2.28033,5.82518,4440.79,0
0.770814,3506.54,1.24398,2.27632,7.91205,4485.2,0
0.772116,3506.54,1.21368,2.2705,7.22187,4481.47,0
0.773408,3506.53,1.1759,2.28096,7.18016,4482.38,0
0.774696,3506.54,1.14729,2.23421,6.40511,4462.59,0
0.776015,3506.49,1.13719,2.21069,8.94412,4520.11,0
0.777308,3506.53,1.15883,2.22753,4.54238,4466.83,0
0.778601,3506.55,1.1409,2.27692,1.60755,4425,0
0.77991,3506.49,1.18059,2.35176,5.24739,4497.34,0
0.781217,3506.5,1.20586,2.32362,3.9772,4476.92,0
0.782513,3506.49,1.22335,2.28621,5.18994,4485.72,0
0.78382,3506.49,1.20568,2.31243,4.75998,4479.02,0
0.785124,3506.5,1.23441,2.28368,3.6757,4452.95,0
0.786426,3506.5,1.20297,2.30404,3.67999,4452.48,0
0.787709,3506.52,1.21692,2.29084,1.65563,4416.49,0
0.789011,3506.51,1.24558,2.23817,3.18029,4425.3,0
0.790327,3506.52,1.17579,2.17484,3.5276,4401.01,0
0.791629,3506.52,1.12834,2.2246,3.17481,4395.78,0
0.792919,3506.54,1.16018,2.22889,1.55886,4369.8,0
0.794216,3506.53,1.13345,2.12449,3.9491,4374.09,0
0.795507,3506.53,1.18214,2.18449,2.24003,4361.55,0
0.796802,3506.51,1.22117,2.14357,3.8417,4375.68,0
0.798101,3506.51,1.25727,2.14386,3.5166,4369.82,0
0.799406,3506.48,1.24935,2.10835,6.29645,4401.85,0
0.800703,3506.51,1.22383,2.12842,3.02782,4361.66,0
0.80201,3506.45,1.21942,2.14261,7.7737,4432.01,0
0.80331,3506.42,1.22423,2.14883,8.3554,4462.13,0
0.804615,3506.42,1.20996,2.1314,6.63959,4446.89,0
0.805925,3506.43,1.22094,2.13578,5.03255,4428.98,0
0.807234,3506.41,1.20358,2.11284,6.91294,4449.83,0
0.808544,3506.4,1.21876,2.06917,7.49359,4457.39,0
0.809853,3506.38,1.22652,2.11422,7.73048,4475.45,0
0.811133,3506.39,1.24208,2.11464,5.11,4449.85,0
0.812446,3506.38,1.24955,2.10166,5.61452,4455.35,0
0.813735,3506.38,1.25074,2.10856,4.91037,4446,0
0.815016,3506.41,1.35008,2.05065,1.77634,4400.83,0
0.816311,3506.4,1.34073,2.06227,2.30641,4405.76,0
0.817602,3506.34,1.34194,2.11037,6.35995,4471.65,0
0.818895,3506.36,1.322,2.1238,4.46242,4443.58,0
0.820191,3506.37,1.28403,2.13155,3.5688,4423.53,0
0.821503,3506.38,1.28055,2.1117,3.31207,4408.94,0
0.822796,3506.38,1.27289,2.03007,4.33014,4401.23,0
0.824097,3506.38,1.25943,2.06977,3.39317,4392.39,0
0.825388,3506.36,1.22441,2.08522,5.21168,4413.03,0
0.82671,3506.29,1.27209,2.10982,9.34006,4484.36,0
0.828012,3506.28,1.27495,2.10388,9.03774,4494.12,0
0.829304,3506.31,1.27262,2.1041,5.21319,4445.85,0
0.830609,3506.28,1.25943,2.11461,7.50835,4476.67,0
0.831894,3506.3,1.29526,2.10472,4.44343,4446.12,0
0.833183,3506.34,1.30158,1.99584,2.42459,4393.46,0
0.834474,3506.32,1.40576,1.91322,4.147,4408.96,0
0.835781,3506.3,1.41516,1.91622,5.46082,4427.37,0
0.837097,3506.27,1.42517,1.93413,6.54408,4451.48,0
0.838394,3506.3,1.41198,1.95388,3.55371,4410.99,0
0.839691,3506.25,1.42903,1.97818,6.9437,4465.88,0
0.840983,3506.26,1.44594,2.00809,4.56691,4445.52,0
0.842289,3506.25,1.44076,2.00679,5.63023,4456.35,0
0.843623,3506.25,1.47523,1.96733,4.9718,4442.7,0
0.844934,3506.25,1.48047,1.91822,5.4963,4439.66,0
0.846258,3506.28,1.48086,1.91144,2.27817,4390.75,0
0.847537,3506.25,1.53648,1.90729,3.82282,4419.54,0
0.848842,3506.26,1.55313,1.93907,2.45651,4405.55,0
0.85015,3506.27,1.71559,1.74666,1.98761,4383.73,0
0.851437,3506.28,1.73254,1.66375,2.15016,4370.15,0
0.852752,3506.26,1.77451,1.73327,2.12668,4384.2,0
0.854058,3506.27,1.74894,1.69946,2.19725,4368.95,0
0.855379,3506.25,1.71028,1.74477,3.8864,4386.68,0
0.85668,3506.25,1.69882,1.70815,3.94625,4374.85,0
0.85795,3506.21,1.73645,1.69008,6.81004,4412.3,0
0.85925,3506.17,1.71982,1.63658,9.89708,4452.3,0
0.860565,3506.17,1.73935,1.66383,8.55896,4454.79,0
0.861864,3506.14,1.74936,1.65254,9.14931,4482.22,0
0.863172,3506.14,1.74711,1.63292,7.51066,4469.66,0
0.864468,3506.1,1.72724,1.64203,10.0338,4516.63,0
0.865779,3506.07,1.75785,1.62045,9.98028,4543.54,0
0.867078,3506.07,1.7497,1.59323,7.9262,4529.35,0
0.868382,3506.05,1.72241,1.57898,9.20397,4545.82,0
0.869702,3506.04,1.73215,1.57885,7.98526,4548.98,0
0.871004,3506.01,1.69433,1.58156,9.28282,4577.05,0
0.872314,3505.99,1.69024,1.57404,9.91872,4598.05,0
0.873617,3505.96,1.68382,1.53729,10.3119,4621.54,0
0.87491,3505.95,1.70928,1.52901,9.12323,4626.8,0
0.876206,3505.94,1.6557,1.49532,9.3069,4629.84,0
0.877517,3505.92,1.63937,1.48562,9.53368,4652.81,0
0.878836,3505.92,1.64321,1.48766,7.38535,4640.32,0
0.880145,3505.93,1.63498,1.47908,5.98683,4620.73,0
0.881448,3505.9,1.62914,1.47304,8.31843,4652.33,0
0.882752,3505.9,1.62176,1.44671,7.55516,4645.54,0
0.88405,3505.88,1.6197,1.4603,7.95806,4661,0
0.885368,3505.85,1.6211,1.47581,8.76184,4685.2,0
0.886653,3505.83,1.7061,1.45119,8.55326,4703.71,0
0.887942,3505.85,1.69047,1.47752,5.69409,4678.74,0
0.889253,3505.84,1.69595,1.49951,5.60922,4678.07,0
0.890563,3505.83,1.66145,1.49479,6.83061,4686.47,0
0.891851,3505.84,1.67032,1.48629,5.48449,4667.62,0
0.893168,3505.84,1.68784,1.51888,4.44548,4662.99,0
0.894484,3505.88,1.68013,1.51787,0.137421,4606.42,0
0.895779,3505.81,1.70841,1.51278,5.88437,4673.52,0
0.897092,3505.83,1.68726,1.46025,4.62305,4646.28,0
0.898421,3505.86,1.7239,1.49212,1.08475,4611.42,0
0.899721,3505.84,1.71445,1.46212,2.84483,4620.53,0
0.901012,3505.82,1.72125,1.41409,5.37608,4641.04,0
0.902319,3505.87,1.68967,1.42006,0.413834,4578.15,0
0.903628,3505.84,1.68622,1.47255,2.31659,4600.44,0
0.904943,3505.83,1.76618,1.47315,2.53504,4611.77,0
0.906245,3505.82,1.79915,1.49762,2.51929,4615.59,0
0.907561,3505.84,1.8197,1.39961,0.749659,4579.41,0
0.90886,3505.81,1.92974,1.34943,2.53169,4608.8,0
0.910148,3505.81,1.86609,1.32368,3.78518,4601.54,0
0.911453,3505.77,1.88942,1.32277,6.59329,4644.79,0
0.912759,3505.73,1.95898,1.3349,7.88388,4673.62,0
0.914064,3505.79,1.9828,1.32691,1.19129,4600.4,0
0.915361,3505.78,2.01516,1.38751,0.829103,4607.13,0
0.916672,3505.74,2.04598,1.40305,3.63701,4643.54,0
0.917971,3505.73,2.0539,1.37347,4.22775,4647.76,0
0.919276,3505.75,2.03901,1.44892,1.90913,4626.04,0
0.920582,3505.75,2.03088,1.45086,1.5356,4615.47,0
0.921879,3505.73,2.05086,1.49767,2.85238,4636.73,0
0.923171,3505.7,2.0187,1.57558,4.17563,4654.34,0
0.924485,3505.7,1.99848,1.5943,4.54922,4654.87,0
0.925783,3505.69,1.97825,1.6404,4.24038,4652.39,0
0.927097,3505.67,1.94357,1.70483,5.37301,4665.68,0
0.928387,3505.67,1.92591,1.73925,4.82519,4665.06,0
0.929685,3505.7,1.97659,1.68213,1.85474,4626.81,0
0.930985,3505.64,1.9693,1.70981,6.76837,4685.99,0
0.93228,3505.62,1.98104,1.7005,7.10786,4702.79,0
0.933591,3505.61,1.98279,1.70986,6.17283,4698.98,0
0.934906,3505.6,2.01037,1.72381,5.99982,4706.73,0
0.936216,3505.61,2.0229,1.71102,4.4092,4687.54,0
0.937526,3505.58,2.03398,1.73179,6.32412,4712.63,0
0.938813,3505.58,2.04003,1.68761,6.55911,4711.35,0
0.940114,3505.57,2.01673,1.68529,7.36267,4716.46,0
0.941413,3505.59,1.98556,1.66253,5.19043,4684.93,0
0.942715,3505.56,1.97474,1.68473,6.96877,4707.74,0
0.94402,3505.56,1.94068,1.68319,7.37852,4708.42,0
0.945309,3505.57,1.95161,1.67827,5.13516,4686.53,0
0.946615,3505.57,1.97214,1.64224,4.91404,4681.87,0
0.947911,3505.57,1.98136,1.66237,3.62006,4668.9,0
0.949187,3505.56,1.98374,1.6454,5.35729,4681.36,0
0.950474,3505.61,1.9664,1.6089,0.799247,4618.76,0
0.951792,3505.6,2.01528,1.64504,0.148183,4622.01,0
0.953105,3505.57,2.02477,1.7578,1.44077,4652.59,0
0.954416,3505.54,2.02162,1.77868,3.51568,4675.23,0
0.955721,3505.52,2.06141,1.78409,3.8008,4682.9,0
0.957021,3505.53,2.0701,1.8434,1.91037,4670.25,0
0.958322,3505.49,2.06598,1.86645,5.61542,4709.86,0
0.959617,3505.48,2.05181,1.86383,5.58816,4707.49,0
0.960933,3505.5,2.04041,1.85906,3.3272,4678.61,0
0.962255,3505.52,2.00224,1.86161,2.14913,4655.44,0
0.963552,3505.47,2.05055,1.87637,5.1312,4697.56,0
0.964844,3505.48,2.00809,1.92981,4.42518,4688.23,0
0.966167,3505.45,2.02598,1.89791,6.43223,4704.73,0
0.967491,3505.44,2.02894,1.93453,6.27331,4714.82,0
0.968805,3505.4,2.04899,1.90934,9.2593,4752.42,0
0.970109,3505.39,2.03232,1.88286,8.72545,4754.35,0
0.971425,3505.35,2.05602,1.88387,10.1824,4787.36,0
0.972731,3505.35,2.08633,1.88796,8.1825,4782.8,0
0.974048,3505.34,2.05815,1.86722,8.20218,4781.66,0
0.97534,3505.32,2.07475,1.87805,7.98382,4797.18,0
0.976635,3505.32,2.0725,1.91701,5.90996,4790.65,0
0.977939,3505.33,2.1234,1.90525,3.83701,4778.28,0
0.979259,3505.32,2.12045,1.90555,4.05242,4778.14,0
0.980561,3505.31,2.0577,1.86119,7.13909,4786.16,0
0.981849,3505.26,2.05111,1.84182,10.5332,4826.7,0
0.983176,3505.27,2.04952,1.82409,8.64106,4814.29,0
0.984482,3505.26,2.04458,1.83286,7.91598,4815.45,0
0.985786,3505.25,2.03832,1.82078,8.11014,4816.25,0
0.987086,3505.23,2.02693,1.79397,9.88327,4833.16,0
0.988396,3505.27,2.05901,1.81648,3.60193,4788.42,0
0.989694,3505.27,2.07037,1.85756,2.44511,4781.54,0
0.990992,3505.23,2.03203,1.88718,6.43483,4813.71,0
0.992286,3505.2,1.97997,1.87985,8.83381,4833.53,0
0.993581,3505.21,1.99236,1.87584,7.06621,4824.65,0
0.994883,3505.2,2.00136,1.86802,7.15876,4827.81,0
0.996195,3505.2,2.05204,1.83206,5.67989,4815.71,0
0.997504,3505.24,2.03721,1.80857,1.94565,4767.49,0
0.998828,3505.22,2.00355,1.80586,4.94792,4786.23,0
1.00012,3505.26,1.92054,1.83352,2.26092,4743.27,0
1.00141,3505.22,1.91531,1.82212,5.78552,4768.65,0
1.00271,3505.24,1.98915,1.8224,2.16315,4744.58,0
1.00404,3505.23,1.97646,1.88876,1.82117,4745.93,0
1.00533,3505.2,1.99865,1.91482,3.80648,4769.58,0
1.00663,3505.21,2.06481,1.91699,1.95876,4762.96,0
1.00795,3505.16,2.06612,1.92611,6.15504,4804.6,0
1.00927,3505.14,2.02863,1.9181,7.49604,4814.02,0
1.01059,3505.12,2.03418,1.92701,8.01458,4830.07,0
1.01188,3505.08,2.03942,1.94086,10.362,4866.66,0
1.01317,3505.1,2.03005,1.96053,5.87383,4832.29,0
1.01448,3505.15,2.0194,1.98263,0.420883,4778.31,0
1.01577,3505.11,1.97035,1.92229,6.59523,4813.51,0
1.01707,3505.11,1.95971,1.88609,6.82734,4808.26,0
1.01838,3505.08,1.9596,1.88636,8.35642,4826.67,0
1.01967,3505.09,1.98248,1.86513,7.07198,4818.11,0
1.02098,3505.12,2.01602,1.85916,2.67083,4782.27,0
1.02227,3505.08,2.04367,1.89771,5.12332,4813.89,0
1.02358,3505.13,1.9579,1.89212,2.06574,4761.76,0
1.02487,3505.13,1.96283,1.95821,0.0214324,4751.65,0
1.02617,3505.07,1.89502,1.97719,6.44548,4801.09,0
1.02749,3505.06,1.91494,1.9782,6.77803,4811.41,0
1.02879,3505.08,1.92068,2.03444,2.69378,4784.38,0
1.03009,3505.11,1.9132,1.93616,2.16501,4751.75,0
1.03139,3505.08,1.88473,1.99951,3.43704,4765.58,0
1.0327,3505.06,1.89416,2.09084,3.41393,4781.17,0
1.034,3505.06,1.91828,2.13803,2.258,4780.96,0
1.03531,3505.05,1.87703,2.14332,3.66437,4782.13,0
1.03661,3505.04,1.83665,2.15697,4.88691,4788.3,0
1.0379,3505.07,1.8411,2.16094,1.22674,4751.93,0
1.0392,3505.08,1.85524,2.061,1.5937,4732.83,0
1.0405,3505.1,1.80806,2.01609,1.12235,4705.82,0
1.0418,3505.1,1.91713,1.93967,0.843982,4703.04,0
1.04311,3505.08,1.97894,1.97215,1.23731,4719.28,0
1.04442,3505.05,2.04241,2.02836,1.62163,4742.12,0
1.04572,3504.98,2.01937,2.12606,6.42643,4799.13,0
1.04702,3504.97,2.0137,2.11042,7.12316,4806.3,0
1.04831,3504.96,2.02016,2.11092,6.15262,4804.6,0
1.04962,3504.98,1.9516,2.16309,3.86281,4778.77,0
1.05091,3504.95,1.91756,2.22525,6.50493,4806.13,0
1.05221,3504.93,1.91675,2.21664,7.31135,4816.44,0
1.05354,3504.93,1.9243,2.21153,6.46483,4809.77,0
1.05484,3504.93,1.94228,2.22788,5.11612,4805.11,0
1.05612,3504.92,1.94526,2.19041,6.33328,4807.72,0
1.05741,3504.88,1.93915,2.23495,8.4312,4841.54,0
1.05873,3504.85,1.91099,2.25092,9.74755,4868.31,0
1.06003,3504.82,1.90933,2.26428,9.71513,4883.47,0
1.06133,3504.81,1.91645,2.24513,9.99273,4890.38,0
1.06262,3504.82,1.89365,2.25713,7.61269,4874.69,0
1.06391,3504.81,1.8971,2.24775,7.44212,4876.4,0
1.06519,3504.81,1.92022,2.24684,6.33597,4871.91,0
1.06649,3504.8,1.89817,2.23099,7.39621,4877.23,0
1.06779,3504.8,1.88158,2.21829,6.69905,4868.4,0
1.06909,3504.8,1.87619,2.22869,6.54503,4868.46,0
1.0704,3504.85,1.84569,2.18868,2.14278,4813.96,0
1.07171,3504.86,1.82058,2.13989,2.66143,4797.51,0
1.07301,3504.83,1.80679,2.12543,6.20158,4818.65,0
1.07431,3504.8,1.83472,2.13471,7.22808,4837.1,0
1.07562,3504.81,1.84859,2.18953,4.37703,4829.28,0
1.07691,3504.79,1.85345,2.24271,4.47661,4838.78,0
1.07821,3504.77,1.82849,2.23793,6.633,4850.69,0
1.07951,3504.76,1.77818,2.18274,8.99858,4853.88,0
1.0808,3504.74,1.7676,2.18768,9.0435,4866.13,0
1.08211,3504.71,1.7794,2.20184,9.43991,4888.45,0
1.08341,3504.68,1.78989,2.23323,9.56771,4914.78,0
1.08469,3504.68,1.78751,2.23914,6.69104,4900.86,0
1.08599,3504.69,1.79262,2.20129,6.51158,4891.52,0
1.08728,3504.68,1.85466,2.19488,5.81725,4894.41,0
1.08856,3504.66,1.87694,2.16976,6.78058,4906.68,0
1.08986,3504.66,1.87046,2.1755,5.72993,4898.87,0
1.09115,3504.66,1.89404,2.18494,4.246,4892.46,0
1.09245,3504.66,1.87339,2.23363,3.90443,4891.59,0
1.09374,3504.65,1.91016,2.22605,4.001,4893.62,0
1.09505,3504.62,1.88868,2.22443,6.11381,4910.99,0
1.09635,3504.63,1.91379,2.25087,3.78175,4899.81,0
1.09764,3504.6,2.00995,2.26195,4.10444,4921.03,0
1.09892,3504.58,1.96797,2.23462,7.31947,4932.81,0
1.10024,3504.63,1.99144,2.17851,2.21741,4884.32,0
1.10154,3504.59,1.9609,2.2211,5.40669,4911.32,0
1.10286,3504.64,1.92538,2.18924,1.03149,4858.75,0
1.10417,3504.64,1.85507,2.17101,3.13825,4853.04,0
1.10548,3504.61,1.88923,2.23109,4.22766,4877.81,0
1.1068,3504.6,2.03741,2.19547,2.25168,4878.87,0
1.10811,3504.6,2.07156,2.19577,1.1949,4872.42,0
1.10941,3504.53,2.09028,2.23086,6.73263,4928.83,0
1.11072,3504.54,2.11147,2.19329,5.71743,4920,0
1.11201,3504.51,2.13491,2.19569,7.1975,4937.39,0
1.11333,3504.53,2.13661,2.20117,3.71383,4909.06,0
1.11462,3504.54,2.09577,2.17273,4.4395,4897.87,0
1.11593,3504.54,2.05324,2.15477,6.1561,4893.86,0
1.11724,3504.53,2.09042,2.18476,4.12377,4892.09,0
1.11854,3504.54,2.14424,2.143,3.13257,4882.14,0
1.11982,3504.49,2.1431,2.22056,5.83951,4918.43,0
1.12112,3504.45,2.12247,2.24243,9.64234,4951.3,0
1.12242,3504.48,2.10838,2.21668,5.38539,4914.56,0
1.12373,3504.49,2.09952,2.20837,5.15323,4906.53,0
1.12503,3504.43,2.1247,2.2069,9.84634,4952.09,0
1.12631,3504.41,2.11477,2.23174,9.35316,4961.45,0
1.12761,3504.42,2.13106,2.24699,5.9505,4947.96,0
1.12892,3504.4,2.15507,2.19757,8.66079,4964.17,0
1.13023,3504.41,2.14379,2.16726,6.93286,4945.78,0
1.13154,3504.4,2.11849,2.18257,7.21964,4948.59,0
1.13286,3504.4,2.12649,2.15904,6.40749,4943.83,0
1.13417,3504.38,2.12464,2.17609,6.95968,4952.59,0
1.13546,3504.35,2.14324,2.18113,8.36366,4978.48,0
1.13678,3504.34,2.12614,2.19368,7.88873,4978.11,0
1.13808,3504.34,2.11937,2.20904,6.30415,4971.13,0
1.13938,3504.34,2.10995,2.2188,5.30383,4964.79,0
1.14067,3504.31,2.11153,2.24226,8.23501,4990.11,0
1.14196,3504.31,2.09489,2.22764,7.58344,4981.06,0
1.14327,3504.31,2.05876,2.21211,8.36062,4978.07,0
1.14457,3504.32,2.05517,2.20097,6.5676,4964.41,0
1.14588,3504.31,2.06925,2.17283,6.66427,4961.95,0
1.14718,3504.32,2.06637,2.13946,6.46454,4951.05,0
1.1485,3504.29,2.09215,2.16403,7.5519,4971.42,0
1.14981,3504.25,2.07452,2.16823,9.91615,4999.95,0
1.15112,3504.25,2.09177,2.23673,6.60838,4999.28,0
1.15242,3504.24,2.07168,2.20804,7.8157,4997.98,0
1.1537,3504.2,2.06879,2.22277,10.2632,5024.17,0
1.155,3504.2,2.04556,2.22165,9.01811,5022.48,0
1.15629,3504.2,2.08243,2.23451,6.3437,5018.86,0
1.1576,3504.19,2.03947,2.25763,7.53741,5023.25,0
1.15889,3504.22,1.97461,2.27505,5.0235,4991.78,0
1.16018,3504.23,2.02951,2.20148,3.37277,4969.99,0
1.16148,3504.24,2.02493,2.2146,2.14492,4958.53,0
1.16278,3504.2,2.02076,2.22863,5.9716,4988.57,0
1.16407,3504.18,2.00693,2.20207,7.89276,4996.12,0
1.16536,3504.17,1.95568,2.22067,8.14297,4998.67,0
1.16667,3504.18,1.93652,2.23174,7.13424,4992.51,0
1.16797,3504.17,1.90963,2.23472,6.81739,4987.93,0
1.16927,3504.18,1.92257,2.24544,5.52523,4980.56,0
1.17056,3504.17,1.90129,2.22964,6.78241,4980.44,0
1.17186,3504.18,1.88786,2.29448,3.93418,4969.45,0
1.17318,3504.17,1.97817,2.29757,1.45248,4966.66,0
1.17447,3504.18,1.94714,2.27277,2.50485,4956.73,0
1.17577,3504.13,1.95983,2.29511,6.37311,4990.43,0
1.17707,3504.14,1.96243,2.32657,3.59059,4977.97,0
1.1784,3504.13,1.9431,2.36447,4.29262,4985.24,0
1.17972,3504.12,1.92651,2.35634,5.19922,4983.52,0
1.18102,3504.14,1.9781,2.35824,1.31692,4962.73,0
1.18229,3504.1,2.02498,2.36191,4.55088,4993.09,0
1.18358,3504.09,2.02056,2.38338,4.49529,4995.64,0
1.18488,3504.08,2.04577,2.37777,4.01172,4995.96,0
1.18618,3504.08,2.07396,2.33196,4.14564,4986.69,0
1.1875,3504.08,2.06828,2.33631,4.42082,4986.81,0
1.1888,3504.09,2.07043,2.35451,1.45872,4968.51,0
1.1901,3504.06,2.12188,2.3529,3.82206,4992.5,0
1.1914,3504.06,2.06254,2.30669,7.31962,4988.42,0
1.19271,3504.02,2.03891,2.31478,10.8709,5014.73,0
1.19401,3504.01,2.02851,2.30333,10.2678,5016.2,0
1.19532,3504.06,2.03033,2.31397,3.20407,4972.24,0
1.19661,3504.05,2.03514,2.28996,4.44866,4974.8,0
1.19792,3504.01,2.01894,2.28054,9.06778,5003.35,0
1.19923,3504.01,2.00556,2.22609,9.94751,4998.74,0
1.20054,3504.01,1.98748,2.24252,7.68023,4990.96,0
1.20185,3504.01,1.99506,2.22452,6.44295,4983.7,0
1.20316,3504.02,2.01897,2.20671,3.84733,4968.28,0
1.20446,3503.98,2.01234,2.18721,7.64232,4994.92,0
1.20578,3504.01,2.03707,2.22572,2.12662,4969.82,0
1.20709,3504.01,2.05059,2.24914,0.647034,4964.28,0
1.2084,3503.95,2.02834,2.27999,6.60767,5003.76,0
1.20971,3503.96,2.01485,2.28389,5.11807,4993.19,0
1.21103,3503.93,2.03077,2.28663,7.09275,5009.04,0
1.21234,3503.96,2.04593,2.31348,2.24066,4983.62,0
1.21365,3503.94,2.04126,2.2391,7.12032,4993.93,0
1.21496,3503.97,2.05914,2.22825,3.12895,4965.19,0
1.21629,3503.93,2.00834,2.24127,8.38383,4992.46,0
1.2176,3503.94,1.96594,2.25,6.96026,4975.54,0
1.21889,3503.97,1.92545,2.25227,3.88522,4946.13,0
1.22019,3503.95,1.89213,2.24382,6.829,4956.86,0
1.2215,3503.97,1.84759,2.27268,4.0061,4933.37,0
1.2228,3504.01,1.85214,2.19963,2.23224,4899.52,0
1.22411,3504.01,1.79854,2.21061,3.77174,4896.76,0
1.22541,3504,1.82877,2.22523,2.97456,4899.39,0
1.22672,3503.99,1.80556,2.20247,5.47397,4901.88,0
1.22803,3504.03,1.79046,2.16462,1.25919,4860.18,0
1.22934,3504.02,1.71007,2.23015,1.79776,4860.57,0
1.23065,3503.99,1.7109,2.29181,4.01279,4886.52,0
1.23195,3503.92,1.72743,2.28039,10.8969,4935.81,0
1.23326,3503.94,1.75269,2.26996,6.01008,4911.03,0
1.23455,3503.96,1.76914,2.26799,3.05064,4889.27,0
1.23584,3503.94,1.78663,2.27558,5.10039,4903.02,0
1.23714,3503.94,1.75119,2.28708,5.05202,4894.94,0
1.23845,3503.92,1.71621,2.29106,8.09725,4909.09,0
1.23974,3503.9,1.71853,2.27967,9.00111,4920.4,0
1.24103,3503.93,1.70093,2.29196,4.70547,4892.82,0
1.24232,3503.95,1.73289,2.27445,1.50184,4870.22,0
1.24362,3503.94,1.6894,2.3108,2.256,4872.25,0
1.24491,3503.93,1.70902,2.28475,3.55718,4875.1,0
1.2462,3503.89,1.6872,2.30674,7.02409,4900.96,0
1.24751,3503.89,1.65866,2.31211,6.25268,4894.38,0
1.24882,3503.92,1.6763,2.26285,4.52942,4870.59,0
1.25011,3503.89,1.64424,2.23933,8.55822,4885.54,0
1.25142,3503.88,1.69419,2.22378,7.77453,4890.94,0
1.25272,3503.87,1.74725,2.2161,6.59628,4892.84,0
1.25401,3503.86,1.76212,2.23952,6.19976,4899.03,0
1.2553,3503.85,1.74976,2.21112,7.18258,4900.21,0
1.25662,3503.85,1.71838,2.2117,6.97612,4890.47,0
1.25793,3503.89,1.72468,2.21846,1.68185,4859.61,0
1.25922,3503.88,1.73438,2.1857,3.66432,4861.7,0
1.26051,3503.88,1.72142,2.16374,3.69399,4852.99,0
1.26182,3503.93,1.71452,2.10518,0.507572,4813.96,0
1.26312,3503.91,1.72015,2.17229,0.0679717,4823.87,0
1.26441,3503.88,1.74171,2.17099,2.89934,4841.44,0
1.26571,3503.89,1.67795,2.15084,4.15204,4828.92,0
1.26701,3503.9,1.64654,2.15889,2.69491,4814.25,0
1.26832,3503.91,1.53318,2.23388,2.17244,4805.16,0
1.26961,3503.89,1.59001,2.21233,3.26823,4812.02,0
1.27092,3503.87,1.65052,2.22656,4.02876,4826.65,0
1.27221,3503.89,1.65513,2.24579,0.523337,4806.42,0
1.27351,3503.86,1.71628,2.21645,3.14543,4821.83,0
1.27481,3503.84,1.7371,2.28339,2.65968,4835.56,0
1.2761,3503.82,1.75362,2.31714,2.84733,4844.08,0
1.2774,3503.82,1.64763,2.29023,7.26703,4840.77,0
1.27869,3503.82,1.63379,2.26779,7.7616,4834.42,0
1.27998,3503.81,1.64958,2.29077,6.07564,4836.53,0
1.28127,3503.84,1.67704,2.25159,2.91586,4809.54,0
1.28257,3503.82,1.67009,2.29,4.1833,4821.07,0
1.28387,3503.83,1.65629,2.26354,4.16075,4808.63,0
1.28515,3503.85,1.6584,2.2537,1.42574,4786.59,0
1.28644,3503.8,1.63971,2.34171,3.6918,4815.75,0
1.28774,3503.79,1.70294,2.38975,1.66528,4823.44,0
1.28905,3503.75,1.73151,2.35309,6.54787,4846.01,0
1.29035,3503.76,1.75282,2.32785,5.73857,4839.25,0
1.29167,3503.75,1.72988,2.29884,7.37412,4840.7,0
1.29296,3503.78,1.69487,2.31418,3.13129,4810.17,0
1.29425,3503.83,1.66223,2.2609,0.440281,4770.38,0
1.29556,3503.8,1.65883,2.22302,4.52878,4782.23,0
1.29687,3503.83,1.7245,2.19397,0.123369,4758.08,0
1.29819,3503.75,1.69585,2.18112,10.8057,4813.07,0
1.2995,3503.79,1.70294,2.21831,2.94501,4777.91,0
1.30082,3503.78,1.71548,2.21377,3.62384,4779.1,0
1.30213,3503.8,1.75466,2.11846,4.504,4765.23,0
1.30343,3503.8,1.74795,2.11202,3.47844,4753.82,0
1.30475,3503.75,1.77544,2.14182,8.07254,4791.95,0
1.30605,3503.74,1.77097,2.14503,7.74989,4791.59,0
1.30734,3503.72,1.78516,2.14304,8.91647,4803.71,0
1.30864,3503.78,1.8143,2.09115,1.03643,4751.89,0
1.30993,3503.76,1.82203,2.02204,6.70238,4767.13,0
1.31122,3503.77,1.82499,2.01081,4.72506,4752.49,0
1.31251,3503.75,1.7862,2.03511,6.79631,4759.79,0
1.31382,3503.8,1.7869,2.00169,1.31322,4718.19,0
1.31512,3503.76,1.77723,2.01045,6.15452,4745.71,0
1.31643,3503.79,1.78416,1.97693,3.10372,4720.19,0
1.31772,3503.77,1.76532,1.9786,5.17407,4727.26,0
1.31904,3503.78,1.7764,1.98138,3.38886,4717.01,0
1.32032,3503.74,1.8961,2.01444,2.52106,4739.81,0
1.32162,3503.74,1.94078,1.89868,4.86972,4734.03,0
1.32294,3503.7,1.95507,1.87269,9.89132,4760.31,0
1.32424,3503.7,1.95525,1.90356,7.9078,4756.12,0
1.32555,3503.64,1.95792,1.88701,3.5955,4798.81,0
1.32685,3503.65,1.91075,1.86067,3.92865,4784.5,0
1.32815,3503.65,1.99927,1.82195,1.26921,4777.38,0
1.32946,3503.65,1.91795,1.92439,0.849707,4774.71,0
1.33077,3503.62,1.95962,1.90059,4.95248,4797.61,0
1.33207,3503.6,1.96564,1.8764,7.10987,4801.78,0
1.33336,3503.61,1.94139,1.94554,4.14452,4793.21,0
1.33465,3503.61,1.93304,1.96989,2.95661,4786.59,0
1.33594,3503.6,1.94687,1.96417,3.44519,4788.1,0
1.33725,3503.62,1.87009,2.04443,0.988801,4771.68,0
1.33855,3503.56,1.87905,2.06338,6.43447,4807.99,0
1.33987,3503.56,1.87524,2.06494,6.05962,4806.82,0
1.34115,3503.58,1.89722,2.01395,4.68991,4788.59,0
1.34244,3503.55,1.90299,2.0602,5.836,4805.3,0
1.34375,3503.56,1.9736,2.03242,3.18398,4795.87,0
1.34506,3503.58,1.97765,2.00195,0.349219,4772.46,0
1.34639,3503.56,1.94008,1.9831,5.31146,4784.63,0
1.34768,3503.55,2.01495,2.0284,1.15876,4785.73,0
1.34898,3503.55,1.96885,2.00773,3.8138,4781.16,0
1.35028,3503.54,1.9384,2.03401,5.09214,4783.95,0
1.35158,3503.55,1.9336,2.01343,4.67057,4772.28,0
1.35288,3503.59,1.91639,1.93579,3.23388,4739.42,0
1.35418,3503.58,1.90101,1.93404,4.46925,4742.51,0
1.35547,3503.55,1.91302,2.00438,4.76839,4760.15,0
1.35676,3503.56,1.94863,1.9317,4.76826,4747.6,0
1.35806,3503.56,1.94645,1.99523,1.3929,4740.34,0
1.35937,3503.55,1.91004,1.99434,3.978,4745.32,0
1.36068,3503.54,1.95014,1.9792,4.5608,4749.78,0
1.362,3503.57,1.93845,1.95224,1.88607,4723.29,0
1.36329,3503.6,1.85332,1.95024,1.38895,4697.83,0
1.36458,3503.58,1.85305,1.94736,3.99422,4707.76,0
1.36588,3503.57,1.89634,1.97408,2.51004,4710.84,0
1.3672,3503.59,1.85071,1.86714,5.90935,4691.84,0
1.36851,3503.58,1.8677,1.90116,4.07118,4691.86,0
1.36984,3503.56,1.84937,1.8771,8.03822,4704.3,0
1.37114,3503.54,1.83973,1.8862,8.94047,4713.87,0
1.37245,3503.54,1.78544,1.87184,8.67602,4703.59,0
1.37377,3503.57,1.81356,1.90635,1.05201,4679.98,0
1.37508,3503.57,1.80447,1.9285,0.0501829,4673.4,0
1.37637,3503.54,1.77696,1.96195,3.72777,4691,0
1.37769,3503.51,1.86109,1.95002,4.91457,4707.98,0
1.37898,3503.51,1.90241,1.96151,3.2138,4709.4,0
1.38029,3503.5,1.90748,1.93483,4.65892,4708.32,0
1.3816,3503.49,1.98069,1.88699,4.75114,4710.88,0
1.38289,3503.45,1.96194,1.88342,9.52964,4737.18,0
1.38418,3503.45,1.94765,1.87795,9.21892,4734.09,0
1.38548,3503.45,1.95131,1.87123,7.1002,4725.71,0
1.38679,3503.42,1.97966,1.8488,10.169,4747.76,0
1.38808,3503.42,1.9865,1.83892,7.66967,4741.74,0
1.38937,3503.44,1.97806,1.91314,0.800613,4718.66,0
1.39067,3503.44,1.98985,1.90823,0.571811,4716.55,0
1.39195,3503.42,2.02642,1.88043,2.38545,4724.49,0
1.39324,3503.37,2.08726,1.8402,7.93837,4755.98,0
1.39455,3503.37,2.0887,1.83761,7.42115,4757.3,0
1.39584,3503.4,2.06416,1.84538,1.81578,4725.77,0
1.39714,3503.39,2.09816,1.81256,3.47643,4732.49,0
1.39843,3503.36,2.16657,1.77839,5.27906,4748.14,0
1.39974,3503.35,2.1608,1.76278,7.19273,4753.55,0
1.40105,3503.35,2.13269,1.79238,5.72647,4744.64,0
1.40235,3503.35,2.13313,1.79075,5.46986,4741.06,0
1.40367,3503.33,2.1057,1.77085,9.67645,4751.39,0
1.40497,3503.35,2.09849,1.79542,4.53355,4732.94,0
1.40627,3503.36,2.13259,1.7378,3.88783,4723.14,0
1.40756,3503.31,2.1067,1.78145,8.472,4749.37,0
1.40886,3503.24,2.14016,1.79108,2.6241,4796.24,0
1.41018,3503.22,2.06722,1.87712,5.82965,4809.54,0
1.41148,3503.19,2.05381,1.90156,7.24802,4822.85,0
1.41279,3503.22,2.01655,1.91664,4.27312,4801.38,0
1.41409,3503.23,2.04629,1.89388,1.53907,4786.62,0
1.4154,3503.22,2.0314,1.80075,7.37937,4788.31,0
1.41671,3503.23,2.03175,1.799,4.92303,4778.27,0
1.418,3503.22,1.99389,1.79665,6.99288,4778.84,0
1.41931,3503.24,2.01606,1.82023,2.44599,4764.1,0
1.42062,3503.21,2.05054,1.86236,2.09398,4777.36,0
1.42192,3503.2,2.01753,1.87759,4.93313,4783.21,0
1.42321,3503.2,1.97289,1.90254,5.05827,4774.91,0
1.42453,3503.2,1.91939,1.87833,8.98957,4774,0
1.42585,3503.23,1.89086,1.87769,5.23371,4748.68,0
1.42717,3503.25,1.89194,1.88159,1.7883,4732.69,0
1.42844,3503.21,1.89871,1.84572,7.41497,4751.29,0
1.42973,3503.2,1.90929,1.86591,6.55936,4755.72,0
1.43104,3503.21,1.92372,1.86985,3.91884,4745.2,0
1.43235,3503.2,1.91001,1.81107,8.27201,4749.57,0
1.43367,3503.21,1.89415,1.81973,6.02153,4735.52,0
1.43496,3503.24,1.90228,1.83465,0.894261,4713.24,0
1.43626,3503.24,1.86028,1.78741,3.43552,4703.27,0
1.43756,3503.21,1.83259,1.73599,11.0565,4722.19,0
1.43887,3503.16,1.85355,1.76269,3.53149,4754.49,0
1.44018,3503.16,1.86282,1.66637,6.86537,4748.82,0
1.44146,3503.15,1.85754,1.67136,7.72491,4751.5,0
1.44277,3503.15,1.85988,1.68138,6.56307,4748.11,0
1.44408,3503.14,1.8207,1.68852,8.78928,4751.7,0
1.44537,3503.17,1.80219,1.69159,4.72355,4727.41,0
1.44669,3503.15,1.75102,1.71468,7.13972,4732.23,0
1.44802,3503.18,1.76108,1.74417,1.24983,4712.8,0
1.44929,3503.13,1.76236,1.77459,7.03535,4742.54,0
1.45059,3503.15,1.7121,1.75355,5.95391,4719.52,0
1.4519,3503.09,1.70862,1.72345,4.27342,4756.62,0
1.4532,3503.11,1.70707,1.69134,3.67027,4742.9,0
1.45451,3503.09,1.68105,1.76295,3.33983,4748.03,0
1.4558,3503.08,1.73995,1.76406,2.84213,4755.26,0
1.4571,3503.11,1.67834,1.74165,1.95669,4729.46,0
1.45841,3503.1,1.78309,1.69064,1.09797,4734.05,0
1.45973,3503.09,1.7875,1.70405,1.26242,4736.4,0
1.46107,3503.04,1.75917,1.68193,10.851,4764.7,0
1.46238,3503.06,1.75572,1.71817,3.89694,4745.02,0
1.46368,3503.06,1.72899,1.71058,5.87199,4742.31,0
1.46497,3503.04,1.74854,1.68999,7.91965,4752.7,0
1.46627,3503.08,1.76492,1.66534,0.670769,4718.97,0
1.46757,3503.06,1.74393,1.70367,3.01282,4729.17,0
1.46887,3503.03,1.75068,1.66749,9.20464,4747.59,0
1.47019,3503.02,1.76243,1.64961,9.38517,4749.57,0
1.47148,3503.03,1.77217,1.69893,4.03424,4737.75,0
1.47278,3502.99,1.78788,1.73263,6.60971,4759.01,0
1.47408,3503,1.75733,1.76726,3.63299,4746.08,0
1.47538,3503,1.78634,1.75611,3.77736,4746.83,0
1.47668,3502.96,1.81403,1.74376,7.45482,4764.65,0
1.47798,3502.94,1.81074,1.7512,9.36849,4777.28,0
1.47928,3502.93,1.84325,1.75615,7.00403,4778.48,0
1.48058,3502.93,1.86069,1.77065,4.98306,4777.52,0
1.48188,3502.91,1.91427,1.81207,1.57109,4781.92,0
1.48317,3502.87,1.94998,1.89442,1.70523,4808.67,0
1.48446,3502.92,1.87419,1.81696,2.42699,4770.71,0
1.48575,3502.88,1.87226,1.8217,7.38013,4790.61,0
1.48703,3502.86,1.87183,1.81812,9.6924,4803.74,0
1.48834,3502.86,1.89577,1.8104,5.05903,4794.46,0
1.48963,3502.84,1.94509,1.86033,3.31757,4808.47,0
1.49092,3502.81,1.92079,1.88808,7.43651,4824.48,0
1.49223,3502.78,1.92152,1.83811,2.00335,4838.65,0
1.49353,3502.72,1.95626,1.85188,7.99038,4873.52,0
1.49482,3502.78,1.90532,1.85078,1.16877,4832.31,0
1.49612,3502.76,1.92627,1.83399,2.65314,4835.98,0
1.49741,3502.76,1.90514,1.83241,3.88015,4832.5,0
1.49873,3502.76,1.87773,1.81904,6.9835,4832.92,0
1.50005,3502.77,1.84965,1.81283,5.59657,4817.33,0
1.50135,3502.81,1.78584,1.82615,2.32613,4789.13,0
1.50265,3502.84,1.77895,1.68985,5.30192,4764.61,0
1.50394,3502.82,1.76272,1.68911,9.27306,4776.86,0
1.50523,3502.76,1.74847,1.74102,2.98318,4810.38,0
1.50655,3502.75,1.77922,1.69572,4.59464,4810.73,0
1.50787,3502.79,1.78105,1.62145,2.26612,4781.35,0
1.50917,3502.8,1.73853,1.59799,3.54895,4768.46,0
1.51046,3502.81,1.73123,1.57484,4.16302,4761.51,0
1.51178,3502.81,1.6878,1.59011,4.8311,4754.33,0
1.51309,3502.8,1.62268,1.52781,1.94366,4758.13,0
1.51438,3502.75,1.64401,1.53111,9.10029,4788.93,0
1.51568,3502.76,1.66388,1.5179,4.27545,4774.13,0
1.51699,3502.73,1.70771,1.55871,5.24099,4794.29,0
1.51831,3502.73,1.69942,1.54657,5.27447,4787.45,0
1.51961,3502.72,1.73703,1.57017,2.94291,4790.15,0
1.5209,3502.7,1.66988,1.58039,9.0516,4798.24,0
1.52222,3502.7,1.667,1.58319,8.3765,4796.32,0
1.52353,3502.7,1.73269,1.59993,2.46491,4794.29,0
1.52485,3502.66,1.68499,1.63193,8.41033,4812.25,0
1.52615,3502.66,1.68315,1.58586,9.31889,4809.04,0
1.52745,3502.64,1.68498,1.54916,1.62176,4817.79,0
1.52875,3502.63,1.68152,1.54333,3.07446,4817.68,0
1.53004,3502.62,1.69946,1.4914,6.75271,4820.77,0
1.53135,3502.59,1.71953,1.49941,10.0351,4839.88,0
1.53264,3502.62,1.73023,1.48393,2.75807,4813.85,0
1.53396,3502.63,1.73458,1.46249,2.74333,4806.85,0
1.53527,3502.65,1.68075,1.42885,3.78312,4787.46,0
1.53658,3502.65,1.66088,1.44787,3.75687,4784.26,0
1.53788,3502.65,1.65588,1.43029,3.82725,4776.11,0
1.53917,3502.65,1.64482,1.39146,7.38334,4775.99,0
1.54047,3502.62,1.66685,1.44664,7.12887,4790.03,0
1.54176,3502.62,1.65286,1.44545,7.42304,4789.88,0
1.54307,3502.57,1.66977,1.4067,5.35456,4815.63,0
1.54438,3502.59,1.66354,1.39427,2.14328,4797.66,0
1.54568,3502.58,1.70968,1.34978,2.82217,4799.3,0
1.54697,3502.56,1.69348,1.41147,4.25566,4810.3,0
1.54827,3502.55,1.67711,1.48534,1.77861,4810.46,0
1.54957,3502.54,1.66129,1.5215,2.45498,4813.74,0
1.55086,3502.54,1.61765,1.49189,6.88836,4809.93,0
1.55218,3502.54,1.60475,1.51272,6.48116,4807.49,0
1.55351,3502.53,1.59982,1.51454,6.70645,4809.93,0
1.55481,3502.54,1.52821,1.45778,0.686389,4798.51,0
1.55611,3502.52,1.49514,1.48157,4.50988,4805.83,0
1.55741,3502.49,1.51218,1.5709,2.3387,4820.05,0
1.55873,3502.5,1.46755,1.55737,4.30191,4810.04,0
1.56003,3502.49,1.45512,1.57863,5.89423,4816.15,0
1.56134,3502.47,1.49895,1.66509,0.14172,4825.37,0
1.56266,3502.44,1.51922,1.63436,6.52616,4840.6,0
1.56396,3502.38,1.48799,1.6399,6.21061,4871.22,0
1.56526,3502.38,1.4494,1.6715,5.67963,4868.35,0
1.56655,3502.39,1.41907,1.71981,2.12708,4859.64,0
1.56785,3502.38,1.39543,1.67534,7.85028,4858.42,0
1.56913,3502.36,1.39893,1.67958,9.30554,4867.88,0
1.57044,3502.32,1.3911,1.70216,3.86713,4891.32,0
1.57176,3502.31,1.3484,1.71217,7.69715,4893.47,0
1.57307,3502.34,1.34973,1.70231,1.88782,4872.43,0
1.57437,3502.3,1.37157,1.70457,6.06294,4887.79,0
1.57567,3502.3,1.3814,1.72702,4.49714,4888.62,0
1.57697,3502.34,1.33317,1.69318,2.50507,4858.65,0
1.57827,3502.39,1.15932,1.71144,1.83582,4822.76,0
1.57959,3502.41,1.09932,1.65731,4.63231,4802.45,0
1.5809,3502.4,1.06835,1.60239,2.40838,4809.74,0
1.5822,3502.33,1.0584,1.55386,8.52852,4845.61,0
1.5835,3502.34,1.03269,1.58049,4.58805,4834.73,0
1.58479,3502.4,0.99629,1.4842,3.47915,4796.68,0
1.5861,3502.42,0.974119,1.44967,2.36761,4778.87,0
1.5874,3502.42,0.948801,1.44157,3.87286,4774.4,0
1.5887,3502.43,0.837418,1.45696,5.4914,4764.48,0
1.59003,3502.41,0.829652,1.49255,5.87027,4770.46,0
1.59133,3502.44,0.798828,1.48596,2.69845,4752.86,0
1.59264,3502.42,0.821606,1.46343,8.37006,4762.45,0
1.59394,3502.42,0.838243,1.49275,3.30581,4757.87,0
1.59527,3502.37,0.856894,1.54127,7.83668,4782.27,0
1.59657,3502.33,0.859408,1.59554,10.2119,4802.86,0
1.59788,3502.33,0.876347,1.63585,4.44859,4799.77,0
1.59919,3502.29,0.873158,1.61826,3.54836,4823.31,0
1.6005,3502.28,0.868214,1.66587,1.10838,4825.87,0
1.60181,3502.25,0.896573,1.69181,1.77365,4836.38,0
1.60309,3502.29,0.810938,1.64898,2.84583,4810.89,0
1.60439,3502.27,0.843898,1.59645,9.5049,4817.62,0
1.60568,3502.23,0.832619,1.62637,2.17926,4836.31,0
1.60698,3502.23,0.806881,1.60505,7.19119,4837.44,0
1.60829,3502.18,0.814658,1.56725,8.59885,4860.04,0
1.60958,3502.15,0.823222,1.55078,5.10434,4876.91,0
1.61086,3502.1,0.795467,1.57529,4.25447,4905.11,0
1.61216,3502.1,0.838982,1.46268,13.6926,4900.96,0
1.61346,3502.1,0.828059,1.38588,10.037,4897.65,0
1.61478,3502.09,0.788861,1.38611,2.33341,4899.7,0
1.61608,3502.08,0.788985,1.39273,1.97228,4899.38,0
1.61738,3502.02,0.802789,1.40278,2.59139,4932.69,0
1.6187,3502.02,0.793152,1.35586,9.2929,4931.2,0
1.61999,3502.03,0.805047,1.37755,1.61737,4921.68,0
1.62129,3502.01,0.836838,1.37062,4.26595,4928.34,0
1.62258,3502,0.878091,1.35561,6.19954,4932.77,0
1.6239,3501.97,0.930289,1.3009,3.69864,4945.66,0
1.6252,3502,0.89217,1.22884,6.07908,4920.95,0
1.62649,3502.03,0.852709,1.19746,5.5883,4902.31,0
1.6278,3502.02,0.821511,1.13973,4.80227,4903.79,0
1.62911,3501.95,0.853511,1.14304,7.87253,4939.26,0
1.6304,3501.93,0.880593,1.12447,1.24063,4947.78,0
1.63169,3501.92,0.902171,1.09561,5.20126,4950.06,0
1.63298,3501.91,0.886601,1.09489,9.07895,4953.89,0
1.63427,3501.88,0.895326,1.11483,12.6955,4966.97,0
1.63558,3501.89,0.864721,1.07959,7.06733,4960.82,0
1.63686,3501.88,0.90477,1.05765,5.77341,4959.61,0
1.63817,3501.83,0.908996,1.02679,2.53255,4989.06,0
1.63948,3501.79,0.893036,1.02484,2.46941,5004.92,0
1.64077,3501.76,0.901306,1.0114,3.14756,5022.89,0
1.64207,3501.69,0.922261,1.02587,9.74985,5062.68,0
1.64336,3501.68,0.916771,1.06361,5.08838,5060.64,0
1.64467,3501.7,0.919399,1.02287,5.60456,5047.91,0
1.64598,3501.65,0.945782,1.01318,8.20043,5074.18,0
1.64729,3501.65,0.899384,1.00731,0.521341,5070.25,0
1.64858,3501.59,0.925749,1.01146,5.09213,5103.1,0
1.64989,3501.55,0.898202,1.03711,4.74859,5119.91,0
1.6512,3501.52,0.921853,1.06722,4.76854,5132.67,0
1.6525,3501.5,0.925097,1.03554,4.99874,5141.48,0
1.65379,3501.46,0.889977,1.03425,3.27938,5166.06,0
1.65508,3501.47,0.837534,1.02709,8.4943,5156.52,0
1.65639,3501.5,0.822872,0.991733,5.44475,5133.97,0
1.65771,3501.48,0.80773,0.971788,6.57164,5141.35,0
1.659,3501.45,0.811063,0.952296,9.36877,5156.05,0
1.66031,3501.45,0.783986,0.935891,4.15969,5151.24,0
1.6616,3501.42,0.740865,0.949813,9.14589,5165.54,0
1.6629,3501.39,0.712373,0.942491,3.78026,5179.53,0
1.6642,3501.38,0.708962,0.879108,8.56915,5178.1,0
1.6655,3501.32,0.682367,0.924259,3.1342,5209.9,0
1.66679,3501.32,0.613614,0.93235,3.69495,5209.16,0
1.66811,3501.32,0.555763,0.917668,5.15379,5204.7,0
1.66942,3501.29,0.548122,0.860598,1.19944,5217.96,0
1.67072,3501.25,0.496641,0.847405,9.23001,5234.94,0
1.67202,3501.2,0.459067,0.846576,9.1512,5265.05,0
1.67332,3501.12,0.428227,0.778106,7.12258,5304.31,1
1.67461,3501.07,0.490459,0.807219,5.74519,5335,1
1.67592,3501.05,0.438976,0.834161,4.0094,5340.07,1
1.6772,3501,0.440115,0.772876,4.01904,5364.09,1
1.6785,3500.93,0.397131,0.737061,4.85682,5403.94,1
1.6798,3500.88,0.378495,0.720075,2.11696,5431.06,1
1.68112,3500.84,0.383068,0.676519,0.244703,5448.76,1
1.68241,3500.78,0.376424,0.664131,9.67048,5482.25,1
1.68371,3500.69,0.390276,0.652882,4.43768,5527.84,1
1.68479,3500.68,0.386831,0.626462,11.612,5533.92,1
