0.00130524,3509.97,-4.09312,-3.72852,2.61275,25237.5,0
0.00263386,3509.99,-4.1138,-3.76692,0.461508,4182.29,0
0.00393296,3509.9,-4.14663,-3.77812,5.08933,24262.4,0
0.00526061,3509.88,-4.15334,-3.75329,5.90689,22093.4,0
0.00655483,3509.89,-4.14928,-3.75408,4.96312,16948.5,0
0.00785966,3509.85,-4.13686,-3.74148,7.04552,18459.2,0
0.00914047,3509.86,-4.14153,-3.75545,5.80135,15651.5,0
0.01045,3509.84,-4.18092,-3.74827,5.51047,15069.7,0
0.0117693,3509.85,-4.18515,-3.75369,4.4417,12696.9,0
0.0130902,3509.85,-4.11299,-3.70939,5.59508,11596.4,0
0.0143802,3509.84,-4.15656,-3.69944,4.66867,10793.1,0
0.0156821,3509.86,-4.23035,-3.69863,2.4863,8683.15,0
0.016977,3509.87,-4.21917,-3.8162,0.994571,7776.69,0
0.0182504,3509.88,-4.19835,-3.72513,1.19968,6402.93,0
0.0195441,3509.86,-4.1391,-3.65111,3.9839,7152.91,0
0.0208547,3509.83,-4.12244,-3.61414,6.32984,8304.05,0
0.0221725,3509.84,-4.10035,-3.64198,4.9546,7131.96,0
0.0234663,3509.84,-4.13278,-3.63903,4.38341,6831.59,0
0.0247627,3509.82,-4.19443,-3.6686,4.16157,7275.14,0
0.0260797,3509.82,-4.23715,-3.66427,3.29508,6721.47,0
0.027376,3509.86,-4.24567,-3.62371,1.21785,5028.34,0
0.0286846,3509.88,-4.12373,-3.64991,1.47184,4324.97,0
0.0299799,3509.85,-4.15445,-3.68553,2.32042,5042.47,0
0.0312832,3509.81,-4.15561,-3.71127,4.26149,6043.96,0
0.0325726,3509.86,-4.14504,-3.64792,2.10183,4382.64,0
0.0338715,3509.84,-4.18626,-3.73911,1.74231,4757.61,0
0.0351738,3509.86,-4.16442,-3.66795,1.12416,3883.01,0
0.0364829,3509.88,-4.12245,-3.65804,0.535117,3243.26,0
0.0377717,3509.87,-4.16995,-3.57418,1.432,3437.82,0
0.0390546,3509.83,-4.27378,-3.59155,2.5053,4391.98,0
0.0403474,3509.82,-4.2776,-3.56445,3.39946,4569.37,0
0.0416346,3509.84,-4.31178,-3.56187,1.44823,3863.73,0
0.0429216,3509.82,-4.39178,-3.53363,2.07706,4288.61,0
0.0442322,3509.81,-4.48027,-3.4867,1.61422,4253.84,0
0.0455149,3509.78,-4.46442,-3.48632,3.78026,4896.21,0
0.0468144,3509.74,-4.46329,-3.47338,5.98242,5547.41,0
0.0481156,3509.78,-4.37386,-3.43389,4.41687,4498.27,0
0.0494226,3509.77,-4.46305,-3.50351,2.99331,4560.33,0
0.0507304,3509.76,-4.42629,-3.48291,4.53383,4759.72,0
0.0520295,3509.75,-4.42786,-3.45949,4.89627,4843.63,0
0.0533329,3509.81,-4.38994,-3.41563,1.72576,3570.88,0
0.0546256,3509.83,-4.38726,-3.3714,0.845916,3123.42,0
0.0559191,3509.82,-4.33833,-3.3511,2.06975,3198.36,0
0.0572291,3509.85,-4.29365,-3.32897,0.960395,2606.16,0
0.058535,3509.8,-4.26909,-3.32003,4.62757,3466.86,0
0.0598386,3509.83,-4.25315,-3.40164,1.98382,2895.23,0
0.0611497,3509.83,-4.10173,-3.36449,3.7257,2729.76,0
0.0624376,3509.84,-4.06249,-3.41375,2.94997,2508.59,0
0.0637542,3509.83,-4.03967,-3.41523,4.03707,2711.18,0
0.0650441,3509.8,-4.00549,-3.44074,5.6155,3111.76,0
0.0663583,3509.75,-3.96774,-3.48089,7.6867,3753.78,0
0.0676631,3509.71,-3.97817,-3.50862,8.18832,4343.4,0
0.0689576,3509.71,-3.98629,-3.56919,6.4531,4237.88,0
0.0702764,3509.7,-4.00256,-3.53433,6.08748,4198.39,0
0.0715801,3509.69,-4.04634,-3.55714,5.52827,4286.18,0
0.0728792,3509.73,-4.13719,-3.57271,2.02592,3766.72,0
0.0742054,3509.74,-4.12421,-3.59448,0.73212,3452.59,0
0.0754923,3509.7,-4.26454,-3.55118,2.09743,3967.11,0
0.0767902,3509.65,-4.19849,-3.56287,5.49844,4529.98,0
0.0780866,3509.71,-4.10817,-3.58944,2.58269,3733.2,0
0.0793895,3509.71,-4.07184,-3.65692,1.94046,3606.04,0
0.0807066,3509.71,-4.02528,-3.65759,2.66607,3601.13,0
0.0820169,3509.68,-4.11878,-3.51357,4.63541,3879.86,0
0.0833027,3509.67,-4.08902,-3.54578,5.26205,3994.31,0
0.0845952,3509.76,-4.0281,-3.48512,0.875186,2885.83,0
0.0858919,3509.72,-4.08537,-3.53262,2.10841,3303.53,0
0.0871829,3509.7,-4.12712,-3.51942,2.91711,3495.93,0
0.0884861,3509.7,-4.09979,-3.50371,3.06298,3403.05,0
0.0897821,3509.7,-4.08945,-3.56841,2.23582,3331.05,0
0.0910701,3509.67,-4.12333,-3.54786,4.02083,3676.61,0
0.0923633,3509.69,-4.14776,-3.61044,1.61994,3403.73,0
0.093675,3509.67,-4.13288,-3.54282,3.25001,3491.85,0
0.0949841,3509.66,-4.16676,-3.54213,3.62112,3597.38,0
0.0962785,3509.71,-4.16018,-3.50823,0.638233,2988.82,0
0.0975896,3509.66,-4.16816,-3.57186,3.20427,3503.33,0
0.0988812,3509.62,-4.18271,-3.60208,4.47201,3817.82,0
0.100156,3509.6,-4.16135,-3.61061,5.60457,3982.16,0
0.101474,3509.58,-4.16752,-3.58929,6.79177,4181.52,0
0.102773,3509.57,-4.13057,-3.59889,6.18549,4177.21,0
0.104075,3509.56,-4.10239,-3.56976,6.94247,4255.98,0
0.105373,3509.59,-4.08999,-3.59201,4.2602,3857.75,0
0.106678,3509.58,-4.11567,-3.57049,4.63648,3939.97,0
0.107995,3509.6,-4.0745,-3.55153,3.87358,3734.66,0
0.109325,3509.61,-4.09713,-3.54934,2.43691,3523.85,0
0.110636,3509.57,-4.17153,-3.56401,4.20191,3900.99,0
0.111932,3509.56,-4.13243,-3.55738,4.77644,3925.21,0
0.113236,3509.57,-4.21894,-3.51231,3.28387,3791.97,0
0.114543,3509.63,-4.14209,-3.47368,0.541331,3198.29,0
0.115838,3509.63,-4.06474,-3.4641,1.94311,3228.94,0
0.117146,3509.61,-4.07765,-3.43234,3.16264,3343.12,0
0.118444,3509.63,-4.13283,-3.43766,0.92209,3112.42,0
0.119755,3509.62,-4.02915,-3.4319,2.79557,3151.47,0
0.121067,3509.61,-3.94985,-3.43699,4.42029,3226.02,0
0.122359,3509.65,-3.93457,-3.47592,1.56797,2899.63,0
0.123646,3509.67,-3.92755,-3.41687,0.817668,2701.72,0
0.124965,3509.67,-3.88543,-3.39655,1.01032,2612.58,0
0.12625,3509.63,-3.91528,-3.28805,4.28244,2896.9,0
0.12755,3509.66,-3.98743,-3.16266,2.68066,2645.22,0
0.128853,3509.62,-3.95473,-3.17397,5.58024,2984.11,0
0.130157,3509.63,-3.94015,-3.13829,4.53568,2817.16,0
0.131458,3509.62,-3.94196,-3.18792,4.71237,2901.38,0
0.132741,3509.68,-3.91372,-3.24126,0.554717,2427.62,0
0.134034,3509.68,-3.83833,-3.28448,0.978074,2409.98,0
0.135334,3509.6,-3.80463,-3.32902,5.62796,2956.21,0
0.136631,3509.61,-3.78545,-3.31112,4.64465,2849,0
0.137943,3509.62,-3.75939,-3.28944,4.10067,2745.98,0
0.139252,3509.61,-3.81103,-3.30943,3.77645,2799,0
0.140571,3509.64,-3.80098,-3.34854,1.29665,2545.85,0
0.141862,3509.62,-3.76787,-3.34069,3.32276,2708.61,0
0.143166,3509.61,-3.8043,-3.31475,3.21502,2712.56,0
0.144458,3509.65,-3.75936,-3.16046,2.83217,2424.4,0
0.145776,3509.66,-3.79127,-3.06619,2.3932,2313.51,0
0.147054,3509.67,-3.69976,-3.07349,3.24216,2275.16,0
0.148341,3509.64,-3.67917,-3.08283,4.63884,2415.54,0
0.149659,3509.7,-3.69828,-3.05146,0.62896,2018.21,0
0.150973,3509.67,-3.75008,-3.08127,1.65154,2205.21,0
0.152284,3509.63,-3.77024,-3.07821,3.81565,2438.18,0
0.153575,3509.61,-3.76643,-3.06753,5.10311,2566.23,0
0.154858,3509.6,-3.75041,-3.06416,5.1792,2585.94,0
0.156178,3509.6,-3.80764,-3.09271,3.65875,2534.13,0
0.157494,3509.58,-3.8478,-3.10572,4.46671,2677.6,0
0.158825,3509.58,-3.84447,-3.09204,4.369,2646.05,0
0.160102,3509.57,-3.82896,-3.12074,4.91515,2708.75,0
0.161406,3509.6,-3.78012,-3.11927,3.46455,2504.13,0
0.162695,3509.64,-3.75354,-3.12602,1.18305,2240.74,0
0.164,3509.63,-3.6885,-3.12458,2.10542,2244.91,0
0.165288,3509.66,-3.69172,-2.96071,1.8636,2060.44,0
0.166576,3509.61,-3.69612,-2.96947,4.53877,2318.99,0
0.167887,3509.65,-3.70665,-3.00452,1.5857,2085.86,0
0.169194,3509.6,-3.72981,-2.90785,5.39193,2387,0
0.170476,3509.62,-3.75565,-2.95034,3.15519,2251.83,0
0.17178,3509.6,-3.83093,-2.93669,3.47706,2348.08,0
0.173074,3509.61,-3.84597,-2.92067,2.30096,2241.03,0
0.174389,3509.59,-3.89014,-2.91317,3.33817,2374.4,0
0.175692,3509.56,-3.86281,-2.93122,4.9259,2496.51,0
0.17701,3509.55,-3.91692,-2.90747,4.75512,2530.56,0
0.178305,3509.54,-3.89768,-2.89065,5.74341,2600.32,0
0.179619,3509.52,-3.9309,-2.88225,5.86552,2671.13,0
0.180917,3509.49,-3.95052,-2.88686,6.47695,2815.97,0
0.182228,3509.48,-3.93312,-2.897,6.6305,2858.97,0
0.183523,3509.51,-3.95894,-2.92201,3.26296,2672.04,0
0.184827,3509.5,-3.96454,-2.8945,3.73814,2696.62,0
0.18612,3509.54,-3.88658,-2.93562,1.45836,2448.91,0
0.187429,3509.49,-3.88789,-2.87991,5.22476,2703.37,0
0.188733,3509.5,-3.92606,-2.8674,3.88516,2630.58,0
0.190027,3509.46,-3.93327,-2.88442,5.58246,2820.55,0
0.191325,3509.46,-3.93535,-2.89649,5.07566,2803.79,0
0.192637,3509.45,-3.98387,-2.87324,5.00841,2838.3,0
0.193944,3509.45,-4.00167,-2.8756,4.20844,2815.71,0
0.195251,3509.45,-4.04255,-2.96039,3.17619,2826.75,0
0.196539,3509.41,-4.09989,-2.94793,4.54177,2985.14,0
0.197825,3509.39,-4.14636,-2.96007,4.87151,3075.64,0
0.199145,3509.36,-4.15229,-2.9657,6.35737,3224.81,0
0.200449,3509.41,-4.13174,-2.95715,3.07841,2950.52,0
0.20175,3509.41,-4.2421,-2.9163,1.48845,2901.38,0
0.203076,3509.4,-4.15017,-2.87203,3.73491,2936.16,0
0.20438,3509.39,-4.15541,-2.90871,4.24433,2998.15,0
0.205683,3509.34,-4.1279,-2.93062,6.95063,3206.57,0
0.206991,3509.34,-4.11137,-2.88934,7.06501,3206.83,0
0.208289,3509.34,-4.10974,-2.89256,5.51486,3147.02,0
0.209599,3509.33,-4.06654,-2.8714,6.75693,3210.03,0
0.210897,3509.34,-4.10972,-2.88467,4.15219,3118.93,0
0.212201,3509.39,-4.0967,-2.91347,0.759411,2875.12,0
0.213503,3509.36,-4.10609,-2.9029,2.82873,3008.69,0
0.214808,3509.38,-3.96444,-2.99695,2.27459,2888.09,0
0.216104,3509.36,-3.92218,-3.085,3.3374,2976.91,0
0.21741,3509.32,-3.89106,-3.03392,6.2486,3118.85,0
0.218726,3509.33,-3.88741,-3.0193,5.67628,3078.72,0
0.220027,3509.36,-3.89465,-3.03502,3.11669,2916.33,0
0.221326,3509.38,-3.87157,-3.0512,1.77528,2804.41,0
0.222623,3509.36,-3.88104,-3.0847,2.46777,2875.71,0
0.223912,3509.32,-3.87728,-3.11313,4.77652,3047.81,0
0.225204,3509.34,-3.92489,-3.12447,2.26793,2923.45,0
0.226505,3509.27,-4.05606,-3.21747,4.2938,3233.51,0
0.227807,3509.25,-4.03622,-3.25189,5.16255,3295.15,0
0.229108,3509.28,-4.01972,-3.26999,2.68094,3129.15,0
0.230419,3509.29,-3.91599,-3.29654,3.05459,3070.43,0
0.231734,3509.27,-3.91257,-3.32755,3.75113,3134.44,0
0.233042,3509.29,-3.85141,-3.39609,2.67306,3049.04,0
0.234339,3509.31,-3.92443,-3.38454,0.581329,2959.89,0
0.235642,3509.25,-3.87396,-3.36524,5.04614,3187.19,0
0.236941,3509.25,-3.87297,-3.33184,5.02783,3160.44,0
0.238259,3509.28,-3.88587,-3.44338,1.24345,3004.5,0
0.239565,3509.22,-3.90869,-3.52865,4.0341,3250.41,0
0.240861,3509.19,-3.91001,-3.51782,6.05819,3382.75,0
0.24216,3509.19,-3.91222,-3.51882,5.24121,3356.11,0
0.243452,3509.19,-3.93626,-3.52931,4.15518,3314.03,0
0.244745,3509.22,-3.96547,-3.55615,1.83059,3203.29,0
0.246055,3509.22,-3.92322,-3.46642,3.07559,3165.69,0
0.247368,3509.18,-3.90632,-3.48688,5.35332,3317.11,0
0.248657,3509.24,-3.94751,-3.47088,0.836536,3068.17,0
0.249964,3509.22,-3.95941,-3.50716,1.31499,3120.28,0
0.251258,3509.18,-3.96677,-3.44669,4.2725,3254.68,0
0.252558,3509.2,-3.95652,-3.43877,2.91854,3148.47,0
0.253847,3509.2,-3.96217,-3.4227,2.95931,3142.73,0
0.25515,3509.23,-3.96172,-3.36984,1.28459,3011.56,0
0.256471,3509.2,-3.90694,-3.39284,3.56118,3106.41,0
0.257762,3509.17,-3.87582,-3.39102,5.52179,3200.94,0
0.259072,3509.2,-3.92508,-3.46009,2.16044,3097.07,0
0.260358,3509.19,-3.89399,-3.43862,3.50297,3129.67,0
0.261671,3509.19,-3.79746,-3.52778,3.28633,3096.09,0
0.262984,3509.18,-3.77294,-3.52694,4.11091,3124.33,0
0.264279,3509.17,-3.80105,-3.50395,4.23303,3136.14,0
0.265576,3509.16,-3.81638,-3.471,4.41037,3150.11,0
0.266877,3509.15,-3.83208,-3.42627,5.02548,3176.08,0
0.26818,3509.15,-3.82562,-3.43315,4.67008,3152.73,0
0.269472,3509.17,-3.75419,-3.43075,4.26353,3090.13,0
0.270787,3509.13,-3.75713,-3.42356,6.14767,3201.9,0
0.272096,3509.11,-3.80084,-3.40776,6.10913,3253.38,0
0.27341,3509.16,-3.78396,-3.42971,2.36891,3057.7,0
0.274699,3509.16,-3.83836,-3.41337,1.98643,3057.12,0
0.276012,3509.12,-3.8442,-3.42731,4.32874,3191.27,0
0.277324,3509.17,-3.82133,-3.4376,1.15283,2998.76,0
0.278614,3509.1,-3.83505,-3.53361,4.23533,3232.8,0
0.279936,3509.06,-3.82288,-3.52174,6.46232,3368.21,0
0.281253,3509.06,-3.88607,-3.53028,4.62496,3331.99,0
0.282543,3509.05,-3.8658,-3.52299,5.55863,3364.42,0
0.28384,3509.07,-3.84313,-3.51092,4.40015,3280.18,0
0.285139,3509.13,-3.82037,-3.54113,0.344995,3066.32,0
0.286423,3509.13,-3.76626,-3.52514,1.06366,3047.58,0
0.287733,3509.05,-3.7572,-3.57445,5.33323,3292.19,0
0.289025,3509.03,-3.72988,-3.54212,6.61196,3340.68,0
0.29033,3509.04,-3.80604,-3.56166,4.60229,3310.75,0
0.291618,3509.05,-3.80144,-3.56863,3.62321,3263.26,0
0.292911,3509.04,-3.79469,-3.61627,3.35639,3268.28,0
0.294208,3509.08,-3.81027,-3.53367,1.71388,3136.15,0
0.295508,3509.04,-3.77399,-3.52401,4.3389,3234.51,0
0.296789,3509,-3.78027,-3.52661,6.12176,3369.03,0
0.298084,3509.01,-3.74425,-3.53124,5.49419,3329.74,0
0.299379,3509.04,-3.72911,-3.47697,3.95287,3204.68,0
0.300672,3509,-3.73876,-3.47684,5.87303,3315.71,0
0.301981,3508.96,-3.75109,-3.45044,7.79501,3430.23,0
0.303274,3508.98,-3.67936,-3.40023,7.31449,3377.21,0
0.304577,3508.97,-3.65764,-3.39348,6.40672,3371.89,0
0.305881,3508.98,-3.70793,-3.37967,4.68914,3341.62,0
0.307186,3509.04,-3.5261,-3.43165,2.34765,3138.88,0
0.308489,3509.05,-3.50072,-3.46843,1.4085,3090.39,0
0.309798,3509.06,-3.4816,-3.41919,1.11047,3025.11,0
0.311107,3509.04,-3.46031,-3.551,1.47653,3099.61,0
0.312394,3509.05,-3.40316,-3.49621,2.15764,3055.83,0
0.313672,3509.05,-3.43261,-3.52578,1.08741,3027.95,0
0.314953,3509,-3.48536,-3.50457,3.66758,3162.52,0
0.316257,3509,-3.47119,-3.57891,2.9354,3155.15,0
0.317547,3509,-3.57042,-3.57133,1.72843,3152.5,0
0.318866,3509.01,-3.48673,-3.57363,1.63228,3089.96,0
0.320179,3508.98,-3.40834,-3.53999,5.52854,3194.86,0
0.321489,3508.99,-3.39711,-3.56197,3.83443,3133.24,0
0.322779,3508.95,-3.43221,-3.55015,5.9131,3251.9,0
0.324084,3509.03,-3.40325,-3.5176,0.679317,2984.33,0
0.325381,3509.03,-3.38344,-3.55971,0.870103,2995.16,0
0.326664,3509.01,-3.34306,-3.48039,3.4334,3035.7,0
0.327954,3509.01,-3.29699,-3.5747,2.25746,3003.63,0
0.329244,3509,-3.27534,-3.60141,3.01132,3038.62,0
0.330547,3508.99,-3.21947,-3.61256,3.98072,3054.88,0
0.331854,3509.01,-3.27198,-3.52971,3.1612,2995.62,0
0.33318,3508.98,-3.3497,-3.60321,3.19729,3067.7,0
0.334492,3508.95,-3.38424,-3.65044,3.97035,3147.3,0
0.33577,3508.97,-3.40893,-3.68764,1.80281,3081.6,0
0.337072,3508.94,-3.37482,-3.73555,2.94681,3131.31,0
0.338353,3508.94,-3.36578,-3.73659,3.01571,3125.34,0
0.339644,3508.89,-3.39529,-3.75883,5.90002,3281.53,0
0.340951,3508.87,-3.40815,-3.76988,5.94286,3315.64,0
0.342248,3508.85,-3.3925,-3.7818,6.04058,3345.84,0
0.343565,3508.89,-3.35644,-3.76152,3.89616,3232.09,0
0.344877,3508.87,-3.35882,-3.75364,5.08044,3283.82,0
0.346187,3508.9,-3.36534,-3.78667,2.1441,3180.82,0
0.3475,3508.89,-3.36603,-3.79482,2.78434,3206.33,0
0.348817,3508.9,-3.2638,-3.79883,2.78706,3148.45,0
0.350126,3508.86,-3.23655,-3.76194,6.33109,3258.2,0
0.351432,3508.85,-3.21903,-3.75825,6.61921,3280.43,0
0.352741,3508.86,-3.20616,-3.77697,4.79496,3238,0
0.35404,3508.84,-3.2342,-3.80847,4.64126,3279.01,0
0.355312,3508.85,-3.22285,-3.81003,3.36826,3226.11,0
0.356614,3508.82,-3.17526,-3.81914,6.18517,3321.26,0
0.357912,3508.8,-3.22788,-3.80578,5.88025,3342.94,0
0.359226,3508.8,-3.23696,-3.83059,4.97048,3329.3,0
0.360495,3508.78,-3.19648,-3.81554,6.99937,3389.02,0
0.361813,3508.78,-3.18279,-3.83476,5.68278,3371.07,0
0.363111,3508.78,-3.14087,-3.83243,5.16531,3348.45,0
0.364426,3508.78,-3.18295,-3.82827,4.84063,3355.06,0
0.365717,3508.77,-3.17581,-3.81671,4.87359,3354.52,0
0.367028,3508.77,-3.20798,-3.84379,4.0074,3345.52,0
0.368328,3508.77,-3.20749,-3.86347,3.80748,3344.32,0
0.369621,3508.76,-3.24058,-3.82262,4.04818,3347.76,0
0.370917,3508.79,-3.25454,-3.80432,1.91552,3253.62,0
0.372229,3508.79,-3.33795,-3.76758,1.83352,3262.74,0
0.373551,3508.8,-3.32965,-3.71862,1.30492,3203.48,0
0.374852,3508.76,-3.31405,-3.75482,3.97539,3314.74,0
0.376139,3508.78,-3.31805,-3.73552,2.44693,3244.61,0
0.377425,3508.8,-3.32686,-3.72594,1.33932,3191.9,0
0.378732,3508.81,-3.27538,-3.75666,0.617294,3146.22,0
0.380038,3508.78,-3.29532,-3.77342,2.02653,3211.29,0
0.381343,3508.81,-3.30074,-3.73666,0.594053,3132.58,0
0.38265,3508.81,-3.28998,-3.63584,1.72128,3109.01,0
0.383943,3508.82,-3.24588,-3.64267,1.43365,3071.68,0
0.385277,3508.75,-3.27636,-3.70395,5.06468,3245.12,0
0.386558,3508.77,-3.25452,-3.739,3.02366,3172.02,0
0.387868,3508.82,-3.21573,-3.69068,0.566003,3029.73,0
0.389152,3508.83,-3.16562,-3.69831,0.599954,3007.12,0
0.390464,3508.79,-3.09282,-3.71127,3.93539,3096.67,0
0.391758,3508.77,-3.13193,-3.70997,4.79308,3139.37,0
0.393066,3508.79,-3.18759,-3.748,2.32169,3089.52,0
0.394364,3508.75,-3.15742,-3.80496,4.26814,3177.48,0
0.395675,3508.75,-3.1451,-3.85437,3.52134,3165.47,0
0.396986,3508.72,-3.12881,-3.83503,5.20328,3212.88,0
0.3983,3508.74,-3.13104,-3.84818,3.4392,3157.43,0
0.399601,3508.72,-3.18984,-3.82041,4.70999,3209,0
0.400911,3508.72,-3.21424,-3.835,3.41026,3188.28,0
0.402215,3508.67,-3.23439,-3.80616,6.47065,3295.93,0
0.403533,3508.68,-3.24637,-3.80629,5.22195,3261.45,0
0.404836,3508.67,-3.24105,-3.814,5.66788,3292.18,0
0.406147,3508.65,-3.27561,-3.79627,5.62518,3314.44,0
0.407443,3508.65,-3.28743,-3.81659,5.25645,3317.96,0
0.408742,3508.59,-3.27779,-3.80257,8.38901,3442.85,0
0.410035,3508.58,-3.30446,-3.79548,8.11709,3462.75,0
0.411339,3508.57,-3.26958,-3.80303,7.75126,3478.4,0
0.412639,3508.55,-3.22506,-3.79338,8.72124,3514.68,0
0.413946,3508.57,-3.20765,-3.80247,6.54242,3464.56,0
0.415243,3508.57,-3.12488,-3.78354,6.81902,3447.94,0
0.416555,3508.52,-3.11253,-3.78508,8.71714,3541.21,0
0.417873,3508.57,-3.10187,-3.77121,4.80291,3421.75,0
0.419178,3508.57,-3.06859,-3.73872,5.04791,3409.55,0
0.420485,3508.6,-3.0787,-3.79195,1.69874,3322.02,0
0.421775,3508.62,-3.07483,-3.79789,0.212519,3266.11,0
0.423064,3508.56,-3.09166,-3.75231,4.62039,3395.05,0
0.424354,3508.56,-3.06143,-3.72206,5.33858,3398.37,0
0.425651,3508.57,-3.09069,-3.78034,3.23495,3365.34,0
0.426947,3508.55,-3.16388,-3.7862,3.21247,3387.97,0
0.428251,3508.56,-3.19452,-3.74013,2.98776,3366.81,0
0.429547,3508.57,-3.22354,-3.69285,2.63213,3339.12,0
0.43085,3508.59,-3.13824,-3.70532,1.38551,3262.11,0
0.432133,3508.54,-3.15492,-3.71261,5.09255,3387.28,0
0.433445,3508.51,-3.13879,-3.69562,7.01039,3444.87,0
0.43477,3508.51,-3.12624,-3.72324,6.03375,3429.65,0
0.436056,3508.52,-3.10318,-3.72668,5.21898,3394.66,0
0.437369,3508.52,-3.10743,-3.70149,4.99174,3376.84,0
0.438672,3508.51,-3.11617,-3.73841,5.23719,3401.14,0
0.43996,3508.5,-3.09468,-3.73481,5.46848,3402.34,0
0.441229,3508.46,-3.06753,-3.74117,8.15024,3497.08,0
0.442519,3508.42,-3.04096,-3.71989,9.35263,3564.18,0
0.443808,3508.41,-3.03862,-3.7303,8.05271,3578.2,0
0.445112,3508.38,-3.04938,-3.75985,8.01328,3646.33,0
0.446403,3508.39,-3.06602,-3.73427,6.11315,3607.37,0
0.447704,3508.39,-3.08885,-3.68166,5.70486,3590.86,0
0.449016,3508.42,-3.05018,-3.65953,3.8106,3508.83,0
0.450308,3508.41,-3.0677,-3.62562,4.95398,3533.75,0
0.451596,3508.43,-3.05376,-3.57143,3.89187,3483.26,0
0.452894,3508.45,-3.08421,-3.56135,1.5743,3414.16,0
0.454194,3508.44,-3.17073,-3.53503,1.92896,3441.59,0
0.455486,3508.41,-3.10831,-3.59337,3.46559,3483.24,0
0.45679,3508.4,-3.03648,-3.62775,4.89213,3513.13,0
0.458112,3508.43,-3.07635,-3.68621,0.629333,3426.18,0
0.459398,3508.41,-2.97651,-3.72804,2.56966,3457.97,0
0.460706,3508.42,-2.91651,-3.82606,1.03818,3428.62,0
0.462013,3508.37,-2.89616,-3.89117,3.75204,3528.01,0
0.463331,3508.39,-2.90945,-3.83559,3.1581,3482.7,0
0.464632,3508.41,-2.93196,-3.88294,0.629197,3431.34,0
0.465932,3508.39,-2.93053,-3.83692,2.72489,3462.79,0
0.467265,3508.4,-2.87302,-3.83525,2.21196,3423.6,0
0.468584,3508.37,-2.93696,-3.86387,2.82683,3471.42,0
0.469891,3508.32,-3.07812,-3.86736,4.6031,3571.58,0
0.47118,3508.34,-3.09555,-3.87991,2.69707,3525.77,0
0.472481,3508.33,-3.22808,-3.86932,1.83084,3538.5,0
0.473806,3508.31,-3.14396,-3.90066,3.68603,3567.91,0
0.475096,3508.31,-3.13576,-3.84967,4.66518,3565.37,0
0.476403,3508.32,-3.09848,-3.83363,3.85768,3521.17,0
0.477702,3508.35,-3.09599,-3.84047,1.92278,3462.36,0
0.479007,3508.31,-3.09751,-3.81808,4.93763,3537.82,0
0.480316,3508.33,-3.1712,-3.809,2.2754,3481.89,0
0.481603,3508.3,-3.32059,-3.88583,0.762644,3524.55,0
0.482881,3508.29,-3.30282,-3.93576,1.26442,3547.83,0
0.484182,3508.3,-3.23633,-3.89839,1.68622,3510.04,0
0.485483,3508.3,-3.20738,-3.84263,2.87908,3498.81,0
0.486769,3508.31,-3.1757,-3.77385,3.80369,3477.96,0
0.488084,3508.31,-3.19938,-3.68037,4.11859,3453.84,0
0.489387,3508.29,-3.18974,-3.70181,5.6228,3499.02,0
0.49069,3508.23,-3.19985,-3.68164,8.85749,3608.6,0
0.492023,3508.25,-3.16989,-3.67508,6.17433,3562.56,0
0.493329,3508.24,-3.23728,-3.6709,4.97096,3558.32,0
0.494616,3508.27,-3.21441,-3.72257,2.46865,3496.91,0
0.495917,3508.26,-3.16456,-3.78341,2.99209,3510.96,0
0.497217,3508.3,-3.1131,-3.78896,0.198436,3410.51,0
0.498499,3508.24,-3.18825,-3.83546,2.98858,3527.66,0
0.49981,3508.17,-3.18042,-3.90176,6.86901,3663.74,0
0.501142,3508.21,-3.12775,-3.92406,3.74868,3568.27,0
0.502448,3508.18,-3.1486,-4.06242,3.32474,3620.36,0
0.50376,3508.21,-3.10845,-3.96895,3.28565,3557.44,0
0.505064,3508.22,-3.11528,-3.98601,2.03579,3524.49,0
0.506372,3508.18,-3.12167,-3.92068,5.70684,3597.24,0
0.507663,3508.14,-3.09364,-3.93623,7.71742,3668.72,0
0.508979,3508.15,-3.07477,-3.92505,6.31425,3643.43,0
0.510293,3508.16,-3.02819,-3.91394,4.72693,3599.03,0
0.511583,3508.13,-3.01599,-3.9935,5.60262,3650.82,0
0.512893,3508.18,-3.00939,-4.04394,0.716283,3540.12,0
0.5142,3508.12,-3.008,-4.16263,3.30048,3656.93,0
0.515515,3508.11,-3.02262,-4.15286,3.61716,3661.79,0
0.516817,3508.08,-3.07648,-4.16544,5.19078,3723.74,0
0.518122,3508.11,-2.97613,-4.18286,3.20291,3639.88,0
0.519415,3508.12,-2.96138,-4.17039,2.84534,3612.69,0
0.520717,3508.12,-2.88898,-4.20226,3.09223,3604.84,0
0.522033,3508.16,-2.89444,-4.1507,1.39453,3531.17,0
0.523324,3508.17,-2.82861,-4.13554,1.16666,3490.44,0
0.524623,3508.14,-2.83721,-4.12679,3.13249,3536.77,0
0.52591,3508.12,-2.78997,-4.13041,4.84959,3567.92,0
0.52721,3508.1,-2.80216,-4.0968,6.04896,3595.92,0
0.528496,3508.13,-2.81962,-4.06343,3.77426,3531.4,0
0.529802,3508.13,-2.78453,-4.09807,3.40325,3521.54,0
0.531101,3508.15,-2.81071,-4.17046,0.909403,3491.57,0
0.532398,3508.12,-2.81923,-4.10024,4.0514,3536,0
0.533696,3508.13,-2.86945,-4.06728,2.67019,3502.79,0
0.534983,3508.16,-2.80733,-4.03412,1.76687,3437.9,0
0.536288,3508.18,-2.67567,-4.03652,2.18551,3402.51,0
0.537584,3508.19,-2.65195,-4.08622,0.382177,3365.11,0
0.538885,3508.18,-2.7756,-4.07044,0.0487905,3379.24,0
0.54017,3508.17,-2.76422,-4.0803,0.24208,3381.28,0
0.541483,3508.15,-2.79368,-4.06081,1.69079,3413.47,0
0.542804,3508.11,-2.85105,-4.04601,4.38473,3485.57,0
0.544084,3508.11,-2.84685,-4.00823,4.95707,3480.87,0
0.545393,3508.1,-2.83758,-3.99118,5.08202,3475.95,0
0.546705,3508.1,-2.83999,-3.98895,4.96028,3481.61,0
0.548001,3508.09,-2.87288,-3.94929,5.59914,3490.62,0
0.549313,3508.12,-2.82335,-3.94128,3.43694,3418.71,0
0.550598,3508.14,-2.85998,-3.92721,1.976,3382.18,0
0.551914,3508.1,-2.80579,-4.01451,3.65574,3436.92,0
0.553229,3508.09,-2.8937,-4.00935,3.29101,3445.34,0
0.55453,3508.07,-2.85122,-4.067,4.22671,3474.7,0
0.555826,3508.06,-2.84276,-4.14081,3.45578,3481.9,0
0.557115,3508.07,-2.86151,-4.13557,2.85388,3468.65,0
0.558416,3508.05,-2.93606,-4.17689,2.19543,3487.06,0
0.559736,3508.03,-2.96089,-4.14618,3.91587,3522.28,0
0.56104,3508.03,-2.97413,-4.08913,4.64416,3515.82,0
0.562335,3508.02,-3.00137,-4.09628,4.32437,3519.15,0
0.563632,3508.08,-2.86055,-4.08159,1.67069,3401.8,0
0.56494,3508.03,-2.86538,-4.1184,4.64549,3487.8,0
0.56622,3508.09,-2.85733,-4.0866,0.267561,3366.85,0
0.567549,3508.02,-2.7798,-4.11505,5.71251,3482.4,0
0.568851,3508.03,-2.83561,-4.1381,3.70143,3462.78,0
0.570168,3508.05,-2.86829,-4.17065,0.82654,3413.15,0
0.571479,3508.04,-2.85943,-4.08741,3.37247,3429.91,0
0.572771,3508.03,-2.89226,-4.0875,3.48342,3439,0
0.574065,3508.02,-2.97302,-4.16786,1.37938,3441.33,0
0.575383,3508,-2.95079,-4.21117,2.7805,3480.5,0
0.576683,3507.96,-2.92778,-4.24275,5.23928,3542.21,0
0.577999,3508,-2.84695,-4.28756,2.4444,3466.97,0
0.579289,3507.98,-2.81909,-4.38987,1.89509,3485.4,0
0.580595,3507.95,-2.76499,-4.46961,3.0983,3529.76,0
0.581884,3507.97,-2.72682,-4.49557,1.81321,3494.15,0
0.583168,3507.95,-2.71584,-4.4793,3.56242,3518.71,0
0.584468,3507.95,-2.69395,-4.48267,3.21172,3501.32,0
0.585777,3507.99,-2.73514,-4.42586,1.11615,3431.16,0
0.587079,3507.99,-2.59933,-4.49071,1.66959,3430.41,0
0.588377,3507.95,-2.69976,-4.5499,1.59125,3477.01,0
0.589666,3507.91,-2.67788,-4.6073,3.76083,3542.11,0
0.590975,3507.93,-2.70405,-4.55406,2.98009,3501.67,0
0.592267,3507.93,-2.75274,-4.54941,2.41734,3493.41,0
0.593573,3507.92,-2.70777,-4.49271,4.68761,3502.8,0
0.594882,3507.95,-2.74681,-4.5815,0.11936,3442.05,0
0.596194,3507.89,-2.67258,-4.61627,4.78365,3542.06,0
0.597482,3507.89,-2.66789,-4.6065,4.56418,3529.07,0
0.598784,3507.92,-2.66557,-4.60546,1.86644,3468.08,0
0.600084,3507.94,-2.63014,-4.59701,1.22817,3434.08,0
0.601361,3507.94,-2.60852,-4.60811,1.11695,3426.06,0
0.60268,3507.89,-2.58658,-4.63393,4.2235,3497.33,0
0.603985,3507.91,-2.55042,-4.66126,2.8719,3464.63,0
0.605279,3507.88,-2.51806,-4.66189,5.21833,3506.67,0
0.606601,3507.91,-2.49528,-4.66652,3.08871,3452.38,0
0.607902,3507.91,-2.55622,-4.70035,1.59638,3444.62,0
0.609188,3507.89,-2.5843,-4.74093,1.27593,3457.38,0
0.610489,3507.9,-2.54499,-4.66883,2.88165,3444.49,0
0.611794,3507.89,-2.53871,-4.74875,1.73278,3451.54,0
0.613093,3507.86,-2.48979,-4.81265,2.66789,3483.77,0
0.614382,3507.87,-2.57025,-4.70672,3.57407,3469.02,0
0.615675,3507.85,-2.55264,-4.72433,4.47201,3496.89,0
0.61698,3507.89,-2.53888,-4.65794,2.43428,3413.27,0
0.618284,3507.88,-2.51018,-4.64055,3.68144,3426.88,0
0.619585,3507.92,-2.54962,-4.61643,0.920947,3359.18,0
0.620889,3507.87,-2.5339,-4.6131,4.4869,3428.05,0
0.622182,3507.9,-2.60803,-4.57989,1.9251,3371.98,0
0.623475,3507.93,-2.6172,-4.50405,0.867393,3312.23,0
0.624761,3507.92,-2.56834,-4.53049,2.22539,3336.23,0
0.626074,3507.89,-2.53138,-4.60502,2.73605,3367.45,0
0.627359,3507.86,-2.58462,-4.59493,4.4604,3408.95,0
0.628646,3507.85,-2.65268,-4.64422,3.60294,3425.47,0
0.629944,3507.86,-2.60359,-4.65149,3.15662,3399.29,0
0.631255,3507.88,-2.56698,-4.57497,3.21976,3355.31,0
0.632548,3507.9,-2.5753,-4.637,0.766319,3326.37,0
0.633843,3507.85,-2.56256,-4.7196,2.34149,3392.23,0
0.635164,3507.8,-2.61844,-4.74509,4.69466,3461.44,0
0.636451,3507.83,-2.64651,-4.79341,1.21891,3413.4,0
0.637759,3507.77,-2.61603,-4.85098,4.69175,3502.88,0
0.639063,3507.77,-2.61979,-4.85596,3.53573,3481.75,0
0.640343,3507.77,-2.62794,-4.80854,4.30157,3476.08,0
0.641659,3507.76,-2.78158,-4.84031,2.57493,3484.53,0
0.642971,3507.78,-2.66042,-4.81547,2.98023,3446.82,0
0.644267,3507.77,-2.65935,-4.81889,3.60612,3455.83,0
0.645564,3507.79,-2.65198,-4.84928,1.88544,3425.37,0
0.646862,3507.76,-2.64852,-4.86465,3.67447,3464.35,0
0.648179,3507.79,-2.6539,-4.8907,0.516411,3405.61,0
0.64951,3507.76,-2.64486,-4.90211,2.89337,3454.54,0
0.650806,3507.75,-2.68821,-4.95194,2.13726,3464.93,0
0.652118,3507.72,-2.67311,-5.03343,2.6064,3503.72,0
0.653408,3507.68,-2.66454,-5.02867,4.94106,3550.69,0
0.654723,3507.67,-2.65777,-5.04672,4.65002,3552.4,0
0.656004,3507.63,-2.64932,-5.05702,7.04783,3610.03,0
0.657295,3507.65,-2.6219,-5.04148,5.48273,3576.82,0
0.658604,3507.62,-2.63753,-5.04734,6.65164,3620.78,0
0.659889,3507.6,-2.62744,-5.05107,6.66877,3632.93,0
0.661209,3507.64,-2.61032,-5.13814,1.6981,3568.52,0
0.662521,3507.64,-2.60709,-5.14066,1.72565,3564.35,0
0.663841,3507.64,-2.60129,-5.10527,2.77949,3561.59,0
0.66514,3507.62,-2.65574,-5.15824,2.02391,3577.72,0
0.666436,3507.62,-2.57068,-5.17091,2.87703,3577.44,0
0.667758,3507.59,-2.55576,-5.14457,4.99524,3602.97,0
0.669066,3507.57,-2.51959,-5.15669,6.21707,3635.56,0
0.670378,3507.57,-2.49605,-5.16548,5.32105,3620.93,0
0.671675,3507.53,-2.46764,-5.17469,7.1321,3670.27,0
0.672983,3507.58,-2.46502,-5.19027,2.92762,3594.58,0
0.674273,3507.56,-2.44088,-5.13707,5.6007,3617.7,0
0.675558,3507.54,-2.41975,-5.14451,6.43534,3648.51,0
0.676857,3507.61,-2.35709,-5.14924,1.43307,3533.29,0
0.678154,3507.56,-2.33487,-5.18484,4.10797,3595.32,0
0.679466,3507.56,-2.3811,-5.17476,3.81521,3591.7,0
0.680782,3507.51,-2.3836,-5.17922,6.86157,3656.3,0
0.682092,3507.52,-2.32851,-5.15619,6.77729,3642.52,0
0.683398,3507.49,-2.32622,-5.13454,7.97011,3670.24,0
0.684697,3507.49,-2.33821,-5.10787,7.06405,3661.38,0
0.686002,3507.53,-2.35798,-5.07536,3.9173,3593.47,0
0.687295,3507.52,-2.32559,-5.09995,4.45912,3606.32,0
0.688612,3507.52,-2.31865,-5.12562,4.15396,3607.92,0
0.689917,3507.49,-2.30353,-5.10241,6.10633,3631.98,0
0.691216,3507.5,-2.29814,-5.11086,5.137,3617.1,0
0.692511,3507.45,-2.30062,-5.11441,7.99141,3681.58,0
0.693816,3507.46,-2.33591,-5.13887,5.23151,3657.01,0
0.695132,3507.44,-2.32496,-5.1017,7.27445,3683.71,0
0.696447,3507.53,-2.3179,-5.07482,0.754379,3545.82,0
0.697751,3507.49,-2.37484,-5.04318,3.67927,3596.08,0
0.69904,3507.48,-2.36046,-5.03297,4.92043,3609.48,0
0.700326,3507.47,-2.32238,-5.05742,4.71659,3610.59,0
0.701634,3507.46,-2.33098,-5.09323,4.58158,3622.9,0
0.702943,3507.46,-2.32693,-5.13261,3.18731,3607.31,0
0.704243,3507.48,-2.35486,-5.15766,0.892487,3574.91,0
0.705542,3507.47,-2.31077,-5.16738,1.90962,3586.48,0
0.70684,3507.44,-2.19021,-5.19978,4.29693,3619.82,0
0.708154,3507.48,-2.2829,-5.1109,2.28231,3553.79,0
0.709461,3507.5,-2.16994,-5.138,1.58582,3524.89,0
0.710787,3507.49,-2.13578,-5.23332,0.689571,3538.26,0
0.712085,3507.41,-2.17202,-5.38517,1.85141,3630.84,0
0.713391,3507.41,-2.16465,-5.38023,2.57695,3636.56,0
0.7147,3507.36,-2.099,-5.37979,6.15496,3693.79,0
0.716007,3507.37,-2.12858,-5.36874,4.7922,3668.92,0
0.717323,3507.38,-2.16788,-5.33559,4.35481,3654.07,0
0.718601,3507.39,-2.21251,-5.31404,3.56673,3634.37,0
0.719895,3507.36,-2.23869,-5.30201,5.25287,3664.11,0
0.721191,3507.37,-2.20058,-5.319,4.2243,3643.57,0
0.722486,3507.41,-2.29266,-5.32535,0.49935,3588.36,0
0.72379,3507.36,-2.26703,-5.27582,5.3505,3648.26,0
0.725079,3507.41,-2.30617,-5.21134,2.41308,3569.49,0
0.726388,3507.41,-2.27173,-5.17567,3.4832,3563.4,0
0.727705,3507.44,-2.27989,-5.16594,1.14075,3513.92,0
0.729005,3507.43,-2.34119,-5.16687,1.22572,3522.22,0
0.730325,3507.4,-2.43801,-5.23265,1.14646,3565.77,0
0.731635,3507.39,-2.41764,-5.19097,2.71344,3566.87,0
0.73294,3507.38,-2.40308,-5.23363,2.63177,3578.69,0
0.734245,3507.38,-2.40644,-5.13987,4.32122,3566.42,0
0.735545,3507.38,-2.3714,-5.22752,2.74398,3564.78,0
0.736833,3507.33,-2.32193,-5.19667,7.14626,3623.5,0
0.738149,3507.39,-2.27838,-5.18755,3.0554,3542.44,0
0.739441,3507.37,-2.32401,-5.18203,3.76223,3561.32,0
0.740732,3507.34,-2.30489,-5.22232,4.82841,3592.8,0
0.742056,3507.35,-2.33235,-5.18745,4.44145,3573.03,0
0.74335,3507.33,-2.41324,-5.30984,2.30322,3597.6,0
0.744644,3507.28,-2.48119,-5.34035,4.10224,3655,0
0.745944,3507.33,-2.46249,-5.29198,1.57561,3579.85,0
0.747249,3507.29,-2.59793,-5.29079,3.1571,3632.44,0
0.748544,3507.34,-2.59374,-5.23911,0.679932,3559.6,0
0.749845,3507.33,-2.6248,-5.10316,3.96876,3562.62,0
0.751151,3507.37,-2.69468,-5.01148,2.28686,3506.13,0
0.752444,3507.36,-2.71888,-4.98536,2.87929,3507.81,0
0.753746,3507.33,-2.70971,-4.97504,5.21853,3542.57,0
0.755014,3507.31,-2.68884,-4.98201,6.46088,3562.38,0
0.756319,3507.27,-2.66501,-4.93958,9.44381,3614.98,0
0.757621,3507.27,-2.6773,-4.95872,7.50274,3607.29,0
0.758919,3507.28,-2.67527,-4.9647,5.62613,3585.69,0
0.760199,3507.26,-2.69615,-4.98452,5.72479,3608.5,0
0.761512,3507.26,-2.71738,-5.00397,4.0919,3596,0
0.762795,3507.24,-2.69604,-5.01774,5.45713,3622.15,0
0.764098,3507.27,-2.64851,-5.06468,2.54454,3577.55,0
0.7654,3507.27,-2.6114,-4.97519,4.45248,3561.45,0
0.766705,3507.25,-2.71409,-5.10166,1.84943,3585.55,0
0.768003,3507.25,-2.75169,-5.08821,1.98505,3586.64,0
0.7693,3507.25,-2.80538,-5.07466,0.767974,3569.7,0
0.770598,3507.24,-2.78907,-5.05967,1.98058,3576.83,0
0.771894,3507.19,-2.87996,-5.08841,4.11138,3640.99,0
0.7732,3507.16,-2.89432,-5.13631,4.46618,3669.63,0
0.774519,3507.16,-2.90853,-5.11383,4.72452,3664.09,0
0.775814,3507.1,-2.89187,-5.09438,9.06708,3739.63,0
0.77712,3507.05,-2.90351,-5.1241,10.4615,3801.79,0
0.778422,3507.01,-2.88547,-4.99685,4.16126,3841.06,0
0.779729,3507.05,-2.8578,-4.9847,1.97812,3789.29,0
0.781022,3507,-2.8099,-5.08998,3.46197,3840.46,0
0.782322,3506.97,-2.75331,-5.14732,4.70279,3868.47,0
0.783625,3506.98,-2.73247,-5.14974,4.1844,3857.12,0
0.784933,3506.98,-2.71708,-5.14091,4.12281,3849.06,0
0.786243,3506.98,-2.71382,-5.11078,4.44419,3842.19,0
0.787556,3507.03,-2.75415,-5.015,2.28277,3770.59,0
0.788861,3507,-2.69677,-5.08831,3.38256,3801.46,0
0.790185,3507.02,-2.70848,-5.01156,3.16264,3767.72,0
0.791493,3507.05,-2.75843,-4.95818,1.43881,3724.53,0
0.792795,3507.01,-2.80913,-4.99583,3.00645,3772.41,0
0.794093,3507.01,-2.79878,-5.05039,1.56236,3762.78,0
0.795383,3507.05,-2.7815,-4.96968,0.86031,3709.61,0
0.796674,3507.04,-2.76048,-4.98835,1.42689,3717.6,0
0.797981,3507.02,-2.80043,-4.99598,1.66458,3728.36,0
0.799288,3506.99,-2.82213,-5.01666,3.2714,3764.07,0
0.80057,3506.98,-2.82677,-5.02043,4.22816,3777.71,0
0.801884,3507.01,-2.70528,-5.09649,1.3695,3732.72,0
0.803184,3506.97,-2.70731,-5.10803,3.59703,3773.48,0
0.804497,3507.01,-2.69447,-5.08539,1.28783,3720.62,0
0.805799,3506.97,-2.72312,-5.14961,2.14947,3762.07,0
0.807105,3506.95,-2.76552,-5.16847,2.40659,3778.64,0
0.808402,3506.95,-2.76016,-5.09751,3.79818,3767.67,0
0.809716,3506.97,-2.87149,-5.04278,1.92842,3737.39,0
0.811013,3506.95,-2.8983,-5.10501,1.75838,3761.44,0
0.812297,3506.95,-2.85537,-5.12783,1.46916,3750.43,0
0.813601,3506.94,-2.8338,-5.08387,3.74215,3759.35,0
0.814919,3506.96,-2.85735,-5.15166,0.198834,3731.24,0
0.816217,3506.92,-2.78389,-5.18295,3.04367,3769.72,0
0.817504,3506.9,-2.91127,-5.20231,2.3604,3791.07,0
0.818792,3506.86,-2.91641,-5.16094,5.96535,3837.23,0
0.820092,3506.92,-2.86767,-5.16728,1.85828,3761.39,0
0.821394,3506.93,-2.78843,-5.15263,2.41234,3741.41,0
0.822681,3506.87,-2.85195,-5.19154,5.02772,3809.15,0
0.823986,3506.84,-2.86773,-5.15229,6.93923,3829.31,0
0.825296,3506.83,-2.8301,-5.16553,7.64818,3846.86,0
0.82659,3506.81,-2.84366,-5.14302,7.79618,3859.63,0
0.827912,3506.8,-2.79224,-5.10243,8.51312,3860.99,0
0.829234,3506.8,-2.78094,-5.12524,6.80025,3856.95,0
0.830525,3506.79,-2.76487,-5.10129,6.88717,3860.19,0
0.831833,3506.74,-2.73039,-5.16569,8.97296,3924.56,0
0.833124,3506.72,-2.71453,-5.16869,8.15678,3931.23,0
0.834416,3506.69,-2.70547,-5.15633,9.2524,3960.98,0
0.835724,3506.71,-2.71704,-5.15405,6.49304,3942.33,0
0.837018,3506.71,-2.70857,-5.1796,4.9225,3933.51,0
0.838327,3506.75,-2.72001,-5.16467,1.99965,3882.18,0
0.839623,3506.72,-2.71736,-5.16887,3.53581,3901.08,0
0.840929,3506.71,-2.70647,-5.16732,4.30759,3908.31,0
0.842227,3506.69,-2.70401,-5.18858,4.96073,3927.41,0
0.843535,3506.7,-2.69578,-5.23032,3.22125,3913.83,0
0.844837,3506.71,-2.77631,-5.15356,2.88225,3890.21,0
0.846143,3506.75,-2.76495,-5.11018,1.31919,3842.41,0
0.847456,3506.75,-2.85585,-5.05124,1.16811,3831.77,0
0.848749,3506.77,-2.87575,-4.94841,2.48831,3810.88,0
0.850056,3506.74,-2.87914,-4.87281,5.67169,3829.62,0
0.851357,3506.72,-2.95696,-4.90441,5.06644,3850.38,0
0.852677,3506.7,-2.9717,-4.89348,6.31959,3870.25,0
0.853967,3506.73,-3.00824,-4.88832,3.04652,3826.26,0
0.855294,3506.72,-2.95572,-4.93525,3.5582,3835.79,0
0.856615,3506.74,-2.93683,-4.89835,3.39785,3811.09,0
0.857912,3506.72,-2.96111,-4.83971,5.50551,3824.75,0
0.859208,3506.71,-2.98127,-4.84425,5.31431,3829.58,0
0.860493,3506.66,-3.01347,-4.87115,7.56087,3884.93,0
0.861797,3506.67,-3.02319,-4.83777,6.49411,3868.71,0
0.863086,3506.65,-3.08201,-4.86311,5.22222,3876.38,0
0.864414,3506.66,-3.02928,-4.87822,4.89524,3866.01,0
0.865707,3506.67,-3.17984,-4.85591,1.87252,3845.26,0
0.867028,3506.64,-3.14915,-4.89157,3.80125,3874.76,0
0.868325,3506.68,-3.22585,-4.83869,0.757159,3825.89,0
0.869627,3506.63,-3.17476,-4.85687,5.12367,3880.22,0
0.870948,3506.65,-3.15924,-4.83224,3.34682,3842.66,0
0.872246,3506.64,-3.16615,-4.78757,5.21608,3851.38,0
0.873548,3506.66,-3.176,-4.78176,3.72763,3827.18,0
0.874848,3506.66,-3.1468,-4.77097,4.16084,3821.98,0
0.876151,3506.68,-3.12885,-4.76896,2.50247,3787.71,0
0.877455,3506.68,-3.1411,-4.73579,2.85733,3779.01,0
0.878761,3506.67,-3.12845,-4.73719,4.18089,3792.46,0
0.880066,3506.65,-3.12748,-4.77102,4.31881,3802.9,0
0.881371,3506.69,-3.11171,-4.76022,1.92638,3758.43,0
0.882688,3506.67,-3.09375,-4.75051,3.70216,3771.82,0
0.883993,3506.68,-3.16086,-4.75709,1.84922,3759.61,0
0.885305,3506.7,-3.18517,-4.70272,0.56238,3724.29,0
0.8866,3506.62,-3.15199,-4.68175,7.73283,3813,0
0.887917,3506.64,-3.12656,-4.69897,5.23634,3785.33,0
0.889204,3506.65,-3.08072,-4.67975,5.48228,3769.71,0
0.890497,3506.62,-3.06639,-4.68142,6.62025,3792.07,0
0.891822,3506.61,-3.0697,-4.66174,6.81819,3796,0
0.893133,3506.62,-3.02121,-4.65987,6.54618,3785.61,0
0.894416,3506.61,-3.01778,-4.67183,6.22725,3786.59,0
0.895715,3506.62,-3.07089,-4.69281,4.16982,3777.6,0
0.897012,3506.6,-3.11849,-4.66009,5.0373,3788.14,0
0.898308,3506.61,-3.1653,-4.65432,3.20999,3771.26,0
0.899614,3506.58,-3.19466,-4.6378,5.36943,3802.15,0
0.900919,3506.6,-3.22881,-4.64255,2.86057,3774.68,0
0.9022,3506.58,-3.23874,-4.70317,2.58644,3791.81,0
0.903501,3506.63,-3.08683,-4.68798,1.1663,3725.36,0
0.904795,3506.64,-3.08271,-4.67137,1.02318,3715.88,0
0.906084,3506.61,-3.0742,-4.67958,3.38573,3746.19,0
0.907376,3506.63,-3.0806,-4.66595,1.12324,3708.66,0
0.908676,3506.62,-3.02245,-4.63045,3.72563,3716.61,0
0.909977,3506.61,-3.01704,-4.67512,4.11321,3730.71,0
0.911281,3506.65,-2.99246,-4.65526,1.53086,3679.4,0
0.91258,3506.63,-2.96474,-4.63168,3.87327,3693.21,0
0.913892,3506.6,-2.96397,-4.59674,6.34759,3716.24,0
0.915201,3506.62,-2.98097,-4.60891,4.11558,3696.79,0
0.916487,3506.64,-2.92872,-4.60995,3.34844,3670.52,0
0.917788,3506.58,-2.93581,-4.61614,7.05983,3728.86,0
0.91907,3506.58,-2.96337,-4.63421,5.47075,3726.48,0
0.920391,3506.57,-2.9385,-4.63099,6.03504,3728.46,0
0.921689,3506.57,-2.8861,-4.61829,6.24003,3720.26,0
0.922998,3506.57,-2.90664,-4.61271,5.36161,3711.21,0
0.924311,3506.61,-2.8666,-4.63692,1.88884,3662.4,0
0.925595,3506.59,-2.98662,-4.63803,1.56927,3680.72,0
0.926893,3506.62,-2.97783,-4.62341,0.136865,3651.14,0
0.928193,3506.55,-3.05979,-4.63577,3.31433,3713.7,0
0.92948,3506.54,-3.07666,-4.55558,5.5671,3718.28,0
0.930789,3506.56,-3.0963,-4.57284,3.08509,3692.42,0
0.932081,3506.54,-3.0975,-4.55815,4.30739,3707.58,0
0.933397,3506.56,-3.08135,-4.57753,2.69694,3685.91,0
0.934699,3506.54,-3.07348,-4.66054,2.27695,3702.1,0
0.936023,3506.52,-3.03799,-4.72362,2.58173,3716.1,0
0.937319,3506.52,-3.03268,-4.70292,3.52091,3717,0
0.93861,3506.52,-3.01079,-4.68211,4.14023,3710.05,0
0.939908,3506.51,-2.97552,-4.65602,5.35425,3709.07,0
0.941212,3506.48,-2.97277,-4.64655,7.23445,3736,0
0.94252,3506.5,-2.95244,-4.62204,5.57648,3716.65,0
0.943815,3506.51,-2.90925,-4.62107,4.81373,3696.94,0
0.945136,3506.53,-2.9393,-4.67802,0.934667,3669.91,0
0.946449,3506.45,-3.0274,-4.77917,3.12107,3749.23,0
0.94775,3506.43,-3.04297,-4.74569,4.91041,3762.58,0
0.949054,3506.44,-3.07968,-4.73124,4.22235,3755.95,0
0.950354,3506.44,-3.10923,-4.74161,2.47434,3742.66,0
0.951666,3506.39,-3.17969,-4.78822,4.22967,3794.76,0
0.952974,3506.37,-3.14966,-4.78447,5.66313,3806.02,0
0.954291,3506.39,-3.17872,-4.77045,3.7814,3781.22,0
0.955589,3506.38,-3.12591,-4.80355,4.6394,3790.12,0
0.956886,3506.33,-3.10404,-4.78339,8.50446,3833.32,0
0.958183,3506.3,-3.10399,-4.78174,9.52243,3861.04,0
0.959508,3506.34,-3.06673,-4.7827,6.33798,3817.56,0
0.960799,3506.34,-3.05187,-4.76874,5.61511,3804.19,0
0.9621,3506.34,-3.07905,-4.7713,4.65221,3801.35,0
0.963392,3506.32,-3.12312,-4.78034,5.12335,3821.37,0
0.964688,3506.28,-3.12033,-4.79586,6.85461,3851.29,0
0.965977,3506.26,-3.12551,-4.76088,8.1067,3867.86,0
0.967276,3506.26,-3.0919,-4.76491,7.55944,3867.51,0
0.968581,3506.25,-3.10737,-4.75534,7.33705,3871.18,0
0.969868,3506.32,-3.10444,-4.75909,0.984026,3794.17,0
0.971169,3506.26,-3.16828,-4.77657,4.04121,3851.25,0
0.972477,3506.27,-3.12215,-4.7756,3.48964,3832.45,0
0.973771,3506.26,-3.14319,-4.78434,4.08489,3843.1,0
0.97509,3506.29,-3.17874,-4.78995,0.951555,3809.57,0
0.976394,3506.21,-3.27294,-4.74106,6.46399,3882.51,0
0.977692,3506.17,-3.28216,-4.75452,8.44242,3921.84,0
0.978981,3506.15,-3.26179,-4.70737,9.75679,3936.91,0
0.980276,3506.14,-3.27639,-4.70297,7.30659,3935.24,0
0.981557,3506.13,-3.31943,-4.73921,5.14302,3938.12,0
0.982863,3506.1,-3.29906,-4.75771,6.52403,3964.78,0
0.984168,3506.11,-3.33611,-4.78881,4.33066,3956.36,0
0.985482,3506.06,-3.35536,-4.76474,7.9569,4002.64,0
0.986787,3506.08,-3.38072,-4.78926,4.35677,3977.1,0
0.988088,3506.08,-3.399,-4.87487,0.986953,3965.48,0
0.989383,3506.09,-3.31961,-4.82734,2.92988,3949.8,0
0.990675,3506.07,-3.30924,-4.81608,5.09931,3969.27,0
0.99197,3506.07,-3.31043,-4.73037,7.07934,3965.25,0
0.99327,3506.1,-3.26848,-4.75147,3.44734,3924.96,0
0.994566,3506.09,-3.32894,-4.69735,4.5095,3930.02,0
0.995869,3506.12,-3.23751,-4.80139,1.21994,3900.32,0
0.997163,3506.08,-3.18725,-4.81527,4.64719,3932.38,0
0.998458,3506.09,-3.25165,-4.77421,3.30573,3914.79,0
0.999748,3506.1,-3.23771,-4.72441,4.33102,3905.48,0
1.00106,3506.12,-3.25926,-4.73027,1.85807,3879.38,0
1.00237,3506.14,-3.27965,-4.63514,2.02232,3850.06,0
1.00368,3506.11,-3.2892,-4.61243,4.44759,3870.86,0
1.00498,3506.08,-3.30648,-4.62201,5.60075,3897.7,0
1.00626,3506.1,-3.34511,-4.62469,3.21681,3878.88,0
1.00754,3506.06,-3.33553,-4.64007,5.87779,3913.25,0
1.00883,3506.06,-3.28697,-4.65101,5.52184,3906.25,0
1.01014,3506.1,-3.26124,-4.64987,1.77582,3857.47,0
1.01143,3506.03,-3.2254,-4.69453,6.64693,3922.08,0
1.01272,3506.03,-3.17991,-4.72252,6.53464,3923.7,0
1.01405,3506.03,-3.14817,-4.69094,6.70472,3913.04,0
1.01533,3506.05,-3.18294,-4.70025,3.66835,3888.83,0
1.01663,3506.04,-3.27954,-4.74203,1.79389,3899.62,0
1.01794,3506.08,-3.27247,-4.61943,1.87827,3853.04,0
1.01922,3506.01,-3.29943,-4.67026,5.43194,3915.32,0
1.02054,3506.04,-3.28385,-4.67974,2.6313,3879.04,0
1.02186,3506.05,-3.19132,-4.70653,2.59195,3863.5,0
1.02315,3506.08,-3.16774,-4.59893,3.91903,3833.48,0
1.02445,3506.08,-3.12841,-4.58446,4.61402,3827.61,0
1.02575,3506.06,-3.11831,-4.57705,5.44716,3836.89,0
1.02706,3506.09,-3.11623,-4.59376,2.59018,3807.88,0
1.02835,3506.07,-3.19128,-4.58123,2.67212,3817.99,0
1.02964,3506.06,-3.19715,-4.61654,2.57867,3825.54,0
1.03095,3506.06,-3.19516,-4.55193,4.68847,3825.25,0
1.03226,3506.04,-3.16061,-4.56113,6.0467,3836.73,0
1.03358,3506.04,-3.16477,-4.57957,4.60331,3827.46,0
1.03489,3506.04,-3.22278,-4.67007,0.624538,3821.87,0
1.03618,3506.01,-3.25259,-4.69602,1.96018,3850.35,0
1.03748,3506,-3.30345,-4.7448,0.644925,3859.99,0
1.03876,3505.98,-3.24118,-4.72112,4.09106,3872.97,0
1.04007,3506.02,-3.28578,-4.71044,0.2795,3831.36,0
1.04138,3505.95,-3.26734,-4.6608,7.32347,3891.31,0
1.04269,3505.95,-3.24948,-4.61829,7.93002,3886.64,0
1.04399,3505.97,-3.23851,-4.62761,5.63687,3862.95,0
1.04528,3505.98,-3.22295,-4.65157,3.69903,3846.56,0
1.04656,3505.97,-3.21494,-4.66796,4.35253,3852.94,0
1.04786,3505.96,-3.22018,-4.70288,3.54207,3854.99,0
1.04916,3505.99,-3.19626,-4.69078,1.50368,3820.13,0
1.05048,3505.98,-3.18483,-4.65657,3.54013,3826.79,0
1.05178,3505.97,-3.14781,-4.77782,1.62025,3833.39,0
1.0531,3506.03,-3.0995,-4.63844,1.27139,3768.17,0
1.0544,3506.03,-3.08103,-4.55894,3.59539,3761.5,0
1.05568,3506.08,-3.09636,-4.46974,2.15419,3717.39,0
1.05697,3506.06,-3.10982,-4.51546,2.06433,3729.68,0
1.05828,3506.03,-3.18382,-4.54628,1.87552,3750.17,0
1.05959,3506.05,-3.25515,-4.42083,2.156,3726.86,0
1.06088,3506.06,-3.16906,-4.42852,3.14065,3717.5,0
1.06216,3506.01,-3.23765,-4.49192,4.14635,3761.06,0
1.06346,3505.99,-3.2276,-4.4986,5.40679,3775.07,0
1.06476,3505.96,-3.23179,-4.46682,7.54202,3796.99,0
1.06606,3506,-3.31092,-4.46557,1.86237,3749.79,0
1.06736,3505.99,-3.34681,-4.46059,2.58139,3760.04,0
1.06866,3505.98,-3.4174,-4.4532,2.10654,3765.94,0
1.06998,3505.94,-3.45591,-4.46638,3.63062,3793.95,0
1.07127,3505.9,-3.4828,-4.52039,4.36332,3823.18,0
1.07255,3505.89,-3.44787,-4.50979,5.97943,3831.82,0
1.07385,3505.86,-3.42082,-4.54191,7.20534,3853.58,0
1.07516,3505.89,-3.36908,-4.54278,5.51783,3825.94,0
1.07644,3505.9,-3.39883,-4.52676,4.3143,3812.32,0
1.07775,3505.86,-3.40147,-4.4936,7.51761,3842.42,0
1.07906,3505.89,-3.43673,-4.45415,4.77889,3812.75,0
1.08039,3505.92,-3.40876,-4.45076,2.70261,3779.22,0
1.08169,3505.9,-3.36322,-4.43731,5.05368,3788.39,0
1.08299,3505.9,-3.39081,-4.45612,3.9684,3785.84,0
1.08428,3505.91,-3.34247,-4.43652,4.50677,3771.98,0
1.08559,3505.94,-3.32956,-4.43813,1.73178,3738.27,0
1.08691,3505.95,-3.32661,-4.34022,3.77394,3726.32,0
1.08822,3505.95,-3.28515,-4.42947,2.15358,3722.77,0
1.08951,3505.94,-3.33224,-4.44454,1.83588,3730.55,0
1.09082,3505.91,-3.39747,-4.45942,1.9365,3747.35,0
1.0921,3505.95,-3.39179,-4.38864,0.752873,3707.83,0
1.0934,3505.9,-3.41613,-4.40391,4.02586,3749.77,0
1.09471,3505.92,-3.35851,-4.41777,3.5217,3730.63,0
1.09601,3505.93,-3.36422,-4.36842,3.24199,3710.28,0
1.09731,3505.9,-3.34521,-4.31049,7.46699,3735.35,0
1.09862,3505.89,-3.33668,-4.3149,7.20377,3737.55,0
1.0999,3505.86,-3.32752,-4.35096,8.32,3767,0
1.10118,3505.85,-3.31204,-4.33447,8.27339,3772.56,0
1.10248,3505.81,-3.30417,-4.33756,9.7402,3802.06,0
1.10378,3505.83,-3.29142,-4.34267,7.04215,3778.29,0
1.10508,3505.82,-3.31716,-4.32193,7.09287,3781.21,0
1.1064,3505.8,-3.31639,-4.33727,7.26927,3793.83,0
1.1077,3505.82,-3.30735,-4.3679,4.45928,3774.6,0
1.10902,3505.81,-3.26063,-4.38672,5.12546,3773.73,0
1.11032,3505.81,-3.20977,-4.41255,5.45757,3773.63,0
1.11163,3505.8,-3.19575,-4.41644,6.27226,3781.63,0
1.11294,3505.8,-3.15608,-4.40365,5.99092,3769.96,0
1.11425,3505.83,-3.15951,-4.38056,3.78141,3741.14,0
1.11554,3505.82,-3.23473,-4.42305,1.65714,3746.44,0
1.11685,3505.81,-3.23822,-4.42558,2.69074,3754.88,0
1.11815,3505.78,-3.19679,-4.51839,3.36028,3777.35,0
1.11946,3505.79,-3.1796,-4.55342,1.41045,3761.57,0
1.12075,3505.75,-3.2122,-4.5269,5.22679,3795.63,0
1.12204,3505.79,-3.22016,-4.52614,0.948601,3752.18,0
1.12335,3505.8,-3.22563,-4.48925,0.882884,3738.13,0
1.12466,3505.75,-3.17912,-4.53495,4.81645,3777.72,0
1.12596,3505.74,-3.15852,-4.53597,6.04594,3783.1,0
1.12725,3505.79,-3.16616,-4.52453,1.50123,3733.11,0
1.12855,3505.76,-3.11759,-4.57935,3.52383,3757.8,0
1.12984,3505.71,-3.0845,-4.59042,7.0775,3795.12,0
1.13111,3505.7,-3.0686,-4.60042,7.33187,3805.16,0
1.13239,3505.69,-3.06399,-4.58354,7.56337,3808.89,0
1.13369,3505.74,-3.08009,-4.55773,2.24198,3754.11,0
1.13501,3505.77,-2.99445,-4.51031,3.25585,3729.29,0
1.13629,3505.79,-2.95639,-4.51588,1.65688,3704.82,0
1.13759,3505.78,-2.93581,-4.50027,3.3483,3708.69,0
1.13889,3505.77,-2.93506,-4.56999,2.0174,3713.24,0
1.14022,3505.75,-2.96495,-4.53685,3.68204,3724,0
1.1415,3505.73,-3.03382,-4.52875,4.14973,3736.8,0
1.14281,3505.7,-3.01857,-4.50524,6.90132,3758.35,0
1.14411,3505.72,-3.02958,-4.47863,5.41882,3743.09,0
1.1454,3505.69,-3.01312,-4.45399,8.21379,3765.46,0
1.14669,3505.7,-2.99251,-4.42224,7.18248,3752.48,0
1.14799,3505.73,-3.00867,-4.39314,4.43988,3723.11,0
1.1493,3505.7,-3.06226,-4.4971,2.30793,3741.26,0
1.15061,3505.7,-3.09957,-4.40855,3.84961,3734.66,0
1.1519,3505.71,-3.103,-4.46865,0.862353,3722.26,0
1.1532,3505.69,-3.08216,-4.4304,4.00539,3733.77,0
1.15452,3505.7,-3.09309,-4.42128,3.29849,3724.88,0
1.15582,3505.72,-3.07593,-4.35082,3.71693,3701.42,0
1.15713,3505.73,-3.07634,-4.36425,2.38056,3689.56,0
1.15844,3505.7,-3.04906,-4.46395,2.51664,3711.68,0
1.15976,3505.67,-2.96511,-4.49084,6.09266,3734.31,0
1.16106,3505.67,-2.97746,-4.4838,5.46345,3732.79,0
1.16237,3505.63,-2.97023,-4.49311,7.82909,3759.64,0
1.16369,3505.63,-2.97041,-4.508,6.42113,3751.26,0
1.16499,3505.64,-2.96809,-4.51992,4.99908,3743.36,0
1.16628,3505.62,-2.97465,-4.5352,5.318,3756.96,0
1.16759,3505.6,-2.989,-4.55816,5.50321,3772.32,0
1.16891,3505.6,-2.99171,-4.55033,4.65526,3762.55,0
1.17021,3505.58,-3.01273,-4.58284,4.59089,3776.77,0
1.17151,3505.61,-3.04808,-4.56814,1.25456,3745.39,0
1.1728,3505.55,-3.06288,-4.5507,6.74949,3797.73,0
1.1741,3505.53,-3.05905,-4.5371,7.67098,3804.74,0
1.17541,3505.53,-3.03621,-4.54729,6.91625,3803.87,0
1.17671,3505.52,-3.03125,-4.58848,5.89767,3807.31,0
1.17803,3505.5,-2.99863,-4.59973,7.43155,3823.35,0
1.17931,3505.51,-3.00643,-4.58649,4.97329,3803.87,0
1.18063,3505.51,-2.98976,-4.57885,5.37542,3802.33,0
1.18192,3505.5,-2.98974,-4.57931,5.5984,3805.36,0
1.18321,3505.49,-3.00157,-4.58732,5.90819,3815.18,0
1.18449,3505.5,-2.99777,-4.58701,4.59163,3800.4,0
1.1858,3505.47,-3.01995,-4.65802,4.18188,3820.05,0
1.1871,3505.5,-2.97239,-4.59829,4.54641,3793.24,0
1.18842,3505.57,-2.90639,-4.46786,3.8447,3730.2,0
1.18972,3505.6,-2.79337,-4.41538,4.76126,3697.55,0
1.19104,3505.58,-2.86501,-4.50897,2.23042,3714.81,0
1.19234,3505.57,-3.00561,-4.43077,2.34363,3716.56,0
1.19364,3505.53,-3.05062,-4.44163,4.52764,3746.6,0
1.19492,3505.54,-3.08256,-4.45777,1.72393,3729.08,0
1.19622,3505.51,-3.02303,-4.39847,7.32929,3750.14,0
1.19752,3505.52,-2.9816,-4.45268,4.93906,3740.16,0
1.19883,3505.54,-2.91739,-4.45105,4.92079,3723.98,0
1.20016,3505.54,-2.96812,-4.43362,3.34067,3716.12,0
1.20146,3505.52,-2.99405,-4.42631,4.75204,3730.69,0
1.20277,3505.52,-2.97838,-4.42886,4.42371,3724.22,0
1.20407,3505.52,-2.96403,-4.42648,4.54761,3719.5,0
1.20537,3505.51,-2.94922,-4.3938,6.26937,3721.5,0
1.20668,3505.52,-2.94825,-4.43965,4.05753,3714.78,0
1.20796,3505.48,-2.97171,-4.45098,6.162,3745.23,0
1.20926,3505.47,-3.01923,-4.42732,5.75159,3744.62,0
1.21058,3505.46,-3.00396,-4.42507,6.35403,3754.12,0
1.21187,3505.44,-3.04754,-4.44031,5.60731,3762.02,0
1.21318,3505.45,-3.07693,-4.44749,3.78055,3754.16,0
1.21448,3505.44,-3.068,-4.52519,1.83137,3755.92,0
1.21578,3505.45,-3.03875,-4.53217,1.64157,3746.46,0
1.21709,3505.44,-3.08198,-4.4602,3.46849,3747.28,0
1.21839,3505.44,-3.10211,-4.43826,3.79039,3746.03,0
1.21971,3505.44,-3.08947,-4.41712,3.91695,3735.3,0
1.22101,3505.46,-3.08574,-4.42764,1.96848,3716.81,0
1.22232,3505.43,-3.01758,-4.47037,4.99793,3741.64,0
1.22364,3505.47,-3.03632,-4.37586,3.92397,3704.54,0
1.22494,3505.45,-3.02407,-4.36074,5.72999,3715.26,0
1.22624,3505.46,-3.0453,-4.45255,1.34348,3704.84,0
1.22755,3505.43,-3.00055,-4.4453,4.56315,3719.88,0
1.22884,3505.46,-3.00136,-4.45565,1.43278,3692.1,0
1.23013,3505.46,-2.97667,-4.50627,0.444787,3689.77,0
1.23144,3505.41,-2.97045,-4.59084,2.37711,3728.6,0
1.23276,3505.45,-2.83822,-4.60462,1.26034,3694.22,0
1.23407,3505.46,-2.83044,-4.5365,2.04235,3676.21,0
1.23538,3505.41,-2.80848,-4.51852,7.31344,3713.07,0
1.23666,3505.47,-2.79461,-4.49096,2.65741,3662.36,0
1.23795,3505.47,-2.8361,-4.48934,1.48927,3656.27,0
1.23926,3505.47,-2.79452,-4.38749,5.84884,3654.5,0
1.24054,3505.47,-2.8506,-4.38339,4.47969,3655.12,0
1.24184,3505.48,-2.8402,-4.40838,2.53305,3642.73,0
1.24315,3505.53,-2.78993,-4.32434,1.63909,3598.1,0
1.24445,3505.52,-2.73721,-4.30681,3.74654,3598.62,0
1.24576,3505.48,-2.73057,-4.34959,6.11678,3628.77,0
1.24704,3505.47,-2.76902,-4.35041,5.59925,3632.11,0
1.24835,3505.53,-2.78821,-4.30491,1.08497,3581.66,0
1.24965,3505.51,-2.85463,-4.32432,0.724199,3593.94,0
1.25093,3505.45,-2.92594,-4.3445,4.03215,3640.39,0
1.25225,3505.43,-2.93787,-4.33887,4.90968,3651.62,0
1.25355,3505.42,-2.9539,-4.37203,4.00723,3656.57,0
1.25485,3505.43,-2.88783,-4.41255,2.85654,3642.21,0
1.25615,3505.47,-2.91552,-4.2726,3.19271,3608,0
1.25746,3505.46,-3.00268,-4.22204,3.06523,3606.54,0
1.25876,3505.44,-3.0304,-4.2225,3.82173,3619.09,0
1.26004,3505.43,-3.03154,-4.24651,3.56997,3624.66,0
1.26134,3505.41,-3.06539,-4.29451,2.89979,3636.05,0
1.26264,3505.39,-3.13259,-4.22603,5.50635,3651.03,0
1.26393,3505.42,-3.10916,-4.20957,3.82078,3625.45,0
1.26524,3505.43,-3.1194,-4.17235,3.79573,3615.16,0
1.26654,3505.46,-3.10417,-4.15809,1.18094,3585.45,0
1.26784,3505.45,-3.08739,-4.07459,4.79589,3589.06,0
1.26913,3505.46,-3.05271,-4.06708,4.75064,3577.48,0
1.27044,3505.48,-3.06987,-4.06132,2.69742,3559.98,0
1.27175,3505.48,-3.12154,-4.00292,3.00216,3555.06,0
1.27305,3505.52,-3.13603,-3.88767,2.42591,3520.51,0
1.27436,3505.54,-3.16038,-3.82603,1.05239,3496.93,0
1.27567,3505.53,-3.14968,-3.80621,2.77954,3501.15,0
1.27698,3505.51,-3.16292,-3.85423,3.05207,3515.37,0
1.27827,3505.47,-3.14114,-3.82854,7.4334,3544.3,0
1.27957,3505.45,-3.11318,-3.82591,8.25406,3552.37,0
1.28088,3505.42,-3.10998,-3.85136,8.63906,3574.48,0
1.28218,3505.42,-3.12403,-3.86922,7.0153,3574.1,0
1.28348,3505.41,-3.15347,-3.8359,6.66916,3576.1,0
1.28478,3505.4,-3.1318,-3.84385,6.42947,3578.36,0
1.28609,3505.37,-3.1124,-3.82691,9.04196,3596.32,0
1.28736,3505.38,-3.17985,-3.8793,4.42095,3587.55,0
1.28866,3505.37,-3.24581,-3.87588,3.4911,3590.56,0
1.28995,3505.36,-3.33685,-3.86958,2.03166,3595.15,0
1.29126,3505.39,-3.2773,-3.85461,1.64325,3572.31,0
1.29252,3505.37,-3.33205,-3.84257,2.36775,3584.68,0
1.29381,3505.33,-3.34511,-3.91006,3.5513,3610.83,0
1.29513,3505.3,-3.45626,-3.91286,3.27516,3631.1,0
1.29643,3505.3,-3.41806,-3.95204,2.92556,3627.57,0
1.29772,3505.32,-3.42418,-3.85148,3.31731,3603.74,0
1.299,3505.32,-3.43893,-3.80132,4.81315,3604.36,0
1.30027,3505.33,-3.44989,-3.80231,3.11142,3594.1,0
1.30156,3505.34,-3.38048,-3.7714,4.68896,3581.48,0
1.30286,3505.33,-3.37399,-3.81434,3.90194,3581.54,0
1.30417,3505.32,-3.33089,-3.81207,5.6795,3586.11,0
1.30547,3505.32,-3.3356,-3.80513,5.06808,3584.15,0
1.30679,3505.33,-3.29343,-3.82027,4.31726,3572.85,0
1.30808,3505.33,-3.27013,-3.80436,5.28921,3571.26,0
1.30939,3505.34,-3.26823,-3.79961,4.05898,3560.28,0
1.31069,3505.29,-3.25407,-3.78007,8.45958,3592.47,0
1.31202,3505.27,-3.28519,-3.79166,8.43908,3607.79,0
1.31329,3505.24,-3.27321,-3.77553,9.69611,3625.72,0
1.3146,3505.23,-3.27173,-3.79149,8.07116,3627.71,0
1.31591,3505.23,-3.28638,-3.78898,7.2378,3628.24,0
1.31721,3505.19,-3.32061,-3.77245,8.2943,3651.49,0
1.3185,3505.21,-3.29577,-3.77554,6.25869,3636.06,0
1.31979,3505.19,-3.32335,-3.74501,6.86405,3640.94,0
1.32108,3505.18,-3.2683,-3.70693,9.16799,3644.98,0
1.32238,3505.2,-3.29696,-3.68774,5.76301,3626.63,0
1.32366,3505.18,-3.33014,-3.6692,6.83389,3642.12,0
1.32496,3505.23,-3.33667,-3.66527,1.59748,3600.6,0
1.32625,3505.23,-3.35713,-3.66297,0.593469,3593.32,0
1.32757,3505.26,-3.36897,-3.53067,1.34333,3568.28,0
1.32888,3505.29,-3.25549,-3.45079,3.95523,3541.72,0
1.33017,3505.27,-3.31759,-3.43081,4.69782,3554.34,0
1.33145,3505.26,-3.32122,-3.3681,7.1491,3561.58,0
1.33276,3505.26,-3.2624,-3.34405,8.02282,3557.02,0
1.33405,3505.23,-3.27441,-3.40347,8.22447,3578.62,0
1.33536,3505.21,-3.27145,-3.39872,8.2867,3587.64,0
1.33665,3505.18,-3.2715,-3.39333,9.61343,3606.55,0
1.33797,3505.16,-3.28868,-3.4171,8.05888,3618.9,0
1.33928,3505.17,-3.33779,-3.39584,5.57251,3609.11,0
1.34057,3505.2,-3.39187,-3.36508,0.904801,3577.56,0
1.34187,3505.14,-3.41232,-3.36953,6.39681,3623.32,0
1.34318,3505.13,-3.41891,-3.36679,6.47569,3627.84,0
1.34448,3505.12,-3.41954,-3.32086,7.51044,3631.39,0
1.34579,3505.11,-3.42874,-3.31873,6.34092,3630.54,0
1.34711,3505.11,-3.42459,-3.34587,5.07679,3629.03,0
1.34841,3505.12,-3.38109,-3.42059,3.41161,3621.33,0
1.34973,3505.12,-3.43982,-3.35366,3.16053,3615.01,0
1.35103,3505.08,-3.44627,-3.36699,5.35679,3638.69,0
1.35235,3505.08,-3.43472,-3.39533,4.84679,3640.5,0
1.35367,3505.1,-3.42521,-3.32376,4.53628,3616.85,0
1.35498,3505.1,-3.39114,-3.31469,6.12141,3619.33,0
1.3563,3505.06,-3.41737,-3.41842,5.06284,3638.76,0
1.3576,3505.06,-3.42045,-3.37638,6.12235,3637.74,0
1.35891,3505.1,-3.42757,-3.4129,0.650939,3606.84,0
1.36021,3505.12,-3.37409,-3.33948,2.13074,3586.98,0
1.3615,3505.12,-3.35933,-3.39206,0.4794,3581.78,0
1.36278,3505.08,-3.34084,-3.39302,4.82845,3607.74,0
1.36409,3505.12,-3.27709,-3.4505,1.2449,3578.08,0
1.36537,3505.11,-3.28768,-3.49362,0.954021,3585.1,0
1.36667,3505.12,-3.241,-3.36971,4.60145,3570.52,0
1.36799,3505.15,-3.24339,-3.36391,1.77643,3546.95,0
1.3693,3505.15,-3.23133,-3.31439,3.34179,3542.45,0
1.37064,3505.12,-3.24612,-3.28906,6.06828,3561.2,0
1.37196,3505.11,-3.21729,-3.29789,6.58091,3562.07,0
1.37328,3505.13,-3.2135,-3.27507,4.63158,3547.21,0
1.37459,3505.12,-3.23284,-3.27612,3.9506,3546.51,0
1.37589,3505.19,-3.25807,-3.134,1.05215,3498.01,0
1.37719,3505.12,-3.28673,-3.16106,6.05564,3545.28,0
1.3785,3505.12,-3.28453,-3.1349,6.10822,3541.2,0
1.37981,3505.12,-3.26206,-3.21677,3.82005,3535.96,0
1.38109,3505.15,-3.15841,-3.22235,3.77908,3512.49,0
1.38239,3505.17,-3.24136,-3.09793,2.60082,3493.07,0
1.38367,3505.18,-3.21996,-3.06277,3.31696,3483.75,0
1.38496,3505.14,-3.23889,-3.07815,5.69776,3506.77,0
1.38627,3505.15,-3.20773,-3.06832,5.96485,3499.33,0
1.38758,3505.11,-3.19111,-3.08169,8.7677,3524.27,0
1.3889,3505.09,-3.21871,-3.10984,7.04501,3533.16,0
1.3902,3505.07,-3.19819,-3.10104,9.27563,3543.46,0
1.39152,3505.07,-3.20464,-3.09569,8.02549,3543.16,0
1.39281,3505.06,-3.21914,-3.08566,7.25305,3544.76,0
1.39412,3505.04,-3.20684,-3.04378,9.89282,3558.28,0
1.39544,3505.06,-3.18946,-3.04674,6.96329,3542.31,0
1.39675,3505.04,-3.16929,-3.0527,8.24588,3552.02,0
1.39805,3505.06,-3.17318,-3.02544,5.72875,3532.94,0
1.39935,3505.08,-3.13098,-3.01319,5.35966,3519.35,0
1.40065,3505.06,-3.19801,-3.07552,2.59608,3525.5,0
1.40195,3505.04,-3.20971,-3.11067,3.29324,3537.21,0
1.40326,3504.99,-3.17956,-3.11249,8.40834,3568.6,0
1.40457,3504.96,-3.20966,-3.1677,7.47082,3585.37,0
1.4059,3504.97,-3.16942,-3.19102,6.57744,3579.87,0
1.40721,3504.95,-3.19213,-3.16346,8.19793,3590.73,0
1.40851,3504.99,-3.18629,-3.14189,4.37003,3559.05,0
1.40981,3505.04,-3.01365,-3.26572,0.337781,3519.21,0
1.41112,3505.01,-2.98366,-3.23799,4.57635,3533.47,0
1.41243,3505.05,-3.01209,-3.23149,0.395338,3506.83,0
1.41373,3504.99,-3.07958,-3.14936,6.83035,3545.31,0
1.41499,3504.99,-3.07394,-3.17848,5.8097,3543.69,0
1.41628,3505,-3.08301,-3.1809,3.13861,3527.46,0
1.41757,3504.97,-3.06124,-3.17149,7.12227,3546.62,0
1.41887,3505,-3.05921,-3.14252,4.80567,3525.65,0
1.42018,3505.02,-3.05175,-3.16598,1.82202,3507.62,0
1.4215,3505.03,-3.04088,-3.1439,1.69175,3497.32,0
1.4228,3505.03,-2.99538,-3.1247,3.71268,3496.01,0
1.4241,3505.05,-3.04443,-3.08308,0.978109,3476.9,0
1.42541,3505.05,-3.0127,-3.08447,1.83816,3474.3,0
1.42671,3505.07,-2.92865,-3.05112,3.01432,3456.53,0
1.42803,3505.07,-2.87413,-3.03632,4.49817,3450.19,0
1.42931,3505.09,-2.90224,-3.02355,2.00932,3436.02,0
1.43061,3505.08,-2.9388,-2.98607,2.77571,3437.98,0
1.4319,3505.07,-2.92512,-2.98945,3.94401,3441.21,0
1.43319,3505.06,-2.96153,-2.95271,4.72595,3447.95,0
1.43449,3505.05,-3.02407,-2.95234,3.00666,3450.18,0
1.43578,3505.06,-2.97586,-2.9801,2.38426,3439.96,0
1.43708,3505.03,-2.96919,-3.02735,4.02387,3456.53,0
1.43839,3505.01,-2.98298,-3.07942,4.32822,3469.55,0
1.43967,3505.08,-2.90589,-3.0254,1.02054,3419.53,0
1.44097,3505.06,-2.96552,-3.02892,0.363999,3426.08,0
1.44226,3505.03,-2.98167,-2.97583,4.95552,3446.29,0
1.44357,3505.05,-2.9562,-3.00596,2.56108,3431.71,0
1.44486,3505.01,-3.04344,-2.97761,3.81816,3450.81,0
1.44616,3504.96,-3.07835,-3.02179,6.87534,3485.24,0
1.44745,3504.95,-3.08647,-3.02675,6.71837,3489.9,0
1.44875,3504.95,-3.10388,-3.05252,5.1701,3489.07,0
1.45003,3504.98,-3.12963,-3.03903,0.458979,3459.32,0
1.45133,3505.01,-3.07881,-2.97799,1.35551,3439.79,0
1.45262,3505.03,-3.05063,-2.92983,1.62485,3423.98,0
1.45393,3504.99,-3.02984,-2.90995,6.32419,3444.71,0
1.45523,3504.97,-3.0243,-2.92092,6.77489,3453.37,0
1.45654,3504.97,-3.01491,-2.88019,8.1001,3455.4,0
1.45782,3504.95,-3.02607,-2.91191,7.81999,3467.1,0
1.45914,3504.94,-3.06728,-2.95221,5.11523,3470.98,0
1.46042,3504.94,-3.10693,-2.92743,4.22477,3467.35,0
1.46172,3504.94,-3.07021,-2.96009,3.65109,3460.91,0
1.463,3505.01,-2.98567,-2.90264,0.893181,3412.51,0
1.4643,3504.96,-2.98171,-2.89004,5.98975,3441.63,0
1.4656,3504.97,-2.96118,-2.96748,2.89603,3433.15,0
1.46691,3504.97,-2.93062,-2.95066,3.64959,3426.42,0
1.46823,3504.97,-2.8444,-3.00902,4.68755,3425.53,0
1.46956,3504.99,-2.79976,-3.02587,2.72462,3406.08,0
1.47086,3504.94,-2.80992,-3.05064,7.08378,3441.11,0
1.47215,3504.97,-2.78673,-3.06159,2.97474,3413.81,0
1.47345,3504.97,-2.72559,-3.04449,6.03976,3417.04,0
1.47477,3504.95,-2.71887,-3.03531,7.45734,3424.17,0
1.47606,3504.94,-2.70958,-3.07837,6.87796,3429.34,0
1.47737,3504.96,-2.74251,-3.05746,4.15714,3414.81,0
1.47868,3504.96,-2.75752,-3.03062,3.52626,3406.56,0
1.47998,3504.95,-2.74776,-3.12414,1.73476,3410.91,0
1.48128,3504.93,-2.76495,-3.0962,4.79241,3425.69,0
1.48257,3504.96,-2.73377,-3.12281,0.961682,3401.58,0
1.4839,3504.91,-2.69137,-3.12719,6.61682,3429.22,0
1.48521,3504.88,-2.69788,-3.12954,8.69623,3448.73,0
1.4865,3504.91,-2.70627,-3.12622,4.14102,3424.16,0
1.48779,3504.87,-2.68307,-3.15739,7.50747,3446.26,0
1.48909,3504.9,-2.66807,-3.12992,5.28437,3427.6,0
1.49039,3504.89,-2.63965,-3.14866,5.78847,3430.84,0
1.49169,3504.9,-2.63156,-3.19487,3.33515,3421.82,0
1.49299,3504.96,-2.64992,-3.07335,0.245266,3378.17,0
1.4943,3504.97,-2.59052,-3.04008,0.957558,3362.94,0
1.49559,3504.96,-2.53147,-3.04164,3.53255,3366.57,0
1.49689,3504.95,-2.58024,-3.00548,4.04756,3370.33,0
1.49816,3504.95,-2.53694,-3.02988,4.56323,3368.78,0
1.49945,3505,-2.4671,-2.99056,2.3344,3333.88,0
1.50074,3504.96,-2.54031,-3.00293,3.98069,3355.87,0
1.50205,3504.97,-2.5062,-3.11031,0.911176,3351.31,0
1.50336,3504.92,-2.48159,-3.07682,7.14937,3377.59,0
1.50467,3504.89,-2.4809,-3.10166,8.27417,3393.33,0
1.50596,3504.9,-2.45585,-3.07172,7.89292,3384.96,0
1.50727,3504.89,-2.4181,-3.04861,10.0184,3391.8,0
1.50857,3504.82,-2.43689,-3.05918,4.32472,3433.54,0
1.50987,3504.86,-2.35679,-2.99099,4.30668,3404.42,0
1.51117,3504.87,-2.36176,-2.95968,3.67145,3394.53,0
1.51248,3504.87,-2.33962,-2.9288,4.98647,3393.79,0
1.51378,3504.88,-2.33446,-2.85605,5.49471,3379.3,0
1.51507,3504.83,-2.34763,-2.80725,11.5222,3411.26,0
1.51638,3504.81,-2.34517,-2.81596,2.25856,3424.59,0
1.51768,3504.8,-2.25333,-2.77723,6.50188,3424.08,0
1.51898,3504.82,-2.26725,-2.775,4.0111,3413.39,0
1.52029,3504.82,-2.27105,-2.74903,3.55393,3405.61,0
1.52159,3504.78,-2.28102,-2.75272,7.73052,3432.76,0
1.52288,3504.76,-2.29128,-2.75528,7.36111,3438.2,0
1.52417,3504.75,-2.33415,-2.75037,7.3906,3445.59,0
1.52547,3504.74,-2.29355,-2.76718,8.44758,3449.69,0
1.52678,3504.72,-2.27291,-2.7522,9.21382,3456.61,0
1.5281,3504.73,-2.26927,-2.78279,5.09558,3446.04,0
1.52939,3504.74,-2.25344,-2.74413,5.36244,3436.33,0
1.5307,3504.75,-2.28383,-2.71974,4.60269,3431.63,0
1.532,3504.75,-2.30679,-2.70224,4.5001,3429.99,0
1.53328,3504.8,-2.29564,-2.64809,0.0987585,3392.33,0
1.53459,3504.79,-2.18638,-2.6575,4.38441,3397.78,0
1.5359,3504.76,-2.18422,-2.66564,7.368,3414.41,0
1.5372,3504.74,-2.19818,-2.6616,7.27892,3418.95,0
1.53851,3504.79,-2.20773,-2.65145,1.40114,3386.82,0
1.53981,3504.74,-2.22963,-2.6573,6.54181,3417.43,0
1.54114,3504.73,-2.2252,-2.67231,5.56923,3416.51,0
1.54244,3504.75,-2.20584,-2.69591,3.48396,3405.89,0
1.54375,3504.75,-2.1968,-2.64336,5.35982,3402.16,0
1.54503,3504.74,-2.19753,-2.62435,6.83664,3406.3,0
1.54634,3504.74,-2.19537,-2.6171,5.49293,3398.79,0
1.54763,3504.75,-2.20034,-2.63119,3.74285,3391.78,0
1.54893,3504.71,-2.23664,-2.71889,4.07289,3413.8,0
1.55023,3504.68,-2.27893,-2.7687,4.53397,3430.08,0
1.55153,3504.69,-2.26583,-2.74147,4.16934,3419.22,0
1.55283,3504.68,-2.32938,-2.70684,5.04806,3425.82,0
1.55415,3504.74,-2.2786,-2.65565,1.28629,3386.7,0
1.55544,3504.69,-2.3263,-2.74929,2.34843,3415.45,0
1.55674,3504.7,-2.25121,-2.80761,0.900236,3404.79,0
1.55806,3504.69,-2.34122,-2.70763,2.44752,3405.96,0
1.55936,3504.67,-2.39499,-2.64105,5.52495,3417.63,0
1.56065,3504.69,-2.43422,-2.65464,1.52522,3403.6,0
1.56195,3504.67,-2.5196,-2.59919,2.69116,3413.16,0
1.56327,3504.64,-2.55075,-2.62728,3.76185,3426.73,0
1.56459,3504.68,-2.4996,-2.59762,1.58897,3397.98,0
1.56589,3504.66,-2.47087,-2.7116,1.60672,3411.71,0
1.56718,3504.64,-2.48923,-2.65405,4.73304,3419.77,0
1.56847,3504.64,-2.46642,-2.63876,5.95338,3417.94,0
1.56978,3504.62,-2.48455,-2.65954,6.02662,3426.63,0
1.57106,3504.67,-2.45247,-2.65806,0.306668,3389.95,0
1.57235,3504.64,-2.429,-2.62254,5.7418,3407.74,0
1.57364,3504.65,-2.47102,-2.63302,2.89623,3400.33,0
1.57494,3504.65,-2.46339,-2.67249,1.95666,3399.41,0
1.57624,3504.64,-2.4082,-2.71621,3.29792,3402.77,0
1.57756,3504.64,-2.44201,-2.72436,1.24589,3396.55,0
1.57887,3504.63,-2.49587,-2.71836,1.43767,3403.34,0
1.58015,3504.58,-2.47409,-2.76182,5.84476,3429.94,0
1.58147,3504.61,-2.4185,-2.76989,3.63948,3409.52,0
1.58276,3504.57,-2.39533,-2.80663,6.8064,3427.76,0
1.58405,3504.56,-2.37142,-2.82645,7.56293,3435.45,0
1.58535,3504.55,-2.3589,-2.80823,8.31393,3436.27,0
1.58665,3504.54,-2.42178,-2.86176,5.51081,3442.71,0
1.58796,3504.51,-2.42341,-2.85043,8.62811,3459.83,0
1.58924,3504.5,-2.40805,-2.87371,7.86033,3461.89,0
1.59051,3504.49,-2.41459,-2.88151,6.87604,3463.85,0
1.5918,3504.48,-2.41369,-2.85196,8.55982,3469.04,0
1.5931,3504.48,-2.43112,-2.84729,6.05269,3463.08,0
1.59439,3504.45,-2.45515,-2.84036,8.57143,3482.39,0
1.59571,3504.44,-2.49706,-2.82955,7.19141,3486.96,0
1.59703,3504.47,-2.53835,-2.78272,2.74908,3463.01,0
1.59834,3504.47,-2.63768,-2.7225,1.4773,3460.33,0
1.59965,3504.42,-2.72844,-2.76155,2.91716,3490.22,0
1.60093,3504.4,-2.76252,-2.73888,4.46859,3498.04,0
1.60223,3504.4,-2.71976,-2.86021,1.63001,3496.83,0
1.60353,3504.41,-2.67574,-2.85292,1.83259,3487.07,0
1.60483,3504.41,-2.70428,-2.82899,0.778723,3480.98,0
1.60614,3504.38,-2.69104,-2.82576,4.49853,3496.41,0
1.60745,3504.41,-2.59762,-2.95293,0.35737,3480.36,0
1.60876,3504.42,-2.53753,-2.86214,4.08524,3468.68,0
1.61002,3504.4,-2.53477,-2.84255,7.19123,3481.07,0
1.61134,3504.39,-2.54916,-2.9325,3.11648,3482.09,0
1.61263,3504.4,-2.58033,-2.92128,0.937777,3472.38,0
1.61394,3504.37,-2.5624,-3.0186,1.14327,3488.78,0
1.61524,3504.35,-2.55655,-3.05977,1.50628,3496.54,0
1.61654,3504.34,-2.52798,-3.07986,3.57574,3504.11,0
1.61785,3504.3,-2.54199,-3.11751,5.3179,3521.81,0
1.61915,3504.3,-2.53668,-3.08818,6.65949,3521.6,0
1.62046,3504.28,-2.56202,-3.09238,7.49977,3532.64,0
1.62176,3504.29,-2.54063,-3.15239,3.03574,3518.1,0
1.62306,3504.33,-2.54422,-3.08942,1.22687,3494.33,0
1.62434,3504.34,-2.47967,-3.08242,1.75848,3482.08,0
1.62564,3504.32,-2.48628,-3.11778,2.39802,3491.6,0
1.62695,3504.3,-2.47548,-3.07451,6.61459,3502.01,0
1.62825,3504.32,-2.43959,-3.06008,5.62222,3488.03,0
1.62955,3504.31,-2.44096,-3.05703,5.66659,3488.73,0
1.63085,3504.32,-2.43024,-3.01057,6.66616,3483.65,0
1.63215,3504.32,-2.41097,-2.99615,7.17046,3481.14,0
1.63343,3504.31,-2.42472,-3.01009,5.8383,3480.67,0
1.63473,3504.31,-2.39368,-3.03371,6.29238,3482.99,0
1.63604,3504.29,-2.46249,-3.03568,5.90166,3492.91,0
1.63734,3504.3,-2.43708,-3.08374,3.22443,3484.02,0
1.63862,3504.27,-2.46971,-3.0863,4.43994,3495.19,0
1.6399,3504.26,-2.49505,-3.07392,5.35399,3501.83,0
1.64121,3504.28,-2.50915,-3.0908,1.22445,3485.71,0
1.6425,3504.23,-2.5033,-3.12847,4.83372,3510.88,0
1.64378,3504.27,-2.42438,-3.15779,1.94842,3486.76,0
1.64509,3504.28,-2.45989,-3.0711,2.56401,3474.78,0
1.64638,3504.29,-2.51563,-3.03354,1.85193,3470.58,0
1.64769,3504.29,-2.51934,-2.90046,6.17597,3463.55,0
1.64898,3504.3,-2.54448,-2.92733,2.84025,3455.74,0
1.65028,3504.3,-2.52746,-2.89036,4.33408,3451.44,0
1.65158,3504.26,-2.50212,-2.89899,8.97947,3473.24,0
1.65287,3504.24,-2.47471,-2.871,11.341,3484.77,0
1.65416,3504.17,-2.51144,-2.87592,5.44749,3521.52,0
1.65547,3504.19,-2.52307,-2.85389,3.98653,3511.81,0
1.65677,3504.23,-2.45572,-2.81593,2.31331,3483.87,0
1.6581,3504.19,-2.45507,-2.7871,7.47846,3503.94,0
1.65938,3504.14,-2.424,-2.77795,2.49151,3532.25,0
1.66069,3504.07,-2.44489,-2.81702,7.8081,3568.45,0
1.662,3504.15,-2.42934,-2.71835,2.42345,3518.97,0
1.6633,3504.11,-2.35335,-2.74407,8.93636,3541.4,0
1.6646,3504.1,-2.31741,-2.79626,7.82875,3546.79,0
1.66589,3504.08,-2.29662,-2.81798,8.15046,3551.76,0
1.6672,3504.07,-2.28614,-2.81675,8.82953,3558.78,0
1.66849,3504.09,-2.25791,-2.76881,6.72617,3541.04,0
1.66979,3504.07,-2.25447,-2.75573,9.32519,3551.48,0
1.67111,3504,-2.26387,-2.80294,3.32342,3590.07,0
1.67241,3504.02,-2.27334,-2.69555,5.36254,3577.45,0
1.67371,3504.02,-2.30883,-2.66516,3.91844,3571.49,0
1.675,3504.04,-2.35508,-2.57443,3.1425,3556.15,0
1.67628,3504.07,-2.30344,-2.57007,1.97941,3539.45,0
1.6776,3504.04,-2.28377,-2.57104,5.68231,3550.77,0
1.6789,3504.02,-2.28138,-2.54124,9.49833,3563.74,0
1.68022,3504.02,-2.26517,-2.56385,7.26414,3559.42,0
1.68152,3504.01,-2.28838,-2.57307,5.74519,3560.4,0
1.68282,3504.04,-2.26232,-2.5373,4.2547,3540.93,0
1.6841,3504.02,-2.24255,-2.52739,7.29171,3550.06,0
1.6854,3504.01,-2.25944,-2.54372,6.40183,3556.54,0
1.68671,3503.98,-2.24837,-2.55644,8.29789,3568.97,0
1.68802,3504,-2.24344,-2.52442,6.27607,3554.96,0
1.68931,3503.95,-2.23192,-2.52292,10.887,3580.62,0
1.69063,3503.92,-2.27202,-2.47811,2.49073,3596.48,0
1.69192,3503.9,-2.29841,-2.50587,2.3484,3603.54,0
1.69321,3503.87,-2.3454,-2.50823,4.37611,3619.16,0
1.69451,3503.86,-2.3621,-2.53403,4.0241,3624.59,0
1.69581,3503.83,-2.33836,-2.50663,8.72921,3635.78,0
1.69712,3503.85,-2.36411,-2.58455,1.57243,3624.63,0
1.6984,3503.82,-2.33192,-2.65906,2.47405,3635.85,0
1.69972,3503.75,-2.47821,-2.74813,1.83397,3676.73,0
1.70103,3503.68,-2.46094,-2.73163,11.8799,3714.57,0
1.70232,3503.67,-2.37221,-2.73874,5.66525,3720.97,0
1.70362,3503.7,-2.32458,-2.77635,0.917776,3698.54,0
1.70494,3503.69,-2.26835,-2.77866,4.14987,3700.51,0
1.70623,3503.66,-2.2217,-2.79888,8.2365,3717.62,0
1.70752,3503.67,-2.23602,-2.83512,3.47385,3706.83,0
1.70882,3503.71,-2.20147,-2.81946,0.820023,3683.35,0
1.71012,3503.71,-2.13228,-2.75801,6.38778,3679.51,0
1.71143,3503.7,-2.10064,-2.76872,7.9517,3681.08,0
1.71275,3503.69,-2.11329,-2.77503,7.72529,3685.61,0
1.71403,3503.71,-2.14768,-2.74992,3.42521,3670.07,0
1.71533,3503.71,-2.12146,-2.73867,4.83933,3667.54,0
1.71662,3503.68,-2.16502,-2.76001,5.54946,3682.03,0
1.71791,3503.67,-2.11557,-2.79023,6.94735,3686.88,0
1.71922,3503.68,-2.1776,-2.77373,2.0885,3674.21,0
1.72049,3503.68,-2.2459,-2.65395,5.52227,3672.72,0
1.72178,3503.66,-2.28622,-2.64457,6.98861,3684.58,0
1.72307,3503.66,-2.25033,-2.59466,8.22828,3677.6,0
1.72436,3503.65,-2.24843,-2.59748,8.11881,3682.04,0
1.72567,3503.63,-2.27841,-2.60431,7.92592,3689.85,0
1.72697,3503.62,-2.25782,-2.5708,10.7088,3695.51,0
1.72826,3503.59,-2.24437,-2.57451,2.55103,3706.7,0
1.72956,3503.61,-2.24336,-2.52323,3.08008,3695.44,0
1.73086,3503.58,-2.2637,-2.55064,4.64914,3709.08,0
1.73216,3503.58,-2.21195,-2.56354,5.86555,3705.23,0
1.73346,3503.59,-2.2098,-2.60209,2.74697,3698.71,0
1.73477,3503.58,-2.21573,-2.61216,3.18626,3703.57,0
1.73606,3503.56,-2.23703,-2.59003,5.24011,3711.08,0
1.73736,3503.59,-2.18962,-2.55527,3.7377,3686.66,0
1.73867,3503.55,-2.17348,-2.53138,11.0806,3708.99,0
1.73999,3503.55,-2.12757,-2.52715,1.63021,3707.99,0
1.74128,3503.53,-2.14606,-2.55037,2.35896,3716.45,0
1.74257,3503.54,-2.13233,-2.53503,1.63708,3705.78,0
1.74386,3503.54,-2.15815,-2.47217,4.14798,3705.85,0
1.74518,3503.53,-2.10358,-2.43974,8.87925,3709.02,0
1.7465,3503.52,-2.06514,-2.36989,2.52293,3707.75,0
1.74779,3503.51,-2.10165,-2.38636,2.22037,3714.51,0
1.74911,3503.48,-2.09516,-2.36721,7.03107,3726.27,0
1.7504,3503.49,-2.07656,-2.42614,2.56851,3716.58,0
1.7517,3503.47,-2.07808,-2.39098,8.00541,3730.09,0
1.75299,3503.51,-2.06607,-2.3944,1.68036,3705.09,0
1.7543,3503.46,-2.07153,-2.40712,6.58057,3728.94,0
1.75559,3503.44,-2.1601,-2.45228,2.35136,3737.03,0
1.7569,3503.39,-2.13501,-2.4805,8.32516,3759.92,0
1.75821,3503.41,-2.11623,-2.45366,7.2831,3750.1,0
1.7595,3503.41,-2.10543,-2.4333,6.95441,3746.06,0
1.76083,3503.42,-2.10229,-2.40448,5.73158,3737.22,0
1.76212,3503.43,-2.09092,-2.42346,3.56298,3728.62,0
1.76341,3503.39,-2.05492,-2.42696,9.43606,3746.94,0
1.76471,3503.42,-2.05381,-2.47028,1.3617,3726.57,0
1.76601,3503.39,-2.11097,-2.47765,3.78091,3745.48,0
1.76729,3503.38,-2.0824,-2.4887,4.81417,3744.22,0
1.7686,3503.36,-2.09764,-2.50788,6.36279,3756.5,0
1.76988,3503.35,-2.07301,-2.49637,7.83537,3756.35,0
1.7712,3503.38,-2.08191,-2.4584,4.55368,3736.49,0
1.77248,3503.36,-2.10484,-2.41798,8.74585,3748.72,0
1.77377,3503.35,-2.15573,-2.42766,5.80684,3749.7,0
1.77509,3503.33,-2.1655,-2.4544,6.25138,3757.7,0
1.77639,3503.32,-2.16405,-2.51803,4.00292,3760.77,0
1.7777,3503.33,-2.12952,-2.52527,3.54528,3752.22,0
1.77901,3503.33,-2.15043,-2.49436,4.18899,3750.28,0
1.78032,3503.31,-2.15786,-2.45775,8.2123,3759.89,0
1.78165,3503.32,-2.13225,-2.42282,8.15738,3750.34,0
1.78292,3503.33,-2.12092,-2.40153,7.15766,3740.69,0
1.78421,3503.33,-2.09178,-2.38855,6.71012,3735.57,0
1.78554,3503.32,-2.0525,-2.36629,10.8726,3741.62,0
1.78681,3503.28,-2.10637,-2.36772,1.64074,3761.84,0
1.78812,3503.2,-2.10589,-2.33311,2.74153,3800.27,0
1.78941,3503.14,-2.12612,-2.39274,7.67367,3833.28,0
1.7907,3503.12,-2.06938,-2.3976,1.48535,3842.57,0
1.792,3503.13,-2.0268,-2.38811,2.19881,3833.04,0
1.79331,3503.11,-2.04474,-2.35224,6.24745,3840.31,0
1.79461,3503.1,-2.04505,-2.32918,8.67961,3847.19,0
1.7959,3503.1,-2.01304,-2.33347,8.64228,3841.01,0
1.79719,3503.15,-1.9814,-2.33089,1.75379,3809.95,0
1.7985,3503.15,-2.03158,-2.31941,0.50239,3810.69,0
1.7998,3503.17,-1.92338,-2.3329,2.32559,3797.6,0
1.80111,3503.17,-1.94457,-2.31155,0.767391,3789.81,0
1.80241,3503.18,-2.00204,-2.23605,1.63235,3784.87,0
1.80372,3503.15,-2.00568,-2.26437,4.0201,3797.22,0
1.80503,3503.17,-1.92158,-2.31728,1.85672,3783.99,0
1.80633,3503.17,-1.94864,-2.2602,3.45636,3779.64,0
1.80764,3503.15,-1.93983,-2.24778,7.17497,3787.46,0
1.80894,3503.17,-1.9418,-2.25197,3.58906,3775.27,0
1.81023,3503.18,-1.96332,-2.24024,0.653621,3766.66,0
1.81153,3503.19,-1.91599,-2.20996,3.66134,3761.23,0
1.81281,3503.17,-1.93177,-2.18713,5.95947,3767.51,0
1.81412,3503.18,-1.91569,-2.2189,2.99461,3761.4,0
1.81541,3503.15,-1.94289,-2.28796,1.80498,3774.06,0
1.81672,3503.11,-2.00966,-2.26176,5.38709,3791.85,0
1.81801,3503.14,-2.01015,-2.24444,0.758032,3772.84,0
1.81931,3503.12,-1.98417,-2.2598,4.35218,3782.1,0
1.82061,3503.1,-2.02213,-2.30225,3.12914,3791.61,0
1.8219,3503.08,-2.02894,-2.2786,6.9625,3798.79,0
1.8232,3503.07,-1.98682,-2.29946,8.4922,3800.29,0
1.8245,3503.1,-1.92572,-2.3563,2.4563,3780.2,0
1.8258,3503.16,-1.83812,-2.29058,1.68795,3746.16,0
1.82711,3503.15,-1.80633,-2.30279,4.46121,3750.49,0
1.82842,3503.16,-1.79274,-2.34044,0.857237,3742.01,0
1.82974,3503.16,-1.78217,-2.28472,5.01895,3739.85,0
1.83106,3503.17,-1.75017,-2.30194,2.33592,3728.75,0
1.83238,3503.19,-1.74439,-2.26487,1.76118,3716.03,0
1.83369,3503.18,-1.70274,-2.22721,7.4679,3718.6,0
1.83499,3503.19,-1.72425,-2.24172,3.69462,3713.28,0
1.83627,3503.18,-1.67421,-2.28204,4.19049,3713.41,0
1.83759,3503.19,-1.72003,-2.25092,1.68745,3703.97,0
1.83889,3503.16,-1.72438,-2.29378,4.20951,3722.11,0
1.8402,3503.15,-1.75022,-2.30531,3.00115,3722.64,0
1.84149,3503.1,-1.69877,-2.34775,9.09412,3744.38,0
1.84279,3503.1,-1.73567,-2.26566,1.36963,3745.26,0
1.84408,3503.07,-1.85032,-2.23626,1.56073,3756.83,0
1.84536,3503.05,-1.84017,-2.30909,1.11211,3767.36,0
1.84664,3502.97,-1.85494,-2.34564,10.0061,3805.2,0
1.84793,3502.91,-1.85083,-2.38206,5.41658,3836.39,0
1.84922,3502.93,-1.81765,-2.40204,2.68656,3824.46,0
1.85055,3502.88,-1.79596,-2.43388,7.97602,3845.01,0
1.85182,3502.91,-1.80659,-2.3972,5.69559,3830.46,0
1.85312,3502.91,-1.78375,-2.37103,6.80367,3824.3,0
1.85442,3502.91,-1.76021,-2.42051,4.04037,3821.19,0
1.85572,3502.89,-1.78635,-2.45229,3.42103,3829.54,0
1.85702,3502.85,-1.80315,-2.47272,7.8517,3850.31,0
1.85831,3502.85,-1.76812,-2.4777,8.71441,3849.07,0
1.85963,3502.83,-1.74828,-2.45126,1.48131,3857.45,0
1.86092,3502.8,-1.63607,-2.52895,5.95202,3869.53,0
1.86221,3502.81,-1.63219,-2.52304,4.59684,3862.13,0
1.86351,3502.79,-1.56467,-2.62619,2.04923,3867.72,0
1.86478,3502.74,-1.52974,-2.60782,0.979806,3891.53,0
1.86608,3502.74,-1.51731,-2.52257,8.78732,3891.09,0
1.86738,3502.68,-1.46816,-2.55762,6.25912,3919.58,0
1.86868,3502.68,-1.47427,-2.56106,5.7011,3917.77,0
1.86997,3502.64,-1.49092,-2.57151,10.1645,3936.59,0
1.87126,3502.64,-1.45765,-2.52282,4.21271,3933.54,0
1.87255,3502.65,-1.51343,-2.49503,1.7763,3926.75,0
1.87384,3502.65,-1.48758,-2.50908,1.84859,3924.93,0
1.87512,3502.63,-1.5478,-2.51068,1.78796,3932.55,0
1.87643,3502.58,-1.48998,-2.55253,8.23527,3952.35,0
1.87776,3502.61,-1.48341,-2.56935,1.18095,3935.13,0
1.87905,3502.64,-1.43485,-2.49238,5.99605,3918.64,0
1.88035,3502.66,-1.3709,-2.49957,4.96023,3906.14,0
1.88164,3502.62,-1.37169,-2.45022,2.34204,3921.15,0
1.88294,3502.66,-1.30599,-2.41707,1.8121,3898.89,0
1.88423,3502.66,-1.32159,-2.37664,4.67969,3896.18,0
1.88551,3502.65,-1.38184,-2.38666,2.58305,3899.8,0
1.88682,3502.63,-1.40527,-2.39698,3.19947,3905.6,0
1.88811,3502.68,-1.36148,-2.34567,0.422797,3876.85,0
1.88941,3502.69,-1.39194,-2.30559,1.35368,3871.44,0
1.89071,3502.64,-1.36607,-2.31688,9.99287,3893.92,0
1.89202,3502.66,-1.35545,-2.31627,5.42482,3880.9,0
1.89333,3502.62,-1.34654,-2.32616,9.93435,3895.74,0
1.89463,3502.59,-1.32618,-2.33126,4.57926,3909.15,0
1.89592,3502.61,-1.41056,-2.24936,3.95273,3897.45,0
1.89722,3502.59,-1.34776,-2.27556,8.79407,3907.34,0
1.89854,3502.55,-1.34396,-2.27717,2.84821,3921.7,0
1.89982,3502.55,-1.32857,-2.26502,5.87766,3922.13,0
1.90114,3502.52,-1.35638,-2.26823,7.72131,3934.06,0
1.90244,3502.47,-1.36909,-2.26688,5.05372,3959.22,0
1.90373,3502.46,-1.37495,-2.27818,4.00968,3958.72,0
1.90503,3502.43,-1.34188,-2.23663,4.2061,3972.26,0
1.90634,3502.41,-1.31002,-2.24752,9.28242,3982.47,0
1.90763,3502.41,-1.30789,-2.25837,7.68215,3980.61,0
1.90894,3502.39,-1.30196,-2.27673,8.45565,3987.63,0
1.91025,3502.37,-1.30976,-2.27039,9.57561,3993.49,0
1.91156,3502.35,-1.33645,-2.30944,5.95385,4000.8,0
1.91287,3502.33,-1.34617,-2.35155,5.16236,4010.84,0
1.91418,3502.31,-1.28077,-2.28698,6.90182,4017.64,0
1.91549,3502.29,-1.28658,-2.29922,8.76024,4026.95,0
1.91678,3502.31,-1.32734,-2.28522,2.25942,4013.86,0
1.91809,3502.28,-1.33516,-2.21624,2.58639,4024.67,0
1.91939,3502.3,-1.33238,-2.17331,4.07664,4014.09,0
1.92068,3502.26,-1.43171,-2.18331,3.2104,4029.49,0
1.92198,3502.22,-1.40654,-2.16264,3.19853,4049.81,0
1.92329,3502.19,-1.45413,-2.19447,0.70867,4061.47,0
1.9246,3502.15,-1.46741,-2.19346,7.63317,4080.74,0
1.9259,3502.2,-1.43761,-2.16293,2.21616,4051.43,0
1.92719,3502.18,-1.42342,-2.14707,8.67271,4059.67,0
1.9285,3502.18,-1.39328,-2.14536,8.82744,4056.25,0
1.9298,3502.13,-1.39384,-2.11224,8.4554,4075.81,0
1.93111,3502.15,-1.39153,-2.07241,8.80311,4063.91,0
1.9324,3502.13,-1.33499,-2.07118,3.11595,4070.54,0
1.93369,3502.14,-1.33111,-2.03174,7.52413,4067.12,0
1.935,3502.18,-1.31807,-1.95419,7.56897,4042.64,0
1.9363,3502.13,-1.37223,-1.88605,9.15062,4066.5,0
1.93761,3502.13,-1.40034,-1.893,5.04742,4063.78,0
1.9389,3502.1,-1.3617,-1.87673,3.66844,4074.61,0
1.94018,3502.05,-1.36985,-1.92525,7.53462,4096.1,0
1.94148,3501.97,-1.4153,-1.95935,5.06771,4133.67,0
1.94277,3501.95,-1.41196,-1.98117,8.1631,4145.3,0
1.94404,3501.98,-1.37975,-1.97033,3.83886,4125.54,0
1.94536,3501.97,-1.4273,-1.88568,10.831,4127.12,0
1.94665,3501.94,-1.44496,-1.89873,2.84079,4140.61,0
1.94795,3501.9,-1.45305,-1.87615,3.41862,4160.56,0
1.94925,3501.87,-1.4099,-1.86651,2.78471,4172.11,0
1.95054,3501.91,-1.35937,-1.79153,7.82897,4148.8,0
1.95183,3501.91,-1.33539,-1.81313,7.1954,4146.66,0
1.95314,3501.93,-1.25872,-1.82802,5.55126,4130.59,0
1.95444,3501.94,-1.24667,-1.7964,9.32462,4126.5,0
1.95575,3501.88,-1.25392,-1.78105,12.472,4152.72,0
1.95704,3501.88,-1.21968,-1.75998,7.33271,4150.42,0
1.95833,3501.89,-1.19868,-1.77744,3.84387,4142.68,0
1.95965,3501.9,-1.18468,-1.74038,7.40637,4134.82,0
1.96096,3501.91,-1.17982,-1.73628,4.27635,4125.16,0
1.96227,3501.89,-1.26745,-1.7073,5.58443,4134.4,0
1.96358,3501.9,-1.2688,-1.71308,0.351058,4125.54,0
1.96489,3501.88,-1.24668,-1.73137,5.57661,4133.85,0
1.96616,3501.84,-1.27974,-1.78497,3.12352,4148.74,0
1.96747,3501.84,-1.29907,-1.77168,4.18389,4148.88,0
1.96876,3501.83,-1.27768,-1.7774,5.98845,4147.52,0
1.97009,3501.87,-1.24724,-1.76607,1.58823,4127.72,0
1.97139,3501.83,-1.20592,-1.74336,6.96829,4144.95,0
1.9727,3501.81,-1.23647,-1.78038,3.3166,4153.72,0
1.97402,3501.76,-1.2606,-1.78657,0.719509,4176.37,0
1.97531,3501.76,-1.30269,-1.71365,5.48808,4170.86,0
1.9766,3501.76,-1.31225,-1.69767,7.37944,4170.22,0
1.97792,3501.77,-1.30123,-1.68424,7.57585,4163.23,0
1.97921,3501.71,-1.26285,-1.70832,10.914,4190.04,0
1.9805,3501.69,-1.23488,-1.6959,7.77556,4194.23,0
1.98178,3501.66,-1.20967,-1.67766,10.1063,4207.4,0
1.98309,3501.65,-1.17389,-1.6863,3.03226,4210.09,0
1.9844,3501.63,-1.18529,-1.70378,4.6838,4218.72,0
1.9857,3501.65,-1.21921,-1.63922,6.11544,4206.88,0
1.98702,3501.61,-1.24828,-1.66999,6.52196,4222.78,0
1.98835,3501.58,-1.23678,-1.66152,4.16572,4233.59,0
1.98966,3501.56,-1.26081,-1.63578,11.0686,4243.09,0
1.99094,3501.59,-1.1663,-1.64278,0.67593,4223.48,0
1.99224,3501.58,-1.10693,-1.66615,7.32053,4227.17,0
1.99351,3501.56,-1.13241,-1.67755,6.70028,4234.52,0
1.9948,3501.54,-1.15118,-1.67222,8.86517,4239.06,0
1.99611,3501.55,-1.13997,-1.66939,9.73758,4235.27,0
1.99742,3501.54,-1.08882,-1.67372,3.81868,4234.89,0
1.99872,3501.52,-1.06419,-1.68682,10.3233,4243.64,0
2.00004,3501.47,-1.12199,-1.64609,2.5325,4267.42,0
2.00134,3501.46,-1.0911,-1.65255,7.56069,4269.47,0
2.00264,3501.45,-1.11893,-1.58299,8.10922,4271.29,0
2.00393,3501.43,-1.12802,-1.61592,4.96201,4277.4,0
2.00523,3501.46,-1.14968,-1.54509,6.05123,4259.58,0
2.00652,3501.46,-1.11708,-1.54636,9.45146,4256.49,0
2.00782,3501.48,-1.13075,-1.53042,4.51228,4244.99,0
2.00913,3501.46,-1.09314,-1.5561,7.77604,4248.43,0
2.01042,3501.48,-1.06374,-1.58365,0.327099,4238.13,0
2.01172,3501.47,-1.05829,-1.57731,5.34082,4241.32,0
2.01302,3501.45,-1.02071,-1.58291,3.00262,4248.08,0
2.01432,3501.41,-1.04195,-1.60752,5.57919,4262.8,0
2.01561,3501.44,-1.04608,-1.5677,2.95602,4244.98,0
2.01691,3501.45,-1.03721,-1.55225,6.24497,4241.1,0
2.01821,3501.46,-1.00127,-1.48943,8.56649,4233.06,0
2.01952,3501.45,-0.983831,-1.50223,10.7358,4235.8,0
2.02082,3501.44,-0.919608,-1.44005,8.02742,4233.92,0
2.02213,3501.41,-0.904106,-1.49328,8.71268,4247.88,0
2.02341,3501.43,-0.861372,-1.49196,6.48926,4234.54,0
2.0247,3501.41,-0.839339,-1.49405,4.15068,4242.55,0
2.02601,3501.42,-0.803923,-1.47484,9.57178,4235.29,0
2.02731,3501.37,-0.841393,-1.43351,8.81567,4256.98,0
2.02862,3501.31,-0.893442,-1.49089,7.1464,4283.62,0
2.02994,3501.31,-0.897447,-1.48908,4.20192,4279.43,0
2.03123,3501.25,-0.96061,-1.5123,8.37001,4305.63,0
2.03254,3501.25,-0.966656,-1.51474,7.11592,4304.8,0
2.03385,3501.25,-0.962004,-1.48308,2.93984,4301.75,0
2.03516,3501.23,-0.960411,-1.50761,4.01526,4310.43,0
2.03648,3501.18,-0.913401,-1.48139,7.68888,4329.18,0
2.03778,3501.2,-0.889337,-1.48984,2.99607,4318.53,0
2.03911,3501.23,-0.823771,-1.44591,2.69275,4300.81,0
2.0404,3501.24,-0.797501,-1.41345,11.7564,4293.18,0
2.04172,3501.19,-0.746711,-1.39658,7.19134,4314.72,0
2.04303,3501.17,-0.718887,-1.36917,6.12219,4323.52,0
2.04434,3501.12,-0.720885,-1.3186,6.38678,4345.12,0
2.04565,3501.11,-0.705669,-1.29587,7.62523,4345.56,0
2.04695,3501.08,-0.729051,-1.30102,2.02258,4358.03,0
2.04826,3501.06,-0.74628,-1.26181,7.16549,4362.46,0
2.04954,3501.09,-0.743028,-1.17377,5.85088,4348.37,0
2.05084,3501.05,-0.719839,-1.12735,8.13397,4363.15,0
2.05215,3501.03,-0.699905,-1.11341,1.91911,4371.46,0
2.05345,3500.97,-0.647571,-1.13437,9.69245,4397.38,0
2.05477,3500.94,-0.599936,-1.08566,11.68,4410.52,0
2.05607,3500.88,-0.578808,-1.07664,1.45102,4434.84,1
2.05736,3500.8,-0.643078,-1.09433,5.10476,4471.9,1
2.05868,3500.75,-0.615835,-1.01557,9.69519,4492.55,1
2.05998,3500.71,-0.625691,-0.988095,7.83359,4509,1
2.06128,3500.66,-0.619867,-0.98876,4.93329,4532.47,1
2.06257,3500.6,-0.566659,-0.997237,3.14337,4557.78,1
2.06387,3500.59,-0.540358,-0.925955,3.41061,4560.34,1
2.06518,3500.53,-0.515801,-0.900406,2.06898,4587.87,1
2.0665,3500.48,-0.527121,-0.843123,5.40182,4606.4,1
2.06779,3500.44,-0.506675,-0.784323,10.0603,4623.57,3
2.06792,3500.42,-0.481511,-0.767967,8.9927,4632.16,3
