0.00131766,3509.92,7.82729,2.46505,2.86496,57932.1,0
0.00261535,3509.89,7.85224,2.47493,4.05106,40867.1,0
0.00390765,3509.93,7.80609,2.47246,2.43096,17777.2,0
0.00522823,3509.89,7.82066,2.38879,5.28466,21891.3,0
0.00652486,3509.88,7.78747,2.35079,5.87948,18172.7,0
0.00783084,3509.87,7.81826,2.35107,5.81645,17097.7,0
0.00911033,3509.86,7.85273,2.37755,5.03181,15784.7,0
0.0104047,3509.82,7.88956,2.38855,5.49529,16898.2,0
0.0116958,3509.82,7.86584,2.38791,5.71751,15344.9,0
0.0129906,3509.83,7.86354,2.3956,4.62979,13276.4,0
0.0142793,3509.9,7.80228,2.39074,1.43895,7199.15,0
0.0155784,3509.84,7.80764,2.44992,4.32116,10327.9,0
0.0168827,3509.79,7.7857,2.4371,7.15443,12521.8,0
0.0181735,3509.76,7.79264,2.47974,7.41868,13057.9,0
0.0194731,3509.79,7.80048,2.46485,4.90014,10859.4,0
0.0208014,3509.76,7.79908,2.4477,6.2924,11347.7,0
0.0221021,3509.75,7.81188,2.44703,5.90896,11186.5,0
0.0234078,3509.72,7.80448,2.42165,7.30603,11871.2,0
0.0247214,3509.69,7.76379,2.44223,8.86373,12481.8,0
0.02602,3509.72,7.74085,2.46505,6.09553,10899,0
0.0273261,3509.72,7.73268,2.52312,5.34713,10374.6,0
0.028597,3509.73,7.73246,2.53874,4.07758,9445.16,0
0.0299069,3509.74,7.74002,2.54347,2.76978,8558.17,0
0.0312023,3509.72,7.80159,2.55632,2.66065,8864.83,0
0.0325003,3509.76,7.78793,2.54159,0.623738,7375.05,0
0.0338063,3509.73,7.7923,2.61636,1.79864,7965.04,0
0.035117,3509.76,7.75728,2.69695,0.025202,6815.93,0
0.0364152,3509.69,7.70066,2.71111,5.37887,8475.91,0
0.0377124,3509.77,7.64122,2.66967,1.76041,6097.5,0
0.0390026,3509.76,7.61557,2.59963,3.35197,6147.74,0
0.0403087,3509.74,7.6462,2.52107,4.64242,6542.64,0
0.0416058,3509.72,7.70637,2.54486,4.11705,6769.97,0
0.0429085,3509.7,7.68643,2.52189,5.58146,7068.37,0
0.0442171,3509.63,7.70577,2.53646,8.53159,8426.45,0
0.0455,3509.62,7.69372,2.56178,7.53283,8378.81,0
0.046815,3509.61,7.70129,2.55274,6.95564,8260.45,0
0.0481327,3509.59,7.71929,2.56243,7.09532,8465.26,0
0.0494308,3509.56,7.73186,2.53714,7.9601,8985.59,0
0.0507301,3509.57,7.74972,2.53233,6.20631,8567.11,0
0.0520289,3509.55,7.79064,2.52794,5.35346,8596.56,0
0.0533269,3509.54,7.78469,2.51214,6.04801,8675.05,0
0.0546281,3509.54,7.78743,2.52857,5.05435,8343.06,0
0.0559297,3509.53,7.7555,2.55552,5.99375,8421.75,0
0.0572261,3509.53,7.76884,2.57837,4.92837,8212.98,0
0.0585346,3509.55,7.7249,2.54061,4.78889,7737.77,0
0.0598317,3509.55,7.72825,2.55634,3.75308,7483.15,0
0.0611169,3509.53,7.7147,2.55367,5.3863,7767.64,0
0.0624242,3509.55,7.69533,2.55222,4.1221,7248.55,0
0.0637137,3509.52,7.69532,2.50839,5.79638,7538.62,0
0.0650169,3509.52,7.724,2.51384,4.61017,7397.12,0
0.0663039,3509.55,7.73407,2.47899,2.11852,6741.64,0
0.0676228,3509.58,7.69086,2.442,1.57421,6239.34,0
0.0689374,3509.58,7.64474,2.46415,2.33311,6112.19,0
0.0702312,3509.59,7.69157,2.47883,0.173481,5772.71,0
0.0715308,3509.59,7.64052,2.47276,1.82285,5777.31,0
0.0728304,3509.55,7.64169,2.37028,4.99287,6227.45,0
0.0741215,3509.57,7.69963,2.4778,1.49785,5861.69,0
0.0754408,3509.53,7.71697,2.49109,2.86819,6172.15,0
0.0767584,3509.52,7.72916,2.48264,3.12288,6191.15,0
0.0780723,3509.5,7.74335,2.56394,3.64909,6415.2,0
0.0793772,3509.49,7.73592,2.56026,4.40969,6452.9,0
0.0806745,3509.48,7.75374,2.53331,4.53359,6433.4,0
0.0819768,3509.47,7.76277,2.53636,4.61214,6501.26,0
0.0832769,3509.48,7.77982,2.51995,3.16216,6223.31,0
0.0845595,3509.47,7.78627,2.54787,3.18957,6218.41,0
0.0858586,3509.45,7.79076,2.51279,4.80915,6432.45,0
0.0871633,3509.43,7.77945,2.50415,5.55787,6486.07,0
0.0884868,3509.39,7.78778,2.53141,7.0426,6866.31,0
0.0897844,3509.35,7.77338,2.51735,8.64265,7216.69,0
0.0910886,3509.36,7.80562,2.47723,6.12032,6981.21,0
0.0923509,3509.37,7.80806,2.43571,5.74786,6859.34,0
0.0936503,3509.36,7.77686,2.41538,6.38501,6802.64,0
0.0949437,3509.38,7.76413,2.41264,4.51126,6485.68,0
0.0962722,3509.37,7.77362,2.4183,4.80014,6516.07,0
0.0975649,3509.4,7.7535,2.39556,3.5725,6187.58,0
0.0988797,3509.34,7.74618,2.40368,6.96896,6682.04,0
0.100192,3509.35,7.77648,2.41961,4.76522,6491.31,0
0.101482,3509.34,7.77606,2.40631,4.89873,6470.62,0
0.102763,3509.32,7.73613,2.36398,6.97,6597.37,0
0.104072,3509.34,7.73186,2.3737,4.65466,6307.85,0
0.105376,3509.34,7.71891,2.38762,4.62039,6255.06,0
0.106683,3509.39,7.76255,2.38432,0.331084,5730.66,0
0.107968,3509.36,7.69198,2.35044,3.7224,5905.65,0
0.109279,3509.33,7.76691,2.31773,3.99883,6097.66,0
0.110572,3509.38,7.73531,2.32933,1.46721,5615.34,0
0.111876,3509.39,7.61411,2.28296,3.4426,5417.13,0
0.113195,3509.42,7.55807,2.22356,2.98999,5098.28,0
0.114478,3509.42,7.49932,2.26867,4.29902,5087.02,0
0.115769,3509.41,7.49373,2.20666,5.38029,5129.26,0
0.117078,3509.42,7.52145,2.30701,2.90668,4948.55,0
0.118372,3509.44,7.49924,2.30579,2.22292,4755.11,0
0.119649,3509.46,7.48421,2.27825,0.96198,4486.21,0
0.120964,3509.35,7.61028,2.25069,5.85459,5395.38,0
0.12226,3509.33,7.61353,2.28137,6.09981,5470.95,0
0.12356,3509.33,7.61939,2.29062,5.42847,5437.78,0
0.124856,3509.36,7.66893,2.29176,1.74646,5107.99,0
0.126152,3509.36,7.70242,2.37472,0.484405,5064.72,0
0.127455,3509.34,7.64905,2.35055,3.3293,5203.12,0
0.128771,3509.34,7.65753,2.24799,3.50317,5116.3,0
0.130075,3509.37,7.63861,2.23192,2.0749,4842.46,0
0.131379,3509.37,7.5854,2.20798,3.63003,4823,0
0.132689,3509.34,7.58421,2.24055,5.23469,5002.44,0
0.133987,3509.34,7.60237,2.21773,4.21072,4930.55,0
0.135309,3509.34,7.70061,2.2065,1.78476,4862.63,0
0.136614,3509.36,7.66544,2.20021,1.46174,4692.21,0
0.13791,3509.36,7.64648,2.19039,1.87409,4648.43,0
0.139228,3509.31,7.60931,2.20309,5.75255,4974.52,0
0.140532,3509.3,7.60986,2.19195,5.93921,5005.38,0
0.141844,3509.25,7.56866,2.19245,8.67003,5278.31,0
0.143137,3509.26,7.55478,2.18071,6.85582,5149.43,0
0.144428,3509.27,7.50998,2.18766,6.4022,5079.73,0
0.145732,3509.25,7.5195,2.17854,6.531,5146.56,0
0.14704,3509.27,7.49918,2.15534,5.0293,4935.98,0
0.148366,3509.3,7.49541,2.11115,3.42842,4735.27,0
0.149671,3509.32,7.51025,2.07062,1.95194,4561.28,0
0.150966,3509.32,7.43477,2.12204,3.33473,4531.25,0
0.152272,3509.39,7.31528,2.10989,0.903708,3988.17,0
0.153573,3509.37,7.2642,2.09506,3.33421,4078.85,0
0.154872,3509.4,7.26428,2.04791,1.63103,3858.03,0
0.156175,3509.41,7.24862,1.95355,2.23834,3807.15,0
0.157481,3509.4,7.22782,1.9422,2.88669,3801.42,0
0.158791,3509.44,7.1775,1.95695,1.00456,3509.4,0
0.160106,3509.46,7.11778,2.00396,0.474739,3343.36,0
0.161419,3509.43,7.15127,1.98981,1.89552,3509.09,0
0.162735,3509.4,7.23515,2.09426,1.43881,3675.44,0
0.164042,3509.39,7.21251,2.01241,3.4485,3740.95,0
0.165346,3509.34,7.19689,2.03341,6.25766,3971.36,0
0.166642,3509.32,7.21199,2.02201,7.06233,4102.89,0
0.167938,3509.3,7.24499,2.02492,6.0722,4150.05,0
0.16922,3509.3,7.22275,2.03455,5.68779,4129.01,0
0.170527,3509.31,7.21977,2.09683,4.61498,4060.67,0
0.171838,3509.36,7.21627,2.12945,0.981573,3740.95,0
0.17315,3509.34,7.15495,2.17758,2.95116,3799.47,0
0.174454,3509.37,7.19283,2.11454,0.56824,3619.33,0
0.175736,3509.31,7.20477,2.03248,4.33405,3901.62,0
0.177043,3509.3,7.22686,2.01907,4.25217,3944.6,0
0.178327,3509.32,7.32345,2.01797,0.674747,3809.81,0
0.179618,3509.3,7.32678,2.02275,1.67902,3888.16,0
0.180911,3509.24,7.35245,1.94731,5.41361,4190.75,0
0.182213,3509.26,7.36322,1.96692,3.45881,4055.1,0
0.183515,3509.26,7.36351,2.03217,3.13313,4050.66,0
0.184809,3509.27,7.35131,2.08377,2.32628,3975.12,0
0.186117,3509.24,7.34057,2.13079,3.72162,4085.2,0
0.187426,3509.24,7.35461,2.09959,3.52013,4056.02,0
0.188728,3509.22,7.35495,2.08147,5.03201,4148.64,0
0.190014,3509.22,7.44939,2.13014,2.16274,4101.07,0
0.19132,3509.22,7.40807,2.10372,3.07909,4063.8,0
0.192636,3509.23,7.33767,2.07215,4.08624,3972.25,0
0.193948,3509.2,7.32311,2.08613,6.4033,4128.66,0
0.195248,3509.22,7.28978,2.09056,5.26237,3990.54,0
0.196569,3509.2,7.24056,2.13107,6.65399,4074.21,0
0.197885,3509.2,7.28363,2.10804,4.94142,4038.27,0
0.199186,3509.2,7.29514,2.08857,4.32602,3994.59,0
0.200502,3509.21,7.2695,2.05985,4.35248,3921.57,0
0.201828,3509.22,7.27947,2.03796,3.81098,3883.47,0
0.203143,3509.28,7.21527,2.00975,1.30451,3565.38,0
0.20445,3509.29,7.16045,2.03618,1.36252,3470.95,0
0.205742,3509.25,7.16102,2.01821,4.10782,3652.57,0
0.207036,3509.33,7.10852,1.97949,0.0696539,3254.1,0
0.208357,3509.35,6.99202,1.89431,1.42415,3113.21,0
0.209653,3509.32,7.01825,1.92184,2.70934,3244.29,0
0.210959,3509.31,6.94849,2.00472,4.52003,3287.55,0
0.212268,3509.33,6.98622,2.00171,1.58845,3140.35,0
0.213566,3509.29,7.00563,2.00582,4.05392,3330.81,0
0.214843,3509.28,6.97938,1.99423,4.62778,3337.45,0
0.216143,3509.28,6.96953,2.00265,4.63918,3329.61,0
0.217432,3509.31,6.96936,1.97052,2.52154,3161.8,0
0.218742,3509.28,6.90582,2.02533,5.45479,3276.44,0
0.22003,3509.29,6.87916,2.02558,5.10005,3213.73,0
0.221331,3509.31,6.9218,2.01776,2.86674,3138.3,0
0.222614,3509.27,6.9087,2.06441,4.90082,3263.17,0
0.223912,3509.29,6.93671,2.03514,2.90771,3167.32,0
0.225217,3509.32,6.93678,1.98483,1.07154,3019.14,0
0.226518,3509.33,6.81453,1.93908,3.65178,2978.41,0
0.227822,3509.33,6.88246,1.86434,2.0966,2937.62,0
0.229127,3509.32,6.86263,1.91646,3.0337,2978.86,0
0.230439,3509.31,6.8733,1.90429,3.49187,3007.53,0
0.231744,3509.29,6.87574,1.93137,4.2198,3066.4,0
0.23305,3509.27,6.85247,1.91628,5.89355,3140.9,0
0.23434,3509.33,6.78712,1.99221,2.23057,2868.93,0
0.23564,3509.3,6.81644,1.96128,3.32072,2957.48,0
0.236939,3509.35,6.79118,1.97011,0.117419,2724.09,0
0.238226,3509.34,6.73545,1.98128,2.20441,2772.02,0
0.239518,3509.33,6.7851,2.02386,1.50899,2804.7,0
0.240807,3509.31,6.8308,2.00538,1.83258,2870.43,0
0.242102,3509.3,6.79897,2.09392,2.42036,2884.57,0
0.243388,3509.3,6.88381,2.05202,1.14085,2893.7,0
0.244699,3509.22,6.91036,2.06963,5.36362,3178.83,0
0.246022,3509.2,6.92982,2.04522,6.05909,3258.43,0
0.247301,3509.22,6.93521,2.04111,4.45967,3171.71,0
0.248578,3509.24,6.93826,2.03849,2.30323,3038.05,0
0.249885,3509.23,6.88598,2.07994,4.02387,3080.62,0
0.251193,3509.21,6.88089,2.05154,5.55107,3139.74,0
0.25249,3509.23,6.90756,2.00088,3.79606,3067.95,0
0.253773,3509.2,6.94185,2.00432,4.31807,3141.32,0
0.255093,3509.18,6.96865,2.01821,4.41462,3198.91,0
0.256382,3509.2,6.94814,1.99116,3.86639,3131.12,0
0.257684,3509.19,6.91361,1.99499,4.92332,3144.73,0
0.258985,3509.24,6.94306,2.01485,0.646996,2953.45,0
0.260295,3509.2,6.97153,2.0319,2.47775,3087.35,0
0.261589,3509.18,6.99907,1.98244,3.15164,3133.35,0
0.26289,3509.17,7.0068,1.98967,3.36648,3144.84,0
0.264186,3509.2,6.99433,1.93194,2.16285,3029.29,0
0.265497,3509.18,6.96783,1.84683,4.39484,3086.79,0
0.26679,3509.23,6.89307,1.84687,2.73994,2899.08,0
0.268099,3509.16,7.01045,1.94285,4.06815,3141.57,0
0.269397,3509.11,6.95452,1.94485,7.95355,3305.92,0
0.270684,3509.12,6.97052,1.92438,6.10713,3255.57,0
0.271961,3509.15,6.99635,1.91275,2.88709,3126.66,0
0.273256,3509.2,6.91219,1.92085,1.18158,2927.19,0
0.274573,3509.2,6.89331,1.89356,1.68444,2917.31,0
0.275865,3509.17,6.8923,1.89351,4.0063,3026.16,0
0.277177,3509.19,6.97239,1.92987,0.287259,2936.28,0
0.27848,3509.17,6.93497,1.91505,2.45993,2988.29,0
0.279777,3509.18,6.88287,1.99453,2.26119,2935.38,0
0.281075,3509.18,6.92695,2.02013,1.04322,2922.96,0
0.28238,3509.2,6.88063,1.96278,1.2793,2849.77,0
0.283681,3509.13,6.90656,1.96894,5.24334,3084.08,0
0.284973,3509.19,6.92151,1.88579,0.924322,2850.18,0
0.286277,3509.13,6.93385,2.00894,3.5117,3022.82,0
0.28758,3509.18,6.91369,2.08291,0.355377,2864.2,0
0.288874,3509.11,6.99045,2.01947,3.54733,3080.68,0
0.290172,3509.09,6.99414,2.00168,4.89563,3142.79,0
0.291486,3509.08,6.99754,2.00827,4.89243,3168.53,0
0.292802,3509.07,6.95504,1.96412,6.04684,3168.96,0
0.294078,3509.05,6.9523,1.93387,6.58411,3232.88,0
0.295403,3509.05,6.9495,1.95111,5.85497,3223.71,0
0.296718,3509.02,6.94742,1.91568,7.3644,3303.52,0
0.29803,3509.03,6.93673,1.92444,5.31291,3248.54,0
0.29932,3508.99,6.91668,1.93237,7.90188,3380.67,0
0.300635,3509,6.91991,1.95508,6.09159,3336.38,0
0.301935,3508.99,6.92899,1.91771,6.49408,3360.08,0
0.303245,3508.98,6.93488,1.89576,5.94778,3347.67,0
0.304529,3508.94,6.87632,1.86612,9.05354,3477.27,0
0.305822,3508.96,6.90583,1.82934,6.09426,3402.39,0
0.307115,3508.97,6.90882,1.78351,4.7333,3346.25,0
0.308429,3508.97,6.90792,1.76807,4.93137,3348.85,0
0.309721,3508.99,6.90264,1.75989,3.21232,3263.58,0
0.311031,3508.98,6.88874,1.73755,4.48026,3294.72,0
0.312343,3508.94,6.84732,1.76782,6.90042,3382.1,0
0.313643,3508.94,6.82185,1.78196,6.69969,3372.61,0
0.314941,3508.92,6.80812,1.79956,7.13564,3441.53,0
0.316238,3508.92,6.82014,1.76708,5.94725,3420.24,0
0.317559,3508.92,6.80996,1.77712,5.49996,3409.13,0
0.31888,3508.93,6.82886,1.76852,3.89065,3353.49,0
0.320192,3508.89,6.89547,1.78702,4.67162,3462.61,0
0.321501,3508.9,6.89331,1.77418,3.99937,3426.34,0
0.322771,3508.93,6.75045,1.75842,5.1636,3316.67,0
0.324083,3508.98,6.74855,1.78867,1.35552,3146.65,0
0.325376,3508.96,6.7737,1.85331,1.62639,3191.18,0
0.326665,3508.91,6.8176,1.83991,4.39579,3346.18,0
0.327974,3508.89,6.77798,1.84378,5.90695,3380.04,0
0.329295,3508.94,6.80195,1.88748,1.24972,3221.12,0
0.330583,3508.92,6.76262,1.87291,3.64488,3279.14,0
0.331876,3508.94,6.7176,1.88732,2.8163,3192.3,0
0.333194,3508.89,6.93431,1.85828,1.18906,3324.62,0
0.334484,3508.89,6.89743,1.78317,2.44442,3311.63,0
0.335793,3508.88,6.85608,1.79738,4.03031,3332.27,0
0.337088,3508.84,6.83405,1.79963,6.58603,3427.96,0
0.338388,3508.87,6.85215,1.76097,4.2781,3352.07,0
0.339701,3508.9,6.84538,1.81396,1.02242,3224.41,0
0.34101,3508.85,6.88965,1.82522,3.71812,3369.52,0
0.342306,3508.85,6.90198,1.8138,3.72027,3372.86,0
0.343597,3508.82,6.9383,1.84647,4.4496,3441.03,0
0.344921,3508.82,7.0272,1.86319,1.56901,3409.25,0
0.346206,3508.81,7.03395,1.81718,2.26559,3422.84,0
0.347508,3508.85,6.99298,1.89412,0.449917,3317.65,0
0.348803,3508.83,7.04336,1.91749,0.10251,3350.61,0
0.350122,3508.78,7.05884,1.88974,3.18409,3471.83,0
0.351427,3508.84,6.98778,1.85706,1.17211,3305.79,0
0.352724,3508.79,7.00428,1.93035,3.77628,3438.42,0
0.354018,3508.79,7.08512,1.98136,1.40215,3428.49,0
0.355315,3508.77,7.05617,1.85492,3.78168,3451.54,0
0.356615,3508.77,7.05829,1.91911,3.35471,3446.67,0
0.357928,3508.81,6.97659,1.82562,3.04288,3321.11,0
0.359237,3508.81,6.96388,1.80858,3.18596,3301.38,0
0.360534,3508.76,6.95335,1.78943,6.55365,3429.02,0
0.361837,3508.76,6.9293,1.77984,6.51061,3426.29,0
0.363138,3508.75,6.94206,1.79674,5.66194,3428.81,0
0.364458,3508.77,6.9189,1.81297,4.88618,3383.69,0
0.365769,3508.79,6.93273,1.86674,2.16265,3299,0
0.367062,3508.79,6.89615,2.01365,1.9953,3289.06,0
0.368377,3508.75,6.94488,2.08036,3.08556,3389.93,0
0.369692,3508.81,6.8711,2.03631,0.98937,3219.16,0
0.370986,3508.77,6.86025,1.96355,4.23073,3305.92,0
0.372287,3508.75,6.88163,1.96307,4.78037,3354.7,0
0.373592,3508.77,6.94491,1.91101,2.07122,3288.87,0
0.374888,3508.7,7.09077,1.80096,3.8242,3457.15,0
0.37619,3508.7,7.08829,1.8007,3.72814,3458.8,0
0.377484,3508.69,7.10022,1.80245,3.53218,3457.61,0
0.378775,3508.69,7.06151,1.86844,4.06301,3451.27,0
0.3801,3508.71,7.07297,1.83265,2.46731,3386.1,0
0.381407,3508.69,7.0495,1.91901,4.04052,3437.91,0
0.382719,3508.68,7.07642,1.94233,3.58193,3449.1,0
0.384009,3508.7,7.0565,2.01012,1.87818,3378.49,0
0.385301,3508.71,7.02019,1.97499,2.17623,3341.03,0
0.386604,3508.7,7.03307,2.03308,2.0112,3352.51,0
0.387902,3508.68,7.06369,2.05057,2.45945,3391.32,0
0.389196,3508.63,7.02561,2.01101,7.40146,3532.92,0
0.390506,3508.64,7.05468,1.98658,5.20229,3490.47,0
0.391824,3508.63,7.01091,1.95767,6.68567,3500.28,0
0.393128,3508.61,6.99896,1.97024,7.01569,3528.55,0
0.394437,3508.59,7.03307,1.99899,6.82093,3571.94,0
0.395732,3508.62,7.03846,1.93601,4.85106,3494.82,0
0.397021,3508.6,7.03824,1.93458,5.57726,3528.65,0
0.398338,3508.6,7.04654,1.91545,5.01843,3522.98,0
0.399626,3508.61,7.08832,1.91151,2.58917,3468.36,0
0.400927,3508.65,7.07009,1.84896,1.03642,3374.39,0
0.402216,3508.6,7.06339,1.82546,4.87491,3488.18,0
0.403517,3508.63,7.0865,1.85824,1.72563,3401.11,0
0.404822,3508.59,7.04081,1.88443,4.88218,3473.44,0
0.406137,3508.58,7.02007,1.87647,5.70494,3497.17,0
0.407448,3508.53,6.99517,1.85122,8.89516,3606.34,0
0.408743,3508.57,6.99577,1.86014,4.92801,3496.39,0
0.410052,3508.6,6.95876,1.82028,3.90589,3412.13,0
0.411356,3508.63,6.91701,1.85637,2.51496,3334.19,0
0.412654,3508.67,6.9115,1.77214,0.18385,3222.91,0
0.413939,3508.66,6.81798,1.86728,2.70948,3242.75,0
0.415269,3508.63,6.81243,1.85511,4.82073,3308,0
0.416553,3508.61,6.83672,1.83829,4.77848,3330.37,0
0.417858,3508.63,6.83847,1.85541,2.84722,3269.22,0
0.419154,3508.64,6.80171,1.876,3.26325,3252.27,0
0.420451,3508.6,6.81753,1.85604,5.11681,3319.67,0
0.421761,3508.6,6.78689,1.85277,5.82281,3316.21,0
0.423061,3508.63,6.77515,1.8747,3.60679,3244.8,0
0.424362,3508.64,6.73229,1.89941,3.4011,3201.68,0
0.425663,3508.58,6.81058,1.93533,5.4687,3331.24,0
0.426969,3508.57,6.82065,1.96353,5.40753,3352.74,0
0.428272,3508.58,6.83971,1.90717,4.4838,3323.9,0
0.429589,3508.59,6.77686,1.92203,4.44852,3274.38,0
0.43088,3508.58,6.75123,1.91722,5.15802,3287.36,0
0.432186,3508.57,6.89022,1.94009,2.03646,3301.46,0
0.433476,3508.59,6.84636,1.87631,2.25919,3251.14,0
0.434783,3508.58,6.91234,1.69685,2.21722,3257.28,0
0.436093,3508.57,6.97882,1.65117,1.31845,3271.94,0
0.437396,3508.53,7.09591,1.69044,1.05276,3358.22,0
0.438707,3508.55,7.0347,1.59692,1.57024,3302.23,0
0.440019,3508.55,7.03284,1.54945,1.80204,3292.53,0
0.441331,3508.58,6.99067,1.54109,1.10925,3226.22,0
0.442635,3508.54,6.92324,1.58083,4.78971,3290.75,0
0.443904,3508.51,6.91733,1.58151,6.46584,3352.13,0
0.445198,3508.56,6.9172,1.66072,2.11362,3227.31,0
0.446526,3508.53,6.92512,1.6048,4.64744,3296.71,0
0.447833,3508.55,6.97345,1.6576,1.11053,3235.82,0
0.449136,3508.5,7.06434,1.62922,2.62258,3341.58,0
0.450412,3508.55,6.91969,1.73792,2.02096,3223.63,0
0.451722,3508.59,6.8248,1.75717,1.07921,3118.99,0
0.453016,3508.48,6.87398,1.83889,7.19888,3357.96,0
0.454319,3508.5,6.95282,1.83645,3.05298,3299.38,0
0.455635,3508.51,6.90078,1.86192,3.52983,3275.98,0
0.456924,3508.49,6.91164,1.88343,4.50582,3314.65,0
0.458231,3508.51,6.92856,1.89131,2.25511,3258.02,0
0.459529,3508.48,6.94939,1.92178,3.15568,3299.9,0
0.460858,3508.5,7.02879,1.87032,0.233106,3256.55,0
0.462161,3508.47,7.0219,1.91162,1.94813,3300.87,0
0.463462,3508.45,7.03876,1.9117,3.05047,3340.1,0
0.464739,3508.46,7.11521,1.89283,0.28024,3304.15,0
0.466029,3508.41,7.03795,1.86624,6.28798,3415.02,0
0.467322,3508.47,6.99896,1.86896,2.19682,3263.28,0
0.468621,3508.49,6.95065,1.86486,2.19855,3219.09,0
0.469932,3508.48,6.95506,1.87183,2.68531,3234.2,0
0.471228,3508.45,7.03638,1.92254,2.74915,3299.07,0
0.472525,3508.41,7.05501,1.91649,4.67363,3365.41,0
0.47382,3508.41,7.04896,1.95841,4.49667,3358.42,0
0.475141,3508.43,7.01025,1.98939,3.09089,3294.84,0
0.476442,3508.47,6.94453,2.11339,0.837726,3202.06,0
0.477728,3508.5,6.84998,2.06021,2.02878,3149.89,0
0.479017,3508.44,6.91314,2.05077,4.60024,3261.04,0
0.480318,3508.42,6.94451,2.01157,5.16041,3287.54,0
0.481614,3508.44,6.99566,1.99724,2.77689,3247.08,0
0.482922,3508.4,6.97851,2.01321,5.01313,3306.22,0
0.484227,3508.38,6.97968,2.03397,5.67648,3339.26,0
0.485516,3508.35,6.96683,2.03926,7.11649,3389.56,0
0.486819,3508.34,6.94683,2.04768,7.0603,3411.87,0
0.488122,3508.35,6.93441,2.08619,5.84377,3388.24,0
0.489418,3508.31,6.92902,2.09327,7.26959,3455.05,0
0.490725,3508.29,6.91175,2.05752,8.14063,3494.28,0
0.492012,3508.29,6.91758,2.05282,6.5618,3479.06,0
0.493341,3508.3,6.89766,2.07943,5.71441,3445.62,0
0.494627,3508.29,6.91888,2.0496,5.29985,3448.39,0
0.495931,3508.3,6.926,2.06491,4.24862,3426.53,0
0.497242,3508.3,6.90381,2.0522,4.84522,3427.43,0
0.498546,3508.26,6.91551,2.06926,6.20575,3481.4,0
0.499869,3508.27,6.90312,2.10637,5.42858,3461.05,0
0.501164,3508.25,6.90895,2.10214,6.42449,3492.13,0
0.50247,3508.24,6.92539,2.10893,5.8904,3498.09,0
0.503758,3508.27,6.9103,2.15458,3.90953,3441.89,0
0.505064,3508.27,6.88639,2.11249,4.41506,3425.07,0
0.506357,3508.27,6.91113,2.06876,3.91336,3420.27,0
0.507673,3508.26,6.89502,2.07215,4.78994,3428.31,0
0.508975,3508.27,6.93395,2.1377,2.64375,3406.38,0
0.510287,3508.26,6.95034,2.11597,2.38382,3407.95,0
0.511577,3508.3,6.86229,2.12535,1.79759,3325.49,0
0.512884,3508.27,6.83307,2.12451,4.14085,3363.64,0
0.514189,3508.24,6.8868,2.13296,5.0985,3421.74,0
0.515475,3508.24,6.92811,2.14518,3.60241,3413.29,0
0.51678,3508.24,7.0072,2.1792,1.41835,3410.7,0
0.518062,3508.2,7.04761,2.14467,2.85841,3466.85,0
0.519384,3508.18,7.05331,2.11491,4.25202,3494.72,0
0.520685,3508.17,7.0265,2.06872,5.8511,3507.69,0
0.521986,3508.16,7.02137,2.04573,6.20666,3531.88,0
0.523281,3508.14,7.03828,2.07276,5.85105,3550.17,0
0.524595,3508.13,7.06017,2.06279,5.63925,3558.7,0
0.525896,3508.13,7.00531,2.05152,7.21095,3562.47,0
0.527214,3508.11,7.04755,2.00348,6.93995,3590.19,0
0.528508,3508.13,7.04362,1.98755,4.90156,3544.13,0
0.529801,3508.13,7.00204,1.98313,5.2231,3535.34,0
0.531087,3508.19,6.98729,1.89916,1.10114,3400.48,0
0.532401,3508.21,6.93926,1.95107,0.623606,3358.19,0
0.533688,3508.19,6.9389,1.88332,2.78225,3395.75,0
0.534979,3508.17,6.91377,1.96301,4.37821,3426.07,0
0.536276,3508.17,6.9041,2.00059,3.55627,3406.75,0
0.537571,3508.16,6.86598,1.98414,5.3972,3426.69,0
0.538852,3508.16,6.92991,2.07855,2.85397,3420.65,0
0.540155,3508.12,6.93557,2.02453,5.80333,3487.13,0
0.541446,3508.11,6.94294,2.05031,5.25135,3489.31,0
0.542735,3508.09,7.00791,2.02196,4.69665,3511.43,0
0.54403,3508.12,7.02909,2.04583,1.4603,3448.77,0
0.545338,3508.07,6.99032,2.01925,6.33047,3533.23,0
0.546634,3508.07,6.96371,2.00457,6.68025,3530.19,0
0.547932,3508.09,6.94581,2.02429,4.9367,3491.66,0
0.549243,3508.11,6.89251,1.99582,4.36317,3444.05,0
0.550563,3508.13,6.86109,1.95222,3.52587,3394.41,0
0.551859,3508.13,6.8968,1.95936,2.77135,3393.77,0
0.553155,3508.15,6.89723,1.91147,1.11393,3338.98,0
0.554454,3508.12,6.84871,2.02135,4.16913,3394.73,0
0.555755,3508.12,6.88598,2.0017,3.07247,3386.27,0
0.55706,3508.15,6.84787,1.9695,1.56353,3312.97,0
0.558345,3508.18,6.79573,1.91222,1.61774,3266.84,0
0.559668,3508.2,6.7351,1.82462,1.73493,3210.25,0
0.56098,3508.16,6.76747,1.70924,4.51841,3273.69,0
0.562279,3508.22,6.7324,1.75794,1.01215,3174.46,0
0.563591,3508.15,6.72422,1.80734,5.949,3289.01,0
0.564889,3508.17,6.72363,1.77195,4.27618,3247.85,0
0.566179,3508.13,6.75164,1.82353,5.45602,3296.68,0
0.567478,3508.11,6.73292,1.82782,6.71307,3328.95,0
0.568785,3508.1,6.74211,1.81391,6.38893,3334.51,0
0.570104,3508.09,6.75943,1.77609,6.39619,3357.32,0
0.5714,3508.09,6.74773,1.74765,6.17539,3348.58,0
0.572685,3508.1,6.73545,1.7626,5.02396,3325.76,0
0.573999,3508.15,6.71345,1.73796,0.886465,3215.69,0
0.575283,3508.16,6.69792,1.71577,0.944518,3199.84,0
0.576573,3508.08,6.74437,1.83792,4.38653,3323.31,0
0.577872,3508.11,6.77932,1.90388,0.891188,3271.62,0
0.579154,3508.09,6.85768,1.82816,1.12922,3305.88,0
0.58047,3508.06,6.90422,1.83486,1.81856,3347.91,0
0.581762,3508.04,6.88857,1.85247,3.35535,3374.14,0
0.58305,3508.02,6.90479,1.82623,4.56304,3402.57,0
0.584359,3507.99,6.94054,1.87703,4.81102,3439.86,0
0.585652,3508.05,6.84934,1.88295,2.24689,3325.24,0
0.586941,3508.01,6.83776,1.96973,4.67692,3384.93,0
0.588252,3508.07,6.80719,2.00089,0.605675,3276.94,0
0.589552,3508.06,6.77531,2.00677,2.53765,3294.99,0
0.590846,3508.07,6.78963,1.99724,1.49248,3272.05,0
0.592148,3507.99,6.80508,2.0132,6.06107,3393.68,0
0.593446,3507.98,6.77089,2.01094,7.33185,3411.35,0
0.594755,3507.93,6.75764,2.04584,9.00963,3477.57,0
0.59606,3507.91,6.77825,2.04302,8.37642,3504.22,0
0.597353,3507.89,6.78163,2.02853,8.26299,3529.18,0
0.598648,3507.87,6.81084,2.02733,7.86563,3560.89,0
0.599937,3507.84,6.79495,2.06016,8.1895,3593.69,0
0.601226,3507.85,6.75341,2.09151,7.39033,3580.96,0
0.602526,3507.87,6.74339,2.1033,5.14794,3535.71,0
0.60382,3507.86,6.77933,2.09555,5.10155,3551.92,0
0.605143,3507.87,6.8417,2.08579,1.68472,3512.66,0
0.606472,3507.85,6.89577,2.05595,2.14949,3544.92,0
0.607783,3507.82,6.96403,2.16113,1.85157,3594.19,0
0.609066,3507.78,6.95925,2.15324,4.58793,3646.55,0
0.610367,3507.76,7.00107,2.12517,4.56857,3663.51,0
0.611675,3507.76,7.0348,2.23185,2.76161,3660.66,0
0.612992,3507.72,6.99434,2.25106,6.48848,3724.56,0
0.614292,3507.73,6.9978,2.2664,4.63111,3700.09,0
0.61559,3507.69,6.98538,2.27988,6.62749,3745.75,0
0.616901,3507.66,6.95819,2.33568,7.94434,3788.74,0
0.618199,3507.67,6.99724,2.32719,5.3967,3766.84,0
0.619499,3507.7,6.95428,2.30066,4.51774,3714.15,0
0.620793,3507.66,6.93853,2.29184,7.03785,3768.2,0
0.622117,3507.73,6.92455,2.26209,1.86129,3645.38,0
0.623412,3507.76,6.85813,2.22204,1.70009,3588.15,0
0.624723,3507.74,6.91362,2.29189,1.26085,3620.41,0
0.626013,3507.7,6.89627,2.29966,4.32007,3671.21,0
0.627321,3507.71,6.86846,2.29572,4.18703,3651.65,0
0.628623,3507.73,6.84948,2.25062,3.0709,3603.39,0
0.629938,3507.75,6.84641,2.30568,1.11982,3565.68,0
0.631232,3507.74,6.78933,2.23069,4.66317,3585.25,0
0.632535,3507.72,6.76175,2.22191,6.3738,3601.95,0
0.63384,3507.73,6.76304,2.23464,5.01318,3585.81,0
0.635121,3507.74,6.76746,2.2368,3.78856,3561.52,0
0.636422,3507.71,6.77266,2.29188,5.1383,3600.03,0
0.637727,3507.69,6.82524,2.30824,4.79306,3625.69,0
0.639026,3507.75,6.742,2.28528,2.83279,3527.87,0
0.640345,3507.72,6.68482,2.29472,6.41486,3568.19,0
0.641641,3507.72,6.69985,2.30423,4.95015,3554.52,0
0.642933,3507.72,6.70257,2.24747,5.12129,3550.47,0
0.64425,3507.69,6.7368,2.18138,6.37461,3590.11,0
0.645553,3507.68,6.69567,2.14821,7.36047,3587.09,0
0.646861,3507.64,6.69552,2.16804,9.22773,3649.73,0
0.648152,3507.65,6.67255,2.15891,7.27982,3618.78,0
0.649447,3507.61,6.65268,2.17602,9.60323,3680.55,0
0.650756,3507.61,6.67326,2.17836,7.31684,3668.63,0
0.652065,3507.63,6.66387,2.16055,5.69064,3634.9,0
0.653342,3507.64,6.63082,2.17945,4.96187,3610.89,0
0.654632,3507.65,6.61955,2.25568,3.27377,3584.34,0
0.655916,3507.61,6.64238,2.22965,5.87504,3648.79,0
0.657192,3507.6,6.64223,2.26329,5.55075,3657.24,0
0.658501,3507.56,6.61656,2.22331,8.36593,3712.82,0
0.659799,3507.58,6.56854,2.24132,6.32269,3661.86,0
0.6611,3507.58,6.55024,2.19045,6.88148,3664.33,0
0.662415,3507.57,6.56203,2.17673,6.36323,3666.63,0
0.663707,3507.58,6.567,2.16082,4.9156,3647.18,0
0.664997,3507.59,6.57508,2.2024,3.01201,3620.62,0
0.666285,3507.59,6.59048,2.29909,1.54115,3613.24,0
0.667602,3507.58,6.59704,2.35759,1.93337,3630.69,0
0.668898,3507.55,6.63734,2.32529,3.20591,3666.13,0
0.670212,3507.56,6.58479,2.32952,3.65435,3639.99,0
0.671504,3507.54,6.57559,2.38485,5.1538,3670.25,0
0.672798,3507.58,6.51481,2.39576,3.11281,3597.01,0
0.674101,3507.61,6.51256,2.40369,0.748423,3546.09,0
0.675385,3507.63,6.43003,2.36863,2.20299,3516.5,0
0.676683,3507.6,6.42509,2.39495,4.3196,3551.95,0
0.677983,3507.63,6.40724,2.3612,2.49761,3500.35,0
0.679289,3507.64,6.3669,2.5063,0.642735,3468.12,0
0.68059,3507.63,6.40034,2.45865,0.924999,3476.53,0
0.681884,3507.64,6.40887,2.40004,0.468195,3454.49,0
0.683203,3507.61,6.47014,2.46315,0.775886,3501.54,0
0.68449,3507.6,6.43889,2.45324,2.41816,3512.3,0
0.685781,3507.59,6.39236,2.47316,4.18157,3521.31,0
0.687089,3507.57,6.39689,2.48587,4.36149,3530.65,0
0.688367,3507.57,6.42862,2.47661,3.54925,3532.94,0
0.689671,3507.55,6.48271,2.45529,3.22931,3547.73,0
0.690955,3507.56,6.46514,2.40069,3.43501,3528.29,0
0.692254,3507.61,6.32371,2.4297,2.89841,3447.17,0
0.693569,3507.61,6.38586,2.45221,0.654083,3439.47,0
0.694865,3507.61,6.40878,2.43546,0.761144,3445.84,0
0.696165,3507.57,6.42122,2.4226,3.03285,3487.86,0
0.697471,3507.55,6.44487,2.41904,3.87934,3511.06,0
0.698776,3507.52,6.45532,2.38645,5.74353,3543.19,0
0.700091,3507.52,6.45257,2.43324,5.10312,3536.42,0
0.701388,3507.56,6.46815,2.42818,1.30815,3475.3,0
0.702701,3507.54,6.39482,2.43358,5.06501,3503.17,0
0.703986,3507.53,6.36429,2.3834,6.58392,3510.15,0
0.705282,3507.54,6.34405,2.38264,5.52079,3488.75,0
0.706583,3507.51,6.34961,2.38256,7.25218,3524.92,0
0.707886,3507.52,6.34731,2.40556,5.38684,3505.05,0
0.709191,3507.51,6.3751,2.4128,4.59654,3508.72,0
0.710481,3507.53,6.37889,2.36824,3.55068,3478.98,0
0.711777,3507.54,6.29084,2.3794,4.88203,3454.2,0
0.713046,3507.54,6.3107,2.36303,4.14154,3449.51,0
0.714324,3507.54,6.30669,2.37223,3.79274,3440.74,0
0.715626,3507.56,6.27676,2.38985,2.54136,3403.44,0
0.716927,3507.57,6.22789,2.37385,3.12427,3386.29,0
0.71823,3507.56,6.32008,2.4021,1.16828,3399.91,0
0.719515,3507.5,6.32311,2.42019,4.92718,3468.55,0
0.720824,3507.5,6.32029,2.47958,4.24856,3463.73,0
0.722122,3507.5,6.30619,2.48377,4.90777,3467.59,0
0.723424,3507.5,6.30356,2.46346,4.23145,3449.59,0
0.724724,3507.51,6.26796,2.49094,4.58113,3439.06,0
0.72603,3507.5,6.24643,2.48756,4.86714,3436.93,0
0.727349,3507.53,6.24219,2.50451,2.26521,3394.79,0
0.728656,3507.49,6.32553,2.45105,3.49845,3441.74,0
0.729956,3507.48,6.38708,2.47862,2.63567,3458.64,0
0.731261,3507.43,6.34231,2.52385,6.619,3511.77,0
0.732547,3507.4,6.36622,2.55109,7.24117,3551.69,0
0.73385,3507.47,6.33428,2.59937,1.49176,3446.72,0
0.735147,3507.44,6.37512,2.50487,3.61815,3479.23,0
0.736455,3507.42,6.34097,2.52294,5.86077,3505.55,0
0.737767,3507.41,6.31358,2.54436,6.73567,3516.82,0
0.739084,3507.41,6.33566,2.50935,5.6985,3508.99,0
0.740385,3507.44,6.38919,2.45158,1.6922,3454.97,0
0.741666,3507.41,6.36692,2.48081,4.26999,3492.07,0
0.742968,3507.42,6.33633,2.44603,4.6079,3473.65,0
0.744272,3507.51,6.25166,2.40754,0.184836,3344.82,0
0.745592,3507.52,6.20958,2.37217,1.32179,3332.37,0
0.746896,3507.47,6.21178,2.4213,3.97869,3383.9,0
0.748205,3507.49,6.1668,2.43619,3.66345,3356.82,0
0.749504,3507.45,6.202,2.43251,5.21062,3398.26,0
0.7508,3507.45,6.20946,2.42258,4.76764,3390.77,0
0.752115,3507.44,6.2122,2.45159,5.07903,3404.94,0
0.753413,3507.46,6.27363,2.43344,1.83103,3376.98,0
0.754713,3507.42,6.2832,2.39148,4.4559,3412.86,0
0.756022,3507.42,6.3596,2.3475,2.72058,3409.58,0
0.757333,3507.43,6.39222,2.3441,1.35459,3399.05,0
0.758651,3507.43,6.33571,2.45119,1.26547,3385.24,0
0.759948,3507.44,6.34268,2.48371,0.152481,3374.6,0
0.761252,3507.38,6.33892,2.49795,4.63245,3446.26,0
0.762539,3507.35,6.35002,2.48237,6.25582,3479.46,0
0.763847,3507.34,6.3366,2.5012,6.48449,3486.48,0
0.765141,3507.31,6.33582,2.47666,8.03072,3516.36,0
0.766428,3507.32,6.30173,2.46834,7.12618,3498.15,0
0.767738,3507.31,6.32489,2.47565,6.2439,3508.63,0
0.769052,3507.3,6.28192,2.47124,7.54984,3511.42,0
0.770357,3507.3,6.31681,2.48197,5.50377,3506.08,0
0.771657,3507.31,6.31364,2.49926,4.07988,3485.97,0
0.772955,3507.33,6.3712,2.41039,1.43781,3452.17,0
0.774234,3507.3,6.29166,2.3944,6.32753,3491.71,0
0.775542,3507.3,6.34691,2.3916,4.26866,3486.18,0
0.77685,3507.3,6.33733,2.4562,3.44152,3480.35,0
0.778141,3507.27,6.32751,2.42515,5.62973,3506.62,0
0.779457,3507.25,6.39572,2.38336,5.27825,3524.83,0
0.780766,3507.29,6.35726,2.33404,3.10201,3465.54,0
0.782083,3507.26,6.39335,2.32009,4.50543,3498.34,0
0.783372,3507.26,6.40113,2.29622,4.52529,3496.03,0
0.784694,3507.25,6.34539,2.32876,6.4419,3510.89,0
0.785981,3507.22,6.36825,2.35836,6.26656,3532.33,0
0.78728,3507.22,6.34711,2.3211,7.39756,3535.81,0
0.788595,3507.2,6.33828,2.28971,8.05862,3546.7,0
0.789893,3507.15,6.39974,2.28929,9.04072,3602.17,0
0.791206,3507.18,6.40889,2.31696,4.45246,3558.12,0
0.792507,3507.2,6.40359,2.2833,2.86817,3527.47,0
0.793819,3507.2,6.40498,2.25218,3.0912,3521.51,0
0.795119,3507.24,6.42172,2.10771,1.19402,3471.28,0
0.796425,3507.23,6.39355,2.12088,2.73868,3478.91,0
0.797721,3507.21,6.4861,1.98151,2.7072,3497.19,0
0.799024,3507.26,6.39918,2.02962,0.719068,3428.2,0
0.800332,3507.22,6.4466,1.91661,3.63162,3474.56,0
0.801632,3507.27,6.41414,1.91559,0.252382,3407.43,0
0.802947,3507.2,6.45216,1.93822,3.9982,3482.28,0
0.804261,3507.15,6.46974,1.91744,7.33388,3547.79,0
0.805546,3507.14,6.43356,1.92738,7.53097,3545.97,0
0.806838,3507.11,6.45325,1.91282,8.52985,3585.44,0
0.808104,3507.15,6.46559,1.89425,4.04342,3524.34,0
0.809401,3507.15,6.48315,1.89292,3.26131,3518.73,0
0.810693,3507.15,6.44417,1.96939,3.54981,3510.6,0
0.811981,3507.17,6.41246,1.97181,3.10403,3487.32,0
0.813292,3507.18,6.40607,1.93372,2.92845,3470.58,0
0.814594,3507.16,6.3698,1.98097,4.50451,3480.46,0
0.815898,3507.13,6.33181,1.96315,8.10308,3516.62,0
0.817204,3507.14,6.3683,1.95253,5.94389,3505.8,0
0.818502,3507.11,6.37278,2.01583,6.06171,3526.86,0
0.819813,3507.11,6.36812,2.00229,5.68543,3524.6,0
0.821137,3507.12,6.37418,1.9872,4.64689,3509.16,0
0.822467,3507.16,6.34462,1.92407,2.78882,3456.81,0
0.823765,3507.15,6.26833,1.91613,5.32819,3454.42,0
0.825081,3507.15,6.27156,1.95728,4.64865,3454.21,0
0.826377,3507.15,6.26084,1.94821,4.90928,3449.63,0
0.827682,3507.16,6.23989,1.93629,4.24205,3431.16,0
0.829003,3507.16,6.23337,1.9156,4.13449,3421.49,0
0.830313,3507.24,6.16556,1.88323,0.454989,3328.84,0
0.831629,3507.16,6.12286,1.87942,7.79027,3414.28,0
0.832908,3507.15,6.12329,1.87438,7.76715,3423.81,0
0.834218,3507.18,6.13145,1.89097,3.6966,3378.21,0
0.835546,3507.21,6.07994,1.96191,2.34493,3341.66,0
0.836844,3507.18,6.0733,2.03011,3.59503,3363.94,0
0.838154,3507.18,6.08916,1.98405,4.05467,3366.46,0
0.839431,3507.18,6.05898,2.0141,4.51278,3362.74,0
0.840731,3507.16,6.04337,1.9974,6.29108,3379.85,0
0.842052,3507.19,6.04519,2.00164,2.80185,3333.87,0
0.843375,3507.19,6.00702,1.98625,4.4396,3336.19,0
0.844667,3507.21,6.0571,1.96286,0.948771,3302.68,0
0.845982,3507.18,6.03978,1.94054,4.03726,3333.1,0
0.847287,3507.17,6.05207,1.9462,4.04906,3338.65,0
0.848596,3507.13,6.07041,1.95345,6.3448,3382.61,0
0.849911,3507.11,6.12921,1.909,5.92887,3401.97,0
0.851215,3507.11,6.0973,1.92322,5.71624,3390.14,0
0.852517,3507.12,6.11314,1.92204,3.60512,3372.78,0
0.853822,3507.11,6.0588,1.90623,6.39448,3389.41,0
0.85513,3507.15,6.06054,1.8957,2.75287,3337.56,0
0.856433,3507.12,6.08381,1.93521,3.62985,3361.02,0
0.85774,3507.13,6.13182,1.85024,2.5494,3351.39,0
0.859036,3507.13,6.1008,1.86501,2.49642,3335.55,0
0.860342,3507.14,6.09379,1.8691,1.82794,3320.42,0
0.861651,3507.11,6.0638,1.8675,5.28558,3353.26,0
0.862956,3507.13,6.0716,1.95776,2.57172,3330.08,0
0.864243,3507.09,6.06646,2.02361,4.71867,3363.47,0
0.865539,3507.07,6.09649,1.99778,5.00857,3380.98,0
0.866834,3507.1,6.09583,2.03854,2.3531,3350.12,0
0.868129,3507.08,6.05134,2.10765,3.91378,3358.45,0
0.869425,3507.05,6.09711,2.0852,5.44317,3392.77,0
0.870711,3507.02,6.10938,2.09906,6.56035,3417.47,0
0.872027,3507.02,6.10016,2.10405,6.51447,3415.31,0
0.873345,3507.03,6.09955,2.08497,5.32299,3401.5,0
0.874651,3507.05,6.20334,1.9996,0.818585,3368.45,0
0.875952,3507.06,6.13371,1.88795,3.93605,3361.04,0
0.877249,3507.04,6.1442,1.86878,5.0835,3377.87,0
0.878573,3507.05,6.14223,1.84287,3.9726,3358.72,0
0.879871,3507,6.16097,1.84541,7.19558,3414.81,0
0.881173,3506.98,6.17305,1.84362,6.51954,3422.83,0
0.882464,3506.97,6.16961,1.83861,6.70788,3429.88,0
0.883761,3506.97,6.16962,1.83428,6.26011,3432.98,0
0.885059,3506.91,6.17499,1.81121,9.60692,3494.75,0
0.886358,3506.91,6.14674,1.81316,8.74309,3488.27,0
0.887661,3506.91,6.13704,1.83926,7.5237,3484.85,0
0.888991,3506.92,6.15152,1.82604,5.31292,3466.34,0
0.890289,3506.92,6.15769,1.82209,5.05938,3463.87,0
0.891585,3506.91,6.13819,1.80293,6.20511,3471.31,0
0.892878,3506.95,6.11652,1.80701,2.73726,3415.23,0
0.894169,3506.91,6.20665,1.75181,3.92948,3459.15,0
0.89548,3506.87,6.2241,1.76249,6.17037,3498.71,0
0.896776,3506.86,6.21214,1.73278,7.08305,3506.1,0
0.898091,3506.87,6.22024,1.73106,4.58781,3480.61,0
0.899378,3506.89,6.19004,1.64042,4.98956,3459.96,0
0.90066,3506.88,6.26706,1.65379,2.42599,3460.2,0
0.901949,3506.9,6.20586,1.61507,3.30169,3436.74,0
0.903239,3506.88,6.16175,1.60852,6.64474,3459.71,0
0.90457,3506.85,6.19181,1.59479,7.27442,3486.54,0
0.90588,3506.9,6.25886,1.53392,0.504221,3421.54,0
0.907168,3506.91,6.23149,1.46726,0.860374,3403.08,0
0.908453,3506.9,6.20471,1.34332,3.62212,3412.46,0
0.909744,3506.91,6.20377,1.21419,3.51465,3396.28,0
0.911056,3506.91,6.24657,1.14312,2.69763,3394.61,0
0.912348,3506.89,6.26705,1.19445,3.12054,3410,0
0.913663,3506.91,6.23408,1.15116,2.54078,3383.42,0
0.914958,3506.89,6.2174,1.22433,3.79901,3395.38,0
0.916269,3506.93,6.16924,1.1707,2.83344,3354.72,0
0.917574,3506.99,6.06969,1.04709,1.45616,3281.73,0
0.918874,3506.95,6.20151,0.968597,0.370821,3315.34,0
0.920178,3506.95,6.13668,0.962288,2.82606,3315.07,0
0.921486,3506.96,6.11645,0.882545,3.12122,3301.23,0
0.922781,3506.93,6.13865,0.885428,4.76108,3328.91,0
0.924088,3506.87,6.17917,0.869986,7.83649,3387.29,0
0.925392,3506.9,6.16521,0.819116,5.49888,3348.98,0
0.92668,3506.93,6.14828,0.758701,3.51163,3311.08,0
0.927982,3506.91,6.12967,0.728847,5.63655,3329.39,0
0.929296,3506.89,6.07941,0.731274,7.90176,3346.07,0
0.930589,3506.87,6.07424,0.73369,8.7083,3358.82,0
0.931896,3506.88,6.08239,0.751232,6.43854,3347.41,0
0.933206,3506.85,6.08603,0.760044,7.87743,3375.4,0
0.9345,3506.87,6.11955,0.746767,4.15986,3345.61,0
0.935809,3506.84,6.09828,0.743436,7.23633,3377.26,0
0.937104,3506.82,6.12483,0.766033,6.8947,3395.09,0
0.938417,3506.81,6.09248,0.802102,7.38871,3397.71,0
0.939716,3506.82,6.07792,0.786432,6.73877,3385.16,0
0.941011,3506.8,6.07375,0.78567,7.59416,3401.57,0
0.942323,3506.79,6.07506,0.770618,6.80355,3402.11,0
0.943609,3506.77,6.08223,0.776311,7.71156,3427.01,0
0.944886,3506.78,6.0766,0.782471,6.09633,3408.74,0
0.946195,3506.75,6.07765,0.785854,7.4406,3432.52,0
0.947478,3506.74,6.0842,0.792174,6.95876,3438.12,0
0.948779,3506.79,6.08922,0.668522,2.84892,3384.95,0
0.950065,3506.83,5.99525,0.727412,2.52151,3340.54,0
0.951362,3506.78,5.94058,0.71227,8.14317,3389.23,0
0.952681,3506.76,5.9464,0.703177,7.69118,3400.86,0
0.953969,3506.74,5.90229,0.714167,8.38781,3413.35,0
0.955274,3506.71,5.89368,0.750425,9.79423,3446.86,0
0.956592,3506.68,5.92538,0.76968,8.60137,3467.53,0
0.957875,3506.69,5.95353,0.758572,6.48239,3460.11,0
0.959158,3506.64,5.94358,0.746174,9.47076,3505.59,0
0.960443,3506.62,5.93828,0.745365,9.51354,3518.16,0
0.961738,3506.62,5.91176,0.740768,8.7721,3514.27,0
0.963027,3506.59,5.90227,0.774118,9.75311,3542.18,0
0.964339,3506.59,5.89138,0.743026,8.47739,3533.28,0
0.965638,3506.58,5.88473,0.733345,8.91647,3542.8,0
0.966939,3506.59,5.87749,0.708171,6.56214,3523.24,0
0.968254,3506.61,5.90156,0.727907,3.49719,3502.24,0
0.969551,3506.59,5.8983,0.750631,5.22898,3520.83,0
0.970846,3506.62,5.82254,0.754254,4.95599,3484.5,0
0.972131,3506.63,5.84773,0.746814,2.43346,3465.69,0
0.973426,3506.58,6.0266,0.69449,0.378896,3508.41,0
0.974736,3506.52,6.05368,0.764509,4.98587,3573.25,0
0.976039,3506.48,6.12547,0.777833,5.0216,3602.72,0
0.977335,3506.49,6.1083,0.785288,4.65259,3589.74,0
0.978626,3506.47,6.10081,0.819391,6.50061,3609.25,0
0.979926,3506.47,6.09828,0.802025,5.5317,3598.52,0
0.981235,3506.45,6.03952,0.757123,9.32885,3619.13,0
0.982545,3506.5,6.0559,0.744149,3.35536,3561.96,0
0.983843,3506.53,6.02498,0.722774,1.49452,3523.22,0
0.985132,3506.49,5.99616,0.731913,5.713,3559.48,0
0.986428,3506.49,6.01336,0.692686,4.89853,3555.5,0
0.98774,3506.54,5.94069,0.675392,2.7187,3498.09,0
0.989046,3506.56,5.8382,0.680861,4.78792,3476.79,0
0.990356,3506.56,5.8386,0.650599,4.1788,3469.77,0
0.991664,3506.55,5.83787,0.649095,4.77459,3479.44,0
0.992959,3506.55,5.81809,0.62122,4.58502,3472.66,0
0.994256,3506.54,5.80442,0.59204,6.2916,3483.77,0
0.995562,3506.52,5.77809,0.599154,7.44856,3492.13,0
0.996853,3506.51,5.75215,0.616057,8.10374,3498.13,0
0.998159,3506.53,5.79796,0.632384,4.00928,3477.52,0
0.999456,3506.51,5.79357,0.771543,4.91515,3489.35,0
1.00074,3506.54,5.8247,0.843719,0.495236,3455.19,0
1.00206,3506.55,5.78865,0.829962,1.19939,3444.35,0
1.00336,3506.54,5.71807,0.913517,3.61619,3445,0
1.00466,3506.51,5.73053,0.908221,5.70351,3470.17,0
1.00598,3506.51,5.76077,0.894547,4.4655,3467.07,0
1.00729,3506.55,5.72169,0.93545,1.60978,3420.13,0
1.0086,3506.52,5.72977,0.979896,4.50826,3454.51,0
1.0099,3506.49,5.75308,0.981544,5.16039,3470.66,0
1.0112,3506.53,5.78173,0.976629,0.611397,3430.81,0
1.0125,3506.48,5.7447,1.00002,6.34736,3479.39,0
1.01379,3506.5,5.79216,0.990711,2.16623,3450.27,0
1.0151,3506.46,5.84245,1.02151,3.52948,3483.36,0
1.01641,3506.45,5.83891,1.00158,4.7009,3493.25,0
1.01769,3506.44,5.82878,0.95601,5.97731,3500.24,0
1.01899,3506.42,5.79187,0.943342,7.9408,3514.86,0
1.02029,3506.44,5.81979,0.948232,4.49598,3490.54,0
1.02158,3506.44,5.83601,0.992484,3.24126,3482.85,0
1.02289,3506.4,5.87094,0.968317,5.53976,3516.92,0
1.02421,3506.36,5.87432,0.949796,8.40003,3552,0
1.0255,3506.35,5.87938,0.946331,8.16793,3562.42,0
1.02677,3506.34,5.8648,0.932546,8.16412,3565.08,0
1.0281,3506.36,5.86239,0.951339,6.01962,3545.32,0
1.02942,3506.37,5.84976,0.975081,4.89418,3528.74,0
1.03072,3506.36,5.8786,0.920353,4.15812,3530.27,0
1.03203,3506.38,5.8754,0.978473,2.31368,3509.36,0
1.03331,3506.33,5.89558,0.976484,5.71148,3551.36,0
1.03461,3506.32,5.9014,0.955264,5.59501,3555.77,0
1.03593,3506.37,5.84047,0.987624,3.16661,3506.03,0
1.03722,3506.37,5.861,1.03856,1.97299,3501.2,0
1.03853,3506.36,5.81363,1.01791,4.69293,3508.23,0
1.03984,3506.37,5.78892,0.96421,4.6154,3491.91,0
1.04115,3506.32,5.78781,0.951743,8.81879,3539.1,0
1.04247,3506.36,5.77495,0.965202,4.19175,3493.86,0
1.04376,3506.35,5.72917,0.96035,6.05874,3494.52,0
1.04505,3506.34,5.74231,0.997221,5.90592,3501.28,0
1.04635,3506.38,5.72475,0.998311,2.50199,3459.36,0
1.04764,3506.36,5.69945,0.962885,5.07639,3471.47,0
1.04893,3506.36,5.73329,0.978015,3.7881,3472.26,0
1.05023,3506.36,5.68848,1.03947,4.78529,3469.97,0
1.05153,3506.31,5.66932,1.03991,8.43411,3511.99,0
1.05284,3506.32,5.65104,1.01337,7.07097,3496.68,0
1.05417,3506.29,5.64453,0.97763,9.06662,3517.53,0
1.05547,3506.32,5.66733,0.938494,4.86173,3487.14,0
1.0568,3506.33,5.63645,0.901131,5.08919,3475.78,0
1.0581,3506.32,5.64029,0.866737,5.75318,3480.73,0
1.05941,3506.33,5.65612,0.861507,3.72969,3466.85,0
1.06071,3506.37,5.56389,0.853539,3.01902,3421.19,0
1.06203,3506.35,5.5274,0.951613,5.87487,3438.85,0
1.06334,3506.35,5.52277,0.944608,5.37584,3432.96,0
1.06464,3506.35,5.50192,0.95852,5.32155,3425.24,0
1.06595,3506.35,5.52414,0.986176,4.32882,3426.36,0
1.06725,3506.33,5.4928,0.961138,6.63131,3437.56,0
1.06857,3506.34,5.45224,0.954763,5.70944,3421.11,0
1.06987,3506.33,5.43058,0.951059,6.61398,3427.3,0
1.07116,3506.3,5.41107,0.95908,8.64153,3451.67,0
1.07244,3506.28,5.40897,0.945646,9.65281,3469.11,0
1.07375,3506.27,5.39872,0.951464,8.91038,3473.59,0
1.07507,3506.28,5.41101,0.93482,6.70756,3463.47,0
1.07638,3506.3,5.41881,0.938438,3.32538,3436.72,0
1.07771,3506.26,5.54713,0.998341,1.79141,3468.42,0
1.07902,3506.23,5.54934,0.983896,4.54594,3493.8,0
1.08033,3506.22,5.54353,0.955774,5.47934,3500.81,0
1.08164,3506.25,5.59077,0.943431,0.723131,3469.81,0
1.08295,3506.18,5.68666,0.934089,3.50135,3528.4,0
1.08425,3506.17,5.74513,0.909136,2.47445,3535.79,0
1.08555,3506.12,5.77797,0.94136,4.87088,3572.41,0
1.08685,3506.12,5.73407,0.940774,6.52841,3573.82,0
1.08817,3506.17,5.74153,0.991298,0.239777,3520.8,0
1.08948,3506.1,5.80983,1.02502,3.82707,3581.31,0
1.09076,3506.08,5.78259,1.08447,5.53163,3590.43,0
1.09207,3506.09,5.78883,1.03441,4.97919,3583.63,0
1.09337,3506.06,5.7942,1.02394,7.08173,3607.64,0
1.09467,3506.06,5.76175,1.01993,6.95516,3600.95,0
1.09595,3506.04,5.78056,1.07571,6.40107,3611.82,0
1.09726,3506.09,5.79416,1.13991,0.172506,3561.92,0
1.09856,3506.03,5.77362,1.11254,6.91994,3615.3,0
1.09986,3506.03,5.7865,1.11251,5.38638,3609.73,0
1.10115,3506,5.81638,1.15649,6.27776,3631.51,0
1.10247,3505.98,5.81467,1.16636,7.27648,3647.89,0
1.10377,3505.96,5.86886,1.20665,5.78854,3662.75,0
1.10506,3505.98,5.8186,1.20071,5.00877,3639.91,0
1.10636,3505.97,5.7907,1.20608,6.30232,3644.41,0
1.10766,3505.95,5.77921,1.17239,8.17564,3659.31,0
1.10899,3505.97,5.8315,1.17109,3.05408,3633.1,0
1.11028,3505.93,5.78618,1.15494,8.45832,3670.22,0
1.11157,3505.93,5.8092,1.13979,6.32782,3662.85,0
1.11287,3505.9,5.81414,1.15379,7.344,3681.88,0
1.11417,3505.92,5.80539,1.16668,5.37272,3662.91,0
1.11548,3505.9,5.80385,1.18216,6.67278,3679.58,0
1.11679,3505.94,5.805,1.17117,2.33493,3638.43,0
1.11808,3505.95,5.75111,1.13774,3.6722,3626.28,0
1.11938,3505.91,5.7984,1.17647,4.83459,3656.74,0
1.1207,3505.91,5.88498,1.13105,1.15983,3649.37,0
1.12201,3505.85,5.91036,1.02916,6.0088,3694.82,0
1.12331,3505.86,5.9689,1.11153,1.73378,3682.01,0
1.12462,3505.81,6.04288,1.17719,3.32917,3728.39,0
1.12592,3505.78,6.07249,1.23816,4.17666,3749.15,0
1.12722,3505.74,6.1034,1.23489,5.80395,3775.29,0
1.12851,3505.78,6.08119,1.21585,3.42349,3742.93,0
1.12981,3505.77,6.1076,1.22626,3.03962,3747.43,0
1.13113,3505.77,6.12549,1.1951,2.41995,3743.73,0
1.13243,3505.78,6.05741,1.30747,2.48815,3723.38,0
1.13374,3505.8,5.98581,1.34148,3.8762,3707.87,0
1.13505,3505.82,6.00692,1.25578,1.62316,3685.04,0
1.13635,3505.81,5.95055,1.36593,3.51276,3687.12,0
1.13766,3505.83,5.95126,1.32326,1.45406,3661.06,0
1.13896,3505.84,5.93067,1.32975,1.70756,3652.53,0
1.14025,3505.79,6.01959,1.44481,1.66653,3693.63,0
1.14154,3505.82,5.91477,1.4686,2.49745,3660.54,0
1.14286,3505.77,5.90652,1.52332,6.7528,3703.05,0
1.14417,3505.77,5.88628,1.52886,6.21775,3693.45,0
1.14547,3505.76,5.9233,1.52785,4.74107,3697.65,0
1.14678,3505.78,5.93205,1.52614,2.45496,3676.45,0
1.14808,3505.8,5.90376,1.55884,1.45285,3656.45,0
1.1494,3505.84,5.7835,1.64138,1.7173,3618.48,0
1.15069,3505.82,5.77179,1.7212,2.80632,3629.43,0
1.15197,3505.87,5.69323,1.63016,2.12854,3582.22,0
1.15326,3505.87,5.73852,1.6581,0.386042,3582.68,0
1.15456,3505.83,5.7216,1.67713,3.82352,3607.87,0
1.15586,3505.83,5.70713,1.65139,4.44541,3604.5,0
1.15716,3505.86,5.68555,1.67954,2.27397,3577.04,0
1.15846,3505.82,5.71487,1.71736,4.31174,3607.63,0
1.15976,3505.76,5.70965,1.69826,9.78515,3659.75,0
1.16104,3505.77,5.71023,1.67973,6.48244,3639.29,0
1.16232,3505.74,5.73601,1.67896,8.06041,3665.15,0
1.16362,3505.74,5.70343,1.71791,7.48111,3659.15,0
1.16493,3505.73,5.71158,1.70387,7.84344,3669.6,0
1.16622,3505.75,5.67695,1.70401,5.8862,3643.95,0
1.16751,3505.75,5.69303,1.70187,5.28811,3643.57,0
1.1688,3505.75,5.69166,1.75558,3.7117,3632.79,0
1.17011,3505.74,5.67422,1.74607,5.54176,3639.49,0
1.17141,3505.72,5.65932,1.71954,7.45384,3650.62,0
1.17272,3505.74,5.70361,1.6915,3.9214,3633.41,0
1.17402,3505.77,5.6744,1.62742,2.68246,3602.2,0
1.17533,3505.73,5.7013,1.68123,4.8722,3634.24,0
1.17665,3505.72,5.77531,1.67679,1.87315,3634.92,0
1.17794,3505.66,5.72196,1.6831,9.94536,3688.5,0
1.17925,3505.65,5.68239,1.67923,9.80452,3687.61,0
1.18055,3505.65,5.67896,1.64981,8.90946,3688.04,0
1.18184,3505.62,5.65934,1.62893,10.5954,3707.55,0
1.18312,3505.6,5.66894,1.65756,9.84455,3721.9,0
1.18444,3505.54,5.68797,1.69132,1.77561,3768,0
1.18574,3505.55,5.6878,1.60339,1.65519,3754.39,0
1.18704,3505.55,5.66541,1.61911,1.86772,3746.67,0
1.18838,3505.54,5.66995,1.54405,3.51352,3751.55,0
1.18967,3505.55,5.72057,1.42145,1.93234,3741.71,0
1.19097,3505.52,5.67227,1.46334,5.82233,3757.96,0
1.19229,3505.55,5.67735,1.449,2.63717,3729.08,0
1.19359,3505.59,5.66402,1.39862,0.501509,3698.64,0
1.1949,3505.54,5.72798,1.38421,2.42674,3734.09,0
1.1962,3505.52,5.6798,1.35721,6.5528,3748.39,0
1.1975,3505.51,5.64561,1.30991,8.29806,3750.95,0
1.19878,3505.48,5.66994,1.33531,8.03705,3769.44,0
1.20007,3505.49,5.63861,1.34344,7.78844,3761.33,0
1.20139,3505.5,5.6533,1.35101,5.05945,3747.17,0
1.20271,3505.51,5.72844,1.33213,0.605905,3734.07,0
1.20401,3505.54,5.68412,1.20213,0.919729,3705.99,0
1.20532,3505.48,5.68613,1.26692,5.4347,3747.13,0
1.2066,3505.46,5.7094,1.30165,5.85705,3761.22,0
1.20791,3505.45,5.66618,1.29647,7.91041,3765.14,0
1.2092,3505.43,5.63111,1.30602,10.1506,3781.15,0
1.21051,3505.42,5.63757,1.30727,7.8764,3779.92,0
1.21181,3505.46,5.64462,1.37367,2.86807,3748.6,0
1.21309,3505.42,5.60452,1.35688,7.70998,3773.73,0
1.21441,3505.42,5.60346,1.37866,6.3344,3767.35,0
1.21569,3505.46,5.61503,1.33809,2.68741,3737.95,0
1.217,3505.42,5.60007,1.33022,6.56466,3764.59,0
1.21831,3505.43,5.59562,1.30568,4.91874,3749.39,0
1.21961,3505.44,5.58968,1.32058,3.46029,3735.16,0
1.22092,3505.39,5.57897,1.31846,8.26306,3777.35,0
1.22223,3505.37,5.58501,1.32114,8.62419,3790.75,0
1.22355,3505.4,5.5793,1.35365,4.39136,3757.88,0
1.22486,3505.4,5.57092,1.36002,4.5548,3755.7,0
1.22617,3505.34,5.6064,1.35994,8.25289,3796.4,0
1.22747,3505.37,5.57265,1.35132,6.42821,3772.28,0
1.22875,3505.41,5.58153,1.30694,2.5997,3739.14,0
1.23005,3505.38,5.6019,1.28848,4.39907,3756.43,0
1.23133,3505.37,5.57775,1.29252,6.55786,3763.22,0
1.23265,3505.4,5.59569,1.31567,1.85392,3732.12,0
1.23397,3505.38,5.57757,1.34801,4.20463,3744.42,0
1.23527,3505.35,5.69955,1.30532,2.30828,3767.12,0
1.23658,3505.35,5.70828,1.28577,1.22178,3759.82,0
1.23788,3505.34,5.74839,1.28266,0.370736,3765.52,0
1.23919,3505.29,5.71305,1.31787,6.07043,3798.2,0
1.24048,3505.3,5.70063,1.36281,5.14834,3789.1,0
1.24177,3505.28,5.72075,1.35553,5.67813,3798.65,0
1.24308,3505.25,5.7036,1.30929,8.7039,3818.96,0
1.24437,3505.25,5.69814,1.31784,7.40883,3818.86,0
1.24567,3505.27,5.67459,1.31233,5.4642,3800.06,0
1.24696,3505.28,5.6756,1.26031,4.18819,3787.73,0
1.24825,3505.25,5.66901,1.24528,6.52575,3804.58,0
1.24952,3505.23,5.62462,1.22712,9.31714,3815.97,0
1.25083,3505.2,5.59175,1.23446,10.9584,3836.46,0
1.25215,3505.14,5.62626,1.24766,2.87428,3881.87,0
1.25347,3505.11,5.64769,1.31023,4.23345,3903.46,0
1.25476,3505.12,5.67831,1.2873,1.49462,3887.85,0
1.25606,3505.1,5.67868,1.29811,3.69449,3903.29,0
1.25735,3505.16,5.57131,1.25157,2.39745,3846.02,0
1.25866,3505.12,5.5536,1.25187,7.59666,3878.07,0
1.25996,3505.06,5.50826,1.23365,2.97037,3924.71,0
1.26128,3505.01,5.57865,1.2348,4.09294,3956.67,0
1.26257,3505.01,5.58335,1.24139,3.22032,3950.13,0
1.26388,3504.99,5.60903,1.30188,3.59491,3965.09,0
1.26518,3504.98,5.57589,1.29473,5.36335,3964.11,0
1.2665,3505.01,5.57479,1.29326,2.15671,3938.79,0
1.26778,3504.94,5.59938,1.31714,7.89427,3992.42,0
1.26909,3504.96,5.59298,1.31589,4.95527,3974.05,0
1.27039,3504.93,5.63827,1.3117,5.61028,3994.74,0
1.27169,3504.91,5.64476,1.35349,5.29903,3998.61,0
1.27297,3504.92,5.66343,1.4074,2.71883,3989.06,0
1.27426,3504.89,5.6955,1.43557,3.75397,4008.96,0
1.27556,3504.89,5.68636,1.54538,3.05744,4008.17,0
1.27687,3504.9,5.66401,1.61176,1.96888,3995.48,0
1.27819,3504.88,5.63461,1.63168,4.21753,4002.15,0
1.27949,3504.84,5.6575,1.63209,7.18616,4031.7,0
1.28078,3504.85,5.71019,1.65394,2.64276,4020.48,0
1.28209,3504.84,5.72625,1.61866,2.74001,4020.79,0
1.2834,3504.84,5.73181,1.64364,2.02038,4017.86,0
1.28471,3504.84,5.73043,1.5577,3.22107,4014.64,0
1.28603,3504.83,5.72644,1.61819,3.38161,4017.12,0
1.28734,3504.9,5.62524,1.65486,1.15351,3963.33,0
1.28865,3504.88,5.63782,1.72168,0.981994,3970.52,0
1.28996,3504.88,5.6194,1.75221,1.60804,3970.27,0
1.29129,3504.84,5.62702,1.65841,6.69466,3996.91,0
1.29259,3504.84,5.5959,1.6341,7.66133,3991.22,0
1.29389,3504.85,5.56659,1.63647,7.48443,3983.43,0
1.29518,3504.84,5.59605,1.62812,6.49576,3987.34,0
1.29647,3504.83,5.6388,1.65576,3.91753,3987.89,0
1.29778,3504.82,5.65149,1.6415,4.45193,3992.51,0
1.29908,3504.8,5.67393,1.64656,5.29539,4004.95,0
1.30039,3504.81,5.64208,1.67232,4.91132,3994.58,0
1.30169,3504.81,5.61949,1.719,4.7706,3988.47,0
1.30298,3504.8,5.61436,1.731,5.20205,3990.25,0
1.30429,3504.8,5.60708,1.71592,4.98553,3986.71,0
1.30561,3504.81,5.64573,1.73722,0.898856,3972.56,0
1.30691,3504.78,5.58347,1.7208,7.61735,3996.03,0
1.30822,3504.77,5.56932,1.73277,7.65214,3997.13,0
1.30952,3504.73,5.60322,1.73438,8.48581,4022.41,0
1.31083,3504.73,5.59756,1.72449,7.00926,4019.56,0
1.31214,3504.71,5.6021,1.73895,7.54421,4032.12,0
1.31344,3504.72,5.58951,1.72393,6.73134,4021.71,0
1.31473,3504.71,5.5636,1.74204,7.85029,4027.09,0
1.31603,3504.71,5.59272,1.73944,5.25607,4022.14,0
1.3173,3504.68,5.56625,1.74758,8.69217,4039.48,0
1.31859,3504.66,5.55245,1.74731,9.6847,4050.85,0
1.31991,3504.65,5.56458,1.73406,8.40734,4054.03,0
1.32122,3504.64,5.57845,1.7613,7.04151,4058.07,0
1.32253,3504.63,5.58907,1.7843,5.90987,4062.77,0
1.32384,3504.65,5.65119,1.68458,1.7733,4042.17,0
1.32513,3504.59,5.69752,1.63934,5.7452,4080.11,0
1.32642,3504.59,5.69324,1.6137,6.04491,4078.94,0
1.32772,3504.6,5.70599,1.59756,3.74758,4063.47,0
1.32903,3504.56,5.76996,1.60397,5.05481,4095.77,0
1.33031,3504.59,5.78542,1.61807,0.500839,4067.88,0
1.33161,3504.57,5.82351,1.5751,0.933304,4078.17,0
1.33292,3504.53,5.84092,1.7108,2.36673,4106.74,0
1.33423,3504.5,5.88528,1.69538,2.98343,4124.16,0
1.33554,3504.48,5.92347,1.72085,1.68985,4129.48,0
1.33684,3504.43,5.94071,1.72772,6.01868,4165.98,0
1.33813,3504.43,5.93007,1.749,5.44137,4161.78,0
1.33943,3504.43,5.93058,1.70617,5.15598,4155.43,0
1.34071,3504.42,5.94623,1.75758,4.11156,4159.15,0
1.34202,3504.4,5.97756,1.7724,4.12818,4170.99,0
1.34332,3504.43,5.99629,1.75318,0.649203,4148.57,0
1.3446,3504.37,6.00427,1.79804,4.37152,4183.47,0
1.34591,3504.43,5.93801,1.73765,2.64438,4135,0
1.34722,3504.39,5.93485,1.74287,6.63365,4163.27,0
1.34852,3504.38,5.8906,1.76692,8.53207,4165.45,0
1.34979,3504.37,5.89072,1.73632,8.45196,4170.5,0
1.35109,3504.36,5.91218,1.74119,7.45114,4175.8,0
1.35238,3504.35,5.85886,1.72918,9.74379,4176.13,0
1.35368,3504.33,5.85741,1.73883,9.60431,4185.95,0
1.355,3504.3,5.8029,1.74874,2.55751,4203.89,0
1.35629,3504.32,5.77289,1.72769,2.39969,4185.54,0
1.3576,3504.31,5.76198,1.77316,3.21183,4190.13,0
1.35891,3504.31,5.74073,1.74578,4.43167,4183.62,0
1.36023,3504.29,5.72051,1.77721,6.68635,4194.48,0
1.36153,3504.32,5.69465,1.79785,4.64762,4171.82,0
1.36284,3504.39,5.53101,1.9181,4.12324,4118.5,0
1.36414,3504.36,5.50109,1.9098,7.95194,4136.33,0
1.36544,3504.38,5.4937,1.88648,4.89857,4113.71,0
1.36674,3504.34,5.47097,1.88889,9.43886,4141.67,0
1.36804,3504.35,5.45827,1.89791,6.66258,4127.61,0
1.36935,3504.39,5.4396,1.92063,2.62889,4094.12,0
1.37064,3504.39,5.41962,1.94059,3.88335,4094.49,0
1.37195,3504.37,5.38307,1.95838,7.66483,4107.27,0
1.37326,3504.37,5.37677,1.90176,7.78822,4101.13,0
1.37455,3504.37,5.35073,1.91786,7.27957,4095.93,0
1.37585,3504.35,5.36661,1.91507,7.67708,4109.15,0
1.37714,3504.36,5.36503,1.9208,5.44515,4095.72,0
1.37845,3504.37,5.36637,1.90271,4.54643,4085.27,0
1.37975,3504.31,5.38409,1.91314,8.36584,4120.56,0
1.38107,3504.3,5.34691,1.90582,9.78395,4125.49,0
1.38238,3504.31,5.34028,1.90617,7.6979,4113.18,0
1.38369,3504.3,5.33372,1.93148,7.30523,4117.09,0
1.38501,3504.29,5.34388,1.8942,7.56999,4125.77,0
1.38633,3504.28,5.35816,1.88154,6.85699,4129,0
1.38763,3504.28,5.34617,1.90289,5.34906,4118.97,0
1.38892,3504.27,5.35438,1.92104,5.71747,4127.56,0
1.39022,3504.26,5.40493,1.87479,3.80505,4125.89,0
1.39153,3504.21,5.40119,1.86724,9.03139,4159.6,0
1.39283,3504.21,5.42406,1.82646,7.20959,4155.36,0
1.39413,3504.19,5.44552,1.83585,6.78328,4166.28,0
1.39543,3504.15,5.46215,1.83609,8.87294,4192.3,0
1.39673,3504.19,5.48279,1.79868,3.36151,4160.98,0
1.39802,3504.18,5.51256,1.79137,2.87043,4165.33,0
1.39932,3504.18,5.51261,1.7806,2.35261,4158.15,0
1.40062,3504.17,5.43098,1.77065,8.29882,4164.43,0
1.40193,3504.2,5.45821,1.83097,0.965849,4136.79,0
1.40325,3504.15,5.41558,1.84964,8.01898,4166.4,0
1.40455,3504.17,5.42203,1.88173,4.92169,4152.66,0
1.40585,3504.22,5.35901,1.88076,2.87566,4114.81,0
1.40714,3504.22,5.37088,1.8188,2.74477,4108.86,0
1.40846,3504.18,5.33673,1.88413,6.92843,4129.5,0
1.40976,3504.16,5.33447,1.83728,8.6398,4140.5,0
1.41107,3504.18,5.34326,1.84932,5.34528,4125.44,0
1.41236,3504.2,5.34368,1.78853,3.39436,4104.28,0
1.41365,3504.19,5.30864,1.74383,7.14872,4106.85,0
1.41496,3504.22,5.32952,1.76084,2.62883,4085.88,0
1.41626,3504.22,5.2837,1.73335,5.08309,4079.59,0
1.41757,3504.22,5.26631,1.77903,4.4724,4075.13,0
1.41885,3504.21,5.25485,1.81822,5.69621,4081.36,0
1.42016,3504.23,5.27975,1.808,2.29524,4065.56,0
1.42147,3504.22,5.23095,1.85984,4.49129,4065.84,0
1.42278,3504.23,5.2601,1.90227,0.218164,4052.02,0
1.4241,3504.25,5.24545,1.87288,0.204181,4039.53,0
1.42539,3504.18,5.26998,1.88646,5.44801,4080.23,0
1.42671,3504.21,5.25508,1.93187,2.59065,4060.28,0
1.42801,3504.22,5.2705,1.88571,0.691387,4046.42,0
1.4293,3504.2,5.27831,1.87945,3.13168,4060.99,0
1.4306,3504.22,5.24149,1.80637,3.48804,4037.7,0
1.43191,3504.18,5.29931,1.87299,3.32298,4063.13,0
1.43321,3504.15,5.31633,1.92142,5.04931,4084.35,0
1.4345,3504.16,5.29197,1.94726,4.16867,4073.26,0
1.43582,3504.11,5.36259,1.99534,4.08698,4102.22,0
1.43712,3504.11,5.34155,2.08352,3.19628,4098.31,0
1.43843,3504.14,5.24381,2.07167,5.9205,4075.77,0
1.43974,3504.13,5.25859,2.07941,5.05121,4077.22,0
1.44106,3504.16,5.21594,2.06756,3.82427,4050.07,0
1.44237,3504.1,5.2366,2.05591,8.60536,4087.89,0
1.44366,3504.13,5.21609,2.0294,6.97849,4069.41,0
1.44494,3504.15,5.22222,2.05553,2.8248,4050.22,0
1.44623,3504.16,5.20882,2.0315,2.39694,4036.9,0
1.44752,3504.12,5.18793,2.03509,7.62472,4062.14,0
1.44882,3504.14,5.14728,2.07414,5.29917,4043.12,0
1.45014,3504.12,5.14602,2.11765,6.72164,4054.85,0
1.45145,3504.16,5.16892,2.13043,0.52304,4024.76,0
1.45277,3504.11,5.19004,2.21264,2.77478,4054.67,0
1.45405,3504.07,5.25056,2.14329,4.66569,4075.28,0
1.45535,3504.08,5.24305,2.16611,3.9319,4068.88,0
1.45664,3504.08,5.31271,2.07087,1.9082,4064.56,0
1.45792,3504.09,5.29768,2.06928,1.6623,4055.13,0
1.45923,3504.05,5.30914,2.14588,2.91513,4074.8,0
1.46056,3504.02,5.29494,2.1399,7.40576,4096.78,0
1.46186,3504.01,5.27726,2.14745,7.34548,4094.34,0
1.46318,3504.08,5.24513,2.13423,2.31555,4048.52,0
1.46448,3504.09,5.25544,2.03152,2.22636,4033.64,0
1.46577,3504.08,5.27542,2.0178,2.85927,4040.17,0
1.4671,3504.07,5.25914,2.06814,3.10228,4040.07,0
1.46839,3504.09,5.18994,2.01317,6.35785,4025.61,0
1.46969,3504.11,5.17994,1.98902,4.32906,4009.13,0
1.47099,3504.06,5.18124,1.94633,9.88796,4038.38,0
1.4723,3504.05,5.18533,1.942,8.04202,4040.89,0
1.4736,3504.03,5.15428,1.9514,10.254,4050.89,0
1.4749,3504.04,5.13926,1.98118,7.40088,4041.76,0
1.4762,3504.02,5.15424,1.99052,8.07155,4054.12,0
1.4775,3504.02,5.17626,2.05188,3.18101,4044.44,0
1.4788,3504.04,5.14671,2.12505,1.74352,4033.66,0
1.4801,3504.03,5.14945,2.13638,1.75545,4033.3,0
1.4814,3504.03,5.16538,2.09834,1.82483,4031.25,0
1.48271,3504.03,5.07211,2.13729,6.36578,4028.65,0
1.48401,3504,5.09397,2.13635,7.4747,4044.38,0
1.48529,3503.99,5.05332,2.14278,9.4197,4044.5,0
1.48659,3504,5.04283,2.14327,8.30617,4038.36,0
1.48788,3504.02,5.03459,2.11265,6.60503,4022.06,0
1.48919,3504.06,5.00121,2.1137,2.6997,3988.3,0
1.49049,3504.04,5.02055,2.16228,1.89017,3996.67,0
1.49181,3504.03,4.95004,2.28555,3.96946,4001.03,0
1.49312,3504.04,4.92393,2.23953,5.33922,3990.32,0
1.49442,3504.07,4.89655,2.25539,2.73414,3967.51,0
1.49573,3504.03,4.89139,2.21948,8.09983,3992.47,0
1.49703,3504.03,4.88608,2.21958,6.57882,3986.83,0
1.49832,3504.02,4.95981,2.27855,2.21663,3993.57,0
1.49962,3504,4.97701,2.24556,3.70703,4000.46,0
1.50094,3503.99,5.02253,2.24477,1.73544,4002.77,0
1.50225,3504,5.02196,2.26531,0.284375,3995.19,0
1.50356,3504.01,4.96202,2.2216,3.2111,3982.15,0
1.50485,3503.98,4.9255,2.24369,8.12635,4002.71,0
1.50616,3504,4.94022,2.277,3.00828,3984.42,0
1.50745,3504.01,4.91936,2.3131,1.18479,3972.04,0
1.50874,3503.98,4.90883,2.33788,4.73019,3990.14,0
1.51004,3504.01,4.92389,2.28128,1.12909,3965.39,0
1.51132,3504.03,4.79286,2.30496,6.33437,3953.1,0
1.51262,3504,4.81587,2.32014,6.34212,3963.85,0
1.51395,3504.02,4.77042,2.29863,6.9415,3950.91,0
1.51525,3504.06,4.77192,2.33268,0.824271,3920.93,0
1.51655,3504.04,4.71613,2.41357,3.68443,3928.82,0
1.51786,3504,4.77326,2.41928,4.70362,3952.71,0
1.51915,3503.98,4.752,2.4436,6.78937,3962.87,0
1.52046,3503.98,4.73277,2.48099,5.25176,3959.37,0
1.52178,3503.96,4.82522,2.45017,2.86907,3968.48,0
1.52307,3503.93,4.80529,2.44826,7.7548,3986.53,0
1.52436,3503.93,4.79135,2.40721,7.84028,3978.9,0
1.52566,3503.93,4.75764,2.4243,8.59643,3980.85,0
1.52695,3503.94,4.75819,2.3922,6.98166,3969.6,0
1.52824,3503.95,4.80681,2.32521,4.38422,3960.06,0
1.52954,3503.91,4.80537,2.30426,8.24274,3979.12,0
1.53082,3503.91,4.78244,2.30871,8.43795,3981.31,0
1.53212,3503.84,4.76541,2.27284,4.79929,4018.07,0
1.53342,3503.78,4.73622,2.20882,3.86633,4056.91,0
1.53472,3503.78,4.71347,2.23617,3.4087,4050.77,0
1.53602,3503.8,4.71443,2.22135,1.88764,4037.46,0
1.53733,3503.8,4.69134,2.09757,6.63145,4033.08,0
1.53862,3503.76,4.72027,2.13529,7.21501,4053.04,0
1.53994,3503.76,4.70821,2.11463,8.57466,4053.57,0
1.54125,3503.73,4.74449,2.11987,7.97737,4068.17,0
1.54257,3503.72,4.77992,2.1679,4.33229,4068.74,0
1.54387,3503.69,4.76381,2.14528,8.60985,4084.36,0
1.54516,3503.68,4.76776,2.14353,8.91446,4092.94,0
1.54646,3503.69,4.76463,2.15167,6.037,4079.44,0
1.54778,3503.68,4.81377,2.18096,3.03667,4084.85,0
1.54908,3503.63,4.86335,2.23652,3.69841,4111.26,0
1.55038,3503.59,4.88188,2.20386,7.86193,4137.24,0
1.55169,3503.6,4.85701,2.20961,6.39501,4126.62,0
1.55298,3503.61,4.89316,2.20664,2.08429,4115.02,0
1.55429,3503.59,4.84232,2.26906,5.53999,4122.99,0
1.55558,3503.55,4.87805,2.25956,7.3928,4145.45,0
1.55691,3503.57,4.85433,2.24267,5.88978,4129.68,0
1.55822,3503.56,4.84031,2.2411,7.60054,4134.46,0
1.55955,3503.54,4.86338,2.24375,6.96996,4142.67,0
1.56088,3503.52,4.8942,2.24304,6.08579,4149.2,0
1.56217,3503.51,4.90719,2.26775,5.17359,4155.31,0
1.56348,3503.52,4.9612,2.25114,0.612918,4145.08,0
1.56477,3503.49,4.92785,2.24038,6.21296,4163.09,0
1.56607,3503.45,4.92093,2.28217,8.25405,4183.08,0
1.56737,3503.45,4.92331,2.31786,6.65484,4181.96,0
1.56868,3503.45,4.93125,2.28716,5.4123,4173.91,0
1.56999,3503.53,4.88002,2.25815,0.511699,4122.23,0
1.57129,3503.48,4.89213,2.18406,7.34668,4149.69,0
1.5726,3503.46,4.89597,2.22361,6.85996,4155.86,0
1.57392,3503.44,4.91777,2.24903,6.20558,4167.12,0
1.57521,3503.42,4.90431,2.27636,7.52577,4175.1,0
1.5765,3503.4,4.95317,2.2803,5.96007,4186.45,0
1.5778,3503.33,4.93061,2.25945,3.60564,4225.92,0
1.57909,3503.35,4.94082,2.22305,1.1684,4208.5,0
1.58037,3503.36,4.90514,2.21191,3.38712,4202.66,0
1.58167,3503.3,4.92805,2.20952,8.37553,4236.01,0
1.58298,3503.3,4.90536,2.20399,8.95161,4232.78,0
1.58428,3503.32,4.89221,2.18813,6.52938,4219.29,0
1.58558,3503.33,4.87816,2.17774,4.91837,4205.66,0
1.58687,3503.34,4.91534,2.11855,2.72589,4195.67,0
1.58819,3503.32,4.91079,2.13427,4.58131,4203.26,0
1.58949,3503.34,4.88503,2.11268,4.7669,4190.59,0
1.59078,3503.28,4.88142,2.07194,0.610536,4224.5,0
1.59209,3503.23,4.86079,2.06449,7.24127,4249.2,0
1.59342,3503.23,4.87342,2.06682,6.29003,4248.33,0
1.5947,3503.24,4.88083,2.08249,3.34115,4236.87,0
1.59599,3503.21,4.91634,2.08736,4.89248,4256.34,0
1.5973,3503.19,4.90025,2.09089,7.62824,4265.22,0
1.59859,3503.16,4.94472,2.08115,7.40944,4281.11,0
1.59988,3503.22,4.93284,2.02232,2.00727,4238.7,0
1.60118,3503.2,4.94969,2.00766,3.69806,4248.19,0
1.60247,3503.18,4.95807,2.00203,5.24207,4256.64,0
1.60378,3503.19,4.97931,2.04165,0.863085,4246.12,0
1.6051,3503.2,4.91821,2.05425,3.80195,4237.35,0
1.60641,3503.16,4.9079,2.05052,9.21751,4259.83,0
1.60771,3503.16,4.89654,2.0764,6.83059,4251.65,0
1.60903,3503.17,4.94225,2.08892,2.20019,4245.94,0
1.61033,3503.18,4.88077,2.12964,3.97513,4236.91,0
1.61162,3503.15,4.92477,2.15847,3.5149,4253.12,0
1.6129,3503.16,4.95049,2.06556,2.78188,4243.07,0
1.61419,3503.12,4.97254,2.05228,6.14216,4265.09,0
1.6155,3503.09,5.00658,2.01378,7.5562,4279.97,0
1.61679,3503.04,5.02457,2.01596,9.84093,4307.07,0
1.61811,3503.03,5.03357,2.01139,7.8481,4306.5,0
1.61941,3503.04,5.04686,1.9675,6.8964,4298.93,0
1.6207,3503.02,5.0344,1.96392,9.01656,4307.52,0
1.622,3503.04,5.04625,1.91887,5.25861,4290.57,0
1.62329,3503.02,5.07994,1.90321,5.65921,4300.91,0
1.62458,3503.07,5.00323,1.9114,4.87467,4267.86,0
1.62586,3503.09,4.99835,1.93265,1.6787,4252.87,0
1.62718,3503.08,4.97047,1.98709,3.08097,4254.58,0
1.62847,3503.03,5.00761,1.94592,6.77882,4281.8,0
1.62978,3502.99,5.02581,1.94147,9.10587,4300.39,0
1.63106,3502.98,5.05886,1.92724,7.31048,4302.84,0
1.63237,3502.98,5.07103,1.93752,5.36386,4302.05,0
1.63365,3502.99,5.08259,1.98691,1.26038,4292.04,0
1.63496,3502.96,5.14712,1.93368,0.701791,4303.22,0
1.63625,3502.97,5.10699,1.94062,2.72368,4296.74,0
1.63754,3502.92,5.0952,2.00407,7.55442,4324.26,0
1.63885,3502.92,5.09772,2.07015,4.05091,4319.51,0
1.64017,3502.9,5.10128,2.09437,5.63443,4329.66,0
1.64147,3502.92,5.12025,2.07532,2.13973,4315.2,0
1.64277,3502.85,5.11829,2.06088,9.54919,4352.53,0
1.64408,3502.79,5.0923,2.06934,6.12887,4385.23,0
1.64538,3502.75,5.10783,2.04703,8.85619,4404.28,0
1.64669,3502.81,5.10782,2.02025,1.51119,4365.04,0
1.648,3502.82,5.06873,2.02064,3.74082,4357.88,0
1.64931,3502.83,5.0798,2.01056,1.27524,4346.01,0
1.65061,3502.81,5.1071,1.98919,2.76639,4358.87,0
1.65189,3502.77,5.08146,2.01088,7.54722,4374.47,0
1.65318,3502.78,5.13649,2.02737,0.501169,4365.06,0
1.65447,3502.79,5.11649,1.99036,2.84937,4360.85,0
1.65579,3502.74,5.11843,1.95276,8.50758,4385.03,0
1.65711,3502.72,5.15103,1.97288,6.34492,4394.77,0
1.6584,3502.68,5.13695,1.96447,10.2988,4411.06,0
1.6597,3502.64,5.1311,2.00082,2.22436,4435.4,0
1.66102,3502.66,5.09871,2.03237,1.72169,4421.71,0
1.66232,3502.66,5.10119,2.00736,1.53027,4414.95,0
1.66364,3502.67,5.11102,1.99426,0.386904,4408.56,0
1.66493,3502.65,5.08165,2.00253,4.53016,4415.59,0
1.66623,3502.65,5.08087,1.99566,3.81092,4410.85,0
1.66754,3502.62,5.11674,2.02444,2.90135,4423.26,0
1.66886,3502.55,5.15521,2.03799,8.22439,4464.74,0
1.67015,3502.56,5.13149,2.03759,7.51818,4454.81,0
1.67145,3502.57,5.11693,2.05015,6.24821,4444.51,0
1.67276,3502.58,5.10123,2.05644,5.89462,4436.81,0
1.67405,3502.59,5.08683,2.09822,3.93918,4426.83,0
1.67536,3502.58,5.06512,2.04559,7.31403,4427.09,0
1.67663,3502.58,5.09492,2.05036,4.00177,4424.38,0
1.67795,3502.55,5.07625,1.99227,10.0096,4437.41,0
1.67925,3502.58,5.04208,1.994,7.79824,4418.4,0
1.68055,3502.61,5.01833,1.95724,6.57687,4399.48,0
1.68185,3502.61,5.02813,2.0285,2.62692,4394.59,0
1.68318,3502.63,5.03462,1.91333,3.44987,4380.9,0
1.68449,3502.64,5.04553,1.90836,0.429834,4367.32,0
1.6858,3502.62,5.02227,1.98059,2.2849,4375.16,0
1.68712,3502.59,5.03979,1.9817,5.43973,4394.8,0
1.68842,3502.57,5.03887,1.99417,6.48545,4402.06,0
1.68974,3502.54,5.04973,2.00328,6.95875,4414.16,0
1.69104,3502.6,5.02739,1.98511,1.50512,4375.86,0
1.69231,3502.59,5.03958,1.92657,3.22249,4377.72,0
1.6936,3502.61,5.02014,1.93779,2.12134,4364.95,0
1.69492,3502.61,5.01652,1.92033,2.29267,4360.06,0
1.69622,3502.6,5.00038,1.92507,4.8457,4364.4,0
1.69753,3502.53,5.0833,1.91373,6.21403,4400.55,0
1.69884,3502.5,5.07582,1.9015,9.24342,4412.82,0
1.70014,3502.47,5.07253,1.93455,0.245341,4429.35,0
1.70141,3502.4,5.1069,1.99649,3.97561,4467.66,0
1.70271,3502.36,5.10001,1.99399,8.06132,4487.1,0
1.70401,3502.35,5.10513,1.97792,8.43652,4489.89,0
1.70528,3502.34,5.0816,1.96054,10.0997,4490.87,0
1.70658,3502.34,5.09045,1.92969,9.10943,4491.37,0
1.70788,3502.35,5.08532,1.91906,6.12803,4479.26,0
1.70917,3502.33,5.09417,1.92745,6.05853,4485.97,0
1.71046,3502.33,5.12445,1.96139,2.69019,4485.79,0
1.71179,3502.29,5.13303,1.97317,5.84747,4503.96,0
1.7131,3502.27,5.12078,1.96085,8.6958,4512.85,0
1.71443,3502.3,5.16231,1.95564,0.981618,4493.32,0
1.71573,3502.32,5.12082,1.94333,2.00841,4475.88,0
1.71704,3502.27,5.15382,1.97662,4.41115,4503.4,0
1.71833,3502.25,5.15301,1.9549,7.14438,4511.42,0
1.71962,3502.3,5.11957,1.94275,3.85346,4478.76,0
1.72091,3502.3,5.09541,1.91424,6.19616,4472.74,0
1.72222,3502.28,5.11941,1.95013,5.15008,4482.11,0
1.72352,3502.27,5.12528,1.97745,4.1484,4483.54,0
1.72481,3502.26,5.0742,1.95289,9.61074,4487.82,0
1.72612,3502.28,5.06922,1.95657,6.76559,4475.33,0
1.72742,3502.31,5.04025,1.93492,4.93922,4452.28,0
1.72872,3502.28,5.02835,1.93095,8.79096,4465.02,0
1.73004,3502.27,5.04303,1.95894,6.85963,4469.81,0
1.73133,3502.28,5.02081,1.94361,7.5628,4461.01,0
1.73265,3502.24,5.0436,1.94467,7.86781,4476.8,0
1.73396,3502.23,5.04678,1.92305,8.8029,4479.23,0
1.73525,3502.23,5.02465,1.92399,9.21096,4478.95,0
1.73656,3502.23,5.01908,1.81196,0.732369,4474.21,0
1.73788,3502.18,5.062,1.81091,3.34867,4501.54,0
1.73917,3502.15,5.0761,1.81732,4.89873,4512.25,0
1.74046,3502.13,5.08582,1.84091,6.37022,4524.57,0
1.74176,3502.11,5.08566,1.82283,7.15961,4527.05,0
1.74306,3502.12,5.09915,1.8294,5.14553,4523.42,0
1.74436,3502.15,5.04611,1.90158,2.36358,4497.54,0
1.74566,3502.16,5.03338,1.81463,5.025,4488.79,0
1.74696,3502.14,5.08538,1.844,2.42037,4501.26,0
1.74826,3502.12,5.0591,1.76457,9.14552,4505.81,0
1.74958,3502.1,4.99319,1.84394,3.46525,4517.41,0
1.75087,3502.06,5.02059,1.7954,6.75278,4533.85,0
1.75218,3502.06,5.00606,1.78693,7.72169,4533.41,0
1.75346,3502.08,4.95756,1.78526,8.01105,4514.11,0
1.75476,3502.09,4.94737,1.78218,7.91367,4509.72,0
1.75607,3502.08,4.94801,1.80858,5.94999,4509.13,0
1.75739,3502.06,4.97374,1.77622,6.85018,4518.16,0
1.7587,3502.06,4.96333,1.7133,8.87666,4514.35,0
1.76,3502.01,4.98028,1.69909,1.33334,4538.02,0
1.76131,3502.02,4.9602,1.68875,2.37626,4529.29,0
1.76262,3501.98,4.96681,1.69622,6.00522,4547.32,0
1.76391,3501.96,4.95979,1.68616,9.42351,4560.03,0
1.76521,3501.91,4.93655,1.71383,3.51367,4581.89,0
1.76651,3501.93,4.91855,1.69451,2.70561,4565.58,0
1.7678,3501.91,4.95111,1.59765,5.46334,4574.86,0
1.76909,3501.92,4.93626,1.58299,6.30378,4568.45,0
1.77038,3501.9,4.97353,1.53294,5.87647,4575.54,0
1.77169,3501.89,4.97179,1.5214,7.39613,4577.75,0
1.773,3501.88,4.96717,1.52883,7.76535,4580.11,0
1.77432,3501.89,4.97248,1.52198,4.8009,4569.9,0
1.77563,3501.88,4.93054,1.47253,10.3732,4571.48,0
1.77694,3501.86,4.89381,1.45857,4.43895,4578.72,0
1.77824,3501.88,4.85637,1.48426,5.05039,4565.16,0
1.77953,3501.88,4.88097,1.49519,1.97311,4561.84,0
1.78084,3501.86,4.87028,1.47772,5.60887,4568.43,0
1.78212,3501.83,4.89569,1.46157,7.37462,4583.72,0
1.78342,3501.82,4.90354,1.48718,6.24489,4588.08,0
1.78472,3501.8,4.92843,1.48812,5.58252,4595.77,0
1.78602,3501.8,4.9317,1.52511,3.74298,4592.8,0
1.78731,3501.77,4.9447,1.50939,5.87528,4603.97,0
1.78861,3501.76,4.95704,1.49416,5.2843,4606.46,0
1.78991,3501.78,4.93643,1.4867,4.25975,4589.8,0
1.79122,3501.79,4.97314,1.42422,2.11155,4585.99,0
1.79251,3501.76,4.98764,1.36451,5.70796,4597.27,0
1.79379,3501.71,4.99429,1.38926,10.4123,4621.65,0
1.7951,3501.67,4.97883,1.36063,5.8801,4638.43,0
1.79642,3501.67,4.94172,1.3326,10.0606,4638.94,0
1.79771,3501.6,4.94296,1.42408,3.51572,4672.44,0
1.79902,3501.55,5.02113,1.29253,5.49051,4697.76,0
1.80033,3501.51,5.01024,1.30845,9.32377,4713.22,0
1.80161,3501.49,5.0177,1.28843,9.95447,4721.01,0
1.80289,3501.48,4.9598,1.30853,5.91812,4725.47,0
1.8042,3501.51,4.97136,1.29742,0.84348,4706.92,0
1.80551,3501.52,4.92626,1.39707,0.833263,4695.95,0
1.80683,3501.47,4.89601,1.36668,10.1122,4718.33,0
1.80813,3501.46,4.90787,1.3645,8.63336,4721.22,0
1.80945,3501.46,4.88764,1.31495,0.944839,4722.24,0
1.81074,3501.4,4.89453,1.31302,7.56769,4750.35,0
1.81205,3501.36,4.83622,1.30121,7.25326,4767.44,0
1.81337,3501.35,4.86697,1.30375,4.87278,4771.89,0
1.81467,3501.35,4.86583,1.29508,3.99332,4764,0
1.81595,3501.36,4.85619,1.33753,1.99298,4756.15,0
1.81722,3501.37,4.83125,1.37681,2.3383,4748.4,0
1.8185,3501.37,4.78652,1.40293,7.50407,4748.39,0
1.81979,3501.38,4.80593,1.40031,1.7692,4734.37,0
1.82109,3501.36,4.78832,1.46079,4.98329,4744.44,0
1.82237,3501.37,4.77557,1.45746,4.00413,4733.42,0
1.82367,3501.35,4.78355,1.48032,5.02217,4742.09,0
1.82496,3501.37,4.76164,1.47884,4.43407,4727.2,0
1.82624,3501.37,4.78011,1.43382,4.08662,4725.86,0
1.82756,3501.39,4.75132,1.42237,3.91596,4710.6,0
1.82886,3501.33,4.7707,1.39794,9.74406,4738.72,0
1.83015,3501.35,4.78411,1.42052,3.81623,4727.5,0
1.83148,3501.34,4.78604,1.37809,4.47888,4726.46,0
1.83279,3501.33,4.78666,1.33541,7.45423,4730.23,0
1.83408,3501.34,4.79481,1.29989,5.97406,4722.91,0
1.83538,3501.3,4.82793,1.31432,6.24417,4741.34,0
1.83667,3501.3,4.84995,1.35226,1.2749,4737.07,0
1.83797,3501.27,4.83949,1.31231,7.71023,4750.53,0
1.83926,3501.26,4.81357,1.34278,9.14489,4750.58,0
1.84056,3501.25,4.82016,1.37587,6.74668,4752.19,0
1.84187,3501.27,4.83872,1.34273,2.73032,4739.18,0
1.84314,3501.23,4.86479,1.28423,5.87364,4755.48,0
1.84443,3501.27,4.82612,1.29983,4.3401,4731.87,0
1.84573,3501.26,4.77642,1.30457,10.688,4735.73,0
1.84704,3501.26,4.77875,1.26254,9.60776,4730.3,0
1.84834,3501.27,4.79433,1.32588,4.27032,4725.53,0
1.84963,3501.28,4.74401,1.33623,7.49803,4715.49,0
1.85092,3501.21,4.83028,1.36798,4.93475,4749.9,0
1.85223,3501.15,4.87602,1.40074,4.90337,4776.84,0
1.85353,3501.12,4.94504,1.38195,1.61353,4792.91,0
1.85485,3501.12,4.91054,1.34665,6.17448,4786.59,0
1.85617,3501.12,4.9027,1.32206,7.34931,4784.93,0
1.85747,3501.14,4.89832,1.3638,3.02187,4771.21,0
1.85879,3501.21,4.79682,1.42833,3.27606,4728.77,0
1.86011,3501.17,4.83212,1.45557,3.8573,4749.45,0
1.86142,3501.17,4.80554,1.38847,8.90118,4745.65,0
1.86272,3501.12,4.78112,1.38827,5.39079,4765.5,0
1.86402,3501.11,4.79953,1.43138,3.6571,4771.4,0
1.86532,3501.03,4.78319,1.36688,6.58783,4808.84,0
1.86663,3501.03,4.77566,1.33813,6.85761,4803.15,0
1.86794,3500.98,4.77262,1.28413,3.04144,4826.25,0
1.86924,3500.93,4.77115,1.31809,8.4112,4849.8,0
1.87054,3500.95,4.79316,1.32924,1.86945,4837.06,0
1.87183,3500.97,4.72923,1.30167,8.75673,4826.22,0
1.87316,3500.99,4.66846,1.24888,3.20465,4810.49,0
1.87447,3501.01,4.64905,1.23687,2.63346,4793.83,0
1.87574,3501.03,4.63127,1.23765,2.43664,4782.08,0
1.87704,3501.02,4.58778,1.27289,7.98766,4785.02,0
1.87833,3500.99,4.66685,1.2156,2.11755,4794.32,0
1.87963,3500.98,4.64367,1.19003,7.45201,4796.68,0
1.88094,3500.97,4.65417,1.20257,6.06302,4802.01,0
1.88221,3500.97,4.65855,1.20088,4.8419,4798.21,0
1.88353,3500.97,4.67255,1.14154,5.19462,4796.01,0
1.88482,3500.92,4.65159,1.175,1.14511,4818.99,0
1.88611,3500.98,4.5832,1.20096,1.08252,4784.77,0
1.88741,3500.94,4.56639,1.17573,8.20825,4798.17,0
1.88871,3501.01,4.52712,1.16051,5.0519,4762.4,0
1.89,3500.97,4.53957,1.16837,8.42783,4779.85,0
1.89129,3500.99,4.54875,1.17333,2.59234,4764.79,0
1.89259,3501,4.50602,1.21944,5.35615,4757.29,0
1.89391,3500.97,4.51499,1.25907,5.36759,4765.4,0
1.89521,3500.97,4.46207,1.18004,4.14705,4763.5,0
1.89651,3501,4.39512,1.2048,8.43412,4746.62,0
1.89783,3500.99,4.40052,1.16388,8.73615,4746.18,0
1.89914,3501,4.40953,1.20169,4.65915,4738.94,0
1.90044,3501,4.43313,1.17868,1.8292,4736.03,0
1.90175,3501,4.43471,1.17165,1.72251,4732.63,0
1.90305,3500.93,4.4993,1.18766,2.20808,4766.26,0
1.90436,3500.89,4.49115,1.2455,7.25999,4785.24,0
1.90565,3500.87,4.4895,1.23816,9.42214,4793.03,0
1.90695,3500.83,4.46534,1.23278,6.23332,4809.35,0
1.90826,3500.83,4.44122,1.15768,11.1094,4804.08,0
1.90957,3500.86,4.4597,1.17312,2.78789,4786.78,0
1.91086,3500.83,4.45121,1.20794,5.71919,4796.79,0
1.91214,3500.83,4.44626,1.17497,7.62665,4796.69,0
1.91344,3500.84,4.44638,1.19499,4.54737,4789.37,0
1.91474,3500.8,4.42857,1.13822,2.14276,4805.59,0
1.91604,3500.8,4.41544,1.10276,4.48303,4802.8,0
1.91734,3500.8,4.4328,1.11199,0.343255,4796.41,0
1.91862,3500.86,4.36731,1.10493,1.62547,4764.42,0
1.91991,3500.89,4.34667,1.0739,0.995026,4745.35,0
1.92121,3500.83,4.37734,1.12199,2.96118,4771.72,0
1.92248,3500.81,4.36914,1.0355,10.7043,4780.77,0
1.92378,3500.8,4.40411,1.03565,5.98186,4783.6,0
1.92507,3500.8,4.40135,1.06086,4.34435,4780,0
1.92637,3500.79,4.40441,1.04491,5.73998,4782.45,0
1.92767,3500.78,4.39416,1.04775,7.52951,4783.59,0
1.92901,3500.77,4.39873,1.07252,6.24949,4786.55,0
1.93032,3500.76,4.4268,1.03407,3.68413,4786.23,0
1.93163,3500.74,4.42367,0.977319,8.36246,4792.33,0
1.93292,3500.74,4.4035,1.03947,8.2656,4791.13,0
1.93422,3500.71,4.41643,1.09265,8.34104,4804.21,0
1.9355,3500.71,4.38151,1.07907,11.9931,4801.55,0
1.93682,3500.73,4.33611,1.04928,5.12901,4788.44,0
1.93812,3500.72,4.32568,1.00665,7.852,4787.32,0
1.93942,3500.68,4.33671,0.97922,11.4428,4803,0
1.94072,3500.64,4.38615,0.931253,0.499568,4824.4,0
1.94205,3500.63,4.36093,0.889193,6.01518,4824.07,0
1.94336,3500.64,4.34617,0.915485,6.39782,4818.77,0
1.94467,3500.62,4.32328,0.896696,11.8334,4825.17,0
1.94596,3500.57,4.34477,0.835983,5.40375,4845.44,0
1.94728,3500.57,4.35809,0.805981,3.54042,4842.19,0
1.94857,3500.58,4.36429,0.809886,0.500467,4834.76,0
1.94986,3500.59,4.29923,0.859875,7.27721,4824.12,0
1.95117,3500.57,4.293,0.8884,10.3443,4832.94,0
1.95248,3500.54,4.21126,0.917167,3.48304,4845.4,0
1.95377,3500.55,4.1827,0.945643,5.55163,4838.24,0
1.95506,3500.5,4.158,0.930368,4.6286,4857.84,0
1.95636,3500.49,4.16537,0.900393,6.44658,4862.29,0
1.95765,3500.46,4.12838,0.878478,5.8651,4872.48,0
1.95895,3500.48,4.09465,0.883823,7.33841,4859.06,0
1.96025,3500.48,4.05249,0.889231,1.71876,4855.81,0
1.96153,3500.49,4.03504,0.817169,5.55807,4847.82,0
1.96284,3500.47,4.01279,0.905054,8.44349,4853.05,0
1.96413,3500.48,4.01358,0.885586,6.61149,4845.27,0
1.96545,3500.44,4.04912,0.916673,5.26258,4864.13,0
1.96673,3500.4,4.06018,0.910341,7.82209,4879.68,0
1.96805,3500.4,4.05976,0.914987,7.58642,4879.24,0
1.96936,3500.37,4.05769,0.918387,11.0527,4891.27,0
1.97066,3500.35,4.02943,0.854761,9.39192,4896.78,0
1.97197,3500.35,3.99213,0.876564,2.6786,4895.42,0
1.97327,3500.33,3.97671,0.844675,8.36165,4900.34,0
1.97458,3500.35,3.93919,0.806434,2.06731,4889.23,0
1.97589,3500.33,3.93844,0.840538,2.18467,4891.96,0
1.97717,3500.28,3.98829,0.879211,0.288808,4917.42,0
1.97848,3500.25,3.94681,0.843233,1.98643,4929.72,0
1.97978,3500.18,3.92801,0.837823,4.70113,4961.71,0
1.98107,3500.23,3.90636,0.801364,1.68601,4932.12,0
1.9824,3500.17,3.91688,0.790948,9.04535,4960.35,0
1.9837,3500.17,3.9019,0.809695,8.04884,4953.01,0
1.985,3500.13,3.92731,0.810286,9.44369,4971.39,0
1.9863,3500.1,3.92028,0.82402,3.46049,4985.3,0
1.98761,3500.08,3.91483,0.774006,8.25418,4988.81,0
1.98893,3500.02,3.91405,0.770921,6.92245,5019.85,0
1.99024,3499.99,3.88489,0.790912,3.78363,5029.85,0
1.99155,3499.9,3.89149,0.812964,4.037,5071.74,0
1.99285,3499.89,3.88108,0.829198,6.18299,5071.8,0
1.99416,3499.82,3.85947,0.856703,7.93106,5102.44,0
1.99546,3499.82,3.85405,0.84814,9.68515,5102.52,0
1.99676,3499.79,3.85771,0.799684,4.14012,5115.68,0
1.99805,3499.79,3.85924,0.808199,2.36923,5109.73,0
1.99935,3499.83,3.79441,0.877753,6.72013,5087.22,0
2.00064,3499.85,3.80135,0.874632,1.61917,5073.39,0
2.00194,3499.84,3.81616,0.808004,3.0904,5075.14,0
2.00325,3499.82,3.81269,0.78589,7.73771,5083,0
2.00452,3499.8,3.8379,0.783548,4.34027,5088.83,0
2.00582,3499.8,3.81236,0.790515,8.95151,5084.89,0
2.00713,3499.77,3.79278,0.83784,3.37882,5095.58,0
2.00841,3499.74,3.8188,0.850239,2.80104,5110.58,0
2.00973,3499.74,3.79477,0.846443,7.12898,5106,0
2.01104,3499.74,3.78148,0.878069,6.14926,5099.35,0
2.01235,3499.73,3.79757,0.946437,0.495729,5101.88,0
2.01365,3499.74,3.76364,0.932798,6.49419,5093.13,0
2.01496,3499.75,3.76033,0.913486,6.41995,5085.24,0
2.01626,3499.74,3.76863,0.902078,6.84746,5089.08,0
2.01755,3499.77,3.74948,0.891098,6.04973,5070.63,0
2.01884,3499.71,3.73574,0.895462,6.34172,5099.17,0
2.02016,3499.63,3.77077,0.828914,1.34456,5132.48,0
2.02147,3499.65,3.74154,0.853203,3.57973,5120.68,0
2.02276,3499.65,3.73365,0.814901,6.48337,5115.63,0
2.02407,3499.67,3.75355,0.753578,2.0139,5105.67,0
2.02536,3499.71,3.69607,0.732428,8.09333,5079.17,0
2.02667,3499.7,3.68705,0.747097,9.78441,5080.22,0
2.02798,3499.68,3.66227,0.723303,8.20079,5088.6,0
2.02929,3499.68,3.63197,0.736908,2.27673,5087.5,0
2.03059,3499.67,3.61571,0.738969,6.1934,5086.89,0
2.03189,3499.61,3.64062,0.764404,8.55527,5113.64,0
2.0332,3499.55,3.63423,0.771841,6.65579,5138.87,0
2.03452,3499.49,3.62749,0.792431,4.83562,5165.86,0
2.03582,3499.47,3.61745,0.778411,10.2139,5172.81,0
2.03711,3499.44,3.61391,0.773009,2.56741,5183.44,0
2.03843,3499.38,3.57846,0.751913,9.58563,5207.93,0
2.03973,3499.44,3.55378,0.752599,5.73116,5178.53,0
2.04105,3499.41,3.57166,0.711715,6.43885,5186.99,0
2.04234,3499.44,3.54964,0.756756,4.7044,5169.85,0
2.04363,3499.46,3.54859,0.753463,2.27859,5158.68,0
2.04492,3499.42,3.55565,0.766292,5.42277,5172.67,0
2.04622,3499.48,3.55097,0.651849,2.35651,5141.21,0
2.04753,3499.42,3.56121,0.695079,7.2688,5167.68,0
2.04881,3499.38,3.5067,0.736264,2.08174,5185.61,0
2.0501,3499.39,3.4934,0.736569,2.83163,5175.96,0
2.05139,3499.4,3.48886,0.694333,4.0901,5167.31,0
2.05268,3499.37,3.50164,0.731815,3.90956,5180.02,0
2.05399,3499.39,3.5003,0.694991,2.19305,5166.3,0
2.05529,3499.42,3.47432,0.709687,2.88029,5148.97,0
2.0566,3499.46,3.43218,0.706546,6.7858,5125.49,0
2.05789,3499.46,3.42584,0.688492,8.25312,5122.44,0
2.05923,3499.47,3.43088,0.693706,3.05774,5111.36,0
2.06053,3499.47,3.42686,0.726116,2.66096,5109.62,0
2.06184,3499.52,3.34943,0.806016,9.69247,5083.07,0
2.06316,3499.49,3.38811,0.798932,4.22277,5093.14,0
2.06445,3499.44,3.41973,0.752848,7.01586,5116.4,0
2.06576,3499.49,3.39516,0.795999,2.23215,5089.25,0
2.06708,3499.54,3.33956,0.848041,3.81735,5060.07,0
2.06837,3499.5,3.36783,0.819133,5.12545,5076.83,0
2.06967,3499.54,3.35927,0.810098,0.858881,5055.42,0
2.07097,3499.52,3.35414,0.784599,5.85193,5058.82,0
2.07229,3499.51,3.36695,0.761118,4.04677,5060.05,0
2.07359,3499.54,3.33611,0.745374,8.27774,5045.32,0
2.0749,3499.52,3.34191,0.759272,8.2234,5052.86,0
2.0762,3499.55,3.34189,0.771298,1.57809,5034.73,0
2.07751,3499.53,3.34654,0.738263,4.62795,5039.05,0
2.07882,3499.49,3.32342,0.736527,5.16409,5054.19,0
2.08013,3499.48,3.28045,0.749007,5.17544,5056.03,0
2.08141,3499.51,3.25251,0.76102,7.37747,5041.1,0
2.08272,3499.51,3.26645,0.689248,6.42351,5036.3,0
2.08399,3499.56,3.2438,0.693001,3.63973,5011.16,0
2.08529,3499.57,3.21056,0.723396,8.08464,5001.33,0
2.08659,3499.5,3.24696,0.672463,0.633579,5030.65,0
2.08789,3499.52,3.1732,0.644406,6.99941,5017.4,0
2.08919,3499.5,3.14416,0.631769,7.55287,5024.17,0
2.09049,3499.49,3.15545,0.678471,3.31875,5028.01,0
2.0918,3499.45,3.16011,0.696636,7.02254,5043.59,0
2.09312,3499.47,3.15178,0.672478,6.11035,5031.25,0
2.09441,3499.49,3.145,0.653343,5.14811,5018.55,0
2.09569,3499.53,3.05456,0.681601,9.98719,4994.22,0
2.09698,3499.5,3.04186,0.677345,6.56931,5005.97,0
2.09826,3499.49,3.0398,0.676189,9.69888,5010.68,0
2.09957,3499.46,3.00643,0.677418,10.5825,5018.45,0
2.10084,3499.45,2.98377,0.664256,6.41462,5021.38,0
2.10213,3499.47,2.91748,0.700424,7.66776,5006.89,0
2.10344,3499.48,2.88958,0.715628,1.79113,5001.26,0
2.10474,3499.47,2.86462,0.720429,9.77297,5001.5,0
2.10603,3499.53,2.78955,0.718696,0.67245,4973.66,0
2.10733,3499.51,2.75701,0.711571,2.64379,4978.39,0
2.1086,3499.51,2.76446,0.660484,4.41896,4976.31,0
2.1099,3499.49,2.76199,0.623393,10.1513,4978.97,0
2.11119,3499.47,2.78713,0.637142,4.52191,4988.28,0
2.1125,3499.48,2.76115,0.648588,10.5665,4981.55,0
2.11381,3499.49,2.76774,0.663753,1.91283,4969.96,0
2.1151,3499.48,2.72484,0.636685,9.98952,4975.4,0
2.11639,3499.48,2.69397,0.690302,3.40365,4970.83,0
2.1177,3499.47,2.67884,0.713926,7.4355,4970.54,0
2.119,3499.45,2.65539,0.704234,8.46336,4977.25,0
2.1203,3499.45,2.66279,0.658879,9.34844,4975,0
2.12159,3499.4,2.6582,0.681881,5.39022,4994.39,0
2.12289,3499.47,2.60821,0.750579,4.2062,4962.22,0
2.12417,3499.46,2.57563,0.696727,11.2912,4963.74,0
2.12547,3499.46,2.5586,0.688479,3.47012,4959.07,0
2.12678,3499.44,2.5568,0.712141,5.22053,4965.48,0
2.12807,3499.41,2.52356,0.739024,8.00203,4975.53,0
2.1294,3499.35,2.50244,0.738056,3.71071,4999.78,0
2.13068,3499.38,2.42985,0.781541,8.72452,4984.4,0
2.132,3499.41,2.37128,0.854838,3.10136,4966.77,0
2.13332,3499.43,2.33066,0.860623,2.29429,4956.75,0
2.13461,3499.43,2.2747,0.820002,6.16912,4952.95,0
2.13591,3499.42,2.24229,0.844511,4.89764,4953.79,0
2.13721,3499.36,2.27222,0.819471,7.99518,4978.3,0
2.13852,3499.3,2.26839,0.775494,4.22618,5003.83,0
2.13982,3499.3,2.23732,0.750913,6.77062,5001.31,0
2.14112,3499.24,2.22963,0.727012,0.592531,5023.85,0
2.14242,3499.24,2.19974,0.757676,9.76298,5023.62,0
2.14372,3499.2,2.19418,0.772337,5.66941,5039.49,0
2.14502,3499.19,2.17013,0.767804,2.81013,5037.6,0
2.14632,3499.16,2.15316,0.742683,7.51073,5048.49,0
2.1476,3499.21,2.14751,0.700306,6.41859,5023.61,0
2.14892,3499.23,2.10547,0.661801,3.1642,5010.81,0
2.15025,3499.19,2.08382,0.645425,0.522869,5028.12,0
2.15156,3499.2,2.04753,0.700391,5.73515,5018.49,0
2.15285,3499.2,2.05005,0.704305,4.43251,5018.29,0
2.15415,3499.16,2.06294,0.692124,6.72278,5032.18,0
2.15546,3499.12,2.00536,0.75938,6.26376,5046.57,0
2.15676,3499.12,1.95545,0.762336,5.5603,5043.04,0
2.15807,3499.11,1.93444,0.723885,11.4833,5044.9,0
2.15938,3499.06,1.92666,0.698796,7.01472,5066.27,0
2.16068,3499.02,1.94714,0.683711,7.61925,5083.84,0
2.16197,3499.07,1.9471,0.633376,4.46039,5055.23,0
2.16328,3499.04,1.90195,0.639636,8.97174,5065.78,0
2.16459,3499.03,1.91075,0.57703,5.23721,5068.98,0
2.16588,3499.01,1.90556,0.555274,2.4428,5074.54,0
2.16718,3498.94,1.90509,0.481183,3.07132,5102.36,0
2.16846,3498.94,1.8503,0.479228,11.1855,5100.9,0
2.16977,3498.91,1.82231,0.468091,10.0812,5111.23,0
2.17107,3498.91,1.80587,0.476083,6.04546,5108.38,0
2.17237,3498.88,1.81059,0.497205,4.63192,5118.11,0
2.17365,3498.9,1.76069,0.469578,11.5706,5107.55,0
2.17495,3498.84,1.73446,0.452593,6.06699,5131.89,0
2.17625,3498.87,1.67599,0.491195,4.9529,5112.25,0
2.17754,3498.86,1.64056,0.547486,6.05451,5114.92,0
2.17884,3498.84,1.56238,0.561192,8.36917,5120.87,0
2.18014,3498.83,1.51765,0.568215,2.44674,5122.68,0
2.18145,3498.83,1.50433,0.495928,2.61004,5119.4,0
2.18274,3498.83,1.46539,0.479773,7.82559,5115.15,0
2.18404,3498.8,1.4186,0.507379,5.21952,5130.26,0
2.18533,3498.79,1.38594,0.524281,1.98517,5130.62,0
2.18664,3498.77,1.32895,0.500358,7.63995,5134.12,0
2.18795,3498.75,1.28903,0.448266,8.18865,5141.26,0
2.18925,3498.75,1.24855,0.388664,11.0026,5136.73,0
2.19055,3498.75,1.18851,0.380275,1.48911,5136.63,0
