0.00127333,3509.91,0.469497,-0.464636,1.05335,68754.7,0
0.002575,3509.93,0.412951,-0.567491,0.796137,25870.9,0
0.00386487,3509.95,0.524839,-0.496514,0.642136,13647.5,0
0.00516284,3509.97,0.56534,-0.365083,0.345006,5482.49,0
0.00646957,3509.99,0.562948,-0.365072,0.157488,2274.98,0
0.0077807,3509.87,0.535914,-0.361514,1.57474,16890.4,0
0.00908258,3509.79,0.449881,-0.398383,2.35548,22643.4,0
0.0103863,3509.7,0.462543,-0.292022,3.38534,28614.6,0
0.0116777,3509.73,0.436425,-0.28644,2.91455,23370,0
0.0129767,3509.73,0.374155,-0.274707,2.71499,20731.3,0
0.0142916,3509.72,0.429862,-0.21003,2.79181,19675.7,0
0.0156068,3509.71,0.46872,-0.167096,2.84272,18623.9,0
0.0168988,3509.75,0.510067,-0.182181,2.21642,14857.9,0
0.0181988,3509.85,0.556884,-0.0869143,0.867771,8180.86,0
0.0194874,3509.74,0.605125,-0.278702,2.11131,13086.8,0
0.0208012,3509.86,0.556591,-0.0800793,0.627918,6587.86,0
0.0221121,3509.81,0.55646,-0.0158293,1.18976,8430.34,0
0.023421,3509.78,0.655829,-0.0292102,1.48749,9205.9,0
0.0247151,3509.83,0.583484,-0.0977023,0.814486,6783.3,0
0.0260253,3509.78,0.52638,0.121419,1.40463,8271.06,0
0.0273199,3509.75,0.495872,0.299521,1.83134,9295.21,0
0.0286208,3509.8,0.397526,0.291777,1.10376,6940.83,0
0.0299247,3509.83,0.345269,0.305104,0.79926,5830.49,0
0.03125,3509.79,0.298962,0.567797,1.18289,6826.46,0
0.0325254,3509.74,0.206243,0.597679,1.72791,8089.7,0
0.0338356,3509.81,0.13034,0.532527,0.881297,5631.9,0
0.0351571,3509.83,0.29113,0.652107,0.505999,4760.41,0
0.0364479,3509.75,0.328351,0.753169,1.43038,6836.32,0
0.0377327,3509.83,0.400889,0.753404,0.441788,4572.45,0
0.0390353,3509.79,0.495892,0.626333,0.941963,5475.73,0
0.0403501,3509.66,0.42047,0.628317,2.3963,8347.41,0
0.0416466,3509.67,0.448376,0.564543,2.25948,7899.66,0
0.0429216,3509.68,0.32049,0.650079,2.15356,7538.36,0
0.0442295,3509.64,0.37218,0.63055,2.48517,8066.27,0
0.0455211,3509.68,0.38836,0.607238,1.87559,6929.12,0
0.0468144,3509.67,0.397118,0.626388,1.94561,7038.55,0
0.0481177,3509.58,0.429633,0.659834,2.83963,8714.09,0
0.0494507,3509.53,0.446862,0.637069,3.42532,9580.28,0
0.0507656,3509.48,0.421884,0.652236,3.74822,10224,0
0.0520811,3509.4,0.43267,0.691342,4.49139,11528.8,0
0.0533747,3509.36,0.4326,0.730473,4.51398,11908.9,0
0.0546805,3509.31,0.46416,0.695266,4.922,12562.5,0
0.0559818,3509.31,0.468344,0.650077,4.67857,12411,0
0.0572848,3509.28,0.476661,0.600585,4.89808,12617.4,0
0.0585825,3509.26,0.446023,0.611427,4.61652,12551.1,0
0.0598982,3509.26,0.433499,0.622862,4.47685,12341.2,0
0.0611975,3509.31,0.438291,0.558201,3.74543,11215,0
0.0625189,3509.26,0.425291,0.589306,4.17888,11874.8,0
0.0638044,3509.25,0.446362,0.606922,4.20188,11777.7,0
0.0651065,3509.21,0.437498,0.591627,4.46536,12082.7,0
0.0663944,3509.24,0.432171,0.606887,3.92853,11444.5,0
0.0676771,3509.21,0.428083,0.570838,4.14357,11692.4,0
0.0689536,3509.21,0.388341,0.567627,3.9088,11523.8,0
0.0702623,3509.17,0.361326,0.546121,4.13918,11781.9,0
0.0715777,3509.18,0.407668,0.556705,3.79142,11461.9,0
0.0728869,3509.2,0.428832,0.602319,3.33947,11031.8,0
0.0741823,3509.24,0.438732,0.551419,2.68205,10257.5,0
0.0754953,3509.28,0.354055,0.547798,2.05354,9538.03,0
0.0767984,3509.35,0.440036,0.419522,1.12731,8486.71,0
0.0781177,3509.38,0.375657,0.46843,0.731612,7937.45,0
0.0794149,3509.35,0.222418,0.418083,1.07531,8151.53,0
0.080713,3509.28,0.154225,0.378063,2.00043,8966.69,0
0.0820064,3509.36,0.218358,0.310026,0.828724,7771.31,0
0.0832966,3509.32,0.261311,0.232833,1.35876,8167.31,0
0.084608,3509.36,0.224449,0.356403,0.802547,7565.79,0
0.085913,3509.4,0.196433,0.325228,0.311687,7017.59,0
0.0872245,3509.34,0.221097,0.291338,1.01702,7559.66,0
0.0885293,3509.29,0.241041,0.270619,1.60375,7997.98,0
0.0898094,3509.31,0.113822,0.338284,1.36781,7726.58,0
0.0911062,3509.39,0.0667463,0.414338,0.281532,6694.5,0
0.0923913,3509.26,0.112072,0.31778,1.98527,8024.17,0
0.093692,3509.39,0.14806,0.307725,0.310942,6505.12,0
0.0950091,3509.25,0.196588,0.301324,1.97414,7841.69,0
0.0962792,3509.2,0.190844,0.282007,2.64544,8335.14,0
0.0975933,3509.16,0.193334,0.271315,2.98833,8585.85,0
0.0988946,3509.23,0.211839,0.271766,2.05568,7793,0
0.100193,3509.18,0.216574,0.283245,2.66022,8233.61,0
0.101495,3509.18,0.255994,0.235908,2.55916,8126.68,0
0.102807,3509.14,0.276857,0.316644,3.00553,8406.18,0
0.1041,3509.14,0.239367,0.302737,2.77088,8283.63,0
0.105398,3509.2,0.192659,0.281688,1.93238,7590.43,0
0.106697,3509.2,0.275907,0.301549,1.75952,7465.35,0
0.108009,3509.18,0.231123,0.222451,2.06552,7602.83,0
0.10932,3509.21,0.289374,0.258283,1.50381,7198.06,0
0.110614,3509.23,0.243015,0.244017,1.20411,6926.33,0
0.111921,3509.23,0.321399,0.151702,1.14637,6867.69,0
0.113206,3509.19,0.287636,-0.0333467,1.65606,7187.97,0
0.114502,3509.18,0.153703,-0.115181,1.61736,7137.03,0
0.115816,3509.08,0.118335,-0.107484,2.74811,7908.42,0
0.117118,3509.13,0.0288967,-0.0218693,2.15302,7427.86,0
0.118411,3509.12,-0.0512664,0.0575409,2.14817,7401.46,0
0.119715,3509.1,0.0267052,0.196686,2.38908,7514.56,0
0.121023,3509.1,-0.0255521,0.323375,2.30508,7462.13,0
0.122338,3509.12,-0.068883,0.290329,2.02494,7215.68,0
0.123619,3509.03,-0.0601308,0.283985,3.11298,7833.68,0
0.124908,3509.04,-0.0514418,0.29343,2.92639,7704.58,0
0.126212,3509.06,-0.0382699,0.318816,2.54116,7430.7,0
0.127524,3508.99,-0.0403758,0.334916,3.33245,7910.21,0
0.128811,3509,-0.0484398,0.275828,3.13845,7774.98,0
0.130111,3508.97,-0.0823678,0.282504,3.32287,7941.4,0
0.131402,3509.01,-0.0918653,0.28872,2.6102,7554.6,0
0.132721,3509.07,-0.0260387,0.327612,1.73891,7016.29,0
0.134023,3509.11,-0.130368,0.466523,1.17022,6665.25,0
0.135333,3509.11,-0.0907951,0.426802,1.18318,6597.98,0
0.136643,3509.13,-0.0964184,0.459896,0.832685,6342.04,0
0.137953,3509.08,-0.11738,0.45146,1.51678,6666.72,0
0.139248,3509.03,-0.213577,0.375756,2.1779,6957.49,0
0.140537,3509.17,-0.165397,0.476803,0.300269,5909.31,0
0.141843,3509.05,-0.0649821,0.453735,1.91767,6726.63,0
0.143138,3509.03,-0.0717082,0.462609,2.01635,6789.05,0
0.144439,3509.1,-0.166044,0.484776,0.959534,6206.52,0
0.145723,3509.11,-0.211049,0.403467,0.860859,6084.75,0
0.147021,3509.14,-0.229628,0.422887,0.406194,5818.57,0
0.148322,3509.03,-0.232108,0.386549,1.88064,6546.51,0
0.149619,3508.99,-0.329477,0.335466,2.23932,6717.9,0
0.150933,3508.93,-0.265053,0.302383,3.0176,7074.61,0
0.152235,3508.89,-0.313338,0.361959,3.63338,7317.04,0
0.153518,3508.83,-0.308074,0.355151,4.08893,7589.5,0
0.154815,3508.83,-0.294385,0.303298,3.94091,7555.29,0
0.156103,3508.83,-0.299796,0.313023,3.71406,7523.19,0
0.157414,3508.89,-0.301844,0.27538,2.66019,7041.23,0
0.15873,3508.83,-0.374332,0.289295,3.32468,7385.97,0
0.160024,3508.8,-0.397114,0.268307,3.539,7495.57,0
0.16132,3508.81,-0.370814,0.207437,3.35025,7407.38,0
0.162617,3508.78,-0.276711,0.236759,3.5607,7504.51,0
0.163916,3508.77,-0.263785,0.179566,3.52086,7513.61,0
0.165219,3508.77,-0.246747,0.18476,3.28378,7468.11,0
0.166527,3508.83,-0.232915,0.237198,2.34475,7041.29,0
0.167817,3508.88,-0.283873,0.306744,1.51147,6664.37,0
0.169125,3508.88,-0.334008,0.354292,1.41956,6614.08,0
0.170421,3508.82,-0.323401,0.287149,2.18174,6933.1,0
0.171728,3508.76,-0.39376,0.29999,2.79639,7192.81,0
0.173037,3508.8,-0.396064,0.225492,2.24772,6915.74,0
0.174329,3508.8,-0.402214,0.217604,2.27944,6892.97,0
0.175634,3508.88,-0.337515,0.235282,1.14738,6379.63,0
0.176919,3508.77,-0.29454,0.199659,2.55715,6958.21,0
0.178211,3508.76,-0.273285,0.171344,2.63785,6956.72,0
0.17952,3508.7,-0.225833,0.167626,3.31352,7217.76,0
0.180821,3508.7,-0.23008,0.113207,3.16152,7169.45,0
0.182137,3508.64,-0.19192,0.0622232,3.86994,7464.1,0
0.183453,3508.61,-0.187578,0.0496304,4.16564,7601.46,0
0.184751,3508.63,-0.153465,0.0204464,3.55197,7418.91,0
0.186073,3508.61,-0.170939,0.0503219,3.62052,7455.56,0
0.187376,3508.58,-0.213362,0.12021,3.78318,7573.89,0
0.188674,3508.54,-0.279972,0.110246,3.99738,7714.89,0
0.189994,3508.61,-0.2423,0.107257,2.82928,7304.61,0
0.191287,3508.58,-0.222274,0.0628881,3.14204,7409.89,0
0.192587,3508.6,-0.139173,-0.0138006,2.83225,7267.98,0
0.193912,3508.66,-0.123188,-0.0466278,1.8793,6888.77,0
0.195218,3508.73,-0.174994,0.0652871,0.795436,6482.58,0
0.196531,3508.74,-0.118358,0.18689,0.745293,6430.59,0
0.197832,3508.72,-0.0200785,0.155768,0.992228,6491.39,0
0.19915,3508.62,-0.0454999,0.147667,2.21857,6910.4,0
0.200456,3508.57,-0.0233681,0.171288,2.76546,7111.39,0
0.201755,3508.58,-0.157153,0.204456,2.51835,7038.87,0
0.203047,3508.55,-0.204501,0.210161,2.83191,7145.56,0
0.204352,3508.48,-0.191366,0.219975,3.56356,7431.74,0
0.205677,3508.5,-0.251814,0.200713,3.07464,7295.47,0
0.206969,3508.54,-0.168401,0.280329,2.33181,7032.92,0
0.208265,3508.57,-0.136221,0.233432,1.88578,6856.81,0
0.209577,3508.5,-0.108799,0.226211,2.81485,7161.66,0
0.210907,3508.48,-0.139633,0.205369,2.84868,7205.25,0
0.212214,3508.5,-0.161057,0.333354,2.41137,7070.59,0
0.213484,3508.52,-0.0677732,0.365966,2.09407,6925.65,0
0.21477,3508.51,-0.184763,0.347893,2.21037,6916.85,0
0.216074,3508.65,-0.145287,0.359514,0.33561,6267.29,0
0.217371,3508.47,-0.28171,0.341958,2.75388,7060.48,0
0.218661,3508.51,-0.320697,0.305772,2.0531,6825.9,0
0.219965,3508.5,-0.416077,0.345833,2.0574,6817.13,0
0.221274,3508.49,-0.381081,0.283756,2.23633,6846.34,0
0.222575,3508.46,-0.327709,0.274234,2.42634,6914.43,0
0.223878,3508.5,-0.302658,0.359551,1.71761,6684.7,0
0.22516,3508.38,-0.284577,0.387654,3.33847,7198.76,0
0.226466,3508.35,-0.306416,0.322312,3.58092,7298.23,0
0.227741,3508.38,-0.309446,0.26437,2.99958,7135.23,0
0.229038,3508.35,-0.276118,0.24631,3.23299,7189.72,0
0.230334,3508.34,-0.309807,0.278474,3.21421,7186.3,0
0.231651,3508.37,-0.195808,0.290666,2.77761,7047.61,0
0.232967,3508.42,-0.156801,0.25891,1.95383,6786.38,0
0.234256,3508.42,-0.0721797,0.209791,1.85443,6730.98,0
0.235561,3508.49,0.083078,0.36293,0.824367,6407.28,0
0.236862,3508.47,-0.000375194,0.379778,1.12991,6458.49,0
0.238171,3508.51,-0.109369,0.344873,0.558882,6259.23,0
0.239459,3508.44,-0.0851021,0.283571,1.51125,6505.86,0
0.240744,3508.47,-0.0565077,0.239018,1.14945,6363.32,0
0.242031,3508.46,0.103634,0.26973,1.20508,6351.16,0
0.243362,3508.42,0.0216166,0.230607,1.74721,6483.28,0
0.244656,3508.32,0.00567049,0.248172,3.05075,6846.36,0
0.245927,3508.34,0.0289682,0.223447,2.75568,6752.68,0
0.247238,3508.37,0.0923777,0.148548,2.17191,6582.18,0
0.248536,3508.4,0.0459614,0.0565367,1.77425,6452.5,0
0.249857,3508.45,-0.00297373,0.180543,0.929074,6213.92,0
0.251168,3508.4,0.159643,0.149102,1.56535,6371.45,0
0.252449,3508.49,0.130621,0.0598555,0.251289,5975.99,0
0.25377,3508.46,0.115601,0.0895835,0.649752,6056.34,0
0.255083,3508.39,0.0822601,0.0672502,1.57493,6292.21,0
0.256383,3508.27,0.16084,0.0933627,3.29419,6758.88,0
0.257683,3508.26,0.190338,0.135802,3.20952,6738.58,0
0.258989,3508.28,0.228771,0.151576,2.72063,6625.63,0
0.260264,3508.24,0.185852,0.168529,3.31987,6773.99,0
0.26155,3508.29,0.1847,0.189514,2.5078,6541.73,0
0.262828,3508.28,0.276287,0.193139,2.4881,6544.05,0
0.264133,3508.33,0.271131,0.25612,1.71054,6341.48,0
0.265426,3508.39,0.279736,0.255961,0.725669,6061.58,0
0.266729,3508.34,0.209775,0.216461,1.40661,6214.81,0
0.268031,3508.36,0.187035,0.100912,1.13657,6120.69,0
0.269329,3508.33,0.0789146,0.154931,1.5592,6211.97,0
0.270623,3508.31,0.106845,0.175451,1.82732,6262.49,0
0.271949,3508.23,0.135199,0.184352,2.83981,6515.21,0
0.273234,3508.22,0.086251,0.219567,2.84876,6522.4,0
0.274493,3508.17,0.0919373,0.23338,3.29036,6674.49,0
0.275777,3508.13,0.0910262,0.21272,3.58497,6767.98,0
0.27708,3508.16,0.064001,0.240066,3.03595,6655.83,0
0.278392,3508.2,0.0389715,0.18406,2.35151,6476.26,0
0.279684,3508.23,-0.00680252,0.203616,1.86551,6330.59,0
0.280978,3508.31,0.0273006,0.297507,0.590424,6011.8,0
0.282282,3508.32,-0.094987,0.238272,0.535106,5962.74,0
0.2836,3508.25,-0.245676,0.0886938,1.4951,6181.68,0
0.284927,3508.15,-0.231841,0.0378094,2.86531,6498.17,0
0.28623,3508.14,-0.252844,0.00959619,2.86968,6515.51,0
0.287524,3508.16,-0.268602,-0.0545239,2.25631,6382.87,0
0.288807,3508.08,-0.262502,-0.0506301,3.44572,6644.24,0
0.290115,3508.06,-0.224352,-0.0113184,3.51329,6675.71,0
0.291426,3508,-0.220795,-0.023634,4.25079,6874.15,0
0.292707,3507.99,-0.201384,-0.024618,4.06584,6857.06,0
0.294008,3507.98,-0.224929,-0.0197814,4.13808,6878.5,0
0.295304,3508.08,-0.296003,0.00363681,2.25162,6487.67,0
0.296593,3508.19,-0.182602,0.0324711,0.750949,6110.76,0
0.297895,3508.17,-0.239505,0.00827131,1.00882,6148.08,0
0.29919,3508.1,-0.201241,0.0961157,1.92249,6336.28,0
0.30048,3508.12,-0.195004,0.0373311,1.62128,6250.66,0
0.301777,3508.13,-0.151196,0.0711889,1.57461,6211.44,0
0.303071,3508.11,-0.131833,0.0367215,1.75831,6236.75,0
0.304364,3508.02,-0.183899,0.0532047,2.84441,6504.44,0
0.305657,3508.06,-0.200221,0.125468,2.08413,6336.51,0
0.306946,3508,-0.240231,0.110582,2.87165,6503.24,0
0.308229,3508.01,-0.273916,0.181788,2.669,6469.17,0
0.309536,3508,-0.271038,0.11867,2.75992,6473.75,0
0.310809,3507.97,-0.25543,0.154098,3.07123,6535.61,0
0.312111,3507.98,-0.232112,0.141954,2.91112,6485.68,0
0.313421,3507.97,-0.19974,0.123135,2.90609,6482.1,0
0.314712,3507.98,-0.18338,0.0667392,2.57174,6419.52,0
0.316019,3508.11,-0.210123,0.24127,0.505025,5968.44,0
0.317322,3508.12,-0.213589,0.26087,0.378286,5925.3,0
0.318616,3508.05,-0.178743,0.173696,1.41717,6118.45,0
0.319923,3508.07,-0.155987,0.0741946,1.16148,6048.22,0
0.321252,3508.11,0.0298108,-0.0202862,0.553228,5895.12,0
0.322576,3508,0.115544,-0.11315,2.01804,6203.15,0
0.323866,3508.01,0.164962,-0.0892322,1.86402,6143.41,0
0.32516,3507.97,0.175993,-0.0392802,2.34887,6230.03,0
0.326474,3507.87,0.0841058,0.0487068,3.85907,6513.96,0
0.327782,3507.78,0.0855603,0.033411,5.23185,6780.01,0
0.329079,3507.8,0.0359805,0.0331499,4.68979,6695.15,0
0.330374,3507.82,0.0427833,0.0344754,4.13922,6605.11,0
0.331675,3507.81,0.0175679,0.0209855,3.99899,6614,0
0.332977,3507.84,-0.0119875,0.00842572,3.46329,6487.53,0
0.334262,3507.89,-0.0306889,-0.00988659,2.52603,6313.58,0
0.335557,3507.9,-0.0285008,-0.101269,2.24472,6257.48,0
0.336855,3507.93,-0.00674019,-0.0557819,1.83437,6150.86,0
0.338173,3507.97,-0.0528354,-0.0740033,1.12538,5994.03,0
0.339479,3508.02,-0.203011,-0.0588099,0.403874,5827.41,0
0.340774,3507.96,-0.109318,-0.0810052,1.21519,5972.89,0
0.34209,3508.01,-0.0764474,-0.0342389,0.607197,5831.07,0
0.343381,3508.02,-0.0729278,-0.0667971,0.422053,5774.67,0
0.344704,3507.86,-0.113291,-0.0118355,2.71671,6210.48,0
0.346009,3507.83,-0.153851,-0.0474008,3.02064,6273.83,0
0.347291,3507.85,-0.10697,-0.0853724,2.62161,6198.32,0
0.34859,3507.77,-0.00956779,-0.0805303,3.67952,6396.85,0
0.34988,3507.81,-0.0384072,-0.0696996,2.89582,6261.42,0
0.351207,3507.78,-0.100502,-0.0813215,3.09505,6308.73,0
0.352505,3507.87,0.0166083,-0.0543722,1.77094,6049.91,0
0.353816,3507.86,0.0435832,-0.0478361,1.86033,6056.02,0
0.355131,3507.87,0.0141565,-0.00741552,1.57253,5985.69,0
0.356421,3507.88,-0.0890978,-0.140811,1.3452,5934.49,0
0.357727,3507.94,-0.215474,-0.157198,0.422347,5764.61,0
0.359055,3507.91,-0.203879,-0.113702,0.912206,5832.67,0
0.360346,3507.93,-0.193126,-0.029645,0.522322,5746.29,0
0.361641,3507.87,-0.180893,0.075389,1.43919,5900.52,0
0.362942,3507.91,-0.253292,0.0500644,0.77373,5765.73,0
0.36425,3507.93,-0.32404,-0.0140572,0.33027,5671.21,0
0.365548,3507.88,-0.451523,-0.101805,1.07299,5805.03,0
0.366852,3507.86,-0.484392,-0.0263572,1.32033,5834.13,0
0.368167,3507.9,-0.456202,-0.181167,0.687131,5699.83,0
0.369465,3507.89,-0.404295,-0.222956,0.791632,5703.16,0
0.370766,3507.79,-0.415927,-0.191445,2.3163,5954.93,0
0.372056,3507.81,-0.45882,-0.241605,1.81739,5872.89,0
0.373363,3507.87,-0.48815,-0.291439,0.803918,5701.6,0
0.374674,3507.83,-0.513865,-0.314329,1.37738,5786.69,0
0.375979,3507.78,-0.466688,-0.227765,2.21676,5917.8,0
0.377289,3507.69,-0.486535,-0.202974,3.28593,6127.76,0
0.378587,3507.67,-0.473404,-0.243992,3.49644,6156.76,0
0.379894,3507.65,-0.518156,-0.246221,3.65667,6186.82,0
0.381203,3507.62,-0.507527,-0.205519,4.03546,6242.85,0
0.382508,3507.67,-0.519317,-0.198681,3.0711,6097.99,0
0.383838,3507.72,-0.647057,-0.219761,2.11203,5944.07,0
0.385124,3507.77,-0.76035,-0.36256,1.12068,5795.38,0
0.386424,3507.74,-0.912579,-0.382669,1.47913,5860.53,0
0.387724,3507.69,-0.927294,-0.231215,2.27386,5967.54,0
0.389033,3507.7,-0.995174,-0.0969933,2.06327,5921.67,0
0.390325,3507.7,-0.978322,-0.160624,1.91402,5901.56,0
0.391633,3507.66,-0.994392,-0.208535,2.30223,5964.55,0
0.392934,3507.68,-1.12457,-0.20637,1.83544,5898.22,0
0.394231,3507.66,-1.21737,-0.182392,2.02026,5934.48,0
0.395535,3507.68,-1.20906,-0.0770328,1.65139,5866.96,0
0.396839,3507.62,-1.22364,-0.0806161,2.45259,6007.83,0
0.39816,3507.58,-1.28892,-0.125173,2.89679,6078.88,0
0.399446,3507.59,-1.29823,-0.207517,2.67864,6039.09,0
0.400753,3507.6,-1.2457,-0.152311,2.35207,5976.69,0
0.402053,3507.67,-1.26998,-0.135233,1.19869,5782.94,0
0.403358,3507.73,-1.17321,-0.203647,0.36869,5615.89,0
0.404646,3507.71,-1.24231,-0.195493,0.606493,5651.94,0
0.405958,3507.71,-1.13692,-0.221268,0.795585,5645.14,0
0.407251,3507.7,-1.08314,-0.285335,0.933241,5645.52,0
0.408553,3507.59,-0.991751,-0.340064,2.60416,5893.79,0
0.409859,3507.57,-0.969074,-0.391816,2.83553,5927.53,0
0.41115,3507.56,-1.0411,-0.35683,2.77145,5938.61,0
0.412426,3507.56,-1.07184,-0.318732,2.59775,5904.47,0
0.413722,3507.51,-1.04124,-0.281571,3.33655,6024.15,0
0.415036,3507.49,-0.996076,-0.246951,3.54556,6059.43,0
0.416343,3507.43,-0.963959,-0.272264,4.15784,6165.6,0
0.417649,3507.46,-0.946661,-0.309685,3.55085,6093.25,0
0.418958,3507.51,-0.929198,-0.319079,2.64266,5943.57,0
0.420253,3507.49,-0.954418,-0.310872,2.76463,5965.62,0
0.421557,3507.46,-0.941572,-0.405128,3.22174,6035.07,0
0.422836,3507.5,-1.03141,-0.401638,2.25651,5913.6,0
0.424134,3507.47,-0.998184,-0.464798,2.60981,5955.66,0
0.425449,3507.42,-0.990377,-0.495252,3.52849,6073.03,0
0.426772,3507.4,-0.949421,-0.54213,3.57954,6092.08,0
0.428081,3507.42,-0.903359,-0.486766,3.12053,6017.96,0
0.429362,3507.45,-0.898742,-0.470887,2.61101,5942.16,0
0.430664,3507.55,-0.831614,-0.460014,0.966334,5685.35,0
0.431953,3507.56,-0.964243,-0.428345,0.754098,5656.91,0
0.433249,3507.51,-1.06925,-0.430523,1.40663,5751.5,0
0.434559,3507.5,-1.10029,-0.391934,1.43894,5748.34,0
0.435869,3507.58,-1.13444,-0.334086,0.236413,5560.03,0
0.437169,3507.43,-1.18916,-0.350965,2.35089,5870.02,0
0.438483,3507.45,-1.21794,-0.201253,2.02078,5806.23,0
0.439771,3507.51,-1.1055,-0.218679,1.15799,5655.06,0
0.441066,3507.49,-1.09657,-0.256721,1.55347,5698.56,0
0.442377,3507.46,-1.06703,-0.261635,1.81972,5731.77,0
0.443673,3507.42,-1.10456,-0.342321,2.40059,5822.08,0
0.44498,3507.48,-1.10846,-0.365885,1.27885,5653.04,0
0.446275,3507.51,-1.05515,-0.414908,0.826465,5568.82,0
0.44756,3507.47,-1.04407,-0.346076,1.58986,5659.15,0
0.448859,3507.49,-1.10817,-0.271476,1.18229,5601.3,0
0.45015,3507.39,-1.21763,-0.109266,2.48568,5787.17,0
0.451451,3507.39,-1.18341,-0.125159,2.59973,5789.53,0
0.452772,3507.47,-1.30585,-0.203576,1.03236,5590.82,0
0.454084,3507.38,-1.37146,-0.192459,2.25412,5765.61,0
0.45539,3507.38,-1.33457,-0.171304,2.31632,5746.56,0
0.456673,3507.42,-1.27884,-0.116589,1.7601,5644.33,0
0.457972,3507.47,-1.33284,-0.297025,0.912859,5532.56,0
0.459265,3507.41,-1.24618,-0.339202,1.87436,5631.97,0
0.460564,3507.4,-1.31326,-0.395077,1.98654,5647.65,0
0.46184,3507.33,-1.32388,-0.406019,2.91641,5778.1,0
0.463151,3507.35,-1.25524,-0.394118,2.7395,5729.56,0
0.464464,3507.41,-1.31187,-0.394754,1.4421,5568.66,0
0.465764,3507.4,-1.25039,-0.37193,1.7041,5584.74,0
0.46708,3507.33,-1.19654,-0.457031,2.79685,5721.53,0
0.468381,3507.4,-1.1684,-0.466041,1.59737,5560.62,0
0.469689,3507.47,-1.06459,-0.443997,0.515113,5383.82,0
0.47099,3507.44,-1.04522,-0.364825,1.10237,5436.87,0
0.472286,3507.44,-1.01125,-0.447592,1.00188,5411.26,0
0.473583,3507.35,-0.962646,-0.403294,2.61679,5599.36,0
0.474881,3507.3,-0.962049,-0.373106,3.29942,5686.7,0
0.476188,3507.3,-0.973591,-0.38813,3.08028,5668.48,0
0.477479,3507.33,-0.973019,-0.385731,2.57702,5599.7,0
0.478771,3507.3,-0.987008,-0.3028,2.99646,5648.06,0
0.480061,3507.25,-1.04423,-0.241216,3.52026,5719.61,0
0.481378,3507.25,-1.05586,-0.296884,3.53824,5722.68,0
0.482686,3507.27,-1.04102,-0.245783,3.15882,5666.11,0
0.483983,3507.23,-1.04692,-0.296386,3.61078,5731.48,0
0.485273,3507.28,-1.07042,-0.323429,2.43723,5598.07,0
0.486576,3507.39,-1.02881,-0.257553,0.765409,5371.47,0
0.487877,3507.36,-0.985373,-0.326812,1.10507,5402.07,0
0.489183,3507.35,-0.927495,-0.280903,1.42094,5424.28,0
0.490478,3507.32,-0.922777,-0.285504,1.8263,5468.82,0
0.491779,3507.29,-0.972961,-0.295154,2.18317,5513.56,0
0.493098,3507.31,-0.94614,-0.221369,1.79439,5456.1,0
0.494408,3507.4,-0.917252,-0.252842,0.377081,5267.53,0
0.495713,3507.39,-0.854013,-0.0690023,0.519955,5264.17,0
0.497005,3507.39,-0.830322,-0.181846,0.460199,5246.99,0
0.498311,3507.37,-0.629974,-0.0189468,1.02863,5278.09,0
0.4996,3507.31,-0.586752,-0.0807869,2.02376,5389.1,0
0.500903,3507.42,-0.634112,-0.109339,0.146481,5155.73,0
0.502199,3507.32,-0.638071,-0.0922033,1.61634,5328.24,0
0.503486,3507.32,-0.581441,-0.114285,1.56974,5314.49,0
0.504781,3507.32,-0.580501,-0.0251471,1.62626,5307.36,0
0.506073,3507.38,-0.482431,0.0706759,0.677506,5174.3,0
0.507386,3507.35,-0.485555,-0.0298552,1.19451,5228.35,0
0.50868,3507.34,-0.462428,-0.00366218,1.32686,5234.57,0
0.509978,3507.37,-0.486883,-0.0750242,0.72899,5154.6,0
0.511267,3507.28,-0.462312,-0.0591887,2.20252,5321.93,0
0.51256,3507.24,-0.558459,-0.0903457,2.76721,5388.29,0
0.513856,3507.26,-0.560382,0.0445381,2.48359,5339.88,0
0.515159,3507.33,-0.464135,-0.104412,1.3489,5191.93,0
0.516447,3507.37,-0.428701,0.00864555,0.62645,5092.11,0
0.517731,3507.36,-0.423814,0.0564081,0.736503,5091.73,0
0.519034,3507.38,-0.241162,0.0694563,0.457804,5041.15,0
0.520351,3507.35,-0.256403,0.218427,1.03501,5100.05,0
0.521645,3507.35,-0.244475,0.096774,1.00209,5077.34,0
0.522945,3507.27,-0.37321,0.217465,2.259,5227.45,0
0.524262,3507.26,-0.415816,0.193468,2.27826,5229.58,0
0.525566,3507.36,-0.289617,0.231876,0.701767,5032.14,0
0.526857,3507.34,-0.307154,0.220906,0.918496,5045.58,0
0.528168,3507.3,-0.409058,0.0900187,1.48424,5103.29,0
0.529473,3507.33,-0.359931,0.1477,1.00168,5037.37,0
0.53077,3507.33,-0.358596,0.0507966,1.05665,5034.31,0
0.532085,3507.33,-0.362325,0.132692,0.954188,5011.24,0
0.533387,3507.25,-0.462791,0.252829,2.18486,5147,0
0.534674,3507.3,-0.438619,0.227058,1.4029,5045.9,0
0.535976,3507.35,-0.470885,0.170564,0.504432,4937.15,0
0.537284,3507.27,-0.49394,0.210362,1.75799,5075.3,0
0.538578,3507.19,-0.508357,0.213801,3.11514,5223.4,0
0.539881,3507.18,-0.491342,0.237805,3.0752,5230.72,0
0.541187,3507.15,-0.482441,0.222569,3.10381,5259.6,0
0.542494,3507.19,-0.443802,0.206975,2.35349,5180.67,0
0.543812,3507.16,-0.465649,0.176169,2.61353,5215.51,0
0.545121,3507.11,-0.460707,0.147925,3.32116,5294.44,0
0.546412,3507.1,-0.482507,0.17093,3.35865,5301.37,0
0.547698,3507.13,-0.541883,0.163406,2.69217,5242.83,0
0.549008,3507.08,-0.489266,0.13729,3.36871,5315.71,0
0.550314,3507.2,-0.42193,0.0967852,1.35846,5093.5,0
0.551605,3507.1,-0.429212,0.133799,2.88614,5255.27,0
0.552917,3507.14,-0.419282,0.109314,2.21309,5181.29,0
0.554232,3507.12,-0.582111,0.127222,2.19557,5189.25,0
0.555536,3507.19,-0.468884,0.0612001,1.1386,5063.86,0
0.55683,3507.15,-0.487029,0.144469,1.73733,5121.71,0
0.558139,3507.17,-0.475858,-0.00877147,1.44226,5079.17,0
0.559438,3507.14,-0.418955,-0.0668071,1.81567,5111.03,0
0.560731,3507.21,-0.368908,-0.248471,0.654667,4983.88,0
0.562027,3507.2,-0.366246,-0.213832,0.703686,4980.17,0
0.56334,3507.17,-0.244073,-0.203634,1.33607,5030.78,0
0.56465,3507.09,-0.281228,-0.0835171,2.54075,5147.56,0
0.565946,3507.05,-0.282866,-0.0277563,3.13348,5214.5,0
0.567262,3507.15,-0.310506,0.00867418,1.38768,5032.13,0
0.568563,3507.19,-0.259045,-0.0972763,0.650457,4945.61,0
0.569862,3507.12,-0.266985,-0.142288,1.77799,5058.15,0
0.571167,3507.18,-0.329824,-0.164119,0.654137,4935.32,0
0.572469,3507.08,-0.414069,-0.216618,2.24579,5101.07,0
0.573784,3507.11,-0.518246,-0.292045,1.40841,5028.17,0
0.575093,3507.12,-0.670296,-0.395533,1.01025,5008.55,0
0.576404,3507.15,-0.718681,-0.365468,0.486616,4947.28,0
0.577699,3507.09,-0.702269,-0.265634,1.50819,5037.3,0
0.578975,3507.09,-0.622793,-0.168788,1.69905,5034.63,0
0.58028,3507.04,-0.698765,-0.207202,2.32053,5095.18,0
0.581593,3507.08,-0.604099,-0.171295,1.75757,5018.97,0
0.58289,3507.01,-0.570747,-0.19425,2.86487,5125.7,0
0.584179,3507.02,-0.537252,-0.149238,2.72289,5102.67,0
0.58547,3507.12,-0.657745,-0.245042,0.727727,4912.26,0
0.586773,3507.15,-0.701418,-0.320917,0.191352,4859.72,0
0.588082,3507.06,-0.578213,-0.478752,1.66069,5000.61,0
0.589397,3507.04,-0.492427,-0.45166,2.01153,5017.15,0
0.590696,3507.11,-0.513367,-0.451951,0.789276,4886.64,0
0.592001,3507.07,-0.533471,-0.479966,1.41573,4945.98,0
0.593293,3507.02,-0.541216,-0.513063,2.12513,5016.91,0
0.594599,3507.14,-0.465753,-0.527233,0.174696,4806.17,0
0.595903,3507.09,-0.378462,-0.480013,1.21705,4890.89,0
0.59721,3507.05,-0.284904,-0.403252,1.82745,4933.32,0
0.598514,3507.07,-0.137298,-0.323841,1.60145,4898.77,0
0.599796,3507.1,-0.130611,-0.275993,0.968413,4832.31,0
0.601081,3507.13,-0.0771671,-0.359871,0.400719,4774.23,0
0.602382,3507.02,-0.0459565,-0.246326,2.26597,4945.44,0
0.603686,3507.09,-0.0542933,-0.413414,0.960411,4816.23,0
0.605007,3507.12,-0.0868196,-0.46233,0.52456,4766.02,0
0.606304,3507.07,-0.0048635,-0.454412,1.23606,4826.52,0
0.607607,3507.12,-0.017055,-0.522201,0.373415,4738.8,0
0.608902,3507.04,-0.0761443,-0.391356,1.86148,4864.5,0
0.610212,3507.06,-0.168224,-0.37071,1.4837,4822.84,0
0.611513,3507.1,-0.0874207,-0.334265,0.772402,4744.33,0
0.612826,3507.11,-0.175751,-0.455749,0.412003,4710.44,0
0.614125,3507.08,-0.222485,-0.444193,0.915861,4751.51,0
0.615422,3507.08,-0.265745,-0.380109,1.06133,4752.22,0
0.61671,3507.09,-0.229796,-0.437275,0.71986,4715.02,0
0.618033,3507.07,-0.118972,-0.45773,1.08128,4738.46,0
0.619337,3507.07,0.01695,-0.400282,1.10959,4731.3,0
0.620629,3507.07,0.091734,-0.330102,1.00556,4713.32,0
0.621939,3506.97,0.0566437,-0.212193,2.87611,4879.62,0
0.623263,3506.93,0.104603,-0.209144,3.32725,4930.34,0
0.624533,3506.87,0.10754,-0.22367,4.12117,5010.16,0
0.625841,3506.86,0.125003,-0.294201,4.04341,5018.86,0
0.627128,3506.85,0.0874451,-0.332297,4.03965,5030.37,0
0.628427,3506.86,0.0581852,-0.269463,3.77379,4999.25,0
0.629729,3506.86,0.0693284,-0.285522,3.42203,4981.03,0
0.631024,3506.88,0.102848,-0.342291,3.15774,4951.89,0
0.632338,3507,0.0619546,-0.335798,0.985455,4747.59,0
0.633643,3506.99,0.158161,-0.309162,1.07831,4751.57,0
0.634927,3506.98,0.186958,-0.262752,1.16087,4749.71,0
0.636208,3507,0.259739,-0.198963,0.958233,4722.9,0
0.637517,3507.01,0.115624,-0.200541,0.611378,4682.27,0
0.638803,3507.01,0.0019818,-0.166713,0.733088,4680.67,0
0.640126,3506.89,0.142912,-0.161827,2.72918,4858.95,0
0.641424,3506.98,0.124457,-0.13523,1.15916,4713.88,0
0.642726,3506.89,0.180951,-0.281831,2.68884,4844.84,0
0.644031,3506.96,0.192356,-0.360816,1.31079,4725.67,0
0.645343,3506.99,0.0138216,-0.412043,0.780245,4667.86,0
0.646653,3506.96,0.00664727,-0.568976,1.16786,4703.05,0
0.647956,3506.95,0.152995,-0.543626,1.26073,4704.21,0
0.649239,3506.84,0.239913,-0.556161,3.02925,4861.88,0
0.650535,3506.85,0.256714,-0.476871,2.9041,4847.18,0
0.651858,3506.8,0.292608,-0.410885,3.66097,4912.59,0
0.653155,3506.89,0.246825,-0.510357,1.84535,4757.81,0
0.654457,3506.82,0.216461,-0.447338,2.9751,4855.85,0
0.655766,3506.8,0.292373,-0.419774,3.15276,4872.93,0
0.657065,3506.86,0.161414,-0.377511,2.20194,4780.13,0
0.658373,3506.83,0.122801,-0.347461,2.67743,4811.91,0
0.659682,3506.89,0.107618,-0.283638,1.51938,4712.68,0
0.660995,3506.81,0.0631837,-0.242475,2.76058,4820.61,0
0.662291,3506.77,0.0459542,-0.165398,3.35539,4881.08,0
0.663584,3506.77,0.0280969,-0.1398,3.28875,4868.85,0
0.664867,3506.82,0.0692609,-0.12614,2.27722,4783.39,0
0.666182,3506.8,0.0620746,-0.111985,2.48359,4803.42,0
0.667466,3506.8,0.114571,-0.103971,2.29478,4792.98,0
0.668752,3506.87,0.136325,-0.202658,0.997084,4680.29,0
0.670055,3506.85,-0.00280765,-0.234093,1.3698,4707.55,0
0.671342,3506.79,-0.00565989,-0.217386,2.27219,4782.87,0
0.672631,3506.8,0.00995842,-0.191312,2.05465,4754.99,0
0.673938,3506.79,-0.0180799,-0.258785,2.06136,4762.78,0
0.675236,3506.75,0.0198219,-0.169574,2.77151,4817.66,0
0.676544,3506.7,0.0157897,-0.121263,3.46115,4871.73,0
0.67785,3506.71,-0.0011508,-0.0650335,3.13829,4849.55,0
0.67914,3506.71,0.0156527,-0.116071,3.10299,4851.68,0
0.680438,3506.75,0.117504,-0.0987242,2.20292,4771.85,0
0.681735,3506.74,0.0285078,-0.145552,2.39943,4787.19,0
0.68301,3506.72,0.0216575,-0.155769,2.5203,4799.08,0
0.684326,3506.7,0.0671052,-0.210963,2.90303,4824.67,0
0.685628,3506.67,0.0830967,-0.174364,3.28001,4854.03,0
0.686925,3506.77,0.176679,-0.130126,1.38065,4694.86,0
0.688235,3506.81,0.213292,-0.16654,0.710319,4633.42,0
0.689523,3506.79,0.127549,-0.135728,1.15879,4660.06,0
0.690811,3506.73,0.21364,-0.0987654,2.18799,4737.83,0
0.692105,3506.71,0.301058,-0.148489,2.38961,4759.31,0
0.693394,3506.66,0.322616,-0.136287,3.13849,4819.06,0
0.694711,3506.63,0.355605,-0.131194,3.54084,4855.3,0
0.696021,3506.63,0.469807,-0.079574,3.30115,4840.46,0
0.697346,3506.73,0.476436,-0.0980783,1.45502,4692.42,0
0.698639,3506.77,0.482856,-0.148068,0.621755,4621.78,0
0.699941,3506.67,0.457185,-0.214591,2.32184,4752.48,0
0.701255,3506.69,0.528953,-0.224594,1.88511,4721.75,0
0.702569,3506.74,0.440258,-0.210932,0.93774,4640.86,0
0.703873,3506.79,0.395775,-0.138995,0.0838786,4565.08,0
0.705194,3506.74,0.362372,-0.234171,0.861357,4624.06,0
0.706496,3506.59,0.384362,-0.232847,3.41745,4824.38,0
0.707787,3506.72,0.43197,-0.273781,0.958101,4636.45,0
0.709079,3506.76,0.378329,-0.286314,0.230366,4570.85,0
0.71039,3506.72,0.199611,-0.247566,1.03675,4619.56,0
0.711698,3506.7,0.217272,-0.197539,1.41715,4637.91,0
0.712995,3506.72,0.0611215,-0.279308,0.898251,4596.64,0
0.714308,3506.74,0.0661704,-0.210052,0.601988,4564.99,0
0.715625,3506.73,0.102439,-0.224048,0.740923,4570.76,0
0.716928,3506.69,0.12168,-0.176154,1.46895,4618.78,0
0.718216,3506.64,0.225089,-0.175979,2.39839,4684.49,0
0.719512,3506.6,0.287993,-0.200135,2.82536,4726.8,0
0.720807,3506.6,0.386038,-0.169022,2.65561,4710.36,0
0.722111,3506.65,0.404856,-0.170923,1.7108,4638.09,0
0.723435,3506.67,0.528239,-0.244066,1.19574,4603.02,0
0.724726,3506.6,0.466368,-0.234484,2.32105,4687.44,0
0.726013,3506.56,0.418291,-0.201211,3.08007,4738.45,0
0.72731,3506.58,0.345864,-0.190648,2.54275,4695.92,0
0.728615,3506.57,0.400755,-0.22748,2.79099,4708.68,0
0.729907,3506.6,0.458259,-0.251517,2.10292,4662.47,0
0.731185,3506.62,0.496526,-0.295062,1.46781,4620.54,0
0.732477,3506.67,0.536105,-0.298354,0.587654,4552.35,0
0.733774,3506.54,0.477751,-0.272273,2.89951,4715.88,0
0.735063,3506.55,0.468069,-0.280085,2.63281,4691.55,0
0.736374,3506.52,0.543638,-0.317477,3.02218,4722.71,0
0.737668,3506.46,0.509396,-0.272843,4.18376,4798.42,0
0.73896,3506.48,0.539401,-0.282906,3.66239,4764.25,0
0.74025,3506.45,0.487476,-0.402,3.97066,4795.7,0
0.741535,3506.43,0.525879,-0.418803,4.1413,4809.06,0
0.742838,3506.45,0.523318,-0.391924,3.65754,4779.05,0
0.744137,3506.48,0.533906,-0.484347,2.92764,4730.61,0
0.745439,3506.47,0.461497,-0.483864,3.10863,4736.37,0
0.746766,3506.56,0.458407,-0.519088,1.2886,4607.98,0
0.748062,3506.47,0.437124,-0.517547,2.72469,4717.85,0
0.749355,3506.45,0.436647,-0.519089,2.94554,4731.46,0
0.750662,3506.42,0.50005,-0.468233,3.354,4771.46,0
0.751962,3506.45,0.505337,-0.424723,2.58612,4715.68,0
0.753263,3506.52,0.517339,-0.418928,1.23745,4618.89,0
0.754558,3506.58,0.531537,-0.451703,0.179101,4538.09,0
0.755852,3506.49,0.549663,-0.523057,1.66178,4643.37,0
0.75714,3506.48,0.475528,-0.510751,1.97742,4653.72,0
0.758435,3506.43,0.442403,-0.47219,2.76647,4705.49,0
0.759749,3506.4,0.471718,-0.455916,3.19503,4744.62,0
0.761046,3506.34,0.477059,-0.44429,4.1025,4815.04,0
0.762336,3506.42,0.51048,-0.478766,2.20757,4690.98,0
0.763629,3506.41,0.532629,-0.48012,2.25871,4696.49,0
0.76494,3506.43,0.541212,-0.557617,1.8659,4668.21,0
0.766247,3506.47,0.545196,-0.64824,0.924554,4605.29,0
0.767545,3506.43,0.576539,-0.654386,1.59146,4650.99,0
0.768843,3506.41,0.595025,-0.846442,1.65911,4668.25,0
0.770154,3506.41,0.632463,-0.910497,1.62611,4666.74,0
0.771444,3506.32,0.567234,-0.888078,3.25002,4770.34,0
0.77274,3506.36,0.570904,-0.817553,2.37542,4706.01,0
0.774021,3506.47,0.584317,-0.833399,0.30785,4562.06,0
0.77531,3506.46,0.503756,-0.820308,0.5179,4564.01,0
0.7766,3506.43,0.450847,-0.869062,0.959088,4593.96,0
0.777899,3506.44,0.419063,-0.733227,1.04756,4578,0
0.779188,3506.41,0.319039,-0.635544,1.75159,4612.95,0
0.780494,3506.34,0.374576,-0.659338,2.89124,4692.01,0
0.781792,3506.35,0.320124,-0.648492,2.72199,4672.76,0
0.783083,3506.33,0.528513,-0.641896,2.87079,4690.64,0
0.78439,3506.37,0.463421,-0.631888,1.9615,4621.87,0
0.785703,3506.31,0.380833,-0.630035,3.12471,4690.41,0
0.786995,3506.38,0.340765,-0.67717,1.72492,4601.39,0
0.78828,3506.29,0.387166,-0.663643,3.2014,4702.7,0
0.78959,3506.35,0.429195,-0.654686,1.95656,4622.91,0
0.79089,3506.33,0.3191,-0.555298,2.43546,4641.23,0
0.792186,3506.39,0.291835,-0.473948,1.29132,4558.43,0
0.793471,3506.37,0.23022,-0.471873,1.631,4575.93,0
0.794778,3506.35,0.298331,-0.418696,1.81992,4589.71,0
0.796079,3506.39,0.237504,-0.455743,1.1688,4540.16,0
0.797346,3506.41,0.319069,-0.4826,0.455631,4497.08,0
0.798649,3506.29,0.380958,-0.533329,2.69841,4645.66,0
0.799944,3506.32,0.487563,-0.548971,1.94916,4599.29,0
0.801242,3506.32,0.60596,-0.569992,1.88674,4597.91,0
0.80255,3506.37,0.523044,-0.422189,0.99834,4527.39,0
0.803867,3506.33,0.513988,-0.32995,1.73915,4565.95,0
0.805169,3506.29,0.433642,-0.357736,2.50697,4607.11,0
0.80648,3506.38,0.39383,-0.293649,0.795701,4489.08,0
0.807789,3506.32,0.46448,-0.168514,1.93047,4555.32,0
0.809098,3506.4,0.334241,-0.361533,0.443943,4454.98,0
0.810403,3506.41,0.423918,-0.445449,0.0438443,4429.61,0
0.8117,3506.34,0.345936,-0.526771,1.20763,4504.02,0
0.813013,3506.29,0.318334,-0.520419,2.25586,4560.84,0
0.814322,3506.26,0.288181,-0.501115,2.87858,4588.44,0
0.81562,3506.3,0.33495,-0.481059,2.09129,4538.08,0
0.816927,3506.38,0.409213,-0.48563,0.339865,4425.28,0
0.818242,3506.35,0.513284,-0.401711,1.08159,4466.71,0
0.819538,3506.28,0.608814,-0.476641,2.08833,4538.33,0
0.820844,3506.35,0.482405,-0.442067,0.923198,4451.53,0
0.822121,3506.31,0.359497,-0.563756,1.5509,4484.84,0
0.823426,3506.26,0.380682,-0.677298,2.43956,4546.69,0
0.824723,3506.26,0.407771,-0.683888,2.16242,4534.64,0
0.826015,3506.28,0.42921,-0.453189,1.98013,4505.97,0
0.827325,3506.29,0.403024,-0.570444,1.46774,4480.43,0
0.828638,3506.25,0.455114,-0.624962,2.2109,4529.92,0
0.829931,3506.2,0.442685,-0.566544,3.11297,4579.75,0
0.83124,3506.28,0.489073,-0.573259,1.42596,4475.54,0
0.832549,3506.27,0.515674,-0.606942,1.57583,4486.19,0
0.833856,3506.34,0.548181,-0.631716,0.151492,4394.52,0
0.835175,3506.23,0.518781,-0.600071,2.27365,4514.36,0
0.836474,3506.24,0.448488,-0.621792,1.9829,4494.05,0
0.837777,3506.23,0.479854,-0.72359,1.98612,4499.41,0
0.839094,3506.15,0.504506,-0.693625,3.50968,4588.81,0
0.840406,3506.13,0.535045,-0.717366,3.65825,4602.82,0
0.841715,3506.13,0.585663,-0.762855,3.4458,4600.37,0
0.843037,3506.12,0.54045,-0.740173,3.49356,4598.62,0
0.84433,3506.11,0.530836,-0.728887,3.5778,4608.94,0
0.845627,3506.23,0.516949,-0.739586,0.934038,4454.01,0
0.846926,3506.12,0.534642,-0.798662,3.05388,4585.48,0
0.848225,3506.09,0.483352,-0.775663,3.4096,4604.64,0
0.849535,3506.11,0.547201,-0.781623,2.82576,4576.78,0
0.850848,3506.17,0.406099,-0.882828,1.63299,4502.32,0
0.852144,3506.13,0.274691,-0.949027,2.38221,4539.96,0
0.85344,3506.14,0.263159,-0.924744,2.21171,4526.79,0
0.854741,3506.17,0.443912,-0.985341,1.29356,4477.78,0
0.856051,3506.18,0.403843,-1.03902,1.09692,4465.23,0
0.857368,3506.09,0.353157,-1.03916,2.72349,4555.78,0
0.858667,3506.13,0.369148,-1.07327,1.82449,4502.39,0
0.859974,3506.19,0.244621,-1.10391,0.70188,4429.26,0
0.861292,3506.11,0.287547,-1.04331,2.41449,4520.92,0
0.862593,3506.13,0.0847059,-1.02776,2.01898,4488.75,0
0.863898,3506.13,0.0700939,-1.01514,1.8142,4474.69,0
0.86519,3506.13,0.0117892,-1.00998,1.93642,4477.58,0
0.86649,3506.15,-0.0780157,-1.05303,1.40311,4446.1,0
0.867791,3506.19,-0.0583152,-1.01134,0.665634,4391.18,0
0.869089,3506.13,0.0402406,-1.11566,1.55762,4451.01,0
0.870362,3506.17,-0.0517732,-1.2211,0.546502,4397.93,0
0.87167,3506.11,-0.074551,-1.14341,1.9234,4464.7,0
0.872967,3506.07,-0.0347969,-1.26387,2.29085,4498.79,0
0.874267,3506.16,-0.10105,-1.23217,0.600002,4391.18,0
0.875564,3506.14,-0.167259,-1.15278,1.03426,4406.28,0
0.876871,3506.09,-0.157267,-1.19154,2.01608,4463.53,0
0.878181,3506.11,-0.126751,-1.03233,1.80207,4428.72,0
0.879456,3506.15,-0.102435,-1.13948,0.806619,4379.4,0
0.880755,3506.13,-0.146683,-1.00715,1.35993,4391.93,0
0.882058,3506.08,-0.200945,-0.791824,2.71872,4445.12,0
0.883378,3506.09,-0.161012,-0.814676,2.21121,4420.7,0
0.88468,3506.03,-0.151519,-0.83288,3.45236,4492.49,0
0.885976,3505.96,-0.200345,-0.816386,4.59563,4563.89,0
0.887269,3505.96,-0.213828,-0.818801,4.2046,4558.48,0
0.888571,3506.02,-0.18628,-0.795549,2.79241,4484.68,0
0.889862,3506.02,-0.162979,-0.764926,2.75124,4476.04,0
0.891177,3505.96,-0.1574,-0.708398,3.86118,4530.9,0
0.892488,3506.02,-0.242662,-0.665005,2.59932,4458.72,0
0.893805,3506.13,-0.0978814,-0.743185,0.388106,4335.08,0
0.895102,3506.04,-0.0816234,-0.669931,2.10801,4422.64,0
0.896409,3506.03,-0.0581193,-0.689697,2.30238,4431.88,0
0.897723,3506.01,-0.00477799,-0.614764,2.69282,4443.61,0
0.899011,3506.03,-0.0167683,-0.648222,2.08916,4411.88,0
0.90031,3506,0.0274726,-0.594209,2.86693,4443.86,0
0.901624,3505.99,0.035702,-0.55731,2.93301,4442,0
0.902903,3506.04,-0.044148,-0.572129,1.9524,4385.83,0
0.904207,3506.04,0.050513,-0.530124,2.07962,4384.77,0
0.905517,3506.03,0.120761,-0.474605,1.99456,4378.78,0
0.906812,3506.11,0.0183333,-0.313607,0.660126,4293.28,0
0.908109,3506.03,0.00329619,-0.216538,2.29242,4375.08,0
0.909396,3506.04,-0.0576247,-0.135893,1.97742,4354.04,0
0.910685,3506,-0.020381,-0.0875714,2.69108,4389.71,0
0.911996,3506,0.00687074,-0.0885718,2.64184,4386.13,0
0.913283,3506.01,0.0631337,-0.03224,2.29439,4363.54,0
0.914612,3506.1,0.0807274,0.0572352,0.49383,4265.3,0
0.915923,3506.05,0.139688,-0.0594282,1.31985,4309.18,0
0.917216,3506.06,0.0377046,-0.0541378,1.04874,4291.07,0
0.918516,3505.94,0.103205,-0.0181912,3.354,4415.91,0
0.9198,3505.94,0.0601585,-0.00648257,3.23635,4412.48,0
0.921103,3505.97,0.104824,-0.000713473,2.59852,4377.63,0
0.922385,3505.9,0.0940849,0.0163406,3.7972,4444.54,0
0.923687,3505.87,0.143974,-0.000129854,4.12708,4466.17,0
0.925006,3505.88,0.107234,0.040498,4.00603,4459.2,0
0.926326,3505.89,0.132149,0.0198943,3.55125,4436.74,0
0.927621,3505.88,0.124604,-0.0145331,3.56801,4440.92,0
0.92893,3505.98,0.0770754,-0.0523669,1.45491,4329.48,0
0.930246,3505.95,-0.0247571,0.159318,1.98857,4354.26,0
0.931532,3505.95,-0.0342672,0.15955,1.90211,4346.77,0
0.932856,3505.94,0.0778962,0.161792,2.07674,4352.27,0
0.934168,3505.97,0.0800661,0.269974,1.40865,4318.81,0
0.935479,3506.01,0.102292,0.302797,0.467269,4266.9,0
0.936791,3505.94,0.177548,0.261309,1.95438,4336.97,0
0.938085,3505.94,0.28763,0.227298,1.93384,4333.06,0
0.939398,3505.9,0.310347,0.302756,2.53646,4362.57,0
0.940703,3505.91,0.366578,0.249346,2.27401,4349.79,0
0.942012,3505.86,0.385065,0.319491,3.09167,4391.71,0
0.943309,3505.91,0.313952,0.293305,2.09823,4335.66,0
0.944618,3505.92,0.144141,0.300945,1.9788,4323.24,0
0.945922,3505.9,0.12665,0.252979,2.24917,4337.16,0
0.947234,3505.87,0.174069,0.214851,2.83906,4362.89,0
0.948521,3505.83,0.203905,0.201349,3.43028,4393.79,0
0.949824,3505.86,0.21891,0.20766,2.75661,4361.87,0
0.951123,3505.86,0.20571,0.0886141,2.64083,4351.13,0
0.95242,3505.88,0.140687,0.0899607,2.07688,4323.8,0
0.95372,3505.95,0.14076,0.0943037,0.53483,4242.11,0
0.955031,3505.91,0.102577,0.0925469,1.38313,4280.08,0
0.956324,3505.96,0.0862271,0.073388,0.324617,4221.86,0
0.957621,3505.82,0.0692683,0.023683,3.24004,4366.24,0
0.958898,3505.82,0.0671022,-0.0215054,3.07381,4357.67,0
0.960209,3505.91,0.00221564,-0.0552865,1.07068,4258.01,0
0.961507,3505.9,0.0344776,-0.168624,1.1041,4259.27,0
0.962797,3505.81,0.0309879,-0.187748,2.98087,4347.98,0
0.964089,3505.85,-0.000767672,-0.213891,2.1619,4306.71,0
0.965395,3505.82,-0.0442264,-0.203557,2.53199,4326.52,0
0.966723,3505.82,-0.00868065,-0.0944328,2.526,4323.83,0
0.968051,3505.87,-0.0743666,-0.20636,1.3262,4263.58,0
0.969356,3505.94,-0.0372711,-0.158691,0.0139399,4193.49,0
0.970644,3505.86,0.0225176,-0.258864,1.541,4267.89,0
0.971951,3505.83,0.0130811,-0.127345,2.06015,4290.42,0
0.97326,3505.8,0.0834285,0.00601155,2.6025,4312.39,0
0.974552,3505.75,0.120512,0.0147086,3.6803,4364.38,0
0.975861,3505.7,0.12636,0.0221804,4.39234,4406.07,0
0.977166,3505.68,0.12022,-0.0218216,4.68528,4423.56,0
0.978457,3505.67,0.117302,-0.0461431,4.38806,4420.46,0
0.979759,3505.7,0.107646,-0.021333,3.61833,4385.88,0
0.981047,3505.69,0.0647856,-0.020227,3.51637,4388.42,0
0.982343,3505.69,0.0672114,-0.013344,3.54604,4391.44,0
0.983631,3505.66,0.0479053,-0.0440158,3.81309,4411.94,0
0.984927,3505.62,0.0742728,-0.0442923,4.54664,4451.67,0
0.986211,3505.55,0.082806,-0.0325737,5.4883,4507.89,0
0.987514,3505.59,0.0772797,-0.0387779,4.39549,4465.36,0
0.988842,3505.67,0.0635938,-0.039525,2.50388,4380.95,0
0.990122,3505.67,0.161151,0.0430562,2.32454,4373.66,0
0.991432,3505.59,0.126735,0.0574098,4.01134,4451.73,0
0.992748,3505.57,0.116494,0.0447413,4.21573,4462.82,0
0.994032,3505.59,0.129221,0.0279557,3.50967,4433.91,0
0.995327,3505.6,0.118916,0.00649477,3.16604,4419.5,0
0.996619,3505.62,0.0742851,0.0796444,2.59825,4394.39,0
0.997927,3505.59,0.143191,0.169038,3.17548,4420.37,0
0.999233,3505.57,0.118176,0.152723,3.3983,4431.11,0
1.00055,3505.59,0.145485,0.153627,2.99349,4410.66,0
1.00185,3505.59,0.175874,0.159475,2.9075,4406.79,0
1.00314,3505.53,0.197169,0.134618,3.8282,4452.5,0
1.00445,3505.53,0.195415,0.166951,3.69334,4454.41,0
1.00575,3505.58,0.243202,0.0780403,2.42941,4398.95,0
1.00704,3505.52,0.232755,0.0308848,3.51007,4447.41,0
1.00832,3505.62,0.146079,-0.0209491,1.25865,4345.64,0
1.00962,3505.6,0.0925402,-0.127407,1.61724,4358.53,0
1.01093,3505.58,0.0531674,-0.134255,2.17452,4376.93,0
1.01224,3505.57,0.114578,-0.0880331,2.15128,4374.91,0
1.01354,3505.57,0.0936587,-0.109828,2.08207,4370.02,0
1.01484,3505.6,0.0526296,0.0827914,1.48796,4337.65,0
1.01613,3505.55,0.019356,0.15372,2.5295,4383.98,0
1.01745,3505.62,-0.0453546,0.0795638,0.728325,4300.87,0
1.01874,3505.62,-0.029579,0.0516211,0.72147,4296.49,0
1.02003,3505.6,-0.0100369,0.0779787,1.16574,4311.36,0
1.02134,3505.53,-0.0195898,0.129768,2.85212,4381.45,0
1.02267,3505.56,0.000502983,0.133006,1.9315,4338.12,0
1.02398,3505.56,-0.0679353,0.176927,1.92951,4338.17,0
1.02528,3505.52,-0.0399857,0.168983,2.78226,4370.12,0
1.02659,3505.52,-0.0382282,0.270029,2.64714,4362.5,0
1.02789,3505.46,-0.0358847,0.21257,3.92987,4417.08,0
1.02919,3505.47,-0.0409111,0.223782,3.44573,4399.07,0
1.03052,3505.55,-0.0735628,0.185724,1.43271,4319.33,0
1.03183,3505.59,-0.0463246,0.271996,0.471966,4275.12,0
1.03314,3505.49,-0.0843853,0.0801326,2.6449,4362.37,0
1.03443,3505.47,-0.111656,0.110133,2.97154,4375.46,0
1.03573,3505.48,-0.0721291,0.150357,2.81835,4367.57,0
1.03702,3505.46,-0.0739052,0.0924224,3.04324,4377.6,0
1.03832,3505.49,-0.0979415,0.146175,2.21049,4340.62,0
1.03962,3505.47,-0.0542923,0.100346,2.60398,4356,0
1.04092,3505.48,-0.082574,0.197675,2.15732,4340.18,0
1.04221,3505.45,-0.177161,0.181072,2.92428,4369.96,0
1.0435,3505.39,-0.178706,0.19894,4.00175,4418.38,0
1.04481,3505.38,-0.23622,0.16948,4.13218,4426.33,0
1.04611,3505.36,-0.208279,0.169767,4.14534,4438.44,0
1.04739,3505.34,-0.217303,0.174278,4.17876,4444.43,0
1.04867,3505.32,-0.208132,0.202382,4.31222,4459.19,0
1.04997,3505.29,-0.260658,0.196267,4.82527,4489.61,0
1.05128,3505.3,-0.2293,0.199297,4.05903,4469.95,0
1.05257,3505.28,-0.212086,0.254778,4.27534,4482.42,0
1.05387,3505.26,-0.251866,0.253615,4.63096,4501.81,0
1.05516,3505.26,-0.266611,0.312125,4.04336,4488.41,0
1.05648,3505.25,-0.212997,0.268396,4.1182,4492.21,0
1.05778,3505.21,-0.225459,0.316039,4.79521,4525.39,0
1.05909,3505.19,-0.220164,0.287397,4.92445,4538.63,0
1.06039,3505.2,-0.191785,0.320362,4.27197,4526.38,0
1.0617,3505.21,-0.174721,0.315219,3.82804,4511.99,0
1.06303,3505.22,-0.151415,0.321518,3.48828,4498.72,0
1.06432,3505.18,-0.172401,0.368599,4.36241,4531.62,0
1.0656,3505.2,-0.148369,0.332849,3.62931,4503.32,0
1.0669,3505.21,-0.226384,0.296183,3.32269,4493.19,0
1.06818,3505.17,-0.221358,0.287722,4.11885,4525.26,0
1.06948,3505.19,-0.316664,0.288714,3.29712,4495.98,0
1.07078,3505.23,-0.301133,0.364311,2.31203,4456.38,0
1.07209,3505.23,-0.413245,0.417562,2.02745,4445.32,0
1.0734,3505.3,-0.484358,0.394161,0.361599,4378.43,0
1.07468,3505.21,-0.435303,0.391454,2.47139,4455.08,0
1.07598,3505.25,-0.565564,0.357274,1.48844,4418.44,0
1.07727,3505.13,-0.550424,0.352651,4.11516,4518.49,0
1.07857,3505.09,-0.563064,0.327796,4.7759,4550.59,0
1.07986,3505.08,-0.510968,0.321528,4.79869,4557.11,0
1.08115,3505.1,-0.434701,0.373024,4.15863,4533.29,0
1.08245,3505.04,-0.491276,0.370556,5.16159,4580.09,0
1.08374,3505,-0.476318,0.366117,5.52017,4610.36,0
1.08504,3505.05,-0.441645,0.385236,3.87419,4563.29,0
1.08634,3505.04,-0.437148,0.35612,3.93286,4570.32,0
1.08765,3505,-0.418603,0.382333,4.54494,4596.02,0
1.08895,3504.97,-0.423082,0.374325,5.06341,4620.24,0
1.09026,3504.95,-0.490017,0.357315,4.98225,4628.66,0
1.09157,3504.95,-0.465433,0.309272,4.58323,4622.33,0
1.09286,3504.97,-0.444723,0.269869,4.1897,4606.14,0
1.09416,3504.94,-0.433472,0.316023,4.68098,4628.69,0
1.09547,3504.89,-0.44508,0.304011,5.4501,4662.76,0
1.09675,3504.85,-0.404564,0.257588,6.00787,4697.12,0
1.09805,3504.87,-0.382101,0.25358,4.87775,4674.12,0
1.09937,3504.83,-0.356723,0.254585,5.35841,4701.24,0
1.10066,3504.77,-0.356536,0.235228,6.53979,4747.92,0
1.10196,3504.8,-0.347842,0.234838,5.09515,4722.33,0
1.10325,3504.77,-0.347212,0.228386,5.31444,4741.63,0
1.10457,3504.82,-0.344618,0.20042,3.68133,4693.85,0
1.10588,3504.84,-0.390029,0.206633,2.94189,4670.32,0
1.10717,3504.84,-0.435066,0.196793,2.76833,4661.76,0
1.10847,3504.8,-0.388648,0.226958,3.62758,4687.65,0
1.10979,3504.75,-0.382376,0.20702,4.84394,4731.2,0
1.11111,3504.77,-0.381578,0.214334,4.11374,4710.86,0
1.11241,3504.79,-0.403122,0.162132,3.30125,4684.7,0
1.11371,3504.76,-0.375232,0.159058,3.99681,4704.32,0
1.11501,3504.72,-0.36099,0.182743,4.69054,4734.69,0
1.1163,3504.74,-0.34986,0.18928,4.01102,4715.52,0
1.1176,3504.71,-0.327365,0.159627,4.44242,4734.54,0
1.11889,3504.71,-0.305197,0.131222,3.93369,4728.57,0
1.1202,3504.69,-0.33654,0.112062,4.07214,4735.81,0
1.12147,3504.65,-0.310318,0.0971617,5.17867,4773.19,0
1.12277,3504.65,-0.297389,0.107194,4.6388,4762.31,0
1.12406,3504.67,-0.305993,0.168586,3.89683,4742.66,0
1.12536,3504.65,-0.282385,0.136243,4.29942,4756.39,0
1.12666,3504.66,-0.292059,0.123847,3.63021,4736.53,0
1.12795,3504.69,-0.310496,0.141164,2.87527,4711.76,0
1.12925,3504.74,-0.445312,0.177776,1.1318,4657.24,0
1.13056,3504.73,-0.388848,0.0697104,1.57889,4664.51,0
1.13185,3504.72,-0.293323,-0.0294551,1.83537,4666.76,0
1.13317,3504.65,-0.373157,0.00527227,3.41946,4718.3,0
1.13448,3504.72,-0.347262,0.012932,1.44667,4653.76,0
1.13579,3504.68,-0.316439,0.0647951,2.65245,4686.62,0
1.1371,3504.72,-0.333578,0.0771595,1.41232,4645.74,0
1.1384,3504.75,-0.214209,0.125916,0.547488,4610.04,0
1.1397,3504.65,-0.0973538,0.250428,3.41926,4697.67,0
1.14102,3504.69,-0.0852356,0.219953,2.11771,4657.05,0
1.14232,3504.68,-0.00232899,0.325324,2.15007,4657.97,0
1.14363,3504.74,0.0925067,0.318639,0.457819,4601.28,0
1.14492,3504.61,0.0834451,0.320646,3.67898,4708.16,0
1.14623,3504.61,0.0737721,0.33031,3.44248,4706.1,0
1.14752,3504.61,0.127599,0.364224,3.20956,4701.16,0
1.14883,3504.65,0.150098,0.399511,1.73648,4656.19,0
1.15014,3504.6,0.0595966,0.490312,3.15408,4698.46,0
1.15144,3504.59,0.0758287,0.539343,3.12526,4700.57,0
1.15273,3504.61,0.16713,0.545159,2.28686,4675.29,0
1.15403,3504.66,0.146501,0.561438,0.668743,4623.06,0
1.15534,3504.68,0.147065,0.573916,0.329358,4608.95,0
1.15665,3504.58,0.210251,0.629193,2.84129,4689.01,0
1.15797,3504.64,0.157979,0.657295,0.966794,4628.89,0
1.15927,3504.64,0.220138,0.587582,1.14466,4627.1,0
1.16057,3504.64,0.262889,0.566172,1.08696,4621.07,0
1.16188,3504.64,0.222194,0.475163,1.25238,4614.5,0
1.16317,3504.63,0.244856,0.477733,1.49421,4617.97,0
1.16446,3504.63,0.248068,0.385153,1.4347,4610.22,0
1.16577,3504.58,0.325375,0.386976,2.89171,4653.3,0
1.1671,3504.63,0.264366,0.311222,1.30353,4597.86,0
1.16839,3504.63,0.26737,0.184977,1.54035,4597.93,0
1.1697,3504.63,0.279078,0.298478,1.41529,4592.14,0
1.17101,3504.58,0.292971,0.340142,2.6321,4627.19,0
1.17232,3504.57,0.311402,0.445251,2.73518,4630.27,0
1.17365,3504.52,0.323632,0.416549,3.8784,4665.93,0
1.17495,3504.51,0.306535,0.387851,4.02194,4673.61,0
1.17629,3504.53,0.292939,0.369432,3.21551,4650.44,0
1.17757,3504.52,0.325672,0.361934,3.42635,4657.33,0
1.17887,3504.51,0.298477,0.368563,3.41767,4653.6,0
1.18016,3504.52,0.275668,0.321718,3.35067,4645.56,0
1.18145,3504.48,0.336371,0.313616,4.29528,4674.84,0
1.18276,3504.51,0.325276,0.280624,3.24768,4644.4,0
1.18408,3504.5,0.327939,0.258606,3.24164,4643.18,0
1.18541,3504.47,0.291258,0.270194,3.97781,4664.26,0
1.18673,3504.47,0.354883,0.277979,3.69189,4658.75,0
1.18803,3504.52,0.335564,0.357847,2.11204,4616.09,0
1.18933,3504.47,0.30636,0.370102,3.23715,4646.38,0
1.19063,3504.49,0.248546,0.355818,2.71253,4626.04,0
1.19194,3504.46,0.230745,0.226039,3.50543,4644.3,0
1.19323,3504.45,0.245338,0.172811,3.6979,4648.64,0
1.19453,3504.49,0.222904,0.202663,2.61276,4615.69,0
1.19584,3504.57,0.190285,0.24018,0.215127,4543.26,0
1.19715,3504.52,0.216133,0.171311,1.64977,4578.22,0
1.19847,3504.47,0.211612,0.173646,3.09391,4615.67,0
1.19976,3504.5,0.200032,0.109838,1.9497,4581.73,0
1.20106,3504.49,0.154993,0.0324182,2.22813,4585,0
1.20236,3504.49,-0.0107105,0.20909,2.07125,4581.48,0
1.20367,3504.51,-0.0188476,0.34839,1.34613,4561.9,0
1.20498,3504.44,-0.0827126,0.294514,3.3491,4613.29,0
1.20629,3504.41,-0.106725,0.324694,4.14501,4637.69,0
1.20758,3504.42,-0.124786,0.271159,3.66945,4623.31,0
1.20888,3504.47,-0.11699,0.268222,2.15267,4577.96,0
1.21016,3504.48,-0.11867,0.277027,1.72848,4562.5,0
1.21146,3504.5,-0.068557,0.31654,0.936112,4536.93,0
1.21276,3504.44,0.00977035,0.28844,2.94135,4588.67,0
1.21405,3504.43,-0.00315412,0.361006,2.89677,4588.25,0
1.21535,3504.42,0.0561044,0.401404,2.99048,4588.25,0
1.21665,3504.42,0.0707901,0.40272,3.01736,4587.04,0
1.21794,3504.47,0.0810323,0.459835,1.34346,4539.89,0
1.21923,3504.42,0.167769,0.517887,2.64623,4577.59,0
1.22053,3504.44,0.103202,0.596081,1.75794,4554.11,0
1.22183,3504.36,0.169667,0.595906,4.03774,4617.29,0
1.22315,3504.33,0.192418,0.561018,4.79923,4639.44,0
1.22444,3504.29,0.153223,0.592216,5.41036,4663.19,0
1.22575,3504.27,0.162686,0.610853,5.44664,4675.14,0
1.22705,3504.26,0.177965,0.519473,5.69409,4680.82,0
1.22836,3504.3,0.173528,0.559933,3.78891,4638.6,0
1.22966,3504.29,0.174896,0.537475,4.00345,4643.36,0
1.23095,3504.32,0.162198,0.510405,2.94495,4614.61,0
1.23228,3504.28,0.0931581,0.52773,3.96128,4640.22,0
1.23358,3504.28,0.0929844,0.532601,3.81788,4636.3,0
1.23489,3504.38,0.0648195,0.594427,0.584564,4549.72,0
1.23618,3504.39,0.136387,0.574807,0.45743,4541.5,0
1.23749,3504.34,0.0531318,0.553932,1.79364,4572.05,0
1.23878,3504.33,0.0706417,0.479412,2.22754,4577.23,0
1.24007,3504.34,0.0485968,0.356958,2.14515,4567.18,0
1.24137,3504.37,0.0559588,0.394694,0.986787,4538.04,0
1.24266,3504.32,0.0152309,0.441931,2.19769,4569.37,0
1.24395,3504.32,0.0819765,0.513559,2.14403,4568.5,0
1.24527,3504.29,-0.00119169,0.485941,2.88504,4583.44,0
1.24658,3504.26,0.024011,0.444311,3.99477,4605.96,0
1.24789,3504.24,0.0233022,0.403897,4.38215,4617.95,0
1.2492,3504.26,-0.0271838,0.375263,3.37034,4592.21,0
1.2505,3504.24,-0.0249198,0.337978,3.83445,4602.76,0
1.25181,3504.22,-0.0447506,0.361373,4.27175,4615.54,0
1.25313,3504.25,0.00744056,0.351768,3.20429,4587.64,0
1.25442,3504.25,-0.0296138,0.328182,3.12139,4583.47,0
1.25574,3504.33,-0.0299397,0.405332,0.49533,4515.52,0
1.25702,3504.33,-0.134371,0.45051,0.340273,4510.29,0
1.25833,3504.32,-0.145735,0.429252,0.632331,4512.01,0
1.25963,3504.22,-0.13281,0.439142,3.49787,4585.14,0
1.26094,3504.25,-0.146612,0.40993,2.5291,4558.78,0
1.26224,3504.23,-0.167362,0.4459,2.94903,4568.53,0
1.26354,3504.29,-0.0879848,0.418766,1.2227,4518.49,0
1.26484,3504.21,-0.0278944,0.46152,3.7341,4581.05,0
1.26614,3504.18,-0.0553353,0.495999,4.40115,4600.06,0
1.26744,3504.17,-0.0516293,0.484034,4.39434,4596.92,0
1.26875,3504.16,-0.06473,0.484751,4.50454,4600.72,0
1.27005,3504.17,-0.0941152,0.429572,4.00781,4587.42,0
1.27136,3504.16,-0.164141,0.4305,4.10689,4592.58,0
1.27267,3504.26,-0.150203,0.355112,1.13594,4512.74,0
1.27398,3504.23,-0.129413,0.453457,1.84367,4531.29,0
1.27528,3504.19,-0.106681,0.429556,3.13331,4559.06,0
1.27658,3504.26,-0.0634199,0.426447,0.593105,4493.4,0
1.27786,3504.19,-0.0671523,0.359822,2.83827,4543.37,0
1.27914,3504.24,-0.0370218,0.315031,1.27076,4499.19,0
1.28045,3504.24,0.0201919,0.334049,1.38594,4498.23,0
1.28175,3504.23,0.0621282,0.350205,1.61443,4500.6,0
1.28303,3504.19,0.0115682,0.300785,2.90561,4528.06,0
1.28435,3504.21,-0.106576,0.28259,2.29043,4511.01,0
1.28564,3504.22,-0.258494,0.219759,1.78191,4497.75,0
1.28697,3504.21,-0.188378,0.172992,2.14773,4501.57,0
1.28828,3504.15,-0.237457,0.154574,3.62536,4537.94,0
1.28957,3504.22,-0.24741,0.151424,1.21883,4479.49,0
1.2909,3504.21,-0.235462,0.206671,1.62474,4487.17,0
1.29222,3504.23,-0.134691,0.231768,0.895407,4462.91,0
1.29354,3504.2,-0.173524,0.196488,2.04194,4486.9,0
1.29484,3504.22,-0.105705,0.247879,1.35961,4467.58,0
1.29614,3504.22,-0.197956,0.230694,1.04913,4457.1,0
1.29743,3504.2,-0.241722,0.125361,1.53086,4466.61,0
1.29874,3504.21,-0.218684,0.0183471,1.23743,4455.34,0
1.30005,3504.22,-0.13314,0.0262202,1.08653,4446.04,0
1.30135,3504.2,-0.141859,-0.0703364,1.43813,4453.19,0
1.30267,3504.2,-0.198669,0.0439842,1.64697,4455.7,0
1.30397,3504.18,-0.160815,0.200319,2.07912,4465.21,0
1.30526,3504.19,-0.247063,0.124674,1.70824,4453.64,0
1.30656,3504.16,-0.27396,0.0960935,2.40404,4466.65,0
1.30786,3504.16,-0.309147,0.0059952,2.42249,4466.93,0
1.30918,3504.09,-0.332065,0.00732477,4.42234,4514.08,0
1.31047,3504.04,-0.336335,-0.0285559,5.8096,4550.75,0
1.31176,3504.04,-0.316474,-0.0108404,5.28808,4544.94,0
1.31305,3504.04,-0.323676,-0.0186391,4.67824,4536.87,0
1.31434,3504.04,-0.34623,-0.015691,4.4876,4533.73,0
1.31566,3504.04,-0.390523,-0.0536228,4.18352,4530.86,0
1.31697,3504.03,-0.388225,-0.0335988,4.28573,4532.39,0
1.31827,3504.06,-0.409575,-0.0194847,3.09662,4504.25,0
1.31957,3504.13,-0.430009,0.0278387,0.740304,4447.69,0
1.32088,3504.09,-0.305576,0.0708252,2.22589,4473.16,0
1.32219,3504.09,-0.319197,0.0846336,2.22252,4471.52,0
1.3235,3504.06,-0.274243,0.12288,3.12599,4491.73,0
1.3248,3504.05,-0.230889,0.178472,3.04581,4488.37,0
1.3261,3504.07,-0.375693,0.0839477,2.14889,4468.16,0
1.3274,3504.12,-0.336485,-0.00027031,0.793795,4432.95,0
1.32869,3504.03,-0.186547,-0.0248507,3.80003,4494.26,0
1.32998,3503.99,-0.156413,-0.0583111,4.72731,4518.27,0
1.33129,3504,-0.139754,-0.0433943,4.10041,4507.08,0
1.3326,3504.01,-0.0955253,-0.0720886,3.58537,4496.24,0
1.33387,3504.05,-0.110177,-0.0544011,2.0645,4459.74,0
1.33517,3504.02,-0.0682519,-0.0903402,2.95516,4477.9,0
1.3365,3504.04,0.0323531,0.012678,2.29079,4458.64,0
1.3378,3504.09,0.0456511,-0.0742446,0.561825,4417.43,0
1.33911,3504.05,-0.00190846,-0.189065,1.92236,4445.32,0
1.3404,3504.04,0.0552063,-0.225165,1.91797,4443.31,0
1.3417,3504.06,0.0230155,-0.331658,1.05404,4423.99,0
1.34302,3504,-0.0820842,-0.386018,2.90171,4465.26,0
1.34431,3504.04,0.00985109,-0.434794,1.47228,4433.12,0
1.34561,3503.98,-0.00188264,-0.383829,3.50483,4474.44,0
1.34692,3503.97,0.0392204,-0.431744,3.45849,4476.05,0
1.34823,3503.98,-0.060232,-0.404954,3.18876,4466.17,0
1.34954,3504.08,-0.089555,-0.368296,0.0869616,4389.67,0
1.35085,3504.04,-0.0813518,-0.340446,1.20105,4410.05,0
1.35215,3504.03,-0.228653,-0.253824,1.46829,4412.33,0
1.35345,3503.96,-0.342165,-0.262505,3.52064,4460.74,0
1.35477,3503.94,-0.348113,-0.229312,4.27552,4473.55,0
1.35606,3503.94,-0.358306,-0.264424,3.9573,4471.62,0
1.35738,3503.92,-0.313415,-0.220381,4.3197,4479.8,0
1.35869,3503.88,-0.305582,-0.265966,5.20422,4502.84,0
1.35999,3503.87,-0.364114,-0.278306,5.04857,4508.76,0
1.36128,3503.86,-0.406862,-0.240339,4.86121,4508.92,0
1.36256,3503.87,-0.400352,-0.242735,4.21272,4497.74,0
1.36387,3503.96,-0.351588,-0.309496,0.918718,4426.88,0
1.36519,3503.94,-0.363161,-0.246451,1.75774,4441.51,0
1.3665,3503.92,-0.360788,-0.235478,2.29786,4450.73,0
1.36781,3503.91,-0.380305,-0.138647,2.57682,4451.33,0
1.3691,3503.93,-0.472214,-0.122015,1.69873,4435.39,0
1.3704,3503.93,-0.490246,-0.134996,1.53202,4428.72,0
1.3717,3503.94,-0.508784,-0.157594,1.1965,4419.7,0
1.37301,3503.93,-0.525638,-0.230881,1.39227,4422.94,0
1.37429,3503.93,-0.55358,-0.252159,1.27009,4419.62,0
1.37559,3503.9,-0.667963,-0.212009,1.84866,4436.24,0
1.37689,3503.95,-0.613323,-0.272776,0.12798,4396.53,0
1.37818,3503.85,-0.609519,-0.271975,3.24496,4459.55,0
1.37946,3503.86,-0.561837,-0.282823,3.11846,4453.73,0
1.38077,3503.89,-0.602592,-0.474382,1.50567,4426.93,0
1.38207,3503.92,-0.716574,-0.375942,0.164136,4398.85,0
1.38337,3503.84,-0.79212,-0.374093,2.57758,4453.83,0
1.38468,3503.92,-0.748093,-0.34731,0.110859,4391.72,0
1.38597,3503.86,-0.768704,-0.348765,2.08397,4433.63,0
1.38727,3503.88,-0.61736,-0.233514,1.98337,4412.45,0
1.38857,3503.77,-0.59783,-0.178614,5.58683,4485.44,0
1.38986,3503.77,-0.609955,-0.205051,5.1498,4483.59,0
1.39116,3503.86,-0.532653,-0.168795,1.93989,4414.16,0
1.39244,3503.8,-0.608598,-0.205307,3.82562,4455.48,0
1.39373,3503.81,-0.561582,-0.211873,3.42912,4442.61,0
1.39503,3503.78,-0.553978,-0.225499,4.26725,4459.86,0
1.39633,3503.84,-0.572397,-0.17536,1.88713,4410.89,0
1.39766,3503.79,-0.540103,-0.147127,3.74314,4444.68,0
1.39895,3503.8,-0.542664,-0.171208,3.05818,4429.3,0
1.40025,3503.84,-0.60206,-0.115128,1.64259,4401.78,0
1.40154,3503.82,-0.599645,-0.123715,2.20673,4409.75,0
1.40284,3503.78,-0.598534,-0.150447,3.64282,4436.55,0
1.40414,3503.72,-0.611697,-0.166133,5.35845,4472.93,0
1.40545,3503.72,-0.617088,-0.163779,4.80935,4467.24,0
1.40675,3503.73,-0.563829,-0.170883,4.48495,4456.95,0
1.40805,3503.72,-0.539735,-0.17827,4.70142,4459.72,0
1.40937,3503.75,-0.49672,-0.211265,3.65673,4435.87,0
1.41068,3503.76,-0.487329,-0.217123,2.94698,4422.15,0
1.41198,3503.79,-0.34114,-0.282089,2.17595,4398.11,0
1.41331,3503.75,-0.386712,-0.42683,2.98995,4420.34,0
1.41459,3503.73,-0.412935,-0.398825,3.83461,4434.89,0
1.41589,3503.68,-0.392048,-0.373534,5.44022,4465.11,0
1.41718,3503.78,-0.433399,-0.33314,1.33604,4387.88,0
1.41847,3503.78,-0.473953,-0.284116,1.16872,4382.61,0
1.41977,3503.75,-0.437055,-0.263479,2.38944,4400.77,0
1.42107,3503.69,-0.430313,-0.280839,4.43319,4440.44,0
1.42239,3503.67,-0.389792,-0.269341,4.80316,4447.06,0
1.4237,3503.67,-0.373573,-0.20802,4.73133,4443.79,0
1.42502,3503.73,-0.351813,-0.192802,2.42993,4400.84,0
1.42632,3503.75,-0.314822,-0.166665,1.71811,4382.29,0
1.42762,3503.74,-0.177489,-0.0409344,2.35608,4385.79,0
1.42893,3503.78,-0.219411,0.00597241,0.645071,4353.54,0
1.43024,3503.75,-0.14561,-0.0417969,1.68724,4368.64,0
1.43155,3503.74,-0.0935084,0.0332185,2.06154,4371.25,0
1.43286,3503.76,-0.281434,0.0368352,1.20202,4356.1,0
1.43417,3503.69,-0.384593,0.0109482,3.50205,4400.22,0
1.43547,3503.63,-0.424187,0.0468345,5.08386,4434.47,0
1.43679,3503.64,-0.39221,0.00773079,4.51975,4425.3,0
1.43808,3503.65,-0.379114,0.0276411,3.8081,4413.8,0
1.43939,3503.69,-0.342127,0.04457,2.25184,4384.2,0
1.44068,3503.69,-0.34329,-0.0919394,2.0366,4378.17,0
1.44199,3503.68,-0.342716,-0.117123,2.25372,4379.43,0
1.4433,3503.65,-0.384817,-0.195735,3.04759,4396.68,0
1.44457,3503.69,-0.298102,-0.164327,1.78548,4368.63,0
1.44585,3503.6,-0.302388,-0.108136,5.08208,4427.49,0
1.44714,3503.58,-0.307956,-0.138922,5.17022,4432.98,0
1.44844,3503.56,-0.304268,-0.177469,5.75369,4447.48,0
1.44973,3503.58,-0.271923,-0.131584,4.6099,4431.01,0
1.45104,3503.57,-0.290164,-0.152202,4.38567,4431.11,0
1.45234,3503.63,-0.3137,-0.149916,1.87565,4385.42,0
1.45364,3503.67,-0.21513,-0.14838,0.413687,4351.98,0
1.45494,3503.61,-0.363719,-0.10021,2.68887,4395.12,0
1.45623,3503.64,-0.437859,-0.124096,1.07574,4365.45,0
1.45752,3503.64,-0.429105,-0.211045,1.14951,4364.35,0
1.45883,3503.59,-0.412581,-0.235853,3.08807,4396.89,0
1.46016,3503.59,-0.473165,-0.213854,2.84941,4392.57,0
1.46147,3503.59,-0.587643,-0.138471,2.20695,4383.65,0
1.46277,3503.6,-0.709347,-0.170326,1.36651,4378.29,0
1.46406,3503.61,-0.735232,-0.168341,0.64573,4365.05,0
1.46538,3503.52,-0.818863,-0.240246,3.19145,4419.1,0
1.46668,3503.53,-0.830218,-0.205092,2.69546,4411.45,0
1.46798,3503.52,-0.823788,-0.190271,3.20482,4416.8,0
1.46931,3503.53,-0.775515,-0.174225,3.00664,4406.54,0
1.47061,3503.51,-0.743204,-0.215158,3.45223,4412.68,0
1.47191,3503.45,-0.770286,-0.253927,5.31592,4451,0
1.47321,3503.46,-0.752065,-0.25639,4.73122,4441.28,0
1.47451,3503.46,-0.774299,-0.230669,4.1881,4433.23,0
1.47581,3503.51,-0.811268,-0.235884,1.82748,4396.26,0
1.4771,3503.48,-0.801879,-0.13088,3.31657,4417.02,0
1.47839,3503.48,-0.846736,-0.0522122,2.77139,4408.57,0
1.47967,3503.45,-0.805287,-0.100183,3.98947,4425.85,0
1.48098,3503.42,-0.821315,-0.0866553,4.9126,4445.38,0
1.48228,3503.47,-0.829382,-0.0726371,2.5193,4404.48,0
1.48357,3503.47,-0.93389,-0.055108,1.69385,4399.83,0
1.48487,3503.5,-0.925136,-0.0995868,0.777263,4379.63,0
1.48617,3503.49,-0.929081,-0.204991,0.711837,4377.32,0
1.48746,3503.4,-1.01442,-0.206235,3.63829,4437.44,0
1.48875,3503.38,-0.993653,-0.203444,4.25463,4445.92,0
1.49006,3503.41,-1.10151,-0.24642,1.99284,4421.76,0
1.49137,3503.36,-1.07987,-0.295754,3.7394,4451.49,0
1.49267,3503.36,-1.09582,-0.283934,3.28432,4446.3,0
1.49399,3503.4,-1.13133,-0.222965,1.75637,4420.59,0
1.49529,3503.4,-1.1978,-0.229652,0.981782,4413.7,0
1.49659,3503.41,-1.25329,-0.189424,0.334069,4406.22,0
1.49789,3503.35,-1.30164,-0.242583,1.83138,4438.75,0
1.49919,3503.35,-1.34685,-0.253738,1.47072,4437.96,0
1.50049,3503.35,-1.34781,-0.382097,1.08204,4433.64,0
1.5018,3503.33,-1.27861,-0.432856,2.10681,4442.78,0
1.5031,3503.34,-1.3769,-0.368685,0.918345,4432.86,0
1.5044,3503.32,-1.42236,-0.33773,1.06901,4439.43,0
1.50571,3503.28,-1.59988,-0.320755,0.79625,4466.28,0
1.50698,3503.18,-1.53375,-0.379418,4.87562,4527.17,0
1.50828,3503.16,-1.49634,-0.337197,5.56501,4533.27,0
1.50957,3503.16,-1.48024,-0.313836,5.41869,4532.14,0
1.51088,3503.15,-1.45141,-0.303077,5.51171,4534.63,0
1.51217,3503.12,-1.45157,-0.280737,6.00245,4552.54,0
1.51348,3503.13,-1.48657,-0.281823,4.63139,4542.33,0
1.51477,3503.12,-1.41356,-0.245284,5.41953,4543.75,0
1.51607,3503.21,-1.38938,-0.274678,1.58257,4476.32,0
1.51737,3503.22,-1.37688,-0.416515,1.16788,4470.21,0
1.51867,3503.17,-1.29921,-0.539847,3.18595,4496.55,0
1.51996,3503.19,-1.35112,-0.675078,1.10389,4478.62,0
1.52127,3503.13,-1.29083,-0.857946,3.00184,4515.76,0
1.52257,3503.14,-1.26978,-0.856608,2.70716,4504.85,0
1.52388,3503.18,-1.23135,-0.960774,0.806191,4478.17,0
1.52518,3503.16,-1.22957,-0.932607,1.54996,4483.51,0
1.52649,3503.21,-1.21648,-0.852384,0.493331,4450.26,0
1.52777,3503.2,-1.15478,-0.925506,0.971447,4453.85,0
1.52908,3503.17,-1.04385,-0.990225,2.37343,4467.2,0
1.53039,3503.21,-1.00206,-1.03054,0.575384,4434.16,0
1.53169,3503.17,-0.958235,-1.09051,2.29658,4462.34,0
1.53299,3503.18,-0.932043,-1.05335,2.19111,4450.16,0
1.5343,3503.2,-0.934235,-1.09739,0.826765,4431.49,0
1.5356,3503.16,-0.898015,-1.07962,2.9327,4456.83,0
1.53689,3503.14,-0.890121,-1.11077,3.26682,4463.42,0
1.53818,3503.15,-0.880946,-1.14482,2.61266,4455.49,0
1.53949,3503.2,-0.930803,-1.1158,0.542218,4418.54,0
1.54079,3503.15,-1.01355,-1.03625,2.32745,4444.36,0
1.5421,3503.14,-0.925202,-1.17085,2.3107,4450.21,0
1.54338,3503.16,-0.95777,-1.11505,1.7753,4434.46,0
1.54468,3503.12,-0.952755,-1.12303,2.87493,4452.03,0
1.54597,3503.09,-1.00648,-1.18252,2.84899,4468.33,0
1.54727,3503.16,-0.925036,-1.00466,2.50327,4422.61,0
1.54858,3503.12,-0.927052,-1.14357,2.50987,4440.63,0
1.54987,3503.13,-0.964658,-1.13026,1.97612,4431.24,0
1.55117,3503.16,-0.980032,-1.13175,0.91797,4412.63,0
1.55245,3503.15,-0.992184,-1.18134,0.645763,4414.32,0
1.55374,3503.09,-0.921245,-1.2789,2.15622,4444.56,0
1.55503,3503.07,-0.904277,-1.26379,3.45601,4459.15,0
1.55636,3503.15,-0.8743,-1.19322,1.18385,4403.93,0
1.55767,3503.13,-0.826223,-1.10008,2.72245,4407.89,0
1.55897,3503.07,-0.769871,-1.11125,5.48877,4447.34,0
1.56028,3503.11,-0.740292,-1.10115,3.51456,4414.01,0
1.56159,3503.09,-0.724246,-1.11758,4.40917,4426.43,0
1.56289,3503.06,-0.668755,-1.14257,5.13868,4437.65,0
1.56418,3503.04,-0.660751,-1.14113,5.59635,4448.59,0
1.56547,3503.05,-0.67075,-1.13456,4.84744,4442.48,0
1.56679,3503.03,-0.621441,-1.1325,5.40916,4450.72,0
1.5681,3503.03,-0.674762,-1.1484,4.46094,4444.82,0
1.56938,3503.05,-0.68923,-1.16724,3.27865,4428.23,0
1.57069,3503.1,-0.669856,-1.15258,1.64704,4395.2,0
1.572,3503.08,-0.691585,-1.10059,2.60975,4400.74,0
1.57334,3503.04,-0.749524,-1.10852,3.62534,4420.75,0
1.57465,3503.06,-0.73111,-1.15962,2.36723,4407.15,0
1.57596,3503.08,-0.589511,-1.27407,1.25538,4393.91,0
1.57725,3503.01,-0.489981,-1.36164,3.29746,4431.22,0
1.57855,3503.02,-0.510719,-1.26831,3.67889,4418.72,0
1.57985,3503,-0.486677,-1.24917,4.72693,4430.22,0
1.58116,3503.05,-0.498412,-1.23203,2.63956,4395.74,0
1.58246,3503.05,-0.557597,-1.1942,2.53221,4389.67,0
1.58375,3503.07,-0.554961,-1.05928,3.09151,4375.25,0
1.58503,3503.1,-0.539459,-1.04158,2.1643,4355.28,0
1.58635,3503.1,-0.458335,-1.07197,1.87352,4346.92,0
1.58765,3503.1,-0.573286,-1.02976,2.03566,4348.33,0
1.58895,3503.09,-0.528127,-1.07307,2.14469,4351.34,0
1.59027,3503.13,-0.536057,-1.08149,0.237019,4321.95,0
1.59157,3503.1,-0.643529,-1.00419,1.40926,4334.45,0
1.59286,3503.12,-0.768018,-0.941286,0.567167,4321.41,0
1.59415,3503.12,-0.793316,-0.944103,0.432359,4318.72,0
1.59546,3503.09,-0.897028,-0.917745,0.883284,4329.4,0
1.59676,3503.07,-0.746976,-1.08364,1.32887,4339.08,0
1.59805,3503.02,-0.769487,-1.02369,3.82743,4367.64,0
1.59936,3503.09,-0.826035,-0.962045,0.865053,4319.68,0
1.60067,3503.07,-0.853527,-0.971578,1.51336,4330.41,0
1.60196,3503.07,-1.03741,-0.855363,0.961801,4327.8,0
1.60326,3503.04,-1.03785,-0.933745,1.52109,4342.78,0
1.60455,3503.06,-0.902406,-0.91335,1.81406,4324.33,0
1.60583,3503.04,-0.911456,-0.911806,2.45258,4333.83,0
1.60714,3503.02,-0.930438,-0.788727,3.84389,4341.06,0
1.60846,3503.02,-0.90328,-0.787543,3.99471,4339.41,0
1.60977,3503.01,-0.907419,-0.779777,4.1725,4341.87,0
1.61108,3503,-0.933632,-0.790219,3.99593,4343.9,0
1.61238,3503.05,-0.92661,-0.705911,2.51692,4310.72,0
1.61368,3503.06,-0.917826,-0.732362,1.91957,4300.54,0
1.61498,3503.03,-0.943568,-0.732024,2.72312,4313.07,0
1.61627,3503.04,-1.0023,-0.757228,1.64302,4306.33,0
1.61756,3503.04,-0.986981,-0.679966,2.16157,4301.68,0
1.61886,3503.04,-1.03447,-0.656985,1.80761,4299.51,0
1.62017,3503.05,-1.00632,-0.575109,2.1052,4290.56,0
1.6215,3503.01,-0.952353,-0.605114,3.96811,4309.89,0
1.62279,3503.02,-0.939319,-0.58761,3.40278,4300.32,0
1.62411,3503.08,-0.934851,-0.616884,0.567431,4260.94,0
1.62542,3502.98,-1.02581,-0.613083,3.71871,4316.12,0
1.62671,3503.01,-1.01109,-0.603636,2.68417,4298.32,0
1.62801,3502.95,-0.992924,-0.622435,4.93832,4329.2,0
1.62932,3502.89,-0.974436,-0.61871,6.8435,4362.03,0
1.63061,3502.87,-0.961594,-0.614459,7.14818,4373.12,0
1.63191,3502.86,-0.91101,-0.611885,7.4708,4377.93,0
1.63319,3502.89,-0.914742,-0.591819,5.24425,4350.76,0
1.6345,3502.88,-0.903113,-0.591167,5.61756,4355.54,0
1.63581,3502.86,-0.860351,-0.535232,6.76874,4366.92,0
1.63711,3502.83,-0.874501,-0.541037,6.88226,4376.83,0
1.6384,3502.85,-0.88118,-0.564889,5.07802,4362.37,0
1.63971,3502.84,-0.883557,-0.544204,5.29174,4365.94,0
1.641,3502.85,-0.885082,-0.522013,4.89741,4358.72,0
1.6423,3502.9,-0.890048,-0.495899,2.41768,4324.19,0
1.6436,3502.9,-0.965943,-0.451565,1.56228,4317.55,0
1.6449,3502.87,-1.0328,-0.554533,1.96061,4337.12,0
1.6462,3502.84,-1.08988,-0.54259,2.32745,4348.07,0
1.64751,3502.82,-1.13554,-0.54701,2.61575,4355.96,0
1.64882,3502.78,-1.15819,-0.50685,4.64992,4381.59,0
1.65013,3502.8,-1.17561,-0.489722,3.13893,4361.54,0
1.65144,3502.86,-1.15636,-0.402723,0.849962,4320.65,0
1.65277,3502.81,-1.19871,-0.398969,2.91009,4351.56,0
1.65409,3502.82,-1.17687,-0.402003,2.645,4341.82,0
1.65541,3502.83,-1.20199,-0.466224,1.41589,4330.25,0
1.65672,3502.84,-1.21543,-0.488503,0.707889,4322.85,0
1.65801,3502.77,-1.21132,-0.515438,3.46672,4357.65,0
1.65931,3502.81,-1.24759,-0.533681,1.30758,4335.01,0
1.66059,3502.76,-1.13161,-0.598402,4.40171,4359.26,0
1.66189,3502.8,-1.1403,-0.527438,3.00009,4334.91,0
1.66317,3502.75,-1.20112,-0.507894,4.40947,4360.57,0
1.66447,3502.76,-1.23382,-0.566165,2.73132,4348.44,0
1.66577,3502.81,-1.18632,-0.516897,1.20006,4313.44,0
1.66709,3502.77,-1.17302,-0.515088,3.30706,4335.53,0
1.66839,3502.74,-1.16627,-0.530765,4.30969,4348.79,0
1.66969,3502.74,-1.16034,-0.494864,4.59503,4348.16,0
1.67099,3502.82,-1.10727,-0.46581,1.64178,4298.08,0
1.67229,3502.81,-1.1185,-0.421857,2.1546,4300.78,0
1.67359,3502.79,-1.11098,-0.423431,2.77362,4305.29,0
1.67489,3502.73,-1.11732,-0.358917,5.85171,4339.95,0
1.6762,3502.69,-1.0911,-0.357251,7.39147,4362.12,0
1.6775,3502.71,-1.10639,-0.342869,5.45249,4348.01,0
1.67881,3502.75,-1.09138,-0.336828,3.35064,4319.57,0
1.68012,3502.8,-1.11702,-0.353597,0.227221,4282.62,0
1.68142,3502.73,-1.08868,-0.419682,3.95636,4326.07,0
1.6827,3502.78,-1.10906,-0.447803,0.885122,4291.51,0
1.68403,3502.77,-1.10171,-0.413954,1.40341,4290.97,0
1.68534,3502.74,-1.13432,-0.413047,2.43508,4305.41,0
1.6866,3502.72,-1.11311,-0.413426,3.5921,4314.61,0
1.68789,3502.72,-1.11281,-0.394474,3.60162,4312.39,0
1.68918,3502.72,-1.07271,-0.30079,4.69745,4312.13,0
1.69049,3502.68,-1.08658,-0.309567,5.98693,4329.7,0
1.69178,3502.71,-1.10921,-0.279363,3.83343,4310.44,0
1.69306,3502.67,-1.09751,-0.249436,5.623,4328.58,0
1.69435,3502.72,-1.07567,-0.247949,2.97618,4294.34,0
1.69566,3502.75,-1.06444,-0.234707,1.84303,4276.64,0
1.69694,3502.72,-0.971476,-0.132904,4.35009,4288.06,0
1.69822,3502.71,-0.994545,-0.161384,4.40901,4293.71,0
1.69954,3502.69,-1.02033,-0.174142,4.90732,4304.08,0
1.70084,3502.67,-0.991323,-0.129223,5.96842,4312.18,0
1.70212,3502.68,-0.977054,-0.116902,4.82686,4298.85,0
1.70344,3502.67,-1.01599,-0.140284,4.43725,4301.53,0
1.70475,3502.66,-1.00303,-0.0952871,5.12591,4305.67,0
1.70605,3502.73,-1.04665,-0.210521,0.503101,4260.75,0
1.70736,3502.75,-0.992412,-0.276961,0.0883234,4247.5,0
1.70867,3502.69,-0.908975,-0.238029,3.86647,4276.04,0
1.70998,3502.66,-0.906235,-0.282756,5.06162,4289.95,0
1.71129,3502.64,-0.914823,-0.273959,5.55182,4299.63,0
1.7126,3502.65,-0.955981,-0.246804,4.53491,4292.98,0
1.71389,3502.62,-0.960172,-0.243517,5.1651,4304.1,0
1.7152,3502.61,-0.917342,-0.232135,5.76175,4307.46,0
1.7165,3502.67,-0.926211,-0.268267,2.10276,4270.83,0
1.71781,3502.68,-0.885864,-0.219113,2.16825,4261.01,0
1.71912,3502.7,-0.85687,-0.213983,1.0317,4244.34,0
1.72042,3502.7,-0.916379,-0.311683,0.232706,4244.63,0
1.72171,3502.63,-0.929388,-0.336786,3.17429,4278.39,0
1.723,3502.66,-0.937322,-0.179358,1.99275,4258.4,0
1.72432,3502.66,-0.911518,-0.0623625,2.85525,4259.43,0
1.72561,3502.65,-0.958238,0.00387608,2.39036,4258.8,0
1.72693,3502.67,-0.960863,0.0234156,1.0121,4241.94,0
1.72824,3502.64,-0.911218,0.0941012,3.51022,4259.94,0
1.72956,3502.61,-0.911994,0.078958,4.42974,4271.42,0
1.73086,3502.61,-0.90727,0.0548645,4.33238,4267.9,0
1.73217,3502.62,-0.894895,0.0580995,3.86037,4262.12,0
1.73345,3502.6,-0.956216,0.106975,3.60991,4267.13,0
1.73474,3502.61,-1.02053,0.105169,2.39402,4261.89,0
1.73604,3502.58,-1.11959,0.0955514,2.27883,4275.09,0
1.73734,3502.58,-1.00516,0.158898,3.65383,4270.27,0
1.73863,3502.6,-0.999125,0.123603,2.6435,4256.45,0
1.73995,3502.57,-1.02916,0.0641399,3.60198,4269.38,0
1.74125,3502.59,-1.11944,0.0747093,1.14306,4256.13,0
1.74256,3502.57,-1.14119,0.0468997,1.97565,4266.04,0
1.74389,3502.53,-1.23262,0.0569949,2.33312,4283.82,0
1.74516,3502.58,-1.13975,0.0498793,0.982841,4249,0
1.74645,3502.51,-1.20318,-0.00740978,4.02043,4290.85,0
1.74775,3502.55,-1.2293,0.0539303,0.938564,4260.97,0
1.74906,3502.53,-1.17816,0.145348,2.66293,4269.53,0
1.75035,3502.55,-1.16787,0.0805022,1.64963,4254.09,0
1.75166,3502.59,-1.10323,0.132475,0.820956,4231.81,0
1.75297,3502.55,-1.11071,0.0683178,2.59586,4248.68,0
1.75427,3502.54,-1.17363,0.0826949,2.04349,4252.42,0
1.75558,3502.55,-1.12506,0.12505,2.35466,4245.66,0
1.75689,3502.54,-0.993198,0.10916,4.56268,4244.42,0
1.75821,3502.54,-0.955796,0.137848,4.51336,4240.36,0
1.7595,3502.53,-1.01185,0.111742,4.01418,4243.52,0
1.76078,3502.52,-1.02806,0.0950469,4.12538,4245.51,0
1.76207,3502.53,-1.02158,0.112898,3.56312,4238.4,0
1.76338,3502.59,-0.982025,0.0676862,1.02855,4202.17,0
1.7647,3502.53,-0.942391,0.0992302,4.6478,4230.86,0
1.76599,3502.49,-0.998533,0.112828,5.63846,4251.74,0
1.76732,3502.49,-0.977237,0.0823059,5.68271,4251.29,0
1.7686,3502.49,-0.951754,0.0846939,5.27007,4246.35,0
1.76989,3502.53,-1.06646,0.0576501,1.06538,4221.01,0
1.7712,3502.55,-0.976664,0.0459265,1.38532,4207.29,0
1.77249,3502.54,-1.03525,-0.0153264,1.02862,4209.87,0
1.77381,3502.52,-1.01752,0.0442963,2.1434,4216.24,0
1.7751,3502.47,-1.10519,0.0503892,3.29359,4240.3,0
1.77643,3502.46,-1.08046,0.0319504,4.11307,4244.36,0
1.77773,3502.52,-1.05593,0.0446193,1.14945,4208.36,0
1.77903,3502.47,-1.05993,0.100927,3.62373,4233.99,0
1.78033,3502.45,-1.15207,0.150271,2.72799,4239.86,0
1.78164,3502.41,-1.14511,0.171797,5.13252,4262.91,0
1.78293,3502.38,-1.10105,0.225682,6.54014,4274,0
1.78424,3502.39,-1.0945,0.213193,5.17282,4263.17,0
1.78553,3502.36,-1.05594,0.233837,6.92637,4277.97,0
1.78683,3502.38,-1.0594,0.240519,5.18034,4264.6,0
1.78813,3502.37,-1.06872,0.253622,5.25397,4267.73,0
1.78945,3502.39,-1.0379,0.242651,4.51357,4254.31,0
1.79074,3502.44,-1.09606,0.190618,0.534825,4223.58,0
1.79205,3502.41,-1.08244,0.190212,2.43238,4237.3,0
1.79337,3502.34,-1.05287,0.171321,6.22266,4268.55,0
1.79467,3502.36,-1.0803,0.161764,4.33178,4256.27,0
1.79595,3502.37,-1.07477,0.155768,3.52194,4246.93,0
1.79724,3502.41,-1.09895,0.179901,0.934298,4225.55,0
1.79853,3502.35,-1.14263,0.083873,3.25281,4251.49,0
1.79986,3502.35,-1.15095,0.105356,3.06073,4249.02,0
1.80116,3502.32,-1.18594,0.1388,4.2816,4266.32,0
1.80245,3502.29,-1.19788,0.141141,5.33632,4277.98,0
1.80376,3502.29,-1.19126,0.159708,4.93032,4274.51,0
1.80508,3502.3,-1.19325,0.12167,4.22865,4265.63,0
1.80638,3502.27,-1.18186,0.135461,5.5804,4278.61,0
1.80767,3502.24,-1.2031,0.109961,6.47383,4293.6,0
1.80897,3502.24,-1.22795,0.128972,5.76168,4292.28,0
1.81027,3502.26,-1.23356,0.121228,3.71255,4274.02,0
1.81156,3502.29,-1.24726,0.0772612,1.6271,4254.16,0
1.81285,3502.31,-1.25759,0.181836,0.179625,4242.67,0
1.81416,3502.29,-1.27005,0.170089,0.848628,4249.54,0
1.81546,3502.27,-1.25553,0.0905842,2.56293,4258.58,0
1.81678,3502.27,-1.2791,0.159694,1.62727,4254.37,0
1.81809,3502.28,-1.19112,0.163775,3.1713,4248.52,0
1.81939,3502.34,-1.08658,0.129193,1.6813,4210.69,0
1.82069,3502.34,-1.05283,0.123149,2.03743,4205.56,0
1.822,3502.35,-1.02407,0.0820456,2.44241,4200.99,0
1.8233,3502.28,-1.00685,0.0954735,6.52345,4234.6,0
1.82463,3502.27,-0.993761,0.0770531,6.6037,4238.56,0
1.82593,3502.29,-0.989848,0.0971929,4.59239,4222.08,0
1.82723,3502.28,-0.980163,0.132036,4.77086,4225.19,0
1.82855,3502.26,-0.951429,0.177435,5.66252,4232.14,0
1.82986,3502.26,-1.00713,0.165166,3.9515,4229.25,0
1.83115,3502.27,-1.04823,0.179628,2.52086,4223.84,0
1.83244,3502.27,-1.01043,0.123231,2.78301,4215.76,0
1.83371,3502.25,-1.09815,0.100603,2.80696,4228.97,0
1.83503,3502.2,-1.11903,0.108805,4.84652,4251.19,0
1.83633,3502.22,-1.13048,0.144287,3.03737,4237.2,0
1.83763,3502.24,-1.12868,0.130267,2.01818,4225.4,0
1.83894,3502.2,-1.14297,0.127986,3.86588,4243.42,0
1.84026,3502.21,-1.1199,0.193687,3.25923,4233.84,0
1.84158,3502.25,-1.10958,0.230436,0.659143,4209.22,0
1.84286,3502.26,-0.973816,0.198991,3.05943,4202.41,0
1.84419,3502.27,-0.984641,0.202776,1.67598,4190.6,0
1.84548,3502.23,-0.97041,0.345819,3.86299,4211.84,0
1.84679,3502.22,-1.13953,0.352481,0.531092,4211.76,0
1.84809,3502.17,-1.14138,0.329017,3.50371,4234.43,0
1.8494,3502.17,-1.27928,0.25305,1.13159,4235.96,0
1.8507,3502.14,-1.2616,0.205486,3.01615,4245.01,0
1.85199,3502.15,-1.30653,0.192509,1.35537,4237.86,0
1.85329,3502.15,-1.24698,0.181964,3.05264,4236.82,0
1.85458,3502.17,-1.24746,0.3068,1.36717,4224.45,0
1.85589,3502.12,-1.30045,0.141906,3.27267,4244.84,0
1.85719,3502.06,-1.35279,0.179766,5.4084,4276.18,0
1.8585,3502.06,-1.34448,0.216818,4.72991,4269.81,0
1.85981,3502.04,-1.32817,0.236648,5.92532,4278.73,0
1.8611,3502.03,-1.30132,0.2151,6.61178,4280.34,0
1.86239,3502.03,-1.27533,0.230798,6.45337,4280.31,0
1.8637,3502.03,-1.2859,0.236691,5.05615,4275.8,0
1.865,3502.05,-1.22822,0.215794,4.84457,4260.97,0
1.86631,3502.02,-1.2674,0.223274,5.08651,4273.18,0
1.86762,3502.01,-1.27365,0.248818,5.56024,4279.98,0
1.8689,3502.01,-1.27456,0.228026,4.64714,4274.48,0
1.87021,3502.03,-1.26479,0.261314,3.53639,4263.92,0
1.87152,3502.06,-1.21668,0.266392,2.30837,4241.55,0
1.87283,3502.02,-1.23099,0.39858,3.6341,4261.75,0
1.87414,3502.07,-1.1751,0.456409,1.15606,4231.25,0
1.87545,3502.02,-1.23122,0.507677,2.2421,4255.64,0
1.87672,3502,-1.22533,0.594579,2.59846,4263.78,0
1.87803,3501.98,-1.32126,0.560202,1.65327,4271.99,0
1.87935,3501.93,-1.28504,0.641441,4.11816,4291.54,0
1.88063,3501.98,-1.31097,0.64628,0.432407,4263.47,0
1.88191,3501.97,-1.22832,0.721871,2.30856,4268.42,0
1.88321,3501.99,-1.25925,0.682481,0.53122,4251.84,0
1.88451,3501.97,-1.21973,0.754379,2.05639,4263.37,0
1.88582,3501.94,-1.17764,0.866242,2.70779,4274.93,0
1.88712,3501.93,-1.2113,0.902954,1.36946,4274.97,0
1.88842,3501.84,-1.25461,0.966655,4.07113,4319.78,0
1.8897,3501.88,-1.23936,1.03815,0.485531,4294.59,0
1.891,3501.82,-1.18339,1.01727,5.60501,4324.68,0
1.89229,3501.82,-1.18088,1.01517,5.45349,4324.8,0
1.89359,3501.8,-1.24137,1.06999,3.12498,4328.83,0
1.89489,3501.8,-1.28924,1.02376,2.98363,4328.21,0
1.89619,3501.81,-1.3513,0.969764,1.39509,4317.75,0
1.89749,3501.77,-1.33365,1.04569,2.4912,4335.8,0
1.89879,3501.76,-1.35175,0.993059,3.7524,4339.1,0
1.90007,3501.74,-1.36658,1.05425,2.99887,4346.87,0
1.90138,3501.77,-1.28273,1.12096,2.36052,4330.59,0
1.90269,3501.79,-1.2746,1.06086,2.69623,4317.44,0
1.90399,3501.75,-1.42202,0.966107,2.69545,4335.27,0
1.9053,3501.83,-1.37699,0.916229,0.36159,4289.46,0
1.9066,3501.78,-1.37494,0.903964,3.0821,4309.81,0
1.9079,3501.76,-1.38335,0.918791,3.65522,4318.4,0
1.9092,3501.73,-1.46119,0.849259,4.08863,4330.65,0
1.9105,3501.72,-1.41978,0.823076,6.00711,4332.74,0
1.9118,3501.7,-1.40714,0.808203,7.20812,4339.4,0
1.91311,3501.7,-1.39994,0.780644,6.75174,4337.34,0
1.9144,3501.67,-1.37843,0.751247,8.61118,4348.67,0
1.9157,3501.64,-1.3807,0.737733,9.5802,4365.43,0
1.917,3501.64,-1.36521,0.733176,8.68677,4361.03,0
1.9183,3501.62,-1.36919,0.732815,8.33463,4367.87,0
1.91962,3501.59,-1.37757,0.707819,8.50911,4379.81,0
1.92093,3501.64,-1.37058,0.701522,4.67438,4350.86,0
1.92223,3501.73,-1.30899,0.618913,2.11558,4299.85,0
1.92353,3501.7,-1.30449,0.701385,3.12183,4316.16,0
1.92482,3501.69,-1.35806,0.694127,2.13,4319.4,0
1.92614,3501.62,-1.42826,0.799954,2.02955,4353.16,0
1.92744,3501.57,-1.41139,0.87286,3.44813,4371.54,0
1.92873,3501.65,-1.31314,0.798754,3.76273,4329.95,0
1.93004,3501.68,-1.3106,0.807396,1.67158,4312.19,0
1.93135,3501.62,-1.3174,0.828006,4.66002,4339.63,0
1.93264,3501.59,-1.29939,0.800088,6.52844,4350.15,0
1.93393,3501.62,-1.29956,0.786967,4.19993,4331.66,0
1.93522,3501.59,-1.34546,0.771505,5.02937,4346.8,0
1.93654,3501.61,-1.31482,0.729359,5.30268,4332.54,0
1.93785,3501.58,-1.31167,0.72502,6.93029,4346.11,0
1.93913,3501.58,-1.30972,0.747114,5.5081,4340.13,0
1.94043,3501.61,-1.31102,0.767634,2.99974,4323.54,0
1.94173,3501.64,-1.31848,0.739591,1.28118,4305.16,0
1.94304,3501.61,-1.27494,0.863674,1.76967,4315.81,0
1.94435,3501.56,-1.25937,0.820669,5.88941,4338.25,0
1.94566,3501.56,-1.27288,0.798057,5.12134,4335.79,0
1.94697,3501.62,-1.28108,0.78629,1.46206,4305.23,0
1.94827,3501.61,-1.20994,0.776349,4.95935,4308.9,0
1.94958,3501.61,-1.23177,0.738536,4.13361,4301.69,0
1.95089,3501.57,-1.31034,0.753761,3.56872,4321.12,0
1.9522,3501.61,-1.27421,0.686921,3.59223,4298.55,0
1.95351,3501.61,-1.23397,0.652469,5.77447,4296.83,0
1.95481,3501.63,-1.21194,0.645026,4.26708,4280.01,0
1.95611,3501.59,-1.18877,0.634844,7.78358,4299.26,0
1.95739,3501.57,-1.18531,0.634122,8.45652,4308.42,0
1.95869,3501.56,-1.2249,0.601652,6.75809,4310.43,0
1.95998,3501.54,-1.23748,0.591301,6.29764,4314.54,0
1.96128,3501.51,-1.25846,0.554548,7.93159,4331.12,0
1.9626,3501.5,-1.24205,0.579163,6.54417,4331.05,0
1.9639,3501.51,-1.2401,0.568321,5.60018,4324.78,0
1.96519,3501.51,-1.25555,0.530966,4.90583,4318.25,0
1.96651,3501.5,-1.26006,0.506394,5.30461,4320.14,0
1.96782,3501.51,-1.33745,0.536963,0.403953,4312.15,0
1.96911,3501.47,-1.2882,0.515401,5.69325,4329.81,0
1.97041,3501.47,-1.24348,0.516899,6.81832,4326.76,0
1.97172,3501.49,-1.25116,0.530612,4.50578,4316.77,0
1.97303,3501.46,-1.25586,0.547985,5.22229,4326.09,0
1.97433,3501.53,-1.23337,0.565135,1.29566,4292.39,0
1.97562,3501.53,-1.27262,0.477942,0.808724,4287.86,0
1.97694,3501.51,-1.23644,0.438968,4.44998,4296.18,0
1.97823,3501.49,-1.25109,0.560966,2.5172,4300.81,0
1.97953,3501.45,-1.23558,0.566216,5.96886,4319.46,0
1.98082,3501.44,-1.22634,0.591868,5.75398,4320.06,0
1.98213,3501.47,-1.20319,0.593641,4.64903,4304.71,0
1.98341,3501.48,-1.18024,0.608242,3.99196,4296.08,0
1.9847,3501.46,-1.18533,0.560063,5.81524,4301.04,0
1.986,3501.47,-1.1817,0.54647,5.64626,4296.47,0
1.9873,3501.46,-1.17777,0.567329,5.29061,4295.46,0
1.9886,3501.49,-1.14974,0.55811,4.21314,4278.97,0
1.98991,3501.49,-1.19589,0.598137,0.830856,4274.84,0
1.9912,3501.46,-1.20863,0.581756,3.14964,4289.93,0
1.99249,3501.41,-1.20142,0.582673,6.47713,4308.77,0
1.99379,3501.4,-1.18873,0.58656,7.51897,4315.17,0
1.9951,3501.38,-1.20707,0.585116,6.38569,4318.43,0
1.99641,3501.38,-1.26053,0.572862,3.93958,4316.67,0
1.99772,3501.44,-1.24961,0.463185,1.92608,4282.69,0
1.999,3501.5,-1.13606,0.492869,2.00733,4250.07,0
2.0003,3501.5,-1.13958,0.499365,1.8865,4249.06,0
2.00159,3501.52,-1.12068,0.475954,1.91609,4238.5,0
2.00288,3501.55,-1.05234,0.384433,3.43634,4216.86,0
2.00417,3501.55,-1.08206,0.37538,2.26473,4215.9,0
2.00547,3501.56,-1.09925,0.360748,1.26844,4210.72,0
2.00678,3501.47,-1.16823,0.400066,4.09013,4249.26,0
2.00808,3501.46,-1.20072,0.417956,3.4343,4255.14,0
2.00936,3501.46,-1.25135,0.355438,1.62134,4250.81,0
2.01067,3501.43,-1.27993,0.366211,1.80303,4260.06,0
2.01196,3501.4,-1.22847,0.423418,5.78307,4272.81,0
2.01326,3501.38,-1.18891,0.443222,7.8304,4280.52,0
2.01456,3501.37,-1.20394,0.445715,6.94357,4282.94,0
2.01586,3501.36,-1.18544,0.445724,7.97326,4285.43,0
2.01716,3501.35,-1.19332,0.455606,6.42772,4286.76,0
2.01846,3501.35,-1.19659,0.472723,5.27283,4284.74,0
2.01978,3501.39,-1.16608,0.519173,2.77272,4264.98,0
2.02108,3501.37,-1.18875,0.508477,3.32719,4271.88,0
2.02239,3501.31,-1.17785,0.514673,7.81004,4297.79,0
2.02368,3501.26,-1.13445,0.511294,12.1358,4316.73,0
2.025,3501.25,-1.13946,0.529953,0.83836,4321.95,0
2.02632,3501.22,-1.12538,0.493038,4.77212,4331.9,0
2.02762,3501.25,-1.09807,0.598208,0.706085,4314.91,0
2.02891,3501.25,-1.04231,0.640042,2.93528,4314.77,0
2.03021,3501.27,-1.0368,0.5427,4.52079,4302.26,0
2.03149,3501.27,-1.0061,0.564963,4.47404,4295.28,0
2.0328,3501.26,-0.963411,0.591319,6.51521,4297.3,0
2.0341,3501.26,-0.953857,0.556728,7.93163,4296.4,0
2.03539,3501.26,-0.910215,0.545059,9.38629,4291.93,0
2.03669,3501.28,-0.91943,0.521035,7.63533,4283.5,0
2.03799,3501.23,-0.928515,0.517741,10.003,4303.55,0
2.0393,3501.25,-0.947863,0.498573,5.53793,4289.49,0
2.04059,3501.25,-0.994112,0.437765,4.72851,4289.71,0
2.04187,3501.25,-1.0032,0.405986,4.04757,4284.49,0
2.04317,3501.26,-1.03323,0.357401,1.94233,4276.06,0
2.04448,3501.19,-1.09665,0.336813,4.74985,4308.36,0
2.04578,3501.2,-1.11852,0.338459,2.12886,4303.06,0
2.04708,3501.14,-1.16965,0.327519,3.79618,4328.33,0
2.04838,3501.13,-1.17166,0.320306,4.25942,4330.29,0
2.04969,3501.16,-1.17836,0.289514,1.37344,4314.32,0
2.05099,3501.12,-1.21798,0.329184,0.825089,4328.61,0
2.05229,3501.12,-1.19079,0.277176,3.98431,4327.46,0
2.05359,3501.13,-1.16119,0.322508,4.06105,4318.68,0
2.0549,3501.17,-1.14823,0.316641,1.15454,4296.24,0
2.05622,3501.16,-1.10874,0.321548,4.75578,4299.68,0
2.05753,3501.18,-1.07776,0.319206,4.82193,4287.33,0
2.05881,3501.23,-0.979878,0.40246,4.08283,4258.82,0
2.06011,3501.22,-0.982116,0.47782,2.91041,4262.97,0
2.06142,3501.17,-1.0588,0.492109,1.80381,4283.01,0
2.06272,3501.17,-1.06124,0.467304,1.93267,4278.47,0
2.06403,3501.23,-1.00037,0.421169,2.19406,4250.38,0
2.0653,3501.2,-0.95792,0.418552,7.61234,4260.54,0
2.06661,3501.22,-0.948101,0.397424,5.81101,4247.22,0
2.06789,3501.23,-0.91914,0.381756,7.37651,4243.39,0
2.06919,3501.25,-0.916281,0.340828,5.28087,4228.29,0
2.0705,3501.2,-0.95822,0.423091,5.70062,4252.45,0
2.07183,3501.2,-0.976355,0.406632,4.64933,4249.83,0
2.07312,3501.15,-0.954513,0.46062,8.38326,4267.76,0
2.07444,3501.18,-0.950064,0.488881,3.28649,4250.85,0
2.07572,3501.15,-0.98453,0.520211,2.72266,4263.11,0
2.07702,3501.15,-0.98397,0.518256,3.1887,4263.09,0
2.07833,3501.14,-1.00399,0.559492,0.822596,4263.74,0
2.07964,3501.17,-0.970989,0.545423,0.523708,4246.36,0
2.08092,3501.11,-1.00042,0.50961,5.60258,4272.03,0
2.08223,3501.13,-1.03653,0.530785,0.363438,4260.65,0
2.0835,3501.07,-1.03601,0.575615,3.75515,4284.43,0
2.0848,3501.1,-0.958529,0.62936,3.95564,4267.77,0
2.0861,3501.05,-0.97189,0.595412,9.76264,4292.2,0
2.08741,3501,-0.944933,0.5818,4.72046,4311.21,0
2.08873,3500.99,-0.935847,0.549388,7.96117,4315.31,0
2.09005,3500.97,-0.931221,0.544075,8.07164,4318.95,0
2.09136,3501,-0.904646,0.511419,8.17754,4303.2,0
2.09268,3500.99,-0.914004,0.545938,5.36264,4303.44,0
2.09398,3501.02,-0.898899,0.530141,4.14253,4288.37,0
2.09528,3500.99,-0.893892,0.565519,5.60843,4298.6,0
2.09659,3501,-0.871918,0.560039,6.33928,4293.4,0
2.09788,3500.99,-0.867676,0.602078,4.46587,4292.85,0
2.09919,3501.03,-0.852026,0.555395,3.65612,4274.2,0
2.1005,3501.01,-0.868166,0.530347,5.37727,4280.08,0
2.10181,3500.99,-0.852164,0.566482,5.64293,4285.19,0
2.10313,3501,-0.872145,0.525898,5.07858,4280.99,0
2.10444,3501.03,-0.864018,0.514429,2.2321,4263.35,0
2.10573,3501.02,-0.875023,0.460138,4.75925,4264.86,0
2.10703,3501.01,-0.884913,0.481414,3.60105,4266.38,0
2.10834,3501.02,-0.886754,0.485559,1.6814,4257.97,0
2.10963,3501.01,-0.921147,0.404684,3.73672,4262.43,0
2.11092,3501.03,-0.862549,0.461393,3.37447,4247.47,0
2.11223,3500.98,-0.897572,0.486351,5.01802,4268.83,0
2.11353,3500.95,-0.916105,0.456094,8.30371,4284.21,0
2.11483,3500.97,-0.877937,0.45425,7.63087,4268.95,0
2.11614,3501,-0.857817,0.504291,2.58705,4252.87,0
2.11744,3500.96,-0.920116,0.412847,6.40202,4270.58,0
2.11875,3500.94,-0.954255,0.376588,6.1329,4278.06,0
2.12006,3500.94,-0.964311,0.369405,4.64554,4273.18,0
2.12138,3500.94,-0.929588,0.341837,8.35557,4268.85,0
2.12267,3500.93,-0.946429,0.365399,5.83855,4272.26,0
2.12398,3500.91,-0.938666,0.364242,7.98402,4278.68,0
2.12529,3500.93,-0.927175,0.344792,5.47252,4266.24,0
2.12661,3500.95,-0.916699,0.333748,3.97438,4254.01,0
2.12791,3500.9,-0.919197,0.34557,9.72229,4276.37,0
2.12921,3500.91,-0.901309,0.332993,8.77404,4267.85,0
2.1305,3500.85,-0.90214,0.287941,7.05819,4297.08,0
2.1318,3500.83,-0.903661,0.286058,8.07923,4301.44,0
2.13309,3500.83,-0.909121,0.324453,4.79833,4297.93,0
2.13439,3500.79,-0.925151,0.362109,6.21818,4315.77,0
2.13569,3500.75,-0.932006,0.328984,10.1938,4330.57,0
2.13701,3500.73,-0.924971,0.348495,11.6276,4338.32,0
2.13831,3500.73,-0.915597,0.310776,2.63334,4336.65,0
2.1396,3500.7,-0.959886,0.274323,1.15563,4347.24,0
2.1409,3500.71,-0.94303,0.218134,4.99074,4341.37,0
2.14221,3500.66,-0.976961,0.202402,5.83834,4361.15,0
2.14351,3500.67,-0.994136,0.171763,1.65218,4351.21,0
2.14481,3500.65,-0.997992,0.165904,3.74459,4359.57,0
2.14613,3500.63,-0.967393,0.141768,10.664,4366.68,0
2.14743,3500.63,-0.914015,0.100101,7.79447,4364.88,0
2.14874,3500.57,-0.901345,0.119397,4.50108,4388.27,0
2.15003,3500.59,-0.874649,0.162751,5.66954,4377.6,0
2.15135,3500.57,-0.849828,0.200273,10.04,4381.08,0
2.15266,3500.54,-0.838653,0.14225,7.42127,4395.85,0
2.15273,3500.54,-0.827593,0.143852,7.43846,4393.45,0
