0.029108,6.09991,1.31816,-0.631775,6.92073,209562,0
0.0572588,8.81117,3.34518,-2.4292,4.62924,153883,0
0.0865914,9.57547,2.15091,-3.0285,7.29381,110582,0
0.115575,12.3259,-0.783073,-1.07746,2.52842,106648,0
0.144584,18.0252,-4.45459,-5.48342,10.7443,124669,0
0.171861,21.657,-2.68154,-10.783,11.7464,126015,0
0.199257,24.5798,-5.95394,-10.5862,7.58004,123357,0
0.228709,22.8239,-4.75185,-11.867,1.37434,99794.3,0
0.256788,25.4444,-1.11124,-11.8755,10.4704,99087.2,0
0.287343,24.8537,5.95497,-11.6037,8.35052,86494.9,0
0.316537,24.7399,5.39755,-13.2133,7.88681,78158.1,0
0.347249,23.1725,7.66023,-17.6424,2.41526,66731.6,0
0.375302,24.6265,7.783,-18.7856,7.46741,65617.9,0
0.402522,24.6049,4.36028,-21.7636,7.36725,61126.7,0
0.431378,31.2032,4.70997,-20.834,18.5999,72333.8,0
0.460665,32.7272,5.09521,-21.2323,12.1338,71043.5,0
0.49042,33.8253,4.72031,-21.2586,1.58722,68972.2,0
0.517954,38.6466,5.02389,-23.0176,6.69805,74614,0
0.545987,38.5408,6.07076,-21.6707,6.25547,70589.1,0
0.575977,39.0018,6.78158,-23.007,7.8221,67714.2,0
0.604923,44.4436,3.76893,-24.4526,3.43252,73469.8,0
0.631366,44.4918,0.220214,-23.1307,3.60215,70469.1,0
0.662356,47.1864,3.63457,-16.626,12.9901,71240.4,0
0.694099,45.4517,3.29397,-16.1558,6.76666,65482.9,0
0.723141,47.5945,0.69861,-15.3836,2.56805,65816.4,0
0.751047,53.3017,0.325912,-14.4482,8.11607,70969.9,0
0.779054,56.7328,0.0436595,-14.4539,8.39238,72822.6,0
0.808786,57.6574,-1.16467,-15.074,11.558,71288.8,0
0.839481,64.5813,-2.50929,-12.6693,8.15267,76930.1,0
0.869989,64.0801,1.8009,-12.4519,6.34788,73656.3,0
0.896347,65.5565,4.49672,-9.10493,11.48,73137.5,0
0.928091,68.368,8.54089,-11.1905,6.9211,73665.2,0
0.955127,72.2511,8.30545,-15.4802,4.68291,75645.5,1
0.98389,71.4043,10.5701,-10.5838,1.70321,72573.4,1
1.0141,73.8558,7.21224,-8.68675,10.2007,72829.2,1
1.04322,75.5739,6.96667,-0.401005,16.153,72442.6,1
1.07191,78.8281,3.98193,-5.96042,4.19253,73540.2,1
1.10329,83.9148,-2.63266,-3.62348,6.21382,76058.6,2
1.13107,88.4999,-3.108,-1.49687,6.36855,78244.1,3
1.16147,90.3226,-1.73153,-2.47794,12.6342,77765.5,3
1.1902,96.1041,-2.56841,-2.77496,6.80316,80746.4,3
1.21897,94.9621,-5.4752,0.143377,2.82752,77903.8,3
1.24855,96.7664,-3.8596,-0.206048,9.12462,77502.7,3
1.27706,98.2531,-2.23172,-1.27759,2.54177,76936.8,3
1.30531,102.572,-1.14829,-4.32178,4.37731,78580.8,3
1.33526,103.341,1.57135,1.64527,6.98951,77393.9,3
1.36555,108.489,2.38579,0.512118,11.6825,79446.8,3
1.39262,112.356,0.619987,4.9666,0.278339,80679.8,3
1.42367,113.491,5.36777,9.85253,4.24608,79717.1,3
1.45303,114.905,3.2327,16.6904,9.19454,79079.6,3
1.48251,119.289,5.13365,15.624,8.74454,80463.9,4
1.51075,119.723,4.9074,18.0038,10.1947,79247.4,4
1.54081,122.286,5.99881,17.2355,7.43316,79365.1,4
1.57167,123.749,4.4695,15.8641,12.4569,78737.2,4
1.60042,127.218,7.0717,21.9354,10.2328,79490,4
1.62858,129.194,14.9337,22.1797,2.73348,79329,4
1.65635,129.397,16.8266,25.9961,3.45237,78121.8,4
1.6845,134.915,15.9689,25.6895,8.31854,80092,4
1.71177,137.751,16.7108,22.2962,2.44316,80472.8,5
1.74186,143.161,18.9254,25.5971,6.95787,82188.5,5
1.77319,145.074,18.543,25.9573,13.6033,81814.9,5
1.80289,150.729,19.3478,30.7635,5.8998,83604,6
1.83268,150.319,19.2592,33.4278,4.38133,82021.4,6
1.86226,154.039,20.7618,39.2005,1.59553,82716.1,7
1.89048,159.217,16.6433,42.4037,3.93205,84220.5,8
1.91978,164.786,14.2081,38.734,8.97048,85835.9,8
1.94849,167.141,18.2554,40.5154,5.51616,85779.8,8
1.97926,165.953,11.4085,39.6238,1.30048,83846,8
2.00868,172.443,12.2645,44.234,12.3318,85848.7,8
2.03955,179.848,12.0652,46.4493,13.3203,88180.4,8
2.07078,180.523,12.8148,48.1327,3.96049,87176.2,8
2.09908,181.846,15.4333,51.7901,8.54836,86631.3,8
2.1288,181.437,16.8339,53.6686,7.0442,85229.6,8
2.1598,187.209,9.45409,45.0719,13.993,86678.7,8
2.18874,189.708,8.57287,44.635,6.94014,86674.8,9
2.2193,188.751,12.5538,43.5325,3.5688,85049.8,9
2.24581,189.337,14.7994,42.1321,5.57102,84306.6,9
2.27404,189.422,11.4803,38.5016,5.84764,83297.4,9
2.30373,192.919,12.6095,36.495,3.68391,83742.1,9
2.33457,199.065,10.6482,34.3206,13.3874,85268,9
2.36467,201.162,11.2504,36.4525,9.02957,85070,9
2.39317,202.346,12.258,37.3749,1.44512,84551.3,9
2.42243,209.91,14.5301,39.0024,16.0919,86652.6,9
2.45179,210.151,13.4496,39.7083,2.46784,85713.3,9
2.47974,210.223,5.86556,38.3441,2.7209,84776.4,9
2.51108,212.06,6.49599,43.0883,9.00443,84449.5,9
2.539,216.254,10.4783,44.9578,10.3503,85172.8,9
2.56779,214.347,13.367,44.047,3.63015,83475.5,9
2.59763,213.917,14.6076,41.2164,2.10054,82350.8,9
2.62418,214.838,15.0716,36.8615,5.29172,81868.7,9
2.65088,215.729,10.3107,37.8152,8.31995,81380.1,9
2.67854,215.257,10.7371,35.372,6.63311,80363.5,9
2.70704,218.214,11.6276,34.3822,2.59197,80609.8,9
2.73489,223.507,13.1978,35.3669,6.67609,81724.4,9
2.76655,227.84,14.6139,31.402,7.42204,82355.2,9
2.79705,227.66,15.9302,30.3043,6.75528,81392.8,9
2.82481,227.966,15.2782,28.9884,7.79458,80701.4,9
2.85563,231.519,16.9381,35.3234,4.45738,81074.5,10
2.88417,235.999,17.7473,34.4183,8.39887,81825.4,10
2.91294,234.62,16.9567,31.0817,3.5416,80544.1,10
2.94016,234.31,15.5325,32.6444,2.44613,79692.8,10
2.96842,237.964,17.8102,33.3682,0.833618,80165.2,10
2.99901,239.272,17.4711,34.538,5.3871,79783.5,10
3.0285,240.907,16.913,34.4736,11.0712,79546.5,10
3.05718,247.941,19.8674,35.9343,10.7425,81101,10
3.08677,246.526,20.718,34.865,5.69571,79865.4,10
3.11782,247.917,19.3598,31.9169,10.5559,79516.1,10
3.14757,250.944,14.9711,28.9971,7.782,79726.2,10
3.17652,254.915,15.2679,33.7244,5.81704,80249.8,11
3.20559,256.531,14.9867,35.1367,11.4397,80026.1,11
3.23402,256.827,13.8756,36.7742,0.76224,79414.2,11
3.26487,258.339,9.65447,34.9139,6.05533,79126.8,11
3.29353,258.122,8.42529,35.6959,5.25002,78372.6,11
3.3243,261.225,7.80791,39.1376,2.8529,78580.5,11
3.35368,262.909,11.5134,39.125,8.67874,78394,11
3.38343,265.897,13.5293,39.7486,4.73786,78588,11
3.41045,265.685,8.77688,33.1952,4.00729,77903.2,11
3.4392,265.889,7.3714,31.7923,4.68295,77311.3,11
3.46548,265.323,12.5588,32.2993,2.69348,76561.7,11
3.49494,265.892,9.28812,33.3829,4.61286,76079.1,11
3.5264,267.458,10.8325,29.9556,10.0289,75844.6,11
3.55577,267.297,13.2208,25.7804,9.42757,75172.9,11
3.58475,270.691,13.581,26.9145,5.52165,75511.8,12
3.61459,272.745,14.442,26.2776,12.6882,75456.7,12
3.64265,274.467,18.8967,28.9002,6.94379,75348.2,12
3.67269,279.166,24.8523,23.2321,7.57132,76011.3,13
3.7016,280.798,22.6221,24.2651,13.2176,75858.6,13
3.73044,282.479,25.5308,24.5164,7.36057,75722.9,13
3.75788,281.394,26.1219,29.6898,3.54772,74881.1,13
3.78648,289.302,25.0917,28.2644,4.71004,76403.8,13
3.81491,292.216,26.6622,32.1141,0.451946,76598.4,13
3.84331,295.979,23.5872,27.8713,0.385734,77011.5,13
3.87082,299.234,23.6002,28.4884,11.7199,77305.1,13
3.89975,301.086,18.2597,27.7647,4.85941,77206.5,13
3.92831,305.913,24.4192,27.529,9.99215,77873.8,13
3.95718,308.66,20.3178,28.6271,3.81676,78000.1,14
3.985,311.383,16.8917,29.1836,13.3159,78138.8,14
4.01255,311.744,13.0619,33.7353,2.90117,77692.2,14
4.04237,311.689,11.9405,35.9951,2.70214,77105.4,14
4.07243,315.551,8.741,33.8717,4.50262,77484.6,14
4.10108,317.406,10.85,36.2599,10.9539,77395.8,14
4.13461,319.286,9.90537,38.3619,3.18805,77222.8,14
4.16154,324.159,6.86869,37.7928,5.79259,77894,14
4.18815,328.045,8.39963,39.3566,3.57074,78326.9,15
4.21828,328.127,3.88067,40.7517,3.85802,77787,15
4.24602,333.407,6.43573,42.963,10.5749,78522.1,15
4.27842,330.886,5.17594,48.3526,1.64463,77338.3,15
4.30447,336.676,2.70102,48.354,6.08873,78215.3,16
4.33373,336.655,5.54083,46.6468,6.02903,77682.4,16
4.36294,339.922,3.85876,42.1414,5.72032,77911.2,16
4.39308,347.134,-3.53757,39.9181,3.6492,79018.3,17
4.4217,348.647,-0.597819,38.4569,8.91031,78849.2,17
4.45461,351.762,2.00842,32.0118,5.41403,78965.9,17
4.4825,359.579,1.35189,27.7451,16.9265,80218.4,18
4.5126,362.389,1.79339,27.7205,12.3544,80306,18
4.54284,363.759,-0.297814,28.794,3.89105,80073,18
4.5714,366.831,-0.56728,28.8777,2.94698,80244.7,18
4.59927,368.087,-3.27316,31.0882,7.30813,80031.5,18
4.62911,370.851,0.113221,30.4888,5.20865,80112.7,18
4.65809,370.978,3.23204,31.798,5.64082,79641.7,18
4.68527,371.144,4.31223,32.775,6.18932,79215.1,18
4.71286,370.964,-0.343419,31.9118,5.51292,78713.1,18
4.74087,372.054,1.72326,32.2804,9.31309,78478.1,18
4.76746,378.219,3.4108,33.5301,3.35047,79333.4,19
4.7987,378.448,3.88579,33.0315,4.14721,78864.6,19
4.82692,383.577,3.94775,33.0019,7.74451,79466.1,19
4.8565,388.098,6.7115,32.8268,11.8667,79913.1,19
4.88697,389.138,5.28942,30.7186,3.75898,79627.6,19
4.91629,393.682,3.64527,26.9284,7.93358,80077,19
4.94705,395.156,-1.9602,29.5504,13.061,79877.1,19
4.97597,395.521,-3.50719,28.5508,14.2987,79486.1,19
5.00462,396.583,-1.41884,28.4565,3.60335,79243.3,19
5.03259,401.344,-2.1764,27.9555,8.4934,79748.9,19
5.06279,400.143,0.577502,30.3814,4.23895,79036.1,19
5.09168,401.68,1.81566,33.3944,9.56439,78889.4,19
5.11922,401.231,-0.508879,33.5384,7.96985,78377.3,19
5.1486,406.062,0.718571,33.5797,10.4476,78868.3,19
5.17861,411.762,-3.74159,32.5348,4.36844,79512,19
5.20739,413.971,-6.44534,31.3801,12.1133,79496.7,19
5.2353,416.348,-0.513565,31.4657,5.92527,79527.1,19
5.26175,416.222,2.08885,28.5375,5.30717,79103.4,19
5.29303,422.219,4.92687,28.7067,10.4611,79768.9,20
5.31968,425.707,8.8546,24.2193,10.9208,80024.9,20
5.35007,432.471,7.93387,23.5003,4.39641,80834.7,21
5.37975,433.865,12.4726,22.9206,9.26254,80647.7,21
5.40892,432.127,10.8853,29.4226,3.0721,79891.5,21
5.43674,432.534,15.1298,28.1807,4.50036,79557.5,21
5.46772,433.467,18.4427,29.3155,7.74942,79277.4,21
5.49455,432.355,11.593,24.1985,3.86605,78687.9,21
5.52624,434.173,13.479,21.5913,10.21,78565.7,21
5.55406,437.256,12.2853,21.5433,6.57694,78727.4,21
5.58371,436.709,9.88045,18.6936,4.60446,78211.3,21
5.61178,438.546,13.889,18.0712,10.9657,78147.5,21
5.63995,437.114,15.1116,16.0873,5.96871,77503.3,21
5.66754,437.613,14.8445,14.5137,7.70991,77213.9,21
5.69745,438.962,12.4459,14.8947,12.3644,77045.4,21
5.7264,440.633,14.0679,12.6771,6.53888,76947.7,21
5.75832,441,18.0225,11.0105,7.73594,76584.7,21
5.78619,443.03,19.1041,7.93335,3.10162,76566.7,21
5.81512,442.42,22.3594,3.59563,0.993344,76081,21
5.84599,443.611,24.6492,-0.95016,5.11667,75882.8,21
5.87585,445.649,30.0062,-2.27362,0.520595,75844.1,21
5.90406,450.789,29.193,-3.90211,6.76021,76352.3,21
5.93429,450.917,30.1793,-0.216979,7.20693,75985.1,21
5.96362,451.503,30.6661,0.0870668,9.22778,75709.5,21
5.99198,455.073,31.4595,3.01905,9.96031,75947.1,21
6.02159,457.974,37.2754,-0.193502,4.31952,76055.3,22
6.05198,463.38,40.1241,4.15833,8.81118,76566.7,22
6.08197,465.724,42.9684,-0.511952,5.2678,76574.5,22
6.1075,465.167,47.0084,-0.987066,3.31247,76163.2,22
6.13701,465.219,44.4453,6.88529,3.473,75805.5,22
6.16253,465.726,40.6296,3.0593,5.26649,75573.9,22
6.18964,466.969,35.6371,2.27043,9.57847,75443.7,22
6.22018,469.08,36.7277,-1.50325,2.59102,75412.5,22
6.25022,472.05,39.2806,-0.80788,12.8725,75525.2,22
6.27907,474.766,39.4955,-1.68828,10.6762,75610.9,22
6.30812,478.737,42.9513,-3.60179,10.1163,75892.2,22
6.33756,481.491,41.9136,-2.05276,6.41615,75974.2,22
6.36722,484.81,40.7913,-6.00756,3.69339,76141.6,22
6.39505,485.896,41.5195,-6.22084,7.41133,75980,22
6.42281,489.523,44.7934,-3.75692,6.8357,76216.2,22
6.45321,489.695,42.0336,-4.25719,7.37872,75884,22
6.48251,490.137,39.736,-7.70327,8.88381,75609.1,22
6.51253,492.032,39.8353,-5.58731,3.76604,75551.5,22
6.54056,495.965,38.3822,-8.91853,5.83128,75829.1,22
6.56861,494.914,38.6608,-10.2543,2.06718,75345.4,22
6.60056,497.336,33.2723,-7.04482,10.4191,75347.6,22
6.6303,494.648,32.3835,-11.4623,1.02297,74604.2,22
6.66331,496.596,33.6471,-16.0046,7.83055,74526.9,22
6.69211,495.095,35.1948,-24.3196,2.52313,73982,22
6.72049,496.746,35.9763,-21.5132,8.24192,73915.2,22
6.75023,500.445,35.1829,-25.0487,5.37487,74137.4,23
6.7783,506.261,39.8331,-24.2605,13.9715,74688.5,23
6.80773,508.574,36.5819,-27.6535,7.68175,74705.3,23
6.83697,515.376,33.9927,-28.0119,3.86117,75380.8,23
6.8653,517.573,34.8984,-33.1937,11.4598,75389.8,23
6.89342,521.55,37.0525,-33.058,13.5919,75659.1,23
6.92172,522.468,38.9563,-29.8498,5.10794,75482.5,23
6.95023,526.144,38.1585,-25.2186,6.18435,75701.6,23
6.98155,526.461,35.7917,-28.8718,7.25316,75407.5,23
7.00876,530.496,38.421,-27.0585,7.02798,75690.4,23
7.03515,530.108,35.1434,-26.0618,5.6496,75351.3,23
7.06316,535.387,31.6895,-23.2236,10.8191,75799.9,23
7.09033,536.963,31.5759,-23.0282,0.442973,75731.7,24
7.11858,536.92,30.1998,-22.8619,0.272914,75425.2,24
7.15159,543.058,30.4824,-19.3906,8.50761,75935.3,24
7.17957,549.254,29.2884,-16.5139,1.13501,76502.3,25
7.20723,551.007,28.8327,-16.2442,7.2338,76451.9,25
7.23511,553.646,28.9665,-9.47326,3.19833,76522.1,25
7.2655,559.936,31.0646,-11.1269,9.39668,77067.8,26
7.29291,558.135,31.8872,-12.7332,3.06296,76531.1,26
7.32598,561.056,30.9278,-8.85429,1.4746,76584.5,26
7.35623,561.818,25.6024,-12.6117,4.14114,76373.2,26
7.38673,561.938,23.0807,-14.7972,4.49862,76073.9,26
7.41611,561.744,15.9497,-11.7115,3.77138,75746.5,26
7.44433,562.154,15.6772,-14.5022,5.1942,75514.4,26
7.47383,565.295,17.8758,-14.2697,4.49884,75636.6,26
7.50451,572.581,19.357,-12.6374,2.28391,76298.4,26
7.53251,574.537,20.7273,-14.275,9.11878,76274.3,26
7.56139,580.37,16.4596,-13.4655,13.6247,76754.3,27
7.59071,580.503,19.0563,-11.1451,2.41115,76475.5,27
7.61968,586.246,19.6688,-13.0888,8.09564,76938.4,27
7.64849,588.838,20.2758,-11.5062,2.80191,76987.5,27
7.67711,591.848,25.375,-14.8983,13.2529,77092.5,27
7.70348,594.394,24.7751,-12.6748,7.7322,77159.1,27
7.73431,598.729,25.4485,-19.0422,7.11149,77412.1,28
7.76349,602.098,27.023,-18.0827,5.58908,77555,28
7.79547,607.482,28.9342,-17.251,11.0776,77927.6,28
7.82419,609.278,34.9566,-23.9604,3.0506,77871.1,28
7.85228,615.958,36.5634,-25.0928,2.98901,78443.2,28
7.88154,615.567,32.8998,-26.3144,1.59699,78102.3,28
7.91103,615.975,33.7608,-30.5052,3.02105,77862.8,28
7.94117,619.732,32.0178,-27.1936,2.08195,78040.4,28
7.97311,621.553,30.2901,-34.4837,8.42855,77956.1,28
8.00571,625.189,31.8595,-34.5193,6.66336,78092.9,28
8.03515,623.878,33.0069,-38.2052,2.03831,77643.6,28
8.06493,624.928,33.8756,-34.3567,5.71228,77487.1,28
8.09372,623.899,34.7833,-32.1977,2.07419,77084.4,28
8.12304,625.202,32.3438,-33.82,6.54936,76966.5,28
8.15256,625.753,34.4775,-39.0363,8.49612,76755.4,28
8.18168,624.449,33.3137,-37.033,3.88405,76322.8,28
8.20922,627.285,30.3262,-36.7283,2.07971,76412.3,28
8.23783,628.778,32.7545,-37.4983,7.24768,76328.1,28
8.27,630.146,39.6442,-38.8833,11.9361,76196.6,28
8.30007,634.493,38.8615,-38.9598,1.04073,76444.3,28
8.33055,637.4,41.9624,-39.0854,11.2122,76513.6,28
8.36074,638.446,40.8069,-36.1136,3.1386,76362.3,28
8.39087,642.482,40.3264,-37.9587,5.50893,76569.1,28
8.41872,642.042,33.5361,-33.7482,3.94581,76263.6,28
8.44876,646.108,36.9958,-35.0122,2.75216,76473.6,28
8.47855,652.43,37.3426,-41.2879,13.094,76950.6,28
8.5089,654.485,38.4315,-41.9779,5.92051,76917.7,28
8.53941,655.095,38.6503,-38.4882,8.04741,76714.3,28
8.57161,658.187,39.9095,-36.0852,3.10017,76786.8,29
8.60047,663.198,44.5226,-33.3954,8.9296,77111.8,29
8.63389,665.442,45.0333,-32.2861,5.07602,77073.3,29
8.6633,666.487,47.5308,-30.8938,8.72172,76932.3,29
8.6909,664.133,44.8145,-31.7455,0.487962,76417,29
8.71996,666.877,43.404,-28.7528,9.98982,76477.1,29
8.75138,667.519,43.9202,-33.8025,12.0621,76275.9,29
8.77883,670.261,41.9409,-28.8233,8.41133,76349.7,29
8.80563,668.218,41.2873,-27.0936,1.2253,75885.3,29
8.83318,671.956,37.8768,-29.7788,14.2522,76071.8,29
8.86361,675.019,41.1079,-26.7812,9.15211,76156.3,30
8.89356,676.108,43.2558,-27.026,12.8525,76022.1,30
8.91975,676.805,46.7677,-23.6782,3.63232,75877.1,30
8.94789,679.138,49.0253,-25.7551,11.7505,75899.2,30
8.97716,682.146,49.2993,-22.0263,9.01734,75986.8,30
9.00751,680.653,47.2057,-19.3073,3.73322,75565.1,30
9.03544,679.682,51.0029,-19.2671,0.349422,75224,30
9.06744,683.773,53.1758,-17.8709,2.86787,75409.8,30
9.09647,685.147,51.0346,-15.2468,7.64926,75320,30
9.12381,693.397,49.6228,-14.3278,8.98291,75998.6,31
9.15273,696.605,50.8706,-13.0703,5.80986,76109,31
9.17946,698.089,50.9704,-13.0613,10.9601,76049,31
9.20898,697.954,51.6596,-10.8554,10.376,75790.7,31
9.23554,700.208,52.8714,-14.4352,5.02748,75816.6,31
9.26335,703.744,51.698,-15.044,2.96888,75970.8,31
9.2942,707.825,52.5927,-17.3569,3.97061,76157.8,31
9.32445,710.96,56.1301,-12.2754,3.2269,76246.8,31
9.35118,715.539,55.2266,-13.4819,7.51532,76518.6,31
9.38169,714.675,56.4123,-10.9269,4.46993,76177.6,31
9.40944,715.097,57.8549,-7.09202,5.89729,75997.8,31
9.43795,715.206,55.0831,-7.55114,6.24773,75779.8,31
9.46625,715.194,47.6088,-4.29036,6.20187,75552.1,31
9.49679,720.516,46.3594,-2.22458,11.5899,75869.5,31
9.52606,722.092,47.8753,-0.17973,2.67607,75801.8,31
9.55693,725.518,46.4311,0.837336,14.6174,75915.4,31
9.58365,722.481,40.6946,-3.22684,3.95359,75386.9,31
9.6144,727.045,36.9928,0.0121405,5.50799,75620.4,31
9.64218,728.586,38.2569,0.449634,10.8304,75562.4,31
9.67268,728.543,40.5314,1.41322,10.697,75319.7,31
9.70146,732.088,40.9906,1.11211,11.2686,75461.6,31
9.7307,733.726,41.241,4.84166,16.863,75403.3,31
9.76025,736.924,42.3151,3.48454,13.7403,75502.5,31
9.78965,734.253,41.0263,-2.1388,4.40248,75003,31
9.8198,739.758,38.0009,-1.43597,10.3644,75333.3,31
9.84938,738.665,39.9886,-1.79493,6.45993,74996.1,31
9.87792,738.136,37.464,-4.71013,4.60599,74725.8,31
9.90744,742.522,32.0719,-2.83106,5.60958,74945.9,31
9.93646,743.539,33.3749,-9.07489,9.09545,74829.3,31
9.96431,743.259,34.2638,-4.75124,8.04298,74592.1,31
9.99286,742.261,35.6783,-1.07671,4.54892,74279.1,31
10.0001,741.305,35.2182,-0.463249,1.21347,74130,31
