0.148367,3644.81,-18.0023,15.1772,3.19272,34952.3,0
0.282082,3646.07,-0.21086,22.6751,2.40746,13932.3,0
0.428141,3640.18,16.4665,5.28189,6.06879,22930.3,0
0.575187,3637.01,9.1242,6.61775,8.12653,22591.4,0
0.710496,3630.99,5.40831,-1.52964,11.8481,26757.7,0
0.863193,3618.62,27.8073,22.8922,4.61409,36349.6,0
1.00081,3604.24,29.5623,22.9877,2.85418,45718.7,0
1.14324,3604.69,30.7399,26.1726,2.22602,39633.7,0
1.2719,3600.3,35.5586,35.3515,4.26712,39076.2,0
1.41618,3593.4,51.6865,28.9987,8.00979,39968.2,0
1.56145,3593.11,79.1464,16.6201,4.20477,36432.8,0
1.711,3587.39,85.5727,-0.755804,7.15124,36595.6,0
1.861,3568.5,75.4876,16.9948,11.2467,43794,0
1.95553,3569.49,95.157,31.985,4.22445,41172.7,0
