0.139499,3637.57,-16.9946,24.3109,8.02185,89078.2,0
0.274673,3619.14,-10.9958,9.63934,8.81939,112351,0
0.411255,3612.39,-22.7937,11.3232,1.36079,91451.7,0
0.553603,3601.57,-29.8737,-11.3693,8.83403,87481.4,0
0.695875,3589.8,-29.5838,-24.5696,5.57091,86515.7,0
0.841406,3580.48,-28.5328,-29.3365,1.19081,82624.3,0
0.988304,3560.18,-35.0828,-27.933,7.53837,90887.5,0
1.13023,3535.25,-45.2104,-23.0929,6.23099,101530,0
1.27726,3535.53,-47.6236,-15.0088,6.23936,89619.2,0
1.42969,3505.83,-48.4216,-7.77804,3.49724,100841,2
1.58033,3484.99,-33.9222,-19.3502,7.87941,104415,3
1.72966,3457.4,-25.6214,-10.4655,4.88351,111354,5
1.81508,3458.57,-7.41581,-4.48247,11.3578,105467,6
