0.149816,3643.93,-57.442,27.6145,4.62771,40502.3,0
0.2922,3644.05,-75.2388,37.7076,2.55508,20366.5,0
0.441921,3638.75,-92.6149,27.0381,4.06905,25449.6,0
0.584247,3623.71,-81.3314,26.3972,2.20837,44999.7,0
0.733439,3617.1,-68.1486,23.6824,8.03809,44854.5,0
0.883374,3601.53,-72.6297,27.6001,5.4642,54869.3,0
1.01939,3602.56,-58.7506,34.1828,6.35712,46534.3,0
1.16322,3593.3,-64.1931,30.1985,12.2766,48747.2,0
1.29727,3581.29,-72.6345,34.687,5.65393,52964,0
1.42443,3567.65,-65.9986,51.8079,14.8058,57813.5,0
1.57743,3547.63,-68.7134,42.5158,4.48543,64898.1,1
1.72907,3536.48,-55.9441,27.7825,10.993,65655.5,1
1.88012,3531.87,-56.0546,8.18911,7.20646,62832.6,1
2.0235,3500.87,-55.4051,0.0421067,4.95527,73700.7,1
2.16847,3495.76,-49.4977,-14.3649,0.585449,71128.2,2
2.31707,3460.68,-37.8188,-7.34575,7.80298,81706.9,3
2.3386,3449.17,-41.4898,-3.90504,5.64075,85877.9,3
