0.139871,3645.13,43.0028,1.91159,3.04044,34835.9,0
0.28586,3639.32,37.162,2.68297,6.71888,37346,0
0.434744,3635.06,32.5298,3.41427,9.42726,34359.7,0
0.582745,3648.51,35.9622,-5.20302,1.19433,2560.73,0
0.727157,3642.9,34.866,-9.01523,4.46317,9763.23,0
0.876575,3621.62,28.4907,-7.89585,6.48034,32372.5,0
1.02244,3617.8,42.2556,7.96017,7.96604,31495.5,0
1.16449,3619.83,56.1214,-5.65837,5.27126,25907.5,0
1.30841,3613.56,51.2701,-10.4933,9.83823,27851.4,0
1.45805,3598.54,44.9797,-18.899,8.96688,35296.2,0
1.60136,3599.53,52.8553,-22.7631,6.92489,31514.9,0
1.74205,3583.97,51.0113,-30.895,6.5733,37904.6,0
1.88521,3587.27,65.3837,-10.8363,2.74794,33273.6,0
2.03141,3575.34,76.5747,-0.372333,9.48103,36754.7,0
2.18218,3565.17,73.6296,-4.49711,4.14022,38873.7,0
2.31994,3560.47,79.4794,-2.09753,6.22514,38592.2,0
2.46596,3549.41,77.328,9.38794,4.37781,40791.9,0
2.61354,3547.93,55.356,27.8367,11.6193,39052.8,0
2.76653,3532.75,33.0652,14.1944,5.81261,42380,0
2.91296,3514.33,30.4687,10.9887,11.3944,46573.8,1
3.05817,3505.49,19.3752,16.5164,9.594,47253.8,2
3.20585,3498.25,12.7709,2.73846,14.9727,47335.3,2
3.22561,3497.93,-0.738147,-1.61285,1.08472,47145.8,6
