0.139961,3642.99,-38.16,-55.2551,3.37592,50102.4,0
0.27827,3638.4,-37.1781,-76.1378,4.11573,41703.5,0
0.422212,3646.62,-41.0675,-47.3512,1.69285,7997.55,0
0.565436,3634.39,-38.0941,-41.8411,9.19676,27601,0
0.715804,3615.35,-36.8178,-27.2372,6.39114,48410.7,1
0.86535,3618.01,-41.5052,-33.7444,3.83558,36963.1,1
1.00818,3609,-37.5119,-43.2294,9.32728,40664.8,1
1.15753,3601.06,-50.4149,-42.5606,13.4515,42280.5,1
1.29706,3603.63,-60.4504,-39.9777,10.6023,35752.3,1
1.44288,3593.21,-47.7438,-34.7074,5.89988,39359.4,1
1.5882,3573.92,-75.373,-33,1.35532,47902.1,1
1.689,3545.76,-96.2728,-30.1253,5.15608,61715.4,1
