0.145273,3629.06,-9.76031,2.06079,12.9447,144138,0
0.297765,3624.77,-9.87835,24.3878,3.48,84716.5,0
0.431045,3614.38,-7.12167,5.4204,11.2435,82624.8,0
0.580116,3598.02,19.4533,6.82659,7.21469,89609.9,1
0.728071,3588.63,12.8876,10.8419,15.1799,84284.9,1
0.87512,3566.53,16.2389,14.3719,6.67452,95383,2
1.01847,3555.63,-6.20971,1.85539,7.56824,92657.1,2
1.15585,3555.9,-0.621127,17.609,5.90359,81410.1,2
1.29912,3543.95,-2.75026,3.9827,11.9834,81632.5,2
1.43607,3534.06,-17.9591,6.99733,13.3445,80733.4,2
1.57742,3508.12,-2.10371,-6.69316,14.2343,89943.2,4
1.59941,3498.94,-0.71128,1.06248,32.0285,94447.9,5
