0.161163,3646.84,46.6271,26.1021,0.18143,19586,0
0.320622,3638.12,64.3354,37.8857,0.431421,37067.1,0
0.478876,3642.46,81.4529,19.1786,0.156448,15752.9,0
0.638853,3638.21,83.3175,-7.83798,0.346365,18448.3,0
0.797125,3643.62,86.4988,-9.92055,0.0753513,7999.58,0
0.956144,3638.64,82.5608,-9.45616,0.334065,11879.5,0
1.11865,3622.84,93.5033,4.06174,0.96768,24279.6,0
1.27759,3638.89,82.2812,-5.06241,0.33864,8697.36,0
1.43791,3643.69,86.9237,-5.67191,0.084789,4390.93,0
1.59665,3630.22,83.3076,-19.5115,0.711973,12388,0
1.7578,3625.93,82.2546,-25.0967,0.919431,13690.7,0
1.91479,3621.38,73.339,-23.225,1.24436,14948.7,0
2.07738,3616.07,82.8891,-21.6809,1.38469,16332.8,0
2.23413,3611.97,76.4209,-18.3359,1.65517,17020.3,0
2.39335,3609.68,80.1274,-19.6564,1.70877,16845.1,0
2.55521,3602.54,81.5904,-7.36852,2.07551,18573.1,0
2.71406,3594.86,78.9171,-5.11419,2.50428,20317.3,0
2.8746,3596.83,84.4169,-9.5687,2.28075,18496.1,0
3.0325,3595.14,80.1818,-8.63696,2.40182,18092.1,0
3.18989,3593.31,81.3797,-13.3187,2.43868,17771.8,0
3.34904,3596.54,84.5016,-9.66433,2.19766,15962.2,0
3.50636,3595.74,72.0836,-0.076509,2.40861,15473.4,0
3.6681,3598.5,77.1566,2.39829,2.14683,14040,0
3.82836,3598.65,76.3903,0.929684,2.12098,13413.3,0
3.99156,3599.17,78.8762,16.8051,2.01769,12734,0
4.15184,3596.07,75.9183,21.1813,2.22439,12990.2,0
4.3155,3585.75,67.6292,24.8127,2.85819,14888,0
4.47173,3580.37,60.9965,21.689,3.25104,15571.1,0
4.63083,3580.28,63.4406,18.762,3.19169,15054.6,0
4.79153,3579.15,62.7967,14.5538,3.20252,14787.1,0
4.95245,3584.56,65.9034,7.69924,2.77585,13214.6,0
5.11165,3585.97,66.8677,5.84965,2.62948,12525.4,0
5.27172,3584.74,65.7336,4.37072,2.68553,12378.8,0
5.43171,3585.05,68.5616,1.90491,2.58632,11958,0
5.59117,3579.89,75.9218,-1.5336,2.78738,12539.7,0
5.75102,3577.39,82.1012,-5.47131,2.73061,12625.8,0
5.90833,3579.05,81.5119,6.59547,2.56056,12008.6,0
6.06531,3578.69,82.4131,1.96743,2.52824,11757.2,0
6.22291,3589.04,91.3745,7.54201,1.75992,9796.68,0
6.38618,3587.35,80.7709,3.13516,2.06784,9809.73,0
6.54601,3584.14,72.5163,-0.8428,2.40118,10060.9,0
6.70619,3591.23,79.5416,-0.963299,1.82547,8764.02,0
6.86711,3594.23,75.36,2.08963,1.68468,8121.44,0
7.0289,3585.55,79.0328,-0.217814,2.11791,9169.47,0
7.18956,3589.43,78.6694,4.53097,1.87169,8424.11,0
7.35041,3592.78,81.9926,2.43777,1.60792,7784.66,0
7.51356,3587.97,78.2922,12.703,1.91898,8256.14,0
7.67497,3587.47,83.3765,21.7487,1.82758,8147.08,0
7.83527,3582.95,91.3584,9.38595,1.96705,8556.96,0
7.99629,3580.34,85.9115,16.8423,2.19307,8712.04,0
8.15435,3583.98,79.1803,10.4514,2.09156,8096.14,0
8.31118,3578.13,83.4231,7.14348,2.37973,8647.55,0
8.46901,3584.17,71.3423,-4.64891,2.20153,7772.82,0
8.62549,3581.77,69.8777,2.11516,2.33061,7910.85,0
8.78287,3574.54,67.0092,0.332569,2.77268,8591.96,0
8.94184,3563.52,64.4506,1.78726,3.47095,9671.09,0
9.10178,3568.16,62.3347,-3.26368,3.15366,8991.88,0
9.26268,3570.05,57.0384,-6.3421,3.04481,8631.38,0
9.42233,3569,52.9483,2.59093,3.14372,8596.3,0
9.58133,3565.87,61.3565,1.45318,3.16139,8781.06,0
9.73915,3558.93,63.8207,-7.67335,3.50197,9350.67,0
9.89826,3557.27,67.4395,-6.53798,3.51272,9367.9,0
10.0566,3562.42,61.8543,-6.48093,3.26521,8708.59,0
10.2172,3561.08,59.1343,1.50694,3.3688,8703.04,0
10.3766,3561.19,46.7124,-4.85776,3.59903,8558.74,0
10.5366,3556.25,50.9548,-6.41837,3.79578,8897.63,0
10.7003,3551.35,55.8868,1.20505,3.95305,9219.62,0
10.8619,3550.93,67.3282,3.62363,3.60744,9121.13,0
11.0201,3553.3,66.1197,12.0445,3.38003,8774.93,0
11.1822,3549.64,72.7078,10.2372,3.37153,8974.54,0
11.3409,3547.03,72.0173,17.9743,3.42263,9079.42,0
11.5008,3552.17,70.7362,20.5947,3.03664,8505.94,0
11.661,3558.35,71.3449,16.5867,2.62428,7859.49,0
11.8246,3557.83,77.9184,8.0715,2.50833,7795.01,0
11.9829,3557.41,86.5664,7.46564,2.26471,7726.75,0
12.143,3559.74,82.9037,10.2943,2.1822,7433.01,0
12.2998,3568.11,80.5232,12.0837,1.69443,6657.44,0
12.461,3578.03,73.4677,5.23512,1.23578,5775.4,0
12.6201,3580.8,68.5221,0.632773,1.14522,5482.98,0
12.7781,3590.2,70.4609,5.47056,0.54101,4680.19,0
12.9353,3589.74,68.6692,17.9801,0.5611,4658.83,0
13.0985,3589.5,64.2269,18.24,0.638529,4618.97,0
13.2596,3589.27,64.36,24.3627,0.626168,4580.45,0
13.4174,3595.42,50.3158,23.9938,0.435144,4067.87,0
13.5786,3580.12,38.4223,17.686,1.60901,5146.51,0
13.7395,3590.49,37.0676,4.00756,0.947083,4331.14,0
13.8968,3583.45,47.2294,2.46912,1.28783,4788.53,0
14.056,3591.09,42.2343,3.78361,0.834525,4191.08,0
14.217,3603.66,45.2097,12.2768,0.0152601,3259.23,0
14.3734,3585.91,38.2385,12.8349,1.20169,4458.71,0
14.5318,3584.03,38.8812,19.6124,1.29115,4539.55,0
14.6943,3589.25,41.9974,11.6544,0.928376,4134.54,0
14.8519,3597.29,23.6951,4.03141,0.568693,3549.21,0
15.0151,3595.86,27.5149,18.055,0.595877,3605.76,0
15.1761,3592.9,7.40456,17.4623,0.877643,3762.33,0
15.3336,3595.79,-5.56796,-1.9785,0.733582,3535.27,0
15.4943,3599.27,-0.959164,-0.263031,0.512326,3273.83,0
15.6535,3593.11,-12.2908,0.728028,0.892588,3634.14,0
15.8129,3587.03,-11.5904,-7.98084,1.28956,3981.89,0
15.9743,3593.86,3.1418,-4.8759,0.837972,3514.29,0
16.1362,3582.79,3.10216,-3.26809,1.63362,4165.37,0
16.2973,3580.9,7.46925,-4.53789,1.75515,4239.78,0
16.4572,3583.93,6.90932,-5.3903,1.52569,4014.78,0
16.6184,3581.83,8.26156,-1.07126,1.70041,4102.01,0
16.7791,3584.41,8.249,-5.50169,1.47118,3908.77,0
16.9364,3587.26,7.44741,-3.32253,1.24939,3704.7,0
17.0972,3596.3,5.5739,-5.46503,0.624952,3140.91,0
17.2605,3604.51,4.43456,-11.4504,0.082224,2635.53,0
17.4203,3592.12,-4.60954,-8.06627,0.898566,3322.44,0
17.5825,3587.02,-0.557339,-10.1703,1.25426,3582.19,0
17.7406,3586.77,4.34042,-12.1508,1.24711,3564.1,0
17.9031,3592.5,5.8953,-10.6906,0.840174,3211.96,0
18.0625,3588.98,5.84614,-13.107,1.06766,3378.4,0
18.2239,3591.81,-0.580288,-14.7587,0.860619,3192.86,0
18.3827,3599.68,-20.7725,-0.877968,0.317534,2737.24,0
18.5402,3590.94,-23.3908,1.48391,0.867798,3185.44,0
18.7018,3594.66,-23.7605,-3.0161,0.615753,2959.24,0
18.8602,3591.8,-25.8763,-18.9303,0.728902,3085.84,0
19.0209,3588.81,-23.6312,-14.4827,0.955835,3216.78,0
19.1822,3585.74,-26.2826,-18.1955,1.11958,3350.02,0
19.3445,3581.53,-21.349,-17.1603,1.46638,3539.37,0
19.5044,3597.91,-22.9076,-25.9562,0.312908,2670.58,0
19.6631,3580.98,-34.9912,-29.6866,1.29839,3510.14,0
19.8241,3577.87,-29.7401,-42.8744,1.41359,3638.64,0
19.9824,3573.1,-35.209,-36.1622,1.77518,3848.42,0
20.1413,3571.12,-43.9415,-44.1855,1.69978,3916.49,0
20.2999,3569.4,-36.6055,-40.6756,1.97498,3970.65,0
20.4576,3573.14,-39.221,-35.7301,1.71438,3757.11,0
20.6196,3588.06,-37.1137,-31.497,0.780392,3003.85,0
20.7808,3571.03,-29.7187,-27.7996,2.07282,3800.37,0
20.9396,3580.96,-32.9471,-31.3118,1.27972,3296.96,0
21.1002,3581.15,-21.4041,-29.0673,1.37404,3263.22,0
21.2576,3581.7,-23.989,-24.6841,1.33158,3212.76,0
21.4172,3583.6,-21.8281,-23.9914,1.21631,3100.39,0
21.5782,3586.17,-19.3672,-28.6734,1.00017,2958.14,0
21.7383,3586.64,-12.3055,-23.9647,1.04495,2914.61,0
21.9007,3584.77,-5.09758,-30.2187,1.13617,2978.64,0
22.0603,3593.37,1.43691,-20.8149,0.612238,2566.87,0
22.2194,3589.76,4.79248,-14.5106,0.882519,2711.21,0
22.3781,3585.41,-6.60811,-3.91148,1.2343,2886.13,0
22.5386,3572.82,-6.37634,0.853962,2.18284,3424.4,0
22.6958,3567.99,-12.8939,-2.00978,2.53166,3613.55,0
22.8528,3565.57,-13.2874,-6.04459,2.68334,3694.61,0
23.0142,3558.07,-17.2959,-18.9781,3.16156,3994.49,0
23.1773,3559.99,-20.6378,-19.7613,2.92294,3883.6,0
23.3366,3561.85,-20.0728,-25.5599,2.65016,3777.4,0
23.495,3557.54,-19.4629,-23.7883,3.00531,3935.4,0
23.6587,3559.19,-7.98418,-28.0579,2.82243,3838.4,0
23.8192,3552.75,-2.5644,-34.2755,3.23944,4083.05,0
23.9798,3548.57,-1.30109,-34.7266,3.54715,4229.89,0
24.1393,3550.63,5.52236,-33.1778,3.3742,4116.56,0
24.3009,3547.59,2.62422,-34.443,3.57867,4214.4,0
24.4614,3550.7,2.88404,-35.5476,3.21942,4059.57,0
24.6179,3555.4,10.877,-33.8561,2.8111,3842.78,0
24.7781,3558.18,9.16427,-40.3745,2.40593,3705.81,0
24.9385,3556.93,17.4749,-33.4472,2.54729,3732.14,0
25.0974,3557.37,24.6318,-30.9416,2.48091,3690.98,0
25.2585,3564.23,28.2453,-25.341,1.91883,3395.79,0
25.4184,3565.43,31.9399,-27.2062,1.72853,3327.15,0
25.5778,3564.15,29.4212,-26.8731,1.85207,3356.47,0
25.739,3565.28,33.0874,-28.4855,1.65809,3291.62,0
25.8976,3565.3,34.2194,-30.1242,1.60364,3270.4,0
26.0561,3564.89,29.4364,-28.3023,1.72846,3266.61,0
26.2149,3571.25,22.9011,-28.9947,1.27332,3004,0
26.3737,3570.9,24.4226,-24.8029,1.28429,2999.11,0
26.5301,3563.16,26.042,-15.9424,1.96815,3273.2,0
26.6896,3565.94,24.2657,-21.2921,1.68304,3149.41,0
26.8444,3559.09,18.9702,-24.8914,2.29244,3386.58,0
27.0067,3554.68,19.2959,-17.8021,2.73588,3529.56,0
27.1674,3544.79,17.1951,-21.1404,3.6124,3872.48,0
27.3316,3550.54,13.2258,-16.1619,3.11509,3639.01,0
27.4902,3538.67,10.9899,-14.8578,4.44898,4049.92,0
27.6513,3537.61,14.9043,-12.8975,4.37036,4064.61,0
27.8099,3535.11,20.4276,-15.3142,4.3182,4131.11,0
27.9708,3532.79,8.78978,-7.13242,4.79926,4190.41,0
28.1325,3538.12,17.864,-10.0957,3.7467,3976.74,0
28.2929,3540.13,18.4432,-9.19872,3.42138,3883.27,0
28.4526,3534.21,21.091,-6.55038,3.98876,4069.55,0
28.6107,3537.52,24.473,-1.2574,3.47777,3931.54,0
28.7707,3539.22,23.5445,5.21624,3.28883,3850.45,0
28.9327,3533.42,30.4496,4.10971,3.67667,4029.38,0
29.0932,3532.49,34.5946,8.39883,3.49672,4038.95,0
29.2563,3529.14,35.1075,12.0797,3.67825,4131.06,0
29.4182,3524.9,41.0696,0.278007,3.85541,4252.57,0
29.5817,3534.12,37.7541,-0.749669,2.91586,3917.34,0
29.7411,3540.64,37.0746,0.878303,2.19194,3677.03,0
29.9001,3535.19,49.5893,1.45215,2.23962,3839.92,0
30.0613,3534.66,50.8369,-6.46962,2.244,3836.76,0
30.2184,3527.1,48.1311,-8.66269,3.04937,4066.95,0
30.3818,3524.48,53.6191,-5.40148,3.0307,4131.4,0
30.5415,3525.08,56.4324,-1.97251,2.77187,4090.14,0
30.7045,3511.06,48.8449,-10.9855,4.60876,4525.12,0
30.8658,3510.74,59.0627,-13.7009,3.79422,4511.89,0
31.0249,3516.56,60,-12.7699,3.11435,4300.96,0
31.1843,3516.62,59.5839,-17.0053,2.99939,4277.27,0
31.3456,3507.8,58.0242,-19.9584,3.76327,4536.45,0
31.5042,3509.01,59.0606,-22.5812,3.48705,4475.28,0
31.6609,3503.34,53.5089,-18.0541,4.39293,4632.22,0
31.8254,3505.65,54.0867,-26.0756,3.72277,4535.8,0
31.9869,3514.58,50.2859,-36.4664,2.6821,4233.51,0
32.1466,3508.86,50.6171,-26.5098,3.52714,4390.48,0
32.3106,3516.86,55.5579,-31.4138,2.26146,4120.5,0
32.4715,3524.63,48.9007,-29.023,1.87981,3861.01,0
32.6322,3519.01,53.4993,-16.924,2.45881,4014.03,0
32.795,3516.85,52.8247,-15.3938,2.71843,4060.21,0
32.9547,3518.3,52.0416,-18.7794,2.48012,3996.25,0
33.1148,3517.18,52.8611,-20.9871,2.44477,4011.01,0
33.2722,3520.79,47.4219,-21.1011,2.29884,3883.49,0
33.4347,3527.85,39.8349,-7.28126,2.12285,3653.52,0
33.5967,3522.42,28.2732,-7.67093,3.43586,3797.45,0
33.7549,3525.78,25.6552,-12.0138,2.85913,3680.11,0
33.9137,3521.47,30.6544,-20.6695,2.88004,3789.77,0
34.074,3524.29,27.9657,-19.4031,2.66743,3689.38,0
34.2367,3531.58,11.6517,-13.4487,2.3242,3458.84,0
34.3958,3525.52,1.47875,-3.6344,3.70374,3619.17,0
34.5547,3521.23,-9.03463,3.08618,4.21201,3726.55,0
34.7181,3524.36,-13.1296,7.59452,3.19567,3618.8,0
34.8791,3520.26,-14.3392,11.5635,3.71841,3719.58,0
35.0384,3521.37,-15.6762,1.97694,3.57461,3671.02,0
35.1978,3525.61,-29.3631,-4.49325,2.08689,3534.04,0
35.3554,3525.1,-32.7132,0.108517,1.96941,3532.58,0
35.5179,3524.75,-33.6838,-0.543451,1.94088,3526.47,0
35.6818,3520.97,-43.9792,-5.89184,1.81589,3616,0
35.8421,3518.38,-49.2836,-11.3658,1.74187,3672.28,0
36.0017,3526.88,-55.1199,-4.65437,0.608022,3419.89,0
36.1583,3526.98,-36.7222,-13.5417,1.41371,3402.2,0
36.3174,3524.48,-39.7127,-11.9787,1.56898,3456.07,0
36.475,3527.76,-40.7347,-1.39906,1.2035,3351.22,0
36.6341,3521.04,-39.2216,-8.90455,2.03567,3520.28,0
36.794,3517.8,-33.9502,-3.09948,2.82053,3593.05,0
36.9557,3518.85,-28.7894,-4.395,2.97338,3548.88,0
37.1145,3513.52,-34.5429,-11.2418,3.13523,3677.27,0
37.2718,3516.16,-46.4385,-1.36882,1.99552,3591,0
37.4271,3517.34,-48.856,4.16087,1.64761,3544.61,0
37.5846,3518.68,-52.5433,8.9892,1.23145,3494.09,0
37.7444,3518.01,-52.7031,5.91325,1.33254,3496.96,0
37.901,3516.35,-61.279,18.1311,0.854941,3526.22,0
38.0602,3520.73,-54.6744,24.7365,0.652723,3396.56,0
38.2202,3515.45,-42.2636,17.5635,2.07551,3520.33,0
38.3797,3513.06,-47.42,3.87055,2.18486,3568.15,0
38.537,3501.78,-39.4775,4.44388,4.284,3846.24,0
38.6962,3499.55,-34.8654,8.24463,4.86069,3888.04,0
38.8571,3499.86,-32.6915,5.20328,4.91648,3864.01,0
39.0172,3506.56,-38.5557,5.83423,3.10895,3676.24,0
39.1787,3511.28,-41.6895,7.22245,2.12875,3540.74,0
39.3364,3515.13,-46.0138,2.1528,1.35094,3428.61,0
39.4952,3517.31,-37.277,13.6425,1.51998,3359.67,0
39.6504,3507.29,-39.8429,16.0987,2.5175,3599.11,0
39.8112,3506.18,-44.8703,13.1474,2.31732,3612.63,0
39.9676,3519.6,-46.4191,11.1367,0.65565,3262.67,0
40.1267,3519.91,-44.4682,12.9445,0.709669,3242.01,0
40.2897,3518.63,-43.7998,3.37158,1.00978,3260.7,0
40.4499,3513.95,-57.492,-5.37868,0.646212,3363.42,0
40.6118,3516.54,-57.3038,-4.40171,0.409075,3286.32,0
40.772,3507.03,-54.5198,-14.591,1.46478,3506.47,0
40.9308,3508.71,-52.9547,-18.4548,1.30154,3451.92,0
41.0906,3513.05,-59.7228,-20.5975,0.390771,3333,0
41.2501,3516.59,-52.696,-25.4646,0.326224,3234.07,0
41.4071,3509.9,-49.778,-26.4887,1.15309,3383.42,0
41.5653,3511.75,-54.0078,-42.3492,0.186336,3326.15,0
41.7274,3510.58,-49.9305,-32.9972,0.836095,3341.3,0
41.8902,3503.95,-45.7377,-36.0885,1.62066,3486.47,0
42.0488,3502.86,-51.354,-43.7305,1.06327,3499.26,0
42.2068,3505.25,-55.0725,-39.477,0.811317,3429.44,0
42.3654,3506.19,-54.0043,-37.9702,0.842586,3394.51,0
42.5276,3503.65,-46.4761,-40.9918,1.39115,3441.36,0
42.686,3499.92,-40.4132,-44.4362,1.89511,3515.82,0
42.8464,3489.29,-28.2787,-47.5192,3.42736,3750.74,0
43.0049,3486.39,-27.8861,-43.7421,4.04477,3804.54,0
43.1639,3480.21,-37.6353,-45.6404,3.75225,3933.66,0
43.3203,3483,-39.7875,-49.0951,3.00101,3854.92,0
43.4822,3489.12,-34.4324,-49.1841,2.65131,3699.94,0
43.6428,3492.53,-32.3473,-55.1113,1.90439,3608.21,0
43.8021,3493.02,-28.3792,-54.0902,2.10222,3583.89,0
43.9638,3491.47,-26.9319,-44.6345,3.06817,3605.84,0
44.1244,3490.19,-33.8681,-43.908,2.85906,3621.85,0
44.2835,3488.9,-43.4279,-36.0458,2.84535,3637.98,0
44.4432,3487.75,-42.7216,-40.3694,2.71857,3650.7,0
44.6058,3491.22,-40.1592,-35.0943,2.86072,3559.64,0
44.7671,3484.64,-47.3102,-37.8336,2.75471,3693.88,0
44.926,3473.9,-42.1809,-40.902,4.00946,3919.75,0
45.0866,3469.57,-42.4975,-30.4147,5.19527,4001.93,0
45.245,3463.59,-45.9291,-26.3872,5.4593,4120,0
45.4036,3462.38,-43.7537,-22.7632,5.788,4132.37,0
45.5638,3456.76,-46.1875,-25.725,5.42113,4240.98,0
45.7252,3456.18,-44.9945,-26.8643,5.3551,4238.8,0
45.883,3456.64,-51.0631,-22.8402,4.61006,4214.19,0
46.0421,3459.01,-46.9774,-24.6059,4.5775,4148.17,0
46.2002,3459.9,-42.4131,-35.1565,4.06673,4114.81,0
46.3599,3457.71,-61.7073,-37.6748,2.14482,4147.77,0
46.5239,3453.8,-56.9382,-37.4628,2.91487,4217.19,0
46.5944,3449.98,-53.3862,-38.4253,3.48614,4292.84,0
