0.159305,3642.79,-23.1582,8.91697,0.422379,45244.3,0
0.319914,3642.42,-17.3211,10.2277,0.453003,23695.1,0
0.478514,3643.92,-13.3932,-12.1902,0.385456,12705,0
0.637962,3638.19,8.11478,-20.5755,0.653589,18509.5,0
0.797975,3640.39,11.5868,-21.4053,0.532769,12045.3,0
0.959795,3629.62,0.122933,-19.8967,1.09211,21236.8,0
1.12053,3639.23,1.61559,-3.04392,0.619258,9610.67,0
1.27945,3650.41,10.7815,10.213,0.0588653,-322.608,0
1.44034,3642.84,14.4855,8.28843,0.420371,4973.65,0
1.60167,3639.1,-0.24174,-4.01658,0.627592,6804.9,0
1.75867,3638.44,-1.49453,-4.09209,0.65982,6570.48,0
1.91903,3648.32,9.88977,4.3016,0.165825,873.735,0
2.08095,3647.21,4.24944,-17.0983,0.206665,1342.09,0
2.23983,3638.59,-3.84157,-19.7322,0.621036,5093.63,0
2.39894,3636.63,-13.8825,-13.0071,0.725507,5574.51,0
2.55972,3644.23,-5.27784,-6.42908,0.367352,2255.24,0
2.71975,3641.61,-11.4041,-1.43829,0.494516,3085.18,0
2.88288,3634.87,-14.2858,11.6125,0.817271,5249.19,0
3.04062,3630.83,-9.06363,8.87279,1.03729,6304.48,0
3.19907,3641.23,-4.064,18.9634,0.487984,2742.25,0
3.35971,3637.35,19.435,4.30296,0.678315,3763.98,0
3.51611,3623.18,16.9704,7.6519,1.4251,7627.5,0
3.6747,3630.81,12.7514,5.24657,1.01646,5222.69,0
3.83255,3626.31,-2.02001,21.6914,1.23268,6181.34,0
3.9924,3618.36,-0.0118556,11.496,1.67932,7923.93,0
4.14887,3625.42,-10.1954,13.8452,1.28279,5924.65,0
4.30628,3622.23,-14.9808,10.9148,1.43386,6449.58,0
4.46314,3622.09,-24.3458,2.38969,1.43846,6253.08,0
4.62428,3626.94,-15.9447,14.9824,1.16266,4987.39,0
4.7868,3630.22,-8.65423,24.7243,0.953681,4131.45,0
4.94469,3630.38,-14.2572,16.6833,0.953839,3968.52,0
5.10425,3630.22,2.4217,4.27054,0.988521,3875.49,0
5.26048,3641.61,-1.27731,-7.1356,0.407396,1594.02,0
5.42327,3628.26,-5.82835,-6.04857,1.08678,4009.53,0
5.58289,3622.86,-3.47457,-5.49891,1.3893,4861.37,0
5.74199,3625.35,2.78076,-5.64165,1.23761,4292.32,0
5.90323,3625.9,1.69402,0.943605,1.20344,4083.34,0
6.06386,3625.37,5.33788,-5.00449,1.22284,4061.13,0
6.22508,3632.73,3.47255,-6.96035,0.83246,2773.78,0
6.38145,3645.35,6.40262,0.32946,0.199493,728.878,0
6.53806,3632.61,23.537,-11.1499,0.791857,2660.37,0
6.69788,3638.65,24.001,-14.2415,0.480587,1695.13,0
6.85945,3639.46,17.3404,-8.19779,0.47095,1536.47,0
7.02138,3640.71,39.7878,5.20333,0.333062,1323.29,0
7.17895,3624.44,38.2712,1.52562,1.17307,3560.49,0
7.34014,3627.29,34.8838,12.2887,1.00713,3094.51,0
7.50241,3635.49,39.3108,19.6404,0.543878,1934.43,0
7.66267,3636.23,38.0432,32.5568,0.465999,1797.63,0
7.82042,3642.2,41.4985,13.5959,0.215045,997.352,0
7.98227,3626.73,51.1108,9.70172,0.920209,2915.84,0
8.14079,3626.19,64.6272,2.67182,0.841647,2924.56,0
8.30027,3620.56,58.303,3.13348,1.17951,3546.34,0
8.45881,3605.75,66.5212,-4.09129,1.88067,5230.66,0
8.61758,3602.04,62.0198,-4.40614,2.10012,5565.59,0
8.77546,3595.02,73.9823,-10.8297,2.31578,6265.7,0
8.93412,3592.52,68.8625,-13.2169,2.50386,6433.72,0
9.0962,3596.6,73.5581,-8.15171,2.2293,5870.73,0
9.25412,3586.47,68.6104,-3.89449,2.84061,6865.51,0
9.41489,3592.92,77.7967,-9.49208,2.24047,6062.4,0
9.57486,3593.41,86.9813,-12.5883,2.04558,5910.48,0
9.73558,3595.46,88.6394,-12.5551,1.88337,5601.89,0
9.89824,3593.16,90.3096,-22.037,1.90926,5742.84,0
10.0607,3587.77,97.2823,-16.6512,2.12476,6185.26,0
10.0969,3586.16,97.7066,-21.3285,2.17171,6322.86,0
