0.159677,3640.04,-2.9813,4.06341,0.499611,62393.9,0
0.32354,3639.81,-14.704,-0.89771,0.493864,31496.3,0
0.481293,3626.7,-25.2203,-18.6647,1.10592,48419.7,0
0.639737,3617.67,-22.4298,-14.3658,1.58317,50543.1,0
0.798882,3613.29,-27.0171,-10.4194,1.83162,45950.4,0
0.958794,3614.46,-18.885,-13.8337,1.76886,37067.4,0
1.121,3613.13,-17.047,-27.5717,1.78311,32889.7,0
1.28028,3618.71,-19.6929,-16.9227,1.47673,24439,0
1.43712,3615.41,-20.2072,-8.33929,1.67553,24067.2,0
1.59757,3612.93,-26.0735,-5.41229,1.77246,23207,0
1.75736,3613.9,-28.1354,3.81852,1.6653,20542.1,0
1.91665,3616,-29.7273,6.54108,1.51496,17739.2,0
2.07605,3602.26,-31.4763,5.86714,2.30437,22993.5,0
2.23763,3602.05,-33.4267,9.4299,2.25719,21427.6,0
2.39827,3602.41,-33.6519,18.6931,2.16831,19842.5,0
2.55905,3604.16,-36.2912,20.8881,1.98957,17914.4,0
2.71761,3607.48,-38.4604,17.9599,1.77025,15645.7,0
2.87724,3610.07,-42.4378,10.7754,1.58306,13879.6,0
3.03723,3607.8,-51.0276,7.27715,1.64353,13894.2,0
3.20032,3608.09,-49.529,13.0367,1.63237,13094.7,0
3.36273,3604.81,-54.626,17.1347,1.74928,13437.2,0
3.52595,3610.78,-59.3153,9.96569,1.38927,11122.6,0
3.68593,3612.84,-58.3162,4.66235,1.29439,10081.5,0
3.84445,3602.44,-62.2955,-3.32441,1.83701,12371.6,0
4.00593,3598.07,-55.3645,-19.7972,2.12857,12963.5,0
4.16655,3593.15,-59.8974,-22.3709,2.36042,13645,0
4.32889,3597.13,-48.5692,-24.2529,2.21065,12212.8,0
4.48919,3583.19,-42.5632,-28.9428,3.09813,14883.4,0
4.64861,3579.75,-42.6279,-28.6498,3.25308,15111.3,0
4.80997,3573.25,-49.8593,-26.3867,3.52064,15956.6,0
4.97082,3565.83,-48.0216,-16.9211,4.07381,16931.9,0
5.12874,3565.99,-45.7307,-10.2286,4.01255,16379.3,0
5.28445,3569.33,-40.9753,-13.8094,3.7185,15265.9,0
5.44459,3568.2,-38.5514,-12.4317,3.71963,15024.1,0
5.60521,3565.64,-35.2648,-7.27759,3.93864,15049.6,0
5.7655,3559.09,-30.03,-6.81143,4.38933,15767.9,0
5.92381,3562.61,-27.9305,-10.6824,3.90714,14752.9,0
6.08186,3564.38,-22.2433,-10.4168,3.61972,14077.9,0
6.24108,3559.44,-24.1384,-8.28902,3.91185,14510.6,0
6.40374,3560.65,-30.7771,-5.60185,3.63074,13952.5,0
6.5642,3569.07,-28.6471,-5.89017,2.93093,12329.7,0
6.72621,3572.62,-33.6895,-5.91584,2.55247,11503.9,0
6.88918,3564.39,-36.0472,-3.2269,3.11193,12426.7,0
7.0493,3564.1,-28.7976,-8.71832,3.15519,12185.4,0
7.20847,3569.37,-27.8703,8.31912,2.66101,11185.6,0
7.37088,3576.79,-25.9755,12.596,2.0646,9932.2,0
7.5297,3583.96,-26.3879,10.8613,1.50858,8770.47,0
7.69076,3587.63,-28.046,8.45797,1.25095,8109.76,0
7.85221,3593.25,-37.7929,12.7292,0.774123,7226.88,0
8.00777,3594.04,-50.6271,24.9965,0.531128,6988.58,0
8.166,3588.01,-59.3746,58.5373,0.475938,7591.69,0
8.23779,3585.29,-72.6582,68.7122,0.33069,7855.13,0
