0.159498,3646.67,5.26438,23.5193,0.159594,20875,0
0.317948,3639.19,0.53024,20.7828,0.534319,33994.1,0
0.480008,3648.93,0.912081,19.0256,0.0630248,2234.54,0
0.642955,3644.13,-3.17906,6.55302,0.311699,9122.17,0
0.80319,3639.2,10.3401,16.7245,0.530764,13440.6,0
0.959838,3640.15,19.8322,21.702,0.453535,10266.7,0
1.12198,3642.93,17.4799,35.4854,0.274191,6303,0
1.28389,3630.85,28.5693,37.2523,0.823525,14912.3,0
1.44484,3643.05,12.1573,36.8141,0.268013,4813.27,0
1.60381,3633.05,10.5262,36.2745,0.766192,10566.4,0
1.765,3631.32,4.84526,46.3963,0.800356,10583.8,0
1.92394,3625.66,-5.33538,55.3427,1.02549,12651.1,0
2.08484,3622.81,-6.71792,56.895,1.15704,13042.4,0
2.24718,3624.59,-7.2154,62.0217,1.01562,11305.6,0
2.40511,3623.05,-13.3311,63.7689,1.0601,11207,0
2.56397,3623.25,-19.0448,59.2842,1.06789,10434.6,0
2.72068,3615.66,-20.6766,62.4317,1.42635,12623.2,0
2.88153,3611.74,-8.44037,63.1548,1.63556,13277.5,0
3.03872,3611.73,-6.31024,67.0219,1.59621,12594.8,0
3.20047,3624.96,-5.93208,65.0972,0.919066,7822.59,0
3.36193,3627.81,-5.13213,71.3637,0.712815,6599.65,0
3.52322,3632,4.75082,52.2594,0.662732,5107.88,0
3.68554,3624.04,6.49959,49.0453,1.06837,7042.5,0
3.84231,3632.58,18.1062,54.5992,0.585852,4534.55,0
3.99708,3632.86,18.1677,61.7768,0.51847,4289.23,0
4.15914,3623.95,20.0838,46.6565,1.06794,6263.53,0
4.31949,3620.07,18.7579,48.6554,1.25035,6928.35,0
4.48166,3627.76,19.4194,37.9366,0.901789,4963.53,0
4.64068,3630.05,22.911,23.8616,0.826604,4298.53,0
4.80186,3620.64,17.7658,16.7591,1.36558,6113.81,0
4.95974,3621.87,20.8293,21.5459,1.26476,5672.37,0
5.11857,3628.03,26.7027,16.4031,0.927461,4292.95,0
5.27884,3626.38,26.1315,6.64145,1.03881,4474.22,0
5.43777,3625.13,29.5461,2.01602,1.08874,4573.7,0
5.59992,3629.64,34.7048,-0.166458,0.8157,3636.4,0
5.75849,3621.61,26.9989,-8.81263,1.30252,4930.76,0
5.91857,3621.76,26.0922,-10.2043,1.27655,4771.02,0
6.07805,3619.64,27.1876,-10.1774,1.40726,4995.11,0
6.24099,3609.46,17.7034,-22.1135,2.04724,6495.68,0
6.40104,3601.36,33.6627,-22.45,2.43937,7598.26,0
6.56198,3619.18,30.9547,-26.0411,1.40731,4697.16,0
6.72088,3616.86,25.6244,-17.5022,1.54483,4931.1,0
6.88453,3622.05,23.8404,3.95335,1.28884,4059.65,0
7.04521,3623.47,31.7383,-0.0338426,1.17004,3765.21,0
7.2064,3630.77,25.1334,-6.09648,0.810593,2668.49,0
7.36838,3629.98,16.2876,-24.843,0.829726,2717.04,0
7.52644,3633.44,1.17485,-10.0996,0.69359,2200.58,0
7.68614,3632.86,4.74509,-7.10583,0.722708,2230.5,0
7.84572,3630.73,-9.4959,-22.1886,0.792639,2456.07,0
8.00453,3629.01,3.26041,-18.7333,0.893832,2621.84,0
8.16279,3637.55,4.10751,-20.8784,0.447801,1525.79,0
8.32061,3636.33,-0.697358,-50.2243,0.371161,1643.46,0
8.48168,3623.18,-7.27036,-58.56,0.9686,3162.34,0
8.64008,3629.36,-3.30074,-48.6117,0.730173,2388.83,0
8.80165,3619.3,4.51771,-48.4339,1.25587,3488.06,0
8.96076,3620.57,8.63522,-31.3895,1.30683,3284.09,0
9.11872,3629.99,20.9263,-25.701,0.807264,2194.89,0
9.27879,3618.28,18.8466,-18.785,1.47876,3419.09,0
9.43698,3606.38,13.6507,-22.1103,2.14193,4622,0
9.595,3609.18,17.2395,-18.8566,1.96592,4254.36,0
9.75351,3605.57,16.4304,-10.082,2.20266,4555.07,0
9.91454,3606.16,22.4191,-11.8193,2.10883,4422.14,0
10.0776,3615.69,17.8253,-16.7962,1.538,3404.81,0
10.2371,3623.05,10.0243,-25.3844,1.11596,2632.87,0
10.3961,3615.77,13.8427,-23.8284,1.52227,3292.99,0
10.5563,3612.52,7.30815,-15.2471,1.7418,3550.53,0
10.715,3611.97,5.33039,2.29438,1.80164,3548.87,0
10.8761,3616.47,7.94466,-3.11296,1.55085,3082.83,0
11.0364,3602.96,7.48519,-1.97581,2.31707,4262.39,0
11.1975,3601.2,6.21578,-2.23486,2.44139,4358.07,0
11.3584,3598.14,10.1275,-13.0595,2.63049,4566.18,0
11.5223,3593.04,2.91949,-24.8029,2.89279,4943.86,0
11.6839,3590.51,0.696593,-32.4377,2.97505,5091.71,0
11.8427,3591.69,-3.45106,-35.3938,2.87215,4923.73,0
12.0046,3595.33,-2.97334,-33.5869,2.61145,4554.08,0
12.1622,3604.21,-2.13347,-40.6785,1.99091,3764.9,0
12.3235,3603.51,5.62566,-47.0468,1.96013,3772.77,0
12.484,3613.81,7.2902,-44.5309,1.36733,2898.62,0
12.6436,3614.48,2.73867,-50.2454,1.26919,2809.28,0
12.8035,3628.63,-6.89825,-52.3151,0.498728,1668.74,0
12.9601,3627.54,-9.16909,-67.5019,0.426085,1733.19,0
13.1189,3617.16,13.0856,-68.4126,0.935044,2503.39,0
13.2788,3624.64,16.0495,-57.1425,0.654362,1910.01,0
13.4388,3620.42,17.1279,-58.1963,0.856259,2201.21,0
13.5975,3620.48,22.995,-57.6473,0.84512,2171.17,0
13.7588,3615.76,31.7381,-65.1977,0.973971,2488.33,0
13.918,3621.52,21.2912,-68.8476,0.686141,2045.97,0
14.0784,3617.22,14.7588,-83.423,0.746349,2328.57,0
14.2369,3620.87,-4.1095,-82.2481,0.595921,2045.74,0
14.3962,3617.93,-3.27655,-75.9305,0.81786,2227.83,0
14.5583,3607.42,-2.02557,-74.421,1.37917,2924.77,0
14.7188,3610.95,-3.61518,-72.3359,1.21189,2653.4,0
14.8794,3608.97,-14.0416,-81.826,1.18375,2757.81,0
15.0422,3616.22,-8.71741,-86.7431,0.752247,2245.39,0
15.2012,3619.4,-22.1139,-71.7662,0.732292,2012.92,0
15.3592,3616.69,-22.7786,-79.279,0.78181,2168.57,0
15.5211,3615.99,-24.9133,-78.0598,0.818037,2191.35,0
15.68,3612.88,-14.2096,-77.0212,1.00784,2367.17,0
15.8367,3609.05,-10.6912,-81.5742,1.16908,2585.73,0
15.9973,3608.21,-8.85649,-82.6971,1.19575,2612.4,0
16.1576,3606.16,1.69462,-95.0752,1.13164,2713.11,0
16.232,3610.86,-4.28211,-99.9386,0.829164,2411.44,0
