0.156797,3637.68,30.3963,12.2487,0.603969,78588.3,0
0.314948,3630.38,9.86161,17.1964,1.01634,62299.3,0
0.477498,3629.9,12.0244,13.8171,1.04731,42097.3,0
0.637123,3631.24,0.383631,11.6148,0.991667,29450,0
0.794773,3638.11,-12.5106,24.1429,0.600462,14954.8,0
0.95578,3639.16,-17.8855,37.765,0.484819,11337,0
1.11117,3645.01,-28.3655,60.2822,0.0516019,4491.46,0
1.26879,3626.22,-38.6819,55.7664,0.9287,18739.2,0
1.43101,3625.83,-23.5137,61.9084,0.966102,16893,0
1.59202,3618.2,-32.1274,70.6029,1.22872,19975.6,0
1.74905,3628.17,-37.1626,80.8855,0.622559,12483.8,0
1.90434,3618.26,-42.2743,71.0224,1.14584,16666.1,0
2.06606,3610.41,-27.733,76.8862,1.52537,19162.7,0
2.22712,3622.58,-29.6725,87.484,0.800097,12309.9,0
2.28949,3624.37,-39.743,91.773,0.621551,11193.6,0
