0.159166,3649.67,-8.48568,-13.0822,0.0528261,2081.47,0
0.318906,3646.48,-4.87221,-11.7988,0.209464,11040.9,0
0.479593,3640.5,-16.2325,-5.7542,0.491995,19809,0
0.641756,3638.8,-17.8991,-14.5634,0.560813,17450.1,0
0.803137,3632.67,-2.39276,-7.96207,0.917609,21577.7,0
0.966331,3626.65,-9.16638,-15.7693,1.19676,24162.9,0
1.12648,3626.16,-5.87998,-15.8659,1.22771,21160.3,0
1.28894,3633.44,-8.07093,-17.0338,0.858653,12844.5,0
1.44711,3628.49,-10.2374,-25.1171,1.08458,14864.1,0
1.60495,3630.34,0.757687,-36.8249,0.937978,12250.9,0
1.76545,3624.34,10.2364,-40.4882,1.2014,14536.3,0
1.92512,3625.94,7.89555,-44.8619,1.0955,12499,0
2.08627,3619.09,6.97434,-48.6576,1.40998,14815.6,0
2.24545,3627.81,-0.245262,-46.4447,0.95535,9880.26,0
2.4049,3629.05,1.32498,-42.8449,0.903786,8709.43,0
2.5657,3625.35,0.599744,-38.066,1.12302,9605.88,0
2.72608,3623,-8.48711,-33.2177,1.25776,9902.98,0
2.88528,3613.76,0.31631,-47.8409,1.65552,12559.7,0
3.04598,3604.1,-1.414,-45.4794,2.22148,15070,0
3.20671,3613.37,-11.4361,-46.4136,1.64572,11423.2,0
3.36619,3619.72,-12.9535,-44.9984,1.3013,8995.72,0
3.52991,3618.32,-19.4067,-45.3231,1.34742,8976.05,0
3.6883,3608.46,-10.5738,-39.9995,1.9457,11261.9,0
3.84814,3611.76,-6.19944,-34.7004,1.82291,9937.86,0
4.01441,3619.35,-6.88411,-31.4034,1.43923,7635.96,0
4.17304,3613.7,11.5774,-29.3403,1.73507,8699.29,0
4.33217,3607.15,17.5264,-31.1632,2.05562,9891.49,0
4.49173,3602.77,27.4273,-32.7895,2.22829,10515.6,0
4.65249,3607.82,40.0548,-29.4887,1.86613,9065.6,0
4.81161,3610.51,41.0721,-29.5415,1.68372,8207.01,0
4.97115,3613.06,35.2148,-18.7896,1.6047,7430.9,0
5.13213,3604.46,25.2565,-15.1895,2.15454,8874.24,0
5.2938,3606.83,17.0578,-7.18426,2.03628,8154.22,0
5.45496,3615.37,21.7144,-21.2133,1.47161,6348.14,0
5.6156,3611.78,21.0137,-27.0251,1.64237,6805.25,0
5.77451,3610.23,24.9649,-27.1278,1.68948,6887.3,0
5.93226,3602.84,32.0978,-33.1288,2.04351,7950.36,0
6.0909,3596.74,37.743,-32.8362,2.29855,8744.57,0
6.25005,3597.81,42.6682,-39.2689,2.16802,8350.5,0
6.40893,3597.51,44.2967,-42.4008,2.16336,8189.51,0
6.5677,3585.42,53.2805,-45.587,2.78182,9832.83,0
6.72652,3581.05,54.9625,-47.928,2.96466,10250.7,0
6.88431,3580.53,47.3275,-50.6559,3.08979,10090.5,0
7.0463,3574.52,40.7798,-52.1367,3.46739,10712.6,0
7.20722,3568.65,46.2228,-52.6425,3.70354,11287.8,0
7.3658,3568.17,45.2308,-56.8366,3.66567,11109,0
7.52036,3561.01,45.4498,-60.1972,4.02245,11833.3,0
7.68263,3562.66,48.1561,-55.1117,3.83295,11368,0
7.84247,3567.35,45.5041,-58.253,3.40169,10538.6,0
8.00462,3575.8,45.6244,-67.1608,2.71075,9269.65,0
8.16194,3563.21,45.3836,-76.0904,3.22327,10634.1,0
8.32155,3561.88,50.3065,-82.8384,2.98819,10589.9,0
8.48318,3563.91,48.2492,-80.7033,2.8935,10148.7,0
8.64464,3564.94,47.747,-76.9587,2.81096,9840.19,0
8.80109,3571.3,46.0645,-71.3212,2.56601,8941.53,0
8.96077,3566.75,45.1071,-65.6269,2.89022,9290.11,0
9.11969,3564.31,48.2988,-74.6439,2.81731,9395.93,0
9.28035,3566.93,53.1537,-74.3617,2.54063,8951.01,0
9.44025,3573.6,58.6791,-74.4304,2.02609,8092.63,0
9.50154,3572.04,60.7892,-79.4412,2.01924,8204.94,0
