0.161361,3633.33,-73.2627,34.3924,0.704478,103313,0
0.32226,3641.19,-73.566,28.7634,0.359709,27329.3,0
0.482769,3631.51,-84.1302,32.2584,0.696482,38291,0
0.643871,3635.78,-69.358,22.0036,0.66233,22086.6,0
0.80441,3646.36,-53.9622,31.2662,0.25069,4522.52,0
0.963225,3648.8,-53.8276,36.7777,0.118109,1244.48,0
1.1215,3639.3,-51.4941,46.8831,0.521816,9542.08,0
1.28495,3642.17,-40.3573,34.9722,0.49996,6094.06,0
1.44544,3640.05,-58.5752,31.979,0.507712,6880.72,0
1.60564,3631.29,-64.9804,40.3048,0.848362,11654.4,0
1.76403,3636.27,-54.1576,45.0766,0.660394,7782.58,0
1.9247,3646.48,-57.6325,40.4417,0.19074,1827.85,0
2.08471,3632.6,-54.6307,43.413,0.838595,8347.91,0
2.24321,3647.32,-43.6706,48.9542,0.193767,1195.81,0
2.40089,3641.76,-24.755,42.5113,0.558673,3432.67,0
2.56071,3647.62,-30.5015,35.7132,0.29751,931.082,0
2.71985,3638.23,-42.9156,14.4285,0.753258,4329.15,0
2.87828,3632.17,-41.3454,4.01663,1.07695,6195.13,0
3.03663,3636.45,-42.8674,3.83966,0.852579,4463.55,0
3.195,3631.93,-52.378,7.43697,1.01064,5654.24,0
3.35611,3623.11,-60.0605,1.77973,1.38639,8011.22,0
3.51582,3616.34,-63.0705,-4.55909,1.69242,9572.81,0
3.67313,3612.53,-61.945,-0.210607,1.9193,10201.2,0
3.8328,3620.24,-63.456,4.90879,1.50266,7763.26,0
3.9922,3619.7,-66.8646,17.123,1.45745,7590.75,0
4.14952,3618.47,-73.436,8.72538,1.49379,7599.18,0
4.30757,3612.04,-69.9047,8.80817,1.86702,8811.43,0
4.47055,3607.92,-71.5377,4.09064,2.05966,9413.01,0
4.63212,3610.65,-61.1271,2.87185,2.0201,8494.4,0
4.79155,3606.98,-59.7205,8.19028,2.16292,8977.31,0
4.94873,3603.49,-66.3032,9.75608,2.26202,9398.55,0
5.11294,3605.67,-68.9359,22.4088,2.04236,8669.69,0
5.27268,3598.09,-77.1255,17.7502,2.33408,9844.96,0
5.43112,3598.73,-71.9137,28.0447,2.32509,9440.32,0
5.59268,3595.05,-73.6016,30.3302,2.50922,9825.23,0
5.75256,3600.38,-67.4331,26.3299,2.30969,8625.67,0
5.91529,3604.07,-73.3723,27.8313,1.99822,7764.48,0
6.07687,3595.4,-76.4406,32.1301,2.36706,8985.13,0
6.23575,3600.15,-72.9181,35.5833,2.10125,7994.33,0
6.39956,3588.61,-72.2904,33.1159,2.72281,9593.04,0
6.56291,3589.75,-77.9352,27.0197,2.5313,9179.9,0
6.71882,3592.05,-63.2414,27.0279,2.5147,8624.33,0
6.87548,3589.55,-61.7284,20.1199,2.71293,8792.63,0
7.03657,3579.71,-71.123,13.129,3.13005,9989.45,0
7.1935,3579.34,-76.3452,7.03538,2.99801,9822.38,0
7.35888,3574.14,-70.9822,3.74067,3.36644,10308.8,0
7.52149,3571.16,-77.4065,9.51151,3.3232,10482.1,0
7.68572,3565.29,-81.3605,4.86203,3.50595,11021.5,0
7.84807,3561.33,-78.9463,8.27554,3.69361,11297.8,0
8.01136,3554.04,-86.4614,11.5877,3.83719,11978.2,0
8.17178,3553.79,-87.8139,4.39037,3.70523,11773.9,0
8.31647,3554.77,-99.9081,5.22047,3.26192,11450.3,0
