0.279933,3646.26,-9.87825,-76.5238,0.858444,13362.5,0
0.554033,3636.28,9.21661,-47.2617,4.39313,24769,0
0.825989,3633.22,-9.3414,-41.6429,5.18083,20313.8,0
1.10128,3622.29,-19.3191,-45.6235,7.50329,25161.3,0
1.37837,3632.45,-11.0591,-27.3413,5.08844,12735.7,0
1.64847,3645.53,-5.37303,-23.9255,1.64044,2711.59,0
1.92575,3629.5,-23.3697,-21.3653,5.71716,10644.1,0
2.19909,3624.75,-17.1422,-13.5043,6.86429,11480.1,0
2.46645,3621.68,-17.9926,-15.621,7.1376,11481.6,0
2.7367,3633.41,-17.1403,-10.8463,3.69301,6063.31,0
3.00725,3644.76,-23.665,-12.5296,0.551707,1741.83,0
3.2773,3629.94,-21.4366,-18.7283,4.42947,6120.66,0
3.5504,3625.78,-34.5269,-20.2988,5.07939,6823.1,0
3.83017,3608.37,-36.8161,-22.5802,9.6041,10870.1,0
4.1107,3602.14,-47.3279,-18.1799,10.1781,11643.6,0
4.38526,3602.45,-46.0088,-18.9621,9.34687,10843.6,0
4.66863,3604.53,-54.1036,-30.9701,7.10486,9739.43,0
4.93961,3607.96,-54.8339,-32.6846,5.8223,8510.6,0
5.21662,3602.86,-52.9818,-38.8567,7.05806,9036.85,0
5.4965,3609.22,-45.0645,-37.1182,5.32715,7419.96,0
5.77328,3607.37,-32.8823,-42.2551,5.91951,7384.65,0
6.04856,3595.5,-28.0481,-51.3178,9.02411,9011,0
6.32538,3590.07,-29.2759,-55.9992,9.5622,9474.33,0
6.59657,3583.42,-40.4349,-66.1976,9.47648,10093.2,0
6.8727,3579.81,-48.2201,-71.9011,8.71787,10213.4,0
7.15063,3570.71,-46.2869,-66.305,11.1652,11088.6,0
7.42364,3570.87,-54.938,-65.1453,9.71189,10659.7,0
7.69675,3576.21,-55.2575,-58.5924,7.67666,9586.82,0
7.97028,3576.28,-60.0702,-59.3976,6.88081,9249.16,0
8.25005,3573.91,-64.8141,-52.8429,7.23054,9222.88,0
8.53218,3581.49,-65.2088,-51.4689,4.6457,8029.47,0
8.80524,3585,-73.8131,-38.2989,3.52073,7381.74,0
9.07939,3586,-82.4896,-41.136,2.35099,7048.42,0
9.35415,3575.1,-68.6551,-33.334,7.07318,8007.07,0
9.63431,3566.44,-70.6557,-34.5955,9.20057,8673.37,0
9.91021,3554.61,-65.7981,-32.0959,1.49982,9625.33,0
10.182,3547.48,-76.1326,-51.2659,1.1976,10069,0
10.4577,3543.28,-80.2701,-40.6719,2.93142,10205.1,0
10.7311,3540.41,-85.9394,-34.3634,3.42861,10212,0
10.9969,3539.86,-76.5833,-36.9475,4.99731,10015.2,0
11.2743,3528.1,-91.7867,-30.491,6.8953,10812,0
11.5469,3536.75,-87.6146,-15.6222,5.1384,9807.73,0
11.8222,3541.9,-87.7057,-10.5181,3.2235,9143.71,0
12.0796,3537.19,-97.9847,-20.081,2.78328,9339.17,0
