0.277229,3638.16,-1.75298,61.9396,3.33923,42721.4,0
0.552812,3639.65,6.48124,58.7771,2.9872,18718,0
0.816064,3638.08,-2.74099,47.8765,3.6736,14609.7,0
1.08904,3645.15,-16.9003,47.7793,1.76223,4450.54,0
1.36098,3648.93,-17.0301,32.7145,1.15441,787.825,0
1.63794,3643.76,-0.127477,25.4523,2.67635,3810.06,0
1.90768,3652.44,2.37851,24.1592,0.47424,-1277.55,0
2.17818,3637.45,3.05165,44.3013,3.77608,5762.47,0
2.45097,3640.33,5.38667,25.0119,3.32702,3945.98,0
2.72047,3622.34,-2.54308,25.3961,7.83196,10168.2,0
2.99731,3623.85,-1.49503,33.4284,6.21422,8725.42,0
3.276,3635.22,-9.90344,27.9627,2.8268,4511.02,0
3.55532,3626.49,-2.32003,21.3044,5.30983,6613.03,0
3.82839,3626.66,13.8019,38.5292,4.56996,6095.9,0
4.10249,3634.72,38.1882,25.6432,2.19744,3723.91,0
4.37777,3622.71,17.9175,15.9778,5.84408,6233.03,0
4.65183,3610.89,27.8815,13.8078,8.80943,8406.97,0
4.92425,3614.41,17.9136,6.30904,7.4288,7227.16,0
5.19395,3618.49,18.1363,11.7207,5.84233,6066.13,0
5.47536,3622.24,19.0875,14.5124,4.52802,5070.35,0
5.75089,3617.46,11.8999,3.24955,5.97093,5657.7,0
6.02027,3613.89,4.53025,6.44569,6.88951,5997.27,0
6.2914,3619.83,5.85488,-8.47653,4.60634,4796.14,0
6.56823,3625.33,1.33453,-9.6632,2.88267,3756.56,0
6.83822,3624.45,-2.67754,-15.4386,3.05737,3736.72,0
7.11121,3624.55,-10.7613,-20.4802,2.75868,3578.26,0
7.38387,3623.04,-24.9853,-25.5774,2.87056,3651.27,0
7.66166,3631.15,-29.1359,-27.6936,0.471941,2460.67,0
7.93946,3630.26,-41.7774,-33.1415,0.256506,2486.8,0
8.20944,3625.38,-35.2794,-26.7503,1.90237,2999.14,0
8.47994,3616.28,-24.5449,-8.90998,5.00801,3976.77,0
8.75625,3616.59,-15.3785,-8.62731,4.87826,3815.22,0
9.03076,3608.94,2.45217,-13.1317,7.06186,4546.27,0
9.30363,3602.64,-5.18478,-17.6196,8.52972,5090.63,0
9.57803,3612.67,-18.3912,-28.9818,4.30527,3897.28,0
9.84728,3609.99,-25.086,-19.6305,5.0621,4062.6,0
10.1237,3620.23,-25.12,-18.4416,1.92474,2940.48,0
10.3964,3620.32,7.79314,-8.10271,2.28634,2855.31,0
10.6714,3613.8,-4.83279,4.32127,4.31563,3392.63,0
10.9465,3605.35,1.75137,-4.25084,6.71028,4078.54,0
11.2256,3616.21,7.45111,-1.09715,3.1573,3009.96,0
11.505,3624.51,-3.2226,5.3971,0.670717,2215.67,0
11.78,3618.48,11.7377,-16.9426,2.26054,2676.04,0
12.0499,3605.91,13.9844,0.245777,6.12311,3659.25,0
12.3244,3605.87,9.90173,-7.10633,5.77721,3580.87,0
12.5941,3603.24,8.62231,-11.7204,6.32381,3712.84,0
12.8706,3615.24,14.0051,-0.645764,2.45523,2701.07,0
13.1422,3611.14,14.9566,3.34937,3.60254,2956.95,0
13.4091,3612.07,7.51563,-2.26348,3.37968,2828.83,0
13.685,3609.22,-4.94893,-5.01615,4.16082,2979.75,0
13.9642,3598.9,5.78737,-8.81688,7.23818,3659.24,0
14.2348,3601.41,-7.6603,-3.92964,6.02472,3413.24,0
14.5072,3611.76,-5.34706,-2.12796,2.43942,2636.08,0
14.7785,3609.42,-11.2092,-22.0934,2.85367,2746.13,0
15.0505,3600.75,-7.62429,-22.7711,5.60566,3272.56,0
15.3212,3595.15,2.50275,-13.5571,7.34656,3579.95,0
15.6013,3594.21,-5.73799,-23.8835,6.90026,3575.99,0
15.8731,3599.43,-8.40424,-26.5277,4.73736,3186,0
16.1464,3600.82,-2.04539,-36.2753,3.86423,3046.09,0
16.4169,3590.64,22.1755,-45.5376,6.34507,3615.7,0
16.692,3581.15,18.7702,-44.6005,9.15187,4125.03,0
16.9585,3586.63,16.9553,-33.3245,7.33127,3736.79,0
17.2332,3588.61,17.0394,-26.3248,6.32569,3562.35,0
17.5146,3588.18,10.47,-28.876,6.03686,3529.35,0
17.7805,3602.28,-1.82252,-19.3188,1.42888,2683.97,0
18.0571,3597.86,-5.97894,-29.339,2.58202,2887.56,0
18.3302,3599.93,-2.14804,-29.4751,1.88948,2731.51,0
18.6033,3585.27,-16.2862,-48.808,5.58121,3479.69,0
18.8813,3598.59,-11.2687,-49.3142,1.0932,2722.94,0
19.1519,3594.78,4.28567,-33.9218,3.22986,2883.5,0
19.4306,3594.68,-6.23356,-19.2356,3.6835,2847.04,0
19.703,3591.92,-8.38988,-28.7551,4.25149,2947.84,0
19.9768,3593.98,-2.73929,-35.787,3.20529,2804.07,0
20.2491,3585.56,-1.24058,-32.1926,6.27416,3182.38,0
20.5249,3588.87,-9.81218,-26.8559,4.82367,2978.57,0
20.7998,3600.18,-10.2669,-8.07374,1.29628,2395.19,0
21.0719,3602.16,0.608447,-13.2205,0.588712,2270.09,0
21.34,3596,10.4011,-10.545,2.67917,2530.37,0
21.6177,3596,17.0006,-3.60603,2.59175,2498.03,0
21.8891,3589.03,13.02,13.3016,4.91493,2785.21,0
22.1589,3596.2,10.9313,11.0291,2.31676,2428.06,0
22.4378,3587.44,14.865,19.3236,5.02711,2788.08,0
22.714,3594.74,12.5161,5.56781,2.57833,2432.88,0
22.9841,3592.89,-9.35065,11.4788,3.17318,2484.55,0
23.2557,3584.54,2.41314,9.45841,6.29607,2814.83,0
23.5314,3583.37,-15.4653,10.3607,6.35251,2831.44,0
23.8048,3576.54,-22.1082,29.8045,7.71605,3085.89,0
24.0744,3576.68,-33.6071,33.1971,6.24872,3045.42,0
24.3472,3571.61,-41.5418,24.2469,7.71352,3219.75,0
24.6126,3578.01,-35.0072,20.1766,5.46272,2925.05,0
24.8826,3581.52,-35.0332,10.78,4.20617,2751.97,0
25.1531,3581.07,-32.3924,11.4858,4.45776,2740.33,0
25.4313,3570.89,-35.342,15.6527,7.70758,3110.92,0
25.7055,3570.66,-45.6998,4.48243,6.57677,3086.6,0
25.9859,3565.66,-27.8787,18.5005,9.38237,3245.76,0
26.2623,3573.5,-23.6109,20.6716,5.64114,2912.84,0
26.536,3573.03,-15.1014,14.9529,6.03811,2900.71,0
26.8047,3567.46,-17.4294,13.8172,8.31664,3079.36,0
27.0827,3569.7,-21.3151,6.29089,6.58292,2964.84,0
27.3525,3578.87,-23.4593,2.787,2.34515,2600.4,0
27.6236,3574.35,-27.5512,-2.92704,3.9261,2738.55,0
27.8929,3566.54,-22.349,-5.80719,7.3406,2992.23,0
28.169,3568.25,-24.4283,-14.5522,6.00577,2902.17,0
28.4472,3569.59,-28.9617,-16.3121,4.96529,2826.6,0
28.7236,3564.56,-16.9226,-1.933,8.06296,2974.55,0
28.9992,3567.51,-21.4239,-5.92972,5.93894,2844.4,0
29.2682,3563.54,-15.999,-4.10245,7.69365,2954.19,0
29.5419,3558.42,-20.7824,-8.203,9.48441,3100.16,0
29.8208,3564.14,-22.156,-4.91129,6.08385,2879.21,0
30.0948,3572.99,-24.2431,0.183377,1.98249,2559.03,0
30.3713,3556.99,-21.8113,8.05995,8.58348,3062.51,0
30.649,3559.22,-20.396,9.27178,7.00979,2962.07,0
30.9199,3558.19,-22.8844,10.2567,6.99605,2969.38,0
31.1968,3561.43,-23.9849,4.2247,4.93631,2839.06,0
31.4692,3553.17,-15.4177,25.3186,8.20117,3077.04,0
31.7454,3543.48,-20.8781,24.8107,0.688263,3355.48,0
32.0129,3533.3,-22.7638,11.6548,7.9964,3645.46,0
32.2861,3537.03,-20.9025,8.42765,5.54912,3499.07,0
32.5558,3535.57,-19.2423,9.75498,6.62758,3515.02,0
32.8303,3542.28,-1.09858,19.4297,2.29793,3281.03,0
33.1044,3534.86,3.97881,19.5928,6.99886,3477.95,0
33.3786,3535.35,-0.508106,10.8622,7.24647,3434.89,0
33.6546,3537.33,-3.7473,14.548,4.68736,3347.81,0
33.9293,3534.77,-9.02628,9.09557,6.63127,3396.27,0
34.2064,3529.13,-0.887842,14.5183,10.7232,3533.46,0
34.4781,3525.85,26.7372,26.6271,7.00701,3600.96,0
34.7569,3524.87,22.6392,29.9102,7.22097,3600.02,0
35.0343,3526.08,16.2811,37.7583,5.12065,3537.03,0
35.3064,3530.91,19.2908,43.8528,0.445586,3373.1,0
35.5789,3524.83,26.1106,37.1344,4.55351,3518.13,0
35.8516,3521.53,33.9924,41.1309,4.05787,3583.3,0
36.1317,3508.7,37.5678,51.5488,7.42387,3910.82,0
36.3994,3504.79,34.0575,58.0402,7.58346,3989.46,0
36.6731,3505.53,26.5229,53.2897,9.84309,3939.44,0
36.9484,3508.26,33.4931,50.3681,7.5291,3836.21,0
37.2187,3511.05,27.3342,64.2823,2.69257,3733.3,0
37.4919,3498.27,15.0288,86.3789,2.67867,4047.05,0
37.759,3489.47,5.8373,88.8343,5.6189,4251.43,0
38.0389,3478.08,14.1629,84.5634,11.2279,4519.69,0
38.3104,3484.52,25.9901,74.5015,9.93467,4319.35,0
38.5792,3491.22,13.9372,72.7545,7.94082,4115.77,0
38.8513,3485.22,24.5483,68.6161,10.7881,4241.21,0
39.1284,3472.37,9.60031,75.0034,3.32722,4539.63,0
39.4042,3484.69,2.97057,64.2862,2.63976,4195.19,0
39.68,3479.87,9.5623,69.1904,2.41884,4287.64,0
39.952,3483.19,5.89167,60.6613,5.19616,4175.21,0
40.2186,3490.59,8.66837,57.2353,2.60275,3963.6,0
40.491,3492.43,-4.21071,56.0265,2.33306,3891.42,0
40.7635,3491.96,2.26131,47.6514,7.10915,3877.12,0
41.0337,3496.59,19.1583,45.9138,2.89811,3738.58,0
41.3008,3498.89,13.5834,44.0026,3.35545,3658.7,0
41.5716,3482.23,16.1202,45.6075,0.989105,4035.62,0
41.8503,3475.13,17.9378,33.4631,2.6713,4178.53,0
42.1245,3476.28,5.81164,24.0448,6.65943,4124.02,0
42.3913,3467.52,4.28358,23.0707,4.82889,4304.56,0
42.6035,3466,0.450017,7.52883,7.01241,4318.9,1
