0.267023,3629.92,24.4807,50.991,5.25025,75197.5,0
0.537027,3619.92,21.6867,43.3242,8.00623,56003.3,0
0.81784,3614.36,31.624,36.8417,9.0777,43580.9,0
1.09038,3617.09,23.4184,31.8137,8.11961,30183.3,0
1.36562,3609.01,27.0115,21.109,10.1713,30013.7,0
1.64243,3616.85,43.4956,15.0596,6.63686,20182.9,0
1.91597,3618.77,44.1748,15.5922,5.82731,16298.3,0
2.18648,3615.99,45.4637,13.2578,6.23321,15552.7,0
2.45052,3611.87,51.392,21.7671,6.75589,15559.6,0
2.72555,3605.77,42.1056,31.7915,8.15601,16226.4,0
2.99361,3604.26,49.1809,24.9049,7.47998,15278.2,0
3.26803,3615.45,45.815,29.2874,4.00439,10572.4,0
3.54754,3612.15,45.0712,20.322,5.13842,10669.1,0
3.8268,3607.1,46.9001,18.0316,6.53973,11210.4,0
4.09923,3615.14,55.3189,13.1953,3.66735,8504.74,0
4.37026,3612.25,59.5307,3.88118,4.26986,8637.25,0
4.64366,3601.69,69.0537,5.17299,6.49207,10403,0
4.91903,3612.23,72.6622,23.9811,2.87371,7678.11,0
5.18641,3613.91,67.4757,52.6901,1.80528,6958.7,0
5.45635,3613.9,54.6285,45.9162,2.61818,6615.95,0
5.7352,3604.4,46.5613,28.2528,6.21984,7950.21,0
6.00998,3600.81,44.56,47.7294,6.23688,8185.18,0
6.28824,3596.06,27.7561,38.714,8.44061,8578.47,0
6.57206,3598.01,19.885,28.9397,7.93724,7910.2,0
6.83908,3601.14,15.4752,38.3621,6.30553,7144.37,0
7.11435,3592.32,19.3275,35.1974,8.71012,8107.66,0
7.38433,3586.61,12.9139,36.9174,9.94787,8584.47,0
7.66583,3586.22,13.803,36.0338,9.25539,8320.11,0
7.94367,3577.41,1.22077,29.5751,0.609284,9138.38,0
8.21833,3573.24,-4.42753,38.1548,1.68127,9340.26,0
8.49036,3566.1,-17.4618,49.4713,3.11674,9882.03,0
8.76148,3560.18,-10.4554,46.5187,5.96586,10252,0
9.03605,3551.04,-13.2507,48.4103,9.05482,10951.5,0
9.31201,3550.73,-7.3024,46.7999,9.2487,10660.7,0
9.57868,3541.2,0.113608,42.7971,2.67381,11359,0
9.85513,3520.4,8.95325,35.8553,3.15173,13150.8,0
10.1315,3520.12,19.6252,36.4994,1.62429,12819.5,0
10.402,3508.09,16.938,37.3526,9.66713,13642.3,0
10.6796,3487.88,17.7393,39.7671,10.6071,15180.3,0
10.9545,3483.65,14.9793,38.9964,3.06889,15185.4,0
11.2234,3489.96,10.1876,13.1838,4.25994,14259,0
11.4302,3478.37,0.051362,5.42071,5.34322,15015.6,4
