0.273163,3631.32,32.554,-36.4281,4.69008,68377.5,0
0.543023,3625.65,36.6978,-36.5939,5.97163,44848.9,0
0.813491,3635.95,50.5421,-24.5591,3.00576,17275.9,0
1.08991,3636.36,43.9623,-33.8713,2.86624,12511.4,0
1.36464,3637.16,38.2163,-28.3421,2.8782,9405.99,0
1.64132,3644.06,34.1945,-52.0339,0.603123,3619.95,0
1.91749,3638.3,24.8631,-58.0677,1.96729,6102.58,0
2.18152,3630.24,35.9725,-50.3223,4.0736,9057.87,0
2.45202,3622.94,28.0433,-51.1774,6.05264,11035.8,0
2.72725,3624.36,14.2214,-47.3121,5.86298,9400.57,0
3.00974,3628.29,7.25106,-51.4347,4.4254,7213.89,0
3.27595,3633.22,10.7186,-47.8585,3.12372,5121.73,0
3.54877,3637.2,16.0544,-47.6864,2.05178,3606.89,0
3.82703,3622.92,17.0506,-37.1031,6.23523,7075.85,0
4.10209,3619.44,13.3345,-30.9689,7.11663,7450.39,0
4.37531,3622.99,0.627186,-25.6952,5.84111,6173.15,0
4.65198,3636.69,-5.85489,-28.0719,1.84365,2860.33,0
4.92586,3631.62,-0.594009,-36.7073,3.00548,3731.06,0
5.20365,3628.25,-14.1434,-47.8696,3.46228,4179.15,0
5.47982,3628.33,-32.8532,-41.2688,3.38042,3954.29,0
5.75481,3619.44,-20.4461,-29.3703,6.40114,5309.8,0
6.02906,3624.98,-1.35675,-34.1731,4.39505,4150.11,0
6.30341,3624.22,2.81331,-31.0313,4.63703,4089.87,0
6.57762,3617.11,-14.9925,-32.8084,6.26022,5000.54,0
6.85521,3616.69,2.1213,-26.0486,6.42157,4858.48,0
7.12599,3630.84,-2.8287,-19.9731,2.42185,2688.99,0
7.40413,3637.19,-5.69939,-22.0821,0.59044,1730.73,0
7.68216,3628.66,-2.27555,-23.1179,2.86348,2777.59,0
7.95958,3635.28,1.69618,-8.69292,1.17179,1849.13,0
8.22624,3635.4,-23.6586,-0.146434,0.959482,1775.22,0
8.49699,3624.5,-35.3601,20.2554,3.53386,3001.56,0
8.77433,3634.44,-46.4511,26.4585,0.366271,1773.68,0
9.04719,3621.2,-41.244,26.9086,4.09664,3183.64,0
9.32144,3632.7,-46.265,34.2341,0.617589,1855.71,0
9.59623,3624.86,-54.3524,15.7523,2.73209,2619.99,0
9.86618,3623.69,-57.315,14.4709,2.8678,2667.04,0
10.1359,3620.05,-56.0052,23.3183,3.66431,2954.64,0
10.4068,3615.87,-58.8979,17.1919,4.75396,3279.77,0
10.6763,3619.77,-67.3975,23.1662,2.93225,2831.96,0
10.9579,3609.42,-74.9995,35.875,4.89058,3703.41,0
11.2339,3605.94,-82.8432,21.2715,5.36818,3921.76,0
11.5035,3592.75,-85.444,19.4408,8.39942,4976.67,0
11.7727,3588.18,-84.4795,17.6663,8.94667,5251.48,0
12.0438,3594.17,-91.78,12.5509,6.13048,4635.18,0
12.3141,3592.93,-89.4481,0.744071,6.3719,4634.26,0
12.5886,3587.96,-79.2875,5.92356,8.39029,4927.88,0
12.8603,3588.43,-72.0743,14.6791,8.16634,4787.84,0
13.1335,3595.01,-62.9304,17.0668,6.18183,4186.76,0
13.4115,3610.81,-56.3514,27.3367,1.42317,2922.33,0
13.6844,3591.21,-59.3157,25.947,6.94784,4296.03,0
13.9548,3590.36,-71.1748,24.4479,6.04566,4273.94,0
14.2328,3589.05,-65.0422,24.6974,6.81612,4282.45,0
14.5025,3589.02,-76.9056,13.744,5.73673,4204.89,0
14.7759,3588.79,-73.606,7.43263,5.96569,4142.53,0
15.0516,3596.12,-67.8046,7.72276,4.09257,3579.76,0
15.3243,3590.48,-69.4098,7.48787,5.60517,3883.73,0
15.5964,3582.31,-70.2581,1.90301,7.9434,4339.85,0
15.8682,3591.36,-79.0728,11.4261,3.74236,3695.74,0
16.1443,3602.08,-82.2462,-0.870112,0.44975,2968.05,0
16.4175,3599.25,-85.8709,11.8956,0.91549,3091.1,0
16.6889,3603.31,-78.9042,-16.3475,0.209153,2797.7,0
16.963,3598.57,-56.949,-19.5146,3.02142,3032.16,0
17.2392,3598.37,-54.6774,-19.7195,3.22711,2994.75,0
17.5104,3603.31,-65.3735,-42.7384,0.311888,2666.34,0
17.7855,3588.8,-57.5162,-55.8041,4.38335,3440.76,0
18.0503,3585.47,-55.0405,-47.1572,5.99672,3574.87,0
18.3253,3584.37,-37.269,-57.6292,6.50075,3581.35,0
18.599,3589.64,-36.0985,-42.7572,5.63469,3245.45,0
18.8702,3575.65,-50.3398,-36.7862,9.72159,3939.89,0
19.1489,3565.31,-48.0677,-41.4373,1.0034,4422.58,0
19.4224,3552.11,-37.8912,-51.0113,6.08063,5039.83,0
19.7033,3561.91,-25.9228,-39.0289,4.14692,4470.79,0
19.9752,3566.8,-33.3833,-33.0489,1.93923,4165.38,0
20.249,3569.02,-33.4104,-8.01636,1.98975,3999.02,0
20.5236,3560.42,-26.5211,-13.0165,6.17365,4364.64,0
20.7945,3562.45,-22.5032,-18.1163,4.97251,4210.44,0
21.0708,3562.65,-31.0062,-7.74151,4.49187,4145.62,0
21.3387,3557.82,-25.8459,4.10073,6.90254,4320.08,0
21.6141,3564.13,-16.6475,8.44981,3.91461,3972.91,0
21.8836,3569.64,10.846,-2.87102,1.67538,3672.25,0
22.1532,3566.92,0.554993,-20.9015,2.44612,3750.06,0
22.4231,3554.51,-5.40876,-10.1834,8.91698,4258.69,0
22.6958,3542.15,1.80476,-8.69414,4.26624,4751.76,0
22.9705,3537.63,4.73209,-12.1465,6.87509,4892.03,0
23.2455,3544.81,-1.48708,-5.71181,2.24684,4525.12,0
23.5167,3535.66,-0.409276,3.67405,8.61876,4862.23,0
23.7834,3541.24,2.76269,-1.69189,4.07459,4572.94,0
24.054,3540.45,6.07854,-13.6196,3.65815,4554.32,0
24.3261,3539.62,11.8413,-18.6398,3.28021,4537.58,0
24.5966,3541.45,-5.5786,-3.35924,3.41824,4413.19,0
24.8685,3535.24,-4.69884,-15.3435,6.82958,4614.56,0
25.1453,3542.51,6.42681,-13.6282,1.67951,4274.63,0
25.4142,3538.29,13.2924,-10.7876,4.30774,4395.58,0
25.6857,3528.3,4.89945,-7.27522,12.963,4738.04,0
25.9597,3517.41,4.39115,-5.76405,13.279,5107.48,0
26.2338,3503.99,2.0769,-10.2634,10.5292,5565.89,0
26.44,3493.05,2.30892,-0.885953,10.3597,5936.04,0
