0.27211,3635.06,1.02701,1.00771,4.0295,54900.6,0
0.545824,3625.28,-4.99618,3.24445,6.61262,45295.1,0
0.818515,3625.34,-12.2535,1.58938,6.07449,30129.7,0
1.09596,3630.05,-14.9769,-6.31896,4.5247,18205.1,0
1.37158,3637.67,-23.144,-15.0056,2.23926,8992.12,0
1.65134,3640.98,-30.6849,0.299391,1.27203,5463.68,0
1.91965,3618.04,-54.7191,4.45657,6.67709,16647.4,0
2.18942,3628.29,-57.1118,-4.15108,3.46211,9915.83,0
2.45963,3622.15,-48.4103,-1.89529,5.37284,11321.8,0
2.73866,3627.01,-58.9912,13.3289,3.43905,8393.16,0
3.01044,3613.12,-61.614,11.5341,6.80356,12250.4,0
3.28464,3610.43,-70.3493,6.81113,6.79881,12048.1,0
3.55546,3610.13,-66.2569,2.5049,6.73959,11214.9,0
3.83081,3604.6,-61.0388,10.8477,8.22055,11852.5,0
4.10817,3611.54,-63.6354,3.17822,5.66902,9361.57,0
4.37891,3608.29,-66.0067,12.6732,5.91432,9524.73,0
4.65097,3616.13,-58.0114,14.4388,3.96313,7282.54,0
4.91942,3618.17,-61.0619,16.4954,3.11489,6470.3,0
5.18971,3612.97,-74.2608,3.478,3.90383,7136.1,0
5.46344,3616.05,-70.5585,-10.2378,3.16651,6214.94,0
5.74368,3609.41,-71.1109,-14.3998,4.72128,7067.23,0
6.01689,3612.84,-75.219,-3.28479,3.60098,6176.49,0
6.29721,3620.64,-77.749,-4.67848,1.31994,4661.99,0
6.56671,3618.15,-75.4445,-25.2649,1.85756,4850.36,0
6.83954,3614.14,-83.0374,-27.5905,2.37612,5242.85,0
7.11339,3610.06,-87.813,-35.9701,2.88173,5614.92,0
7.2701,3600.62,-86.6873,-50.0181,4.96059,6792.14,0
