0.00656083,0.0659676,-0.161267,-0.0886058,0.0323877,10054.8,0
0.0130702,0.144432,-0.11468,-0.215577,0.0700028,11050.5,0
0.0196017,0.11088,-0.180151,-0.196599,0.0520423,5656.66,0
0.0260774,0.185138,-0.284127,-0.173064,0.0848908,7099.58,0
0.0325783,0.146142,-0.218691,-0.0889916,0.0631837,4485.87,0
0.0391018,0.237372,-0.408242,-0.111923,0.106012,6070.6,0
0.0456063,0.384071,-0.396662,0.0130247,0.172401,8421.44,0
0.0521275,0.431462,-0.521589,0.0916319,0.183261,8277.04,0
0.0586489,0.226254,-0.530924,0.264739,0.0732563,3857.77,0
0.0651373,0.378301,-0.442512,0.287098,0.145708,5807.75,0
0.0716925,0.512206,-0.361739,0.0121459,0.20416,7144.49,0
0.0782446,0.250488,-0.263333,-0.0885403,0.0656604,3201.35,0
0.0848011,0.268211,-0.213283,0.0123678,0.071871,3162.83,0
0.0913233,0.457568,-0.409209,-0.0714681,0.160306,5010.42,0
0.0978171,0.49068,-0.448231,-0.335336,0.167119,5016.3,0
0.10428,0.596185,-0.552069,-0.0871655,0.206247,5717.17,0
0.110757,0.815436,-0.358365,0.0272244,0.298095,7362.39,0
0.117302,0.771955,-0.232008,0.0490359,0.258546,6580.91,0
0.123776,1.04865,-0.360975,-0.0816751,0.373961,8472.17,0
0.130241,0.995121,-0.600802,0.155747,0.319196,7640.6,0
0.136705,1.10857,-0.569013,0.299813,0.348402,8109.2,0
0.143212,0.91524,-0.655819,0.164005,0.228301,6390.8,0
0.149697,0.998991,-0.509061,0.262008,0.250184,6673.42,0
0.156175,1.23205,-0.741064,-0.152204,0.344565,7888.89,0
0.162672,0.971042,-0.691569,-0.236509,0.199916,5969.33,0
0.169148,0.952795,-0.578725,-0.139342,0.180636,5632.91,0
0.17564,1.02051,-0.777943,0.085257,0.202144,5810.22,0
0.182158,1.09329,-0.840276,0.180015,0.226398,6001.86,0
0.188656,1.27447,-0.63473,0.243367,0.297757,6755.51,0
0.195205,1.20634,-0.980897,0.247391,0.24803,6179.85,0
0.201704,1.25121,-0.892955,0.383023,0.253426,6203.21,0
0.208201,1.03415,-1.05995,0.522439,0.132221,4967.07,0
0.214727,1.15951,-1.24027,0.461903,0.187972,5399.95,0
0.221224,1.22398,-1.32997,0.28876,0.209289,5532.74,0
0.227694,1.36659,-1.14375,0.50616,0.263204,6001.85,0
0.234251,1.42942,-0.961298,0.583929,0.273957,6102.08,0
0.240774,1.45231,-0.881265,0.475825,0.266613,6031.86,0
0.247265,1.55576,-1.15556,0.476704,0.301257,6291.87,0
0.253754,2.0145,-1.29264,0.497458,0.495225,7938.81,0
0.260222,1.90372,-1.37967,0.289606,0.402665,7315.76,0
0.266732,1.73083,-1.27636,0.205047,0.288026,6489.02,0
0.273287,1.73844,-1.26027,0.486161,0.271394,6361.25,0
0.279771,1.94895,-1.49459,0.349076,0.349883,6966.24,0
0.286233,1.88563,-1.58403,0.463017,0.2946,6587.74,0
0.292763,2.15274,-1.50033,0.48698,0.401006,7353.19,0
0.299235,2.17547,-1.41846,0.807996,0.378053,7270.11,0
0.305729,2.09609,-1.65019,0.652115,0.314922,6856.04,0
0.312251,2.19748,-1.79188,0.424856,0.341049,7037.56,0
0.318733,2.13777,-1.92373,0.644706,0.291729,6707.09,0
0.325254,2.09075,-1.74338,0.657076,0.250536,6428.05,0
0.331783,2.13871,-1.93043,0.420989,0.255954,6446.12,0
0.338291,2.18062,-1.81386,0.407428,0.258455,6445.99,0
0.344792,2.26351,-1.72995,0.35895,0.282094,6564.86,0
0.351296,2.16857,-1.73579,0.498933,0.222676,6173.07,0
0.35781,2.01575,-1.88741,0.54646,0.13394,5633.58,0
0.364262,1.96932,-1.68584,0.480475,0.104561,5406.33,0
0.370761,2.09926,-1.36228,0.506996,0.160589,5662.03,0
0.377263,2.10285,-1.4341,0.483728,0.155152,5573.98,0
0.383794,2.05208,-1.4149,0.440433,0.124164,5346.84,0
0.390301,1.98229,-1.43356,0.342378,0.0843591,5078.88,0
0.396812,2.02901,-1.64496,0.445444,0.101931,5113.28,0
0.403299,2.0773,-1.72804,0.293875,0.120992,5150.76,0
0.409797,2.20321,-1.64159,0.267687,0.177695,5376.34,0
0.416293,2.33083,-1.52968,0.160579,0.230258,5599.03,0
0.422829,2.31178,-1.49872,0.129758,0.207364,5467.4,0
0.429354,2.27635,-1.61437,0.0842767,0.17654,5301.79,0
0.43589,2.26724,-1.75883,0.0731676,0.162059,5201.41,0
0.442388,2.37568,-1.70053,0.0963915,0.206187,5370.13,0
0.448889,2.18353,-1.59346,0.320224,0.101393,4864.3,0
0.455416,2.17728,-1.43271,0.345373,0.0927992,4780.85,0
0.461903,2.05888,-1.78456,0.444865,0.0307152,4457.38,0
0.468341,2.23769,-1.85969,0.391608,0.117026,4777.91,0
0.474833,2.05361,-2.09515,0.380936,0.0221874,4324.91,0
0.481357,2.0213,-2.07805,0.383035,0.00547488,4199.16,0
0.487927,2.33293,-2.00634,0.470405,0.158386,4781.3,0
0.494445,2.4145,-2.12503,0.626222,0.189924,4883.25,0
0.500942,2.48017,-2.01485,0.45001,0.210261,4951.02,0
0.507471,2.57515,-1.99661,-0.000915351,0.244611,5074.49,0
0.513977,2.60807,-2.20512,-0.217552,0.244089,5074.29,0
0.520543,2.50877,-2.27209,-0.414118,0.183479,4819.53,0
0.527052,2.62874,-2.3331,-0.522595,0.231366,4987.64,0
0.533591,2.58232,-2.49536,-0.561766,0.192505,4839.51,0
0.540091,2.2833,-2.54855,-0.596447,0.0376152,4227.63,0
0.546608,2.27227,-2.55184,-0.806882,0.0313607,4157.03,0
0.553151,2.35785,-2.46897,-0.800149,0.0721197,4262.58,0
0.559682,2.32298,-2.45788,-0.873141,0.0520593,4150.53,0
0.566209,2.45278,-2.4132,-0.870186,0.114089,4331.93,0
0.572725,2.44559,-2.53418,-1.05654,0.104917,4270.1,0
0.579251,2.47179,-2.57937,-1.10298,0.112602,4267.23,0
0.585782,2.6215,-2.51671,-1.07687,0.179136,4475.2,0
0.592295,2.71875,-2.71017,-0.915685,0.218279,4590.19,0
0.598816,2.7165,-2.6915,-0.873213,0.205558,4536.46,0
0.605322,2.6477,-2.792,-0.975211,0.158076,4374.04,0
0.611793,2.72897,-2.99799,-0.823059,0.187877,4460.61,0
0.618342,2.81509,-2.96647,-0.482836,0.219433,4552.64,0
0.624873,2.87381,-2.91522,-0.547758,0.234122,4599.02,0
0.631351,2.97663,-2.89764,-0.727088,0.267959,4714.7,0
0.637885,2.66094,-3.02615,-0.794031,0.100967,4171.5,0
0.644389,2.58851,-3.08839,-0.554343,0.0625488,4017,0
0.650904,2.61394,-3.11922,-0.620894,0.072456,4015.86,0
0.657414,2.64065,-3.01617,-0.553706,0.082378,4016.72,0
0.663902,2.66984,-2.93147,-0.515128,0.0941481,4021.44,0
0.670409,2.70973,-2.78023,-0.539818,0.107649,4041.91,0
0.676949,2.79184,-2.64367,-0.72764,0.143416,4124.15,0
0.683518,2.93495,-2.854,-0.772749,0.204228,4293.89,0
0.69,2.71821,-2.87477,-0.622864,0.088792,3939.43,0
0.696503,2.75767,-2.80512,-0.8596,0.10353,3959.31,0
0.703046,2.83219,-3.05612,-0.806786,0.135716,4028.46,0
0.709563,2.85831,-2.98033,-0.681732,0.141851,4028.27,0
0.716076,2.9586,-3.00316,-0.52677,0.180907,4131.69,0
0.722589,3.08735,-2.76672,-0.373086,0.232885,4272.63,0
0.729124,3.15998,-2.7082,-0.583265,0.250291,4333.94,0
0.735636,3.23014,-2.69282,-0.500018,0.268479,4390.95,0
0.742109,3.41663,-2.87909,-0.419153,0.339793,4603.94,0
0.748654,3.33343,-2.70332,-0.335282,0.279023,4452.56,0
0.755124,3.2518,-2.66814,-0.206163,0.219571,4306.31,0
0.761618,3.40908,-2.78271,-0.0111889,0.280173,4476.11,0
0.768131,3.64901,-2.57068,-0.176206,0.372263,4750.5,0
0.774638,3.79743,-2.72234,-0.280614,0.406962,4902.2,0
0.781124,3.52396,-2.60651,-0.396852,0.247221,4511.39,0
0.787636,3.57312,-2.35251,-0.466906,0.254755,4536.51,0
0.794119,3.71021,-2.38793,-0.497253,0.303572,4672.1,0
0.800628,3.79693,-2.34766,-0.582974,0.323602,4742.44,0
0.807117,3.75191,-2.25912,-0.748806,0.281902,4648.54,0
0.81363,3.82579,-2.50108,-0.862803,0.298515,4702.12,0
0.820186,3.72753,-2.29597,-0.863367,0.229962,4544.74,0
0.826711,3.9162,-2.33657,-1.03771,0.306543,4737.08,0
0.833214,3.69917,-2.2839,-0.804548,0.180066,4439.64,0
0.839731,3.69076,-2.14181,-1.08513,0.166299,4395.17,0
0.846283,3.50499,-2.10023,-0.892244,0.0692567,4141.63,0
0.852756,3.5377,-2.06842,-0.788217,0.0842522,4148.54,0
0.859253,3.52391,-2.15127,-0.911399,0.0740028,4101.13,0
0.865764,3.51764,-2.29372,-0.984369,0.0689233,4063.05,0
0.872278,3.49131,-2.20505,-1.00734,0.0544251,4002.52,0
0.878801,3.57415,-2.27469,-0.94219,0.0936796,4067.08,0
0.885272,3.70641,-2.1443,-0.938068,0.152185,4186.75,0
0.891762,3.79322,-1.75432,-0.796727,0.18466,4253.63,0
0.898286,3.73652,-1.60874,-0.704903,0.149267,4159.61,0
0.904816,3.82281,-1.73855,-0.626131,0.184591,4224.96,0
0.911364,4.05404,-1.83841,-0.406734,0.281992,4448.32,0
0.91786,4.30116,-1.94873,0.0648641,0.382943,4686.07,0
0.924398,4.15138,-1.92036,0.200213,0.28168,4490.91,0
0.930938,4.51258,-1.99261,-0.0987713,0.433255,4847.35,0
0.937441,4.50038,-1.86572,-0.0655896,0.392947,4800.71,0
0.943964,4.9678,-1.90258,-0.283556,0.579903,5262.7,0
0.950453,5.29664,-2.21863,-0.244763,0.67431,5572.75,0
0.957021,5.36365,-2.09924,-0.478976,0.639663,5604.52,0
0.96355,5.40134,-1.75478,-0.479916,0.59589,5605.67,0
0.970067,5.52841,-1.66632,-0.505411,0.602959,5699,0
0.976599,5.49198,-1.4391,-0.563333,0.524695,5623.58,0
0.983101,5.42267,-1.53761,-0.713746,0.451084,5515.88,0
0.989624,5.52635,-1.13911,-0.92874,0.463456,5584.29,0
0.996135,5.57455,-1.20122,-0.981245,0.448583,5596.18,0
1.00266,5.86765,-0.898485,-0.916165,0.553204,5852.08,0
1.00916,5.96397,-0.892978,-1.13418,0.55371,5909.83,0
1.01571,6.00916,-1.03543,-1.1124,0.518449,5916.23,0
1.02222,5.96562,-1.17153,-1.32958,0.455623,5835.94,0
1.02869,5.72484,-1.0536,-1.26548,0.307927,5565.2,0
1.03516,5.85218,-1.10261,-1.04125,0.343508,5653.39,0
1.04169,6.00415,-0.855965,-1.25925,0.389735,5763.84,0
1.04825,5.89692,-0.620921,-1.28813,0.312601,5625.5,0
1.05475,5.88598,-0.720809,-1.19046,0.283415,5580.46,0
1.06123,5.87433,-0.646575,-1.07604,0.259896,5535.38,0
1.06776,5.69534,-0.68521,-1.10879,0.155437,5333.94,0
1.07423,5.65195,-0.709776,-1.06265,0.126215,5261.39,0
1.08074,5.79746,-0.494605,-1.16573,0.19102,5364.33,0
1.08729,6.0182,-0.611992,-1.19572,0.287381,5535.05,0
1.09379,5.90139,-0.542004,-1.26288,0.214022,5395.38,0
1.10028,5.90565,-0.701297,-1.18238,0.204032,5367.4,0
1.10677,6.08796,-0.914203,-1.06303,0.281859,5500.65,0
1.11326,5.90157,-1.10558,-1.14581,0.171991,5301.15,0
1.11976,5.9297,-1.38124,-1.32219,0.177484,5295.5,0
1.12624,6.01308,-1.59702,-1.35353,0.208132,5339.06,0
1.1328,5.87476,-1.48228,-1.34809,0.130638,5186.03,0
1.13933,6.09719,-1.5836,-1.25349,0.229515,5351.55,0
1.14583,5.92259,-1.91923,-1.15984,0.133718,5168.8,0
1.15234,5.77889,-1.97449,-1.25391,0.0571138,5014.91,0
1.15889,5.76298,-2.0116,-1.35869,0.0467364,4972.85,0
1.16538,5.72332,-1.93245,-1.44792,0.0256626,4911.13,0
1.1719,5.93229,-2.00736,-1.41693,0.127813,5062.13,0
1.17842,5.97387,-1.99911,-1.66733,0.143353,5069.39,0
1.1849,6.09713,-2.31041,-1.93765,0.19586,5145.69,0
1.19142,6.19555,-2.4021,-1.97142,0.233643,5200.15,0
1.19792,6.14524,-2.75322,-1.8176,0.194996,5129.93,0
1.20443,6.16479,-2.73868,-1.71446,0.194444,5118.42,0
1.21096,6.1057,-2.56813,-1.70043,0.156986,5042.05,0
1.21745,6.22178,-2.34782,-1.76864,0.206445,5110.49,0
1.22397,6.09029,-2.21757,-1.81625,0.130577,4975.85,0
1.23048,6.30876,-1.93627,-1.87167,0.230166,5127.06,0
1.23703,6.47694,-1.75968,-1.85203,0.29525,5235.89,0
1.24348,6.3887,-1.9004,-1.90867,0.231277,5137.74,0
1.24999,6.44627,-2.06564,-2.14884,0.242829,5157.05,0
1.2565,6.53237,-1.91103,-2.25344,0.268556,5198.86,0
1.26302,6.49888,-1.76575,-2.08822,0.23802,5145.53,0
1.2695,6.60261,-2.02131,-2.05582,0.277065,5200.96,0
1.27598,6.55449,-2.06503,-2.22563,0.234464,5136.81,0
1.28249,6.71643,-2.17228,-1.96778,0.299627,5237.03,0
1.28902,6.38223,-2.18244,-2.1231,0.120914,4951.22,0
1.29556,6.60334,-2.14871,-2.00254,0.222693,5096.9,0
1.3021,6.75863,-2.0795,-2.12912,0.284298,5190.56,0
1.30857,6.65868,-1.80448,-2.46297,0.220937,5088.51,0
1.31506,6.77348,-1.85759,-2.58767,0.263205,5150.71,0
1.32158,6.81499,-1.79625,-2.67298,0.266314,5156.71,0
1.32809,7.15892,-1.70809,-2.76481,0.410713,5390.4,0
1.33464,7.4323,-1.66831,-2.54963,0.502111,5568.78,0
1.34111,7.44672,-1.45627,-2.7751,0.469116,5552.65,0
1.34759,7.62115,-1.39298,-3.0762,0.516904,5655.38,0
1.35408,7.891,-1.1489,-3.33534,0.59443,5827.57,0
1.36061,7.89292,-1.39232,-3.61771,0.533746,5801,0
1.36711,7.62499,-1.62044,-3.53983,0.361946,5577.44,0
1.37359,7.78891,-1.86512,-3.30321,0.418183,5670.46,0
1.38009,7.76994,-1.89883,-3.18109,0.36852,5630.02,0
1.38661,8.24283,-1.7857,-3.09995,0.566446,5944.59,0
1.39312,8.44883,-1.82165,-2.85247,0.612629,6064.66,0
1.39965,8.57962,-2.04877,-2.72829,0.614791,6129.85,0
1.40614,8.19538,-2.03151,-2.45208,0.372183,5828.3,0
1.41263,8.14718,-2.1222,-2.14513,0.320247,5767.38,0
1.41915,8.35404,-2.14132,-2.11496,0.398202,5886.63,0
1.42567,8.70821,-2.22417,-1.97611,0.532049,6108.14,0
1.43216,8.28178,-2.18224,-1.94664,0.288773,5782.73,0
1.43868,8.53436,-2.16647,-1.77219,0.393243,5932.07,0
1.44516,8.42575,-2.03368,-1.62618,0.311459,5830.32,0
1.4517,8.21697,-1.92223,-1.5967,0.19288,5660.23,0
1.4582,7.98355,-1.78125,-1.73836,0.0689953,5474.94,0
1.46474,7.8925,-1.89979,-1.73332,0.0212991,5388.33,0
1.47126,7.95176,-1.87139,-1.79237,0.0501071,5404.74,0
1.47778,7.92651,-1.78838,-1.91993,0.035346,5363.81,0
1.48427,7.93367,-1.87509,-1.93155,0.0381409,5345.16,0
1.49077,7.97011,-1.84194,-1.89877,0.0557771,5346.29,0
1.49726,7.99697,-1.75443,-1.94629,0.0677317,5341.05,0
1.50376,8.05888,-1.60023,-2.08794,0.0924316,5359.17,0
1.51029,8.00769,-1.74051,-2.0948,0.0646026,5302.08,0
1.5168,8.15244,-1.8506,-1.95821,0.131707,5374.75,0
1.52334,8.37038,-1.99595,-2.13589,0.230042,5494.77,0
1.52985,8.31194,-2.07814,-2.03971,0.187531,5433.16,0
1.53636,8.54218,-2.30053,-2.19336,0.285727,5560.03,0
1.54288,8.6875,-2.3845,-2.19368,0.332828,5630.72,0
1.54937,8.91085,-2.55288,-2.0272,0.416237,5751.28,0
1.55589,8.85164,-2.23848,-2.01155,0.355536,5689.12,0
1.56246,8.85914,-2.06543,-1.90109,0.336397,5669.99,0
1.56893,8.88844,-2.28012,-1.81936,0.322157,5665.29,0
1.57548,9.13183,-2.28592,-1.68848,0.419324,5796.22,0
1.58198,9.2165,-2.52366,-1.71695,0.421585,5825.91,0
1.58846,8.90371,-2.38358,-1.72123,0.235983,5605.24,0
1.59499,8.84376,-2.3941,-1.60943,0.194082,5544.7,0
1.6015,8.69139,-2.46432,-1.49907,0.109751,5427.03,0
1.60798,8.59137,-2.51691,-1.55614,0.056533,5342.96,0
1.6145,8.64605,-2.63763,-1.51555,0.0818534,5355.24,0
1.62105,8.7793,-2.45729,-1.54484,0.144411,5415.83,0
1.6275,8.6107,-2.22799,-1.55956,0.0554774,5290.74,0
1.63402,8.7351,-2.24869,-1.79995,0.113659,5345.77,0
1.6405,8.54789,-2.32941,-1.86608,0.0180831,5210.53,0
1.64701,8.5943,-2.27875,-2.03447,0.0406333,5218.11,0
1.65352,8.57082,-2.18388,-2.06403,0.027934,5183.38,0
1.66004,8.55765,-2.16026,-2.08613,0.0209737,5155.09,0
1.66654,8.66224,-2.10431,-2.15723,0.0716549,5197.73,0
1.67306,8.65394,-2.01494,-2.18578,0.0655683,5172.53,0
1.67963,8.59804,-2.01302,-2.0886,0.0358987,5119,0
1.68618,8.59476,-1.93162,-2.15553,0.0336378,5097.18,0
1.69265,8.63558,-2.00544,-2.04378,0.0518554,5101.8,0
1.69918,8.83374,-2.00029,-2.10342,0.146275,5198.81,0
1.70568,8.78734,-1.86009,-2.06501,0.117171,5151.82,0
1.71221,9.06889,-1.82196,-2.02373,0.247384,5296.61,0
1.71867,8.91542,-1.97398,-2.17739,0.16077,5187.4,0
1.72521,8.7481,-2.08436,-2.15204,0.0710772,5070.75,0
1.73171,8.764,-1.99325,-2.23213,0.0754223,5060.88,0
1.7382,8.87568,-2.00479,-2.22719,0.127163,5106.24,0
1.7447,8.66573,-2.05918,-2.3513,0.01983,4966.88,0
1.75123,8.73862,-2.03973,-2.22092,0.0550426,4989.98,0
1.75778,8.75137,-1.9583,-2.12889,0.060163,4978.66,0
1.76432,8.68766,-2.08403,-2.27067,0.0265348,4924.08,0
1.7708,8.69032,-2.07211,-2.01269,0.0270342,4907.57,0
1.77733,8.7407,-1.9293,-2.01904,0.0514854,4917.89,0
1.78381,8.66945,-1.97563,-2.15969,0.0147302,4860.09,0
1.79032,8.67836,-1.90775,-2.17528,0.0188312,4847.39,0
1.79678,8.75746,-1.78503,-2.25292,0.0566343,4873.97,0
1.80329,8.73543,-1.89839,-2.30644,0.0436072,4844.16,0
1.80984,8.79819,-1.9419,-2.28271,0.0725448,4861.31,0
1.81638,8.77743,-1.92471,-2.49814,0.0588092,4832.39,0
1.82288,8.72407,-1.88184,-2.63523,0.0301759,4785.87,0
1.82941,8.84533,-1.92135,-2.47572,0.0883207,4835.08,0
1.83593,9.11699,-1.81812,-2.59127,0.21599,4965.86,0
1.8424,9.32028,-1.83402,-2.69573,0.298854,5058.78,0
1.84889,9.39295,-1.782,-2.76457,0.313884,5080.32,0
1.85535,9.37248,-1.76612,-2.81823,0.286582,5051.58,0
1.86187,9.32428,-2.00798,-3.07297,0.246857,5008.01,0
1.86836,9.49289,-1.93276,-2.84317,0.30988,5080.88,0
1.87483,9.30089,-1.83583,-2.96117,0.193069,4960.91,0
1.88135,9.25677,-1.84767,-3.00818,0.163617,4920.27,0
1.88787,9.35239,-1.73879,-2.97289,0.200616,4953.95,0
1.89439,9.50833,-1.6866,-2.8023,0.266369,5019.22,0
1.90091,9.74699,-1.73762,-2.40247,0.360709,5127.55,0
1.9074,9.90744,-1.8317,-2.30615,0.411028,5194.22,0
1.91391,10.1452,-1.96706,-2.21584,0.4885,5300.78,0
1.92045,10.0763,-2.12552,-1.77194,0.411078,5246.85,0
1.92694,10.3307,-2.48657,-1.63051,0.495307,5361.23,0
1.93343,10.1636,-2.48109,-1.54666,0.370465,5256.78,0
1.93997,10.2914,-2.72178,-1.49289,0.401829,5304.9,0
1.9465,10.1815,-2.65464,-1.48293,0.322218,5230.66,0
1.95304,10.1774,-2.41667,-1.40791,0.29845,5211.08,0
1.95955,10.2827,-2.49887,-1.30313,0.329199,5247.52,0
1.96601,10.3706,-2.25495,-1.41864,0.351001,5274.95,0
1.97245,10.2342,-2.34571,-1.41834,0.256189,5188.55,0
1.97893,10.2166,-2.32534,-1.31671,0.23247,5162.69,0
1.98547,10.2682,-2.6335,-1.49564,0.244461,5171.71,0
1.99197,10.3357,-2.72781,-1.28352,0.264542,5188.69,0
1.99846,10.0811,-2.91011,-1.00934,0.127935,5044.46,0
2.00496,10.0976,-2.99552,-0.954315,0.126637,5036.28,0
2.01144,10.1929,-3.11607,-0.909265,0.165814,5067.49,0
2.01795,10.2131,-3.56706,-0.94943,0.166887,5061.11,0
2.0245,10.2152,-3.47297,-0.947493,0.158456,5045.82,0
2.031,10.241,-3.2214,-0.869193,0.161889,5042.37,0
2.03753,10.1997,-3.29922,-0.876332,0.131992,5005.91,0
2.04401,10.2338,-3.23306,-0.740063,0.141937,5006.75,0
2.05053,10.3615,-3.22849,-0.691098,0.198279,5053.09,0
2.05704,10.1991,-3.26653,-0.781963,0.109837,4958.12,0
2.0635,10.2286,-3.2122,-0.72971,0.118968,4956.91,0
2.07006,10.1838,-3.31897,-0.560581,0.0925492,4919.58,0
2.07659,10.2307,-3.48794,-0.782125,0.111612,4926.68,0
2.08307,10.1312,-3.41866,-0.828027,0.0575053,4863.59,0
2.08958,10.2007,-3.44788,-0.882646,0.0880394,4881.7,0
2.09614,10.0871,-3.40793,-0.641403,0.0291554,4812.19,0
2.10266,10.0471,-3.52862,-0.723995,0.00863488,4778.28,0
2.10916,10.0882,-3.50313,-0.755703,0.0285293,4783.04,0
2.11567,10.0907,-3.48595,-0.652228,0.0291139,4769.5,0
2.12215,10.1631,-3.44976,-0.562681,0.0638422,4789.06,0
2.12859,10.1834,-3.43843,-0.64746,0.0718846,4784.1,0
2.13511,10.2719,-3.20379,-0.594909,0.112344,4810.92,0
2.14163,10.3322,-3.14421,-0.816629,0.135998,4824.44,0
2.14813,10.3934,-3.11967,-0.933645,0.156044,4838.35,0
2.15462,10.4469,-2.98068,-0.823811,0.174184,4848.6,0
2.16114,10.4754,-2.81514,-0.854263,0.180489,4847.16,0
2.16765,10.6779,-2.99106,-0.710515,0.26702,4926.01,0
2.17421,10.5559,-2.99262,-0.708613,0.196847,4855.03,0
2.18072,10.441,-2.74354,-0.749702,0.1325,4787.89,0
2.18719,10.6078,-2.69764,-0.623887,0.204228,4849.96,0
2.19368,10.4327,-2.9672,-0.699151,0.106403,4755.8,0
2.20016,10.4334,-2.94448,-0.724307,0.102251,4742.08,0
2.2066,10.527,-2.67986,-0.767239,0.143741,4770.69,0
2.21311,10.4191,-2.72308,-1.0136,0.0851787,4707.88,0
2.2196,10.5723,-2.74206,-1.29106,0.156404,4763.14,0
2.22609,10.6395,-2.72105,-1.21444,0.182908,4779.45,0
2.23264,10.5291,-2.83969,-1.2414,0.121292,4715.99,0
2.23919,10.4087,-2.88823,-1.09112,0.0580539,4648.43,0
2.2457,10.4255,-2.90208,-0.936121,0.0641504,4642.41,0
2.25219,10.4967,-2.8123,-0.967306,0.095205,4660.67,0
2.25867,10.8037,-2.79456,-1.08854,0.239097,4783.19,0
2.26519,10.7097,-2.80135,-1.02967,0.175263,4727.92,0
2.27171,10.5563,-2.80153,-0.98594,0.0925871,4646.87,0
2.27821,10.6762,-2.69067,-1.19375,0.147206,4686.21,0
2.28472,10.6601,-2.79246,-1.11564,0.131725,4665.84,0
2.29119,10.4427,-2.81543,-1.25801,0.0190571,4557.73,0
2.29772,10.4905,-2.97007,-1.26741,0.0419787,4565.63,0
2.30426,10.6888,-2.9407,-1.47455,0.136822,4638.72,0
2.31074,10.8121,-2.96131,-1.05163,0.190768,4679.05,0
2.31723,10.7704,-2.76062,-1.13239,0.161117,4647.95,0
2.32371,10.8009,-2.96037,-1.07384,0.166934,4648.12,0
2.33022,10.9283,-2.88361,-1.09948,0.219518,4689.83,0
2.33671,11.0161,-2.93036,-1.07736,0.245552,4714.37,0
2.34321,10.9098,-2.95163,-1.00006,0.179567,4655.92,0
2.34969,11.1048,-2.94422,-0.990277,0.26321,4726.06,0
2.35619,11.229,-2.86108,-0.805431,0.307164,4765.75,0
2.36275,11.4056,-3.01834,-0.977349,0.374287,4827.25,0
2.36924,11.4465,-3.04749,-1.09776,0.359891,4831.32,0
2.37573,11.3429,-3.07572,-1.4321,0.284025,4774.48,0
2.38231,11.3666,-2.98365,-1.18968,0.278323,4771.28,0
2.38876,11.2634,-2.88734,-1.10732,0.2129,4715.14,0
2.39523,11.3502,-2.65678,-1.2653,0.243867,4738.68,0
2.40178,11.3007,-2.64572,-1.26888,0.205674,4705.14,0
2.4083,11.4036,-2.53364,-1.29684,0.240462,4735.15,0
2.41485,11.5217,-2.78576,-1.35158,0.283426,4771.19,0
2.42135,11.284,-2.9094,-1.4553,0.15242,4660.21,0
2.42783,11.3284,-2.98725,-1.53362,0.165331,4666.06,0
2.43434,11.3292,-3.28239,-1.3915,0.155911,4653.92,0
2.44085,11.5642,-3.39373,-1.33693,0.260107,4737.76,0
2.44733,11.3231,-3.23367,-1.50183,0.12828,4626.69,0
2.45384,11.3206,-3.54483,-1.51443,0.115589,4613.41,0
2.46037,11.3322,-3.62696,-1.48842,0.117661,4605.9,0
2.46689,11.3246,-3.76009,-1.53101,0.108786,4590.63,0
2.47341,11.3389,-3.94649,-1.14704,0.109874,4584.33,0
2.47993,11.4104,-3.85589,-1.02348,0.139516,4601.09,0
2.48639,11.5494,-4.08784,-0.991028,0.199797,4645.06,0
2.49289,11.6644,-4.03394,-0.924488,0.245108,4679.06,0
2.49943,11.8821,-3.92607,-1.09531,0.335542,4753.91,0
2.50596,11.939,-4.13655,-0.827224,0.338493,4764.22,0
2.51248,12.0037,-4.44311,-0.99288,0.34194,4777.66,0
2.51901,11.9178,-4.55503,-1.07964,0.278184,4731.15,0
2.52547,11.9958,-4.62859,-0.948911,0.297374,4749.94,0
2.53193,11.9443,-4.6449,-1.06547,0.25557,4717.49,0
2.53844,11.6234,-4.62054,-1.25341,0.0880044,4578.97,0
2.54493,11.837,-4.7571,-1.06506,0.188869,4651.2,0
2.55143,11.7681,-4.98504,-1.03032,0.145417,4612.36,0
2.55796,11.6989,-4.92161,-1.17115,0.106744,4573.53,0
2.56442,12.0251,-4.96861,-0.999422,0.257925,4689.21,0
2.57092,12.0065,-4.64441,-1.00396,0.231833,4670.13,0
2.57742,11.9717,-4.52451,-1.22287,0.201699,4644.84,0
2.584,11.8652,-4.40623,-1.52943,0.138277,4591.79,0
2.59048,11.7416,-4.28929,-1.69738,0.0726885,4532.61,0
2.597,11.7315,-4.39524,-1.62304,0.0653314,4517.35,0
2.6035,11.8199,-4.26691,-1.60413,0.105903,4540,0
2.61,11.9728,-4.09757,-1.53469,0.175183,4587.29,0
2.61651,11.9268,-4.13332,-1.31245,0.145034,4558.29,0
2.62299,11.854,-4.21543,-1.272,0.104176,4519.29,0
2.6295,11.8251,-4.30068,-1.47579,0.0848009,4497.11,0
2.63599,11.8243,-4.47836,-1.56541,0.0801655,4485.71,0
2.64254,11.8401,-4.6382,-1.38656,0.0850391,4480.57,0
2.64905,11.9812,-4.60068,-1.41112,0.150555,4522.85,0
2.65555,12.0548,-4.56793,-1.57875,0.180506,4539.47,0
2.66203,12.0374,-4.47749,-1.92774,0.161028,4521.88,0
2.66856,11.95,-4.35652,-1.93822,0.11103,4478.08,0
2.67504,11.8385,-4.41285,-2.15061,0.0521711,4425.55,0
2.6815,11.8373,-4.53312,-2.19154,0.0503634,4414.44,0
2.68802,12.0139,-4.45073,-2.21736,0.134145,4469.44,0
2.69453,12.0559,-4.37484,-2.386,0.146521,4474.2,0
2.701,11.9158,-4.44138,-2.50192,0.0724651,4411.61,0
2.70748,11.9833,-4.45224,-2.33528,0.102158,4425.98,0
2.71397,12.0645,-4.52009,-2.24973,0.137489,4445.34,0
2.72047,12.1191,-4.55141,-2.40749,0.156403,4454.76,0
2.727,12.2789,-4.59558,-2.35599,0.224737,4502.73,0
2.73351,12.4274,-4.80989,-2.35273,0.282141,4546.31,0
2.74001,12.419,-4.66385,-2.31155,0.256422,4532.46,0
2.74653,12.3801,-4.79618,-2.02296,0.221428,4507.56,0
2.75305,12.4245,-4.87612,-2.07078,0.230189,4512.99,0
2.75953,12.5,-4.84732,-1.97985,0.255856,4529.77,0
2.76602,12.5985,-4.84687,-1.73866,0.289206,4554.75,0
2.77255,12.5041,-4.82811,-1.52791,0.226957,4509.97,0
2.77907,12.6738,-4.79116,-1.33463,0.290393,4560.45,0
2.78563,12.6961,-4.58357,-1.20049,0.279513,4557.73,0
2.7921,12.875,-4.53026,-1.24739,0.345989,4611.21,0
2.79861,12.6237,-4.58797,-1.47097,0.198315,4510.71,0
2.80513,12.6006,-4.69939,-1.41969,0.175198,4491.97,0
2.81169,12.6212,-4.67557,-1.22214,0.178138,4488.82,0
2.81817,12.8678,-5.01361,-1.22466,0.28766,4566,0
2.8247,12.7679,-5.24211,-1.4458,0.220473,4520.07,0
2.8312,12.9694,-5.22657,-1.61839,0.305676,4580.88,0
2.83773,12.9508,-5.28744,-1.7613,0.275531,4563.78,0
2.84427,13.129,-5.33313,-2.01284,0.34051,4615.96,0
2.85079,13.1423,-5.61917,-1.84707,0.318293,4610.05,0
2.85735,13.0385,-5.84434,-1.7891,0.247953,4563.14,0
2.86383,13.1634,-5.53725,-2.0666,0.294379,4596.42,0
2.87035,13.1713,-5.72163,-2.19622,0.279725,4588.75,0
2.87689,13.5004,-5.749,-2.20587,0.419329,4692.69,0
2.88338,13.7693,-5.42342,-2.21187,0.509337,4775.39,0
2.88985,13.5238,-5.30286,-2.4039,0.352679,4679.77,0
2.89633,13.5536,-5.1928,-2.52929,0.339642,4679.59,0
2.90285,13.4879,-5.00754,-3.03979,0.281339,4646.42,0
2.90936,13.6554,-5.2402,-3.19714,0.343144,4693.59,0
2.91586,13.6869,-4.93051,-2.95788,0.329691,4693.97,0
2.92236,13.3998,-5.18007,-3.17699,0.170484,4585.28,0
2.92885,13.3618,-5.06412,-3.20796,0.143014,4562.12,0
2.9354,13.1437,-5.17503,-3.24587,0.0308906,4477.65,0
2.9419,13.189,-5.13352,-3.23362,0.0528727,4483.17,0
2.94839,13.0883,-5.18847,-3.19675,0.00186195,4439.12,0
2.95493,13.1119,-5.19213,-3.07291,0.0132518,4437.29,0
2.9614,13.1082,-5.2132,-3.06171,0.0109385,4426.33,0
2.9679,13.1169,-5.17764,-3.18725,0.0150151,4419.6,0
2.97437,13.1438,-5.07465,-3.15082,0.0279412,4419.02,0
2.98085,13.2951,-5.05533,-3.22623,0.100969,4460.16,0
2.98739,13.322,-5.10672,-3.25899,0.108605,4459.43,0
2.99389,13.3995,-4.92575,-3.08692,0.14126,4475.62,0
3.00042,13.3512,-4.53743,-3.19714,0.111495,4449.77,0
3.00694,13.3891,-4.63552,-3.44975,0.125506,4452.75,0
3.01338,13.6787,-4.86905,-3.57108,0.259808,4539.32,0
3.01984,13.7918,-5.10862,-3.62335,0.298754,4567.06,0
3.02642,13.9784,-5.25027,-3.80748,0.364672,4618.78,0
3.03294,14.0048,-5.24176,-4.07316,0.352888,4617.55,0
3.03946,13.9871,-5.09786,-4.09429,0.321171,4601.82,0
3.04602,14.2825,-5.16546,-4.33368,0.435242,4688.89,0
3.05252,14.2463,-5.18506,-4.42983,0.383307,4667.08,0
3.05906,14.3418,-5.26051,-4.44676,0.399637,4688.3,0
3.06554,14.2419,-5.20476,-4.52316,0.317338,4645.81,0
3.07198,14.6187,-5.58725,-4.6694,0.468227,4758.73,0
3.07847,14.4982,-5.52998,-4.72707,0.375567,4709.55,0
3.08493,14.423,-5.41122,-4.81931,0.316507,4675.29,0
3.09148,14.4556,-5.47764,-4.65631,0.311479,4675.94,0
3.09801,14.4576,-5.62642,-4.70015,0.295331,4666.72,0
3.10455,14.9607,-5.84939,-4.67472,0.51175,4818.97,0
3.11107,14.9664,-5.7827,-4.91637,0.468207,4810.7,0
3.11757,15.2234,-5.5256,-5.09972,0.546908,4883.1,0
3.1241,15.2997,-5.67055,-5.22657,0.540861,4897.33,0
3.1306,15.2223,-5.69969,-4.96433,0.461404,4862.41,0
3.13712,15.0755,-5.18012,-5.24003,0.356192,4805.51,0
3.14364,15.3909,-5.37563,-5.16936,0.481597,4895.89,0
3.15015,15.1331,-5.63283,-4.99036,0.322504,4803.91,0
3.15664,15.0762,-5.86241,-4.99651,0.272294,4776.03,0
3.16314,15.0064,-5.87229,-4.92073,0.22309,4744.14,0
3.1696,15.1378,-5.76881,-4.90448,0.273905,4775.92,0
3.17612,15.1504,-5.971,-5.02652,0.263757,4770.09,0
3.18262,14.9255,-5.85705,-5.08186,0.141088,4689.68,0
3.18909,15.0974,-6.14109,-5.16081,0.21696,4734.07,0
3.19564,15.2897,-5.96154,-5.28078,0.296438,4784.56,0
3.20216,15.1532,-5.90732,-5.32001,0.209132,4732.18,0
3.20863,15.3353,-6.28664,-5.37866,0.28367,4779.39,0
3.21511,15.6187,-6.28927,-5.7123,0.396116,4857.91,0
3.2216,15.7926,-6.10431,-5.85249,0.449377,4902.11,0
3.2281,15.8324,-6.38216,-5.54939,0.430501,4904.55,0
3.23455,15.8831,-6.27152,-5.48976,0.42032,4910.47,0
3.24108,15.9525,-6.38212,-5.11919,0.420368,4921.97,0
3.24756,16.3418,-6.22021,-5.04441,0.570152,5032.04,0
3.25404,16.4866,-6.32381,-4.78189,0.588147,5066.51,0
3.26052,16.3498,-6.40791,-5.52573,0.469965,5014.46,0
3.26701,16.2866,-6.4247,-5.69709,0.398343,4985.16,0
3.27354,16.338,-6.52493,-5.7253,0.392186,4990.91,0
3.28006,16.4226,-6.36274,-5.89547,0.401592,5006.8,0
3.28654,16.8198,-6.40678,-5.82309,0.556119,5117.78,0
3.29305,17.1049,-6.2298,-5.82017,0.637852,5194.24,0
3.29956,17.3435,-6.18053,-5.59568,0.688657,5256.31,0
3.30605,17.3511,-6.11213,-5.37489,0.623698,5248.28,0
3.31258,17.5176,-6.17291,-5.08686,0.638153,5288.22,0
3.31909,17.3788,-6.08392,-5.01673,0.50879,5236.02,0
3.32559,17.2802,-6.15452,-5.10015,0.41707,5196.12,0
3.3321,17.4124,-6.00959,-4.85668,0.448422,5225.65,0
3.33865,17.4977,-5.87103,-4.72117,0.451692,5240.97,0
3.34521,17.5478,-5.66372,-4.95289,0.440051,5245.66,0
3.35176,17.4285,-5.40807,-5.06944,0.34873,5199.81,0
3.35829,17.4183,-5.13026,-5.0658,0.320996,5186.65,0
3.36481,17.5433,-5.34118,-5.06153,0.360819,5213.76,0
3.37133,17.6365,-5.66418,-4.95336,0.38008,5231.31,0
3.37783,17.615,-5.42922,-5.05782,0.346418,5214.88,0
3.38437,18.0359,-5.49596,-5.01172,0.519823,5329.17,0
3.39089,18.1217,-5.27677,-5.36134,0.513462,5344.24,0
3.39741,18.2391,-5.21692,-5.36663,0.520178,5368.52,0
3.40392,18.4403,-5.04791,-5.59833,0.568298,5417.38,0
3.41043,18.1609,-5.16344,-5.48106,0.378863,5325.11,0
3.41699,17.8702,-5.04294,-5.54651,0.215884,5229.82,0
3.42351,17.8041,-5.43376,-5.6379,0.16907,5200.53,0
3.43,18.0062,-5.43435,-5.57992,0.259264,5249.63,0
3.43645,18.4036,-5.66132,-5.62131,0.436261,5355.42,0
3.44297,18.7516,-5.42208,-5.74999,0.566351,5446.33,0
3.44944,18.7018,-5.27314,-5.72495,0.492836,5421.69,0
3.45594,18.9011,-5.42142,-5.9555,0.544508,5469.15,0
3.46241,19.1174,-5.64079,-5.86926,0.597819,5521.4,0
3.46891,19.0809,-5.45716,-5.85713,0.525332,5500.54,0
3.47544,18.8033,-5.30753,-5.73534,0.350614,5410.34,0
3.48195,18.6119,-5.26366,-5.74177,0.235492,5345.26,0
3.48845,18.7075,-5.44405,-5.50523,0.266916,5362.7,0
3.49496,18.4832,-5.28548,-5.5984,0.142075,5288.53,0
3.50143,18.4061,-5.65661,-5.72908,0.098866,5256.73,0
3.50799,18.3283,-5.60871,-5.92616,0.0561836,5224.73,0
3.51451,18.4411,-5.55293,-5.71342,0.108102,5247.12,0
3.52099,18.3167,-5.45073,-5.76932,0.043807,5202.15,0
3.52749,18.4934,-5.31434,-5.77378,0.128183,5242.65,0
3.53398,18.5766,-5.22991,-5.8257,0.161837,5256.55,0
3.54045,18.4378,-5.10127,-5.86305,0.0853432,5207.77,0
3.54695,18.3387,-5.23015,-5.76211,0.0330921,5170.28,0
3.55343,18.3301,-5.19506,-5.75009,0.0279912,5158.42,0
3.55995,18.3779,-5.44585,-5.6771,0.050432,5162.41,0
3.56647,18.4597,-5.61326,-5.76654,0.0872978,5175.89,0
3.57295,18.4063,-5.75282,-5.74352,0.0575439,5151.58,0
3.57947,18.4596,-5.88804,-5.70206,0.0818074,5157.08,0
3.58595,18.4915,-5.69276,-5.66151,0.0942638,5156.64,0
3.59245,18.3784,-5.67019,-5.66204,0.0353174,5115.84,0
3.59894,18.4961,-5.71069,-5.63435,0.0922029,5139.33,0
3.60547,18.5387,-5.69584,-5.71296,0.110955,5141.82,0
3.61198,18.4193,-5.75739,-5.58036,0.0482396,5099.51,0
3.61848,18.3819,-5.79801,-5.56764,0.0275797,5080.02,0
3.62499,18.4358,-5.67602,-5.51114,0.0538527,5085.76,0
3.63154,18.439,-5.64704,-5.66273,0.0532724,5077.46,0
3.63805,18.465,-5.70307,-5.54917,0.0642779,5075.53,0
3.64454,18.5693,-5.97705,-5.55484,0.112289,5095.1,0
3.65104,18.5455,-5.96197,-5.36844,0.0963764,5079.52,0
3.65755,18.7156,-6.01747,-5.49282,0.174926,5116.99,0
3.66404,18.7393,-6.02635,-5.48588,0.178401,5114.38,0
3.67056,18.9152,-6.1974,-5.4992,0.252327,5153.21,0
3.67707,18.7421,-6.34078,-5.31216,0.154676,5097.02,0
3.6836,18.8479,-6.32753,-5.38036,0.197989,5116.71,0
3.69007,18.7203,-6.12317,-5.3288,0.128189,5073.15,0
3.69658,18.6736,-6.13205,-5.08899,0.100782,5051.59,0
3.7031,18.7106,-5.99902,-4.96801,0.11577,5052.67,0
3.70961,18.9066,-5.77111,-5.13477,0.20383,5096.67,0
3.71612,19.0883,-5.95639,-5.28473,0.274949,5136.61,0
3.72265,19.0585,-5.88125,-5.1114,0.244104,5119.62,0
3.72915,19.3124,-5.92531,-5.10446,0.348207,5178.77,0
3.73567,19.3703,-6.07955,-5.09298,0.3439,5185.24,0
3.74217,19.1828,-5.93928,-5.31606,0.225849,5126.12,0
3.74864,19.0733,-5.65314,-5.38163,0.156729,5088.05,0
3.75516,19.031,-5.97814,-5.36855,0.126551,5067.95,0
3.76164,18.8322,-6.04283,-5.45984,0.0247643,5006.38,0
3.76813,18.8615,-6.1545,-5.50691,0.0372827,5005.53,0
3.77467,18.89,-6.22943,-5.45446,0.0500017,5004.41,0
3.78118,18.8774,-6.19612,-5.4463,0.0418738,4992.48,0
3.78772,18.8088,-6.13494,-5.47716,0.00694078,4965.74,0
3.79419,18.7999,-6.1093,-5.44145,0.00220577,4954.93,0
3.80068,18.8166,-6.14293,-5.53754,0.0103606,4950.84,0
3.8072,18.8013,-6.16167,-5.56653,0.00239814,4938.36,0
3.81371,18.9116,-6.04179,-5.54462,0.0571867,4958.85,0
3.82024,19.0675,-5.97017,-5.2981,0.132396,4991.16,0
3.82673,19.3252,-5.82512,-5.28203,0.25088,5050.07,0
3.83328,19.2364,-5.83131,-5.66621,0.191955,5018.25,0
3.83981,19.3213,-5.75323,-5.60721,0.222075,5031.85,0
3.84633,19.2018,-5.85442,-5.72372,0.153265,4992.24,0
3.85284,19.1059,-5.96077,-5.6774,0.100347,4958.92,0
3.85934,19.1554,-5.92783,-5.72211,0.118547,4963.38,0
3.86586,19.2078,-5.89927,-5.92114,0.139357,4968.57,0
3.87237,19.3535,-5.70529,-5.85571,0.202438,4997.83,0
3.87889,19.2701,-5.64043,-5.70986,0.15138,4967.95,0
3.8854,19.1357,-5.6803,-5.56754,0.079567,4925.03,0
3.8919,19.0809,-5.59861,-5.4489,0.0494505,4902.72,0
3.89843,19.0734,-5.5783,-5.442,0.0443247,4892.58,0
3.9049,19.1745,-5.3202,-5.38007,0.0922182,4910.36,0
3.9114,19.1508,-5.51127,-5.52189,0.0774096,4896.14,0
3.91792,19.3568,-5.60698,-5.63485,0.174805,4940.59,0
3.92444,19.4178,-5.63554,-5.78616,0.196763,4947.91,0
3.93098,19.4311,-5.85577,-5.85694,0.190953,4943.07,0
3.93748,19.3314,-5.9759,-5.84505,0.130391,4909.59,0
3.94404,19.4112,-5.90617,-5.96055,0.162902,4921.64,0
3.95054,19.3628,-5.7176,-5.83252,0.130383,4901.32,0
3.95702,19.3437,-5.92952,-5.83235,0.115536,4888.45,0
3.96354,19.3736,-5.88627,-5.80915,0.126028,4887.96,0
3.97007,19.7599,-5.85158,-5.87184,0.307942,4977.22,0
3.97654,19.7042,-5.79442,-5.99697,0.257529,4955.12,0
3.98305,19.6674,-5.8485,-5.8898,0.223987,4937.77,0
3.98957,19.6286,-6.1403,-6.14638,0.189559,4919.98,0
3.99609,19.5867,-6.03024,-6.18292,0.15852,4901.47,0
4.00256,19.6128,-6.04376,-6.10239,0.162096,4900.06,0
4.00911,19.7418,-5.84673,-6.29945,0.21842,4924.25,0
4.0156,20.0078,-5.93034,-6.23623,0.334254,4982.53,0
4.0221,20.3306,-6.33178,-6.32352,0.467031,5054.71,0
4.02861,20.5429,-6.21617,-6.24588,0.530974,5099.24,0
4.03512,20.8413,-5.85826,-5.92189,0.620265,5164.97,0
4.04164,20.8315,-5.97719,-6.14321,0.552674,5154.21,0
4.04818,20.8065,-5.90979,-6.28402,0.485434,5139.7,0
4.05469,20.7485,-5.8056,-6.45607,0.417918,5117.16,0
4.06116,20.9221,-6.08492,-6.37993,0.470335,5151.76,0
4.06767,21.0369,-5.95296,-6.32047,0.484805,5171.74,0
4.07417,21.1779,-5.59017,-6.32567,0.505328,5198.1,0
4.08067,21.006,-5.73297,-6.1383,0.386081,5147.69,0
4.08719,20.935,-5.81942,-5.8948,0.32423,5122.09,0
4.09369,20.8935,-6.1348,-6.27976,0.28209,5103.84,0
4.10025,20.8922,-6.05523,-6.35784,0.267173,5095.36,0
4.10671,21.2318,-6.01035,-6.31071,0.412374,5170.03,0
4.11323,21.1534,-5.93661,-6.18523,0.347038,5142.78,0
4.11971,21.2575,-5.92667,-6.09012,0.371452,5159.96,0
4.12625,21.2875,-6.37822,-5.8351,0.355057,5159.05,0
4.13278,20.981,-6.31018,-6.10643,0.181703,5076.72,0
4.13932,21.0386,-6.25684,-6.12947,0.198553,5082.63,0
4.14582,20.978,-6.24551,-6.05334,0.159207,5060.04,0
4.15234,21.0085,-6.41405,-6.18795,0.164093,5059.42,0
4.15888,20.936,-6.44543,-6.14784,0.121576,5034.04,0
4.16537,20.9447,-6.30228,-6.29299,0.121546,5028.3,0
4.17183,20.9098,-6.32723,-6.43458,0.0984568,5012.14,0
4.17837,21.1303,-6.49311,-6.48744,0.20117,5057.08,0
4.1849,21.4209,-6.46757,-6.43317,0.327081,5118.6,0
4.19137,21.3782,-6.28046,-6.59025,0.283406,5100.53,0
4.19784,21.3877,-6.10282,-6.55608,0.269935,5094.94,0
4.20433,21.5454,-6.30643,-6.7118,0.327165,5124.56,0
4.21084,21.9398,-6.6226,-6.62818,0.489523,5210.32,0
4.21735,22.1058,-6.61717,-6.54092,0.523518,5241.63,0
4.22386,22.0074,-6.40785,-6.3367,0.42634,5210.26,0
4.23034,22.0486,-6.0592,-6.1111,0.41587,5212.03,0
4.2368,22.0889,-6.36147,-6.1193,0.400978,5213.58,0
4.24332,22.0468,-6.19079,-6.27511,0.352198,5195.63,0
4.24983,21.9274,-6.0046,-6.44405,0.267975,5159.59,0
4.25636,21.875,-5.99377,-6.60462,0.225923,5139.36,0
4.26283,21.8512,-5.80356,-6.60842,0.20132,5126,0
4.26937,21.9953,-5.67926,-6.68956,0.260175,5151.9,0
4.27587,22.1948,-5.61456,-6.83837,0.340752,5190.71,0
4.28239,22.2313,-5.66718,-6.8778,0.335693,5191.33,0
4.28886,22.0009,-5.64308,-6.6038,0.200084,5129.77,0
4.29534,21.948,-6.00367,-6.54491,0.161553,5109.73,0
4.30184,21.8893,-5.90365,-6.50719,0.125313,5088.36,0
4.30834,21.8045,-5.99543,-6.50898,0.0785348,5061,0
4.31481,22.0186,-6.17625,-6.60955,0.180609,5103.03,0
4.32131,21.8472,-6.31658,-6.63626,0.0895912,5055.68,0
4.32781,21.864,-6.30287,-6.56076,0.0932338,5051.98,0
4.3343,22.0731,-6.51886,-6.43634,0.191499,5092.66,0
4.34081,22.168,-6.5035,-6.41991,0.225391,5106.88,0
4.34731,22.3513,-6.20238,-6.23347,0.301413,5141.41,0
4.35384,22.4733,-6.37519,-6.22778,0.341295,5161.72,0
4.36035,22.4975,-6.02569,-6.04148,0.331322,5159.56,0
4.3668,22.6539,-5.83858,-5.97328,0.382224,5187.76,0
4.37327,22.8064,-5.88541,-5.88984,0.425165,5214.94,0
4.37983,22.745,-5.7966,-5.76613,0.363504,5193.11,0
4.38631,22.7714,-5.6045,-5.26903,0.351237,5191.48,0
4.39277,22.6374,-5.31882,-5.06616,0.263016,5153.34,0
4.39929,22.8019,-5.39883,-4.97439,0.322744,5183.1,0
4.40576,22.6112,-5.1531,-5.23725,0.206006,5132.19,0
4.41225,22.6463,-5.20016,-5.1636,0.20994,5132.6,0
4.41874,22.8532,-5.31806,-5.21615,0.299798,5171.88,0
4.42526,23.0268,-5.23088,-5.16876,0.361768,5203.5,0
4.43176,23.0266,-5.34931,-4.95151,0.335281,5195.82,0
4.43827,22.9681,-5.59675,-5.00919,0.282167,5175,0
4.4448,22.9668,-5.48138,-5.22103,0.264983,5167.11,0
4.45131,22.9926,-5.64099,-5.43771,0.255833,5165.36,0
4.45789,23.0036,-5.94404,-5.34442,0.247941,5160.2,0
4.46439,22.9694,-5.74529,-5.20819,0.217363,5145.03,0
4.47089,22.8901,-5.73515,-5.11149,0.166692,5119.8,0
4.47744,23.0436,-5.53343,-5.19481,0.230369,5146.6,0
4.48398,23.2565,-5.54441,-5.07998,0.316111,5186.58,0
4.49046,23.3632,-5.75062,-5.11334,0.34612,5202.85,0
4.49695,23.6029,-5.70403,-5.08513,0.432332,5248.65,0
4.50343,23.5378,-5.7838,-4.69417,0.369819,5226.63,0
4.50991,23.5543,-5.98231,-4.80636,0.351735,5222.79,0
4.51643,23.5605,-5.93317,-4.65352,0.328465,5216.63,0
4.52297,23.5399,-6.19027,-4.43229,0.296719,5204.52,0
4.5294,23.5783,-6.04244,-4.34946,0.294548,5205.61,0
4.53593,23.4495,-6.02519,-4.31561,0.214476,5169.73,0
4.54247,23.435,-5.82981,-4.63432,0.193336,5159.08,0
4.54903,23.2371,-5.92547,-4.5707,0.0871056,5108.15,0
4.55556,23.4376,-6.16742,-4.6246,0.181154,5144.83,0
4.56207,23.3145,-6.15,-4.74349,0.111616,5110.52,0
4.56856,23.3538,-6.01974,-4.85956,0.126098,5111.86,0
4.57506,23.5313,-5.96801,-4.88572,0.203681,5143.39,0
4.58156,23.4694,-6.02412,-4.83599,0.16394,5122.58,0
4.58804,23.5032,-5.97264,-5.04948,0.172235,5122.71,0
4.59457,23.7471,-5.9172,-4.98206,0.278946,5168.52,0
4.60107,23.6941,-5.91562,-5.04712,0.238364,5149.7,0
4.60757,23.9647,-6.06086,-4.92374,0.353131,5201.17,0
4.6141,24.0771,-6.36269,-4.95545,0.380148,5218.15,0
4.62056,24.008,-6.311,-5.20224,0.321802,5195.9,0
4.62703,23.942,-6.23448,-5.26345,0.268509,5174.38,0
4.63354,23.6031,-6.185,-5.41539,0.0902287,5093.98,0
4.64005,23.6213,-6.07357,-5.36268,0.0961631,5090.75,0
4.64658,23.5835,-6.23645,-5.31545,0.0726378,5075.46,0
4.6531,23.6261,-6.13467,-5.25013,0.0894174,5077.49,0
4.65961,23.5926,-6.08085,-5.15242,0.0708045,5063.21,0
4.66612,23.7829,-6.12468,-5.07534,0.158707,5096.92,0
4.67265,23.9748,-6.21666,-4.93717,0.239047,5130.88,0
4.67917,24.0583,-6.12614,-4.77046,0.263503,5141.58,0
4.68568,24.0635,-6.0516,-4.63307,0.246772,5135.53,0
4.69222,24.1705,-6.09506,-4.47693,0.284802,5151.18,0
4.69869,24.0169,-6.24493,-4.39004,0.192579,5111.4,0
4.7052,23.931,-6.58971,-4.51322,0.137555,5086.08,0
4.71173,24.0694,-6.62618,-4.50523,0.199547,5108.39,0
4.71826,24.2442,-6.34539,-4.637,0.270184,5138.37,0
4.72478,24.2483,-6.19835,-4.59562,0.254306,5132.16,0
4.73126,24.2765,-6.37009,-4.70069,0.247969,5131.09,0
4.73774,24.0909,-6.39379,-4.62688,0.145555,5084.9,0
4.74424,24.0949,-6.3935,-4.67623,0.140393,5078.78,0
4.75075,24.1462,-6.4481,-4.4539,0.157789,5082.61,0
4.75722,24.0433,-6.52419,-4.58954,0.0994818,5054.06,0
4.7637,24.0158,-6.42267,-4.64502,0.0822498,5041.42,0
4.77024,24.0085,-6.47138,-4.44868,0.0747628,5032.97,0
4.77675,24.0884,-6.31369,-4.2432,0.109993,5042.85,0
4.78328,23.9846,-6.44023,-4.24791,0.0545252,5014.26,0
4.78978,23.9005,-6.4735,-4.11816,0.0119335,4989.89,0
4.79627,23.9823,-6.46199,-4.07162,0.0522857,5000.19,0
4.80276,24.0647,-6.45558,-3.91628,0.0909101,5010.6,0
4.80925,24.0067,-6.60983,-3.77831,0.0576638,4991.79,0
4.81575,23.909,-6.52276,-3.62966,0.00824593,4964.76,0
4.82226,23.9184,-6.39798,-3.63394,0.0127251,4959.98,0
4.82875,23.9633,-6.42731,-3.56024,0.0344566,4962.64,0
4.83525,23.9609,-6.52114,-3.59721,0.0324361,4955.46,0
4.84174,23.9235,-6.4321,-3.57329,0.0134821,4941.1,0
4.84825,24.0845,-6.38772,-3.52299,0.0926791,4967.67,0
4.85476,24.2157,-6.23068,-3.35483,0.153115,4988.02,0
4.86124,24.2766,-6.2478,-3.26685,0.172898,4993.91,0
4.86778,24.5704,-6.30357,-3.39377,0.304472,5047.57,0
4.87426,24.7937,-6.50028,-3.6863,0.387646,5086.67,0
4.8808,24.7216,-6.71399,-3.57595,0.323874,5065.08,0
4.88731,25.0603,-7.00122,-3.61012,0.467808,5127.62,0
4.89381,25.0925,-6.94178,-3.73582,0.448995,5127.41,0
4.90035,24.8591,-6.9685,-3.97893,0.30205,5072.92,0
4.90686,24.6415,-6.76054,-4.20671,0.178272,5021.84,0
4.91337,24.5697,-6.59395,-4.23522,0.134858,5000.58,0
4.91984,24.7332,-6.67713,-3.95912,0.208505,5027.24,0
4.92633,24.9308,-6.83435,-3.80574,0.29133,5060.72,0
4.93287,25.0351,-7.0339,-3.83127,0.316839,5075.16,0
4.93939,25.2026,-7.09363,-4.04634,0.373939,5102.38,0
4.94593,25.1716,-7.11931,-3.72612,0.330277,5089.35,0
4.95241,25.1402,-7.24444,-3.90265,0.289115,5076.35,0
4.95892,25.1124,-7.50726,-3.84555,0.255783,5064.09,0
4.96548,25.2256,-7.15689,-4.11253,0.292552,5080.19,0
4.97196,25.5805,-7.37781,-4.24031,0.444405,5144.94,0
4.97848,25.5754,-7.66775,-4.31027,0.402304,5137.19,0
4.98496,25.3625,-7.56306,-4.38627,0.272955,5087.81,0
4.99153,25.4294,-7.22489,-3.90319,0.28538,5094.51,0
4.99799,25.2636,-7.11043,-3.95956,0.186542,5054.75,0
5.00446,25.3227,-7.04476,-4.31716,0.205208,5060.03,0
5.01096,25.2675,-7.11594,-4.11631,0.166253,5042.44,0
5.01748,25.4117,-7.14576,-4.05173,0.226016,5064.62,0
5.02397,25.5622,-7.13789,-4.1555,0.282871,5088.05,0
5.03052,25.5961,-7.03829,-4.10083,0.282473,5088.17,0
5.03705,25.599,-7.058,-3.80905,0.260134,5082.15,0
5.0435,25.5793,-7.18068,-3.83077,0.235832,5071.74,0
5.05001,25.6222,-7.21674,-3.85146,0.241431,5073.68,0
5.05652,25.3837,-7.13395,-3.62164,0.114765,5019.99,0
5.06304,25.31,-6.96271,-3.58157,0.0744905,4998.98,0
5.06957,25.2771,-7.0686,-3.51732,0.0558401,4986.06,0
5.07613,25.3579,-7.22346,-3.52426,0.0930529,4995.53,0
5.08261,25.2584,-7.24296,-3.56042,0.041047,4969.57,0
5.08912,25.3386,-7.38169,-3.5167,0.079845,4978.97,0
5.0956,25.4877,-7.53681,-3.65773,0.146231,5001.9,0
5.10215,25.4082,-7.5203,-3.57779,0.102618,4979.91,0
5.10859,25.5885,-7.35817,-3.69686,0.183545,5008.92,0
5.1151,25.4074,-7.43254,-3.66425,0.0861024,4967.13,0
5.12158,25.455,-7.12944,-3.71676,0.106682,4970.14,0
5.1281,25.3217,-7.23205,-3.6764,0.0373657,4937.83,0
5.13464,25.3205,-7.28758,-3.59574,0.0360064,4931.32,0
5.14113,25.626,-7.41777,-3.46302,0.183695,4984.52,0
5.14769,25.7295,-7.50447,-3.28261,0.221025,4998.27,0
5.15424,25.6638,-7.61396,-3.32739,0.179487,4979.16,0
5.16075,25.7202,-7.81865,-2.99582,0.19662,4983.82,0
5.16727,25.6806,-7.88902,-2.8666,0.167571,4969.85,0
5.17382,25.5097,-7.94127,-2.73194,0.0765602,4930.54,0
5.18037,25.6225,-7.90064,-2.73552,0.129863,4946.07,0
5.18689,25.5155,-7.97665,-2.51771,0.0704931,4919.22,0
5.19337,25.6014,-7.8928,-2.33634,0.109893,4929.62,0
5.19987,25.4627,-7.76305,-2.37618,0.0387456,4896.79,0
5.2064,25.4505,-7.83007,-2.42536,0.031989,4888.31,0
5.21291,25.5171,-7.79992,-2.45171,0.0644024,4894.99,0
5.21942,25.6063,-7.95761,-2.30267,0.106433,4905.96,0
5.2259,25.4462,-8.07438,-2.20848,0.0246103,4869.25,0
5.23237,25.5644,-7.93794,-2.31706,0.0825336,4885.82,0
5.23888,25.7899,-7.79117,-2.28913,0.189596,4922.78,0
5.24539,25.6614,-7.92699,-2.4149,0.116559,4892.17,0
5.25188,25.628,-7.77098,-2.47742,0.0948463,4879.79,0
5.25839,25.5548,-7.86711,-2.52473,0.0567151,4859.82,0
5.26495,25.5643,-7.94426,-2.44867,0.0599332,4855.57,0
5.27147,25.6772,-7.89986,-2.51436,0.111119,4870.99,0
5.27796,25.6779,-7.92084,-2.47627,0.107428,4865.12,0
5.28446,25.6029,-8.04608,-2.39275,0.0664621,4844.93,0
5.29101,25.7167,-8.0327,-2.43788,0.120174,4860.45,0
5.29755,25.7135,-8.00432,-2.40556,0.111336,4853.86,0
5.30407,25.6882,-7.83033,-2.65377,0.0936829,4843.11,0
5.31057,25.8673,-7.60703,-2.77569,0.175364,4870.9,0
5.3171,25.8094,-7.59408,-2.65677,0.136867,4854.03,0
5.32367,25.7797,-7.40615,-2.50576,0.115492,4842.47,0
5.33016,25.7736,-7.48797,-2.5541,0.105086,4835.42,0
5.3367,25.9046,-7.49347,-2.61621,0.163657,4854.05,0
5.34322,25.9456,-7.36119,-2.68086,0.173729,4855.8,0
5.34975,25.8344,-7.30707,-2.82939,0.112823,4829.08,0
5.35626,25.7975,-7.25801,-2.93896,0.0900765,4816.32,0
5.36276,25.6729,-7.14115,-2.68815,0.026231,4787.26,0
5.36925,25.6795,-7.06743,-2.64441,0.0288714,4782.7,0
5.37574,25.6484,-7.06115,-2.65375,0.013078,4771.14,0
5.38225,25.7433,-6.77658,-2.3479,0.0595265,4783,0
5.38874,25.707,-6.6878,-2.31068,0.0400364,4770.49,0
5.39524,25.6908,-6.56263,-2.33969,0.0311731,4761.75,0
5.40176,25.7451,-6.43214,-2.25794,0.0571038,4766.06,0
5.40825,25.7542,-6.47683,-2.25916,0.0592846,4762.03,0
5.41474,25.7519,-6.53587,-2.22662,0.0557332,4755.89,0
5.42124,25.7535,-6.56891,-2.14281,0.0556581,4750.48,0
5.42777,25.6814,-6.55646,-2.03605,0.0188625,4731.47,0
5.43429,25.6875,-6.47235,-2.0251,0.0212965,4726.92,0
5.4408,25.7064,-6.36584,-1.90314,0.030086,4724.76,0
5.4473,25.6756,-6.45457,-1.83446,0.014101,4713.46,0
5.45383,25.6972,-6.43283,-1.68672,0.024069,4711.78,0
5.46035,25.8103,-6.44374,-1.6464,0.0795638,4726.86,0
5.46684,25.8758,-6.63072,-1.55945,0.10868,4733.22,0
5.47333,25.9318,-6.39207,-1.6641,0.130754,4737.84,0
5.47983,26.0454,-6.21695,-1.57601,0.181127,4752.95,0
5.48634,26.1023,-6.4518,-1.76107,0.200418,4757.68,0
5.4928,26.2054,-6.64066,-1.91727,0.238094,4770.86,0
5.49929,26.2462,-6.49322,-1.79372,0.242627,4772.65,0
5.50583,26.2501,-6.38592,-1.61705,0.226995,4767.69,0
5.51235,26.0033,-6.43414,-1.87662,0.0966182,4717.28,0
5.51883,26.0713,-6.20674,-1.97745,0.125037,4724.07,0
5.5254,25.9788,-6.27967,-2.05864,0.0753453,4701.71,0
5.53189,26.0611,-6.45407,-2.07302,0.112447,4711.07,0
5.5384,26.209,-6.36645,-1.99223,0.178682,4732.24,0
5.54488,26.3526,-6.4864,-2.06782,0.236726,4752.6,0
5.55139,26.4738,-6.20799,-2.29852,0.275687,4768.86,0
5.55789,26.3599,-6.04219,-2.72172,0.204458,4742.8,0
5.56443,26.2953,-6.10569,-2.70244,0.161221,4725.61,0
5.57091,26.4935,-5.70055,-2.50586,0.247887,4755.69,0
5.5774,26.6092,-5.76197,-2.43696,0.289855,4770.9,0
5.58394,26.7617,-5.35108,-2.51421,0.341685,4792.63,0
5.59043,26.7002,-5.61098,-2.45657,0.284745,4776.06,0
5.59694,26.6896,-5.63046,-2.73614,0.263378,4768.62,0
5.60344,26.6217,-5.50326,-2.7781,0.213317,4750.95,0
5.60993,26.6337,-5.37272,-2.79564,0.20898,4747.59,0
5.61638,26.6911,-5.43926,-2.94998,0.223705,4752.37,0
5.62286,26.7012,-5.20811,-3.12361,0.215521,4748.68,0
5.62938,26.9377,-5.16453,-2.90661,0.317635,4785.2,0
5.6359,27.0232,-5.43892,-2.71603,0.337038,4794.84,0
5.64241,26.9379,-5.48413,-2.54878,0.274751,4774.19,0
5.64899,27.0566,-5.2824,-2.68631,0.311404,4789.62,0
5.65546,27.3928,-5.16516,-2.73122,0.450014,4843.59,0
5.66195,27.6264,-5.42759,-2.80761,0.51834,4879.31,0
5.66848,27.7671,-5.56982,-2.83604,0.539262,4898.51,0
5.67493,27.9505,-5.56412,-3.16185,0.57778,4925.26,0
5.68143,28.0334,-5.59482,-3.13762,0.555113,4934.21,0
5.68792,27.982,-5.62153,-2.90418,0.478664,4919.55,0
5.69445,28.0451,-5.49995,-2.9271,0.468715,4924.98,0
5.70096,28.198,-5.66595,-3.08239,0.499156,4946.18,0
5.70743,28.2515,-5.68623,-3.08465,0.480742,4949.95,0
5.71394,28.2949,-5.76007,-3.01453,0.462004,4951.91,0
5.72045,28.5826,-5.68858,-2.66777,0.555223,4996.57,0
5.72702,28.6287,-5.48624,-2.47717,0.527416,4998.89,0
5.73356,28.6942,-5.50424,-2.69008,0.510229,5004.61,0
5.74003,28.6907,-5.40955,-2.97721,0.46298,4998.35,0
5.74654,28.64,-5.46428,-3.24484,0.403952,4983.87,0
5.75305,28.8375,-5.44295,-3.10011,0.46068,5012.55,0
5.75957,29.04,-5.69508,-3.19604,0.513102,5042.05,0
5.76607,28.9671,-5.189,-3.38691,0.434126,5023.71,0
5.77257,29.0519,-4.95283,-3.36861,0.443914,5032.75,0
5.77909,28.701,-5.16828,-3.25478,0.241373,4966.36,0
5.78558,28.6628,-5.24886,-3.48575,0.208903,4954.17,0
5.79213,28.8028,-5.14584,-3.80397,0.259957,4972.74,0
5.79863,28.8644,-5.19739,-3.86305,0.272508,4977.79,0
5.80514,28.9694,-5.55987,-3.87021,0.304286,4990.31,0
5.81164,29.0005,-5.48581,-4.0187,0.295821,4990.08,0
5.81811,28.9321,-5.27607,-3.87621,0.242379,4972.76,0
5.82461,28.878,-5.39052,-3.7677,0.203191,4957.93,0
5.83112,29.0137,-5.33134,-4.10908,0.253903,4975.66,0
5.83764,28.9979,-5.52594,-4.26657,0.23101,4967.39,0
5.84418,29.018,-5.3421,-4.27942,0.227348,4965.29,0
5.85063,29.1988,-5.45847,-4.37726,0.299011,4990.71,0
5.8571,29.305,-5.69487,-4.43194,0.322441,5003.32,0
5.86362,29.3958,-5.8803,-4.18407,0.338986,5013.26,0
5.87016,29.1514,-5.61584,-4.29072,0.200306,4966.02,0
5.87669,28.9883,-5.66728,-4.2825,0.108498,4932.77,0
5.88322,29.0052,-5.59863,-4.29913,0.109346,4930.15,0
5.88973,28.9587,-5.58315,-4.24066,0.0800051,4916.81,0
5.89621,29.0775,-5.44474,-4.232,0.135193,4931.56,0
5.90276,29.0982,-5.50225,-4.21184,0.138193,4929.59,0
5.90926,29.0437,-5.48555,-4.22532,0.104645,4914.95,0
5.91579,29.0618,-5.35542,-4.04438,0.110896,4912.59,0
5.92228,29.1808,-5.24107,-4.1119,0.161435,4927.29,0
5.92874,29.376,-5.33045,-3.94271,0.248504,4954.84,0
5.93524,29.3048,-5.32726,-3.98785,0.201602,4937.43,0
5.94176,29.531,-4.97776,-4.02212,0.299248,4970.08,0
5.94825,29.9142,-4.93979,-3.97146,0.457719,5029.07,0
5.95474,29.6788,-4.9487,-4.12442,0.309713,4984.06,0
5.96123,29.7957,-4.9529,-4.2116,0.342225,4998.24,0
5.96772,29.9082,-4.87854,-4.39067,0.373981,5011.67,0
5.97423,29.8221,-4.78589,-4.59195,0.305179,4991.8,0
5.98073,29.8424,-5.11547,-4.59721,0.293607,4989.75,0
5.98721,30.0271,-5.00989,-4.50516,0.358627,5015.2,0
5.99372,30.0248,-5.04981,-4.65375,0.330809,5009.37,0
6.00025,30.0245,-4.84984,-4.19104,0.305008,5003.87,0
6.00677,30.042,-4.81675,-4.14103,0.293679,5001.36,0
6.01331,30.1577,-4.70795,-4.13925,0.331113,5015.16,0
6.01984,30.3627,-4.83734,-4.35999,0.406638,5043.78,0
6.02637,30.2991,-4.84504,-4.60471,0.34567,5027.75,0
6.03289,30.2169,-4.88467,-4.73383,0.277353,5008.7,0
6.03937,30.1818,-5.06329,-4.4908,0.241279,4997.5,0
6.04587,30.0948,-5.40996,-4.41489,0.188648,4977.75,0
6.05244,30.2193,-5.34275,-4.39277,0.239551,4992.91,0
6.059,30.4133,-5.23035,-4.27907,0.320625,5019.53,0
6.06545,30.3808,-4.99198,-4.26699,0.282004,5008.83,0
6.07193,30.3185,-4.73609,-4.47866,0.234333,4993.21,0
6.07849,30.3546,-4.69107,-4.57596,0.233274,4993.77,0
6.08501,30.1365,-4.72326,-4.43085,0.114496,4952.58,0
6.09154,30.3432,-4.94638,-4.4901,0.208546,4981.2,0
6.09804,30.2736,-4.96111,-4.69152,0.165689,4964.48,0
6.10456,30.39,-5.02113,-4.49857,0.210343,4978.24,0
6.1111,30.3454,-4.89301,-4.58095,0.175707,4965.62,0
6.1176,30.2763,-4.81788,-4.57161,0.132194,4949.04,0
6.12412,30.3263,-4.89759,-4.48661,0.150301,4951.94,0
6.13062,30.3134,-4.97469,-4.42809,0.136021,4944.59,0
6.13713,30.1936,-5.21165,-4.552,0.0718251,4919.82,0
6.14362,30.4882,-5.16842,-4.51679,0.21236,4962.59,0
6.15013,30.3717,-5.11183,-4.34623,0.142925,4938.38,0
6.15666,30.2729,-4.91431,-4.49317,0.0866832,4917.1,0
6.16325,30.5273,-4.63172,-4.57255,0.206675,4953.12,0
6.1698,30.5511,-4.68806,-4.53084,0.206604,4951.71,0
6.17633,30.7583,-4.3263,-4.79114,0.295632,4980.03,0
6.18283,30.7247,-4.24944,-4.56972,0.257515,4969.36,0
6.18932,30.6234,-4.25917,-4.52976,0.188659,4947.78,0
6.1958,30.6351,-4.52644,-4.43519,0.185504,4944.49,0
6.2023,30.3779,-4.4848,-4.39014,0.0511525,4897.83,0
6.20883,30.3187,-4.50842,-4.42317,0.0208458,4883.17,0
6.21534,30.284,-4.44145,-4.41379,0.00300289,4872.46,0
6.22191,30.3096,-4.35982,-4.4098,0.0155959,4871.43,0
6.22839,30.3219,-4.40391,-4.33129,0.021482,4868.35,0
6.23491,30.3447,-4.27321,-4.28551,0.0319438,4866.91,0
6.24144,30.3645,-4.35167,-4.20592,0.0411255,4864.98,0
6.24791,30.3047,-4.43199,-4.07848,0.0102512,4850.38,0
6.25443,30.33,-4.37903,-3.96601,0.0221908,4849.36,0
6.26093,30.3127,-4.31578,-3.94622,0.0132106,4841.57,0
6.26744,30.509,-4.17325,-4.21521,0.108223,4867.85,0
6.27397,30.7302,-3.87302,-4.19897,0.210094,4898.05,0
6.28048,30.9287,-4.00674,-4.39558,0.295159,4924.58,0
6.28694,30.6855,-4.04597,-4.40419,0.160307,4880.83,0
6.29347,30.6946,-4.32158,-4.33882,0.154746,4877.22,0
6.29997,30.8503,-4.37772,-4.24606,0.222442,4896.89,0
6.30649,31.1303,-4.27362,-4.15341,0.341095,4936.23,0
6.31299,30.9584,-4.46442,-4.29924,0.236103,4903.93,0
6.31949,30.8114,-4.7961,-4.39503,0.151291,4875.61,0
6.32596,30.7601,-4.6849,-4.42845,0.120784,4862.51,0
6.33249,30.7453,-4.80083,-4.35067,0.108053,4855.18,0
6.33897,30.6037,-4.54678,-4.28133,0.0346136,4827.86,0
6.34555,30.6145,-4.49655,-4.18033,0.0388573,4824.56,0
6.35203,30.7489,-4.61293,-4.34654,0.101548,4840.8,0
6.35858,30.9897,-4.66603,-4.08926,0.213894,4873.69,0
6.36509,30.9308,-4.41887,-4.07555,0.17085,4859.45,0
6.37159,30.8593,-4.26129,-4.33585,0.12634,4843.26,0
6.37808,30.8795,-4.29601,-4.26095,0.130083,4841.5,0
6.38461,30.7763,-4.34246,-4.37931,0.0709931,4820.39,0
6.39114,30.7494,-4.51036,-4.22392,0.05636,4811.26,0
6.39767,30.9354,-4.6234,-4.25096,0.145383,4835.42,0
6.40417,30.8599,-4.47015,-4.27428,0.103211,4818.72,0
6.41069,30.9305,-4.47132,-4.28203,0.133325,4824.83,0
6.41719,30.8146,-4.47489,-4.34605,0.0698588,4801.89,0
6.42369,30.8154,-4.44293,-4.28521,0.0660702,4797.15,0
6.43019,30.7986,-4.42222,-4.24865,0.0567609,4789.69,0
6.43672,30.8219,-4.44173,-4.31006,0.0660564,4788.44,0
6.44323,31.0531,-4.3946,-4.41572,0.176821,4819.49,0
6.44974,31.0674,-4.32364,-4.29883,0.172935,4816.84,0
6.45621,30.9652,-4.51442,-4.45961,0.113115,4796.19,0
6.46278,30.8996,-4.72654,-4.59919,0.0770831,4781.17,0
6.46927,31.0337,-4.75525,-4.58209,0.138832,4797.1,0
6.47575,31.0779,-4.77225,-4.40638,0.152713,4799.12,0
6.48222,30.9994,-5.05271,-4.42235,0.10684,4782.22,0
6.4887,31.1019,-4.99935,-4.43653,0.150105,4793.24,0
6.49526,31.0443,-5.09506,-4.61811,0.115592,4779.53,0
6.50181,31.1606,-4.9777,-4.52213,0.167781,4792.61,0
6.50831,31.6383,-5.14075,-4.76086,0.382947,4861.21,0
6.51484,31.7204,-5.41994,-4.72175,0.391936,4868.95,0
6.52137,31.8596,-5.70974,-4.74513,0.424738,4885.41,0
6.5279,31.7765,-5.62031,-4.74797,0.352721,4867.79,0
6.53443,31.7902,-5.4341,-4.84531,0.332019,4865.03,0
6.54089,31.8981,-5.25056,-4.82258,0.359415,4876.72,0
6.54739,31.8453,-5.16501,-4.7607,0.309102,4863.81,0
6.55388,31.6988,-5.13696,-4.87771,0.219888,4836.65,0
6.56038,31.8583,-5.12582,-4.72611,0.286427,4856.16,0
6.5669,31.8312,-5.12245,-4.40661,0.255529,4847.22,0
6.57335,31.9588,-5.27964,-4.41694,0.30112,4861.88,0
6.5799,31.8359,-5.22364,-4.2432,0.225206,4838.36,0
6.58637,32.3093,-5.0433,-4.32952,0.435974,4905.48,0
6.59286,32.3772,-5.06625,-4.15564,0.436005,4910.95,0
6.59939,32.7666,-4.90607,-4.63658,0.583969,4965.09,0
6.60589,32.9737,-4.77189,-4.55566,0.624386,4991.56,0
6.61237,32.8272,-5.03232,-4.60727,0.501242,4964.51,0
6.61888,32.6792,-4.7151,-4.77796,0.397751,4937.26,0
6.62539,32.6049,-4.6248,-4.74519,0.331652,4921.2,0
6.6319,32.7544,-4.56935,-5.17294,0.37897,4938.91,0
6.63839,32.7782,-4.5375,-5.11264,0.36071,4937.68,0
6.64488,32.7348,-4.41102,-5.07119,0.318943,4926.32,0
6.65136,32.7145,-4.33271,-4.97461,0.28789,4918.47,0
6.65792,32.6971,-4.33499,-4.83977,0.259692,4911,0
6.66442,32.8414,-4.31072,-4.90143,0.311258,4927.87,0
6.67094,32.9851,-4.40297,-4.83616,0.357461,4944.6,0
6.67745,33.1594,-4.51653,-4.88431,0.412849,4965.88,0
6.68394,33.3595,-4.48581,-5.03735,0.478614,4990.99,0
6.69047,33.1457,-4.94562,-5.19422,0.338079,4954.16,0
6.69697,33.0048,-5.09995,-5.24434,0.246535,4928.31,0
6.70348,33.1377,-4.86955,-5.35972,0.297688,4943.36,0
6.70999,33.4243,-4.96471,-5.69223,0.412621,4981.27,0
6.71648,33.5337,-4.89525,-5.66904,0.429364,4992.76,0
6.72299,33.4705,-4.85611,-5.62456,0.365434,4978.51,0
6.72951,33.4784,-4.99703,-5.63805,0.340547,4974.87,0
6.73603,33.6111,-5.07556,-5.59015,0.379666,4989.75,0
6.74255,33.4271,-5.11087,-5.81863,0.264975,4957.63,0
6.74907,33.5826,-5.2696,-5.89487,0.321524,4975.9,0
6.75553,33.8801,-5.41747,-5.9461,0.442053,5015.16,0
6.76204,33.8112,-5.39064,-6.00794,0.372811,5000.14,0
6.76852,33.8133,-5.04644,-5.60082,0.349017,4995.67,0
6.77501,33.8769,-5.06093,-5.5545,0.351982,5000.28,0
6.78149,34.1621,-4.87106,-5.5616,0.457506,5037.56,0
6.78796,34.2063,-4.78506,-5.36723,0.438853,5039.27,0
6.79445,34.3667,-5.07683,-5.14029,0.47385,5058.06,0
6.80095,34.3114,-4.74967,-5.45781,0.412111,5045.09,0
6.80744,34.0936,-4.66506,-5.65956,0.277922,5008.28,0
6.81393,34.1921,-4.81726,-5.45926,0.308966,5017.97,0
6.82042,34.3785,-4.57093,-5.72111,0.374166,5040.52,0
6.82696,34.3703,-4.6828,-5.69533,0.341894,5034.49,0
6.83346,34.0778,-4.4565,-5.75698,0.175263,4986.9,0
6.83994,33.9217,-4.49704,-5.64521,0.0919075,4959.35,0
6.84644,33.9373,-4.42487,-5.69609,0.097019,4956.92,0
6.8529,33.8972,-4.40198,-5.76653,0.0748111,4946.4,0
6.85942,33.8269,-4.60148,-5.70859,0.0382321,4931.46,0
6.86591,33.8608,-4.42164,-5.74745,0.0537982,4931.72,0
6.87245,33.9855,-4.44971,-5.89351,0.112936,4945.19,0
6.8789,33.9521,-4.4972,-5.86703,0.089359,4935.69,0
6.88545,33.9646,-4.27966,-5.94107,0.0928416,4932.82,0
6.89196,34.0758,-3.95196,-5.92743,0.143002,4944.28,0
6.89841,34.2816,-3.98226,-6.09399,0.231377,4969.5,0
6.90496,34.401,-3.98528,-6.02552,0.276412,4982.08,0
6.91149,34.218,-3.98769,-6.18776,0.173462,4950.89,0
6.91797,34.2068,-3.91708,-6.27761,0.160328,4944.63,0
6.92447,34.1385,-3.74415,-6.41623,0.118416,4930.12,0
6.93098,34.1048,-3.76177,-6.36784,0.094022,4920.63,0
6.93743,33.9456,-3.76913,-6.38756,0.0129316,4893.11,0
6.94393,34.0102,-3.92384,-6.29578,0.0435734,4897.83,0
6.95046,34.0496,-3.83957,-6.03558,0.0609352,4898.91,0
6.95693,34.0803,-3.99261,-5.97294,0.0739997,4898.75,0
6.96345,34.0199,-4.02799,-6.08786,0.0421044,4885.49,0
6.96997,34.2758,-4.13325,-6.11176,0.165785,4917.64,0
6.97649,34.303,-4.16452,-6.16984,0.171405,4916.94,0
6.98298,34.2439,-4.20836,-6.16503,0.136604,4903.91,0
6.98952,34.3945,-4.074,-6.32591,0.204551,4920.87,0
6.99603,34.5765,-3.88989,-6.35937,0.279114,4942.3,0
7.0025,34.8074,-4.10132,-6.56879,0.372175,4970.7,0
7.00905,34.8392,-4.23746,-6.85362,0.365613,4970.61,0
7.01552,34.8208,-4.0274,-6.71777,0.326837,4963.4,0
7.02204,34.6273,-3.90379,-6.66162,0.211443,4931.23,0
7.02858,34.8421,-3.80318,-6.67928,0.304256,4957.2,0
7.03515,34.7117,-4.01614,-6.56915,0.223943,4934.04,0
7.04165,34.7411,-4.10469,-6.59867,0.223484,4933.66,0
7.04813,34.5824,-4.06769,-6.75503,0.135975,4906.6,0
7.05466,34.6639,-4.09218,-6.78961,0.168329,4913.62,0
7.0612,34.5564,-3.88364,-6.84674,0.108276,4893.83,0
7.06772,34.5637,-3.83499,-6.66631,0.108039,4890.36,0
7.07429,34.4935,-3.72968,-6.65203,0.066678,4875.9,0
7.08081,34.7846,-3.78732,-6.52756,0.20596,4912.51,0
7.08731,34.8556,-3.64746,-6.59531,0.227937,4918.03,0
7.09378,34.7235,-3.53026,-6.66435,0.148352,4894.92,0
7.1003,34.6089,-3.64378,-6.79809,0.0859119,4874.29,0
7.10686,34.8024,-3.64806,-6.90062,0.176063,4897.01,0
7.11341,34.8713,-3.67685,-6.87215,0.201234,4902.19,0
7.11993,34.7818,-3.62259,-6.82155,0.147744,4885.13,0
7.12647,34.7608,-3.46774,-6.86343,0.128783,4877.7,0
7.13299,34.7627,-3.59895,-6.70865,0.122903,4873.51,0
7.13952,34.793,-3.54388,-6.4887,0.132538,4873.3,0
7.14602,34.8524,-3.47893,-6.43548,0.15558,4877.17,0
7.15252,34.783,-3.64722,-6.50528,0.113774,4863.04,0
7.15903,34.9075,-3.70805,-6.61959,0.169249,4876.01,0
7.16553,34.8496,-3.52174,-6.52259,0.132812,4863.5,0
7.17202,34.8178,-3.46682,-6.39137,0.112733,4854.67,0
7.17854,34.7847,-3.33618,-6.51662,0.0915599,4845.65,0
7.18506,34.7142,-3.28453,-6.41151,0.0537414,4831.45,0
7.19156,34.7011,-3.22952,-6.29233,0.045911,4825.25,0
7.19809,34.6869,-3.11743,-6.37391,0.037937,4818.91,0
7.2046,34.8188,-3.2631,-6.37283,0.0995959,4832.86,0
7.2111,34.7479,-3.31725,-6.33068,0.063077,4818.66,0
7.21761,34.7205,-3.4533,-6.3115,0.0477084,4810.53,0
7.22409,34.8977,-3.70163,-6.23458,0.132862,4830.73,0
7.23064,34.9785,-3.75718,-6.19125,0.166171,4837.54,0
7.23714,35.1361,-3.30061,-6.05618,0.233869,4854.97,0
7.24364,35.14,-3.17521,-5.80979,0.224283,4851.16,0
7.25013,35.4782,-3.27967,-5.9895,0.373778,4893.46,0
7.25663,35.4094,-3.37951,-5.97894,0.31544,4879.6,0
7.26316,35.4557,-3.36136,-6.22735,0.312667,4881.59,0
7.26964,35.3047,-3.18341,-6.28212,0.21779,4856.46,0
7.27611,35.181,-3.36338,-6.52745,0.147342,4835.14,0
7.28262,35.4857,-3.4503,-6.62019,0.290078,4872.66,0
7.28913,35.3191,-3.34101,-6.65267,0.193532,4845.45,0
7.29564,35.2903,-3.22228,-6.61811,0.170611,4837.17,0
7.30213,35.5031,-3.29483,-6.69383,0.267521,4862.02,0
7.30864,35.5177,-3.28503,-6.63449,0.256779,4859.68,0
7.31515,35.4894,-3.25248,-6.68603,0.227102,4851.5,0
7.32165,35.7983,-3.32519,-6.57976,0.363901,4889.37,0
7.32817,35.6839,-3.49189,-6.48878,0.286118,4869.42,0
7.33472,35.7679,-3.1419,-6.52537,0.303661,4876.52,0
7.34123,35.5158,-2.83039,-6.53932,0.162762,4837.85,0
7.34776,35.5783,-2.76105,-6.57554,0.184848,4842.06,0
7.35428,35.5087,-2.61286,-6.521,0.141987,4828.31,0
7.36077,35.62,-2.47243,-6.50141,0.188618,4839.17,0
7.36728,35.7476,-2.47836,-6.55139,0.239622,4852.21,0
7.37381,35.9247,-2.43319,-6.51761,0.311096,4871.93,0
7.38035,35.9048,-2.55269,-6.65644,0.277538,4864.92,0
7.38687,35.5914,-2.74091,-6.81292,0.111992,4818.2,0
7.39339,35.5824,-2.86387,-6.70465,0.10111,4812.73,0
7.3999,35.7545,-2.90931,-6.71383,0.179299,4831.75,0
7.40646,35.8602,-2.94429,-6.74924,0.21932,4841.75,0
7.413,35.8893,-2.8136,-6.85729,0.21981,4841.4,0
7.4195,36.1118,-2.86898,-6.74186,0.315223,4867.14,0
7.42598,36.0049,-2.90958,-6.46991,0.243499,4848.51,0
7.43247,36.0642,-3.12026,-6.55325,0.256468,4852.25,0
7.43902,35.8633,-3.29332,-6.59166,0.143291,4820.97,0
7.44549,35.9584,-3.32215,-6.70589,0.181774,4829.55,0
7.452,35.7721,-3.26725,-6.72115,0.0831551,4800.33,0
7.45857,35.77,-3.30884,-6.80084,0.0800597,4795.82,0
7.46507,35.7134,-3.16618,-6.95092,0.0497647,4784.07,0
7.47156,35.7499,-3.21187,-7.06883,0.0666397,4784.79,0
7.47809,35.7002,-3.21669,-6.90653,0.0390075,4773.97,0
7.48457,35.6636,-3.12979,-6.85586,0.0199308,4764.95,0
7.49113,35.735,-3.23168,-6.86963,0.0536384,4770.3,0
7.49761,35.8605,-3.37652,-6.6662,0.111936,4782.92,0
7.50408,35.8029,-3.2876,-6.77741,0.0794852,4771.13,0
7.5106,35.7489,-3.5717,-6.73226,0.0505891,4759.8,0
7.51709,35.7034,-3.71094,-6.7115,0.0268663,4749.63,0
7.52359,35.9485,-3.64328,-6.78761,0.145731,4778.11,0
7.5301,36.3392,-3.66445,-6.76302,0.326452,4825.85,0
7.53662,36.2039,-3.47717,-6.69376,0.234256,4803.73,0
7.54313,36.2826,-3.48246,-6.51367,0.257234,4810.02,0
7.54962,36.4307,-3.52094,-6.35785,0.310252,4825.5,0
7.55616,36.3226,-3.48275,-6.48386,0.239003,4807.02,0
7.56268,36.1037,-3.36987,-6.40244,0.119315,4773.93,0
7.56917,36.0129,-3.56138,-6.23992,0.0716764,4757.85,0
7.57571,36.1975,-3.43085,-6.24997,0.158397,4778.1,0
7.58223,35.9794,-3.49822,-6.44196,0.0455168,4745.23,0
7.58876,36.1318,-3.36657,-6.45323,0.118969,4761.22,0
7.59523,36.0529,-3.39446,-6.4539,0.0755731,4746.78,0
7.60173,36.0419,-3.39467,-6.67603,0.0673315,4741.27,0
7.60825,36.1655,-3.58657,-6.70195,0.125041,4753.46,0
7.61472,36.2539,-3.48062,-6.90711,0.162406,4761.04,0
7.62125,36.5233,-3.79,-7.0287,0.284816,4792.3,0
7.62775,36.1877,-4.02327,-7.05728,0.106733,4744.22,0
7.63423,36.2065,-4.00648,-7.20089,0.109676,4742.66,0
7.64077,36.1921,-4.10157,-7.11164,0.100265,4736.7,0
7.64729,36.3691,-4.0409,-7.32257,0.183366,4755.82,0
7.65378,36.4227,-3.9407,-7.34369,0.198372,4758.78,0
7.66025,36.4925,-3.8832,-7.28059,0.220352,4763.89,0
7.66678,36.4941,-3.91682,-7.32846,0.208372,4760.03,0
7.6733,36.5073,-3.95008,-7.20228,0.203368,4757.7,0
7.67981,36.7566,-3.89423,-6.88145,0.312012,4786.14,0
7.68631,36.7332,-3.93022,-6.62354,0.280242,4779.04,0
7.69283,36.9562,-3.87771,-6.20498,0.368012,4803.98,0
7.69931,36.9006,-3.83647,-6.1809,0.315156,4792.71,0
7.70582,36.851,-3.7115,-5.73171,0.27249,4782.22,0
7.71232,37.0795,-3.59913,-5.76637,0.35974,4807.83,0
7.7188,37.0607,-3.81803,-5.87577,0.324708,4801.36,0
7.72529,37.0167,-3.89509,-6.00671,0.284869,4791.62,0
7.73181,36.8664,-3.80356,-5.87671,0.19398,4768.14,0
7.73831,36.872,-4.01534,-5.95841,0.184111,4764.87,0
7.74488,36.8577,-4.24614,-6.10919,0.168247,4758.98,0
7.75134,36.9098,-4.46825,-6.21896,0.184864,4761.73,0
7.75785,36.8717,-4.76875,-6.07839,0.158361,4752.83,0
7.76439,36.7845,-4.78576,-6.07439,0.108998,4737.6,0
7.77086,36.7878,-4.7925,-6.13185,0.106661,4734.08,0
7.77736,36.8137,-4.67046,-6.19725,0.114997,4733.44,0
7.78387,36.9477,-4.58764,-6.17766,0.174512,4746.7,0
7.79035,37.3291,-4.35768,-6.20682,0.348048,4791.71,0
7.79687,37.3166,-4.42027,-6.21515,0.318547,4786.1,0
7.80335,37.2632,-4.63017,-6.01122,0.271201,4775.28,0
7.80982,37.5934,-4.48875,-5.83616,0.410525,4813.6,0
7.81631,37.5627,-4.5137,-5.88427,0.364932,4805.68,0
7.82281,37.3576,-4.46685,-5.894,0.241067,4775.47,0
7.82933,37.4971,-4.41819,-5.96132,0.294269,4789.32,0
7.83583,37.6356,-4.4908,-6.28243,0.340697,4803.02,0
7.84234,37.8005,-4.70669,-6.22463,0.397219,4820.05,0
7.84884,37.9976,-4.75373,-5.89013,0.454262,4841.18,0
7.85534,37.8957,-4.71807,-5.90445,0.365235,4824.2,0
7.86184,38.0877,-4.75528,-6.01187,0.433668,4844.63,0
7.8684,37.9946,-4.88425,-5.65816,0.361084,4828.76,0
7.87492,37.8417,-4.8517,-5.69847,0.26714,4805.35,0
7.88149,37.9684,-4.92605,-5.65583,0.30964,4817.41,0
7.88799,37.824,-5.22571,-5.46768,0.223318,4795.14,0
7.89454,38.0912,-5.22785,-5.36968,0.33252,4825.01,0
7.90103,37.9286,-5.06619,-5.40309,0.229929,4800.46,0
7.90757,37.7912,-5.04111,-5.33082,0.149258,4779.12,0
7.91406,37.7701,-4.78204,-5.31107,0.132099,4772.53,0
7.92059,37.9135,-4.67856,-5.36206,0.194367,4786.7,0
7.92709,38.0356,-4.93409,-5.59282,0.243689,4798.18,0
7.93361,38.1601,-4.88309,-5.7555,0.287263,4809.93,0
7.94013,37.9971,-5.19626,-5.89828,0.189155,4785.45,0
7.94665,37.9664,-5.20864,-5.86665,0.164608,4777.66,0
7.95317,38.1984,-5.25962,-6.14667,0.265069,4802.91,0
7.95975,38.4059,-5.0621,-6.32118,0.343468,4825.01,0
7.96622,38.5903,-4.72998,-6.3776,0.399039,4844.24,0
7.97276,38.3864,-4.69124,-6.25449,0.267569,4814.69,0
7.97923,38.5595,-4.66757,-6.27912,0.335073,4832.48,0
7.98569,38.5585,-4.35304,-6.20499,0.310307,4828.45,0
7.99218,38.6711,-4.68567,-6.11545,0.347234,4838.62,0
7.99864,38.6242,-4.37107,-6.11228,0.304562,4828.85,0
8.00516,38.6706,-4.26689,-6.29366,0.304345,4830.71,0
8.01171,38.647,-4.35448,-6.24006,0.270282,4823.82,0
8.01822,38.7882,-4.33688,-6.67097,0.318499,4837.51,0
8.02472,39.016,-4.19169,-6.85677,0.401691,4861.98,0
8.03123,38.7653,-4.14126,-6.79283,0.255473,4826.82,0
8.03775,38.7099,-4.45264,-7.11137,0.215834,4816.01,0
8.0443,38.658,-4.31769,-7.03031,0.17536,4805.64,0
8.05082,38.5159,-4.25141,-7.23796,0.0993081,4784.1,0
8.0573,38.4502,-4.21537,-7.35598,0.0635582,4772.1,0
8.06381,38.4412,-4.18317,-7.34792,0.0572288,4767.12,0
8.07036,38.5144,-4.01405,-7.48363,0.0913096,4772.32,0
8.07683,38.5793,-3.93172,-7.25599,0.118382,4776.54,0
8.08334,38.4702,-3.87555,-7.26278,0.0616975,4759.2,0
8.08986,38.484,-3.91655,-7.16151,0.0658631,4757.07,0
8.09637,38.5099,-3.83213,-7.25559,0.0768072,4756.44,0
8.10291,38.4967,-3.76925,-7.27743,0.0672865,4750.97,0
8.10942,38.3835,-3.88809,-7.24262,0.00935895,4733.21,0
8.11588,38.3699,-3.95932,-7.25147,0.00172401,4727.75,0
8.1224,38.4152,-4.03961,-7.25709,0.0241757,4729.53,0
8.12887,38.4255,-3.97721,-7.29752,0.0290164,4727.03,0
8.13539,38.4217,-3.92957,-7.33579,0.0269326,4722.79,0
8.14194,38.7242,-4.11208,-7.40133,0.174183,4756.14,0
8.1485,39.1542,-4.05263,-7.42951,0.370405,4805.08,0
8.15499,39.0029,-3.99756,-7.2816,0.269022,4782.7,0
8.16155,38.8866,-3.93381,-7.2878,0.19551,4764.61,0
8.16804,38.8438,-4.04308,-7.39291,0.163469,4755.58,0
8.17455,38.8171,-4.02747,-7.45979,0.145244,4748.53,0
8.18105,38.6161,-3.75173,-7.54935,0.0387274,4720.19,0
8.18752,38.7918,-3.70472,-7.53385,0.122035,4737.92,0
8.19404,38.7132,-3.71916,-7.59416,0.0783215,4724.55,0
8.20058,38.7809,-3.68425,-7.61957,0.108424,4729.04,0
8.20712,38.9555,-3.94054,-7.59762,0.187534,4746.55,0
8.21365,38.8226,-4.14516,-7.63793,0.113473,4726.6,0
8.22014,38.8044,-4.16496,-7.76463,0.099578,4720.65,0
8.22665,38.8967,-4.19464,-7.82647,0.141668,4728.13,0
8.23312,38.7697,-4.23584,-7.6113,0.0714445,4709,0
8.23961,38.6884,-4.20669,-7.7148,0.0296752,4695.42,0
8.24612,38.6811,-4.18693,-7.79695,0.0257604,4690.82,0
8.25263,38.6674,-4.24677,-7.97466,0.0174035,4685.47,0
8.2591,38.8205,-4.22854,-7.99541,0.0920759,4700.33,0
8.26563,38.8341,-4.21653,-8.26902,0.0965593,4698.27,0
8.27216,38.6934,-4.41191,-8.22515,0.0235574,4677.55,0
8.27869,38.7767,-4.4483,-8.37353,0.0641071,4683.92,0
8.28524,38.8265,-4.37108,-8.44485,0.086287,4686.23,0
8.29174,38.9775,-4.16121,-8.51592,0.157542,4700.76,0
8.29822,39.0288,-4.09708,-8.6206,0.173441,4703.28,0
8.30473,38.9387,-4.04237,-8.41813,0.118477,4688.74,0
8.31121,39.0186,-4.12262,-8.49631,0.149041,4694.69,0
8.31771,39.1102,-4.29182,-8.43042,0.186296,4702.04,0
8.32418,39.1987,-4.30048,-8.33537,0.217587,4709.01,0
8.33069,39.2373,-4.40108,-8.36563,0.225807,4709.97,0
8.3372,39.5192,-4.52062,-8.50445,0.344503,4740.11,0
8.34369,39.589,-4.38007,-8.59174,0.352513,4744.78,0
8.35018,39.4655,-4.09887,-8.67536,0.267108,4726.31,0
8.35667,39.5614,-3.82669,-8.77295,0.297038,4734.11,0
8.36318,39.7766,-3.74922,-8.65843,0.379793,4756.16,0
8.36964,39.7883,-3.7483,-8.7451,0.352121,4753.89,0
8.37614,39.8976,-3.68454,-8.98785,0.381199,4763.25,0
8.38262,39.7762,-3.77832,-9.00855,0.29231,4745.08,0
8.38912,39.8675,-3.88396,-8.96886,0.318446,4752.29,0
8.39564,39.9298,-4.05804,-8.97356,0.320446,4756.02,0
8.40215,39.9645,-4.02204,-8.92215,0.314623,4756.46,0
8.40866,40.0372,-3.88573,-8.89371,0.327721,4761.43,0
8.41513,40.0895,-3.76775,-8.84722,0.327815,4763.98,0
8.42165,39.9767,-3.59039,-8.77116,0.252861,4746.9,0
8.42814,40.0464,-3.61731,-8.71955,0.273639,4751.51,0
8.43464,40.1216,-3.50494,-8.59404,0.291848,4756.76,0
8.44117,40.2615,-3.44035,-8.69942,0.341845,4769.66,0
8.44767,40.3146,-3.20008,-8.79829,0.338252,4772.27,0
8.45419,40.294,-3.18771,-8.87105,0.301846,4766.16,0
8.46069,40.6228,-3.10466,-8.4507,0.439267,4801.36,0
8.46716,40.7076,-2.86574,-8.42633,0.441908,4807.7,0
8.47366,40.5744,-2.97011,-8.38737,0.338632,4788.3,0
8.48019,40.6054,-2.61762,-8.4457,0.333498,4788.26,0
8.48673,40.7456,-2.62252,-8.79479,0.373591,4801.1,0
8.49325,40.7346,-2.78266,-8.8714,0.3453,4796.11,0
8.49975,40.8442,-2.70404,-8.7378,0.373682,4805.34,0
8.50625,40.7221,-2.43443,-8.50214,0.286821,4787.32,0
8.51278,40.7787,-2.46775,-8.15656,0.294443,4790.29,0
8.5193,40.7416,-2.50766,-8.13605,0.259443,4782.28,0
8.52578,40.6828,-2.40318,-8.26924,0.212496,4771.75,0
8.53231,40.658,-2.40189,-8.32671,0.186186,4765.18,0
8.53882,40.6544,-2.29359,-8.2851,0.173753,4761.13,0
8.54532,40.7515,-2.14923,-8.41388,0.211407,4768.87,0
8.55185,41.0536,-2.20555,-8.27524,0.343846,4800.55,0
8.5584,41.2315,-2.14766,-8.20316,0.401322,4817.66,0
8.56488,41.1096,-2.05748,-8.32082,0.313781,4799.79,0
8.57137,41.2561,-2.15815,-8.04462,0.365091,4813.24,0
8.57789,41.2132,-2.17941,-7.8859,0.31183,4804.59,0
8.58439,41.2289,-1.96803,-7.86542,0.299394,4802.78,0
8.59094,41.4056,-2.0181,-7.76837,0.364085,4819.68,0
8.59742,41.3346,-2.42443,-8.03777,0.303338,4807.79,0
8.60393,41.743,-2.54602,-7.8721,0.478369,4851.63,0
8.61045,41.8189,-2.56872,-7.76033,0.47544,4856.76,0
8.61695,41.8491,-2.61225,-7.71269,0.448428,4856.6,0
8.62344,41.8225,-2.46173,-7.72937,0.396302,4849.86,0
8.62999,41.7669,-2.58653,-7.86022,0.336802,4839.74,0
8.63649,41.6511,-2.38939,-7.93079,0.262729,4822.69,0
8.643,41.5089,-2.10014,-7.93241,0.175228,4802.6,0
8.64952,41.5802,-2.1762,-7.62064,0.200299,4807.23,0
8.65603,41.7826,-2.12935,-7.82948,0.284345,4826.99,0
8.66251,41.9311,-2.25331,-7.64611,0.338296,4840.52,0
8.669,41.9284,-2.48782,-7.831,0.310933,4836.59,0
8.67549,42.2428,-2.59877,-7.71496,0.442728,4869.21,0
8.682,42.1356,-2.89357,-7.83645,0.358776,4853.21,0
8.68848,42.0644,-2.80699,-7.91702,0.300326,4841.4,0
8.69497,42.288,-2.48814,-8.09959,0.38635,4863.5,0
8.70145,42.3808,-2.48994,-7.78965,0.401818,4870.54,0
8.70796,42.6797,-2.38411,-7.87297,0.50966,4901.22,0
8.7145,42.4838,-2.48124,-8.19739,0.37516,4875.07,0
8.721,42.3812,-2.68771,-8.22104,0.296294,4859.67,0
8.72748,42.7248,-2.25145,-7.95651,0.443596,4895.43,0
8.73401,42.8983,-2.47408,-8.2343,0.484597,4911.64,0
8.74049,42.7653,-2.70337,-8.39694,0.379939,4892.78,0
8.747,42.5956,-3.1146,-8.18322,0.272291,4869.73,0
8.75349,42.6296,-3.40647,-8.04485,0.270052,4870.02,0
8.75998,42.521,-3.26169,-8.00637,0.199766,4854,0
8.76652,42.5981,-2.98248,-8.03492,0.227744,4859.18,0
8.77306,42.6159,-3.08691,-8.35979,0.220257,4857.59,0
8.77959,42.5387,-3.06706,-8.36242,0.166248,4845.18,0
8.78611,42.5687,-2.93624,-8.43592,0.171139,4845,0
8.79265,42.535,-3.23942,-8.49876,0.146454,4837.56,0
8.79914,42.6172,-3.31727,-8.57488,0.17905,4843.34,0
8.80564,42.6955,-3.43201,-8.73093,0.20353,4848.66,0
8.81215,42.8351,-3.27182,-8.61776,0.26215,4860.91,0
8.8187,42.8503,-3.40766,-8.57921,0.250482,4859.03,0
8.82522,42.8273,-3.48692,-8.50285,0.221692,4852.83,0
8.8317,43.1164,-3.54799,-8.59193,0.347025,4882.01,0
8.83823,43.2336,-3.42838,-8.45806,0.37489,4891.66,0
8.84474,43.194,-3.2869,-8.52522,0.333085,4883.57,0
8.85118,43.458,-3.50176,-8.33121,0.434009,4909.85,0
8.85775,43.5672,-3.39363,-8.39763,0.451628,4918.54,0
8.86426,43.5217,-3.36165,-8.29718,0.387621,4909.79,0
8.87079,43.5383,-3.3995,-8.42661,0.364987,4908.06,0
8.87737,43.375,-3.49555,-8.35741,0.262019,4886.02,0
8.88387,43.5002,-3.4706,-8.44975,0.300965,4896.53,0
8.89039,43.3963,-3.72298,-8.25261,0.224472,4881.26,0
8.8969,43.3623,-3.69236,-8.42875,0.193807,4873.86,0
8.90337,43.2289,-3.78177,-8.50111,0.117205,4855.34,0
8.90989,43.2826,-3.77534,-8.67377,0.139249,4857.82,0
8.9164,43.2553,-3.69855,-8.68693,0.121453,4851.2,0
8.92297,43.3517,-3.6449,-8.35188,0.162848,4858.44,0
8.92951,43.476,-3.44511,-8.30697,0.216268,4868.79,0
8.93605,43.6628,-3.49277,-8.42775,0.296457,4886.14,0
8.94255,43.7655,-3.42089,-8.46912,0.323443,4894.08,0
8.94906,44.0239,-3.48534,-8.69649,0.425424,4919.39,0
8.95555,44.2226,-3.58728,-8.65635,0.481583,4938.02,0
8.96204,44.2345,-3.51241,-8.87304,0.443322,4935.76,0
8.96852,44.1217,-3.58583,-8.78205,0.356051,4919.62,0
8.97498,44.0172,-3.59385,-8.6574,0.278535,4904.43,0
8.98151,44.072,-3.60579,-8.852,0.287944,4906.96,0
8.98806,43.9454,-3.30007,-8.90614,0.207947,4889.31,0
8.9946,43.7787,-3.31207,-8.62976,0.118736,4867.22,0
9.00111,43.7698,-3.23602,-8.50416,0.108978,4862.71,0
9.00765,43.9666,-3.49054,-8.56344,0.199746,4881.02,0
9.01415,44.1378,-3.37242,-8.58184,0.268857,4896.5,0
9.02063,44.0778,-3.35007,-8.74395,0.224067,4886.34,0
9.02713,43.9279,-3.33439,-8.58352,0.137152,4866.21,0
9.03366,44.2047,-3.66882,-8.46351,0.265779,4893.34,0
9.04016,44.2278,-3.64149,-8.52829,0.259102,4892.37,0
9.04662,44.1847,-3.46967,-8.48779,0.219734,4884.11,0
9.05311,44.1191,-3.50417,-8.60567,0.178118,4873.37,0
9.05961,44.149,-3.46991,-8.85933,0.184027,4873.17,0
9.06614,43.9794,-3.24921,-8.89262,0.0944979,4850.96,0
9.0727,44.0397,-3.19102,-8.80165,0.117561,4854.09,0
9.07922,44.2755,-3.2173,-8.90129,0.227387,4876.57,0
9.08572,44.2978,-3.04372,-8.85391,0.223903,4875.54,0
9.09228,44.2961,-2.87695,-8.88916,0.208818,4871.83,0
9.0988,44.5092,-3.02456,-8.81813,0.299562,4891.76,0
9.1053,44.7069,-3.13294,-8.79854,0.370051,4909.99,0
9.11182,44.6516,-3.16537,-8.92732,0.313359,4900.41,0
9.11833,44.3875,-3.08532,-8.891,0.164506,4867.94,0
9.12483,44.4096,-2.9896,-8.75732,0.169513,4866.9,0
9.13132,44.7149,-2.61479,-8.62032,0.30948,4896.87,0
9.13782,44.8011,-2.65961,-8.65349,0.330422,4902.82,0
9.1443,44.7909,-2.81424,-8.65876,0.300687,4898.22,0
9.15082,44.7454,-2.75583,-8.77051,0.260273,4889.77,0
9.15735,44.8979,-2.77211,-8.6347,0.319662,4902.94,0
9.16384,44.6839,-2.72887,-8.58196,0.194675,4876.11,0
9.17038,44.6442,-2.86547,-8.53049,0.162013,4868.31,0
9.17691,44.9955,-3.01588,-8.43511,0.321224,4903.13,0
9.18341,45.0454,-2.92951,-8.34488,0.324684,4905.08,0
9.1899,44.8797,-2.76887,-8.32441,0.219084,4883.59,0
9.19639,44.9563,-2.72303,-8.25013,0.24041,4888.48,0
9.2029,45.1903,-2.38795,-8.22925,0.334214,4910.44,0
9.20936,45.3005,-2.33259,-8.24263,0.364236,4918.96,0
9.21584,45.2951,-2.58288,-8.26687,0.335422,4914.91,0
9.22237,45.2144,-2.6437,-7.95858,0.270522,4902.69,0
9.22885,45.5293,-2.90634,-8.19368,0.404505,4933.36,0
9.23538,45.4616,-2.88836,-8.19681,0.339567,4922.55,0
9.24188,45.8177,-2.83619,-7.9407,0.482481,4957.62,0
9.24842,45.9267,-3.07575,-7.9585,0.495656,4965.89,0
9.25495,45.9836,-2.82414,-7.75681,0.481152,4968.54,0
9.26149,45.887,-2.96837,-7.88644,0.394325,4954.6,0
9.26803,45.7412,-2.86033,-7.83304,0.293778,4935.38,0
9.27458,45.7543,-2.80421,-7.70022,0.284337,4933.31,0
9.28109,45.7533,-2.62738,-7.87557,0.263798,4929.74,0
9.28758,45.4693,-2.54146,-7.95613,0.11074,4895.71,0
9.29407,45.4025,-2.6005,-7.76443,0.0741642,4885.11,0
9.30061,45.401,-2.50755,-7.67758,0.0711674,4881.51,0
9.30718,45.3027,-2.43823,-7.64039,0.0211484,4867.5,0
9.3137,45.3212,-2.35534,-7.79475,0.0288111,4866.08,0
9.32017,45.2793,-2.35452,-7.70037,0.00724743,4858.2,0
9.32669,45.2872,-2.36658,-7.81853,0.0109723,4855.65,0
9.33324,45.3951,-2.43186,-7.67963,0.064001,4863.81,0
9.3397,45.3432,-2.36944,-7.64453,0.0371242,4854.89,0
9.34624,45.394,-2.37826,-7.53656,0.0598526,4856.93,0
9.35278,45.5567,-2.6593,-7.61546,0.137541,4870.93,0
9.35932,45.4813,-2.70628,-7.58206,0.0958104,4859.46,0
9.36583,45.38,-2.87686,-7.56344,0.0428145,4845.27,0
9.37235,45.366,-2.92765,-7.45703,0.035266,4840.41,0
9.37884,45.3597,-2.96827,-7.38074,0.031068,4836.38,0
9.38535,45.4018,-3.02581,-7.56117,0.0509115,4837.52,0
9.39185,45.5397,-2.99821,-7.56276,0.116277,4848.85,0
9.39827,45.554,-2.91286,-7.29476,0.117626,4847.06,0
9.40482,45.804,-2.64652,-7.19443,0.231572,4870.26,0
9.41133,45.7172,-2.49038,-6.95643,0.177229,4857.68,0
9.41785,45.6597,-2.53578,-6.97094,0.139921,4848.2,0
9.42434,45.6127,-2.61972,-6.78929,0.111637,4839.88,0
9.43084,45.5169,-2.54676,-6.8206,0.0614633,4826.39,0
9.43739,45.5093,-2.44297,-6.95353,0.0548549,4822.23,0
9.44386,45.5595,-2.49077,-6.77067,0.0778935,4824.24,0
9.45035,45.5319,-2.24358,-6.82099,0.0603245,4818.02,0
9.45684,45.5116,-2.26108,-6.6175,0.0480536,4812.55,0
9.46333,45.5839,-2.15079,-6.64642,0.0802051,4816.9,0
9.46981,45.7471,-2.13818,-6.73689,0.156255,4830.83,0
9.47635,45.8506,-2.05035,-6.76715,0.199026,4838.43,0
9.48286,45.8841,-1.94223,-6.50629,0.205307,4838.63,0
9.48938,45.7004,-1.98588,-6.67614,0.105653,4815.95,0
9.49591,45.7864,-2.19551,-6.58544,0.142261,4821.7,0
9.5024,45.626,-2.08056,-6.6041,0.0585642,4801.52,0
9.5089,45.9102,-2.02833,-6.53498,0.1943,4828.14,0
9.51541,46.5229,-2.31328,-6.47151,0.472302,4889.22,0
9.52192,46.7389,-2.42232,-6.45756,0.532223,4908.56,0
9.52841,46.4953,-2.41117,-6.42653,0.368534,4879.65,0
9.53488,46.605,-2.50649,-6.04881,0.395174,4887.85,0
9.54136,46.7907,-2.45823,-6.08097,0.450848,4903.99,0
9.54787,46.8237,-2.23138,-6.13881,0.432256,4904.1,0
9.55442,46.8085,-2.11815,-6.52217,0.389422,4899.15,0
9.5609,46.7209,-1.91456,-6.54917,0.31323,4886.66,0
9.56738,46.8497,-2.05232,-6.32033,0.349408,4896.82,0
9.57388,46.7213,-2.00904,-6.47445,0.260595,4880.08,0
9.58037,46.4472,-1.78355,-6.63233,0.115682,4848.17,0
9.58687,46.5975,-1.96626,-6.57965,0.182786,4860.56,0
9.5934,46.6145,-2.01036,-6.73253,0.177713,4859.02,0
9.59991,46.6236,-2.18325,-6.79998,0.173644,4856.67,0
9.60644,46.5092,-2.21213,-6.81401,0.111366,4841.46,0
9.61291,46.6729,-2.38351,-6.52304,0.184084,4855.23,0
9.61945,46.6516,-2.06093,-6.3005,0.1619,4849.71,0
9.62598,46.802,-1.87658,-6.28998,0.228381,4862.05,0
9.6324,46.9815,-1.9468,-6.11529,0.297898,4877.44,0
9.63894,46.9611,-2.09285,-6.2078,0.271999,4872.02,0
9.64541,47.1047,-2.39039,-6.0875,0.324187,4883.63,0
9.65194,47.185,-2.02288,-5.99347,0.335068,4888.66,0
9.65845,47.5022,-1.98347,-6.06315,0.462782,4918.2,0
9.66495,47.4458,-2.24199,-6.42771,0.398351,4909.06,0
9.67147,47.4523,-2.10619,-6.60672,0.369034,4906.42,0
9.67798,47.5885,-2.08013,-6.5761,0.40576,4917.19,0
9.68447,47.7373,-2.17443,-6.67101,0.445918,4929.26,0
9.69093,47.777,-2.29718,-6.79122,0.42423,4930.08,0
9.69748,47.6755,-2.03635,-7.02292,0.343406,4916.27,0
9.70397,47.5678,-1.98445,-6.91577,0.270085,4901.89,0
9.71047,47.3474,-1.85364,-6.72441,0.1458,4875.91,0
9.71702,47.3082,-1.97036,-6.64003,0.120163,4868.59,0
9.72353,47.174,-2.02471,-6.56829,0.0496767,4851.53,0
9.73004,47.2332,-1.96599,-6.5662,0.077451,4854.37,0
9.73651,47.3132,-1.80779,-6.6745,0.113566,4859.37,0
9.74299,47.2147,-1.97062,-6.64464,0.0596997,4846.02,0
9.74954,47.2233,-2.01555,-6.75928,0.0624971,4843.64,0
9.75603,47.3853,-2.05117,-6.70519,0.138866,4857.03,0
9.76254,47.5064,-2.09596,-6.8923,0.191222,4866.2,0
9.76899,47.3614,-1.99939,-6.97395,0.110949,4848.13,0
9.77553,47.1971,-2.0041,-6.91609,0.0259623,4828.09,0
9.78203,47.1901,-2.0338,-6.87893,0.0215501,4824.16,0
9.78857,47.1723,-2.14174,-6.84415,0.0120854,4819.12,0
9.79507,47.3513,-2.23134,-6.73564,0.10014,4834.19,0
9.80158,47.4392,-2.50718,-6.79263,0.13711,4839.95,0
9.80807,47.6134,-2.62451,-6.71659,0.213428,4854.51,0
9.81457,47.7535,-2.82042,-6.40273,0.27131,4865.57,0
9.82106,47.7516,-2.69811,-6.27591,0.250029,4862.17,0
9.82756,47.7919,-3.06264,-6.43492,0.254547,4863.05,0
9.83407,48.1901,-3.20081,-6.3763,0.427728,4900.32,0
9.8406,48.1749,-3.21843,-6.49578,0.385993,4895.53,0
9.84707,47.9441,-3.31052,-6.27692,0.247485,4868.87,0
9.85357,48.1555,-3.15682,-6.20233,0.331885,4887.11,0
9.86009,48.1189,-3.04097,-6.07674,0.291257,4880.17,0
9.86658,48.0401,-3.02628,-6.04378,0.228242,4868.98,0
9.87306,48.0063,-2.85413,-5.87307,0.198376,4862.35,0
9.87958,48.089,-2.88209,-5.64441,0.225061,4867.52,0
9.88608,47.9446,-2.63686,-5.81375,0.142772,4849.71,0
9.89263,47.7952,-2.61613,-5.69119,0.0645487,4831.39,0
9.89909,47.8357,-2.51258,-5.51304,0.0810181,4832.34,0
9.90557,47.7894,-2.69396,-5.43385,0.0544966,4824.5,0
9.91208,47.724,-2.80976,-5.5127,0.020887,4814.73,0
9.91859,47.7058,-2.72907,-5.6003,0.011611,4809.73,0
9.92509,47.9501,-2.77114,-5.50286,0.131705,4831.2,0
9.9316,47.8755,-2.96896,-5.60747,0.0894673,4820.52,0
9.93815,47.8729,-2.87307,-5.29651,0.0848418,4817.08,0
9.94465,48.1097,-2.77044,-5.40534,0.196555,4837.75,0
9.95115,48.0624,-2.81177,-5.42178,0.163222,4829.84,0
9.95768,48.0708,-2.60242,-5.32829,0.158686,4827.51,0
9.9642,48.1218,-2.25407,-5.42485,0.175155,4829.47,0
9.97069,48.1677,-2.49981,-5.49905,0.188101,4830.93,0
9.9772,48.0992,-2.48195,-5.44996,0.146397,4820.91,0
9.9837,48.1108,-2.55853,-5.45875,0.143766,4818.93,0
9.99021,48.0212,-2.55443,-5.58958,0.0943175,4806.83,0
9.99677,48.0614,-2.40799,-5.54836,0.109426,4807.7,0
10,48.0396,-2.38826,-5.50635,0.0968236,4803.96,0
