0.0274997,2.36254,-2.92159,-0.695726,3.53954,85911.5,0
0.0554216,5.76741,-6.50705,-4.50635,8.60041,104064,0
0.0840595,6.43061,-6.27522,-3.428,9.52504,76500.7,0
0.115023,6.63523,-6.71369,1.09207,9.79898,57686.2,0
0.145187,11.7991,-3.67173,4.65028,3.98899,81268.7,0
0.176389,18.1642,-0.408051,8.1888,13.4417,102978,0
0.20833,18.2853,-3.90775,10.1861,1.9154,87770.8,0
0.236259,20.7114,-1.49431,8.91847,5.5239,87663.9,0
0.26682,18.5257,1.02976,11.0656,2.18322,69431.2,0
0.294941,18.6621,-2.38519,13.3935,2.39101,63274.1,0
0.324318,19.5543,-3.41353,12.563,3.73252,60293.7,0
0.355024,18.6345,-6.31452,11.4346,2.3728,52488,0
0.38096,21.948,-3.99336,9.92233,7.33676,57612.4,0
0.409699,21.7772,-4.64938,7.40243,7.06685,53154.2,0
0.437512,21.7767,-9.58087,6.89393,7.062,49774.1,0
0.466269,20.7043,-7.2196,8.36423,5.38453,44404.2,0
0.494052,20.6757,-4.15418,3.16142,5.32054,41849.2,0
0.524168,18.3269,-2.42482,-1.66526,1.78212,34963.8,0
0.552901,20.6404,-1.88117,-1.56531,5.24821,37331.2,0
0.582238,19.6038,-2.04987,-3.48156,3.68055,33669.7,0
0.611303,18.3507,-2.83318,-3.31366,1.80016,30019,0
0.639401,17.8808,-5.23325,-3.37835,1.09903,27964.9,0
0.667846,18.3239,-6.65582,-8.43368,1.75917,27437.4,0
0.698479,19.061,-6.21655,-13.4773,2.84807,27289.4,0
0.728438,22.9222,-4.60289,-14.2693,8.60771,31467.6,0
0.757038,26.0537,-0.971592,-15.1454,1.52637,34415.4,0
0.784636,28.825,-6.17672,-13.0481,5.68218,36736.8,0
0.815989,34.0785,-6.94134,-11.4738,1.82389,41763.4,0
0.842774,37.7698,-3.11651,-8.52825,7.32194,44816.1,0
0.872157,38.906,-4.70141,-11.4834,8.95981,44609,0
0.899449,41.608,-7.89461,-5.43044,1.24939,46259.5,0
0.927066,42.6194,-9.30949,-9.83996,2.76301,45972.3,0
0.954679,44.1838,-9.05718,-8.41691,5.11444,46281.3,0
0.983388,42.1841,-8.59147,-7.52425,2.08471,42896.7,0
1.00881,42.6013,-5.43972,-4.61825,2.71181,42229.2,0
1.03733,42.4832,-7.48746,-8.17698,2.53879,40954.2,0
1.06589,42.6396,-5.355,-8.70063,2.77104,40003.7,0
1.09534,44.3823,-8.79321,-12.0794,5.36934,40519.1,0
1.12208,48.9715,-11.3863,-12.9127,12.2149,43643.5,0
1.15231,51.3035,-10.0091,-13.0234,3.94253,44522.2,0
1.18097,51.4978,-10.0899,-17.0722,4.20853,43606.3,0
1.21207,55.2753,-12.9261,-16.9911,9.76905,45604.2,0
1.23865,56.6142,-13.6553,-17.7368,11.7036,45706.4,0
1.26515,59.0506,-13.6684,-18.3457,3.67982,46674.8,0
1.29465,58.3243,-9.58898,-23.2971,2.5996,45050.3,0
1.32346,63.5696,-3.02224,-20.883,10.4188,48032.7,0
1.35315,63.5499,-2.69,-19.0479,10.3837,46964.4,0
1.38478,67.8296,-3.78858,-22.4718,5.04764,48982.1,0
1.41571,65.9466,-4.34276,-22.2623,2.21167,46582,0
1.44454,65.1314,-3.99321,-21.6207,0.988815,45088,0
1.47173,65.1228,3.68431,-24.7139,0.976337,44249.2,0
1.50191,65.6904,3.82551,-27.5588,1.82934,43738,0
1.53141,67.5019,3.12034,-26.6774,4.54038,44078.1,0
1.55861,68.6357,-2.07237,-27.8182,6.22133,44036.4,0
1.58745,68.1589,-5.14972,-23.6107,5.45466,42935.9,0
1.61641,69.2308,-1.62111,-20.1256,7.05606,42829.9,0
1.64552,69.8357,-1.23482,-19.598,7.92781,42439.9,0
1.67657,67.2664,1.50317,-18.6098,4.05171,40121.4,0
1.70529,68.9501,-3.79204,-18.1303,6.55862,40433.1,0
1.73255,71.2168,-2.98886,-21.7249,9.8412,41105.2,0
1.76197,71.8053,-2.34123,-21.129,10.5803,40752.8,0
1.79074,75.7022,0.196642,-19.5215,2.09202,42274.3,0
1.82038,76.8471,0.851059,-17.2557,3.80973,42214.8,0
1.85064,75.6656,2.06923,-18.0948,2.03879,40886.2,0
1.87874,78.0258,4.16785,-18.4361,5.54483,41530.9,0
1.9093,76.3257,-0.474623,-19.4095,2.98807,39975.7,0
1.93788,79.1499,-2.26921,-13.1591,7.21848,40843.5,0
1.96608,85.6918,-3.61295,-9.93515,5.3044,43585.2,0
1.9946,90.2258,-6.16541,-8.35887,12.0615,45235.1,0
2.02491,88.9739,-5.30802,-10.7799,10.0763,43939.7,0
2.0543,91.2066,-3.43343,-7.5336,13.2389,44397.8,0
2.08039,93.6455,-2.22196,-5.89209,5.22639,45013.5,0
2.11019,90.5833,0.918371,-11.7876,0.650356,42926.6,0
2.14262,97.1479,9.67067,-10.3124,10.4201,45340.7,0
2.16951,101.255,6.06054,-5.71927,3.27294,46671.9,0
2.19852,102.639,3.04968,-1.89717,5.37038,46685.7,0
2.22771,100.986,2.64776,-0.839013,2.8689,45331.6,0
2.25723,100.123,1.09213,0.655078,1.556,44356.8,0
2.28516,100.602,-2.83331,4.41603,2.26135,44024,0
2.31445,100.638,-3.53915,9.76095,2.31182,43482.2,0
2.34455,103.105,-8.90951,10.6665,6.00582,43976.6,0
2.37295,106.064,-12.2631,12.4304,10.3515,44697,0
2.4031,102.617,-11.866,11.976,5.09949,42701.9,0
2.43295,99.6049,-11.0548,9.3492,0.566384,40940,0
2.46211,100.412,-14.5619,8.05909,1.77656,40782.9,0
2.48978,100.881,-12.9287,2.82817,2.47331,40518,0
2.52088,103.25,-10.3411,0.269774,6.0316,40957.8,0
2.54722,104.53,-5.24844,-0.881149,7.9416,41037,0
2.57498,106.927,-6.64275,-1.21625,11.4662,41525.3,0
2.60466,106.275,-8.7445,1.67049,10.3233,40802,0
2.63352,102.679,-11.4704,3.2962,4.86905,38989.1,0
2.66204,101.701,-16.9036,2.6517,3.41582,38203.9,0
2.69095,102.298,-20.9183,2.03121,4.29997,38015.5,0
2.72012,102.764,-16.9905,3.86408,5.00239,37779.3,0
2.74719,103.261,-12.7688,3.95836,5.75423,37587.9,0
2.777,105.834,-12.3291,2.57936,9.55999,38111,0
2.8052,104.471,-12.1995,-3.86357,7.43311,37242,0
2.83803,102.453,-12.3734,-3.97673,4.35307,36100.1,0
2.86903,102.902,-14.1289,-6.08675,5.04503,35866.6,0
2.8986,102.713,-15.1035,-5.86205,4.75689,35435.3,0
2.9274,101.811,-19.318,-2.96335,3.40513,34778.5,0
2.95534,100.921,-16.5417,-2.18205,2.08351,34148.7,0
2.98347,99.853,-20.7994,1.41294,0.477697,33468.8,0
3.01061,101.01,-20.9991,-1.57649,2.21251,33551.5,0
3.0422,104.999,-21.7741,-2.35486,8.1937,34514,0
3.07096,106.921,-23.763,-6.64282,11.0152,34816.9,0
3.10194,103.038,-29.4763,-9.21412,5.10026,33217.4,0
3.12852,101.945,-26.5744,-14.1533,3.46256,32585.6,0
3.1568,105.177,-23.5645,-15.0156,8.27529,33317.8,0
3.18392,111.043,-20.7248,-17.1724,5.26618,34876.3,0
3.21333,110.377,-22.3421,-16.2273,4.21385,34349.6,0
3.24374,110.727,-19.396,-16.8566,4.68144,34135.5,0
3.2721,111.056,-19.8528,-17.3994,5.17833,33940.4,0
3.30137,109.109,-22.9443,-16.9484,2.26782,33049.6,0
3.33218,108.779,-21.2226,-17.7337,1.75359,32644.9,0
3.35952,112.673,-22.8731,-14.9675,7.59542,33538.3,0
3.3891,109.804,-26.7969,-13.0709,3.26891,32399,0
3.41795,111.933,-27.9594,-12.0935,6.46653,32748.6,0
3.4457,111.55,-31.1359,-8.35881,5.86924,32373.7,0
3.4735,110.488,-31.9487,-8.25932,4.21528,31808.9,0
3.49843,112.251,-32.4495,-7.55517,6.81842,32086.1,0
3.52694,117.804,-31.8835,-5.95314,3.37365,33401.3,0
3.55568,119.114,-33.3932,-2.96105,5.34801,33499.7,0
3.58427,121.465,-32.0122,-3.09878,8.86074,33888.2,0
3.61085,120.599,-29.1106,-3.09562,7.4975,33399.1,0
3.64052,119.718,-25.8964,-4.13849,6.1309,32884.8,0
3.66853,120.629,-26.8706,-4.73975,7.43373,32882.2,0
3.69729,120.137,-27.5677,-8.02956,6.6212,32493.1,0
3.72614,122.265,-29.252,-4.62098,9.68221,32812.8,0
3.75621,120.177,-28.8371,0.940434,6.47812,31994.1,0
3.78489,121.915,-30.8069,0.56757,9.02329,32211.1,0
3.81431,125.49,-28.5736,-3.23436,2.67703,32899.8,0
3.84471,127.217,-28.7848,-2.92053,5.25238,33088.8,0
3.87476,129.524,-29.0128,0.167302,8.72202,33427.6,0
3.90334,131.594,-27.8521,0.649958,0.0766961,33713.2,0
3.93113,132.657,-26.4372,-3.50266,1.67524,33745.2,0
3.96086,135.115,-22.9429,-1.09844,5.35144,34112.7,0
3.98936,135.842,-21.3683,2.10324,6.41924,34051.1,0
4.01899,135.58,-19.6412,1.78254,5.90075,33734.8,0
4.04796,136.955,-22.9772,1.57566,7.91688,33833.1,0
4.07956,141.786,-19.1677,3.59331,3.33937,34755.1,0
4.10911,146.472,-17.7583,2.44247,10.3482,35645.6,0
4.13737,145.392,-14.8803,1.15817,8.62146,35141.1,0
4.16295,150.873,-12.5886,1.65355,16.7348,36241.9,0
4.19089,152.375,-19.8534,4.31385,5.63139,36358.5,0
4.21884,151.193,-19.5133,5.24966,3.82452,35837.6,0
4.24869,149.791,-13.814,9.30162,1.72398,35255.7,0
4.27809,153.433,-14.9948,4.96542,7.15117,35864.8,0
4.30735,153.407,-13.0411,4.04258,7.00375,35615,0
4.3355,152.333,-18.5329,-0.186774,5.366,35136.2,0
4.36386,152.363,-16.4178,1.93018,5.39602,34914.8,0
4.39246,151.155,-10.1186,-0.674794,3.59017,34412.3,0
4.42214,150.259,-6.16327,-3.86525,2.24386,33978.8,0
4.45262,150.851,0.801277,-3.52821,3.11961,33879.1,0
4.48125,150.899,-0.116265,-5.7691,3.17796,33673.4,0
4.51025,152.422,1.82848,-5.3388,5.44959,33794.6,0
4.53985,153.013,2.24998,-4.17839,6.3062,33704.5,0
4.56966,150.152,1.78294,-4.95497,2.02011,32858.5,0
4.59818,152.752,3.48484,-8.8293,5.89565,33220.2,0
4.62762,151.883,4.62481,-8.61576,4.59575,32821,0
4.65481,155.001,6.72474,-10.1551,9.23224,33299.1,0
4.68299,153.844,7.86204,-6.55377,7.37204,32851.7,0
4.71106,155.718,12.0701,-2.22862,10.0449,33053.8,0
4.74315,152.192,10.8264,-4.62258,4.70219,32086.7,0
4.76878,153.472,9.14605,-4.30514,6.5995,32182.6,0
4.79765,153.662,7.88776,-2.74722,6.8429,32028.6,0
4.8275,150.918,5.33738,1.16194,2.71755,31262.2,0
4.85812,153.157,10.8984,2.05204,6.02915,31526.1,0
4.88907,153.741,11.2987,-3.98291,6.85946,31445.9,0
4.92033,155.687,11.5359,-4.44538,9.73369,31641.6,0
4.94838,154.524,11.3052,-7.0876,7.94544,31227.2,0
4.97917,154.26,12.6859,-12.9704,7.427,30981.1,0
5.01256,157.575,10.83,-13.3515,12.2848,31436,0
5.03891,160.604,14.7898,-10.8938,5.06243,31872.9,0
5.06908,160.939,9.81552,-11.7182,5.51204,31749.2,0
5.09787,164.354,5.45417,-9.15032,10.5181,32239.7,0
5.12854,161.689,5.65783,-12.6247,6.45018,31527.3,0
5.15788,158.367,12.4141,-13.5408,1.44407,30703.9,0
5.18496,159.937,12.7983,-12.7699,3.79273,30846.4,0
5.21479,161.853,10.9135,-6.68289,6.65075,31037.2,0
5.24139,161.952,12.1034,-8.09046,6.74586,30898.6,0
5.26858,159.573,13.6164,-3.56604,3.14255,30287.7,0
5.29764,165.168,15.6064,-2.98884,11.4104,31177.7,0
5.32605,167.861,15.3285,2.43501,3.73218,31516.9,0
5.35421,169.637,10.791,2.30901,6.38541,31682.9,0
5.38273,171.996,6.42709,1.30891,9.81465,31953.3,0
5.4087,172.287,2.75084,0.750216,10.1608,31853.6,0
5.43836,171.733,2.9564,2.33124,9.27479,31578.1,0
5.46794,167.44,5.30453,-0.166841,2.83941,30622.2,0
5.49941,166.056,7.73163,-6.01651,0.760331,30195.2,0
5.52967,171.64,4.41953,-4.37652,9.12301,31039.8,0
5.55843,175.193,5.51218,-4.82509,14.2754,31518.4,0
5.58719,176.823,0.790711,-4.77003,4.97886,31647.9,0
5.61505,174.072,1.64553,-4.17461,0.87928,31000.9,0
5.64599,176.051,-0.592816,-9.578,3.84006,31181.6,0
5.67345,174.981,-5.34223,-9.68439,2.22594,30842.1,0
5.70491,175.93,-16.4682,-8.04762,3.64877,30838.3,0
5.7346,174.543,-17.2721,-11.2921,1.56706,30436.8,0
5.76257,174.854,-15.4803,-7.69792,2.0363,30343.1,0
5.7929,176.177,-11.7023,-7.85524,4.00239,30412.6,0
5.82313,175.7,-13.9125,-1.66606,3.27316,30172.8,0
5.85538,176.04,-15.3244,-2.72646,3.79282,30064.7,0
5.88431,177.21,-17.8321,-1.23162,5.49371,30115.7,0
5.91312,182.548,-15.7049,2.37026,13.4708,30871.8,0
5.9446,186.465,-15.6041,2.51187,5.87345,31367.1,0
5.97145,187.608,-17.6101,5.5207,7.565,31417.5,0
5.99912,186.992,-18.3225,2.79347,6.57094,31169.9,0
6.02823,187.071,-15.6705,2.24514,6.66925,31032.5,0
6.05682,185.317,-10.1997,0.281702,4.04089,30596.4,0
6.08547,186.634,-11.6296,6.28071,5.97353,30668.8,0
6.1133,191.687,-11.8624,3.58015,13.4829,31355.7,0
6.14253,190.97,-7.83809,-3.01436,0.713451,31089.8,0
6.17203,190.57,-7.79819,-3.56134,0.102052,30876.4,0
6.20127,192.419,-3.60798,-4.75582,2.87912,31029,0
6.22932,192.721,2.95136,1.19364,3.33785,30937.7,0
6.25853,190.945,5.46589,0.436618,0.683266,30509.5,0
6.28847,193.728,5.32316,-0.0632629,4.85108,30806.9,0
6.31674,194.312,5.25536,-3.56655,5.65749,30761.4,0
6.34661,193.11,-2.30795,-6.83969,3.84959,30427.2,0
6.37558,192.936,-3.02819,-5.50207,3.57471,30261.7,0
6.40525,192.447,-0.722271,-3.63265,2.84618,30045.1,0
6.4352,192.443,-1.57389,-1.96935,2.84059,29904.7,0
6.46389,195.499,-0.288562,0.944323,7.39809,30244.8,0
6.49355,192.351,-4.20095,-0.402502,2.68687,29621.8,0
6.52382,195.361,-4.32564,1.93151,7.20349,29945.8,0
6.55323,194.407,-7.80097,-0.730659,5.70822,29665.9,0
6.58121,190.698,-10.3376,3.0142,0.144542,28976.2,0
6.60964,194.811,-13.171,4.16865,6.26998,29473.8,0
6.63875,194.544,-14.8745,0.115869,5.82568,29304.4,0
6.66878,192.285,-17.5051,-4.11715,2.44117,28833.7,0
6.70052,191.884,-10.6131,-5.90675,1.82342,28637.1,0
6.72867,192.309,-3.73794,-3.61467,2.42207,28580.6,0
6.759,193.989,-0.240234,1.67627,4.91684,28700.8,0
6.79111,191.015,0.457775,7.60932,0.449686,28127.2,0
6.81864,192.492,-3.55141,9.78005,2.65739,28230.3,0
6.84918,195.024,0.184592,9.29808,6.47168,28474.1,0
6.87673,192.385,-0.738161,8.75894,2.47947,27976.3,0
6.90572,192.877,2.5348,5.56339,3.20315,27930,0
6.9359,191.802,-1.48438,5.80285,1.59309,27653.5,0
6.96677,191.235,1.78218,8.10099,0.734089,27449.7,0
6.99613,195.498,2.77858,1.78725,7.10825,27943.8,0
7.02475,193.016,8.73646,-2.45894,3.35449,27476.6,0
7.05494,193.998,6.44658,-8.5976,4.81996,27498.2,0
7.08532,198.149,7.56279,-10.4428,10.9603,27966.1,0
7.11704,201.787,9.87575,-9.85845,4.68278,28352.7,0
7.14647,199.7,8.65649,-14.5898,1.53768,27943.9,0
7.17328,201.873,8.98065,-18.922,4.79026,28142.3,0
7.20331,199.816,7.83292,-25.1695,1.71493,27739.4,0
7.23405,199.989,8.86176,-18.0105,1.96344,27645.6,0
7.26468,204.741,10.754,-16.6755,9.03798,28183.1,0
7.29255,204.73,12.6367,-15.4972,8.94584,28073.8,0
7.32026,205.318,13.6218,-16.4308,9.75175,28047.9,0
7.34689,205.472,16.6063,-14.1045,9.8832,27967.1,0
7.37654,203.067,18.9314,-16.0239,6.20095,27528.7,0
7.40607,202.011,21.8263,-14.0199,4.5945,27276.4,0
7.43713,201.849,27.4476,-16.3345,4.35084,27140.7,0
7.46585,201.171,25.1011,-18.2952,3.32202,26945.5,0
7.49558,206.969,26.1094,-18.9601,11.9804,27612.1,0
7.52565,212.892,27.5023,-15.7001,6.5484,28288.9,0
7.55261,213.489,28.7393,-17.2275,7.38715,28266.9,0
7.58377,213.007,26.5538,-15.7746,6.58992,28087.2,0
7.6148,212.883,25.0348,-16.6276,6.30266,27956.5,0
7.64104,213.384,24.4554,-15.2971,6.99893,27926,0
7.67128,215.865,23.9124,-17.2529,10.6374,28139.4,0
7.69789,214.058,21.6811,-16.5729,7.80219,27807.4,0
7.72788,215.148,20.0043,-13.5277,9.37646,27840.5,0
7.755,214.085,19.4543,-15.9615,7.6426,27606.1,0
7.78414,217.488,15.7585,-9.69772,0.909975,27939.9,0
7.81573,218.684,16.5391,-16.2384,2.7015,27980,0
7.84515,220.798,23.192,-15.8603,5.85099,28144.5,0
7.87392,221.105,22.6382,-16.9359,6.30756,28080.7,0
7.90412,220.782,17.8312,-16.6536,5.82751,27932.6,0
7.93148,216.985,14.567,-19.8188,0.114013,27357.5,0
7.95912,218.2,13.981,-15.6968,1.93634,27415.1,0
7.98755,220.481,11.0276,-13.1264,5.33797,27603,0
8.01654,217.378,13.5534,-15.6006,0.677421,27116.3,0
8.04752,219.712,17.5336,-23.1878,4.16942,27301.8,0
8.07778,222.631,20.7207,-25.8705,8.48216,27560.9,0
8.10852,220.888,17.6984,-27.9293,5.85692,27241.5,0
8.13971,221.863,17.7495,-31.1733,7.29304,27256.8,0
8.17003,221.693,16.357,-31.153,6.98847,27134.9,0
8.19935,220.055,16.0704,-37.51,4.51972,26838.2,0
8.23139,220.607,16.6171,-37.8232,5.31436,26800.6,0
8.25929,219.659,19.5852,-37.6515,3.85418,26595.4,0
8.28893,221.294,14.7508,-38.3198,6.29597,26697.5,0
8.31736,222.964,13.8267,-39.6644,8.80961,26807.1,0
8.34582,228.741,12.6111,-36.7541,4.00887,27407.9,0
8.37313,232.052,11.5321,-34.7439,8.94118,27713.9,0
8.40238,231.944,10.2845,-29.1089,8.68741,27604.6,0
8.43145,230.477,10.6264,-23.3023,6.48436,27335.4,0
8.46063,229.209,11.1696,-23.4082,4.57598,27091.2,0
8.49367,231.12,10.5169,-24.8932,7.3929,27210.8,0
8.52301,229.16,11.2617,-24.347,4.43382,26887.2,0
8.55217,228.802,16.9757,-24.396,3.87812,26753.7,0
8.57859,228.353,19.5796,-24.4299,3.21676,26619,0
8.60569,227.251,14.0172,-23.4108,1.568,26407.1,0
8.6329,230.376,12.5114,-24.973,6.24056,26685.8,0
8.66005,228.182,15.655,-21.5981,2.95401,26348.8,0
8.69063,227.094,11.3969,-23.1372,1.31952,26130.8,0
8.71901,227.617,11.9298,-22.9397,2.10759,26105.8,0
8.74652,229.99,9.32983,-23.7119,5.65679,26295.1,0
8.77567,232.308,6.97211,-23.3348,9.04464,26471.8,0
8.80567,232.645,9.59426,-20.5193,9.48987,26419.9,0
8.83505,236.03,9.79931,-20.6728,2.72405,26715.1,0
8.86212,239.697,11.2271,-20.901,8.19241,27047.4,0
8.89257,239.387,12.887,-18.0124,7.59276,26919.9,0
8.92111,246.344,16.4115,-16.5988,6.17773,27613.6,0
8.95047,247.538,18.671,-18.4843,7.92158,27656.5,0
8.97798,248.301,19.8588,-17.3737,9.05097,27656.6,0
9.00519,251.196,22.7837,-15.245,13.1951,27894.6,0
9.03607,254.85,25.3219,-11.1091,4.4239,28203.6,0
9.06574,257.206,25.4082,-9.66104,7.93351,28371.2,0
9.09488,257.907,29.2424,-8.46464,8.91037,28357.4,0
9.12235,257.336,29.7452,-1.92886,8.0476,28209.3,0
9.15107,254.839,25.3571,-5.02533,4.28038,27848,0
9.1771,255.722,22.3653,-3.8422,5.5953,27865.2,0
9.204,256.845,20.7091,-3.7407,7.28883,27905.8,0
9.22947,256.13,20.9563,-1.88059,6.1457,27751.3,0
9.26015,259.188,25.2815,-4.62996,10.6947,27989.6,0
9.28879,258.727,24.5855,-5.6841,9.87337,27853.7,0
9.31837,260.96,26.5499,-5.70413,13.1063,28004.9,0
9.34827,263.395,30.4794,-5.31418,5.07776,28175.8,0
9.37663,263.26,27.8499,-5.77155,4.88125,28076.2,0
9.40662,260.558,34.3299,-4.68887,0.818781,27699.4,0
9.43788,263.7,35.9595,-5.6269,5.54248,27940.6,0
9.46576,265.05,37.1513,-6.30725,7.53047,28000.9,0
9.49577,261.514,34.992,-1.94483,2.17819,27540.1,0
9.52494,264.212,30.6124,-3.25215,6.22266,27739,0
9.55568,260.498,29.1358,-2.47359,0.670832,27261.1,0
9.58503,266.054,30.1401,0.153928,8.94413,27757.2,0
9.61327,264.713,33.2939,-1.19531,6.90074,27536.2,0
9.64295,260.769,30.989,-9.60055,0.968392,27042.5,0
9.67231,264.337,31.8787,-10.3353,6.32171,27329.3,0
9.70211,264.988,31.4832,-13.3708,7.26776,27312.4,0
9.73296,262.515,32.6367,-13.8836,3.54462,26971.7,0
9.76282,265.537,33.5074,-12.6478,8.06297,27198.8,0
9.7921,263.672,34.9426,-13.6729,5.23494,26927,0
9.82177,265.372,31.2259,-16.2803,7.69474,27018.7,0
9.84816,269.87,29.3889,-18.4532,14.258,27403,0
9.8775,273.739,24.3488,-22.2067,6.70767,27713.4,0
9.90876,277.75,27.7865,-24.3541,12.6934,28030.8,0
9.93775,280.11,29.6898,-22.8442,0.398851,28186.5,1
9.96587,284.023,29.5141,-24.9852,6.21903,28499.5,1
9.99584,283.235,27.8267,-28.2336,5.00202,28335.3,1
10.0002,284.162,28.4797,-30.7028,6.3876,28415.8,1
