0.279243,3646.58,-11.1881,-13.0779,0.160175,12235.3,0
0.551354,3635.06,-29.0427,-20.214,0.6593,27099.1,0
0.823679,3623.98,-64.2493,-36.4049,0.922815,31584.6,0
1.09729,3607.86,-66.7019,-28.0076,1.74882,38405.6,0
1.3714,3592.85,-92.0587,-24.6569,2.1918,41671.1,0
1.64354,3582.23,-75.2088,-20.5195,3.07296,41235.8,0
1.91018,3585.5,-70.8882,-16.9972,2.93782,33768.5,0
2.18615,3587.39,-73.7192,-18.4811,2.76786,28640.5,0
2.4561,3590.87,-72.6022,-32.4521,2.49135,24073.3,0
2.73435,3599.24,-65.1212,-36.4283,2.10665,18564.7,0
3.00536,3603.69,-47.3492,-41.68,1.96418,15408.4,0
3.28146,3601.67,-47.9039,-39.1422,2.07394,14727.4,0
3.55347,3611.1,-36.9418,-21.6797,1.72371,10948.3,0
3.82932,3628.02,-35.7787,-21.3876,0.807366,5740.43,0
4.10165,3611.53,-40.5533,-47.9399,1.48866,9379.94,0
4.38335,3608.81,-55.9451,-67.0207,1.32464,9395.78,0
4.6529,3615.18,-61.1729,-40.2866,1.17306,7483.02,0
4.93073,3620.03,-81.0647,-40.7879,0.713932,6079.06,0
5.03856,3613.73,-88.7956,-46.0051,0.903059,7199.15,0
