0.276744,3606.35,19.8315,19.529,2.31179,157726,0
0.541857,3607.63,30.7765,18.8961,2.12728,78196,0
0.809704,3617.25,15.5904,-0.120757,1.67993,40450.6,0
1.08491,3634.96,19.9243,11.5698,0.705292,13867.3,0
1.35415,3603.83,0.561856,41.3722,2.3061,34097.3,0
1.63185,3590.8,1.72107,29.8915,3.17876,36277,0
1.91283,3597.41,2.62976,29.7173,2.71821,27492.9,0
2.1861,3597.75,-5.11496,31.0595,2.63115,23899.2,0
2.46347,3608.82,-11.7162,23.1248,1.94432,16715.6,0
2.74113,3600.97,4.07299,12.8253,2.49546,17887.1,0
3.01586,3597.29,7.51612,9.38511,2.68206,17476.2,0
3.29726,3614.24,-9.26778,24.1678,1.5631,10843.9,0
3.58045,3609.57,8.67332,55.8123,1.59283,11291,0
3.8542,3623.67,13.6419,54.8755,0.839324,6832.22,0
4.12513,3632.86,1.6321,65.8853,0.301383,4153.86,0
4.40037,3629.31,-0.499774,69.5846,0.440995,4701.01,0
4.67578,3608.39,0.748338,76.7001,1.42017,8899.48,0
4.94983,3628.49,-16.5288,66.5753,0.472042,4345.81,0
5.22153,3623.8,-4.61555,61.1006,0.77252,5017.7,0
5.49078,3614.22,-42.9269,61.5567,1.12242,6516.83,0
5.76908,3594.76,-76.4045,45.3558,1.95582,9575.06,0
6.03861,3584.48,-76.5853,54.4511,2.40358,10850.7,0
6.1083,3575.08,-83.1573,55.8209,2.82438,12264.7,0
