0.27368,3639.23,-46.5728,-28.2696,0.424186,39367.1,0
0.547529,3610.63,-59.1088,-8.49711,1.83326,71897.6,0
0.824543,3617.82,-51.8049,-5.34776,1.51093,39026.8,0
1.10013,3642.49,-58.6541,8.82061,0.219122,6823.96,0
1.37019,3629.59,-74.1516,21.3978,0.674898,14896,0
1.64868,3621.41,-69.4454,24.0856,1.10642,17341.8,0
1.9177,3621.92,-70.3521,41.2652,0.984476,14644.6,0
2.1932,3604.35,-67.9381,35.5563,1.93706,20816.3,0
2.46431,3600.66,-51.7421,42.693,2.20925,20021.4,0
2.74241,3613.41,-41.2438,38.3945,1.6126,13343.7,0
3.01612,3602.79,-49.6055,39.7561,2.10434,15653.2,0
3.28954,3605.51,-32.6801,46.0384,2.03412,13525.5,0
3.56853,3613.23,-27.1374,34.519,1.70017,10303.2,0
3.84261,3602.23,-25.868,19.8534,2.43791,12430.6,0
4.11446,3614.88,-22.4713,21.0858,1.66447,8536.91,0
4.3856,3607.89,-16.7281,34.6074,2.01943,9601.31,0
4.65549,3591.5,-30.0869,44.0891,2.87099,12565.1,0
4.93028,3585.21,-41.6893,66.8017,2.83246,13141.7,0
5.2004,3589.99,-46.1242,70.5072,2.44352,11540.2,0
5.35247,3592.68,-57.5892,81.9073,2.03488,10708.9,0
