0.159222,3631.96,-45.1841,-13.2252,0.404531,113320,0
0.321674,3637.06,-63.4403,5.37539,0.244743,40214.6,0
0.482197,3637.38,-44.4617,-13.0012,0.289035,26173,0
0.643681,3647.79,-39.5077,-31.4789,0.0652942,3428.24,0
0.80025,3645.39,-36.8502,-35.112,0.109362,5764.95,0
0.957784,3635.93,-48.7358,-23.2163,0.296157,14694.2,0
1.11583,3630.07,-46.1331,-51.4856,0.36159,17857.9,0
1.27127,3640.35,-53.7057,-48.8361,0.138491,7591.45,0
1.43004,3640.82,-60.8772,-51.0123,0.108028,6416.7,0
1.59232,3633.91,-59.7836,-62.5185,0.215333,10107.7,0
1.7535,3627.69,-61.7855,-73.9496,0.295593,12723,0
1.76666,3628.17,-62.6405,-77.9651,0.268452,12354.1,0
