0.158122,3650.68,-53.1228,-7.78286,0.00871413,-4271.78,0
0.313796,3648.84,-51.6419,-8.05952,0.0486353,3711.27,0
0.472291,3644.29,-52.057,-13.787,0.134688,12095.5,0
0.633895,3624.07,-43.0301,-26.0034,0.572531,40908.4,0
0.793191,3612.9,-47.6406,-32.9006,0.800009,46773.4,0
0.955299,3621.12,-50.0198,-28.1268,0.613432,30228.5,0
1.1144,3619.99,-65.5074,-24.661,0.580922,26927.3,0
1.27515,3609.77,-77.783,-26.3532,0.746239,31546.6,0
1.43588,3607.44,-78.7357,-18.8323,0.804685,29639.5,0
1.59812,3601.84,-88.2726,-38.4432,0.834429,30133.7,0
1.75256,3620.05,-90.2292,-43.1826,0.430241,17091.4,0
