0.158985,3646.36,-7.18562,-12.1695,0.107591,22905.3,0
0.320868,3621.68,3.84547,-16.9504,0.649222,88249.4,0
0.480563,3614.27,3.99627,-25.1077,0.810786,74340.3,0
0.639686,3624.86,4.31652,-20.3517,0.549503,39304.2,0
0.801766,3647.22,6.13994,-13.6467,0.0659236,3466.57,0
0.961879,3638.52,-7.72402,1.39382,0.254898,11939.5,0
1.11769,3645.17,-10.1795,14.4553,0.107202,4325.57,0
1.27927,3641.31,-21.1436,10.0917,0.184319,6794.43,0
1.44169,3639.34,-9.41944,9.63712,0.237823,7392.02,0
1.60445,3627.59,-12.9017,6.98848,0.499315,13965.8,0
1.76238,3639.97,-10.5746,-9.83475,0.221221,5691.35,0
1.92138,3648.24,-4.81409,-19.7152,0.0417533,915.594,0
2.08101,3626.96,-15.5472,-13.4771,0.507373,11073.4,0
2.2414,3636.82,-10.5676,-13.3636,0.29105,5878.96,0
2.3985,3633.51,21.0054,-4.86729,0.360501,6875.63,0
2.55651,3624.14,7.70275,-0.323022,0.587019,10114.7,0
2.71888,3625.88,1.98262,-6.98206,0.546552,8872.44,0
2.88033,3618.05,-2.50004,-19.7185,0.723679,11092.3,0
3.04031,3607.82,-3.7996,-17.4937,0.986231,13873.3,0
3.19726,3600.85,-9.32977,-27.7409,1.15215,15373.5,0
3.35556,3598.73,-13.4094,-25.5441,1.21448,15280,0
3.51555,3602.44,-10.6201,-31.5952,1.10316,13527.4,0
3.6753,3594.94,-5.38778,-45.5084,1.25928,14981.4,0
3.8323,3587.47,-16.7122,-40.2592,1.45566,16316.7,0
3.9905,3581.66,-4.07415,-34.7521,1.67311,17124.9,0
4.15117,3589.55,-6.99612,-28.5723,1.46934,14562.1,0
4.30974,3594.63,-8.45958,-24.3653,1.35112,12848.1,0
4.47172,3607.43,-10.5144,-16.9562,1.01453,9520.06,0
4.63341,3606.82,-1.28574,-19.5348,1.03433,9319.25,0
4.79606,3599.83,-8.68888,-19.7249,1.2106,10461.7,0
4.95528,3601.38,-2.13824,-15.6754,1.17759,9812.11,0
5.11438,3599.84,2.682,-15.2926,1.20315,9807.93,0
5.27178,3609.3,2.10638,-21.4913,0.937366,7720.58,0
5.42917,3603.58,-1.4903,-17.5809,1.09013,8549.58,0
5.58939,3623.66,0.0753258,-12.9518,0.598213,4711.67,0
5.74839,3615.54,0.737226,-10.8762,0.800835,5994.55,0
5.90958,3610.9,-2.82702,-14.781,0.911612,6616.31,0
6.06767,3608.99,0.51674,-22.0868,0.938773,6758.57,0
6.22352,3604.96,13.8823,-20.2914,1.0373,7237.12,0
6.38276,3603.21,16.3251,-12.8131,1.08576,7330.98,0
6.53892,3604.02,25.1927,-18.595,1.03025,7031.25,0
6.69797,3606.22,15.8584,-20.8033,0.984198,6536.82,0
6.8603,3599.32,11.2329,-29.6324,1.14451,7386.94,0
7.01976,3599.02,12.4726,-19.1265,1.16875,7261.73,0
7.17894,3603.01,7.90699,-25.8313,1.04897,6545.62,0
7.3381,3600.32,10.3385,-14.1543,1.13697,6770.43,0
7.4985,3602.61,26.7581,-17.4263,1.04634,6319.44,0
7.6593,3596.27,31.7081,-14.4679,1.22009,7014.5,0
7.8195,3588.08,35.3457,-13.9381,1.43347,7919.25,0
7.97854,3585.68,29.6919,-19.4799,1.48042,8061.11,0
8.1371,3587.6,37.6148,-21.3194,1.37076,7668.85,0
8.29584,3583.69,37.1392,-27.562,1.46511,7992.68,0
8.45453,3588.55,49.652,-36.2883,1.2453,7268.34,0
8.6166,3597.59,51.6378,-40.7487,0.987897,6082.52,0
8.77803,3589.99,59.1122,-35.1517,1.14678,6836.21,0
8.93983,3582.33,56.6436,-24.0318,1.39021,7569.41,0
9.10281,3588.92,49.3651,-19.4294,1.24057,6710.43,0
9.26533,3600.17,57.2241,-22.8792,0.895447,5377.77,0
9.42521,3622.23,41.9719,-18.4795,0.441803,2946.17,0
9.58315,3633.21,19.7374,-15.6722,0.243644,1752.22,0
9.74502,3634.2,8.64973,-9.10509,0.236629,1621.06,0
9.90306,3630.14,13.703,-14.9223,0.318799,2005.19,0
10.0646,3625.65,19.696,-5.30936,0.420347,2419.03,0
10.2249,3619.87,19.2232,6.53552,0.558905,2947.04,0
10.3885,3618.15,12.4509,3.83691,0.616061,3065.82,0
10.5466,3623.26,14.4344,-0.327419,0.492092,2535.68,0
10.7058,3632.34,15.6834,-11.6485,0.275473,1649.23,0
10.8675,3639.77,13.9241,-8.78032,0.116315,941.414,0
11.0271,3643.23,7.91032,-5.80096,0.0453055,613.599,0
11.1872,3645.06,6.7233,-4.93307,0.00690752,441.523,0
11.3446,3643.72,6.56404,-4.24092,0.0353793,553.134,0
11.5062,3639.51,5.88807,-8.39412,0.124451,911.711,0
11.6632,3621.99,15.1976,7.6388,0.509787,2401.23,0
11.822,3618.37,4.88434,8.08943,0.605769,2675.46,0
11.9821,3617.89,1.0139,12.0416,0.615642,2680.1,0
12.1436,3605.4,10.7219,16.5342,0.914273,3673.1,0
12.3045,3595.09,1.41143,14.3101,1.21254,4462.72,0
12.4636,3607.45,-1.04905,3.17556,0.87121,3413.87,0
12.6231,3613.82,-0.595598,3.01487,0.706518,2866.19,0
12.7865,3610.05,1.70971,9.35325,0.795761,3124.43,0
12.9471,3605.81,-7.00869,13.9082,0.898911,3413.46,0
13.1067,3607.04,-3.54352,10.4803,0.858472,3277.96,0
13.2681,3604.29,-2.76418,23.7652,0.914228,3445.4,0
13.4275,3600.09,-11.5902,30.219,1.00695,3716.83,0
13.591,3599.49,-14.5857,32.502,1.01847,3716.75,0
13.7493,3603.99,-7.07313,33.8535,0.901995,3346.04,0
13.9094,3607.58,-18.2558,33.647,0.79946,3050.06,0
14.068,3612.09,-21.0224,33.2886,0.687337,2694.53,0
14.2285,3599.82,-23.8844,29.796,1.00193,3526.79,0
14.3851,3609.26,-28.738,20.7744,0.757504,2831.83,0
14.5444,3602.71,-29.5086,27.8407,0.901631,3251.16,0
14.7051,3608.21,-21.6671,25.9218,0.781185,2842.01,0
14.8649,3597.67,-32.0918,35.7014,0.987119,3520.46,0
15.0232,3607.7,-26.3996,49.0488,0.701277,2815.79,0
15.1836,3605.05,-9.26769,64.5131,0.719381,2960.28,0
15.3448,3608.9,-2.64439,60.5944,0.649044,2678.74,0
15.5065,3616.93,-1.84994,72.7044,0.409442,2132.36,0
15.6683,3616.56,-17.0844,89.1222,0.326219,2134.48,0
15.8264,3600.31,-13.0719,76.3801,0.761112,3139.83,0
15.9855,3603.87,-15.938,83.7091,0.622031,2886.02,0
16.1451,3616.66,0.523734,77.4791,0.380904,2064.91,0
16.3076,3615.45,-1.24362,76.8689,0.41155,2118.82,0
16.4704,3627.75,-1.14732,44.6771,0.258999,1351.1,0
16.6275,3625.84,-29.939,53.8863,0.24477,1452.74,0
16.7872,3614.02,-31.1253,60.0215,0.476618,2143.54,0
16.9467,3619.92,-42.6483,41.0911,0.378458,1774.72,0
17.1084,3612.41,-48.8751,46.0379,0.511885,2197.17,0
17.2685,3604.92,-47.2325,32.7781,0.741678,2610.61,0
17.4291,3604.15,-48.2231,44.9258,0.718156,2630.92,0
17.5889,3593.77,-38.8094,45.4899,1.01453,3196.83,0
17.7511,3597.82,-33.04,46.8276,0.929391,2939.66,0
17.911,3589.53,-27.4734,53.4446,1.12762,3376.09,0
18.0716,3591.21,-28.0288,62.618,1.04407,3253.06,0
18.2307,3595.81,-39.3714,70.2349,0.856354,2972.41,0
18.3886,3604.46,-41.7152,74.8304,0.616465,2476.57,0
18.5489,3593.34,-30.8558,74.7115,0.904465,3054.79,0
18.7082,3579.53,-22.4227,82.9583,1.21019,3766.86,0
18.8699,3571.25,-14.0707,92.0644,1.35742,4173.55,0
19.0296,3579.99,-9.63506,90.8959,1.14821,3679.05,0
19.1889,3570.26,-8.40687,91.3511,1.38302,4155.74,0
19.3509,3562.46,-1.78237,96.6309,1.52393,4523.73,0
19.3824,3564.72,-0.260915,100.048,1.43694,4399.9,0
