0.158605,3648.05,-46.1046,-0.667682,0.0638311,12275.8,0
0.317435,3618.52,-39.9758,-0.065456,0.724596,99159.7,0
0.478207,3625.71,-42.9355,-4.38382,0.550918,50787.5,0
0.640163,3639.94,-45.6479,-9.91285,0.236767,15721,0
0.800346,3641.39,-42.6853,-14.3755,0.210696,10755.5,0
0.96242,3642.21,-44.3967,-17.1266,0.189269,8096.4,0
1.12286,3644.02,-46.1246,3.47621,0.157697,5326.4,0
1.28405,3644.56,-48.9003,4.41894,0.138661,4234.78,0
1.44329,3626.37,-43.872,1.86052,0.53919,16374.3,0
1.60508,3606.58,-29.877,10.2922,1.04906,27054.7,0
1.76291,3610.8,-24.6288,5.87569,0.958603,22234.3,0
1.92286,3623.25,-30.9606,10.0252,0.623984,13913.5,0
2.08281,3628.38,-21.1554,11.5724,0.524312,10378.1,0
2.24213,3625.2,-23.7119,2.24507,0.601029,11059.7,0
2.40194,3624.18,-27.5931,-12.4053,0.602213,10751.7,0
2.56131,3616.8,-25.0562,-11.3702,0.782919,12961.6,0
2.72226,3610.81,-22.8507,-2.53821,0.921724,14397.4,0
2.88196,3614.01,-20.8218,-11.1164,0.8363,12489.4,0
3.04074,3615.75,-9.94839,-17.0845,0.791125,11264.7,0
3.20168,3622.23,-9.44037,-19.9063,0.622013,8673.09,0
3.36203,3622.43,-3.25741,-12.8778,0.631277,8200.33,0
3.52238,3621.89,-0.892254,0.0233101,0.643331,7980.93,0
3.68169,3613.42,-0.433147,-10.3434,0.853496,9934.56,0
3.84151,3607.6,8.79245,-12.5191,0.976951,11036.3,0
4.00172,3618.7,-1.72937,-6.84049,0.70578,7822.23,0
4.15904,3625.78,2.66129,-5.40297,0.532507,5822.88,0
4.31772,3626.26,-1.30088,-2.36296,0.520907,5499.24,0
4.47745,3617.3,8.47033,-4.22441,0.727525,7303.39,0
4.63886,3610.71,7.3049,-4.63065,0.877827,8469.44,0
4.79993,3603.6,20.6176,-18.0501,1.03304,9667.59,0
4.95853,3608.29,15.4405,-25.3087,0.890224,8411.93,0
5.1198,3597.09,6.52472,-9.38661,1.21454,10335.2,0
5.2781,3585.57,7.11534,-9.42671,1.5391,12207,0
5.43902,3573.16,0.5276,-13.9841,1.92716,14127.5,0
5.59914,3570.03,-0.66831,-28.1354,1.98729,14281.7,0
5.757,3562.78,-2.4065,-33.6611,2.18274,15149.9,0
5.91986,3560.66,-0.963257,-44.4825,2.18601,15090.7,0
6.07815,3558.19,-3.10388,-41.929,2.27251,15105.5,0
6.23852,3542.66,4.41441,-36.2351,2.94001,17206.8,0
6.39461,3551.28,-9.44572,-38.674,2.48107,15437.9,0
6.55112,3543.92,2.28982,-37.5599,2.77307,16192.1,0
6.71606,3553.86,7.7785,-38.7645,2.27435,14314.6,0
6.87577,3546.67,4.24519,-26.1567,2.70601,15028.8,0
7.03377,3541.2,15.732,-26.0376,2.91374,15468.7,0
7.19551,3539.11,18.0082,-30.7549,2.9014,15410.8,0
7.35429,3543.66,24.4039,-25.7916,2.6767,14460,0
7.5123,3546.83,30.0876,-24.2222,2.45159,13733.2,0
7.66694,3543.47,29.0989,-17.5849,2.55587,13894.3,0
7.82898,3538.08,32.784,-25.8994,2.65842,14295.1,0
7.98976,3530.61,34.9058,-24.3247,2.97323,14943.2,0
8.15169,3530.29,35.3412,-30.2533,2.82462,14685.3,0
8.31181,3530.27,42.7518,-19.5912,2.81801,14404.7,0
8.47029,3532.28,48.9947,-13.3069,2.58588,13897.9,0
8.63589,3537.69,47.8333,-8.88291,2.36133,13004.8,0
8.79698,3527.71,36.1601,-5.62064,3.01373,13901.5,0
8.95589,3524.69,37.7812,4.8147,3.1101,13991.4,0
9.11541,3534.58,36.7331,-5.66991,2.5935,12662.5,0
9.27821,3536.95,40.2021,-12.4152,2.31559,12184.8,0
9.43696,3533.51,39.4222,-11.3674,2.50283,12343.8,0
9.5982,3533.52,40.8265,-14.0486,2.3978,12135.2,0
9.75823,3530.97,44.5024,-0.844908,2.47794,12198.4,0
9.91821,3532.38,38.9429,8.536,2.4504,11859.4,0
10.0788,3533.39,42.928,10.1172,2.26935,11570.2,0
10.2375,3535.91,40.5944,16.9569,2.15122,11144.3,0
10.3995,3530.6,40.5272,11.4172,2.39074,11481.3,0
10.5549,3526.01,41.298,15.3641,2.51278,11747.6,0
10.7131,3527.08,43.6942,15.9658,2.37644,11473.8,0
10.8742,3534.11,36.9318,8.84149,2.17087,10657.4,0
11.034,3537.49,21.121,10.6161,2.19353,10196.5,0
11.1901,3528.32,14.7171,8.0932,2.77577,10874.2,0
11.3503,3530.68,11.2332,1.18295,2.68097,10512.5,0
11.5092,3535.85,12.2923,0.0627829,2.2751,9917.97,0
11.6682,3530,8.3026,-11.1258,2.64558,10284.5,0
11.8293,3527.71,-0.394173,-22.8487,2.62345,10337.6,0
11.9901,3538.39,1.08645,-23.935,1.94173,9308.67,0
12.1509,3536.65,5.32779,-26.5365,1.97423,9328.6,0
12.3114,3532.25,15.7901,-28.6725,2.08885,9564,0
12.4684,3535.36,9.19195,-33.0611,1.89814,9194.4,0
12.6279,3528.54,12.5733,-27.0308,2.34108,9618.71,0
12.7897,3533.09,17.0529,-21.2832,2.13403,9140.56,0
12.9483,3530.25,21.3811,-26.0907,2.11643,9248.01,0
13.1063,3530.46,15.2538,-18.979,2.2689,9120.74,0
13.2665,3525.12,17.1979,-18.5846,2.50982,9413.35,0
13.4277,3539.03,12.9007,-22.5501,1.68319,8263.95,0
13.5878,3541.29,17.3857,-19.2714,1.57566,8000.65,0
13.7493,3545.14,18.9909,-20.2663,1.34853,7626.92,0
13.9105,3537.42,31.2272,-18.0578,1.58884,8093.44,0
14.0707,3541.1,32.7614,-25.3142,1.33922,7739.56,0
14.2277,3559.59,51.398,-26.2927,0.433539,6354.42,0
14.3869,3558.89,50.1609,-39.7398,0.388508,6333.14,0
14.5488,3555.68,32.3111,-31.4397,0.701786,6483.08,0
14.7112,3570,43.519,-17.5503,0.195497,5438.15,0
14.8715,3556.29,51.4604,-38.5724,0.477034,6301.14,0
15.03,3546.37,51.148,-20.5558,0.926917,6894.82,0
15.1884,3544.48,46.7863,-30.8163,0.970542,6947.21,0
15.3472,3541.05,49.5338,-22.2799,1.12218,7099.31,0
15.5061,3541.94,56.7099,-19.5791,1.00718,6968.87,0
15.6653,3532.57,60.7553,-14.4096,1.30288,7496.29,0
15.8231,3531.7,73.1883,-20.033,1.0938,7476.66,0
15.9825,3539.39,60.2919,-3.3115,1.07862,6920.99,0
16.1431,3534.64,54.7735,-4.50664,1.34705,7145.82,0
16.3017,3534.33,58.3424,5.59095,1.27658,7095.37,0
16.4621,3545.1,61.3854,6.6667,0.846998,6372.26,0
16.6251,3554.72,67.0235,8.48003,0.454778,5731.3,0
16.7806,3548.81,73.1536,-2.52878,0.571295,6030.15,0
16.9412,3544.52,65.821,-2.70435,0.81381,6226.13,0
17.1008,3548.41,74.8479,-6.45491,0.562748,5940.86,0
17.2621,3555.92,81.5783,-16.8843,0.240264,5450.1,0
17.4211,3532.59,85.2172,-18.0936,0.870735,6739.41,0
17.5841,3530.28,89.2946,-12.5201,0.875005,6808.32,0
17.7439,3517.99,90.2445,-29.1313,1.15728,7439.89,0
17.9036,3534.95,91.763,-26.3511,0.637035,6426.17,0
17.9428,3541.33,94.6065,-32.4075,0.394575,6056.19,0
