0.157511,3647.82,3.24379,-28.4493,0.0743585,13816.7,0
0.319015,3650.64,2.90525,-29.0022,0.0164333,-2005.98,0
0.481129,3650.64,2.9901,-31.4345,0.0129886,-1330.06,0
0.639928,3643.51,0.60851,-36.1456,0.149752,10136.8,0
0.802311,3626.81,17.7664,-51.3244,0.459085,28906.3,0
0.966035,3632.76,4.59342,-44.4275,0.358067,17843.4,0
1.12674,3632.27,-11.0892,-56.7547,0.329937,15738.6,0
1.28531,3634.47,-23.2286,-57.2835,0.27096,12079.7,0
1.44689,3624.49,-25.0201,-42.5515,0.526622,17632,0
1.60644,3616.98,-23.9541,-53.3816,0.660074,20555.8,0
1.76374,3621.6,-1.19199,-50.5093,0.583253,16099.6,0
1.92194,3618.21,-5.58029,-63.0164,0.611731,16542.1,0
2.08182,3609.33,0.76901,-54.7928,0.853667,19536.7,0
2.24183,3607.44,-9.58822,-62.1673,0.861092,18985.3,0
2.40322,3604.08,-8.56051,-60.1545,0.96147,19108.4,0
2.5631,3618.25,7.29868,-71.7912,0.577543,12386.7,0
2.72326,3622.7,18.0675,-61.068,0.5132,10022.9,0
2.88149,3643.33,20.9043,-49.5121,0.111067,2316.06,0
3.04187,3641.04,21.8932,-45.8259,0.165421,2945.71,0
3.19922,3637.72,17.9654,-34.3139,0.265978,3838.11,0
3.35838,3630.02,-7.22605,-25.9147,0.459157,5948.77,0
3.51635,3637.83,16.0925,-2.56923,0.299668,3461.36,0
3.67843,3647.06,27.6563,-0.393349,0.0911712,800.497,0
3.83681,3631.99,31.8282,26.402,0.382585,4693.69,0
3.99555,3636.15,42.2907,40.4836,0.247006,3466.19,0
4.1544,3640.58,58.3038,52.3475,0.0889371,2268.25,0
4.31429,3620.02,51.9857,49.2761,0.537482,6948.29,0
4.4712,3623.96,56.7957,43.4133,0.451471,5824.64,0
4.63412,3617.9,50.8234,50.668,0.578651,6927.4,0
4.79463,3610.12,46.1652,48.5338,0.778447,8317.13,0
4.95383,3612.99,36.2031,53.1583,0.724981,7470.85,0
5.11644,3622.31,40.7225,52.5226,0.510738,5412.68,0
5.27432,3612.42,40.8948,37.7587,0.779289,7125.54,0
5.43353,3609.35,38.9487,30.842,0.877831,7482.22,0
5.59514,3618.33,26.6341,40.9192,0.665246,5660.24,0
5.75033,3637.2,4.9336,44.7862,0.259795,2226.25,0
5.90929,3629.21,-11.4584,61.0358,0.377314,3518.93,0
6.06929,3613.33,-21.1156,51.7973,0.757892,6041.84,0
6.23201,3616.33,-24.8719,56.1664,0.660926,5402.91,0
6.39419,3627.59,-14.1381,39.5275,0.472589,3504.88,0
6.55368,3626.33,-31.6818,52.6942,0.4367,3611.78,0
6.7112,3619.11,-32.3747,64.4655,0.551955,4602.54,0
6.8726,3626.52,-40.6645,69.9977,0.35061,3416.97,0
7.03658,3620.76,-58.1566,69.3877,0.42284,4154.74,0
7.19914,3636.21,-45.4995,35.6717,0.235423,1915.63,0
7.36116,3619.21,-67.9859,37.1162,0.520113,4183.23,0
7.52184,3624.9,-64.9049,37.2372,0.408244,3337.01,0
7.68355,3634.03,-57.5348,31.6385,0.253761,2078.75,0
7.84469,3614.51,-59.8756,25.6473,0.677809,4524.46,0
8.00365,3612.06,-60.1317,27.6329,0.731776,4740.82,0
8.16378,3603.93,-63.3883,32.9496,0.894064,5643.55,0
8.32439,3611.21,-61.1315,41.5186,0.713151,4659.82,0
8.48341,3603.95,-42.6507,38.202,0.969276,5428.32,0
8.64135,3597.32,-48.343,35.4923,1.11996,6095.69,0
8.80107,3584.48,-51.6823,40.4722,1.41537,7444.86,0
8.9644,3584.54,-61.8153,36.545,1.37612,7302.64,0
9.12519,3591.73,-62.6134,29.0429,1.20557,6386.1,0
9.28792,3595.62,-64.6984,20.986,1.11388,5854.83,0
9.44418,3574.18,-73.1755,27.3014,1.59287,8028.04,0
9.60078,3568.03,-68.1916,21.7313,1.78711,8538.07,0
9.764,3566.53,-73.0587,17.3997,1.76829,8548.45,0
9.92142,3571.38,-65.9593,14.7131,1.69359,7924.35,0
10.0804,3575.82,-72.5883,15.3739,1.51787,7358.67,0
10.2427,3574.43,-68.8165,2.23992,1.58734,7378.02,0
10.3998,3575.88,-61.3621,-7.78674,1.58871,7126.81,0
10.5626,3584.73,-61.9382,-4.30951,1.33085,6179.13,0
10.7223,3584.08,-68.8603,-9.15715,1.29341,6148.26,0
10.8786,3580.21,-75.8902,-9.24413,1.3458,6415.45,0
11.0348,3580.93,-77.7871,-5.36986,1.32395,6259.17,0
11.1936,3570.49,-77.3892,-3.65843,1.58869,7103.39,0
11.3523,3563.02,-74.9033,-4.74611,1.80471,7661.99,0
11.5139,3564.2,-75.2641,6.43637,1.76384,7451.58,0
11.6764,3568.32,-72.11,5.23998,1.68231,6995.18,0
11.8357,3562.18,-73.0762,4.32868,1.83708,7420.25,0
11.9971,3565.18,-73.3839,6.10789,1.72256,7070.01,0
12.1577,3567.27,-64.7293,11.7416,1.71806,6804.33,0
12.3167,3573.51,-60.9356,19.7744,1.53577,6210.56,0
12.4759,3581.87,-61.0803,18.9919,1.31136,5460.93,0
12.6331,3585.93,-63.3445,17.5053,1.18296,5071.94,0
12.794,3593.51,-73.021,23.6322,0.917713,4415.35,0
12.952,3595.56,-81.009,20.2771,0.822137,4203,0
13.1115,3592.93,-76.7427,12.323,0.930377,4352.36,0
13.2716,3603.63,-75.565,16.9839,0.675239,3493.98,0
13.4323,3595.05,-85.9025,30.9649,0.784858,4091.04,0
13.5873,3606.46,-88.987,38.4954,0.497404,3204.2,0
13.7478,3623.48,-84.7896,40.9305,0.15928,1929.3,0
13.9072,3616.96,-83.1998,28.3074,0.324358,2376.07,0
13.9688,3611.45,-96.4509,26.4891,0.372696,2759.58,0
