0.0254351,4.14265,0,0,0.224868,162871,0
0.0492698,4.8788,0,0,0.265081,99022.2,0
0.0753525,0.08012,0,0,0.0110766,1063.27,0
0.101759,1.67999,0,0,0.0957612,16509.5,0
0.122129,7.35382,0,0,0.396089,60213.4,0
0.149512,21.0733,0,0,1.12229,140948,0
0.177465,24.6517,0,0,1.31121,138910,0
0.204813,39.2767,0,0,2.08435,191768,0
0.233969,18.2604,0,0,0.971911,78046.5,0
0.261988,5.52739,0,0,0.297923,21097.9,0
0.287806,0.271235,0,0,0.0197036,942.424,0
0.312742,5.12795,0,0,0.276721,16396.8,0
0.334533,14.1423,0,0,0.753871,42274.9,0
0.357563,28.4792,0,0,1.51275,79647.9,0
0.381531,37.9462,0,0,2.01836,99457.6,0
0.402881,41.3875,0,0,2.19085,102729,0
0.429436,24.4298,0,0,1.29468,56888,0
0.456509,10.7095,0,0,0.56797,23459.5,0
0.47631,3.68158,0,0,0.195967,7729.39,0
0.501758,0.0143211,0,0,0.00185119,28.5419,0
0.526656,0.560276,0,0,0.0305271,1063.84,0
0.551819,6.11937,0,0,0.324782,11089.4,0
0.574896,16.4043,0,0,0.869183,28534.3,0
0.598007,16.4981,0,0,0.872574,27588.5,0
0.622836,31.4974,0,0,1.66444,50571,0
0.644564,37.8008,0,0,1.99422,58645.5,0
0.671946,24.2926,0,0,1.27785,36152.6,0
0.697076,10.3786,0,0,0.541359,14888.8,0
0.725465,1.73935,0,0,0.0840633,2397.57,0
0.750702,0.365074,0,0,0.0113198,486.311,0
0.781611,0.214498,0,0,0.00300191,274.43,0
0.805995,3.77751,0,0,0.1916,4686.77,0
0.835113,0.15053,0,0,6.04753e-05,180.251,0
0.857873,2.66915,0,0,0.133377,3111.36,0
0.889454,10.3368,0,0,0.540165,11621.5,0
0.91297,2.65786,0,0,0.133701,2911.22,0
0.937477,0.138945,0,0,0.000369362,148.211,0
0.96286,3.43027,0,0,0.174586,3562.58,0
0.990817,14.0034,0,0,0.734248,14133.2,0
1.02264,30.0427,0,0,1.58006,29377.5,0
1.04557,47.4388,0,0,2.49598,45371.4,0
1.07158,37.7373,0,0,1.98272,35216.4,0
1.09439,39.467,0,0,2.07639,36063.2,0
1.1209,20.9351,0,0,1.09255,18677,0
1.14559,8.46308,0,0,0.43238,7387.53,0
1.17414,1.12137,0,0,0.0437672,955.061,0
1.19684,4.24973,0,0,0.209477,3550.8,0
1.21827,12.2097,0,0,0.630815,10022.2,0
1.24154,16.4556,0,0,0.856072,13254.2,0
1.267,33.4571,0,0,1.756,26406.5,0
1.28895,22.7756,0,0,1.19013,17669.9,0
1.31266,25.5525,0,0,1.33202,19466.2,0
1.34331,17.2051,0,0,0.888777,12807.9,0
1.37051,5.43636,0,0,0.265833,3966.66,0
1.39535,0.711797,0,0,0.0157522,510.12,0
1.42206,2.04675,0,0,0.0864143,1439.29,0
1.44898,10.1171,0,0,0.513597,6982.25,0
1.47546,13.4499,0,0,0.68877,9115.71,0
1.5013,22.152,0,0,1.15075,14755.2,0
1.52754,16.6134,0,0,0.856795,10875.9,0
1.55466,33.4696,0,0,1.74909,21528.5,0
1.57891,42.7851,0,0,2.24627,27097.8,0
1.60523,41.6195,0,0,2.19317,25927.4,0
1.63189,29.4896,0,0,1.54665,18070.8,0
1.65654,14.1288,0,0,0.733566,8529.09,0
1.67973,4.84994,0,0,0.242417,2887.33,0
1.70306,0.569473,0,0,0.0158425,334.381,0
1.72915,0.853177,0,0,0.0310183,493.408,0
1.7544,1.1845,0,0,0.0485557,675.159,0
1.77657,6.37356,0,0,0.323224,3587.57,0
1.80097,17.3832,0,0,0.90599,9652.12,0
1.82463,23.8552,0,0,1.24809,13074,0
1.8506,40.6887,0,0,2.14037,21986.7,0
1.8728,53.4397,0,0,2.80949,28534.7,0
1.90273,36.7336,0,0,1.9274,19305.8,0
1.9249,20.761,0,0,1.08193,10785.5,0
1.94965,23.17,0,0,1.20531,11884.2,0
1.97481,40.2434,0,0,2.11138,20378.3,0
2.00081,29.2559,0,0,1.52653,14622,0
2.02493,14.2865,0,0,0.732652,7055.3,0
2.05141,31.0074,0,0,1.61773,15115.1,0
2.07585,28.0333,0,0,1.46095,13504.5,0
2.1035,11.7652,0,0,0.599836,5593.15,0
2.12908,3.05748,0,0,0.138919,1436.06,0
2.15314,0.433497,0,0,2.6294e-05,201.333,0
2.17887,3.59694,0,0,0.167474,1650.83,0
2.20189,11.6563,0,0,0.594073,5293.77,0
2.22533,9.86492,0,0,0.500278,4433.02,0
2.24753,2.84349,0,0,0.128619,1265.16,0
2.27061,1.13373,0,0,0.0382791,499.308,0
2.2946,6.59899,0,0,0.327567,2875.88,0
2.32013,18.3082,0,0,0.947358,7890.99,0
2.34498,29.7772,0,0,1.55226,12698.3,0
2.36816,30.6326,0,0,1.59289,12935.2,0
2.39642,33.1162,0,0,1.72318,13819,0
2.41987,34.2472,0,0,1.78425,14152.5,0
2.44545,49.7899,0,0,2.60716,20360.2,0
2.46955,57.513,0,0,3.0175,23288.8,0
2.4948,73.2909,0,0,3.85851,29377.4,0
2.514,61.5446,0,0,3.22805,24480.8,0
2.53967,61.1276,0,0,3.21461,24069.1,0
2.56431,65.7677,0,0,3.4602,25647.3,0
2.58907,73.2831,0,0,3.85303,28304.8,0
2.61906,84.3157,0,0,4.43161,32193.1,0
2.64039,68.8221,0,0,3.61692,26065.1,0
2.66483,58.1416,0,0,3.03994,21818.1,0
2.69349,64.8146,0,0,3.39582,24063.4,0
2.71844,75.58,0,0,3.97597,27802.7,0
2.74876,74.1896,0,0,3.90424,26990.2,0
2.77495,68.6681,0,0,3.61529,24745.7,0
2.79881,60.8852,0,0,3.19522,21754,0
2.82744,66.9644,0,0,3.50665,23683.7,0
2.85616,66.0065,0,0,3.44772,23110.2,0
2.87851,63.8904,0,0,3.3439,22195.7,0
2.90371,67.1511,0,0,3.51255,23126,0
2.92563,76.0789,0,0,3.99795,26004.3,0
2.95062,53.4178,0,0,2.79564,18103.9,0
2.97441,57.1672,0,0,2.99097,19219.6,0
2.99956,65.6757,0,0,3.43291,21895.1,0
3.02867,48.783,0,0,2.5361,16107.1,0
3.04964,33.9089,0,0,1.75054,11119,0
3.07964,27.6882,0,0,1.41939,8990.74,0
3.10751,34.3101,0,0,1.76895,11041,0
3.13376,35.2394,0,0,1.81961,11245.1,0
3.15654,19.4253,0,0,0.982541,6154,0
3.18051,23.1507,0,0,1.18066,7278.92,0
3.2081,15.9416,0,0,0.797904,4969.17,0
3.23262,5.74678,0,0,0.25827,1777.75,0
3.25507,1.32556,0,0,0.0242456,407.229,0
3.28001,1.91929,0,0,0.055673,585.147,0
3.30427,8.05998,0,0,0.380713,2439.26,0
3.32402,17.1086,0,0,0.859678,5146.97,0
3.34891,33.6901,0,0,1.73894,10060,0
3.37406,30.711,0,0,1.57772,9102.11,0
3.40306,29.3105,0,0,1.50179,8613,0
3.43189,14.7204,0,0,0.727262,4289.31,0
3.45907,4.40851,0,0,0.181429,1274.48,0
3.48259,1.04128,0,0,0.0031947,298.996,0
3.50326,2.33845,0,0,0.0718564,667.506,0
3.52834,9.25829,0,0,0.438138,2623.98,0
3.55237,21.3849,0,0,1.08003,6019.9,0
3.57877,11.4764,0,0,0.557042,3206.8,0
3.60607,2.85902,0,0,0.100906,792.835,0
3.62704,0.955285,0,0,0.000137516,263.379,0
3.65476,4.72928,0,0,0.199903,1294,0
3.67665,10.2323,0,0,0.491727,2783.05,0
3.69854,3.35804,0,0,0.127856,907.936,0
3.72291,5.25288,0,0,0.228333,1410.96,0
3.75203,17.4631,0,0,0.874645,4654.3,0
3.7774,24.7883,0,0,1.26329,6562.26,0
3.80251,31.8661,0,0,1.63965,8380.28,0
3.82881,53.7207,0,0,2.79343,14030.6,0
3.85587,45.2688,0,0,2.34726,11740.2,0
3.8828,67.362,0,0,3.52229,17348.8,0
3.90533,54.7146,0,0,2.84701,14010.2,0
3.93762,73.1842,0,0,3.82901,18585.9,0
3.96498,78.1186,0,0,4.09344,19702.1,0
3.99008,70.981,0,0,3.71967,17789.4,0
4.01786,58.9133,0,0,3.07612,14662.9,0
4.04327,66.196,0,0,3.44245,16371.9,0
4.0655,71.6653,0,0,3.73748,17627.7,0
4.09388,49.9114,0,0,2.58086,12191.7,0
4.11678,35.3484,0,0,1.80619,8586.42,0
4.14443,36.7618,0,0,1.87831,8870.16,0
4.1723,31.4019,0,0,1.59383,7526.28,0
4.19827,35.0071,0,0,1.78441,8338.46,0
4.21947,27.8136,0,0,1.40366,6591.73,0
4.24459,31.8752,0,0,1.6194,7509.59,0
4.27261,20.0254,0,0,0.991197,4686.91,0
4.29784,19.6853,0,0,0.976167,4580.27,0
4.32022,11.5243,0,0,0.54513,2667.53,0
4.34491,25.1805,0,0,1.26798,5795.39,0
4.37211,39.0003,0,0,1.99962,8920.24,0
4.39428,39.851,0,0,2.04519,9068.83,0
4.42269,38.9888,0,0,2.00195,8815.63,0
4.44415,43.9939,0,0,2.27379,9899.28,0
4.46933,43.6832,0,0,2.25894,9773.99,0
4.49084,45.2985,0,0,2.34646,10086.9,0
4.51658,66.0116,0,0,3.44162,14615.4,0
4.54317,62.8791,0,0,3.26964,13840.4,0
4.57232,76.0052,0,0,3.9695,16622.9,0
4.59755,84.0253,0,0,4.39805,18276.1,0
4.62536,88.4742,0,0,4.6216,19128.1,0
4.65073,77.7476,0,0,4.04795,16717.3,0
4.67878,88.2191,0,0,4.60343,18855.1,0
4.70534,68.9867,0,0,3.58583,14661.4,0
4.7304,51.6424,0,0,2.66698,10917.1,0
4.75422,41.3142,0,0,2.11732,8690,0
4.78006,58.3316,0,0,3.01788,12203.1,0
4.80518,46.5535,0,0,2.39592,9688.19,0
4.83064,26.1944,0,0,1.31827,5422.56,0
4.85576,31.8911,0,0,1.61504,6567.68,0
4.88076,27.2497,0,0,1.36871,5583.09,0
4.90466,39.6265,0,0,2.02373,8079.35,0
4.93283,32.249,0,0,1.62965,6537.61,0
4.95708,27.211,0,0,1.36268,5489.33,0
4.98614,32.7168,0,0,1.65467,6561.54,0
5.01123,40.1681,0,0,2.04985,8015.62,0
5.03477,24.0901,0,0,1.20119,4784.74,0
5.05854,17.2662,0,0,0.840749,3413.27,0
5.0809,24.574,0,0,1.22375,4836.54,0
5.10469,17.0099,0,0,0.82427,3332.22,0
5.12934,23.9294,0,0,1.18809,4665.21,0
5.15282,11.3122,0,0,0.520227,2195.34,0
5.17878,20.6523,0,0,1.01554,3987.88,0
5.20578,40.1949,0,0,2.04997,7721.21,0
5.23227,35.9128,0,0,1.8258,6863.72,0
5.25682,44.4475,0,0,2.27285,8455.2,0
5.28234,43.2722,0,0,2.20518,8191.86,0
5.30546,58.1846,0,0,2.99331,10966.9,0
5.32855,50.5846,0,0,2.58409,9493.12,0
5.35002,39.2435,0,0,1.98176,7335.2,0
5.37659,20.3417,0,0,0.981252,3783.39,0
5.40064,24.4939,0,0,1.20382,4535.37,0
5.42597,22.6008,0,0,1.10376,4165.3,0
5.45015,28.342,0,0,1.40612,5200.23,0
5.47799,16.3571,0,0,0.773984,2985.97,0
5.50364,6.03358,0,0,0.227537,1096.29,0
5.52927,1.83972,0,0,0.00554708,332.724,0
5.55325,3.45856,0,0,0.0912355,622.799,0
5.5821,12.5091,0,0,0.570302,2240.94,0
5.605,7.2065,0,0,0.28831,1285.73,0
5.63329,1.92192,0,0,0.0085853,341.171,0
5.65936,1.82641,0,0,0.00371377,322.723,0
5.68486,3.85234,0,0,0.110934,677.648,0
5.70507,9.74803,0,0,0.423006,1708.66,0
5.73358,24.5379,0,0,1.20587,4279.68,0
5.75617,28.8101,0,0,1.43096,5005.07,0
5.78498,22.8185,0,0,1.11094,3944.44,0
5.81201,9.31832,0,0,0.396347,1603.29,0
5.83377,3.39505,0,0,0.0828154,581.964,0
5.85387,1.84505,0,0,0.000770973,315.185,0
5.88348,6.41973,0,0,0.242918,1091.14,0
5.90926,17.0563,0,0,0.805937,2886.37,0
5.93284,17.7951,0,0,0.846465,2999.41,0
5.95727,9.53049,0,0,0.40879,1599.81,0
5.985,2.59332,0,0,0.0415904,433.303,0
6.01578,3.28365,0,0,0.0781311,545.839,0
6.04157,10.6599,0,0,0.46857,1764.42,0
6.06789,7.88265,0,0,0.322255,1299.08,0
6.09079,2.61281,0,0,0.043311,428.978,0
6.11534,2.38934,0,0,0.031482,390.712,0
6.14025,7.90307,0,0,0.323336,1287.09,0
6.16556,19.3953,0,0,0.932785,3145.76,0
6.18878,35.0584,0,0,1.76111,5664.84,0
6.21267,35.075,0,0,1.75842,5645.72,0
6.23837,33.5505,0,0,1.68053,5378.1,0
6.26031,38.2723,0,0,1.93091,6113.48,0
6.28414,42.136,0,0,2.13178,6705.13,0
6.30642,50.5768,0,0,2.5817,8019.9,0
6.32901,51.7462,0,0,2.64371,8176.04,0
6.35486,70.1111,0,0,3.60491,11032.7,0
6.37927,66.8497,0,0,3.42829,10479.2,0
6.40302,54.8267,0,0,2.791,8562.62,0
6.42862,65.2515,0,0,3.34616,10150.2,0
6.44901,74.2376,0,0,3.82893,11511.5,0
6.47192,76.7425,0,0,3.95221,11857.8,0
6.49398,62.0953,0,0,3.17158,9561.98,0
6.51939,62.0598,0,0,3.16035,9519.28,0
6.54969,62.3189,0,0,3.15451,9514.79,0
6.57596,64.8899,0,0,3.28485,9867.75,0
6.60243,49.4928,0,0,2.47329,7496.15,0
6.62645,29.766,0,0,1.42911,4492.01,0
6.65127,20.3592,0,0,0.931851,3060.95,0
6.67903,8.05087,0,0,0.280344,1205.4,0
6.70673,3.09884,0,0,0.0181214,462.049,0
6.73258,8.2777,0,0,0.29225,1229.5,0
6.75507,17.8452,0,0,0.798677,2641.75,0
6.78061,9.32731,0,0,0.348432,1375.59,0
6.80918,3.12337,0,0,0.0200439,458.7,0
6.83662,7.50841,0,0,0.252292,1098.26,0
6.86103,14.2716,0,0,0.610677,2080.09,0
6.88897,4.95334,0,0,0.117443,719.025,0
6.91948,3.08659,0,0,0.0186313,446.072,0
6.94077,2.98263,0,0,0.0133849,429.726,0
6.96378,7.02732,0,0,0.227479,1009.13,0
6.98796,16.5976,0,0,0.734055,2375.17,0
7.01651,34.9081,0,0,1.70327,4975.13,0
7.03794,34.0001,0,0,1.65347,4830.97,0
7.06865,38.0651,0,0,1.86943,5385.06,0
7.08895,30.7301,0,0,1.4816,4334.92,0
7.11388,51.6233,0,0,2.58752,7256.71,0
7.14403,55.1666,0,0,2.77285,7722.06,0
7.1662,43.0167,0,0,2.12768,6002.72,0
7.19423,54.6135,0,0,2.74374,7591.29,0
7.21869,63.1603,0,0,3.19169,8749.55,0
7.23945,55.8229,0,0,2.8045,7710.93,0
7.26608,54.5251,0,0,2.74066,7504.06,0
7.29293,52.6402,0,0,2.62985,7217.97,0
7.31871,51.7922,0,0,2.59177,7076.68,0
7.34638,48.1499,0,0,2.39971,6554.24,0
7.37341,45.9543,0,0,2.28209,6232.43,0
7.40008,42.7419,0,0,2.11355,5775.87,0
7.43007,28.7904,0,0,1.36946,3874.85,0
7.45597,26.143,0,0,1.23049,3506.32,0
7.4796,41.847,0,0,2.06148,5594.83,0
7.50559,23.1981,0,0,1.07545,3090.78,0
7.53041,10.7942,0,0,0.418881,1433.42,0
7.55573,4.05856,0,0,0.0623472,537.15,0
7.58077,3.26995,0,0,0.0206046,431.349,0
7.60828,9.13957,0,0,0.331296,1201.27,0
7.63475,21.4477,0,0,0.982793,2809.22,0
7.66007,12.214,0,0,0.494757,1594.51,0
7.68635,20.859,0,0,0.952049,2713.76,0
7.70967,11.8772,0,0,0.478518,1540.56,0
7.73578,4.33558,0,0,0.0793243,560.458,0
7.76351,3.28401,0,0,0.0236623,423.005,0
7.79151,4.06601,0,0,0.0649674,521.852,0
7.81992,12.1245,0,0,0.491521,1550.46,0
7.84599,13.4014,0,0,0.559821,1708.06,0
7.86771,5.95456,0,0,0.165644,756.835,0
7.8903,2.87696,0,0,0.00273993,364.62,0
7.91744,3.33906,0,0,0.0272906,421.735,0
7.93961,7.80323,0,0,0.263589,982.823,0
7.96725,19.784,0,0,0.897758,2483.17,0
7.99357,37.8045,0,0,1.85162,4729.36,0
8.01976,41.1476,0,0,2.02711,5130.77,0
8.04647,51.3407,0,0,2.56854,6380.53,0
8.07135,62.8362,0,0,3.17488,7785.09,0
8.09579,65.3434,0,0,3.31015,8071.28,0
8.12193,68.7522,0,0,3.48882,8465,0
8.14818,74.5701,0,0,3.79624,9151.76,0
8.17062,82.6676,0,0,4.23016,10117.7,0
8.1932,80.7562,0,0,4.12094,9856.49,0
8.217,73.4829,0,0,3.72994,8942.8,0
8.24297,65.0343,0,0,3.28264,7889.67,0
8.26623,57.8887,0,0,2.9124,7003.04,0
8.29315,55.1105,0,0,2.76537,6645.31,0
8.31865,54.9991,0,0,2.75755,6611.54,0
8.34419,51.7034,0,0,2.5816,6196.33,0
8.36581,47.0307,0,0,2.33189,5621.77,0
8.39029,72.0039,0,0,3.65377,8581.81,0
8.41847,50.3239,0,0,2.49427,5977.79,0
8.44241,35.6974,0,0,1.72155,4228.34,0
8.46523,30.9329,0,0,1.46777,3654.11,0
8.48714,21.1973,0,0,0.950144,2497.58,0
8.51654,21.1693,0,0,0.947014,2485.67,0
8.53899,10.5559,0,0,0.385223,1236.2,0
8.56406,4.25089,0,0,0.0514855,496.363,0
8.59094,3.99773,0,0,0.0380852,465.342,0
8.61653,10.0149,0,0,0.356588,1162.29,0
8.64352,17.3696,0,0,0.748878,2009.55,0
8.67095,15.878,0,0,0.668617,1831.17,0
8.69638,11.0337,0,0,0.413717,1268.77,0
8.72743,3.67466,0,0,0.0241881,421.048,0
8.75012,3.97998,0,0,0.0403491,454.848,0
8.77465,9.70475,0,0,0.343374,1106,0
8.79888,15.61,0,0,0.656642,1774.09,0
8.81875,7.89613,0,0,0.248331,895.379,0
8.84312,3.45681,0,0,0.0133479,390.904,0
8.86757,3.55305,0,0,0.0183743,400.679,0
8.89415,8.98445,0,0,0.30587,1010.15,0
8.92056,20.8987,0,0,0.936519,2342.76,0
8.94392,16.0801,0,0,0.67988,1797.88,0
8.96725,30.0313,0,0,1.41835,3348.99,0
8.9921,40.0955,0,0,1.95192,4458.97,0
9.01383,24.2819,0,0,1.11488,2693.86,0
9.03724,15.5415,0,0,0.651811,1719.71,0
9.06583,5.65378,0,0,0.128435,623.635,0
9.0898,3.23345,0,0,0.000321694,355.723,0
9.11234,5.84099,0,0,0.138344,640.998,0
9.13878,14.9338,0,0,0.619644,1634.11,0
9.16796,5.78457,0,0,0.136077,630.955,0
9.19258,3.21966,0,0,0.000310441,350.246,0
9.21874,6.68362,0,0,0.183665,725.004,0
9.24675,17.4608,0,0,0.754122,1888.31,0
9.27038,31.8311,0,0,1.51447,3433.63,0
9.29791,16.8244,0,0,0.718674,1809.48,0
9.32471,6.69029,0,0,0.182254,717.48,0
9.35,3.2638,0,0,0.000881626,349.069,0
9.37176,5.08545,0,0,0.0973055,542.636,0
9.39879,13.4959,0,0,0.542491,1435.92,0
9.42165,24.3291,0,0,1.11597,2582.26,0
9.44759,18.0201,0,0,0.782991,1907.37,0
9.47294,7.70182,0,0,0.236824,813.034,0
9.50034,5.46118,0,0,0.118003,574.841,0
9.52358,12.7164,0,0,0.502037,1335.25,0
9.54959,20.6576,0,0,0.920744,2163.2,0
9.57135,19.3517,0,0,0.850727,2021.84,0
9.60293,6.71385,0,0,0.181777,699.146,0
9.62706,3.32223,0,0,0.00225111,345.093,0
9.65188,5.49376,0,0,0.117195,569.19,0
9.67512,12.7313,0,0,0.500292,1315.88,0
9.70003,26.0774,0,0,1.20673,2688.39,0
9.72515,29.1515,0,0,1.36727,2997.54,0
9.75342,26.632,0,0,1.23821,2730.53,0
9.78047,13.4396,0,0,0.54027,1374.13,0
9.80149,6.33046,0,0,0.163968,645.867,0
9.82639,3.23642,0,0,0.000193099,329.36,0
9.85187,6.05243,0,0,0.149251,614.343,0
9.87612,14.349,0,0,0.588406,1452.9,0
9.90236,12.2684,0,0,0.479097,1238.94,0
9.93025,4.43789,0,0,0.0646121,446.906,0
9.95224,3.37445,0,0,0.00832212,339.064,0
9.98085,8.73712,0,0,0.29218,875.388,0
10.0005,16.8572,0,0,0.721992,1685.63,0
