0.150429,3641.61,21.5962,-72.5494,0.498131,55805.6,0
0.291753,3595.89,42.7166,-82.9824,3.16154,185469,0
0.438219,3586.62,39.733,-68.0334,4.14227,144623,0
0.582659,3596.95,28.6145,-74.9842,3.34256,91047,0
0.729011,3598.63,28.9986,-71.7807,3.26337,70470.3,0
0.867092,3598.86,23.9845,-76.12,3.18837,58984,0
1.00917,3586.54,13.2728,-77.5185,4.11494,62885.1,0
1.1569,3565.85,13.5176,-73.0021,5.89686,72740.4,0
1.30016,3584.63,-0.522843,-94.3817,3.83507,50281.2,0
1.44365,3580.19,8.79557,-83.1494,4.41003,48356.3,0
1.5782,3561.93,9.79003,-72.6972,6.14662,55803.7,0
1.72378,3582.17,20.4431,-78.3388,4.22469,39348.4,0
1.81778,3600.52,13.4685,-99.4445,2.47809,27218.7,0
