0.134418,3647.95,-6.94533,44.5174,0.153835,15256.5,0
0.281156,3644.14,-37.6566,21.9761,0.400796,20854.9,0
0.432087,3637.76,-15.8218,-2.53635,0.945685,28335.2,0
0.57459,3644.02,-26.6381,-7.23393,0.497879,10401,0
0.712933,3642.72,-59.0471,-27.4268,0.309356,10215.9,0
0.864147,3619.62,-29.9152,-36.3144,1.99852,35155.4,0
1.00732,3636.92,-54.4879,-50.7909,0.568582,12982.9,0
1.14828,3622.24,-49.7301,-59.3449,1.45263,24176.6,0
1.29188,3647.33,-46.1265,-43.8974,0.0461875,2070.34,0
1.43599,3647.36,-26.9864,-22.6831,0.248694,1838.51,0
1.58238,3615.79,2.56759,-33.6997,2.39578,21618.5,0
1.72213,3607.84,10.2047,-23.6744,3.0404,24478.9,0
1.85511,3583.5,35.0714,-10.2036,4.98143,35845.3,0
1.99773,3577.94,37.0325,-11.3085,5.37312,36070.2,0
2.14003,3589.52,26.0947,-19.7097,4.39044,28260.3,0
2.27875,3581.86,30.397,-14.2277,5.06039,29901.1,0
2.41757,3593.67,10.0264,-10.9514,4.15898,23299.4,0
2.5608,3593.5,27.7766,-22.7372,3.98599,22064.9,0
2.70208,3611.25,37.2803,-23.2268,2.47098,14340.4,0
2.84632,3612.06,39.4467,-43.709,2.19005,13330,0
2.98763,3608.67,43.1965,-48.0929,2.34906,13833,0
3.13013,3597.82,20.4306,-51.8368,3.28604,16670.5,0
3.27746,3582.92,27.4382,-49.1831,4.46383,20466.6,0
3.4247,3586.04,38.0925,-58.1036,3.90853,18676.6,0
3.57026,3584.94,29.432,-44.3581,4.30294,18223.2,0
3.71623,3605.93,22.7547,-24.2644,2.83017,11859.9,0
3.86534,3587.69,37.585,-25.5604,4.16012,16119.5,0
4.00125,3571.31,36.8799,-38.6708,5.46334,19666.2,0
4.1421,3564.46,20.4288,-25.8558,6.66741,20650.9,0
4.284,3566.75,30.9912,-32.8294,6.09069,19433.6,0
4.43267,3572.63,10.9356,-29.4384,5.73773,17454.2,0
4.58325,3572.79,12.6252,-36.3942,5.58124,16846,0
4.72939,3571.09,2.72169,-26.7877,5.90489,16685.3,0
4.87338,3556.42,-23.8721,-28.9869,7.24651,19202.1,0
5.01899,3549.13,-24.8739,-28.4255,7.96651,20097.9,0
5.15626,3561.69,-35.7971,-30.7227,6.22226,17126.4,0
5.29597,3553.06,-25.2575,-33.1569,7.27597,18304.1,0
5.43453,3552.89,-13.5272,-34.7393,7.36894,17868.3,0
5.5739,3564.01,-14.5871,-24.7082,6.1379,15427.3,0
5.71247,3560.07,-15.4889,-13.8648,6.71259,15743.2,0
5.85627,3544.01,-22.2164,-14.3442,8.71188,18098.5,0
5.99738,3544.72,-16.8977,-15.241,8.58157,17553.8,0
6.14241,3538.58,-18.0859,-7.04022,9.59653,18139.1,0
6.27927,3535.62,-18.161,-11.2796,9.87123,18216,0
6.41468,3547.33,-29.0554,-4.81009,7.65565,16005.2,0
6.55101,3528.13,-25.5977,9.52688,10.615,18603.5,0
6.70086,3525.87,-31.5779,13.3286,10.3535,18523.8,0
6.84568,3523.33,-24.8429,5.53008,11.3146,18503,0
6.98162,3521.83,-21.326,15.0678,11.4805,18358.5,0
7.1232,3520.44,-32.9406,4.6597,11.0111,18188,0
7.26544,3534.69,-30.0555,15.8836,8.35481,15871.7,0
7.40247,3532,-24.6675,24.8145,8.71009,15941,0
7.55465,3567.05,-34.561,27.7069,3.90905,10980.6,0
7.69876,3548.41,-38.5068,48.2045,5.24511,13195.9,0
7.83737,3540.65,-5.88233,46.6181,6.6917,13951.9,0
7.98196,3570.12,-7.91825,46.246,3.35732,10007.7,0
8.12534,3571.19,-23.6404,36.2559,3.33672,9699.25,0
8.27059,3575.42,-26.9436,58.402,2.43357,9017.98,0
8.41061,3560.95,-26.5271,64.6209,3.57169,10587.6,0
8.55278,3579.78,-13.9188,59.2463,2.12265,8209.64,0
8.69462,3586.62,-30.6441,66.9699,1.28896,7289.71,0
8.79884,3575.13,-43.5757,90.0238,1.50786,8508.94,0
