0.148587,3617.21,-32.8944,36.8267,2.07441,220681,0
0.290983,3619.13,-26.9021,46.6108,1.88093,106088,0
0.43231,3628.62,-9.04752,31.6077,1.39837,49453.7,0
0.581518,3644.75,-18.6426,37.0867,0.290327,9023.61,0
0.723511,3639.22,-35.336,54.9828,0.436426,14898.5,0
0.866902,3620.23,-55.1077,54.0234,1.50132,34336.6,0
1.00581,3598.78,-34.5953,29.8329,3.49374,50926.3,0
1.15791,3600.88,-33.4437,54.6657,3.05095,42423.8,0
1.2919,3589.16,-44.7353,39.8644,4.04713,47092.9,0
1.42761,3584.67,-52.9921,48.9382,4.14812,45762.7,0
1.57591,3597.35,-47.2802,55.6898,3.14018,33407.4,0
1.71875,3603.58,-64.6874,36.6767,2.6485,27005.8,0
1.86887,3583.94,-78.4288,31.1674,3.88762,35345.5,0
2.00913,3575.86,-80.477,34.2746,4.397,36901.1,0
2.10035,3601.31,-81.4885,58.5928,2.28614,23181.1,0
