0.142751,3647.91,19.2185,-21.0691,0.135303,14674.8,0
0.279849,3631.25,5.85659,-36.5167,1.1699,67014.1,0
0.419435,3638.5,23.4785,-27.8976,0.685291,27421.3,0
0.549707,3616.46,-6.66081,-50.5133,2.05686,61005.4,0
0.689913,3626.53,24.2381,-38.4977,1.40481,34025.9,0
0.832342,3618.53,45.4035,-22.291,1.90135,37809.6,0
0.981071,3644.64,51.5113,-26.1125,0.122151,5460.62,0
1.12034,3625.73,59.9847,-18.7802,1.27303,21663.1,0
1.26298,3628.93,42.1376,11.8041,1.24467,16686.6,0
1.41061,3616.34,32.8052,32.0983,2.10525,23861.6,0
1.5526,3603.72,68.098,31.6142,2.61127,29805.4,0
1.69826,3628.95,82.3856,26.1456,0.776151,12395.2,0
1.76831,3617.9,99.9599,4.60931,1.2513,18152.2,0
