0.150895,3628.74,-25.3265,14.2038,1.34768,140921,0
0.291455,3625.43,-23.6756,14.3127,1.58637,84313.6,0
0.433896,3619.98,-40.0688,14.7107,1.86365,69185.1,0
0.57712,3623.06,-31.438,14.8198,1.69845,46681.3,0
0.726057,3610.91,-48.3287,30.2849,2.32624,53837,0
0.871024,3629.66,-58.4439,42.8626,0.863027,23349.6,0
1.01659,3625.14,-33.2668,25.0521,1.4893,24459.2,0
1.16788,3619.13,-21.2778,31.339,1.94133,26432.1,0
1.31272,3638.68,-61.0034,16.8028,0.405907,8623.64,0
1.46079,3630.55,-67.1785,6.30014,0.87762,13313.2,0
1.60393,3611.34,-72.9264,16.2033,2.05113,24104.7,0
1.75442,3619.75,-67.2864,26.812,1.50678,17239.7,0
1.89595,3621.79,-65.2647,41.7634,1.30852,14879.9,0
2.04194,3627.24,-57.6441,40.0076,1.0604,11146.4,0
2.18272,3633.19,-36.8937,40.4637,0.849936,7701.07,0
2.32588,3643.25,-44.7192,24.5387,0.243236,2900.09,0
2.4699,3624.05,-40.175,-3.62541,1.58644,10505.8,0
2.61093,3598.72,-24.4198,3.67739,3.64035,19640.3,0
2.75424,3603.73,-23.3405,-13.5095,3.19018,16799.6,0
2.89594,3580.13,-30.1943,-30.4653,5.04791,24126,0
3.04547,3593.82,-21.3802,-47.29,3.6733,18448,0
3.19527,3553.8,-12.6986,-63.694,6.92006,30106.5,0
3.34016,3531.81,-17.5003,-70.0373,8.81344,35385.7,0
3.49197,3523.72,-8.45748,-62.4998,10.1254,36163.5,0
3.63308,3529.77,-10.1354,-67.7373,8.9762,33093.2,0
3.77183,3524.46,-11.5931,-74.9481,9.08062,33282.5,0
3.91619,3522.57,-4.77741,-73.1343,9.27214,32539.2,0
4.05873,3518.72,-0.106813,-66.5096,10.014,32346.2,0
4.20188,3516,-10.2188,-54.6001,11.0037,31889.7,0
4.34714,3532.93,-6.89847,-49.7776,8.93169,26930.2,0
4.49532,3539.25,-15.1583,-39.6987,8.42634,24637.7,0
4.64082,3540.36,-6.81329,-13.9923,9.25194,23624.7,0
4.77694,3523.71,-14.2803,-11.4506,12.3316,26438.4,0
4.92797,3524.95,-4.75151,-2.28707,0.954142,25375.6,0
5.0652,3512.37,-4.65254,-5.46677,5.14545,27172.5,0
5.20655,3525.2,8.02151,-19.1453,0.118538,23970.4,0
5.35374,3516.9,8.09771,-17.0202,2.2422,24861.5,0
5.50063,3509.44,8.90341,-24.9054,3.19294,25553.4,0
5.64126,3498.07,17.2323,-56.1965,1.07077,26932.8,0
5.7819,3497.36,16.6082,-42.8603,2.77009,26399.3,0
5.93261,3488.59,14.097,-61.9204,1.81118,27207.6,0
6.07758,3478.77,2.67142,-67.4135,2.58649,28174.3,0
6.22368,3475.41,7.92217,-53.4799,4.95159,28052.4,0
6.35655,3461.03,-3.1654,-47.5215,8.2843,29728.1,0
6.50096,3461.53,-1.11257,-43.765,8.96615,28991.6,0
6.57115,3449.82,-4.9623,-56.1506,7.80187,30463.3,0
