0.277969,3644.59,26.7607,-47.2437,0.406616,19458.3,0
0.548567,3633.15,31.916,-38.6687,1.39876,30719.4,0
0.820712,3638.43,42.6344,-23.6037,0.969831,14093.5,0
1.0951,3646.84,37.7365,-12.4456,0.360825,2887.64,0
1.37235,3631.94,44.8434,-9.69309,1.56493,13163.3,0
1.64194,3646.91,54.095,5.96026,0.211233,1880.72,0
1.91455,3634.7,64.0881,-14.3268,1.06072,7990.35,0
2.18614,3621.05,54.3965,-5.82675,2.39381,13242.5,0
2.4528,3625.21,63.493,1.32043,1.88746,10108.1,0
2.72631,3605.24,50.6539,-14.5593,3.84686,16419.5,0
3.00496,3603.99,35.5089,-13.6286,4.1602,15312.6,0
3.27902,3603.24,47.3994,-4.30997,3.98155,14259.3,0
3.55326,3585.9,31.4471,-18.122,5.91766,18039.8,0
3.82658,3596.38,30.2844,-11.4917,4.53217,14012.7,0
4.10261,3579.29,32.8986,-13.2213,6.09025,17235.3,0
4.37621,3566.86,40.4444,-12.9926,7.21251,18998,0
4.65513,3561.33,36.0442,-20.5723,7.67133,19047.9,0
4.93269,3563.4,29.5404,-14.1408,7.12516,17556.8,0
5.2114,3582.35,31.263,-14.0253,4.30377,12980.2,0
5.48521,3587.71,23.169,-14.421,3.71823,11356.7,0
5.75172,3581.78,24.0743,-13.9309,4.36745,11860.3,0
6.03171,3587.14,32.5677,-14.4858,3.47556,10421,0
6.30106,3575.06,46.0924,-13.9956,4.56296,11893,0
6.58014,3571.2,38.8851,-30.587,4.9463,11974.8,0
6.85867,3570.2,55.5263,-31.0082,4.55899,11635.3,0
7.13283,3572.57,47.5205,-39.3076,4.28578,10855.9,0
7.40291,3566.29,50.809,-35.2583,4.88193,11308.2,0
7.67372,3568.25,47.9819,-55.381,4.08877,10652.8,0
7.94506,3569.65,53.7989,-58.9674,3.60271,10113.7,0
8.21457,3563.67,41.4091,-51.4392,4.7939,10509.1,0
8.49356,3558.35,40.7608,-51.2514,5.15371,10790.4,0
8.76901,3560.06,32.8385,-46.0517,5.18281,10256,0
9.04139,3552.95,35.3108,-44.5127,5.80623,10733.7,0
9.31839,3558.3,37.8894,-44.7955,4.78647,9840.36,0
9.59465,3563.56,39.6901,-32.789,4.15133,9008.82,0
9.87008,3559.38,51.1411,-44.0249,3.92141,9181.44,0
10.1373,3547.57,44.3407,-45.3038,5.47057,10103.8,0
10.4049,3560.27,34.8451,-51.8262,3.74365,8624.21,0
10.6847,3553.97,27.5025,-46.9156,4.93296,8988.09,0
10.9634,3563.99,34.6501,-50.1453,3.20256,7844.78,0
11.2393,3568.54,45.7162,-36.95,2.71672,7247.92,0
11.5174,3555.89,42.9348,-28.2823,4.56815,8171.2,0
11.8003,3549.11,31.1242,-32.2383,5.72757,8549.97,0
12.0702,3552.03,31.9967,-30.6138,5.00938,8116.83,0
12.3452,3538.67,35.939,-27.5776,6.82147,9018.48,0
12.6123,3539.56,28.9186,-31.2252,6.53983,8756.61,0
12.8964,3535.51,19.194,-24.8109,7.71981,8877.9,0
13.168,3545.94,33.577,-18.0529,5.08398,7902.69,0
13.4411,3545.42,41.0582,-26.6327,4.43264,7780.28,0
13.7178,3552.7,33.4344,-39.2974,3.11996,7092.68,0
13.996,3538.11,32.8376,-37.282,5.34305,7994.73,0
14.2752,3557.45,24.1678,-32.0216,2.73111,6483.62,0
14.5449,3569.01,24.6735,-22.9802,1.28927,5568.17,0
14.8206,3573.92,11.5904,-35.4509,0.534139,5133.64,0
15.0962,3568.01,-8.22358,-29.852,1.48173,5431.43,0
15.3668,3562.57,3.93057,-29.231,2.31808,5689.46,0
15.6373,3568.17,21.1821,-37.7015,1.12964,5233.23,0
15.9153,3558.48,51.006,-49.1986,1.28387,5750.22,0
16.19,3547.55,38.8188,-33.0632,3.74609,6327.69,0
16.4527,3555.92,45.949,-33.9642,2.22472,5718.36,0
16.7244,3563.77,61.3808,-21.7678,0.857099,5156.13,0
17.0025,3554.95,68.4504,-27.2225,1.55202,5590.4,0
17.1715,3556.12,96.3241,-27.0525,0.177756,5467.03,0
