0.274395,3644.47,15.8693,-20.4618,0.488871,20163.9,0
0.549534,3639.61,5.33082,-28.8768,0.863502,18903.2,0
0.822919,3640.28,13.1485,-35.444,0.739239,11805.6,0
1.09779,3643.87,3.72269,-45.9267,0.3614,5582.93,0
1.37426,3623.13,12.5121,-46.2306,2.13142,19555.3,0
1.64807,3611.69,4.87859,-60.4275,3.02089,23243.6,0
1.92237,3611.92,7.75088,-53.5034,3.11136,19811.4,0
2.19209,3607.44,-11.7882,-56.8465,3.44013,19415.2,0
2.46494,3614.85,-6.83212,-54.5402,2.81023,14260.3,0
2.73525,3620.8,-22.3658,-49.9391,2.27447,10675.7,0
3.01042,3611.03,-36.2249,-41.1232,3.17964,12943.5,0
3.28441,3619.67,-37.5736,-63.5245,1.99665,9233.4,0
3.55607,3606.21,-24.144,-57.1499,3.40968,12315,0
3.82934,3607.24,-14.9047,-63.6441,3.18193,11166.3,0
4.10407,3609.53,-11.3407,-72.9946,2.77161,9862.12,0
4.38287,3607.26,5.5258,-64.0269,3.12174,9752.15,0
4.65903,3612.96,13.4009,-62.6182,2.56147,7949.52,0
4.93731,3620.13,25.1843,-69.867,1.7332,6050.46,0
5.20994,3612.27,-2.7489,-87.8411,2.1169,7241.11,0
5.48604,3617.61,13.3263,-90.0141,1.58813,5903.98,0
5.75787,3609.68,16.2395,-82.876,2.39876,7002.08,0
6.03187,3609.57,12.2914,-73.7825,2.58539,6703.39,0
6.30508,3614.67,15.1352,-50.6777,2.44602,5603.11,0
6.57348,3616.48,16.2478,-51.9523,2.17976,5099.7,0
6.84388,3619.08,28.6638,-60.1392,1.70732,4518.42,0
7.12036,3621.45,30.1278,-55.2113,1.58733,4010,0
7.39456,3608.34,40.3117,-28.4644,2.96968,5633.52,0
7.67195,3611.7,20.332,-34.4129,2.74885,4991.72,0
7.94348,3602.08,19.9157,-31.7319,3.78825,6032.05,0
8.21938,3594.54,25.7954,-39.0025,4.42387,6748.07,0
8.49509,3600.23,30.43,-49.9381,3.58662,5858.78,0
8.77207,3592.14,41.5559,-46.1245,4.23726,6595.53,0
9.04127,3593.39,24.0929,-38.7298,4.30161,6261.32,0
9.31604,3582.26,18.3986,-45.3116,5.428,7271.36,0
9.59341,3582.74,24.0926,-55.2885,4.89521,7011.21,0
9.86817,3577.79,18.0438,-66.5758,5.08304,7317.05,0
10.1389,3584.5,17.8404,-59.3512,4.46651,6460.03,0
10.4063,3598.81,3.51212,-67.2357,2.81423,4919.48,0
10.681,3600.68,11.8886,-81.0042,2.18896,4617.13,0
10.9556,3619.83,14.3618,-75.3141,0.580509,2754.08,0
11.2318,3595.11,7.02959,-84.1878,2.6437,4886.75,0
11.5018,3585.88,13.807,-84.5386,3.46766,5574.45,0
11.7756,3583.98,5.19644,-89.5644,3.42847,5606.59,0
11.9916,3591.1,3.8905,-100.023,2.36422,4911.9,0
