0.271973,3636.85,23.7523,14.8141,1.1868,48352.3,0
0.550291,3643.78,4.74347,6.21759,0.68039,11299.8,0
0.825483,3643.46,24.6476,-7.4644,0.63939,7922.82,0
1.09954,3632.99,32.3258,-24.4247,1.4261,15469.8,0
1.36941,3644.01,11.7826,-24.1268,0.562237,4375.35,0
1.64805,3641.36,4.04659,-22.6455,0.80615,5242.24,0
1.92532,3636.4,-15.4209,-28.8679,1.16283,7063.5,0
2.20011,3633.43,-2.82665,-41.1364,1.35039,7531.75,0
2.47264,3612.63,-13.6373,-26.0806,3.41435,15113.1,0
2.74124,3612.81,-28.9653,-36.5336,3.13045,13565.8,0
3.02126,3604.28,-16.6359,-42.7036,3.91038,15133.1,0
3.30012,3619.48,-28.8715,-30.9589,2.4017,9247.46,0
3.57609,3609.18,-10.3296,-32.8509,3.47439,11415.9,0
3.85336,3636.76,-6.65285,-33.7653,0.8679,3435.87,0
4.12948,3629.18,33.6968,-40.8553,1.33403,5041.25,0
4.40571,3630.32,35.4581,4.50849,1.42507,4467.77,0
4.68368,3631.09,26.4333,18.5714,1.37554,4037.38,0
4.95407,3635.36,23.3023,8.21532,1.0461,2955.92,0
5.22701,3625.34,22.5855,3.09944,1.93132,4717.93,0
5.49948,3635.03,33.8304,21.3986,0.922658,2722.9,0
5.77523,3632.32,-4.89953,22.9849,1.28772,3060.65,0
6.05161,3634.51,-4.96004,40.9814,0.968472,2558.91,0
6.33664,3630.31,-1.82946,37.6147,1.36361,3107.18,0
6.61099,3612.94,-5.63401,41.881,2.90592,5606.1,0
6.88043,3607.82,0.836359,51.5481,3.21753,6130.42,0
7.15708,3602.22,5.13874,55.1913,3.60158,6675.72,0
7.43134,3603.03,13.4531,53.5997,3.44521,6321.15,0
7.70886,3593.87,12.1249,71.3681,3.93837,7281.01,0
7.98797,3593.19,-2.44814,65.3004,4.06792,7112.13,0
8.26312,3579.01,-2.84998,75.6461,5.14091,8591.6,0
8.53465,3573.86,3.31052,79.1404,5.20368,8920.87,0
8.80423,3581.31,11.9581,74.0447,4.36076,7802.02,0
9.07337,3576.76,-2.0958,50.2727,5.51329,8072.21,0
9.3509,3588.43,-17.282,42.866,4.06724,6584.55,0
9.62729,3587.52,-22.2374,48.0299,4.03699,6489.81,0
9.90147,3573.43,-23.1959,63.818,5.05993,7733.31,0
10.1757,3567.75,-18.628,77.6257,5.0881,8082.55,0
10.4468,3565.17,-25.0923,80.8392,5.0144,8120.11,0
10.7241,3572.32,-27.2135,75.4049,4.30877,7243.08,0
11.0039,3577.8,-37.8454,72.0027,3.56479,6561.59,0
11.2794,3590.85,-41.5538,80.1397,1.91787,5243.88,0
11.5485,3576.58,-33.6882,73.7259,3.57572,6357.6,0
11.8224,3572.62,-29.505,60.9957,4.35705,6545.29,0
12.1065,3570.97,-39.444,60.6866,4.24392,6528.18,0
12.3855,3579.62,-40.1505,43.2147,3.60818,5682.17,0
12.6591,3573.66,-35.6121,36.0398,4.35919,6030.63,0
12.9339,3577.6,-34.9116,33.9824,3.74576,5597.68,0
13.2122,3579.7,-29.6356,49.3032,3.09897,5321.12,0
13.4872,3573.15,-41.6976,48.3616,3.62124,5697.67,0
13.7605,3570.14,-45.7572,43.2161,3.91693,5803.65,0
14.0402,3578.69,-38.2779,47.0136,2.96733,5079.07,0
14.3054,3592.81,-48.662,56.4565,1.03181,3997.46,0
14.5704,3596.06,-32.0318,37.9786,1.28771,3701.9,0
14.8398,3597.04,-36.6244,38.9395,1.0647,3568.62,0
15.1168,3599.78,-30.087,39.6819,0.843178,3322.3,0
15.3888,3603.69,-15.9437,48.8465,0.416937,3009.46,0
15.6685,3567.7,-14.7112,62.6794,4.00865,5252.25,0
15.9422,3568.37,-13.2425,67.6853,3.72744,5120.27,0
16.219,3558.7,-23.6365,64.3606,4.78361,5629.38,0
16.4918,3561.34,-38.9802,73.7153,3.71052,5375.72,0
16.7661,3579.53,-45.1518,60.3719,1.99949,4203.42,0
17.0348,3570.83,-41.6521,61.2737,2.94468,4647.37,0
17.31,3557.87,-40.4202,64.5187,4.27612,5322.14,0
17.5803,3556.05,-27.7875,67.1881,4.50711,5343.96,0
17.8617,3573.47,-22.7819,72.1211,2.22194,4284.39,0
18.1167,3565.97,-48.2479,87.7285,2.04699,4638.36,0
