0.279005,3641.31,-62.2487,-25.8299,0.624427,31141.9,0
0.549618,3623.76,-87.2458,-27.0402,1.63864,47747.4,0
0.827833,3624.13,-55.2748,-22.5396,2.15613,31250.9,0
1.09963,3616.15,-56.6035,-14.8269,2.87369,30787.6,0
1.37311,3593.68,-41.5315,-22.3949,5.26465,41014.9,0
1.64848,3576.41,-46.068,-13.978,6.92979,44638.6,0
1.92696,3566.65,-40.748,-3.19266,8.06502,43253.5,0
2.20163,3555.17,-43.8815,-8.20306,9.01624,43074.2,0
2.47129,3545.09,-41.896,-0.284841,10.0163,42451.3,0
2.75002,3546.36,-46.3493,-1.92638,8.73135,37687.4,0
3.02615,3540.68,-61.2832,0.213023,7.95873,36126.6,0
3.29971,3535.48,-66.9022,9.03817,7.77611,34707.1,0
3.5726,3530.07,-63.1541,16.7753,8.15579,33568,0
3.84478,3532.09,-73.9878,16.7561,6.67787,30668,0
4.11854,3538.01,-76.7666,21.7293,5.28355,27192.5,0
4.39424,3535.32,-60.5235,26.774,6.3221,26098.2,0
4.66187,3533.83,-60.6674,12.2286,6.43204,24918.6,0
4.93853,3524.46,-66.0993,13.2068,7.16699,25419.6,0
5.21479,3537.48,-72.0508,7.31245,4.76195,21577.1,0
5.48732,3539.66,-81.1048,17.0403,3.69681,20108.3,0
5.75363,3541.64,-95.6975,13.4264,2.58979,18833.7,0
5.79022,3549.03,-98.2945,18.6752,1.59976,17438.6,0
