0.277581,3648.62,-4.78975,-18.8637,0.0871445,4973.46,0
0.552309,3645.3,15.5147,-11.9634,0.363863,8502.85,0
0.825206,3631.93,40.8183,1.15166,1.37006,21898.2,0
1.10192,3629.27,33.2177,5.3009,1.66125,18812.6,0
1.37829,3623.56,27.1788,-1.74826,2.21179,19183.5,0
1.65254,3602.73,31.9983,-9.69186,4.19175,28602.4,0
1.93278,3599.28,39.0763,-3.26194,4.44807,26242.4,0
2.2043,3591.28,40.4945,-5.08475,5.12438,26639.6,0
2.48096,3587.56,40.5149,0.269093,5.26818,25169.3,0
2.75764,3588.29,44.1879,-1.15486,4.89456,22376.8,0
3.02632,3597.95,38.0692,-2.61179,3.79906,17199.8,0
3.3013,3592.65,41.6833,4.85172,4.13922,17372.6,0
3.57674,3611.91,36.2561,-2.51094,2.1484,10648.1,0
3.85562,3611.98,19.9826,-10.4553,2.23576,9860.63,0
4.13626,3602.24,16.8701,-29.9947,3.05041,11545.9,0
4.41114,3604.57,26.5891,-36.2537,2.59284,10299.3,0
4.69076,3601.05,25.0517,-23.5284,3.07935,10434.7,0
4.95684,3597.21,25.4801,-11.1992,3.49187,10650.5,0
5.23208,3598.37,20.3251,-16.0369,3.30532,9867.78,0
5.5027,3583.69,12.2711,-26.5798,4.9111,12050.6,0
5.77881,3580.51,5.56504,-37.6127,4.96603,12024.3,0
6.05804,3579.56,7.3062,-45.8719,4.79137,11627.6,0
6.32879,3574.83,10.2604,-45.6632,5.17259,11876.8,0
6.59972,3574.4,7.3364,-48.3729,5.10355,11454.9,0
6.86945,3574.27,6.85811,-42.7503,5.12848,11024.2,0
7.14099,3594.08,8.13123,-44.5531,2.58913,7830.3,0
7.41546,3611.04,-5.06178,-27.6671,1.0353,5253.44,0
7.69285,3604,26.2368,-34.3024,1.55044,5979.39,0
7.96967,3585.77,48.9702,-63.2111,2.56765,8059.31,0
8.23776,3569.5,51.2969,-61.1043,4.26062,9772.48,0
8.51635,3567.18,58.6051,-71.7434,3.92156,9725.28,0
8.77444,3581.03,60.7253,-79.5801,2.2173,7860.76,0
