0.273583,3643.72,33.5503,22.1405,0.428999,22961.9,0
0.54562,3640.05,45.2092,20.2161,0.641942,18242.5,0
0.817944,3632.67,53.0025,12.9953,1.21382,21192.5,0
1.09052,3639.17,68.0579,8.13,0.494721,9933.58,0
1.36665,3629.67,59.3347,21.57,1.34637,14874.4,0
1.64089,3626.09,56.8624,5.2606,1.74752,14570.7,0
1.91225,3615.3,55.39,32.2962,2.60667,18144.3,0
2.18736,3608.98,65.6571,54.2998,2.68525,18752.8,0
2.4575,3619.52,59.0604,66.7502,1.66182,12401.8,0
2.72517,3617.59,53.0423,73.3327,1.73965,11893.5,0
2.85856,3616.37,68.3799,73.0315,1.64613,11765.1,0
