0.273603,3627.48,-56.7335,-35.5159,1.89392,82312.8,0
0.54506,3646.44,-30.9841,-17.997,0.64543,6539.99,0
0.819384,3646.23,-12.159,5.4892,0.778325,4601.79,0
1.09119,3650.96,-19.7439,-2.30707,0.362521,-876.176,0
1.36392,3635.12,-9.00749,1.68787,1.74333,10912,0
1.63402,3628.61,-7.65963,-9.24845,2.25448,13088.6,0
1.91013,3623.04,-8.4115,-5.02675,2.82355,14116.7,0
2.18341,3630.75,-4.71563,-12.6078,2.08874,8818.18,0
2.46065,3606.94,-12.2262,-10.6094,4.36899,17499.3,0
2.73494,3612.67,-12.5182,-15.6485,3.65073,13649.6,0
3.00804,3608.05,-7.90145,-24.6423,3.97489,13944.5,0
3.27481,3597.43,-4.47506,-13.563,5.13053,16054.2,0
3.54629,3603.26,-15.6805,-16.4281,4.31599,13180.3,0
3.82461,3604.93,-18.0645,2.70821,4.08561,11783.6,0
4.1005,3603.47,-14.8362,-13.7042,4.0646,11346.4,0
4.37106,3611.05,-15.3199,-14.668,3.16137,8910.78,0
4.64256,3598.94,-12.3891,-16.578,4.40168,10998.3,0
4.91409,3595.8,-0.601292,-15.4226,4.75179,11029.6,0
5.18396,3587.64,-7.02053,-25.6197,5.47516,12028.5,0
5.45789,3590.26,-16.0917,-17.5994,4.909,10946.4,0
5.72687,3594.83,-11.7794,-16.6542,4.24977,9632.98,0
5.99701,3611.54,8.11633,-17.3684,2.49039,6412.62,0
6.27306,3610.22,16.6811,-29.0277,2.45795,6341.9,0
6.54326,3604.52,13.1651,-8.04877,3.21227,6951.36,0
6.81838,3595.28,12.4169,3.56012,4.15904,8024.67,0
7.09417,3594.54,10.4411,-3.65294,4.16643,7817.47,0
7.36454,3586.47,8.44636,3.06028,5.04154,8626.59,0
7.64208,3586.95,-2.5507,2.20855,4.82725,8250.05,0
7.92143,3579.79,19.5844,10.9689,5.46138,8862.67,0
8.19538,3572.78,13.6422,16.354,6.20717,9422.89,0
8.46393,3567.74,8.4909,17.5968,6.61089,9718.62,0
8.74412,3555.32,7.83949,12.3864,8.1284,10827.4,0
9.0241,3540.27,4.51565,9.48626,10.4064,12159.5,0
9.29425,3536.39,0.765803,19.1938,10.0516,12224,0
9.56775,3532.44,-3.69359,20.5414,9.69323,12287.4,0
9.83422,3537.79,-2.44203,22.7234,7.75313,11410.4,0
10.1099,3540.89,7.44323,26.5635,6.65672,10792.4,0
10.3824,3551.06,4.84267,37.3065,4.14937,9529.34,0
10.6522,3568.65,10.6235,20.7275,1.77443,7637.25,0
10.9251,3563.36,6.94718,2.18011,2.78069,7930.1,0
11.1983,3557.63,4.8301,-9.11179,3.64723,8248.86,0
11.4734,3568.27,-5.15808,-18.5717,1.77958,7123.33,0
11.748,3572.72,-4.32119,-41.0079,0.681434,6578.07,0
12.0177,3573.52,-13.6632,-34.1848,0.690037,6364.04,0
12.2874,3549.79,2.52704,-33.5741,4.27577,8155.15,0
12.5658,3551.73,-8.06536,-43.7819,3.42161,7820.26,0
12.8371,3551.56,0.756757,-42.3733,3.47728,7668.61,0
13.118,3543.91,-5.71162,-33.4679,5.08048,8087.58,0
13.3825,3545.52,12.5935,-50.6823,3.69318,7807.36,0
13.6546,3546.31,15.8707,-44.8086,3.62259,7593.89,0
13.9245,3545.05,23.2098,-50.0738,3.32884,7537.11,0
14.1969,3541.55,22.6407,-39.4529,4.34026,7639.3,0
14.4684,3547.22,27.1855,-37.7859,3.24578,7104.03,0
14.7406,3530.17,31.175,-42.9709,5.4627,8129.28,0
15.0095,3530.87,33.0612,-34.9219,5.52324,7936.87,0
15.2838,3526.88,42.163,-50.5031,4.71695,8055.48,0
15.5536,3520.58,39.1507,-40.8181,6.37573,8321.14,0
15.8239,3528.25,58.0091,-53.6946,3.14909,7694.06,0
15.9417,3531.32,77.3125,-63.5081,1.34855,7444.77,0
