0.273877,3641.88,-29.7257,1.84956,0.690676,29631.5,0
0.55119,3643.27,-32.5835,39.5713,0.391029,12212.6,0
0.824938,3617.28,-21.6507,51.4062,2.60064,39657.9,0
1.10021,3597.48,-12.9719,55.5311,4.4498,47733.6,0
1.37846,3609.97,-4.531,64.5737,2.97651,29041.7,0
1.6484,3641.42,-15.2965,60.8532,0.255043,5204.23,0
1.92101,3615.35,-2.56752,41.8018,2.74943,18035.3,0
2.19377,3602.91,3.79633,45.9037,3.81278,21467.4,0
2.46857,3618.53,8.77711,71.6057,1.78108,12748.3,0
2.74249,3613.21,32.8073,76.0475,2.01239,13413.2,0
3.02172,3612.05,29.5682,72.8514,2.19344,12558.4,0
3.29216,3617.3,39.4676,65.7414,1.75121,9933.3,0
3.56176,3608.81,35.8668,74.5458,2.38179,11565,0
3.83364,3607.1,41.1438,77.3665,2.4264,11191.1,0
4.10864,3598.5,44.4105,73.6871,3.22871,12535.1,0
4.26902,3603.06,49.0455,87.3735,2.45191,10995.8,0
