0.275747,3634.93,32.7131,27.0276,1.17066,54667.6,0
0.549983,3615.58,44.3631,30.9959,2.76908,62582.7,0
0.827518,3607.35,49.2918,19.3738,3.53829,51543.2,0
1.09806,3614.84,61.24,13.0504,2.61606,32018.5,0
1.36771,3608.29,74.3592,36.4955,2.76327,30495.6,0
1.64226,3616.11,61.0414,43.6526,2.22123,20635.3,0
1.91294,3609.55,62.3937,51.2924,2.66263,21145.6,0
2.18416,3594.35,59.3425,46.1836,4.14672,25479.6,0
2.4495,3592.71,56.8396,56.0426,4.08976,23388.6,0
2.72816,3600.42,60.8683,55.7827,3.20048,18172.2,0
3.00049,3601.28,46.9509,55.6028,3.31057,16236.9,0
3.2738,3600.22,46.2644,81.1226,2.84225,15206.1,0
3.54724,3605.33,37.7815,82.6427,2.39549,12592.2,0
3.82704,3597.57,18.6412,97.5998,2.8578,13699.4,0
3.83366,3595.9,16.6265,98.6387,2.98849,14112.5,0
