0.275156,3636.19,-50.2088,-15.0167,1.19571,50200.6,0
0.549818,3644.16,-37.0809,-33.2921,0.569685,10615.7,0
0.825968,3634.55,-26.2317,-34.4125,1.44378,18706.3,0
1.10728,3648.06,2.13333,-42.2762,0.318688,1748.72,0
1.3812,3647.48,25.5881,-48.0998,0.248264,1825.97,0
1.66018,3644.24,27.002,-2.28811,0.74003,3471.94,0
1.93373,3627.29,10.6246,-13.5192,2.28304,11744,0
2.20618,3629.76,27.3057,-5.58361,1.95451,9173.09,0
2.48577,3625.63,0.955492,-2.09299,2.41595,9803.83,0
2.758,3622.01,5.28853,-4.35972,2.70486,10148.1,0
3.03776,3630.33,16.6274,-3.16923,1.86805,6474.03,0
3.31751,3637.02,12.6105,1.95289,1.27138,3912.14,0
3.59383,3635.53,33.1102,-27.3497,1.20522,4026.63,0
3.87233,3625.85,41.052,-31.5433,1.94569,6236.5,0
4.14732,3607.14,50.1205,-35.528,3.47768,10333.7,0
4.42194,3591,45.5551,-36.4084,5.07386,13342.8,0
4.70128,3591.15,44.3423,-24.4397,5.07485,12518.1,0
4.9772,3587.55,41.2854,-18.1889,5.31983,12547.7,0
5.24434,3598.52,48.0283,-21.2857,3.767,9816.59,0
5.51515,3600.96,36.1921,-32.7525,3.52626,8891.07,0
5.78493,3609.65,48.0141,-24.8293,2.52846,6974.92,0
6.0537,3620.24,56.8508,-28.8006,1.38072,4916.46,0
6.33188,3609.76,70.4807,-9.09267,2.18106,6355.88,0
6.60723,3609.23,60.4994,-15.8382,2.4158,6170.07,0
6.88096,3616.92,69.758,5.47733,1.59249,4807.75,0
7.15374,3624.58,62.1894,32.5207,0.900439,3553.1,0
7.42669,3619.71,88.8903,27.0514,0.89379,4077.92,0
7.54965,3622.11,98.2909,18.7157,0.550141,3694.27,0
