0.273519,3639.25,-34.4852,-34.2671,0.821517,39292.3,0
0.554566,3637.98,-49.3174,-2.20263,0.919082,21680.7,0
0.826303,3626.3,-40.9697,-18.3478,1.96193,28679,0
1.09897,3605.38,-35.0878,-17.1466,3.99731,40605.5,0
1.36928,3605.4,-42.4012,-17.923,3.81075,32573.7,0
1.64658,3612.53,-46.7378,-23.9775,2.95294,22753.3,0
1.92062,3608.96,-30.9165,1.12937,3.61577,21369.7,0
2.19582,3603.88,-22.8673,2.40204,4.09673,21002.9,0
2.47006,3602.77,-27.0131,-16.1425,4.11651,19121.8,0
2.7488,3612.57,-47.0569,-17.5104,2.7852,13615.4,0
3.02055,3625.21,-52.881,-0.307336,1.50273,8208.02,0
3.29629,3607.36,-48.2565,-22.4108,3.11143,12934.8,0
3.57129,3607.21,-56.6589,-23.2798,2.91839,11982.8,0
3.8468,3605.68,-54.1622,-17.3085,3.11244,11520.1,0
4.11275,3606.69,-44.5322,-18.6829,3.11116,10531.8,0
4.38806,3605.57,-41.8528,-25.3627,3.1582,10124.8,0
4.66431,3599.7,-44.9861,-6.71069,3.82002,10783.7,0
4.94626,3604.97,-50.3605,6.95293,3.10358,9104.22,0
5.21539,3611.64,-58.7089,0.355006,2.28356,7354.83,0
5.48206,3621.28,-64.2053,16.419,1.26139,5239.36,0
5.7593,3604,-71.3747,13.3921,2.69457,7986.78,0
6.03664,3597.54,-54.2365,10.4278,3.61847,8690.76,0
6.30811,3603.35,-55.2675,10.0284,2.94913,7395.23,0
6.58227,3603.25,-40.486,22.5801,3.08218,7102.52,0
6.8488,3608.31,-51.0467,26.9183,2.33778,6086.52,0
7.12639,3621,-41.7414,25.3091,1.23453,4069.12,0
7.39757,3616.54,-38.4513,29.469,1.65847,4522.7,0
7.67149,3622.69,-45.832,57.1401,0.697681,3560.27,0
7.94188,3615.65,-32.6001,59.7907,1.4068,4325.42,0
8.21742,3616.04,-25.0711,43.0176,1.65013,4132.16,0
8.49336,3612.62,-27.0841,49.7595,1.85563,4401.63,0
8.76695,3614.49,-32.7642,33.6409,1.83911,4050.38,0
9.03677,3613.5,-35.2145,24.5376,1.97848,4038.8,0
9.31163,3628.46,-30.529,39.5075,0.507406,2313.13,0
9.58159,3624.18,-34.2461,49.5193,0.747239,2694.28,0
9.85543,3626.14,-30.9163,49.306,0.597827,2421.36,0
10.1324,3627.47,-22.7538,53.103,0.490165,2223.62,0
10.4099,3618.42,-10.8607,74.7005,0.987824,3033.55,0
10.6857,3610.59,14.678,80.7611,1.53658,3688.09,0
10.9613,3601.48,-0.612844,76.9241,2.45149,4426.28,0
11.2375,3601.57,-1.4595,70.6357,2.53283,4310.09,0
11.5122,3602.93,7.94872,60.4168,2.57374,4088.76,0
11.782,3614.44,10.1614,38.9332,1.76052,3018.12,0
12.0576,3627,-9.97628,50.1416,0.454593,1907.81,0
12.3336,3600.52,-13.0799,44.9216,3.04973,4011.6,0
12.6127,3611.15,-11.5774,42.953,1.949,3080.16,0
12.8827,3604.9,-13.0398,39.994,2.52076,3500.81,0
13.155,3616.86,-25.2771,13.5371,1.45762,2519.03,0
13.4273,3603.51,-20.8384,17.452,2.84484,3462.1,0
13.6969,3608.3,-12.8673,10.5771,2.37738,3044.16,0
13.9663,3611.6,-1.12735,29.7202,1.90349,2749.29,0
14.2372,3612.03,1.42253,24.0446,1.86098,2666.91,0
14.5118,3607.99,-2.75209,24.4417,2.25387,2894.7,0
14.7903,3607.63,-1.28659,21.6872,2.3025,2864.48,0
15.0699,3622.26,12.0038,0.0832518,0.880257,1840.46,0
15.3413,3622.81,33.2948,5.54128,0.686109,1772.65,0
15.6189,3630.2,26.5936,10.2672,0.0451541,1267.42,0
15.8911,3613.35,26.973,20.4947,1.57379,2306.53,0
16.1704,3600.25,28.987,12.0878,2.92609,3076.36,0
16.4393,3621.33,13.5493,21.312,0.838303,1743.81,0
16.7121,3621.61,38.5708,42.9813,0.439528,1698.96,0
16.9802,3609.94,51.8293,27.8956,1.49702,2359.37,0
17.2528,3614.79,36.1364,41.439,1.10544,2040.98,0
17.5259,3612.56,30.3044,73.3967,0.854233,2136.53,0
17.7947,3618.75,16.0222,56.8549,0.676746,1755.96,0
18.0662,3610.88,-6.96509,66.0548,1.24939,2165.41,0
18.3439,3610.98,-19.2025,56.9909,1.35109,2127.12,0
18.6191,3615.7,8.68017,39.2072,1.21581,1842.13,0
18.8968,3600.27,5.07209,40.4902,2.78043,2631.72,0
19.1696,3586.62,4.49495,41.7178,4.25042,3306.45,0
19.4455,3588.77,24.693,39.7307,3.7312,3148.91,0
19.7164,3580.04,17.0535,42.8348,4.58919,3548.41,0
19.9923,3575.94,23.3268,47.0063,4.82911,3704.51,0
20.2613,3574.51,17.4975,56.9218,4.66955,3725.79,0
20.5397,3566.34,14.1806,52.8313,5.65777,4072.98,0
20.8162,3575.86,4.26609,68.0244,3.9337,3561.46,0
21.0869,3575.74,4.84717,72.0428,3.81714,3521.78,0
21.3596,3580.55,-12.2418,59.5747,3.63531,3251.52,0
21.6317,3587.06,-6.92979,46.7838,3.19893,2909.4,0
21.9029,3581.26,-5.18793,47.7463,3.77184,3138.22,0
22.1723,3567.35,13.1943,67.1901,4.71527,3727.46,0
22.4418,3561.16,7.58534,65.975,5.30476,3958.71,0
22.7128,3553.64,9.72144,73.7007,5.67445,4242.73,0
22.9883,3560.24,19.9862,87.2657,3.9972,3904.71,0
23.2585,3550.99,9.65702,94.2876,4.69277,4257.11,0
23.5338,3555.77,1.63214,90.3708,4.2413,4004.02,0
23.8067,3555.98,-7.34456,93.5165,3.98642,3949.34,0
24.0809,3548.48,-10.4933,87.8783,4.97368,4215.8,0
24.3494,3545.67,-9.54035,78.288,5.67389,4284.61,0
24.622,3531.1,-14.9271,84.1769,6.73775,4829.1,0
24.6904,3532.89,-17.4549,98.4927,5.47346,4743.08,0
