0.161231,3638.68,-53.51,-31.23,1.99247,70227.9,0
0.324758,3636.66,-53.9518,-37.5708,2.24789,41071.8,0
0.485552,3636.46,-58.0763,-35.673,2.18586,27884.1,0
0.645239,3642.04,-53.4444,-48.7709,0.993555,12334.9,0
0.80511,3641.43,-40.9375,-45.7767,1.44901,10644.7,0
0.963005,3643.58,-33.5606,-38.412,1.30922,6666.45,0
1.12506,3637.82,-44.1941,-28.6227,2.36013,10830.1,0
1.287,3644.76,-41.3952,-27.2773,1.08328,4074.26,0
1.44886,3638.78,-47.1633,-25.7708,2.09821,7744.86,0
1.60985,3634.28,-37.5601,-26.6619,3.1332,9766.74,0
1.77039,3633.81,-29.55,-26.8288,3.37519,9147.34,0
1.93052,3628.75,-29.6673,-23.3286,4.32989,11008.8,0
2.08989,3624.39,-33.1432,-30.9277,4.93744,12252.9,0
2.25069,3622.52,-26.6276,-39.002,4.89409,12210.3,0
2.41127,3623.4,-20.4102,-37.4394,4.66971,11033,0
2.56957,3620.33,-17.7747,-31.6915,5.36953,11545.5,0
2.73133,3623.82,-28.6293,-26.6711,4.39034,9583.53,0
2.88843,3628.16,-25.4307,-21.8719,3.48545,7561.05,0
3.0496,3625.52,-21.8669,-31.5602,3.93263,8028.11,0
3.20848,3630.69,-17.0684,-22.2663,2.89092,6019.66,0
3.36853,3633.17,-9.52833,-15.8063,2.50518,4996.59,0
3.52435,3638.13,-12.2293,-9.13403,1.50665,3366.68,0
3.68614,3643,-0.618727,-13.9892,0.536286,1899.18,0
3.84657,3643.83,-7.54737,-15.0589,0.351266,1603.37,0
4.01061,3638.09,-7.31675,-31.8342,1.27439,2968.47,0
4.17531,3636.31,-14.2624,-33.4454,1.5712,3279.9,0
4.33588,3631.02,-16.5988,-33.7888,2.59056,4376.72,0
4.49771,3628.05,-12.9247,-32.8799,3.18866,4879.31,0
4.65826,3625.56,-19.3988,-34.0056,3.61195,5246.18,0
4.81891,3628.84,-12.8123,-37.1821,2.89294,4390.84,0
4.98108,3631.32,-15.6883,-41.9442,2.20712,3750.64,0
5.14202,3626.49,-28.1808,-40.807,3.06836,4572.94,0
5.30389,3626.41,-24.7757,-56.6691,2.67396,4446.78,0
5.46601,3623.06,-25.8487,-74.2411,2.69254,4929.06,0
5.6253,3620.63,-24.985,-81.797,2.86897,5221.35,0
5.78546,3628.24,-39.895,-72.5619,1.50159,3760.58,0
5.94561,3619.11,-38.3575,-80.3081,2.98912,5195.44,0
6.10366,3621,-33.3961,-80.5873,2.60735,4751.82,0
6.26469,3616.97,-29.3012,-60.7858,4.21229,5272.87,0
6.42415,3619.88,-25.6166,-69.3311,3.26305,4688.24,0
6.58284,3615.67,-25.3329,-71.4325,3.96566,5214.34,0
6.74182,3616.53,-22.6188,-70.7468,3.83857,4964.66,0
6.90205,3615.43,-22.3937,-69.8215,4.06055,5009.22,0
7.05912,3614.09,-20.776,-71.698,4.12551,5087.07,0
7.21586,3617.01,-19.6028,-73.5771,3.40042,4572.37,0
7.37638,3607.31,-20.5248,-71.5641,5.33266,5787.53,0
7.53822,3612.87,-16.6715,-71.9657,3.96208,4925.69,0
7.69899,3606.2,-20.0792,-74.7616,5.17019,5688.79,0
7.8555,3603.73,-20.5856,-73.9736,5.38185,5890.66,0
8.01642,3605.58,-12.9817,-71.9117,4.93974,5541.3,0
8.1763,3600.98,-13.1455,-66.4704,6.02094,5995.47,0
8.33947,3602.56,-17.6174,-63.28,5.52224,5688.78,0
8.49963,3613.11,-12.0546,-70.6844,2.86528,4340.21,0
8.66179,3607.91,-19.2734,-67.425,3.95479,4859.71,0
8.8234,3604.03,-19.8291,-66.4053,4.67111,5209.75,0
8.98013,3603.21,-17.6911,-71.7778,4.35142,5209.96,0
9.13985,3603.83,-22.1756,-67.015,4.21478,5052.04,0
9.30028,3602.17,-25.6233,-73.1451,4.16296,5142.32,0
9.45854,3610.42,-20.6912,-70.2325,2.56848,4184.94,0
9.61963,3613.38,-9.80547,-64.9133,2.29487,3807.06,0
9.78007,3611.61,-11.7251,-74.0958,2.23181,3925.23,0
9.94107,3613.29,-6.57663,-80.4013,1.61762,3693.19,0
10.1015,3613.92,-0.535515,-83.3551,1.34452,3571.28,0
10.2606,3615.12,1.33058,-80.1052,1.26313,3399.09,0
10.4189,3605.06,1.04867,-73.6958,3.64766,4312.95,0
10.5779,3601.94,17.7368,-79.0133,3.81761,4543.77,0
10.7411,3595.18,14.6402,-85.715,4.80716,5103.71,0
10.8953,3593.02,12.4646,-87.204,5.11828,5229.66,0
11.054,3586.84,12.1722,-94.0818,5.76025,5713.87,0
11.1618,3585.63,12.5456,-99.1615,5.41789,5766.73,0
