0.159717,3634.63,-13.0366,43.1049,3.08409,96219.6,0
0.316528,3627.72,-9.84392,50.2838,4.25245,70373.7,0
0.476149,3623.87,-16.5882,55.4637,4.79752,54887.5,0
0.635719,3621.46,-18.3443,55.6213,5.04924,44894.6,0
0.792487,3616.86,-12.9338,58.5298,5.55139,41819.8,0
0.950609,3624.85,-11.2004,62.0835,3.5518,26457.5,0
1.11232,3626.76,-7.27517,60.9682,3.07749,20897.5,0
1.27291,3633.04,-9.15601,48.5468,2.12906,13320.5,0
1.42917,3639.39,-11.5344,36.6727,1.12407,7424.47,0
1.58794,3641,-17.7644,32.376,0.834842,5666.36,0
1.74556,3641.36,-21.7752,38.1045,0.603588,4946.91,0
1.90408,3636.97,-29.404,45.6124,1.2028,6844.74,0
2.0643,3631.28,-40.7115,47.8958,2.0574,9066.2,0
2.22446,3635.5,-35.5556,51.4168,1.24083,6516.83,0
2.38398,3624.89,-34.1702,46.158,3.48067,10530.7,0
2.54229,3629.07,-26.081,50.427,2.60838,8232.22,0
2.70335,3628.46,-29.7156,45.1921,2.82917,7969.13,0
2.86455,3627.97,-34.5244,51.9775,2.58648,7690.27,0
3.02609,3624.57,-43.7388,44.9584,3.1993,8402.18,0
3.18751,3621.87,-51.6759,42.0715,3.55381,8826.32,0
3.34514,3622.89,-53.9422,42.721,3.06741,8103.82,0
3.50527,3621.76,-46.9518,39.3948,3.56363,8056.01,0
3.666,3623.99,-55.4935,49.2011,2.60227,7095.47,0
3.82662,3626.41,-48.7837,55.2217,2.14181,6163.91,0
3.98294,3628.18,-41.792,50.2079,2.07788,5479.21,0
4.1443,3629.52,-43.0216,43.3696,1.89804,4942.6,0
4.30228,3624.74,-48.727,38.1898,2.7764,5871.75,0
4.45989,3629.36,-51.1648,39.9849,1.70567,4628.24,0
4.62221,3625.77,-50.4304,38.902,2.44141,5242.35,0
4.78456,3628.86,-49.5759,41.5106,1.75678,4417.84,0
4.94348,3630.53,-53.055,35.0548,1.47278,3937.76,0
5.10333,3633.83,-52.6526,28.2115,0.941133,3168.43,0
5.26221,3632.4,-48.2911,29.0149,1.30799,3345.15,0
5.42166,3632.47,-52.8071,44.5993,0.867015,3233.48,0
5.58191,3635.7,-49.6336,34.6778,0.514286,2561.02,0
5.74198,3635.4,-45.4719,46.8127,0.416543,2542.74,0
5.90047,3622.64,-52.2236,38.9475,2.95703,4637.45,0
6.06029,3624.72,-48.6465,36.8819,2.72372,4172.07,0
6.22146,3629.58,-57.9888,35.2888,1.47971,3282.93,0
6.38314,3627.56,-60.808,37.7049,1.72164,3515.12,0
6.54266,3618.13,-69.4018,46.196,3.02166,4870.71,0
6.70366,3626.17,-82.036,38.9166,1.10847,3555.17,0
6.86236,3618.78,-74.7407,38.8344,2.84665,4549.89,0
7.02019,3612.52,-67.5587,41.6452,4.2499,5339,0
7.17711,3616.54,-68.7009,46.4179,3.20838,4662.42,0
7.33768,3613.33,-61.4005,55.035,3.87065,4997.18,0
7.4952,3614.11,-67.4047,56.2066,3.46753,4788.56,0
7.65485,3619.63,-65.6405,51.4698,2.57352,3967.76,0
7.81744,3619.78,-66.5452,62.004,2.17875,3865.43,0
7.96075,3625.09,-65.9326,75.2266,0.714248,3129.06,0
