0.163723,3643.29,15.6468,12.1182,1.3244,40992.1,0
0.325093,3639.92,20.8736,12.2369,1.92289,30999.3,0
0.485945,3647.53,16.9549,27.7163,0.309978,5072.92,0
0.642699,3640.87,19.7737,20.5194,1.65693,14201,0
0.803382,3642.89,12.1934,27.8102,1.23614,8846.29,0
0.962929,3645.19,21.6531,17.9187,0.819536,4990.45,0
1.12605,3643.96,25.1806,20.6356,0.9858,5361.1,0
1.28565,3636.05,32.6174,17.6609,2.43218,10849.8,0
1.44572,3634.58,24.789,8.6345,2.91014,10668.1,0
1.60744,3640.35,33.3834,11.804,1.57149,6002.42,0
1.76795,3639.24,38.4566,16.4029,1.66692,6083.9,0
1.92608,3640.05,45.8126,27.7135,1.23568,5167.38,0
2.08538,3636.92,48.6263,38.1383,1.59072,6272.34,0
2.24671,3636.2,52.5845,38.5794,1.6198,6141.15,0
2.40581,3632.83,52.146,37.4182,2.29085,7137.61,0
2.5641,3635.84,54.3404,33.0493,1.73029,5522.1,0
2.72545,3642.97,50.5969,29.7438,0.525355,2579.99,0
2.88395,3630.87,58.9126,20.1107,2.73079,6632.96,0
3.04254,3628.8,60.5437,21.8214,3.04168,6968.74,0
3.20554,3631.18,54.2546,26.6154,2.70921,5872.53,0
3.36543,3631.55,56.4179,35.6454,2.38368,5481.99,0
3.52967,3632.02,55.1625,38.3044,2.24801,5093.35,0
3.68762,3640.89,55.1998,44.6195,0.420928,2470.25,0
3.84654,3640.92,43.5259,47.5591,0.606075,2359.55,0
4.00522,3638.62,44.2593,54.9006,0.840371,2840.18,0
4.16385,3634.55,46.5316,38.1958,1.9497,3711.08,0
4.32464,3631.88,44.2339,41.0344,2.41131,4190.92,0
4.48411,3638.42,36.2541,36.1624,1.37359,2581.76,0
4.64706,3637.9,37.8714,40.9756,1.36004,2603.09,0
4.80803,3635.65,52.1684,40.3061,1.4688,2984.04,0
4.96576,3626.8,57.1975,41.1712,3.01277,4672.93,0
5.1269,3626.18,67.1655,42.8203,2.74185,4646.33,0
5.2875,3620.32,70.4816,38.3468,3.8099,5612.57,0
5.44686,3618.2,74.0511,49.9527,3.63603,5839.02,0
5.56559,3615.08,85.1538,52.5933,3.56381,6273.5,0
