0.159321,3647.7,-25.2968,3.98425,0.446984,14422.2,0
0.317833,3646.49,-29.9058,6.80834,0.611183,11028.1,0
0.476213,3639.58,-35.8657,4.70934,1.85336,21870.6,0
0.639054,3647.71,-27.8105,10.2811,0.369208,3583.58,0
0.800127,3640.29,-32.2689,8.10366,1.72143,12133.6,0
0.956174,3643.59,-50.9418,6.60498,0.682489,6699.3,0
1.11732,3645.33,-60.1757,3.67598,0.117367,4182.5,0
1.27436,3641.18,-64.7442,6.03786,0.763448,6924.52,0
1.43397,3637.4,-64.7129,18.68,1.39378,8783.64,0
1.59572,3632.49,-46.7718,11.5826,2.88881,10970.3,0
1.75788,3628.75,-46.6259,-1.25109,3.54448,12088.8,0
1.91677,3630.99,-50.3024,-1.15742,2.91636,9918.41,0
2.07926,3640.69,-35.2979,6.98687,1.3024,4476.54,0
2.23932,3641.76,-41.9535,14.0311,0.919446,3678.15,0
2.39917,3641.87,-56.0462,13.2905,0.567519,3389.43,0
2.55907,3634.54,-54.7922,11.8741,2.01855,6043.12,0
2.71903,3629.62,-52.263,6.76236,3.05773,7496.71,0
2.87629,3631.82,-54.7425,15.3888,2.46879,6320.11,0
3.0362,3632.65,-56.4126,11.7592,2.25258,5715.43,0
3.19576,3628.88,-61.3289,1.53836,2.92721,6608.43,0
3.3566,3638.24,-64.4636,7.97569,0.929767,3503.65,0
3.51508,3630.22,-72.2643,1.68403,2.17791,5626.59,0
3.67779,3631.66,-63.8254,-3.21289,2.17468,4986.52,0
3.83597,3638.64,-77.1806,-11.3372,0.363159,2962.4,0
3.99733,3631.08,-74.2186,-18.1234,1.83042,4732.35,0
4.15871,3629.46,-75.5259,-16.8848,2.05509,4938.23,0
4.31984,3630.35,-84.3197,-8.36481,1.52765,4548.33,0
4.47891,3635.51,-91.8842,3.43921,0.277946,3235.92,0
4.63766,3629.92,-76.433,5.33079,1.9258,4330.21,0
4.80046,3633.8,-78.31,10.8176,1.09347,3374.15,0
4.9612,3630.89,-69.6803,19.058,1.89927,3852.27,0
5.12037,3632.04,-73.0637,25.6474,1.46107,3507.99,0
5.28459,3635.04,-64.5368,34.1467,1.07308,2831.63,0
5.44323,3627.15,-67.081,36.2457,2.47595,4198.47,0
5.60406,3626.43,-58.7201,39.0975,2.83786,4206.74,0
5.76616,3628.84,-58.4348,35.704,2.39883,3669.73,0
5.92503,3621.96,-59.7694,43.6639,3.5348,4733.18,0
6.08444,3614.41,-66.0314,45.8961,4.7061,5848.78,0
6.24514,3615.52,-62.4525,41.8624,4.58783,5520.46,0
6.40595,3614.71,-61.1815,49.5366,4.44936,5509.42,0
6.55987,3617.42,-51.8592,45.81,4.14193,4967.13,0
6.72085,3609.78,-55.6983,40.098,5.68153,5984.54,0
6.88468,3602.02,-58.2508,37.1395,6.85866,6969.37,0
7.0448,3605.01,-61.7796,43.0227,5.5408,6386.94,0
7.20835,3602.51,-55.2382,39.2311,6.19277,6588.09,0
7.36608,3605.33,-56.9153,36.4331,5.30772,6063.82,0
7.52562,3609.71,-52.1221,43.553,4.24142,5353.85,0
7.68397,3604.49,-49.7928,37.5889,5.32102,5923.12,0
7.84335,3601.48,-47.4356,40.2435,5.87224,6186.56,0
8.00137,3602.09,-53.8528,33.4418,5.39821,5987.31,0
8.15896,3605.01,-55.9641,32.4515,4.4667,5513.66,0
8.31698,3619.71,-53.0063,23.6935,1.53598,3641.96,0
8.47271,3612.27,-56.408,24.7067,2.93627,4453.46,0
8.63425,3601.05,-51.6177,17.2753,5.59816,5668.94,0
8.79477,3602.67,-50.7092,24.1739,4.88686,5382.16,0
8.95696,3596.33,-55.7365,22.2603,5.7779,5992.47,0
9.11889,3591.02,-59.5534,19.5904,6.35147,6468.16,0
9.28166,3594.04,-57.5218,19.4052,5.46076,6028.56,0
9.44313,3595.37,-57.894,15.3467,4.91806,5785.21,0
9.60011,3595.4,-66.3171,14.9804,4.24323,5687.07,0
9.75977,3600.12,-67.5356,17.2095,2.99617,5110.3,0
9.91887,3598.87,-65.4709,7.90258,3.39387,5154.38,0
10.0793,3588.55,-59.9227,2.2527,5.9129,6096.77,0
10.237,3585.36,-64.5854,4.86004,6.10501,6314.09,0
10.3968,3587.71,-56.7602,-2.47334,5.62852,5991.19,0
10.5566,3585.33,-59.843,4.0836,5.75322,6126.06,0
10.7154,3577.6,-56.1464,1.68224,7.59406,6756.74,0
10.877,3581.35,-54.2803,4.29426,6.25439,6311.14,0
11.0369,3584.24,-54.8791,3.42126,5.23817,5958.53,0
11.1954,3587.79,-55.7649,3.02149,4.07174,5557.15,0
11.3538,3586.1,-54.6907,9.83678,4.43923,5628.38,0
11.5105,3590.1,-58.3401,13.7705,3.00644,5204.1,0
11.6692,3591.99,-50.729,7.06243,2.87422,4971.44,0
11.8325,3587.02,-51.3672,10.6301,3.97878,5322.25,0
11.9904,3586.67,-50.1411,14.9045,3.87787,5281.55,0
12.1512,3587.46,-49.4268,11.5926,3.64309,5146.77,0
12.3117,3585.6,-47.459,12.6284,4.10954,5230.9,0
12.4745,3578.93,-51.8873,20.9753,5.30849,5697.34,0
12.6339,3571.97,-58.3857,27.0136,6.41646,6176.42,0
12.7941,3568.44,-60.1665,34.4993,6.58676,6374.55,0
12.9548,3569.23,-59.0293,40.0715,5.85526,6235.06,0
13.1115,3571.97,-56.7343,39.2478,5.1111,5951.48,0
13.2695,3564.14,-56.2741,40.9514,6.68787,6470.57,0
13.4302,3570.9,-53.1679,39.5597,4.7247,5889.57,0
13.5901,3565.22,-55.2674,45.7307,5.56248,6238.46,0
13.7465,3564.12,-60.5222,43.3938,5.28435,6247.05,0
13.9043,3563.52,-64.3826,52.7863,4.41848,6219.97,0
14.0624,3560.53,-64.5111,59.3542,4.61807,6362.07,0
14.2254,3559.95,-67.5825,57.4927,4.46155,6330.32,0
14.3882,3563.07,-63.6066,61.6056,3.57201,6041.5,0
14.5483,3553.77,-66.6872,57.7822,5.63192,6614.22,0
14.7058,3550.73,-66.5879,52.3132,6.64543,6750.71,0
14.866,3547.68,-66.8952,57.6372,6.4866,6882.77,0
15.0241,3554.39,-67.2592,54.985,4.51244,6363.92,0
15.1815,3559.21,-67.2674,60.7866,2.83668,5980.52,0
15.3386,3559.83,-74.7049,58.6726,2.21293,5878.64,0
15.4956,3561.33,-78.8997,57.4647,1.53846,5722.42,0
15.5159,3561.07,-81.2334,58.3504,1.35779,5731.76,0
