0.160432,3640.49,-18.1368,4.76771,1.9352,59287,0
0.320724,3648.89,-17.5264,10.5351,0.274423,3451.6,0
0.479375,3643.29,-12.3961,0.152053,1.41957,13997.1,0
0.640133,3641.46,-23.1638,-10.5482,1.65761,13346.2,0
0.799901,3631.64,-27.4312,-11.2995,3.56568,22955.7,0
0.959426,3629.24,-19.8133,-6.62927,4.07826,21640.9,0
1.12094,3627.44,-20.5318,-14.9018,4.3304,20125.2,0
1.284,3628.88,-25.8753,-9.5453,3.85201,16450.9,0
1.44046,3631.19,-30.9671,-5.63512,3.2095,13059.5,0
1.60049,3627.75,-30.1361,-9.67705,3.84681,13904.5,0
1.76001,3627.02,-30.9993,-5.11848,3.78351,13054.3,0
1.9202,3623.98,-30.805,-6.19988,4.27268,13553.2,0
2.07867,3629.4,-30.5904,-5.35432,2.90875,9908.22,0
2.23681,3626.22,-22.0819,-5.9521,3.6386,10632.4,0
2.40037,3623.06,-26.7324,1.69264,4.1236,11224.1,0
2.5615,3622.44,-21.6453,-0.141081,4.08285,10761,0
2.71953,3627.11,-14.1852,2.36086,3.10841,8416.1,0
2.88125,3625.17,-18.5244,-1.45542,3.42057,8618.95,0
3.04352,3627.36,-16.4443,-6.71004,2.9271,7437.13,0
3.20194,3621.11,-11.0572,-0.627017,4.17053,9021.16,0
3.36021,3617.5,-11.0032,0.158383,4.77852,9673.36,0
3.51838,3624.4,1.30098,-0.895168,3.15305,7277.39,0
3.67812,3632.7,-3.46396,5.75085,1.30882,4702.32,0
3.83947,3632.38,2.67304,12.0038,1.34499,4589.64,0
3.99717,3628.07,6.3789,11.6427,2.23606,5485.16,0
4.15849,3629.52,5.52965,16.9502,1.85157,4923.73,0
4.31667,3634.43,0.14467,39.2477,0.480285,3605.95,0
4.47592,3630.71,6.43364,43.2832,1.14138,4309.21,0
4.63932,3633.74,-1.9352,52.771,0.291505,3505.52,0
4.79798,3621.48,-4.52743,47.8873,2.90046,5943.27,0
4.95729,3630.25,-11.5422,49.0712,1.02233,3984.39,0
5.11854,3631.02,-8.49143,37.7058,1.1338,3708.23,0
5.27769,3623.65,-2.41568,43.714,2.50356,4993.31,0
5.43789,3614.33,-8.36641,43.6242,4.43056,6560.34,0
5.59989,3614.28,-5.97531,41.0345,4.41491,6379.4,0
5.75902,3611.83,0.409859,45.5238,4.76184,6627.56,0
5.91587,3606.67,-1.5969,47.1341,5.68017,7324.08,0
6.07685,3607.16,-9.45456,41.5115,5.6044,7049.18,0
6.23884,3606.17,-9.40592,43.6904,5.54991,7024.96,0
6.39685,3611.31,-9.28922,42.0151,4.20472,6047.58,0
6.55556,3612.14,-7.29046,38.5718,4.06845,5774.58,0
6.71349,3609.97,-13.4784,36.8869,4.48248,5962.13,0
6.87269,3613.03,-14.7602,44.733,3.40251,5378.57,0
7.03578,3616.04,-14.7031,48.5465,2.51158,4826.46,0
7.19479,3616.58,-20.8484,39.8601,2.53287,4645.58,0
7.35138,3613.94,-16.2601,33.4807,3.34877,4904.59,0
7.51126,3612.61,-12.6505,34.0656,3.67868,4977.62,0
7.67219,3617.68,-10.4425,37.0633,2.46094,4212.75,0
7.83422,3621.53,-23.2556,31.6343,1.56689,3633.65,0
7.99614,3627.84,-21.4729,20.8603,0.41632,2770.87,0
8.15766,3628.66,-24.3336,11.6787,0.287739,2615.52,0
8.31589,3621.15,-17.8972,10.5223,2.00785,3469.25,0
8.47593,3616.12,-13.2296,6.2335,3.21215,3997.48,0
8.63761,3614.41,-13.112,5.65469,3.63394,4120.27,0
8.79683,3629.77,-14.9919,6.65098,0.165381,2299.92,0
8.95481,3615.48,-12.7496,1.31045,3.29599,3855.35,0
9.11433,3616.72,-16.7995,-0.497908,2.93622,3651.42,0
9.27396,3622.24,-11.7561,0.0087765,1.69193,2993.41,0
9.43421,3621.17,-7.23362,8.17969,1.98392,3055.96,0
9.59436,3623.11,0.0917629,7.5839,1.57509,2802.59,0
9.75409,3622.96,2.31627,5.24307,1.56308,2771.93,0
9.91743,3613.21,-11.9405,4.28331,3.74429,3709.6,0
10.0777,3617.42,-7.42213,6.68684,2.7553,3232.79,0
10.2398,3620.86,-0.424095,14.2944,1.89793,2845.47,0
10.4006,3622.58,3.92858,4.47442,1.55007,2636.8,0
10.5594,3618.92,0.416103,1.88342,2.3707,2943.02,0
10.7209,3615.57,6.50269,-5.2865,3.10472,3211.53,0
10.885,3611.44,6.24455,-7.37229,3.98101,3542.9,0
11.0461,3612.81,11.2162,2.17865,3.65996,3367.04,0
11.2079,3609.17,5.67074,-2.08444,4.40018,3642.93,0
11.368,3605.99,5.2742,4.25605,4.97697,3871.24,0
11.5292,3604.28,2.44313,7.53295,5.18046,3966.01,0
11.6863,3599.37,-3.57103,12.9635,6.23903,4332.49,0
11.8477,3598.8,-7.61718,17.9529,5.99131,4321.18,0
12.0115,3599.01,-14.0887,7.41254,5.8265,4244.82,0
12.1724,3596.35,-5.8887,3.22044,6.08656,4407.1,0
12.3339,3593.72,-0.745174,-4.83917,6.62201,4562.92,0
12.4916,3592.46,-2.84629,-3.99062,6.52009,4606.24,0
12.6516,3599.74,1.31987,-8.67518,4.18439,3972.81,0
12.8103,3602.47,0.577244,-2.78856,3.42379,3709.96,0
12.969,3594.7,3.30722,-4.15385,5.32947,4264.33,0
13.1281,3601.81,12.3496,-0.867784,3.3059,3671.12,0
13.289,3597.61,8.59881,0.693169,4.39705,3942.71,0
13.4526,3593.47,6.29643,-7.38066,5.29264,4202.1,0
13.6138,3598.41,1.7423,-5.30492,3.925,3789.4,0
13.7732,3598.71,-4.86409,-2.54367,3.76921,3723.99,0
13.9307,3602.89,-13.6353,-3.83541,2.58967,3381.76,0
14.0913,3604.62,-13.5237,-5.92191,2.06129,3220.6,0
14.251,3602.27,-22.3789,-6.8134,2.46211,3349.48,0
14.4086,3602.89,-30.6973,-3.87584,2.08668,3269.37,0
14.5667,3605.23,-26.9626,-1.39039,1.60321,3073.32,0
14.7272,3609.04,-24.9402,-2.25715,0.710019,2781.51,0
14.8865,3604.85,-26.6548,-3.48921,1.65909,3032.66,0
15.0481,3608.93,-20.8543,6.69768,0.783057,2729.32,0
15.2119,3608.83,-27.6808,-9.99042,0.647425,2706.62,0
15.3757,3610.35,-16.8289,-24.3179,0.274173,2578.65,0
15.5383,3599.85,-19.7834,-24.9377,2.74569,3227.27,0
15.6988,3609.14,-20.1344,-30.2026,0.370121,2602.92,0
15.859,3602.8,-22.8778,-37.4512,1.61912,2976.18,0
16.0202,3603.76,-18.5613,-44.2369,1.22636,2886.26,0
16.1813,3598.63,-30.6614,-46.617,2.10451,3174.63,0
16.3398,3600.55,-36.3723,-47.3925,1.45054,3026.3,0
16.4974,3599.49,-15.3028,-57.1197,1.72747,3061.62,0
16.657,3593.4,-6.0486,-62.5792,2.96429,3397.92,0
16.8165,3585.21,-10.4172,-59.9098,5.07886,3852.81,0
16.9757,3581.03,-6.26195,-61.0805,5.88887,4062.85,0
17.1349,3576.53,0.383436,-61.8842,6.48533,4288.02,0
17.2948,3579.35,-2.39573,-62.12,5.35631,4085.22,0
17.4518,3577.42,-1.60978,-63.1359,5.37997,4158.71,0
17.6134,3576.6,-2.91207,-61.1202,5.48835,4167.19,0
17.7741,3580.09,-13.5683,-70.3198,3.62233,3933.1,0
17.9386,3581.41,-10.9368,-73.7785,3.03422,3823.82,0
18.0998,3580.98,1.96257,-81.3984,2.59567,3813.15,0
18.2564,3573.98,5.78598,-89.0262,3.57183,4163.83,0
18.4206,3571.45,2.23419,-84.8306,4.46826,4264.16,0
18.5788,3574.77,11.2258,-79.9098,3.98531,4049.44,0
18.7366,3575.68,4.9475,-75.9779,4.05577,3966.72,0
18.8962,3573.08,-4.0858,-69.4689,5.11868,4070.87,0
19.0582,3573.48,-1.7936,-65.3151,5.09891,4015.04,0
19.2189,3564.68,-4.52786,-65.3966,6.93621,4439.2,0
19.3755,3571.89,-11.7503,-70.5173,4.21017,4031.17,0
19.5384,3576.13,-25.6177,-69.6978,2.80185,3780.93,0
19.6963,3582.12,-22.178,-66.5867,1.60592,3446.19,0
19.8562,3584.77,-20.463,-63.8137,1.15881,3285.26,0
20.0163,3580.3,-17.5385,-63.4231,2.38749,3482.03,0
20.1768,3583.31,-7.03625,-66.7353,1.47925,3305.07,0
20.3356,3588.26,0.233351,-57.9547,0.806147,3035.9,0
20.4958,3582.57,6.56627,-51.941,2.58697,3289.96,0
20.6568,3581.24,-1.80129,-46.9674,3.151,3328.59,0
20.8186,3586.56,1.45604,-53.2912,1.33413,3047.52,0
20.9799,3589.57,10.1982,-54.0792,0.468996,2880.54,0
21.1438,3580.8,2.45764,-51.987,2.88712,3272.7,0
21.3038,3573.58,0.676603,-49.401,4.89753,3587.11,0
21.4596,3572.97,5.7624,-45.5905,5.12467,3589.54,0
21.6196,3573.28,1.32173,-46.4331,4.80651,3548.68,0
21.7808,3570.63,-1.08574,-37.1287,5.96085,3644.12,0
21.9424,3575.17,-9.62171,-30.3011,4.67515,3410.3,0
22.1051,3570.64,-6.94494,-35.9495,5.62997,3590.28,0
22.2648,3568.01,-5.76298,-33.1925,6.47317,3682.43,0
22.4277,3571.16,-6.348,-26.2261,5.50589,3515.46,0
22.5874,3570.89,-10.0806,-34.4306,4.93476,3502.29,0
22.7462,3574.09,-9.19521,-31.2725,3.99595,3337.18,0
22.9069,3574.59,-4.23632,-25.5823,4.09501,3291.8,0
23.0673,3581.11,-1.8065,-21.1971,2.18737,2986.41,0
23.2256,3580.09,2.7228,-11.6158,2.66637,3010.12,0
23.3858,3576.83,11.9109,-6.26743,3.60441,3128.75,0
23.5448,3573.24,3.90597,-13.6952,4.60301,3260.21,0
23.7049,3569.58,2.27517,-13.5285,5.67711,3392.49,0
23.8637,3568.43,2.58341,-10.4124,5.80365,3418.19,0
24.0233,3563.82,5.88199,-10.8608,6.89671,3587.35,0
24.184,3561.98,4.30026,-9.14262,7.10151,3639.7,0
24.344,3555.96,15.564,-9.63758,8.54273,3862.89,0
24.5065,3556.69,17.392,-8.79576,7.43154,3807.7,0
24.67,3558.4,17.6063,-3.20718,6.35004,3712.87,0
24.8305,3560.52,17.6674,3.3519,5.25211,3603.77,0
24.9895,3552.94,15.6199,-2.56488,7.99961,3884.12,0
25.1476,3554.86,16.125,0.979109,6.57327,3783.1,0
25.3075,3549.03,18.054,-6.42858,8.36783,3989.79,0
25.4663,3546.33,18.479,-5.74963,8.6964,4071.03,0
25.6236,3546.62,16.9193,-6.5312,7.8606,4034.62,0
25.7801,3550.87,11.4582,-9.47893,5.83986,3845.39,0
25.9395,3543.39,17.0006,-2.24471,8.38689,4109.88,0
26.1017,3549.01,24.6676,6.87588,4.70926,3869.24,0
26.2615,3546.51,22.0024,2.06459,5.89377,3940.59,0
26.4225,3545.31,19.8818,2.17633,6.43331,3962.1,0
26.5824,3541.27,20.3126,4.82767,7.72736,4090.38,0
26.7411,3536.74,18.2095,2.57879,9.47644,4235.37,0
26.9037,3530.31,20.3095,1.55374,0.460177,4448.94,0
27.0653,3528.02,18.9761,-6.2934,1.93299,4506.88,0
27.2278,3523.86,25.2907,-19.2742,1.94937,4632.78,0
27.3876,3523.52,25.2912,-22.2353,1.6836,4618.09,0
27.5452,3520.09,16.4016,-21.3676,5.40466,4716.39,0
27.7049,3522.37,17.0099,-18.1537,4.23158,4606.79,0
27.8661,3525.57,14.6284,-23.4401,1.61734,4465.12,0
28.0301,3525.36,2.39607,-13.6776,4.39288,4446.48,0
28.1882,3528.94,10.5566,-14.5093,1.37018,4294.62,0
28.3451,3527.33,4.83876,-23.1753,1.30841,4327.58,0
28.5092,3525.88,2.6016,-20.8574,2.6729,4353.51,0
28.6701,3520.96,1.23041,-22.5518,5.50346,4501.02,0
28.83,3525.32,-0.413813,-30.5959,0.799463,4324.75,0
28.9886,3526.68,-0.920321,-25.6553,1.03418,4254.23,0
29.1481,3524.79,3.57577,-25.9499,2.01721,4295.65,0
29.3088,3525.84,-2.08183,-25.7572,1.41971,4236.33,0
29.4673,3525.49,-4.00356,-25.0659,1.73942,4225.35,0
29.63,3527.51,6.35235,-21.1745,1.11493,4133.82,0
29.7891,3525.17,7.1441,-26.8058,1.3204,4190.39,0
29.951,3518.38,17.5231,-25.6037,4.51009,4394.48,0
30.1113,3514.09,15.5066,-26.8628,7.03252,4513.52,0
30.2745,3514.62,14.3275,-22.587,7.76597,4471.85,0
30.4375,3515.57,17.2342,-20.559,6.55556,4416.54,0
30.5995,3510.11,18.8279,-22.1521,9.04922,4571.5,0
30.7582,3506.26,20.4037,-21.4277,10.6053,4673.28,0
30.9202,3506.18,19.8695,-23.1237,9.56058,4651.18,0
31.0838,3501.48,18.2839,-28.4498,9.76399,4777.89,0
31.244,3505.58,19.0075,-26.9225,6.57377,4622.39,0
31.403,3506.73,15.1813,-29.2773,5.35257,4562.14,0
31.5651,3502.45,8.90565,-35.0316,6.14695,4674.4,0
31.727,3496.99,13.0302,-39.4053,6.53611,4822.77,0
31.8867,3500.08,14.4579,-46.9117,1.6079,4701.74,0
32.0423,3497.56,22.5397,-42.9871,3.04619,4757.33,0
32.2043,3492.96,24.9383,-43.876,4.36274,4876.49,0
32.3625,3498.34,20.0956,-39.2628,4.33351,4686.29,0
32.5208,3493.23,19.2746,-43.8024,5.07848,4820.56,0
32.6792,3492.74,17.0633,-43.8272,5.53943,4812.13,0
32.8415,3488.36,18.846,-37.6031,9.51879,4921.71,0
33.0031,3492.06,16.8465,-37.8452,6.80763,4785.68,0
33.1658,3492.98,22.6531,-42.9818,2.8164,4734.41,0
33.3259,3493.06,17.3213,-40.5776,4.73881,4709.33,0
33.489,3492.88,27.0548,-45.2342,0.819755,4691.82,0
33.6539,3476.95,28.6127,-49.9268,5.6933,5142.08,0
33.8135,3477.36,15.9228,-45.0183,10.0522,5105.58,0
33.9719,3468.42,20.085,-41.0851,3.4717,5344.88,0
34.1324,3462.54,22.1193,-41.2856,5.29179,5492.14,0
34.2908,3463.6,22.7018,-46.2874,1.6356,5435.93,0
34.4495,3471.15,20.7721,-39.8879,2.26682,5191.57,0
34.609,3477.56,17.6526,-36.7288,1.7613,4982.61,0
34.7719,3480.19,20.3372,-33.0826,1.4141,4883.61,0
34.9309,3469.69,22.1389,-33.2047,6.29087,5162.02,0
35.0925,3472.98,22.1929,-32.2222,5.00879,5044.37,0
35.255,3469.51,25.5879,-35.8987,3.24352,5119.63,0
35.4141,3462.61,21.7321,-43.3489,3.54541,5291.3,0
35.5728,3462.31,19.9462,-36.4317,8.34916,5276.11,0
35.7291,3464.61,21.2701,-33.6038,7.74023,5188.71,0
35.8881,3456.96,13.1487,-33.9773,2.24184,5378.94,0
36.047,3461.11,11.6963,-29.4438,4.81544,5240.21,0
36.2076,3462.74,13.0602,-32.0673,0.83136,5171.71,0
36.3661,3464.52,7.41609,-28.6583,4.99921,5100.46,0
36.5254,3467.73,13.0377,-26.3348,3.06054,4990.25,0
36.6868,3469.67,8.15234,-27.9735,1.98346,4915.32,0
36.848,3464.27,4.47078,-25.7242,8.73733,5040.34,0
37.0067,3460.5,2.80294,-20.8916,6.26485,5120.66,0
37.1657,3468.51,6.20523,-13.8278,0.103854,4883.39,0
37.2875,3468.03,1.20668,-7.21745,12.7189,4880.28,0
