0.158428,3642.23,-30.1612,20.1013,1.52791,49045.5,0
0.31909,3639.18,-29.6845,24.9862,2.08343,33910.1,0
0.478806,3643.73,-29.9347,29.5619,1.09318,13093.7,0
0.638868,3637.89,-21.1352,32.2143,2.24669,18958.4,0
0.79835,3637.38,-17.1666,28.6383,2.41562,15804.6,0
0.960172,3640.87,-18.1543,29.8448,1.69321,9510.83,0
1.122,3643.51,-17.0963,30.5189,1.15697,5785.54,0
1.27949,3649.32,-13.797,25.6874,0.130705,535.332,0
1.43504,3637.82,-14.6933,21.096,2.41519,8489.89,0
1.59312,3643.84,-21.022,28.5918,1.06336,3865.16,0
1.75133,3635.96,-16.4497,26.9244,2.68961,8016.42,0
1.91234,3642.39,-13.7308,28.7491,1.41109,3980.99,0
2.06937,3646.36,-24.2555,9.62624,0.716311,1759.34,0
2.22966,3642.17,-22.0913,17.6294,1.49583,3510.58,0
2.39034,3645.9,-13.0388,9.0427,0.896089,1713.93,0
2.54893,3649.06,-10.2513,8.44393,0.301832,370.507,0
2.71325,3648.16,-30.9449,8.32583,0.266858,678.15,0
2.87274,3640.6,-31.0983,18.851,1.65054,3273.27,0
3.02943,3642.83,-43.8918,16.1606,0.964596,2365.52,0
3.18834,3643.46,-42.6913,10.9671,0.911105,2051.34,0
3.35224,3641.54,-40.0838,9.30461,1.3388,2522.98,0
3.51487,3647.94,-29.0276,11.0352,0.298853,586.141,0
3.67108,3640.1,-28.0571,23.4252,1.7091,2697.61,0
3.83281,3640.52,-26.2054,31.0304,1.53405,2472.61,0
3.99376,3632.94,-20.7633,17.5288,3.30728,4272.36,0
4.1543,3634.13,-34.6649,11.8346,2.87809,3819.74,0
4.30994,3625.73,-29.4933,15.1157,4.56761,5631.04,0
4.46802,3630.29,-21.7035,8.78296,3.74748,4412.03,0
4.62677,3633.62,-21.4925,-1.5134,2.96468,3540.1,0
4.786,3642.15,-20.8,-3.79663,1.23126,1639.96,0
4.94567,3632.25,-23.8469,-9.17355,3.1594,3588.18,0
5.10597,3625.28,-13.5105,-6.5524,4.69117,4841.75,0
5.26553,3622.71,-9.53215,-2.16283,5.06642,5182.47,0
5.4271,3617.21,-6.02668,-6.97441,6.15113,6042.25,0
5.58565,3611.85,-3.85655,-9.91705,7.03271,6829.93,0
5.74573,3616.6,-6.52707,-15.0231,5.51219,5813.28,0
5.90672,3617.84,-3.00588,-14.4543,4.94281,5443.97,0
6.06669,3610.29,-4.22609,-8.91947,6.48748,6544.85,0
6.22599,3607.5,-3.2678,-10.7861,6.76839,6826.63,0
6.3854,3603.06,-4.87121,-9.5113,7.34448,7351.85,0
6.54621,3610.95,-7.33878,-12.0991,5.00423,5964.79,0
6.71062,3603.82,-6.01311,-13.2787,6.53011,6881.59,0
6.87099,3604.48,-2.14982,-7.6211,6.211,6625.11,0
7.03205,3604.94,-0.916023,-3.23226,5.88224,6408.11,0
7.19038,3604.94,-2.45541,-3.16488,5.69565,6266.44,0
7.35259,3602.9,-2.42491,-2.86548,6.04682,6405.48,0
7.51048,3601.8,1.24814,-8.19266,6.05283,6417.25,0
7.67231,3599.7,1.8483,-10.4106,6.20906,6555.67,0
7.83275,3599.11,-4.14767,-16.3201,6.13751,6496.67,0
7.98994,3601.06,-3.63719,-12.4778,5.42176,6125.33,0
8.15032,3612.21,-2.43987,-18.1319,2.53472,4636.46,0
8.31147,3610.93,-4.66021,-19.9439,2.72429,4701.26,0
8.47403,3617.06,-11.161,-22.1375,1.17875,3887.6,0
8.63239,3618.49,-15.9393,-24.2873,0.775798,3650.66,0
8.79431,3618.11,-22.8109,-8.06654,0.95263,3626.22,0
8.95035,3617.43,-18.8061,2.83095,1.192,3639.21,0
9.11062,3616.47,-23.263,1.69101,1.34913,3679.81,0
9.27184,3611.99,-21.0321,8.76251,2.40062,4099.25,0
9.43251,3607.65,-28.0023,10.0185,3.24315,4490.15,0
9.59265,3607.09,-39.4484,12.9966,3.0499,4473.29,0
9.7544,3603.1,-39.8719,15.5547,3.80202,4808.57,0
9.91706,3604,-36.7228,10.9155,3.67861,4638.43,0
10.0753,3605.64,-35.2893,10.3453,3.29257,4403.03,0
10.2369,3604.31,-31.325,13.3312,3.64809,4463.32,0
10.3992,3601.9,-31.9018,13.4013,4.13587,4625.38,0
10.5619,3603.45,-31.5519,13.9847,3.61251,4407.65,0
10.7224,3603.67,-25.7494,16.9402,3.53364,4321.14,0
10.8816,3606.6,-28.1426,9.25607,2.87964,3988,0
11.0409,3606.77,-24.5741,18.0706,2.77415,3915.31,0
11.2039,3608.07,-27.6916,18.1092,2.39846,3742.29,0
11.3624,3608.32,-18.9745,11.1383,2.53501,3668.56,0
11.5245,3598.75,-22.9704,11.6513,4.6918,4447.05,0
11.6852,3598.54,-20.4677,9.87264,4.70493,4403.5,0
11.8456,3594.05,-12.5813,8.56424,5.71982,4723.49,0
12.0038,3593.43,-13.3914,8.37872,5.63656,4712.66,0
12.1638,3589.92,-16.3738,5.80328,6.26131,4939.62,0
12.3242,3590.23,-17.9984,3.50438,5.83329,4849.62,0
12.485,3590.52,-23.9576,-4.26639,5.22192,4764.46,0
12.6413,3589.64,-25.0483,-5.358,5.06266,4775.21,0
12.8019,3586.42,-21.1956,-5.06642,5.84569,4966.63,0
12.9615,3585.72,-21.6734,-1.45588,5.86156,4959.4,0
13.1218,3586.52,-22.3523,-4.93595,5.37791,4838.04,0
13.2793,3590.11,-24.5529,-0.47545,4.22551,4509.77,0
13.4395,3587.55,-29.6095,1.07251,4.63814,4646.82,0
13.5987,3578.52,-25.5675,2.50079,7.21149,5256.69,0
13.7592,3574.62,-22.5464,2.90193,7.83366,5478.82,0
13.9216,3577.5,-23.716,6.97754,6.47215,5207.64,0
14.0851,3581.77,-24.8337,9.97626,4.8809,4843.85,0
14.2488,3579.5,-22.3891,3.27068,5.45897,4947.75,0
14.4059,3577.28,-24.1881,-2.61933,5.73224,5047.99,0
14.5647,3582.75,-30.6403,-9.5208,3.70332,4617.64,0
14.7288,3593.01,-35.2408,-10.4795,0.647778,3869.02,0
14.8912,3587.99,-32.5572,-14.9809,2.02618,4164.14,0
15.0494,3582.12,-33.676,-7.84614,3.54105,4510.42,0
15.2083,3576.66,-28.6609,-8.77635,5.27414,4822.51,0
15.3668,3574.05,-37.1931,-8.46907,5.45494,4942.48,0
15.5274,3575.72,-38.1611,-12.8447,4.72178,4783.93,0
15.6892,3580.91,-38.9102,-21.4477,2.92163,4403.52,0
15.852,3580.57,-40.304,-21.0603,2.87264,4380.09,0
16.0105,3580.2,-47.7874,-13.8793,2.65674,4359.76,0
16.167,3575.54,-50.3715,-14.4743,3.67759,4605.59,0
16.3279,3572.8,-48.5829,-12.2968,4.37747,4728.27,0
16.4858,3576.82,-48.2022,-17.873,3.00554,4439.25,0
16.6411,3569.35,-50.324,-13.6625,4.99431,4846.66,0
16.8053,3569.7,-48.7157,-15.1649,4.90446,4778.31,0
16.9659,3565.58,-48.0837,-19.2191,5.79765,4975.93,0
17.1251,3565.84,-49.3394,-19.0415,5.32631,4914.35,0
17.2866,3564.88,-39.2149,-23.2638,5.97233,4923.77,0
17.4433,3571.05,-41.1072,-29.9117,3.39716,4526.08,0
17.6031,3577.62,-39.4161,-29.1988,1.61075,4111.62,0
17.7615,3575.44,-24.7285,-37.6,2.47792,4198.11,0
17.9208,3572.73,-27.8561,-36.0036,3.21886,4311.66,0
18.0755,3578.75,-29.2139,-32.774,1.49252,3941.56,0
18.2382,3578.55,-42.8716,-30.9557,0.975863,3917.37,0
18.4013,3577.06,-41.104,-19.6716,1.82563,3963.72,0
18.5603,3574.59,-49.4423,-30.6988,1.60748,4062.94,0
18.7194,3565.14,-52.0594,-30.0964,4.05397,4533.42,0
18.8746,3574.95,-49.6168,-28.7967,1.44817,3976.4,0
19.0323,3566.48,-45.5936,-22.0022,4.35197,4388.5,0
19.1905,3562.02,-43.2801,-26.8142,5.3343,4584.63,0
19.3492,3558.58,-45.1226,-16.1419,6.31589,4724.87,0
19.5058,3554.92,-49.0794,-12.727,6.87711,4874.47,0
19.6678,3545.3,-41.4235,-10.6068,10.1954,5323.26,0
19.8306,3541.95,-39.307,-11.3891,10.6131,5448.75,0
19.989,3542.88,-42.8407,-9.51562,8.79778,5358.8,0
20.1469,3538.58,-40.6699,-8.15431,9.70786,5530.35,0
20.3084,3536.38,-44.295,-11.9261,8.771,5594.53,0
20.4697,3542.94,-45.9228,-14.2897,5.39779,5230.31,0
20.6302,3544.18,-41.9474,-6.91589,5.18466,5129.24,0
20.7901,3540.46,-39.1899,-8.94232,6.65324,5268.86,0
20.9502,3539.22,-35.5225,-4.58013,7.22664,5287.64,0
21.112,3540.2,-40.0885,-10.4704,5.73504,5200.68,0
21.2729,3543.5,-41.3997,-13.6039,3.97836,5006.57,0
21.4312,3535.1,-40.2222,-16.863,7.22705,5361.37,0
21.5923,3533.4,-38.2365,-17.2919,7.9121,5400.23,0
21.7501,3529.2,-44.1783,-12.6455,8.2734,5553.87,0
21.9088,3532.47,-45.7676,-10.3427,6.04289,5364.72,0
22.0659,3530.73,-57.2267,-14.8442,4.29557,5405.11,0
22.2254,3525.3,-57.1958,-10.2044,6.42508,5610.86,0
22.3894,3520.33,-56.3492,-5.33909,7.99916,5791.76,0
22.5454,3519.69,-60.3764,-5.75003,6.70168,5779.88,0
22.7056,3516.85,-60.0076,-7.03432,7.47639,5863.98,0
22.864,3520.16,-58.0488,-12.4191,6.06121,5678.96,0
23.0239,3524.12,-53.09,-18.5426,4.93141,5467.56,0
23.1853,3522.69,-57.8233,-18.7693,4.41479,5491.2,0
23.3444,3527.12,-62.6763,-19.7172,1.83506,5263.8,0
23.5069,3524.48,-55.6472,-18.4322,4.04214,5339.73,0
23.6686,3517.12,-61.0921,-17.5864,5.53657,5614.05,0
23.8285,3516.6,-53.2429,-15.144,7.42376,5598.52,0
23.9888,3517.41,-61.2177,-15.7865,4.94611,5527.24,0
24.1442,3523.18,-60.5421,-11.6358,3.00796,5252.54,0
24.3026,3519.76,-53.233,-10.6912,5.80027,5359.19,0
24.4592,3522.86,-48.1323,-8.28,5.27385,5198.02,0
24.6223,3532.23,-52.3598,-7.15489,0.526668,4783.11,0
24.7834,3518.95,-50.0453,-0.344245,6.51614,5287.87,0
24.9449,3517.56,-46.2908,-0.581095,7.64527,5309.21,0
25.1084,3522.45,-48.7014,5.54866,4.54737,5080.07,0
25.2676,3523.7,-51.3074,4.28996,3.3342,4998.39,0
25.426,3518.92,-49.1119,4.64733,5.70145,5155.26,0
25.5899,3517.95,-49.3713,4.74198,5.90322,5160.31,0
25.7541,3519.67,-47.8383,3.70589,5.28072,5060.57,0
25.9164,3526.18,-48.2428,8.16523,2.0688,4777.86,0
26.0802,3523.97,-45.9982,0.0667943,3.65422,4832.48,0
26.2393,3516.44,-51.8519,0.346227,5.49452,5090.19,0
26.3986,3515.82,-47.0573,8.77124,6.40033,5082.7,0
26.5541,3518.62,-38.9532,4.83655,6.85067,4947.67,0
26.7148,3514.21,-43.4981,9.1895,6.9866,5082.93,0
26.875,3511.59,-45.3487,2.07794,7.55218,5150.11,0
27.0298,3510.21,-42.5647,-3.50909,8.28403,5171.67,0
27.1893,3511.75,-45.0731,-11.5782,5.73677,5084.76,0
27.3497,3510.29,-38.5355,-13.8748,7.82254,5108.14,0
27.5099,3508.75,-38.8003,-17.2295,7.66271,5134.5,0
27.6713,3512.97,-39.3758,-16.0181,5.11989,4952.22,0
27.8321,3519.19,-38.841,-19.2488,1.71852,4699.99,0
27.992,3513.81,-40.0033,-26.2971,3.0019,4865.33,0
28.1543,3513.07,-42.83,-30.8438,1.952,4863.51,0
28.3122,3516.46,-49.1932,-19.5671,0.355201,4716.61,0
28.4755,3510.73,-41.5473,-23.5578,4.33359,4890.89,0
28.6364,3513.33,-45.738,-15.2999,2.94603,4772.71,0
28.7971,3518.19,-39.9556,-14.1037,2.1906,4577.31,0
28.9577,3520.4,-43.9469,-1.19007,0.683173,4475.51,0
29.1203,3516.96,-40.5551,-11.4281,2.78268,4568.66,0
29.2786,3512.4,-41.8985,-12.9439,4.15155,4699.57,0
29.4423,3514.67,-39.4521,-15.4504,3.32693,4596.4,0
29.6027,3521.04,-35.4606,-16.8399,0.926342,4356.52,0
29.7604,3520.42,-24.6567,-18.4513,3.39782,4354.04,0
29.9199,3524.46,-20.6437,-8.6879,2.76566,4196.02,0
30.0772,3527.34,-17.7267,-4.4404,1.68521,4078.02,0
30.2341,3521.94,-26.959,-15.1674,2.27575,4235.49,0
30.396,3522.44,-26.0693,-21.0023,1.33453,4196.67,0
30.5577,3525.71,-23.1479,-13.2034,1.00356,4067.25,0
30.7213,3517.32,-24.7746,-19.5543,4.78556,4318.89,0
30.8821,3507.87,-24.9686,-21.9833,9.7364,4602.49,0
31.0482,3507.7,-28.823,-17.1171,8.3914,4583.13,0
31.2072,3507.95,-25.1827,-16.961,8.81259,4551.79,0
31.3684,3508.83,-25.9931,-21.5885,6.10355,4500.52,0
31.526,3505.08,-24.4409,-20.4781,8.50205,4596.85,0
31.6846,3495.9,-29.7416,-17.689,1.17801,4863.4,0
31.8421,3491.45,-29.8321,-20.5176,3.02003,4979.13,0
32.0047,3499.83,-22.4745,-16.6698,2.43809,4691.99,0
32.1674,3496.34,-22.2415,-8.43652,8.23396,4777.03,0
32.3252,3500.44,-24.3677,-14.0615,1.38845,4626.61,0
32.4882,3499.64,-19.5394,-15.8408,3.82823,4628.15,0
32.648,3502.91,-14.9391,-13.0043,4.64849,4505.22,0
32.8068,3502.7,-12.1439,-16.2512,4.1609,4489.84,0
32.9679,3498.72,-12.8782,-15.1776,8.15474,4588.73,0
33.1258,3497.63,-16.6437,-20.7274,3.54643,4599.87,0
33.2869,3487.93,-18.3331,-30.0238,4.20161,4868.77,0
33.4451,3486.74,-21.3902,-30.0275,3.46787,4881.46,0
33.6101,3480.58,-16.047,-23.9839,1.90103,5040.66,0
33.7685,3475.95,-8.89588,-23.0991,9.28,5154.08,0
33.9273,3471.78,-10.3,-29.8676,4.11673,5252.87,0
34.0846,3471.31,-9.83268,-26.3578,7.39478,5242.68,0
34.2423,3467.92,-13.6451,-29.3168,4.41416,5317.34,0
34.3969,3463.33,-7.2199,-32.7579,5.33124,5426.8,0
34.5576,3459.71,-1.23417,-35.9602,4.63296,5506.5,0
34.7182,3456.41,3.28113,-32.5796,9.46311,5576.1,0
34.8793,3460.95,4.83183,-33.8321,4.9678,5420.03,0
35.0394,3465.52,3.7424,-27.3202,9.0842,5265.04,0
35.1986,3458.06,6.55791,-19.0235,0.97177,5453.15,0
35.3596,3450.64,6.84825,-14.6462,1.97294,5638.19,0
35.3669,3449.95,6.90602,-14.2892,2.94009,5656.47,0
