0.160898,3639.7,13.5576,11.8171,1.96753,63991.2,0
0.325475,3643.3,14.9343,21.738,1.17301,20594.4,0
0.485076,3640.72,17.5009,34.312,1.47842,19127.2,0
0.645367,3633.57,15.0992,26.8788,3.02849,25457.5,0
0.803052,3637.87,7.59132,24.3278,2.2507,15104.4,0
0.966524,3633.93,8.43116,19.8033,3.07042,16629.3,0
1.12784,3630.99,10.8646,17.489,3.64313,16854.3,0
1.28776,3630.93,8.89949,21.7382,3.53158,14807,0
1.44876,3635.18,12.1555,22.7631,2.53966,10229.9,0
1.60628,3636.82,14.2586,25.5061,2.13911,8205.37,0
1.76764,3635.91,21.8189,39.6841,1.99117,7968.92,0
1.92693,3633.44,24.8236,31.8678,2.56396,8594.61,0
2.08898,3631.2,24.6477,26.508,3.08259,8999.29,0
2.24774,3625.94,17.5374,24.8889,4.23069,10702.3,0
2.40659,3620.35,14.288,27.9183,5.26002,12320.3,0
2.56547,3621.69,18.4939,31.3255,4.65618,11034,0
2.72633,3620.61,23.8077,24.1527,4.88103,10779.1,0
2.88694,3620.39,28.9189,30.9113,4.46039,10255.1,0
3.04752,3620.84,26.4988,20.9176,4.47223,9568.71,0
3.20692,3630.56,23.5975,17.486,2.36253,6060.81,0
3.36787,3632.64,27.1093,23.0468,1.76513,5154.67,0
3.52494,3628.66,29.0454,19.269,2.57623,6052.8,0
3.68571,3622.49,25.594,16.9699,3.9806,7464.05,0
3.844,3621.36,21.3215,14.1936,4.25592,7450.21,0
4.00139,3622.37,23.4607,14.4263,3.82723,6904.51,0
4.16439,3626.47,29.8463,7.68915,2.83463,5650.23,0
4.32179,3628.42,36.4914,14.9397,2.17186,4992.7,0
4.48296,3634.19,28.7996,6.23736,1.15678,3525.83,0
4.6419,3626.6,24.2594,15.6123,2.77435,5041.19,0
4.80364,3620.6,16.8681,20.449,4.04154,6120.5,0
4.96599,3624.98,11.9203,21.9139,3.01798,5037.83,0
5.12494,3615.66,9.24103,15.345,5.10342,6700.32,0
5.28377,3621.94,5.46374,7.96615,3.57798,5310.14,0
5.44614,3631.19,2.80339,0.165075,1.55547,3454.43,0
5.60482,3630.85,-5.54336,-4.83372,1.59891,3416.95,0
5.76422,3634.52,-18.372,-4.8911,0.751048,2685.42,0
5.92601,3633.43,-18.2085,-15.8026,0.909229,2795.47,0
6.08983,3633.89,-11.4332,-10.7795,0.909046,2645.36,0
6.2506,3634.58,-6.1772,-19.6901,0.722208,2466.79,0
6.41461,3629.6,4.6524,-9.2054,1.84499,3179.93,0
6.57418,3619.75,7.60378,-13.2671,3.92772,4600.68,0
6.73339,3621.06,10.7731,-12.78,3.5873,4297.25,0
6.89493,3621.77,14.8542,-6.15369,3.39591,4093.67,0
7.05514,3624.44,12.475,-12.6601,2.79012,3623.11,0
7.21486,3616.19,10.4273,-15.4013,4.51556,4686.31,0
7.37388,3617.42,11.6292,-9.98263,4.20603,4418.05,0
7.53519,3615.66,9.72871,-8.01707,4.5196,4556.92,0
7.6982,3612.1,2.40484,-9.70865,5.19866,4923.7,0
7.86142,3610.75,3.59071,-7.85302,5.341,4993.25,0
8.0217,3609.48,8.43142,-8.19588,5.27938,5050.71,0
8.18358,3601.75,7.27593,-19.7843,6.52912,5896.37,0
8.34505,3601.86,4.56787,-18.6547,6.01842,5768.28,0
8.50615,3606.06,-6.24334,-16.2184,4.79637,5166.18,0
8.66932,3600.71,-8.84801,-14.4091,5.76409,5685.57,0
8.82985,3598.7,-15.1571,-12.9858,6.0139,5810.34,0
8.9881,3599.63,-12.0773,-13.3413,5.63903,5603.93,0
9.14891,3596.16,-15.2266,-12.45,6.11363,5884.94,0
9.30752,3597.3,-14.3763,-14.5093,5.49348,5662.39,0
9.46652,3599.57,-6.01436,-13.8354,4.81803,5327.52,0
9.62742,3590.32,-4.37161,-16.1501,6.94233,6199.42,0
9.78702,3580.15,-4.38956,-17.7519,9.42905,7137.38,0
9.94701,3574.35,-1.23546,-20.942,9.95773,7605.63,0
10.1075,3572.58,-0.525028,-15.8407,9.59676,7659.63,0
10.2693,3575.37,-3.22703,-15.7127,7.89305,7267.4,0
10.4333,3571.73,-4.74037,-19.1204,8.19313,7501.7,0
10.5927,3564.87,-2.24753,-23.2703,9.37704,8037.02,0
10.7542,3568.27,-2.61223,-22.6545,7.41947,7599.98,0
10.9128,3572.18,-0.374415,-20.4293,5.95502,7131.23,0
11.0754,3570.03,3.06453,-17.3355,6.32496,7220.26,0
11.2325,3575.42,-0.456256,-22.5044,4.07958,6639.55,0
11.392,3566.57,0.100094,-27.9873,6.50442,7323.17,0
11.5493,3565.43,-2.29009,-28.3625,6.49964,7322.52,0
11.7108,3571.71,-3.61334,-25.2344,4.28018,6685.3,0
11.8686,3574.74,-0.59717,-21.1715,3.37348,6340.91,0
12.0293,3571.67,-0.287269,-19.1997,4.28475,6511.46,0
12.1876,3583.29,-7.01767,-18.9657,0.592367,5473.68,0
12.3447,3580.86,-8.63713,-17.668,1.33321,5600.69,0
12.5075,3581.55,-7.18601,-10.9145,1.27921,5472.58,0
12.6675,3577.54,5.63335,-10.7445,2.51306,5719.89,0
12.83,3575.58,18.6354,-6.60199,2.9101,5800.75,0
12.991,3575.83,17.4388,-5.0015,2.80656,5709.64,0
13.15,3565.74,19.9437,-14.7183,5.76658,6407.36,0
13.3076,3568.3,20.7453,-18.1839,4.45585,6139.63,0
13.4717,3568.29,17.5572,-18.8007,4.28868,6065.08,0
13.6313,3563.81,22.6578,-17.8545,5.46106,6323.21,0
13.7898,3561.76,16.6592,-23.337,5.95395,6399.09,0
13.9523,3556.45,14.3169,-18.8708,7.48526,6705.15,0
14.1124,3555.71,16.0824,-21.694,6.93925,6681.17,0
14.2713,3554.72,19.4269,-18.4188,6.88822,6676.15,0
14.4315,3555.29,17.4436,-26.7665,5.91148,6562.43,0
14.5882,3560.43,17.0406,-23.6891,4.01767,6139.64,0
14.7496,3564.32,7.93113,-21.6314,2.85437,5808.74,0
14.9069,3556.94,14.4256,-12.7107,5.5687,6242.77,0
15.0647,3557.39,18.4354,-13.3319,4.9005,6147.72,0
15.2298,3563.04,22.3091,-19.18,2.34963,5709.65,0
15.3899,3561.52,25.7614,-19.7713,2.69663,5749.21,0
15.5526,3560.39,16.5011,-24.0572,3.26838,5762.05,0
15.7135,3559.37,18.0042,-22.1866,3.56264,5767.8,0
15.8771,3557.97,14.3786,-18.6277,4.31075,5796.53,0
16.0365,3547.13,15.7286,-21.0911,8.09746,6414.75,0
16.1967,3547.1,15.9962,-22.7832,7.24396,6353.02,0
16.3553,3544.03,12.2147,-29.3532,7.70867,6479,0
16.5138,3543.77,9.90209,-30.6113,7.15408,6432.73,0
16.6733,3539.64,13.9282,-25.0013,8.91161,6618.77,0
16.8326,3542,11.8693,-30.1574,6.67242,6416.12,0
16.9938,3542.32,16.661,-31.4607,5.95365,6336.42,0
17.1508,3545.85,14.8276,-20.7533,5.33515,6072.38,0
17.3137,3542.87,11.6491,-19.8554,6.59602,6187.77,0
17.4734,3541.13,9.39044,-18.1591,6.95945,6230.69,0
17.6319,3541.15,14.5475,-21.5814,5.87027,6173.41,0
17.7923,3541.2,18.9668,-20.1773,5.51502,6114.79,0
17.9488,3540.91,20.8502,-18.2064,5.27286,6077.93,0
18.1106,3536.78,23.6045,-16.7094,6.59791,6251.33,0
18.2698,3536.28,22.8903,-14.2082,6.61149,6224.74,0
18.4308,3535.38,23.9153,-17.6165,6.21426,6219.07,0
18.5894,3534.18,24.5064,-16.0418,6.36811,6230.38,0
18.7488,3535.23,32.3187,-19.5944,4.36866,6121.64,0
18.9057,3538.94,47.2173,-8.91698,1.24658,5874.68,0
19.0648,3539.89,46.2316,-16.6675,0.683394,5775.54,0
19.2254,3532.3,42.8084,-16.9691,4.17017,6122.27,0
19.3856,3529.73,44.6467,-8.29433,5.22404,6204.22,0
19.5444,3531.77,50.8551,-7.94894,3.19693,6049.2,0
19.7023,3531.43,49.5834,-15.729,3.20942,6018.08,0
19.8622,3527.7,56.0538,-15.9408,3.4156,6157.2,0
20.0219,3528.58,52.3693,-13.5958,3.83176,6064.5,0
20.1851,3532.23,49.7646,-11.6004,2.83236,5834.7,0
20.3458,3533.37,55.3808,-13.222,1.37219,5732.35,0
20.5055,3529.89,62.0933,-16.1901,1.34493,5857.41,0
20.6643,3528.02,65.9621,-21.7218,1.03853,5903.05,0
20.8256,3528.03,67.4194,-6.42118,1.30913,5856.5,0
20.9823,3526.49,65.7433,1.21864,2.17329,5886.2,0
21.1399,3530.46,56.4405,15.3362,2.06333,5654.87,0
21.2992,3521,50.7932,18.4393,6.52401,6056.44,0
21.4579,3524.42,51.8802,13.1957,4.90578,5852.49,0
21.6196,3525.27,55.0726,8.25461,3.92879,5769.48,0
21.7801,3525.13,56.2754,-1.84852,3.80897,5733.43,0
21.9367,3526.24,50.1193,-0.440171,4.35134,5641.66,0
22.0958,3523.98,53.8718,-7.25356,4.33747,5703.48,0
22.2525,3522.14,65.819,-3.09634,2.58627,5745.72,0
22.4091,3517.15,64.6165,-3.36951,4.56468,5928.47,0
22.5706,3513.69,67.9747,-13.5477,4.65029,6039.46,0
22.7351,3503.19,70.5129,-8.52029,7.75008,6457.47,0
22.898,3504.57,67.0027,-10.305,7.4459,6351.39,0
23.0574,3505.27,75.6735,-6.64559,4.71437,6276.85,0
23.2206,3509.51,76.8826,-11.5272,2.75871,6050.13,0
23.38,3509.73,75.3464,-11.6675,2.98837,5999.63,0
23.5421,3507.57,69.1663,-14.2016,5.0891,6050.13,0
23.7006,3509.32,66.9202,-22.0077,4.30213,5935.51,0
23.8605,3504.45,63.3212,-18.7651,6.77868,6100.02,0
24.0223,3506.17,59.5668,-22.5619,6.25534,5987.16,0
24.1807,3506.18,53.6056,-16.595,8.1361,5947.61,0
24.3412,3512.56,57.7996,-13.6337,4.412,5646.38,0
24.5035,3512.21,57.5458,-10.0265,4.62006,5623.4,0
24.665,3507.69,67.1224,-13.0871,3.67294,5769.63,0
24.8272,3514.93,59.7431,-8.82771,2.85869,5440.43,0
24.9842,3517.12,49.1792,-14.3094,4.05139,5318.44,0
25.1474,3515.95,46.8501,-22.6081,4.19688,5330.67,0
25.309,3512.96,45.831,-19.3805,6.01138,5414.62,0
25.4691,3514.85,51.5742,-15.5288,3.83045,5306.29,0
25.6285,3514.68,50.5586,-12.3072,4.3064,5280.24,0
25.7846,3504.71,52.2262,-2.25961,8.45987,5634.63,0
25.9416,3495.85,56.6046,-1.46946,10.1209,5942.19,0
26.1005,3500.45,57.3776,-0.706512,6.57736,5729.94,0
26.2601,3494.7,62.7358,-0.871057,6.42047,5913.93,0
26.419,3500.57,59.7191,-7.45949,4.67734,5656.11,0
26.5802,3499.49,56.7927,-12.9949,5.60781,5662.63,0
26.7402,3498.4,55.988,-20.8806,5.37879,5669.34,0
26.9015,3498.16,55.8568,-10.7793,5.99094,5644.37,0
27.0628,3495.55,56.7145,-3.11145,6.40766,5706.97,0
27.2258,3490.68,65.1091,-7.16862,4.98043,5851.7,0
27.3865,3486.39,64.9798,-10.4077,6.16859,5974.09,0
27.5452,3485.24,64.8319,-5.28704,6.55372,5981.35,0
27.706,3481.81,63.1262,-8.64519,7.84683,6070.52,0
27.866,3478.51,67.8474,-12.1959,6.67642,6154.23,0
28.0305,3467.94,63.6826,-8.63765,11.6308,6494.99,0
28.1884,3462.29,65.5495,-11.9873,11.1836,6659.14,0
28.3517,3462.38,67.146,-14.2255,9.12856,6617.67,0
28.5126,3459.75,66.5833,-15.9866,9.13606,6672.57,0
28.6784,3457.68,64.9276,-9.97874,10.1714,6705.92,0
28.8408,3452.85,73.2454,-9.48067,6.98014,6835.95,0
28.8941,3449.87,72.6093,-8.79342,8.14093,6926.42,0
