0.16113,3646.67,61.8392,-1.28503,0.791107,20680.2,0
0.318761,3646.4,69.3776,-2.46879,0.619336,11296.3,0
0.478629,3644.15,69.5007,12.3811,0.989629,12227,0
0.639713,3643.18,81.0255,34.6628,0.573454,10657.8,0
0.797426,3633.77,79.1873,40.5591,2.22325,20352.1,0
0.959601,3634.26,76.7584,32.3535,2.34197,16402.7,0
1.11945,3636.52,76.3439,30.3379,1.95302,12038.1,0
1.28001,3633.47,72.9222,30.5423,2.5899,12913.7,0
1.43866,3634.2,75.7688,38.0554,2.2035,10985.4,0
1.59935,3642.42,63.1569,35.4247,1.10961,4740.67,0
1.75933,3637.85,63.3791,33.9871,1.98245,6907.93,0
1.91723,3641.37,58.3465,32.1727,1.48865,4500.03,0
2.07571,3643.17,50.902,37.7907,1.24235,3288.67,0
2.23767,3648.22,38.6866,42.0006,0.443131,794.226,0
2.39906,3648.16,32.8745,35.8435,0.652566,768.838,0
2.56083,3644.9,40.9756,36.3437,1.11295,1993.31,0
2.72372,3642.64,34.9267,38.9232,1.56916,2703.26,0
2.87992,3635.24,31.8832,45.0282,2.8816,5124.54,0
3.03837,3630.27,21.1086,47.7736,3.88323,6492.49,0
3.1995,3627.54,27.8763,45.9442,4.21675,7020.36,0
3.35993,3625.93,31.4258,48.7564,4.30783,7163.54,0
3.52456,3621.21,36.8377,45.5241,5.151,8167,0
3.68227,3624.66,39.0821,52.5806,3.96801,6882.65,0
3.84035,3627.51,39.1902,47.0271,3.50767,5856.49,0
4.00056,3627.51,42.9091,55.9792,3.06624,5622.68,0
4.15492,3625.89,46.5501,61.7117,3.10403,5803.75,0
4.31417,3627.83,40.7635,56.671,2.93723,5138.72,0
4.47328,3617.17,41.8852,52.9806,5.16261,7338.63,0
4.63751,3619.33,37.1936,47.9228,4.85301,6613.24,0
4.79698,3625.02,32.7541,43.3105,3.73669,5207.25,0
4.95409,3632.07,27.925,43.8752,2.35764,3619.57,0
5.11316,3639.33,27.9886,47.2562,0.788772,2086.45,0
5.27207,3640.28,9.22013,52.1528,0.65585,1844.34,0
5.43152,3632.15,-8.78717,42.7488,2.49608,3286.23,0
5.59132,3629.13,-9.49325,46.9087,2.95474,3732.67,0
5.75081,3626.47,-10.9871,49.453,3.315,4091.27,0
5.90792,3631.52,-14.9078,42.4483,2.403,3128.57,0
6.06746,3638.95,-17.2959,43.2367,0.862572,1820.69,0
6.22561,3636.56,-20.2067,42.7828,1.30588,2158.16,0
6.38681,3639.2,-23.1516,46.1882,0.669588,1691.77,0
6.54535,3634.07,-40.4289,44.5069,1.41806,2433.2,0
6.70363,3635.03,-36.2295,49.5441,1.18879,2233.32,0
6.86786,3632.24,-43.2181,46.6611,1.65137,2586.04,0
7.02557,3640.38,-41.7857,38.8011,0.272533,1369.64,0
7.18268,3634.13,-44.4069,41.8476,1.36163,2209.94,0
7.34502,3636.49,-35.2038,46.729,0.986011,1839.4,0
7.50345,3636.37,-27.5333,36.0838,1.34833,1816.26,0
7.65839,3631.73,-17.3359,28.4002,2.45215,2385.11,0
7.81668,3630.85,-17.6162,28.9079,2.63278,2450.31,0
7.97513,3633.77,-13.0938,19.7822,2.21555,2035.55,0
8.13459,3636.45,-26.4269,28.6609,1.36142,1665.84,0
8.29579,3632.15,-19.0469,30.4571,2.29791,2151.14,0
8.45684,3630.57,-13.8972,33.1426,2.59911,2297.02,0
8.61605,3627.51,-10.5884,24.7801,3.30209,2610.28,0
8.77413,3632.22,-7.35549,21.4564,2.31933,2026.26,0
8.93467,3632.91,-7.87491,18.0751,2.13049,1912.55,0
9.0947,3629.85,-5.32142,21.8091,2.72204,2215.09,0
9.25291,3625.64,-11.6518,19.8721,3.62069,2633.17,0
9.41623,3623.54,2.73355,14.0412,4.06697,2809.62,0
9.57445,3624.73,5.8794,13.0431,3.72288,2638.95,0
9.73518,3623.69,6.26449,15.8796,3.78462,2702.24,0
9.89635,3628.14,0.29486,6.37291,2.87855,2209.22,0
10.0542,3630.17,-7.88683,9.91016,2.37349,1971.9,0
10.2144,3625.8,7.5018,6.95647,3.26756,2369.62,0
10.3752,3617.99,8.36012,6.14823,4.98848,3085.13,0
10.5342,3614.72,9.44872,7.17896,5.65743,3349.46,0
10.6947,3618.57,-1.97242,9.62408,4.68714,2939.04,0
10.8529,3615.62,-4.16053,12.5148,5.09791,3167.88,0
11.0113,3615.21,-4.23445,16.024,4.89427,3159.29,0
11.1722,3613.63,1.41981,22.5353,4.91219,3255.13,0
11.3334,3607.91,1.49125,22.7186,6.0846,3714.23,0
11.4915,3609.77,3.81544,24.4888,5.27623,3500.69,0
11.6506,3609.63,3.08253,20.1357,4.88389,3464.98,0
11.809,3609.21,2.44418,22.7864,4.55483,3453.72,0
11.9685,3613.3,7.29346,19.8117,3.54496,3066,0
12.1308,3613.71,5.76064,11.1935,3.42393,2991.67,0
12.2898,3614.91,-0.350139,5.3405,3.1358,2854.93,0
12.4546,3606.53,0.58136,4.10579,4.96814,3490.12,0
12.6137,3603.12,-1.17556,8.42242,5.64417,3716.72,0
12.7735,3604.13,-2.48563,2.2304,5.10802,3590.89,0
12.9363,3608.96,0.322596,4.55335,3.85516,3172.12,0
13.0943,3612.11,4.63501,3.8861,3.01053,2893.3,0
13.2567,3607.41,6.28612,2.80242,4.08263,3212.75,0
13.4141,3605.69,0.332832,5.67716,4.35382,3303.52,0
13.5756,3609.96,3.91345,8.47462,3.2703,2949.77,0
13.7389,3603.88,-3.40459,-0.457808,4.71954,3356.91,0
13.8994,3596.97,2.8732,2.25072,6.22608,3815.59,0
14.0619,3595.99,4.12271,-1.99064,6.11112,3840.76,0
14.2215,3595.86,9.98473,1.35168,5.82015,3806.59,0
14.3808,3596.19,6.11397,-1.38643,5.35633,3741.85,0
14.541,3589.64,9.46482,1.07637,6.81709,4151.22,0
14.7002,3582.51,9.20469,-2.08544,8.1849,4591.39,0
14.8609,3576.7,9.09185,3.53008,9.24375,4932.42,0
15.0216,3571.72,16.1949,4.11106,9.3718,5211.49,0
15.1802,3570.14,15.8378,2.00183,8.94525,5260.85,0
15.3392,3573.56,23.1154,4.55598,6.86741,4983.48,0
15.5035,3573.93,25.8713,0.708862,6.2814,4906.87,0
15.6627,3576.12,28.715,-2.08121,5.22465,4717.16,0
15.8254,3576.29,28.6842,4.2109,4.98682,4657.37,0
15.9844,3578.67,36.2965,4.50502,3.67963,4462.54,0
16.1459,3580.36,32.7592,2.6524,3.37091,4313.21,0
16.3052,3577.07,35.2962,-7.01194,4.10791,4472.91,0
16.4646,3574.68,40.9678,-9.70994,4.31536,4574.41,0
16.6241,3579.25,31.8815,-2.88105,3.4394,4255.77,0
16.7845,3585.94,33.1552,1.85454,1.4548,3816.52,0
16.9448,3579.77,31.8662,-4.2647,3.23851,4144.51,0
17.1028,3574.18,33.8841,-6.70181,4.59598,4433.37,0
17.2628,3575.57,25.2664,-5.65082,4.33945,4311.83,0
17.4225,3574.77,23.4781,-8.10903,4.38601,4317.98,0
17.588,3568.98,25.2325,-3.36708,6.02522,4606.8,0
17.7471,3561.73,24.6564,-8.67472,7.8959,4974.04,0
17.9048,3560.35,25.1454,-7.36586,7.67366,5007.1,0
18.065,3559.91,25.0447,-5.61197,7.20343,4987.05,0
18.2232,3560.51,26.2365,-4.79469,6.53668,4910.76,0
18.3792,3557.87,30.8133,2.03354,6.88101,5012.7,0
18.5417,3560.65,33.9696,-0.367569,5.28708,4818.65,0
18.7022,3564.96,27.1719,-0.531166,4.09806,4547,0
18.8619,3562.55,34.0471,-3.05085,4.34457,4636.5,0
19.0235,3557.53,29.1931,-0.797923,6.00136,4860.88,0
19.1834,3557.52,30.8113,5.31578,5.47029,4821.07,0
19.3432,3560.57,31.2677,11.5868,4.14445,4623.33,0
19.5057,3556.24,32.5689,21.7931,4.95198,4806.67,0
19.6637,3554.13,26.3321,19.1725,6.04165,4875.72,0
19.8235,3560.84,25.8564,21.8954,3.32926,4497.77,0
19.9827,3568.36,25.1034,22.715,0.787912,4085.71,0
20.1413,3565.93,29.1173,17.5739,1.54603,4173.9,0
20.3037,3564.04,26.6838,17.7348,2.28779,4233.67,0
20.4632,3565.46,39.6028,23.3651,0.829655,4131.48,0
20.626,3560.96,29.8787,31.4791,2.49153,4317.1,0
20.7872,3553.7,23.5948,31.2703,5.27314,4632.46,0
20.9466,3550.93,26.1388,38.409,5.37941,4729.65,0
21.1087,3555.42,21.5509,39.6332,3.8164,4480.39,0
21.2723,3561.06,16.9895,47.6941,1.34922,4181.16,0
21.4312,3566.14,16.129,41.0969,0.263595,3912.79,0
21.5917,3566.55,8.27232,34.9943,0.676655,3864.73,0
21.754,3564.5,7.71436,27.9085,1.79785,3930.48,0
21.914,3557.42,5.89876,25.882,4.34598,4224.69,0
22.0719,3558.28,5.88236,28.1451,3.65998,4155.59,0
22.2338,3553.24,10.6529,28.3384,5.37204,4352.05,0
22.3931,3559.67,16.924,27.8624,2.67114,4033.64,0
22.5535,3551.14,17.3136,23.4429,6.11617,4383.53,0
22.7109,3551.35,12.7551,15.762,6.58639,4343.74,0
22.8701,3553.05,12.1325,10.0731,5.75392,4239.03,0
23.0305,3553.86,9.06901,1.53222,5.31385,4174.65,0
23.1914,3554.43,9.163,9.15122,4.78357,4120.84,0
23.3521,3554.28,2.90484,4.44819,4.9942,4099.18,0
23.515,3553.87,4.18361,6.35902,4.81665,4087.88,0
23.6739,3547.94,4.81376,11.2388,6.98576,4311.02,0
23.8337,3551.51,3.45648,8.97068,5.1316,4132.49,0
23.99,3555.36,-5.50271,11.3836,3.15216,3945.15,0
24.1506,3550.33,-4.03421,-0.758495,5.44107,4126.86,0
24.3118,3554.56,-5.37594,-1.38618,3.45145,3925.76,0
24.4712,3559.8,-12.2099,5.43617,1.12082,3686.17,0
24.6344,3553.72,-14.297,14.6921,3.18431,3908.53,0
24.7933,3557.21,-18.921,12.6868,1.64165,3742.71,0
24.9547,3558.62,-16.0013,27.8068,0.483109,3661.84,0
25.1139,3554.04,-11.401,30.8696,2.10904,3821.02,0
25.2738,3551.84,-13.0964,38.0954,2.2308,3884,0
25.4333,3543.7,-14.5147,31.9673,5.86298,4179.38,0
25.5911,3541.59,-11.1371,34.0349,6.16532,4236.29,0
25.7504,3544.73,-2.4161,33.959,4.77625,4088.11,0
25.9085,3541.74,-3.40924,35.1551,5.72918,4178.54,0
26.0726,3542.61,-6.54382,40.0786,4.48806,4118.7,0
26.2327,3542.49,-5.98609,46.7168,3.54123,4098.32,0
26.3939,3539.11,-9.13486,43.6429,4.97951,4201.51,0
26.5574,3531.67,-9.36242,41.2789,8.07784,4455.68,0
26.7185,3529.03,-9.93688,39.7685,8.41176,4527.43,0
26.8801,3527.37,-8.53088,46.5844,7.17334,4562.25,0
27.0405,3529.19,-6.32635,43.1869,6.64996,4467.87,0
27.2023,3526.22,-5.67695,46.3288,6.80508,4550.41,0
27.3605,3521.99,-2.04788,45.9908,8.46862,4678.59,0
27.5201,3518.84,-5.00222,39.3816,10.5874,4765.88,0
27.6827,3518.73,-6.59662,41.7428,8.65123,4741.99,0
27.846,3514.85,-10.2595,44.3826,8.72312,4853.6,0
28.0051,3516.07,-9.12847,44.7953,7.36089,4782.46,0
28.1686,3519.02,-7.71713,41.0891,6.37999,4649.83,0
28.3276,3517.97,-5.0172,47.146,5.14543,4660.95,0
28.4933,3523.73,-9.9031,53.0191,1.06732,4431.55,0
28.651,3524.25,-20.7766,47.3817,1.2885,4388.97,0
28.8128,3526.59,-28.061,42.9818,0.397914,4283.22,0
28.9717,3514.68,-24.9998,35.6199,7.51186,4670.82,0
29.1277,3517.6,-29.2258,39.8005,4.35521,4545.58,0
29.2851,3524.81,-29.4942,34.2186,2.0015,4274.91,0
29.4484,3520.37,-25.8949,37.0447,4.01429,4401.99,0
29.6089,3518.14,-37.6648,27.9668,4.44898,4453.36,0
29.769,3516.28,-40.6545,30.668,4.07428,4491.91,0
29.9289,3513.99,-36.9217,30.5291,5.6522,4544.57,0
30.0874,3510.23,-37.5043,25.309,7.51619,4645.44,0
30.2461,3506.66,-35.772,28.1726,8.24444,4739.22,0
30.4057,3503.76,-39.0213,25.7346,8.34225,4809.77,0
30.5685,3513.88,-32.1184,28.5931,4.13293,4452.83,0
30.7277,3517.06,-24.2801,28.3349,4.0679,4326.27,0
30.8871,3517.15,-22.9437,29.7866,3.75026,4301.13,0
31.0486,3519.43,-38.0184,14.8011,1.64962,4205.34,0
31.2066,3515.83,-42.6083,14.9823,2.22688,4299.51,0
31.3685,3511.91,-44.4939,15.0116,3.58789,4402.34,0
31.5277,3507.54,-43.8203,11.934,6.04601,4518.41,0
31.6883,3511.56,-44.8649,18.1068,3.0861,4368.78,0
31.848,3505.69,-39.9679,13.5106,7.7282,4531.24,0
32.006,3505.4,-38.7957,19.8353,7.13633,4517.91,0
32.164,3505.5,-38.4441,33.0686,4.35022,4492.5,0
32.323,3500.86,-35.5864,31.3139,7.4228,4614.14,0
32.482,3499.15,-36.9674,23.9661,8.80702,4643.96,0
32.6423,3495.38,-36.0119,21.3532,10.8874,4736.94,0
32.8019,3490.2,-33.0143,25.2577,1.78011,4871.62,0
32.9626,3489.12,-28.6478,19.1086,6.51616,4880.7,0
33.1215,3488.51,-32.3733,12.9633,6.37034,4875.63,0
33.2839,3484.56,-36.331,11.6683,6.00372,4970.62,0
33.4429,3489.37,-30.1826,12.085,6.45731,4803.09,0
33.6056,3481.65,-26.9966,2.73734,4.24903,5009.63,0
33.7674,3484.98,-26.2949,-0.799566,2.56813,4886.9,0
33.9265,3482.91,-22.438,-0.310074,7.83697,4925.07,0
34.0869,3483.53,-20.9425,8.63217,6.15492,4883.71,0
34.2415,3477.78,-19.7386,5.25751,13.2378,5029.58,0
34.4008,3482.04,-17.5056,-1.39135,2.41301,4882.33,0
34.561,3481.96,-11.8879,0.279124,2.54492,4862.22,0
34.6211,3480.62,-4.59821,1.30248,7.83372,4892.34,0
