0.00129895,3509.97,4.54627,-0.0313791,1.78561,25368.4,0
0.00260823,3509.97,4.52994,-0.0176314,1.58565,10863.9,0
0.00389754,3509.98,4.52461,-0.149384,0.876618,5209.37,0
0.0052016,3509.96,4.60051,-0.132982,1.25193,7442.49,0
0.00651361,3509.91,4.62103,-0.117323,4.3564,13723.7,0
0.00783381,3509.93,4.54299,-0.139584,3.69758,8871.07,0
0.00914411,3509.94,4.54512,-0.11623,2.94559,7020.14,0
0.0104534,3509.91,4.56682,-0.214314,4.42872,9040.72,0
0.0117498,3509.88,4.58498,-0.202576,5.33806,10068.5,0
0.0130506,3509.85,4.60394,-0.197711,6.27693,11323.7,0
0.0143708,3509.86,4.64935,-0.174439,4.65497,9789.4,0
0.0156805,3509.91,4.60712,-0.151744,1.75924,5864.03,0
0.0169759,3509.87,4.6598,-0.122163,3.86471,7878.35,0
0.0182607,3509.85,4.75268,-0.0857073,3.40817,7949.24,0
0.0195715,3509.85,4.77611,-0.0541984,3.07874,7426.8,0
0.0208751,3509.86,4.76209,-0.0933284,2.8893,6740.66,0
0.0221874,3509.83,4.69774,-0.0892475,5.54309,7673.61,0
0.0234786,3509.85,4.69181,-0.0768752,3.77769,6465.46,0
0.0247866,3509.85,4.71491,-0.0951855,3.47961,6235.14,0
0.0261084,3509.82,4.71828,-0.111832,5.13191,7025.36,0
0.0274182,3509.83,4.70029,-0.135349,4.0569,6049.51,0
0.0287382,3509.86,4.6786,-0.126963,2.5159,4939.85,0
0.0300416,3509.86,4.73717,-0.110062,1.88981,4756.02,0
0.0313513,3509.82,4.71841,-0.032836,4.34368,5696.93,0
0.0326579,3509.85,4.74455,-0.0393018,1.9949,4619.88,0
0.0339745,3509.84,4.79595,-0.0496051,1.92132,4702.42,0
0.0352595,3509.76,4.86219,0.00665396,6.25565,6788.84,0
0.036545,3509.77,4.81293,0.0363538,5.581,6337.18,0
0.0378515,3509.77,4.82093,0.0378545,4.91669,6157.91,0
0.0391407,3509.76,4.82298,0.0461392,4.93509,6159.89,0
0.0404495,3509.75,4.84566,0.0532332,4.42321,6071.4,0
0.0417557,3509.78,4.84598,0.0753588,2.70457,5340.82,0
0.0430394,3509.8,4.67281,0.0937422,3.07142,4609.92,0
0.0443642,3509.78,4.70529,-0.0112041,4.37111,5062.63,0
0.0456618,3509.75,4.67107,-0.019432,6.13535,5549.71,0
0.0469783,3509.8,4.67132,-0.0271218,2.31461,4315.01,0
0.0482889,3509.81,4.70979,-0.0221088,1.17671,4019.9,0
0.0495827,3509.76,4.67962,-0.0203541,4.24005,4805.7,0
0.0508811,3509.76,4.64355,-0.0712511,4.33001,4661.91,0
0.0521882,3509.75,4.66445,-0.0844531,4.86063,4850.48,0
0.0534843,3509.77,4.62863,-0.0630718,3.489,4341.31,0
0.0547962,3509.74,4.66021,0.0171952,4.5688,4675.39,0
0.0560742,3509.74,4.63739,0.041848,5.01292,4708.08,0
0.0573694,3509.76,4.69886,0.0966876,2.44247,4207.08,0
0.0586731,3509.77,4.71971,0.0540232,1.27187,3903.52,0
0.0599904,3509.75,4.68497,0.0161068,3.29443,4222.28,0
0.0612747,3509.75,4.68202,0.0514592,3.25694,4139.1,0
0.0626005,3509.72,4.65709,0.0984494,4.89116,4428.87,0
0.0639227,3509.7,4.65364,0.105374,6.06717,4677.39,0
0.0652254,3509.76,4.60771,0.096443,2.21349,3679.49,0
0.0665286,3509.77,4.51722,0.163721,2.27836,3405.92,0
0.0678255,3509.77,4.53436,0.150195,2.37463,3433.4,0
0.0691332,3509.77,4.52887,0.15669,2.23078,3335.79,0
0.0704248,3509.75,4.50959,0.1911,3.64871,3562.28,0
0.0717211,3509.74,4.56538,0.0874724,3.49596,3610.75,0
0.0730227,3509.68,4.58619,0.0920412,6.68494,4329.03,0
0.0743392,3509.71,4.55588,0.0862411,4.28942,3839.35,0
0.0756418,3509.76,4.50779,0.0589102,1.77189,3179.19,0
0.0769466,3509.72,4.47264,0.108353,4.95165,3685.74,0
0.0782515,3509.68,4.50672,0.0826719,6.66916,4123.22,0
0.0795766,3509.68,4.50283,0.0836199,6.11289,4062.89,0
0.0808948,3509.68,4.51414,0.111882,5.26683,3950.16,0
0.0821957,3509.7,4.50138,0.0959732,3.45011,3592.58,0
0.0834919,3509.71,4.47923,-0.0155368,2.98131,3435.07,0
0.084783,3509.71,4.57098,0.0333788,2.22804,3457.43,0
0.0860801,3509.71,4.66752,-0.00886225,0.87531,3394.46,0
0.0873895,3509.67,4.68512,-0.013592,3.22872,3788.82,0
0.088725,3509.72,4.57258,0.00803629,1.16666,3197.9,0
0.0900385,3509.72,4.44036,-0.044756,2.49137,3127.44,0
0.0913407,3509.72,4.44344,-0.053658,2.45793,3103.22,0
0.0926567,3509.69,4.50726,-0.116431,2.94063,3294.7,0
0.0939576,3509.67,4.51351,0.0121052,4.5453,3527.8,0
0.0952951,3509.67,4.58139,0.0516874,3.67808,3507.63,0
0.0966138,3509.65,4.55069,0.0533771,4.88956,3626.39,0
0.0979262,3509.71,4.49664,0.0684601,0.811257,2916.73,0
0.0992247,3509.67,4.44822,0.109545,4.12618,3287.29,0
0.100526,3509.67,4.44701,0.10768,4.112,3269.72,0
0.101848,3509.68,4.44023,0.133633,3.62475,3173.72,0
0.103137,3509.65,4.4467,0.109225,4.80365,3365.64,0
0.104449,3509.64,4.47188,0.141418,5.06566,3475.19,0
0.10575,3509.64,4.49015,0.189285,4.27206,3382.63,0
0.107055,3509.6,4.51247,0.172747,6.18483,3702.11,0
0.108349,3509.62,4.524,0.138571,4.65926,3542.6,0
0.109653,3509.64,4.53673,0.113087,2.08782,3246.3,0
0.110957,3509.64,4.46639,0.0979737,3.4696,3287.69,0
0.112259,3509.63,4.47976,0.0634311,3.47372,3275.89,0
0.113579,3509.6,4.45937,0.0660961,5.77765,3525.96,0
0.114888,3509.61,4.4703,0.0102136,4.34871,3380.07,0
0.116196,3509.66,4.46456,0.076146,0.586948,2884.29,0
0.117505,3509.64,4.42199,0.0768759,2.97908,3100.12,0
0.11881,3509.6,4.39233,0.125503,5.80609,3392.61,0
0.120124,3509.58,4.40105,0.120341,5.77749,3462.43,0
0.121428,3509.62,4.43776,0.136342,2.37249,3142.52,0
0.12274,3509.57,4.47168,0.0604559,4.94062,3476.64,0
0.124048,3509.57,4.45587,0.0917722,4.73375,3460.07,0
0.125354,3509.57,4.45615,0.0633003,4.73935,3455.22,0
0.126676,3509.6,4.44706,0.0685324,2.12794,3157.09,0
0.12799,3509.59,4.41943,0.0555965,3.10491,3232.9,0
0.129289,3509.57,4.40113,0.0927868,4.04842,3312.76,0
0.130593,3509.59,4.43229,-0.0182735,2.44046,3154.43,0
0.131916,3509.59,4.43889,0.0200512,2.21194,3109.33,0
0.133209,3509.55,4.51947,0.0433231,3.70543,3360.06,0
0.13451,3509.56,4.49307,0.0283326,3.54952,3292.8,0
0.135811,3509.59,4.52277,0.120875,0.433569,2988.15,0
0.137116,3509.57,4.51803,0.165268,1.99799,3122.45,0
0.138434,3509.55,4.49286,0.181956,3.81032,3284.28,0
0.13974,3509.5,4.50234,0.188736,6.56807,3602.21,0
0.141039,3509.5,4.49269,0.164667,5.59258,3539.88,0
0.14235,3509.5,4.46936,0.179512,5.0617,3501.13,0
0.143659,3509.56,4.45807,0.195312,0.698816,3051.7,0
0.144947,3509.56,4.41811,0.245915,0.960723,3012.38,0
0.146257,3509.54,4.38704,0.241641,2.65438,3123.85,0
0.147557,3509.54,4.38375,0.215111,2.63631,3091.94,0
0.14886,3509.53,4.31066,0.280724,4.20873,3139.48,0
0.15016,3509.54,4.2891,0.262704,3.89063,3086.85,0
0.151463,3509.59,4.26151,0.244232,0.513987,2716.82,0
0.152767,3509.54,4.22876,0.228805,4.12276,3003.44,0
0.154079,3509.56,4.25974,0.272798,2.15791,2856.34,0
0.155384,3509.56,4.18321,0.358099,3.23431,2859.16,0
0.156704,3509.55,4.23347,0.393034,3.01782,2883.61,0
0.158005,3509.57,4.22121,0.333887,1.98008,2752.05,0
0.159298,3509.53,4.20099,0.377494,4.16932,2919.58,0
0.160614,3509.52,4.23687,0.378193,4.37655,2973.59,0
0.161917,3509.54,4.19741,0.354581,3.08421,2810.52,0
0.163201,3509.56,4.11287,0.348286,2.87058,2690.59,0
0.164502,3509.57,4.22403,0.31838,1.01112,2625.28,0
0.165807,3509.56,4.23585,0.420575,1.22639,2654.44,0
0.167097,3509.55,4.26266,0.375301,1.61971,2707.73,0
0.168406,3509.52,4.30597,0.390712,2.88915,2838.32,0
0.169734,3509.51,4.26104,0.418196,4.15207,2901.56,0
0.171027,3509.54,4.23772,0.36057,2.32652,2713.97,0
0.17234,3509.53,4.26875,0.477476,2.26005,2730.61,0
0.173659,3509.53,4.34727,0.391166,1.53251,2722.23,0
0.174967,3509.53,4.31035,0.432484,1.48017,2672.18,0
0.176264,3509.53,4.32446,0.470366,1.6725,2690.1,0
0.177582,3509.55,4.17306,0.413359,1.86563,2542.39,0
0.178865,3509.55,4.09699,0.422756,2.51915,2512.01,0
0.180174,3509.55,4.17422,0.461187,1.79435,2514.84,0
0.181473,3509.54,4.11548,0.418117,3.27178,2556.16,0
0.182785,3509.53,4.10234,0.469922,4.01007,2595.87,0
0.184085,3509.52,4.06917,0.411528,4.61168,2598.62,0
0.185401,3509.53,4.0608,0.424212,3.82238,2537.81,0
0.186707,3509.49,4.02124,0.431654,6.14954,2714.87,0
0.18802,3509.54,4.07652,0.428519,1.83739,2452,0
0.189356,3509.52,4.19114,0.412055,1.60245,2519.33,0
0.190664,3509.5,4.22514,0.421469,2.93825,2638.11,0
0.191963,3509.53,4.1301,0.382298,1.37942,2427.93,0
0.193283,3509.52,4.22276,0.287537,1.54517,2504.95,0
0.194579,3509.51,4.18157,0.348187,2.62555,2541.64,0
0.195896,3509.52,4.16218,0.343842,1.86845,2456.93,0
0.197211,3509.53,4.24012,0.191349,0.289069,2383.26,0
0.198505,3509.52,4.21404,0.169576,1.36015,2423.05,0
0.199816,3509.49,4.19995,0.0756943,3.534,2553.35,0
0.201134,3509.44,4.14188,0.0537026,6.96136,2770.99,0
0.202449,3509.4,4.13554,0.0376584,9.17572,2987.44,0
0.20374,3509.39,4.13788,0.04903,7.89009,3009.6,0
0.205048,3509.4,4.17062,0.0100642,5.71601,2938.04,0
0.206343,3509.4,4.16346,-0.0398191,5.11005,2905.37,0
0.207657,3509.42,4.18992,-0.110454,2.95187,2777.62,0
0.208965,3509.42,4.16256,-0.207623,3.28803,2775.95,0
0.210274,3509.44,4.16504,-0.243173,1.80654,2666.6,0
0.211584,3509.44,4.04335,-0.240906,3.0343,2642.77,0
0.212896,3509.44,4.06839,-0.255684,2.83704,2640.94,0
0.214196,3509.44,4.08601,-0.301434,2.17605,2603.12,0
0.215497,3509.41,4.04518,-0.335005,4.93602,2755.65,0
0.216805,3509.42,4.08525,-0.352987,3.32403,2682.58,0
0.218107,3509.39,4.06653,-0.325245,5.29369,2788.72,0
0.219427,3509.39,4.06428,-0.305142,5.11827,2787.09,0
0.220727,3509.36,4.01584,-0.297949,6.6729,2879.17,0
0.222039,3509.36,4.01154,-0.331683,6.23466,2891.95,0
0.223348,3509.35,4.04417,-0.309869,5.72829,2901.42,0
0.224654,3509.39,3.99995,-0.244021,3.32924,2707.76,0
0.225972,3509.45,3.89048,-0.27397,0.413611,2444.66,0
0.227264,3509.43,3.93348,-0.333043,1.42833,2529.71,0
0.228558,3509.34,3.92277,-0.324449,7.05933,2872.4,0
0.229856,3509.35,3.88428,-0.308405,6.09658,2822.11,0
0.231162,3509.31,3.88305,-0.307696,8.12088,2982.23,0
0.232464,3509.29,3.86008,-0.316396,8.46648,3048.43,0
0.233768,3509.3,3.84416,-0.324228,6.6165,2981.59,0
0.235079,3509.26,3.81535,-0.350181,8.31423,3126.96,0
0.236372,3509.27,3.79289,-0.364285,6.23847,3069.89,0
0.237684,3509.27,3.77736,-0.380223,5.78464,3079.24,0
0.238987,3509.27,3.81953,-0.360916,4.77819,3054.94,0
0.240297,3509.26,3.82308,-0.325158,5.39857,3097.52,0
0.241596,3509.29,3.84274,-0.321787,2.60175,2944.29,0
0.242906,3509.26,3.86245,-0.37995,3.96532,3035.25,0
0.244211,3509.24,3.85896,-0.352707,5.28059,3110.16,0
0.245516,3509.29,3.79517,-0.332783,2.40348,2908,0
0.24683,3509.29,3.77671,-0.353445,2.10812,2875.43,0
0.248124,3509.29,3.68623,-0.287486,3.08202,2858.69,0
0.249439,3509.3,3.65543,-0.298839,2.74081,2814.43,0
0.250732,3509.27,3.61287,-0.299668,5.34797,2930.65,0
0.252043,3509.26,3.61502,-0.342409,5.11336,2937.78,0
0.253351,3509.25,3.60298,-0.375618,5.01229,2941.72,0
0.254642,3509.25,3.63335,-0.383988,4.05714,2926.61,0
0.255946,3509.26,3.62142,-0.38881,3.27549,2886.12,0
0.257266,3509.25,3.71781,-0.315397,3.26755,2931.7,0
0.258564,3509.25,3.65061,-0.333349,3.28475,2887.27,0
0.259891,3509.21,3.60426,-0.381982,6.54987,3052.38,0
0.261211,3509.29,3.55809,-0.312235,0.683399,2709.8,0
0.262536,3509.27,3.52307,-0.362323,2.584,2784.06,0
0.263827,3509.25,3.49813,-0.435773,4.14481,2850.29,0
0.265142,3509.28,3.56254,-0.564294,0.74716,2719.1,0
0.266436,3509.21,3.54965,-0.561238,5.75812,2964.25,0
0.267721,3509.21,3.56676,-0.569949,4.8958,2945.93,0
0.269038,3509.23,3.60632,-0.618127,3.11326,2870.87,0
0.27034,3509.23,3.70134,-0.637171,1.6626,2847.07,0
0.271655,3509.2,3.64214,-0.561475,4.37125,2934.1,0
0.272955,3509.23,3.67553,-0.494715,2.10617,2828.62,0
0.274252,3509.24,3.65048,-0.472153,1.86184,2789.08,0
0.275552,3509.26,3.61129,-0.459781,0.700389,2698.78,0
0.27684,3509.21,3.61923,-0.449678,4.17789,2863.02,0
0.278149,3509.21,3.6648,-0.477584,3.09005,2836.91,0
0.27944,3509.23,3.58827,-0.470856,2.80644,2772.45,0
0.280754,3509.23,3.59384,-0.480029,1.88987,2725.93,0
0.282057,3509.24,3.60592,-0.473999,1.12276,2686.07,0
0.283361,3509.21,3.52509,-0.502325,3.9234,2771,0
0.284668,3509.2,3.51531,-0.500038,5.01326,2817.04,0
0.285981,3509.18,3.55447,-0.504346,5.31912,2860,0
0.287286,3509.21,3.52147,-0.407646,3.32751,2741.35,0
0.288583,3509.21,3.60588,-0.447189,2.33503,2735.87,0
0.289888,3509.18,3.68497,-0.514615,3.30782,2820.92,0
0.291193,3509.22,3.67041,-0.496489,0.564136,2674.39,0
0.292527,3509.19,3.67123,-0.446138,3.05893,2778.27,0
0.293846,3509.18,3.71497,-0.471482,2.36164,2781.66,0
0.29515,3509.14,3.74269,-0.498673,4.61097,2897.53,0
0.296437,3509.18,3.73214,-0.587496,1.90792,2772.25,0
0.297729,3509.13,3.7473,-0.570747,4.55847,2919.59,0
0.299046,3509.13,3.73174,-0.553868,4.65633,2911.05,0
0.300372,3509.14,3.77633,-0.496845,3.43776,2869.03,0
0.301675,3509.12,3.725,-0.481322,5.29989,2927.82,0
0.302961,3509.12,3.74027,-0.478372,4.19873,2896.43,0
0.304265,3509.14,3.80924,-0.588848,2.04628,2833.99,0
0.305553,3509.15,3.73643,-0.70844,1.95848,2792.82,0
0.306855,3509.12,3.89112,-0.751477,2.25409,2883.5,0
0.308173,3509.12,3.9543,-0.553064,1.74538,2864.09,0
0.30948,3509.13,3.85044,-0.489387,1.71999,2795.6,0
0.310794,3509.08,3.82226,-0.493825,5.43499,2954.02,0
0.312091,3509.14,3.89978,-0.547461,0.16212,2764.18,0
0.313374,3509.12,3.76117,-0.628264,2.63004,2800.68,0
0.314696,3509.1,3.70189,-0.657906,4.57345,2860.72,0
0.315997,3509.14,3.66065,-0.680065,2.21793,2731.97,0
0.317281,3509.1,3.65647,-0.62866,5.03743,2844.56,0
0.318578,3509.14,3.65378,-0.623025,1.98253,2706.2,0
0.319888,3509.16,3.62446,-0.58486,0.676526,2629.43,0
0.321199,3509.15,3.60974,-0.679098,1.26004,2645.73,0
0.32251,3509.13,3.68004,-0.830589,1.29487,2685.85,0
0.32381,3509.08,3.64205,-0.773618,5.7939,2851.99,0
0.325115,3509.07,3.65513,-0.731032,5.3307,2852.37,0
0.326428,3509.02,3.64127,-0.714729,8.23519,3007.47,0
0.327736,3509.01,3.63444,-0.712535,7.46896,3030.8,0
0.329052,3509.05,3.60284,-0.742275,4.02011,2894.37,0
0.330363,3509.06,3.57612,-0.832717,2.99196,2844.28,0
0.331683,3509.07,3.64836,-0.869011,0.949984,2789.86,0
0.332984,3509.07,3.65368,-0.90959,1.33817,2803.34,0
0.334284,3509.02,3.65833,-0.914135,4.27548,2920.36,0
0.335591,3509.03,3.64432,-0.999997,3.22651,2878.42,0
0.336872,3509.05,3.6369,-0.860498,2.24564,2811.62,0
0.338191,3509.02,3.62479,-0.846374,4.73472,2904.91,0
0.339511,3509.02,3.60807,-0.818483,4.18684,2877.32,0
0.340817,3509,3.59191,-0.842003,5.93968,2944.47,0
0.342122,3509.02,3.55144,-0.851444,4.62106,2877.1,0
0.343433,3509,3.56418,-0.819315,5.68454,2924.59,0
0.344748,3509.06,3.53882,-0.82142,0.70341,2724.94,0
0.34605,3509.01,3.55864,-0.82348,4.29947,2872.25,0
0.347355,3508.98,3.53415,-0.815707,5.6032,2925.8,0
0.348684,3509,3.56271,-0.855143,3.69664,2861.57,0
0.350003,3508.96,3.53241,-0.842594,6.47863,2958.48,0
0.351292,3509,3.55085,-0.867599,3.74246,2858.1,0
0.352587,3509.02,3.62573,-0.894322,1.08064,2782,0
0.353917,3508.99,3.55441,-0.892905,3.88635,2850.85,0
0.355245,3509.03,3.49988,-0.909293,1.45929,2730.61,0
0.356551,3508.97,3.56083,-0.923547,4.97484,2881.17,0
0.357873,3509.03,3.54366,-0.889388,0.864086,2721.9,0
0.359189,3509.01,3.49406,-0.866822,2.31339,2748.16,0
0.360494,3508.96,3.51776,-0.911376,5.34589,2879.42,0
0.361786,3509.03,3.45673,-0.897488,0.71221,2680.54,0
0.363103,3509.02,3.49196,-0.840792,1.08582,2694.06,0
0.364418,3509,3.48812,-0.893847,2.84634,2756.56,0
0.365729,3508.96,3.50754,-1.01507,4.49626,2834.45,0
0.367026,3509,3.48372,-0.994883,1.65031,2715.77,0
0.368339,3508.98,3.4095,-0.983205,4.03886,2765.79,0
0.369643,3508.96,3.44026,-1.01917,4.6729,2804.06,0
0.37094,3508.97,3.43055,-1.00676,4.38347,2788.27,0
0.372231,3509,3.49859,-0.883514,1.07161,2676.16,0
0.373523,3508.96,3.51583,-0.8688,4.15634,2787.99,0
0.374822,3509,3.46499,-0.745056,2.02356,2676.34,0
0.376126,3508.98,3.55124,-0.679074,2.12933,2700.38,0
0.377438,3508.99,3.55045,-0.706848,1.24481,2668.17,0
0.37875,3508.98,3.46299,-0.709733,3.36589,2700.04,0
0.380052,3508.92,3.46113,-0.676961,7.04822,2839.28,0
0.381346,3508.97,3.51052,-0.696951,1.93104,2690.1,0
0.382642,3508.96,3.47242,-0.772611,3.14955,2720.9,0
0.383944,3508.93,3.47992,-0.777349,4.5966,2775.52,0
0.385238,3508.95,3.4585,-0.75709,3.41915,2722.3,0
0.386545,3508.96,3.55861,-0.762245,1.41297,2688.6,0
0.387843,3508.93,3.57109,-0.786889,3.11665,2746.9,0
0.38915,3508.96,3.54166,-0.842868,1.27719,2670.53,0
0.390462,3508.94,3.61889,-0.810209,2.06279,2716.51,0
0.391759,3508.91,3.61995,-0.82922,3.77107,2778.62,0
0.393061,3508.87,3.58376,-0.826391,6.94383,2878.79,0
0.394373,3508.9,3.57895,-0.862381,3.71739,2781.11,0
0.395683,3508.89,3.59906,-0.837366,4.04487,2793.67,0
0.396986,3508.89,3.57833,-0.849939,4.14081,2791.17,0
0.398294,3508.93,3.49746,-0.895426,2.02615,2684.81,0
0.399604,3508.92,3.42923,-0.895996,3.38229,2698.13,0
0.400914,3508.93,3.43371,-0.954302,2.11227,2658.12,0
0.402211,3508.91,3.50994,-0.955066,2.63007,2698.27,0
0.403502,3508.92,3.44397,-0.97109,3.09436,2683.14,0
0.4048,3508.9,3.46555,-0.913888,3.94297,2706.52,0
0.406101,3508.91,3.43936,-0.873339,3.61577,2685.78,0
0.407434,3508.93,3.43804,-0.796691,2.41916,2635.97,0
0.408738,3508.91,3.40185,-0.835261,3.58972,2661.11,0
0.410024,3508.9,3.33441,-0.750633,5.36282,2682.9,0
0.411328,3508.87,3.31549,-0.747698,6.89416,2752.51,0
0.412633,3508.87,3.33741,-0.747778,5.6883,2738.14,0
0.413943,3508.84,3.35415,-0.745827,7.48007,2810.84,0
0.415241,3508.86,3.32092,-0.769552,5.46365,2753.48,0
0.416535,3508.84,3.29883,-0.776355,6.27362,2777.37,0
0.417874,3508.85,3.27592,-0.805685,5.21928,2742.89,0
0.419183,3508.89,3.33668,-0.789291,1.46357,2638.81,0
0.420482,3508.89,3.26611,-0.866174,2.4348,2648.23,0
0.421786,3508.85,3.29154,-0.855729,4.58638,2723.9,0
0.423088,3508.83,3.27206,-0.848878,5.89086,2759.86,0
0.424409,3508.84,3.24257,-0.803321,4.919,2722.56,0
0.425715,3508.87,3.27207,-0.813291,2.41804,2657.3,0
0.427008,3508.79,3.30838,-0.832232,7.12974,2823.76,0
0.428314,3508.81,3.30455,-0.78894,5.30597,2781.84,0
0.429621,3508.84,3.31614,-0.796297,2.17768,2695.01,0
0.430958,3508.81,3.2907,-0.813956,4.66978,2765.18,0
0.432263,3508.84,3.30592,-0.835686,1.72511,2679.99,0
0.433569,3508.8,3.33744,-0.870067,4.21725,2768.99,0
0.43489,3508.84,3.32554,-0.938453,1.22502,2676.9,0
0.436193,3508.82,3.30655,-0.980416,2.58778,2709.76,0
0.437512,3508.83,3.20224,-0.958296,2.97459,2680.27,0
0.438813,3508.86,3.11723,-0.92884,1.64749,2604.91,0
0.440129,3508.8,3.08068,-0.974648,6.14205,2733.18,0
0.441449,3508.83,3.10662,-1.04401,2.80181,2650.71,0
0.442766,3508.82,3.10907,-1.19001,3.22349,2675.17,0
0.44409,3508.82,3.17417,-1.12615,2.14484,2650.33,0
0.445397,3508.83,3.14917,-0.998773,2.15013,2622.66,0
0.446709,3508.8,3.14009,-0.984901,4.31037,2677.91,0
0.44801,3508.83,3.10212,-0.986338,2.82394,2619.26,0
0.449302,3508.83,3.11146,-0.913049,2.23886,2593.77,0
0.450603,3508.85,3.14197,-0.826746,0.837995,2548.95,0
0.451899,3508.79,3.11217,-0.834307,5.10488,2669.9,0
0.453205,3508.78,3.18655,-0.821501,4.93612,2695.51,0
0.454509,3508.76,3.1372,-0.833814,6.34244,2717.8,0
0.455801,3508.83,3.20815,-0.799374,0.272733,2569.56,0
0.457101,3508.79,3.22902,-0.906772,2.51965,2642.88,0
0.458391,3508.79,3.22042,-0.953328,2.73793,2648.5,0
0.459685,3508.75,3.28887,-0.959083,4.62963,2720.26,0
0.460996,3508.74,3.33014,-0.977192,4.34399,2724.77,0
0.462301,3508.73,3.34668,-1.00858,4.68494,2741.29,0
0.463583,3508.71,3.34471,-0.997354,5.97735,2783.16,0
0.464895,3508.74,3.35973,-1.01267,3.22149,2720.27,0
0.466201,3508.75,3.35322,-0.955654,2.04203,2679.85,0
0.467479,3508.73,3.35765,-0.928296,3.76263,2722.36,0
0.46879,3508.7,3.32162,-0.925761,6.20596,2777.01,0
0.470085,3508.72,3.2987,-0.919147,4.25688,2722.36,0
0.471378,3508.76,3.33383,-0.850946,1.00078,2631.26,0
0.472679,3508.71,3.22151,-0.853918,5.68785,2722.05,0
0.473989,3508.7,3.24073,-0.880963,5.57322,2736.37,0
0.475308,3508.71,3.22627,-0.862176,4.76631,2715.95,0
0.476614,3508.67,3.25273,-0.8926,6.56433,2785.51,0
0.477921,3508.64,3.25508,-0.900101,7.82592,2838.7,0
0.479224,3508.62,3.24135,-0.941501,8.13907,2876.19,0
0.480531,3508.66,3.25161,-0.935111,4.29715,2795.18,0
0.481836,3508.66,3.19053,-0.98203,4.61896,2786.06,0
0.483151,3508.7,3.16825,-0.826454,2.29344,2700.42,0
0.484443,3508.69,3.17541,-0.667008,3.21312,2710.64,0
0.485749,3508.68,3.14811,-0.682409,3.84957,2713.59,0
0.487048,3508.7,3.1962,-0.699066,1.73681,2667.73,0
0.488358,3508.66,3.1569,-0.700956,5.30851,2750.34,0
0.489669,3508.67,3.13437,-0.674975,3.95313,2708.35,0
0.490988,3508.72,3.10434,-0.668122,0.779547,2612.37,0
0.492283,3508.68,3.14955,-0.697618,3.01384,2680.35,0
0.49359,3508.66,3.18539,-0.667032,4.39155,2720.45,0
0.49488,3508.63,3.23981,-0.634003,5.64826,2772.85,0
0.4962,3508.63,3.24191,-0.646742,4.80477,2751.92,0
0.497498,3508.61,3.23344,-0.60478,6.62578,2803.59,0
0.498815,3508.62,3.24796,-0.601537,4.7796,2765.72,0
0.500117,3508.61,3.23609,-0.555213,5.70893,2786.95,0
0.501433,3508.6,3.19089,-0.585153,5.76509,2791.56,0
0.50274,3508.55,3.18089,-0.637986,8.10653,2880.57,0
0.504034,3508.59,3.21766,-0.651088,3.73428,2789.17,0
0.505338,3508.6,3.25203,-0.625275,3.06071,2780.05,0
0.506637,3508.6,3.3253,-0.727512,1.47835,2760.74,0
0.507945,3508.61,3.33863,-0.58151,0.861691,2735.49,0
0.509237,3508.59,3.29777,-0.575995,2.89884,2768.64,0
0.510539,3508.59,3.32062,-0.535771,2.39777,2757,0
0.511828,3508.58,3.25698,-0.601136,4.20606,2781.37,0
0.513136,3508.61,3.23032,-0.526826,2.06842,2712.51,0
0.51446,3508.57,3.2205,-0.467161,4.79461,2773.18,0
0.515775,3508.6,3.23114,-0.464661,2.45501,2717.41,0
0.517063,3508.55,3.30201,-0.439465,5.4117,2812.04,0
0.518375,3508.59,3.32512,-0.453301,1.25448,2714.75,0
0.519671,3508.52,3.33573,-0.474348,6.32772,2842.24,0
0.520967,3508.53,3.31657,-0.488932,5.83566,2830.25,0
0.522278,3508.52,3.35735,-0.503868,5.16504,2828.06,0
0.523598,3508.53,3.37899,-0.535114,3.94621,2807.26,0
0.524898,3508.52,3.45104,-0.605316,3.6876,2821.61,0
0.526228,3508.49,3.43222,-0.596701,5.69371,2870.67,0
0.52753,3508.5,3.4224,-0.58053,4.40198,2837.34,0
0.528833,3508.47,3.43793,-0.581774,6.25722,2887.29,0
0.530121,3508.46,3.41207,-0.593355,6.64172,2909.29,0
0.531424,3508.46,3.42062,-0.602996,5.52577,2893.76,0
0.532731,3508.44,3.4571,-0.613692,6.39628,2935.86,0
0.534032,3508.46,3.43498,-0.638594,4.51107,2889.16,0
0.535328,3508.49,3.41405,-0.669061,2.07819,2820.84,0
0.536628,3508.47,3.39752,-0.700168,3.96542,2859.33,0
0.537923,3508.5,3.39327,-0.607753,1.20797,2785.68,0
0.539235,3508.49,3.34834,-0.543373,2.3568,2792.74,0
0.540538,3508.47,3.38508,-0.515563,3.68035,2829.39,0
0.541843,3508.42,3.36756,-0.530652,6.71301,2909.38,0
0.543142,3508.42,3.35293,-0.501241,6.23838,2900.61,0
0.544421,3508.44,3.37239,-0.518204,4.12052,2860.16,0
0.545719,3508.47,3.29593,-0.551453,2.35618,2795.3,0
0.547003,3508.44,3.25736,-0.463296,5.18276,2844.52,0
0.548306,3508.45,3.24766,-0.443972,4.63426,2828.91,0
0.549615,3508.46,3.20328,-0.394547,3.90577,2794.14,0
0.550924,3508.42,3.1704,-0.390691,7.53161,2874.32,0
0.552225,3508.39,3.19759,-0.393734,7.93813,2917.5,0
0.553533,3508.39,3.23311,-0.387305,6.95792,2917.39,0
0.554817,3508.4,3.24972,-0.409486,4.97745,2878.72,0
0.556135,3508.35,3.27233,-0.39867,7.97147,2974.48,0
0.557448,3508.41,3.23963,-0.388401,2.62214,2845.51,0
0.55874,3508.38,3.33451,-0.422749,3.92182,2898.94,0
0.560054,3508.35,3.33684,-0.421367,5.78443,2947.88,0
0.561375,3508.42,3.28398,-0.43728,0.818641,2820.74,0
0.562687,3508.38,3.23756,-0.44071,3.82259,2875.87,0
0.563967,3508.39,3.28829,-0.51052,2.61274,2860.44,0
0.565284,3508.42,3.24471,-0.373631,0.564312,2791.63,0
0.56659,3508.38,3.2515,-0.416201,3.66896,2860.57,0
0.567891,3508.35,3.28394,-0.404813,4.73413,2902.73,0
0.569208,3508.37,3.33041,-0.408816,2.3044,2863.21,0
0.570508,3508.37,3.27355,-0.282456,3.19082,2859.44,0
0.571802,3508.37,3.21917,-0.32569,3.45901,2849.57,0
0.573106,3508.41,3.22262,-0.401689,0.334666,2778.61,0
0.574415,3508.36,3.33024,-0.384196,2.91863,2857.48,0
0.575714,3508.33,3.30932,-0.373994,4.89051,2893.87,0
0.577029,3508.3,3.35894,-0.382205,5.91034,2941.82,0
0.578349,3508.29,3.36762,-0.400396,6.37484,2962.44,0
0.579666,3508.31,3.3393,-0.372201,4.54122,2918.7,0
0.580963,3508.33,3.27468,-0.439129,3.52756,2876.05,0
0.582267,3508.29,3.27853,-0.464343,6.09767,2939.96,0
0.583546,3508.28,3.29247,-0.482955,5.85198,2946.84,0
0.584842,3508.26,3.29489,-0.489116,6.61916,2983.08,0
0.586146,3508.23,3.26555,-0.430597,7.76546,3020.81,0
0.587446,3508.22,3.27107,-0.42424,7.04846,3035.34,0
0.588739,3508.25,3.27526,-0.429171,3.69506,2972.72,0
0.590034,3508.26,3.31176,-0.486095,2.00719,2942.19,0
0.591329,3508.25,3.21272,-0.527571,4.12289,2958.66,0
0.592625,3508.27,3.21485,-0.549891,2.66546,2926.51,0
0.593927,3508.23,3.22145,-0.595675,4.8804,2973.55,0
0.595232,3508.19,3.19037,-0.568892,7.7311,3036.92,0
0.596544,3508.22,3.20227,-0.558529,4.73231,2984.69,0
0.597865,3508.21,3.24705,-0.554334,4.82214,2995.82,0
0.599154,3508.17,3.24627,-0.54978,7.02369,3047.01,0
0.600455,3508.19,3.26438,-0.548344,4.77391,3012.84,0
0.601764,3508.21,3.33584,-0.443339,2.2256,2970.57,0
0.603051,3508.18,3.33379,-0.470417,4.48688,3012.94,0
0.604355,3508.21,3.31286,-0.458533,2.61415,2966.57,0
0.605643,3508.17,3.28426,-0.431885,5.67329,3022.09,0
0.606943,3508.2,3.27347,-0.445542,3.08158,2966.61,0
0.608238,3508.19,3.29372,-0.478089,3.50809,2980.32,0
0.609551,3508.22,3.28145,-0.499898,0.803797,2918.75,0
0.610865,3508.19,3.30671,-0.445985,2.84009,2959.79,0
0.612156,3508.22,3.23619,-0.323035,1.75742,2912.84,0
0.61344,3508.21,3.16402,-0.350907,3.34368,2924.66,0
0.614731,3508.23,3.11884,-0.298432,1.87078,2880.44,0
0.616021,3508.24,3.07349,-0.251855,1.75504,2862.48,0
0.617325,3508.23,3.03749,-0.311947,2.3104,2861.61,0
0.618657,3508.22,2.96551,-0.414996,4.216,2882.91,0
0.61997,3508.18,2.98932,-0.399893,6.26148,2930.7,0
0.621265,3508.21,2.98785,-0.436061,3.79978,2885.13,0
0.622557,3508.2,3.01847,-0.448365,3.9996,2895.36,0
0.623856,3508.24,2.97827,-0.505857,0.516029,2817.89,0
0.625158,3508.19,2.93643,-0.513931,5.29211,2900.69,0
0.626453,3508.16,2.92907,-0.501249,6.57069,2931.03,0
0.627777,3508.21,2.91969,-0.4619,2.67859,2857.49,0
0.62909,3508.19,2.90463,-0.396131,4.06106,2876.55,0
0.630395,3508.2,2.91861,-0.53036,2.63015,2853.64,0
0.631708,3508.17,2.8437,-0.523342,6.04978,2901.62,0
0.633002,3508.17,2.88362,-0.52577,5.29102,2898.08,0
0.634311,3508.18,2.89657,-0.502711,3.92032,2876.77,0
0.635621,3508.17,2.94211,-0.450854,3.52703,2874.29,0
0.636943,3508.16,2.9035,-0.489954,4.1115,2882.56,0
0.638255,3508.2,2.85307,-0.470725,1.49138,2817.08,0
0.639558,3508.17,2.94801,-0.442007,2.79633,2858.88,0
0.640848,3508.14,2.97747,-0.438511,4.81142,2901.49,0
0.642155,3508.12,3.00749,-0.420678,5.52592,2930.01,0
0.643462,3508.1,2.96292,-0.43617,6.66847,2948.77,0
0.644775,3508.09,2.94287,-0.430188,7.23086,2965.49,0
0.646082,3508.13,2.91993,-0.394493,3.55398,2893.51,0
0.647364,3508.16,2.82836,-0.321548,2.51922,2848.79,0
0.648661,3508.17,2.918,-0.24198,0.7194,2827.38,0
0.649952,3508.11,2.9345,-0.318509,4.81782,2909.4,0
0.651225,3508.14,2.94693,-0.315877,2.09991,2859.71,0
0.652518,3508.15,2.90954,-0.243065,1.87237,2841.9,0
0.653826,3508.08,2.88306,-0.209826,7.38938,2940.22,0
0.655135,3508.06,2.88405,-0.173203,7.16242,2957.76,0
0.656445,3508.07,2.88737,-0.19174,5.41656,2938.14,0
0.657746,3508.06,2.9026,-0.199789,5.25812,2942.26,0
0.659049,3508.03,2.89232,-0.12218,7.14655,2981.61,0
0.660357,3508.03,2.85825,-0.108766,7.37371,2983.29,0
0.661677,3508.04,2.83725,-0.12808,5.83244,2962.36,0
0.662983,3508.04,2.84255,-0.10736,5.28335,2962.34,0
0.664277,3508.03,2.8345,-0.0940951,5.67201,2970.5,0
0.665566,3508.02,2.82445,-0.122805,5.95085,2972.74,0
0.666879,3508,2.83037,-0.172414,6.82232,2993.39,0
0.66817,3507.99,2.83646,-0.154793,7.01538,3002.75,0
0.669464,3507.98,2.84925,-0.17411,6.38431,3012.78,0
0.670777,3507.99,2.86307,-0.194111,5.22969,2998.85,0
0.672075,3507.99,2.82593,-0.216085,5.08686,2996.16,0
0.673381,3507.94,2.8139,-0.206068,8.11874,3059.71,0
0.674705,3507.92,2.84074,-0.211531,8.27958,3084.91,0
0.676016,3507.88,2.84677,-0.229433,9.35925,3134.96,0
0.677326,3507.92,2.82308,-0.25389,4.96595,3070.06,0
0.678621,3507.91,2.93234,-0.2751,4.23359,3074.79,0
0.679919,3507.9,2.92394,-0.271464,4.92057,3084.17,0
0.681215,3507.93,2.97529,-0.228039,1.88169,3038.41,0
0.682518,3507.92,2.92621,-0.162661,2.98092,3040.99,0
0.683833,3507.93,2.99455,-0.0870111,1.9247,3032.39,0
0.685149,3507.93,2.93366,-0.0744686,1.82448,3014.18,0
0.686443,3507.9,2.90144,-0.0685774,4.91955,3058.04,0
0.687741,3507.94,2.89479,-0.137921,1.77665,2999.35,0
0.689041,3507.95,2.82695,-0.151895,1.06582,2969.25,0
0.69035,3507.93,2.84399,-0.21215,3.05318,3003.78,0
0.691673,3507.91,2.89204,-0.253679,3.17199,3014.79,0
0.692967,3507.9,2.83137,-0.257456,4.64649,3026.42,0
0.694285,3507.91,2.80592,-0.280388,3.8496,3004.36,0
0.695599,3507.9,2.80147,-0.27048,5.04077,3021.48,0
0.696915,3507.89,2.81604,-0.250864,5.22782,3030.25,0
0.698224,3507.87,2.85174,-0.215006,5.34998,3050.21,0
0.699539,3507.85,2.82778,-0.226885,6.31117,3069.78,0
0.700846,3507.85,2.82516,-0.2125,5.31053,3063.17,0
0.70215,3507.82,2.85753,-0.236668,7.18195,3103.35,0
0.703449,3507.84,2.83396,-0.215272,5.26722,3071.7,0
0.704749,3507.81,2.8434,-0.181669,7.25701,3114.41,0
0.706032,3507.86,2.85376,-0.13679,1.96362,3034.4,0
0.707337,3507.82,2.97027,-0.196075,3.51546,3080.98,0
0.70866,3507.85,2.84617,-0.149062,2.22485,3029.19,0
0.709981,3507.83,2.81354,-0.135117,4.70911,3060.05,0
0.711275,3507.81,2.821,-0.170603,5.76619,3084.49,0
0.712581,3507.84,2.78849,-0.178366,3.11626,3033.61,0
0.713888,3507.87,2.64942,-0.118857,2.35182,2990.52,0
0.7152,3507.85,2.59781,-0.0471406,4.2465,3009.45,0
0.716511,3507.82,2.54998,-0.0283851,6.27177,3036.61,0
0.717831,3507.82,2.57713,-0.0345687,4.93411,3031.54,0
0.719135,3507.82,2.61281,-0.121915,4.4392,3026.48,0
0.720452,3507.87,2.57784,-0.122504,0.335555,2950.2,0
0.72176,3507.86,2.55965,-0.213225,1.5451,2963.74,0
0.723057,3507.84,2.57097,-0.198723,2.95837,2987.38,0
0.724367,3507.81,2.67452,-0.294545,4.4842,3029.99,0
0.725647,3507.77,2.68592,-0.315419,6.17155,3069.36,0
0.726927,3507.77,2.64088,-0.307082,6.74525,3073.05,0
0.728238,3507.75,2.66947,-0.289985,7.04369,3096.46,0
0.729559,3507.78,2.6836,-0.280583,3.35945,3040.29,0
0.73086,3507.76,2.73197,-0.251161,4.5691,3065.06,0
0.732181,3507.79,2.77398,-0.355693,0.834939,3012.09,0
0.73349,3507.72,2.83155,-0.349515,6.01502,3103.04,0
0.734798,3507.74,2.79893,-0.394152,4.86371,3082.22,0
0.736097,3507.67,2.80608,-0.406745,8.90215,3161.56,0
0.737403,3507.65,2.77267,-0.404939,9.29022,3180.24,0
0.738706,3507.66,2.74649,-0.412948,7.86393,3167.59,0
0.740019,3507.65,2.72857,-0.434522,7.71371,3178.88,0
0.741316,3507.64,2.7185,-0.427065,7.2849,3186.15,0
0.742628,3507.62,2.70385,-0.372223,7.36665,3201.7,0
0.743934,3507.61,2.70771,-0.354122,7.0224,3207.52,0
0.745238,3507.58,2.68816,-0.324353,8.62953,3247.24,0
0.746565,3507.55,2.70679,-0.32808,9.02704,3275.63,0
0.747861,3507.55,2.69636,-0.310503,8.48026,3279.57,0
0.749172,3507.56,2.68732,-0.283505,6.41819,3258.87,0
0.75048,3507.55,2.70304,-0.236438,6.24684,3263.26,0
0.751788,3507.57,2.70034,-0.270135,4.26998,3234.46,0
0.753077,3507.59,2.71188,-0.238829,2.16318,3201.42,0
0.754365,3507.56,2.69893,-0.23378,4.21213,3228.19,0
0.755664,3507.56,2.65453,-0.19184,4.74806,3228.71,0
0.756937,3507.56,2.65517,-0.182272,4.48805,3225.13,0
0.758253,3507.58,2.5893,-0.212855,3.20229,3190.44,0
0.75956,3507.55,2.54472,-0.210532,6.34134,3229.58,0
0.760862,3507.59,2.59086,-0.207355,1.28377,3163.82,0
0.762183,3507.58,2.64439,-0.148761,2.15845,3181.34,0
0.76345,3507.58,2.57933,-0.0770611,1.97142,3163.71,0
0.764757,3507.58,2.5486,-0.139506,2.66436,3166.22,0
0.766054,3507.56,2.59785,-0.185301,3.79059,3188.57,0
0.767366,3507.53,2.61735,-0.212885,4.8655,3212.94,0
0.768667,3507.53,2.59888,-0.23078,5.65562,3219.54,0
0.769968,3507.51,2.58309,-0.225016,6.32421,3228.74,0
0.771253,3507.56,2.61183,-0.243017,1.81862,3166.48,0
0.772571,3507.54,2.60094,-0.248684,2.90151,3179.56,0
0.773875,3507.51,2.67424,-0.277663,4.79131,3222.49,0
0.77519,3507.54,2.65096,-0.309831,2.21509,3177.66,0
0.776481,3507.52,2.61698,-0.30467,3.64696,3189.12,0
0.777811,3507.53,2.59226,-0.35171,3.12326,3174.97,0
0.779126,3507.5,2.622,-0.358504,5.41229,3213.64,0
0.780426,3507.49,2.64799,-0.303566,4.82632,3214.08,0
0.781739,3507.53,2.65041,-0.335918,0.978057,3156.38,0
0.783032,3507.54,2.63083,-0.333461,0.574526,3142.37,0
0.784349,3507.52,2.68374,-0.192941,1.90209,3163.49,0
0.785648,3507.48,2.66938,-0.103441,5.44442,3208.43,0
0.786934,3507.52,2.62755,-0.0899406,1.61573,3147.31,0
0.788255,3507.47,2.66987,-0.0651214,5.40271,3209.48,0
0.789557,3507.46,2.65568,-0.0798006,5.10575,3210.99,0
0.790859,3507.46,2.63076,-0.134839,5.38867,3214.55,0
0.792171,3507.43,2.63636,-0.120226,7.02556,3244.39,0
0.793475,3507.43,2.61429,-0.121532,6.52726,3237.23,0
0.79478,3507.41,2.5824,-0.116445,7.95354,3261.24,0
0.796095,3507.4,2.57916,-0.141747,7.71373,3268.55,0
0.79739,3507.38,2.58466,-0.118602,7.20001,3280.28,0
0.798673,3507.37,2.59339,-0.102426,7.46006,3295.32,0
0.79998,3507.37,2.54466,-0.107407,6.44469,3293.15,0
0.801283,3507.38,2.59047,-0.147261,4.3008,3272.65,0
0.802607,3507.36,2.60916,-0.123515,5.42231,3288.93,0
0.803923,3507.37,2.63818,-0.131374,4.18551,3275.42,0
0.805237,3507.37,2.61133,-0.0742941,3.99249,3263.85,0
0.806521,3507.41,2.57932,-0.0387293,0.95397,3212.36,0
0.807828,3507.39,2.54265,-0.0358602,3.14678,3233.11,0
0.809139,3507.4,2.60555,-0.0114055,1.2901,3214.35,0
0.810459,3507.37,2.49846,-0.0505847,4.73349,3240.05,0
0.81176,3507.33,2.45216,-0.0374961,8.02524,3290.65,0
0.813047,3507.34,2.44651,-0.0534824,5.68079,3265.76,0
0.814348,3507.31,2.45488,-0.06042,7.69864,3298.02,0
0.815663,3507.32,2.4627,-0.0919409,6.0171,3288.23,0
0.816979,3507.29,2.474,-0.100055,7.52249,3318.9,0
0.818275,3507.29,2.47815,-0.124064,5.9534,3306.93,0
0.819584,3507.35,2.45416,-0.0891845,1.16886,3235.31,0
0.820881,3507.33,2.42447,-0.153213,2.7231,3249.84,0
0.822184,3507.31,2.44896,-0.230393,4.37461,3273.39,0
0.823474,3507.29,2.46095,-0.254066,5.10915,3286.51,0
0.824777,3507.3,2.48143,-0.202678,3.55195,3270.88,0
0.826073,3507.29,2.45758,-0.212066,4.89364,3285.48,0
0.827366,3507.31,2.47537,-0.194964,2.14537,3251.3,0
0.828655,3507.32,2.39784,-0.194737,2.53355,3240.07,0
0.829953,3507.27,2.36825,-0.114313,6.57784,3285.59,0
0.831265,3507.28,2.36187,-0.097369,5.72159,3276.82,0
0.832574,3507.29,2.36889,-0.0906442,3.92612,3251.57,0
0.833897,3507.27,2.36564,-0.0886083,5.40619,3268.97,0
0.835203,3507.27,2.35709,-0.101669,5.25984,3274.09,0
0.836521,3507.23,2.37444,-0.10595,7.17046,3307.23,0
0.83784,3507.23,2.37919,-0.139645,6.25296,3303.1,0
0.839141,3507.21,2.39681,-0.134529,7.53429,3328.01,0
0.84043,3507.25,2.35663,-0.136709,3.9767,3273.56,0
0.841734,3507.25,2.37983,-0.156269,3.54461,3268.19,0
0.843038,3507.26,2.3765,-0.144861,2.45995,3249.31,0
0.844349,3507.27,2.24974,-0.156517,3.31156,3237.53,0
0.845656,3507.28,2.27027,-0.225653,1.68652,3216.25,0
0.846952,3507.26,2.28672,-0.263297,3.05488,3234.57,0
0.848251,3507.28,2.33936,-0.176489,0.753106,3207.53,0
0.849539,3507.26,2.38949,-0.172375,2.09005,3228.84,0
0.850853,3507.26,2.40391,-0.121682,1.34965,3219.41,0
0.852159,3507.21,2.33718,-0.156097,6.61312,3276.35,0
0.853455,3507.21,2.34884,-0.16189,5.36803,3267.93,0
0.854753,3507.2,2.38263,-0.107108,5.92142,3281.04,0
0.856063,3507.24,2.33558,-0.0530851,2.53432,3226.08,0
0.857367,3507.23,2.42828,-0.00597705,2.10909,3229.49,0
0.858684,3507.25,2.37353,-0.0447166,0.681877,3199.53,0
0.859995,3507.22,2.43741,-0.0309441,3.21533,3237.8,0
0.861296,3507.2,2.4413,-0.0204934,4.22796,3248.2,0
0.862612,3507.19,2.4317,0.00929544,4.8226,3254.39,0
0.863926,3507.21,2.46041,-0.028975,2.36713,3225.1,0
0.865236,3507.2,2.44356,-0.037831,3.39441,3234.1,0
0.866526,3507.17,2.41381,-0.0458556,6.61664,3269.76,0
0.867834,3507.19,2.44981,-0.0430153,3.16165,3238.32,0
0.869132,3507.19,2.42374,-0.0565296,3.22446,3232.21,0
0.870441,3507.12,2.4482,-0.0595957,8.60723,3308.53,0
0.871736,3507.12,2.47207,-0.026913,6.66088,3302.27,0
0.873054,3507.1,2.50632,0.00569034,7.35775,3322.2,0
0.874345,3507.12,2.51611,0.0132725,5.23602,3297.88,0
0.875635,3507.06,2.5812,0.00862562,8.50204,3353.47,0
0.876933,3507.04,2.56629,0.0218161,9.32822,3377.75,0
0.878241,3507.05,2.55404,0.0827781,7.28059,3360.45,0
0.879549,3507.06,2.55301,0.0362485,5.98125,3346.04,0
0.880841,3507.05,2.51682,0.0496881,5.81907,3344.06,0
0.882136,3507.05,2.46715,0.0770083,6.64399,3348.37,0
0.883457,3507.03,2.47153,0.0811145,7.05894,3361.54,0
0.884762,3507.01,2.47026,0.047598,7.72027,3373.91,0
0.886061,3507.01,2.46819,0.096505,7.46478,3379.17,0
0.887375,3507.01,2.47998,0.0657116,6.09265,3364.83,0
0.888677,3506.98,2.49885,0.0189781,8.11566,3401.23,0
0.889984,3506.98,2.50967,0.0300998,5.87463,3390.84,0
0.891302,3506.97,2.52266,0.0143291,6.33183,3403.04,0
0.89261,3506.95,2.49644,0.0355169,6.77071,3411.71,0
0.893886,3506.96,2.46425,0.0646043,5.62609,3400.5,0
0.895201,3506.92,2.44105,0.0845158,8.7313,3438.24,0
0.896527,3507,2.41117,0.0769626,0.655245,3341.17,0
0.897839,3507,2.41531,0.0560945,1.32207,3346.18,0
0.899138,3507,2.39464,0.0913593,0.679214,3332.15,0
0.900453,3506.98,2.38504,0.0636447,2.67177,3350.72,0
0.90176,3506.96,2.4838,0.0243268,2.92567,3365.89,0
0.903051,3506.92,2.53861,0.0541509,6.04319,3409.92,0
0.904343,3506.94,2.5274,0.114568,3.96068,3386.25,0
0.905643,3506.91,2.51519,0.108413,6.12258,3408.7,0
0.906937,3506.91,2.53571,0.109362,5.05701,3401.94,0
0.908237,3506.88,2.50994,0.117013,8.13256,3436.86,0
0.909544,3506.85,2.50718,0.111387,8.92401,3467.42,0
0.910827,3506.86,2.50618,0.119224,6.36069,3447.56,0
0.912135,3506.86,2.496,0.105208,5.3517,3438.76,0
0.913429,3506.83,2.49459,0.114053,8.01841,3473.14,0
0.914752,3506.84,2.48209,0.145505,5.96486,3453.85,0
0.916064,3506.81,2.50566,0.169625,7.63883,3479.79,0
0.917359,3506.8,2.53787,0.178977,7.07551,3487.16,0
0.918662,3506.81,2.53754,0.172276,5.76219,3474.97,0
0.919966,3506.83,2.54831,0.143749,2.82634,3443.59,0
0.921274,3506.84,2.50075,0.110459,3.10049,3434.98,0
0.922584,3506.84,2.45854,-0.0746556,2.69882,3420.07,0
0.923892,3506.86,2.501,-0.0593655,1.02332,3403.34,0
0.925211,3506.85,2.53946,-0.000177525,1.0617,3405.77,0
0.926502,3506.8,2.59084,-0.0586999,4.48654,3449.39,0
0.927811,3506.83,2.65227,-0.0602309,1.4001,3420.7,0
0.929096,3506.8,2.63544,-0.0667838,3.69477,3441.72,0
0.93041,3506.81,2.62623,0.00461656,3.47495,3432.97,0
0.931714,3506.81,2.55481,-0.00827252,3.45157,3420.43,0
0.933021,3506.83,2.50117,0.0748461,2.48127,3397.36,0
0.934323,3506.82,2.58517,0.0756179,1.8426,3398.59,0
0.935626,3506.78,2.60139,0.120026,5.72971,3444.14,0
0.936948,3506.8,2.64991,0.118547,2.11081,3411.29,0
0.938257,3506.77,2.7658,0.108561,3.39571,3442.12,0
0.939579,3506.72,2.75878,0.147314,7.57428,3490.06,0
0.940906,3506.74,2.74904,0.132904,5.33341,3462.7,0
0.942215,3506.71,2.7551,0.150326,6.79264,3488.02,0
0.943515,3506.74,2.7457,0.124031,4.1871,3459.42,0
0.944817,3506.76,2.76802,0.184248,1.32017,3428.07,0
0.946134,3506.72,2.76913,0.19197,5.31353,3471.35,0
0.947452,3506.7,2.75195,0.201677,6.15198,3479.97,0
0.948745,3506.69,2.73919,0.231574,7.07115,3492.61,0
0.950048,3506.67,2.70603,0.19246,8.58635,3510.09,0
0.951366,3506.64,2.72701,0.184943,8.44914,3527.52,0
0.952696,3506.67,2.74067,0.17193,4.74467,3493.81,0
0.954005,3506.69,2.70477,0.170696,3.32961,3468.79,0
0.955298,3506.7,2.69715,0.159763,2.89041,3459.57,0
0.956593,3506.68,2.75095,0.136205,3.22384,3469.12,0
0.957887,3506.67,2.72275,0.0541264,4.79861,3477.83,0
0.959198,3506.63,2.69596,0.0603609,7.92155,3508.4,0
0.960516,3506.65,2.68661,0.0528436,5.64392,3487.14,0
0.961831,3506.7,2.65974,0.023422,0.678408,3426.06,0
0.963134,3506.66,2.7048,-0.0211898,3.78693,3463.71,0
0.964443,3506.67,2.7485,-0.026174,2.36574,3450.45,0
0.965758,3506.66,2.69815,-0.075999,4.38043,3460.06,0
0.96707,3506.66,2.67015,-0.0522314,4.7176,3457.96,0
0.968366,3506.65,2.67482,-0.0379892,4.95791,3460.88,0
0.969662,3506.66,2.71191,-0.0199358,2.79525,3440.4,0
0.970976,3506.65,2.73259,0.0068733,3.4998,3450.09,0
0.972275,3506.61,2.71745,0.00849927,6.39631,3482.57,0
0.97357,3506.65,2.7522,0.00255544,1.8417,3437.7,0
0.974864,3506.64,2.78484,-0.0657231,2.5053,3445.96,0
0.976156,3506.61,2.76105,-0.0967055,5.00876,3468.1,0
0.977472,3506.62,2.79891,0.0477087,4.16033,3462.39,0
0.97878,3506.63,2.84444,0.0719897,2.13388,3444.96,0
0.980084,3506.62,2.90674,0.123348,2.18571,3452.69,0
0.981401,3506.62,2.90475,0.131071,2.11456,3447.58,0
0.982698,3506.58,2.86267,0.148058,5.84136,3478.49,0
0.984025,3506.54,2.85443,0.152152,8.70952,3514.45,0
0.985342,3506.54,2.8656,0.156347,7.0613,3514.18,0
0.986641,3506.53,2.91063,0.142243,6.10984,3516.44,0
0.98794,3506.53,2.94281,0.121576,4.46887,3509.37,0
0.989238,3506.52,3.00589,0.119004,4.43604,3517.27,0
0.990541,3506.49,3.00623,0.149947,6.95234,3545.73,0
0.991844,3506.47,2.97996,0.154169,7.92696,3555.69,0
0.993121,3506.48,2.92818,0.191379,6.20132,3540.28,0
0.994419,3506.47,2.92377,0.197778,6.40278,3545.9,0
0.995737,3506.49,2.94682,0.225099,4.09722,3529.25,0
0.997047,3506.47,3.02871,0.130873,4.52911,3543.83,0
0.998354,3506.44,3.0048,0.153001,6.93982,3564.87,0
0.999669,3506.45,2.99104,0.156971,5.56164,3550.09,0
1.00097,3506.42,2.98143,0.19726,7.94629,3576.22,0
1.00224,3506.41,2.99371,0.211152,7.12572,3580.48,0
1.00354,3506.4,3.00735,0.215163,6.87332,3582.83,0
1.00485,3506.41,3.04363,0.246744,4.51459,3568.07,0
1.00616,3506.39,3.03741,0.271227,6.34694,3586.12,0
1.00747,3506.4,3.08045,0.266644,3.92067,3568.38,0
1.00878,3506.42,3.08992,0.176087,2.34841,3548.48,0
1.01008,3506.42,3.09318,0.128885,2.54383,3546.57,0
1.0114,3506.39,3.15194,0.0944479,4.09622,3569.26,0
1.01271,3506.38,3.11561,0.104886,5.11772,3575.23,0
1.01401,3506.39,3.07916,0.124256,4.06021,3557.24,0
1.01532,3506.39,3.11032,0.0910581,3.82522,3557.42,0
1.01663,3506.37,3.11229,0.0792396,5.30326,3573.42,0
1.01792,3506.37,3.14963,0.0901023,4.23916,3566.69,0
1.01924,3506.36,3.17924,0.0905845,4.20128,3570.58,0
1.02054,3506.4,3.14132,0.0945082,0.978529,3527.76,0
1.02184,3506.35,3.19419,0.131846,4.19519,3572.09,0
1.02314,3506.36,3.19593,0.135905,3.16541,3559.33,0
1.02443,3506.37,3.21005,0.178005,1.89909,3546.37,0
1.02571,3506.36,3.3328,0.184957,0.579055,3552.38,0
1.02704,3506.31,3.29323,0.192023,5.24994,3588.96,0
1.02836,3506.3,3.28508,0.225589,6.23617,3598.28,0
1.02965,3506.36,3.25495,0.246012,1.07497,3539.61,0
1.03096,3506.3,3.19469,0.382409,7.25761,3591.39,0
1.03225,3506.34,3.17692,0.384539,2.7171,3546.16,0
1.03355,3506.37,3.14746,0.298144,0.322182,3511.66,0
1.03488,3506.35,3.15002,0.138249,2.03397,3523.49,0
1.0362,3506.31,3.12194,0.195207,6.14199,3557.85,0
1.03749,3506.28,3.13414,0.190619,7.71899,3581.83,0
1.03879,3506.3,3.12253,0.198238,5.25239,3557.92,0
1.04007,3506.33,3.09755,0.214326,2.96666,3529.15,0
1.04137,3506.34,3.09156,0.361321,1.69194,3514.55,0
1.04268,3506.32,3.14761,0.33053,2.17442,3526.2,0
1.04401,3506.3,3.10798,0.356078,4.40536,3539.38,0
1.04531,3506.27,3.11184,0.348834,6.89388,3567.64,0
1.04663,3506.25,3.12556,0.339886,7.67976,3584.12,0
1.04793,3506.26,3.10266,0.328771,6.28397,3570.46,0
1.04924,3506.3,3.11665,0.308479,1.34222,3523.05,0
1.05053,3506.28,3.11422,0.295841,3.3556,3538.43,0
1.05183,3506.25,3.05781,0.305657,6.99284,3563.61,0
1.05313,3506.26,3.07911,0.30539,5.21453,3552.83,0
1.05444,3506.24,3.09925,0.293793,5.70718,3562.48,0
1.05576,3506.22,3.10267,0.24799,6.91462,3580.4,0
1.05707,3506.21,3.10212,0.254976,6.85802,3587.38,0
1.05838,3506.22,3.09143,0.270668,4.80744,3567.01,0
1.05967,3506.21,3.07876,0.273027,5.49937,3574.09,0
1.06097,3506.21,3.1257,0.256221,4.34189,3567.92,0
1.06228,3506.22,3.14134,0.319752,3.45344,3560.03,0
1.06356,3506.26,3.11041,0.305877,0.31113,3520.43,0
1.06486,3506.25,3.14675,0.27746,0.459424,3524.65,0
1.06616,3506.24,3.15838,0.273332,0.912161,3526.9,0
1.06747,3506.21,3.08305,0.193181,4.78702,3547.65,0
1.06879,3506.19,3.11087,0.177101,5.77826,3562.52,0
1.07008,3506.17,3.1235,0.18004,7.03707,3583.42,0
1.07137,3506.23,3.10676,0.177917,0.89272,3522.17,0
1.07266,3506.22,3.08494,0.247057,1.93318,3525.64,0
1.07397,3506.22,3.09215,0.24768,1.35656,3517.95,0
1.07526,3506.2,3.11476,0.294496,3.32445,3537.62,0
1.07657,3506.21,3.14475,0.317852,1.15663,3519.52,0
1.07786,3506.14,3.19941,0.324961,6.45252,3579.88,0
1.07917,3506.11,3.18764,0.341223,8.66428,3606.24,0
1.08048,3506.08,3.19351,0.344014,9.51818,3627.8,0
1.08178,3506.1,3.19284,0.347741,6.19242,3607.79,0
1.08307,3506.07,3.18049,0.319277,8.04235,3630.76,0
1.08438,3506.1,3.18499,0.303311,4.58081,3599.99,0
1.0857,3506.13,3.1618,0.272548,2.15003,3568.89,0
1.08702,3506.12,3.13748,0.299733,3.04972,3571.1,0
1.08833,3506.09,3.14673,0.294953,5.11899,3588.68,0
1.08964,3506.06,3.12363,0.294845,8.09879,3618.91,0
1.09096,3506.09,3.13029,0.34059,4.32538,3586.94,0
1.09227,3506.11,3.05651,0.327895,3.58975,3563.04,0
1.09356,3506.14,3.0295,0.329354,0.36999,3525.67,0
1.09488,3506.13,3.01386,0.327635,1.41794,3530.11,0
1.09616,3506.12,2.93856,0.238555,4.12579,3538.69,0
1.09748,3506.1,2.919,0.211585,6.43002,3555.48,0
1.0988,3506.1,2.90957,0.196769,5.54468,3548.36,0
1.1001,3506.1,2.93719,0.195742,4.76579,3546.18,0
1.1014,3506.11,3.00527,0.172285,2.23675,3532.35,0
1.10271,3506.06,3.04829,0.145259,5.72596,3570.51,0
1.10401,3506.07,3.04653,0.180441,4.46759,3559.52,0
1.10533,3506.05,3.08712,0.193312,5.30153,3572.85,0
1.10663,3506.02,3.0773,0.228327,8.05984,3600.66,0
1.10795,3506.02,3.11523,0.258576,5.59256,3588.82,0
1.10927,3506.03,3.10442,0.274091,4.87227,3579.84,0
1.11057,3506,3.10205,0.248721,7.67786,3604.86,0
1.11187,3506.03,3.08232,0.260012,4.44063,3574.61,0
1.11318,3505.99,3.06321,0.285695,7.76891,3599.96,0
1.11449,3506,3.06861,0.268799,5.94451,3588.29,0
1.11578,3506.02,3.10851,0.278809,3.46078,3570.02,0
1.1171,3505.98,3.12533,0.355393,6.22659,3599.12,0
1.11843,3505.94,3.12994,0.34433,8.8409,3633.92,0
1.11972,3505.93,3.15642,0.356686,7.52133,3635.41,0
1.12104,3505.94,3.15379,0.380954,4.98438,3618.35,0
1.12231,3505.95,3.1326,0.404305,4.21794,3608.13,0
1.12361,3505.91,3.12689,0.392719,7.93035,3644.42,0
1.1249,3505.88,3.1137,0.384129,8.92578,3659.14,0
1.12619,3505.87,3.11371,0.388866,8.3271,3663.07,0
1.12751,3505.9,3.10697,0.399134,5.54404,3639.4,0
1.12883,3505.86,3.12271,0.397358,7.82402,3666.31,0
1.13014,3505.85,3.11355,0.354432,7.96329,3671.07,0
1.13143,3505.85,3.12493,0.331469,6.67114,3666.61,0
1.13274,3505.83,3.12454,0.320935,7.66626,3681.31,0
1.13404,3505.86,3.13679,0.33217,4.14236,3652.27,0
1.13535,3505.88,3.11911,0.352722,1.85995,3628.64,0
1.13666,3505.86,3.09403,0.368571,3.90407,3639.33,0
1.13795,3505.8,3.12039,0.372908,8.23054,3686.62,0
1.13927,3505.79,3.1202,0.415459,8.45921,3698.06,0
1.14058,3505.79,3.11853,0.41841,6.65795,3690.07,0
1.1419,3505.82,3.09864,0.414065,3.67682,3659.72,0
1.14322,3505.83,3.15628,0.451088,1.42511,3648.57,0
1.1445,3505.79,3.15345,0.466714,5.02751,3679.5,0
1.1458,3505.81,3.15579,0.480435,2.52087,3658.31,0
1.14709,3505.78,3.30428,0.368248,2.27963,3676.11,0
1.1484,3505.76,3.34713,0.390745,3.82348,3694.42,0
1.14971,3505.8,3.27238,0.39441,1.29327,3655.58,0
1.15101,3505.78,3.31425,0.367477,1.68128,3663.33,0
1.1523,3505.78,3.29069,0.329559,2.66863,3663.55,0
1.15361,3505.77,3.26313,0.290489,3.9644,3666.6,0
1.15492,3505.78,3.39829,0.215941,0.120554,3654.22,0
1.15622,3505.74,3.32912,0.237747,5.44638,3684.88,0
1.15754,3505.74,3.37843,0.297338,4.25919,3682.7,0
1.15881,3505.7,3.39865,0.280497,6.67365,3707.61,0
1.16012,3505.7,3.3784,0.285819,6.68732,3704.15,0
1.16144,3505.67,3.39147,0.302253,9.41494,3732.31,0
1.16275,3505.64,3.40031,0.333016,9.44649,3750.54,0
1.16406,3505.67,3.40993,0.282952,4.85502,3718.57,0
1.16537,3505.64,3.38826,0.296541,7.32088,3739.36,0
1.16666,3505.66,3.40491,0.309364,4.20223,3716.86,0
1.16798,3505.66,3.44537,0.273768,3.8389,3719.67,0
1.16929,3505.61,3.42802,0.262927,7.44178,3751.64,0
1.17058,3505.66,3.4074,0.260941,2.59135,3711.22,0
1.1719,3505.65,3.42321,0.261101,2.76799,3712.21,0
1.17321,3505.66,3.39185,0.266437,1.91341,3696.7,0
1.17451,3505.61,3.42174,0.27414,5.77963,3733.91,0
1.17581,3505.62,3.40961,0.306598,5.34527,3727.09,0
1.17713,3505.58,3.39252,0.318306,8.37727,3750.8,0
1.17844,3505.56,3.35553,0.33887,9.80038,3766.04,0
1.17975,3505.57,3.31626,0.319376,7.86107,3753.64,0
1.18106,3505.54,3.28523,0.330444,10.2257,3780.22,0
1.18238,3505.55,3.27613,0.294922,7.11084,3761.34,0
1.18371,3505.55,3.30283,0.295095,5.93386,3760.06,0
1.18501,3505.52,3.28714,0.322483,8.5452,3781.37,0
1.18632,3505.52,3.2774,0.322143,6.97645,3772.33,0
1.18764,3505.52,3.25147,0.314437,6.44517,3767.99,0
1.18892,3505.55,3.23059,0.329396,3.86982,3744.61,0
1.19022,3505.52,3.25262,0.354477,5.90943,3765.58,0
1.19153,3505.51,3.27195,0.343437,6.04717,3770.29,0
1.19285,3505.48,3.25872,0.305046,7.9172,3785.18,0
1.19417,3505.46,3.25889,0.351576,9.35363,3803.33,0
1.19548,3505.45,3.31044,0.335752,7.38314,3801.85,0
1.19679,3505.49,3.31579,0.34944,3.42167,3769.99,0
1.1981,3505.46,3.25893,0.378737,6.87455,3786.67,0
1.19941,3505.44,3.23949,0.358485,8.3657,3799.88,0
1.20073,3505.44,3.23424,0.356583,7.36448,3800.39,0
1.20202,3505.44,3.24739,0.35278,6.11326,3793.88,0
1.20332,3505.43,3.21467,0.363247,7.04913,3796.92,0
1.20464,3505.45,3.28264,0.294255,3.06068,3773.33,0
1.20596,3505.44,3.29997,0.207749,4.42033,3782.2,0
1.20727,3505.45,3.19583,0.170665,5.0745,3766.65,0
1.20858,3505.4,3.24094,0.162129,8.2424,3805.82,0
1.20988,3505.38,3.19845,0.194469,9.4826,3820.31,0
1.21122,3505.38,3.19185,0.196883,7.90452,3812.75,0
1.21252,3505.39,3.21625,0.213125,5.45893,3804.56,0
1.21381,3505.36,3.18396,0.200803,7.5173,3821.17,0
1.21513,3505.34,3.15438,0.212824,8.06623,3831.14,0
1.21645,3505.34,3.15459,0.234824,7.09982,3829.16,0
1.21775,3505.34,3.13114,0.232859,6.6658,3825.24,0
1.21907,3505.4,3.04567,0.251956,1.83764,3772.28,0
1.22038,3505.36,3.01887,0.20307,5.91089,3798.02,0
1.22169,3505.32,3.00531,0.225314,8.90296,3829.12,0
1.223,3505.33,3.00461,0.2441,6.67003,3820.45,0
1.2243,3505.33,3.00971,0.278345,4.99262,3813.57,0
1.2256,3505.34,3.03976,0.226618,2.4559,3798.96,0
1.22689,3505.34,2.99532,0.202377,3.71534,3797.96,0
1.22817,3505.33,2.98883,0.162077,5.01912,3805,0
1.2295,3505.29,2.96484,0.15144,8.06384,3827.47,0
1.23079,3505.29,2.93851,0.225566,7.51403,3826.38,0
1.23209,3505.28,2.91049,0.1945,7.74103,3831.85,0
1.23339,3505.3,2.86613,0.192261,5.69471,3812.01,0
1.23471,3505.27,2.84988,0.207089,7.73518,3829.26,0
1.23602,3505.26,2.82951,0.167869,8.24442,3834.28,0
1.23733,3505.26,2.83708,0.181724,7.51805,3834.82,0
1.23864,3505.27,2.81036,0.165188,5.24007,3818.8,0
1.23995,3505.26,2.77056,0.156868,6.32614,3821.95,0
1.24124,3505.27,2.7871,0.20954,4.4782,3813.19,0
1.24256,3505.27,2.7648,0.236959,4.14613,3810.06,0
1.24389,3505.27,2.71831,0.297156,4.00619,3800.48,0
1.24519,3505.3,2.75386,0.334346,0.433588,3778.53,0
1.24649,3505.28,2.796,0.430786,1.22096,3789.1,0
1.24779,3505.26,2.86723,0.395093,2.04567,3801.71,0
1.24909,3505.26,2.86758,0.403662,1.07612,3791.73,0
1.25039,3505.25,2.85597,0.464475,2.43157,3798.25,0
1.25168,3505.21,2.81654,0.461414,6.91754,3823.44,0
1.253,3505.23,2.8036,0.453983,4.49542,3806.78,0
1.2543,3505.21,2.80262,0.443034,6.33812,3821.89,0
1.2556,3505.19,2.79336,0.449589,7.45831,3830.54,0
1.2569,3505.19,2.78464,0.419589,7.37545,3830.61,0
1.2582,3505.2,2.79307,0.464647,4.47581,3811.8,0
1.2595,3505.21,2.80433,0.54245,3.04945,3805.77,0
1.26081,3505.19,2.76952,0.537772,5.47295,3814.06,0
1.26211,3505.19,2.74662,0.524554,6.0053,3812.07,0
1.26342,3505.15,2.75077,0.542091,8.74992,3841.15,0
1.26475,3505.14,2.75525,0.579191,7.87911,3842.66,0
1.26606,3505.16,2.72132,0.481428,5.7755,3820.91,0
1.26736,3505.15,2.66556,0.44519,6.68728,3824.1,0
1.26865,3505.18,2.69017,0.469264,2.41132,3797.95,0
1.26996,3505.17,2.76166,0.473004,2.05686,3802.5,0
1.27128,3505.13,2.76564,0.510004,5.87062,3827.82,0
1.2726,3505.12,2.78411,0.53479,5.70298,3832.52,0
1.27391,3505.12,2.79183,0.5347,4.82169,3829.64,0
1.27522,3505.08,2.79032,0.539852,7.65432,3854.99,0
1.27653,3505.09,2.79452,0.504394,6.27585,3848.72,0
1.27782,3505.1,2.85818,0.46187,2.79418,3833.73,0
1.27915,3505.12,2.85711,0.511157,0.376864,3814.72,0
1.28045,3505.1,2.87378,0.542403,1.88044,3825.78,0
1.28175,3505.08,2.92865,0.664281,1.79813,3835.51,0
1.28306,3505.06,3.02584,0.603806,2.26916,3849.2,0
1.28436,3505.01,3.02697,0.583816,7.55154,3883.64,0
1.28568,3505.01,3.04492,0.600586,5.85425,3877.45,0
1.28699,3505.01,3.05034,0.580002,6.0239,3880.11,0
1.28828,3505.02,3.05526,0.6101,3.76828,3866.72,0
1.28958,3505.01,3.05421,0.555364,4.43409,3866.98,0
1.2909,3504.99,3.04039,0.535618,6.78115,3882.21,0
1.29222,3505.02,3.00122,0.539713,3.16115,3852.2,0
1.29354,3505.01,3.04533,0.449067,3.90259,3858.95,0
1.29484,3505.02,3.02938,0.462905,3.04804,3847.42,0
1.29615,3505.03,2.98869,0.453203,3.1471,3837.43,0
1.29746,3505.01,3.01804,0.499655,4.17628,3848.57,0
1.29877,3504.99,2.99035,0.587111,5.78508,3855.11,0
1.30006,3505.02,2.98377,0.547137,2.4171,3826.87,0
1.30137,3504.98,3.03809,0.573507,6.17037,3860.57,0
1.30268,3504.97,3.03989,0.578532,6.12509,3861.09,0
1.30396,3504.95,3.04609,0.575391,7.98686,3875.3,0
1.30527,3504.93,3.02066,0.532869,9.14011,3884.04,0
1.30655,3504.94,3.02976,0.505835,6.06212,3870.63,0
1.30785,3504.94,3.0581,0.499173,4.80231,3867.61,0
1.30917,3504.91,3.0615,0.499011,7.26863,3887.56,0
1.31047,3504.91,3.03825,0.506901,6.89119,3887.83,0
1.31177,3504.9,3.05638,0.534635,6.31688,3890.69,0
1.31309,3504.91,3.04061,0.548099,4.22555,3875.02,0
1.31441,3504.89,2.99949,0.559106,7.38258,3890.3,0
1.31572,3504.84,3.00819,0.564627,10.6494,3920.53,0
1.31702,3504.86,3.0571,0.605561,5.32332,3902.73,0
1.31835,3504.87,3.17133,0.651499,0.706869,3890.45,0
1.31966,3504.81,3.19296,0.58185,6.65292,3932.78,0
1.32097,3504.82,3.16465,0.584603,5.74282,3925.1,0
1.32228,3504.8,3.15696,0.592405,7.08957,3931.99,0
1.32356,3504.8,3.19273,0.585281,5.93108,3931.38,0
1.32487,3504.78,3.18661,0.6271,7.15131,3940.1,0
1.32617,3504.79,3.21232,0.60834,4.49485,3927.72,0
1.32749,3504.78,3.23877,0.575411,4.55877,3930.7,0
1.32879,3504.75,3.19283,0.55332,7.47379,3947.96,0
1.3301,3504.77,3.17112,0.577929,5.31337,3933.15,0
1.3314,3504.75,3.16959,0.585479,6.6455,3942.03,0
1.33269,3504.76,3.16669,0.543444,5.25322,3932.35,0
1.334,3504.77,3.11733,0.557042,5.10762,3921.38,0
1.33529,3504.78,3.12934,0.572254,3.21326,3908.88,0
1.33658,3504.76,3.17626,0.563299,3.81233,3921.94,0
1.33787,3504.75,3.33265,0.547165,0.221989,3923.32,0
1.33918,3504.73,3.26315,0.598659,4.51494,3937.98,0
1.3405,3504.7,3.26657,0.600847,5.91887,3951.31,0
1.34182,3504.68,3.26448,0.596882,8.30348,3967.79,0
1.34311,3504.67,3.25259,0.574399,8.17231,3969.84,0
1.34442,3504.63,3.26131,0.571648,10.0678,3991.65,0
1.34571,3504.6,3.28644,0.551065,10.9054,4012.45,0
1.34702,3504.56,3.28337,0.528051,2.94065,4035.24,0
1.34831,3504.54,3.27146,0.474966,5.45819,4046,0
1.34959,3504.53,3.26228,0.496974,7.32402,4055.59,0
1.35089,3504.53,3.33697,0.442936,5.09668,4052.88,0
1.35218,3504.52,3.35723,0.428236,4.88405,4052.52,0
1.35349,3504.55,3.27154,0.416173,4.21886,4029.58,0
1.3548,3504.55,3.21189,0.433757,5.24653,4024.69,0
1.35611,3504.58,3.1926,0.459958,1.83217,3999.37,0
1.3574,3504.53,3.21023,0.601488,6.20843,4031.18,0
1.3587,3504.5,3.21501,0.598778,8.98923,4051.11,0
1.36,3504.53,3.27395,0.610435,1.6293,4021.54,0
1.36131,3504.54,3.23578,0.608074,1.30107,4009.1,0
1.36261,3504.51,3.21481,0.628345,4.68045,4025.65,0
1.36392,3504.52,3.15868,0.63534,5.32345,4019.68,0
1.36523,3504.53,3.18999,0.59286,2.63356,4007.5,0
1.36651,3504.54,3.15849,0.562788,2.67993,3997.67,0
1.36783,3504.51,3.23731,0.5861,3.26746,4013.91,0
1.36913,3504.45,3.35039,0.611858,6.08044,4050.92,0
1.37041,3504.43,3.34167,0.616697,7.87378,4061.85,0
1.3717,3504.42,3.37782,0.630988,6.22025,4065.08,0
1.373,3504.41,3.3923,0.651376,6.59481,4070.63,0
1.37431,3504.38,3.39684,0.618416,8.24344,4089.14,0
1.3756,3504.39,3.40519,0.606872,6.22988,4081.78,0
1.3769,3504.37,3.37738,0.596494,7.24322,4087.39,0
1.37821,3504.4,3.38066,0.579267,3.62654,4066.56,0
1.37951,3504.4,3.33908,0.542623,4.00959,4059.42,0
1.38081,3504.45,3.25353,0.554159,0.145249,4016.76,0
1.38211,3504.44,3.26197,0.558023,1.55856,4024.35,0
1.38342,3504.44,3.21888,0.541954,2.95659,4021.45,0
1.38474,3504.42,3.21509,0.555598,4.40226,4028.72,0
1.38603,3504.42,3.20887,0.568085,4.82038,4028.13,0
1.38735,3504.39,3.21534,0.531939,7.06961,4042.39,0
1.38865,3504.4,3.20121,0.493927,6.19713,4036.23,0
1.38995,3504.4,3.17968,0.511836,6.01579,4029.06,0
1.39125,3504.39,3.1932,0.518319,5.73212,4030.72,0
1.39255,3504.4,3.15144,0.481532,5.71038,4020.06,0
1.39387,3504.41,3.15551,0.485869,4.078,4008.01,0
1.39519,3504.38,3.17789,0.492131,6.94257,4030.61,0
1.39649,3504.38,3.22305,0.47619,4.18133,4022.58,0
1.39777,3504.37,3.21274,0.48309,5.20524,4027.67,0
1.39907,3504.34,3.22084,0.488698,8.03506,4048.08,0
1.40037,3504.32,3.27716,0.481615,6.90203,4056.95,0
1.40167,3504.35,3.27816,0.571939,2.71471,4034.05,0
1.40296,3504.38,3.23739,0.543212,0.491056,4008.9,0
1.40426,3504.35,3.21819,0.522663,3.57811,4020.17,0
1.40557,3504.37,3.18083,0.43821,2.63852,4002.31,0
1.40685,3504.37,3.15993,0.429129,3.93285,4002.57,0
1.40814,3504.38,3.14781,0.466024,2.83269,3991.25,0
1.40946,3504.4,3.1025,0.507145,1.16975,3971.13,0
1.41077,3504.39,3.0546,0.671619,3.59612,3979.56,0
1.41206,3504.38,3.0948,0.655689,2.72984,3980.74,0
1.41337,3504.35,3.12531,0.689122,4.04023,3996.19,0
1.41466,3504.33,3.186,0.740516,3.92947,4005.02,0
1.41598,3504.32,3.17366,0.689773,5.78696,4008.59,0
1.41728,3504.32,3.1263,0.651927,7.27701,4009.17,0
1.41858,3504.3,3.11326,0.646881,8.09765,4018.25,0
1.41987,3504.31,3.11728,0.594605,6.20693,4008.28,0
1.42118,3504.34,3.14851,0.560388,0.631569,3980.74,0
1.42249,3504.32,3.22457,0.551312,0.834104,3992.56,0
1.4238,3504.31,3.20233,0.500263,3.13792,3997.04,0
1.42511,3504.33,3.16248,0.581458,1.47672,3979.63,0
1.42643,3504.32,3.08472,0.602999,5.05258,3984.87,0
1.42774,3504.3,3.08383,0.594252,6.08315,3989.97,0
1.42905,3504.31,3.06096,0.623157,5.28981,3982.84,0
1.43035,3504.34,3.0467,0.629085,1.97724,3959.43,0
1.43167,3504.31,3.10044,0.544507,3.50801,3971.94,0
1.43296,3504.32,3.08386,0.556729,3.17043,3965.18,0
1.43426,3504.3,3.06112,0.499657,5.8293,3972.91,0
1.43556,3504.28,3.08171,0.505268,6.92986,3981.44,0
1.43687,3504.28,3.09571,0.528763,6.13588,3982.99,0
1.43819,3504.28,3.07978,0.492317,5.41545,3974.42,0
1.43949,3504.28,3.08218,0.521096,5.54727,3975.33,0
1.44078,3504.28,3.05247,0.603834,5.24242,3973.38,0
1.44207,3504.3,3.07857,0.628617,0.596289,3949.86,0
1.44338,3504.26,3.12434,0.660279,3.84151,3975.25,0
1.44472,3504.28,3.14109,0.63668,1.80286,3962.6,0
1.44601,3504.23,3.24145,0.584255,3.69009,3986.96,0
1.44732,3504.22,3.18008,0.605151,6.60761,3991.51,0
1.44863,3504.23,3.17237,0.621308,5.23761,3983.69,0
1.44991,3504.22,3.16192,0.602229,5.88676,3984.71,0
1.45122,3504.23,3.17958,0.587783,4.40801,3976.78,0
1.45254,3504.23,3.17314,0.553992,4.3554,3972.89,0
1.45384,3504.24,3.19853,0.60709,1.84147,3962.12,0
1.45514,3504.24,3.19822,0.572654,2.37063,3961.51,0
1.45646,3504.22,3.17294,0.576566,4.53708,3968.69,0
1.45778,3504.22,3.22893,0.60566,1.92553,3962.43,0
1.45907,3504.21,3.19317,0.708399,3.924,3968.52,0
1.46037,3504.2,3.23348,0.674822,3.92383,3972.19,0
1.46168,3504.19,3.25883,0.652729,4.14543,3976.09,0
1.463,3504.18,3.23695,0.661271,5.4452,3978.19,0
1.46431,3504.2,3.27871,0.68894,1.80307,3964,0
1.46561,3504.16,3.3624,0.648375,3.99953,3987.84,0
1.46692,3504.13,3.40774,0.677193,4.97595,4000.9,0
1.46824,3504.14,3.42453,0.625841,3.87821,3992.9,0
1.46954,3504.11,3.48027,0.683553,3.75457,4004.94,0
1.47087,3504.1,3.54675,0.692864,2.68043,4009.02,0
1.47218,3504.09,3.57765,0.635457,3.79373,4016.21,0
1.47348,3504.09,3.61263,0.674991,2.41966,4014.05,0
1.47478,3504.08,3.58485,0.611076,4.57229,4015.68,0
1.47608,3504.08,3.64947,0.606824,1.45549,4009.66,0
1.47739,3504.07,3.59694,0.734386,3.46006,4012.83,0
1.4787,3504.06,3.51967,0.828402,6.40406,4015.66,0
1.48002,3504.07,3.54108,0.846657,3.97813,4006.3,0
1.48132,3504.1,3.53574,0.79381,0.790537,3982.57,0
1.48265,3504.05,3.52402,0.784257,6.73352,4013.25,0
1.48397,3504.04,3.50518,0.771499,7.76714,4018.94,0
1.48525,3504.03,3.49348,0.76521,7.52908,4021.6,0
1.48655,3503.99,3.43455,0.755715,0.51297,4040.42,0
1.48785,3503.94,3.50981,0.773299,4.22741,4073.19,0
1.48915,3503.97,3.44143,0.785456,2.41592,4047.88,0
1.49046,3503.91,3.54995,0.841167,5.14565,4085.17,0
1.49177,3503.88,3.58433,0.858078,7.03201,4100.84,0
1.49309,3503.89,3.63387,0.8806,2.98238,4091.27,0
1.4944,3503.87,3.56967,0.839516,7.54478,4101.37,0
1.49571,3503.88,3.60632,0.804817,4.2754,4088.65,0
1.49699,3503.89,3.64635,0.796295,1.78745,4081.18,0
1.49826,3503.88,3.64107,0.797166,3.52093,4086.74,0
1.49955,3503.87,3.67806,0.759046,2.79873,4085.85,0
1.50086,3503.86,3.68909,0.816425,3.4348,4091.6,0
1.50215,3503.84,3.68768,0.702548,6.16376,4098.9,0
1.50346,3503.84,3.69298,0.678364,5.52102,4096.3,0
1.50475,3503.84,3.71056,0.687944,4.56986,4094.63,0
1.50607,3503.82,3.65844,0.724025,8.07927,4105.83,0
1.50737,3503.84,3.67984,0.725233,4.44247,4089.01,0
1.50865,3503.8,3.66031,0.735124,8.69013,4110.59,0
1.50994,3503.79,3.67263,0.760432,7.51919,4112.29,0
1.51126,3503.83,3.6936,0.858193,0.946005,4083.59,0
1.51258,3503.81,3.66291,0.803153,4.54425,4091.34,0
1.51388,3503.79,3.62684,0.790046,8.17457,4104.26,0
1.51518,3503.76,3.62651,0.773625,9.98808,4119.85,0
1.51648,3503.76,3.6026,0.752971,8.86526,4115.39,0
1.51778,3503.78,3.61804,0.729981,5.23332,4100.55,0
1.51908,3503.81,3.6228,0.664034,1.82676,4077.98,0
1.52036,3503.78,3.59832,0.666429,5.65538,4091.73,0
1.52168,3503.77,3.57126,0.649075,7.16159,4094.08,0
1.52297,3503.77,3.60183,0.620699,5.9983,4093.39,0
1.52427,3503.74,3.59298,0.606817,8.65744,4105.48,0
1.52557,3503.7,3.62186,0.587796,10.3462,4128.35,0
1.52689,3503.69,3.6166,0.622204,9.73024,4132.85,0
1.52819,3503.63,3.64007,0.638308,3.22216,4167.7,0
1.52951,3503.62,3.61673,0.649502,4.84386,4168.84,0
1.53081,3503.65,3.58736,0.715192,1.96025,4147.06,0
1.53213,3503.64,3.53939,0.740834,4.47064,4148.88,0
1.53342,3503.66,3.49057,0.701427,4.52933,4134.95,0
1.53472,3503.64,3.43516,0.653989,8.11411,4141.78,0
1.53602,3503.66,3.4104,0.683455,5.5714,4128.19,0
1.53731,3503.66,3.3944,0.6852,5.00873,4121.74,0
1.53859,3503.66,3.41359,0.662725,3.99474,4118.55,0
1.53988,3503.7,3.26164,0.663311,4.77194,4089.68,0
1.54116,3503.71,3.24475,0.709719,3.36072,4079.44,0
1.54248,3503.69,3.23128,0.698753,5.79776,4089.76,0
1.54378,3503.69,3.27414,0.700856,4.23264,4087.21,0
1.54506,3503.69,3.27478,0.716484,3.41501,4082.1,0
1.54636,3503.62,3.35116,0.796797,9.11934,4128.23,0
1.54767,3503.61,3.35543,0.820453,7.20841,4125.63,0
1.54897,3503.64,3.36316,0.755747,3.9396,4107.23,0
1.55027,3503.65,3.35581,0.724994,2.71874,4095.95,0
1.55158,3503.62,3.42169,0.732378,4.044,4113.12,0
1.55289,3503.65,3.39412,0.75124,0.796638,4091,0
1.5542,3503.62,3.39022,0.747979,4.39874,4106.86,0
1.55551,3503.63,3.37344,0.791676,2.58171,4093.02,0
1.55682,3503.62,3.38167,0.829562,3.20582,4097.12,0
1.55814,3503.62,3.31911,0.8732,5.10569,4093.89,0
1.55947,3503.59,3.28913,0.884015,9.29412,4111.67,0
1.56077,3503.58,3.30324,0.912643,8.23658,4116.43,0
1.56208,3503.57,3.32229,0.900064,6.38003,4116.49,0
1.56337,3503.58,3.28495,0.889853,5.90526,4105.54,0
1.56469,3503.59,3.26967,0.88571,5.27607,4099.07,0
1.566,3503.59,3.27507,0.873815,4.37663,4093.59,0
1.56732,3503.58,3.3292,0.940008,2.13995,4094.04,0
1.56863,3503.54,3.31051,0.990944,6.78626,4115.7,0
1.56993,3503.55,3.3239,0.940704,5.32261,4109.09,0
1.57124,3503.58,3.28437,0.884055,2.93892,4084.06,0
1.57253,3503.6,3.25922,0.878969,2.1017,4072.16,0
1.57385,3503.55,3.25489,0.959805,6.82213,4097.28,0
1.57515,3503.56,3.23593,0.934557,6.46992,4090.66,0
1.57646,3503.56,3.21998,0.930954,5.49754,4082.02,0
1.57776,3503.59,3.16615,0.986691,3.01485,4061.24,0
1.57908,3503.58,3.11107,0.947213,6.77347,4065.13,0
1.58039,3503.62,2.99721,0.99951,5.38981,4038.56,0
1.58169,3503.6,2.9827,0.992819,7.74593,4048.07,0
1.58299,3503.59,2.97376,0.989437,7.21148,4047.34,0
1.58431,3503.6,2.94576,0.960044,7.21726,4040.69,0
1.58562,3503.59,2.96377,0.914046,6.84668,4042.67,0
1.58691,3503.62,2.98051,0.942992,1.29954,4020.62,0
1.58823,3503.6,3.00216,0.920958,3.75982,4032.28,0
1.58953,3503.61,2.99656,0.883092,2.93635,4022.52,0
1.59082,3503.6,3.00075,0.844092,4.07811,4025.16,0
1.59213,3503.61,2.94557,0.941764,2.83496,4012.17,0
1.59344,3503.61,2.91435,1.00341,3.01726,4008.91,0
1.59475,3503.6,2.89201,0.916598,5.78188,4010.68,0
1.59607,3503.6,2.88425,0.905342,5.89367,4009.42,0
1.59739,3503.61,2.86398,0.835047,6.37997,4003.04,0
1.59869,3503.58,2.88338,0.781864,9.00423,4015.81,0
1.6,3503.58,2.90003,0.779583,6.89838,4012.55,0
1.60131,3503.59,2.95619,0.777602,3.12204,4004.56,0
1.60261,3503.57,3.02447,0.785323,3.0354,4013.56,0
1.60392,3503.54,3.04094,0.740028,6.3427,4027.66,0
1.60522,3503.59,3.02521,0.708897,0.422896,3994.63,0
1.60651,3503.58,3.00946,0.672072,1.70143,3993.48,0
1.60782,3503.6,2.9467,0.780144,0.855965,3980.94,0
1.60913,3503.6,2.88754,0.860919,1.51941,3975.65,0
1.61042,3503.55,2.96475,0.877565,4.93731,4003.1,0
1.61173,3503.53,2.98986,0.882995,5.46823,4011.58,0
1.61305,3503.56,2.95837,0.900124,3.13321,3993.4,0
1.61436,3503.5,3.02034,0.946867,7.58083,4026.74,0
1.61566,3503.52,3.02139,0.927596,4.40668,4013.8,0
1.61696,3503.51,3.041,0.929892,4.59901,4016.68,0
1.61828,3503.48,2.99516,0.962077,8.58829,4028.55,0
1.61959,3503.44,3.0184,0.988432,10.6549,4048.16,0
1.62089,3503.46,3.0143,1.01514,6.51019,4035.47,0
1.62218,3503.45,2.97571,1.0185,7.51925,4034.76,0
1.62349,3503.44,2.95746,1.03941,8.86647,4040.39,0
1.62481,3503.41,2.98076,1.04568,9.88397,4055.25,0
1.62612,3503.41,2.97392,1.02396,8.01123,4052.15,0
1.62743,3503.43,2.94208,1.03424,6.18782,4039.03,0
1.62873,3503.42,2.9616,1.03132,5.7282,4039.99,0
1.63004,3503.39,2.9521,1.07225,8.88516,4056.9,0
1.63133,3503.38,2.91275,1.09529,9.51713,4058.82,0
1.63262,3503.38,2.89926,1.08393,7.63586,4052.51,0
1.63394,3503.4,2.92074,1.06173,3.26889,4038.07,0
1.63525,3503.4,2.89022,1.05637,4.08034,4033.31,0
1.63657,3503.39,2.93287,1.07032,4.04279,4041.87,0
1.63788,3503.36,2.93334,1.04306,6.16368,4051.69,0
1.63919,3503.38,2.95809,1.05408,2.64469,4040.98,0
1.64051,3503.37,3.01163,1.0877,0.833959,4041.29,0
1.64181,3503.32,2.99558,1.09387,7.08967,4066.53,0
1.64311,3503.33,3.00674,1.0876,5.54922,4061.14,0
1.64442,3503.35,3.05171,0.992571,1.63607,4043.96,0
1.64571,3503.32,3.11443,0.986611,3.13369,4058.86,0
1.64702,3503.31,3.14537,0.919021,3.92403,4061.95,0
1.64831,3503.29,3.12252,0.867629,7.7886,4073.7,0
1.64961,3503.29,3.11799,0.789697,7.17842,4067.39,0
1.65091,3503.27,3.11069,0.808849,8.29633,4073.82,0
1.65221,3503.21,3.07151,0.764455,5.58142,4109.39,0
1.65351,3503.2,3.06397,0.790586,6.79145,4115.48,0
1.65484,3503.15,3.0558,0.786026,1.16221,4138.77,0
1.65613,3503.13,3.13875,0.731531,0.682629,4147.26,0
1.65742,3503.1,3.11437,0.732636,5.90283,4162.56,0
1.65875,3503.11,3.09289,0.704799,5.89165,4156.63,0
1.66005,3503.08,3.17703,0.706925,5.56101,4169.4,0
1.66136,3503.06,3.22909,0.706491,4.07056,4174.69,0
1.66267,3503.02,3.23637,0.717014,9.08417,4197.68,0
1.66397,3503.07,3.21248,0.696947,2.20239,4163.17,0
1.66526,3503.07,3.19876,0.714003,2.32961,4158.85,0
1.66656,3503.07,3.21079,0.700883,1.67546,4156.33,0
1.66786,3503.07,3.1841,0.648589,3.78316,4154.57,0
1.66917,3503.02,3.19855,0.64982,8.8762,4179.22,0
1.67048,3503.02,3.20514,0.622032,9.1902,4180.55,0
1.67179,3503.07,3.17782,0.59972,2.45645,4144.98,0
1.67308,3503.07,3.20116,0.615018,0.753536,4139.97,0
1.67439,3503.07,3.13757,0.641545,3.37965,4137.01,0
1.6757,3503.05,3.16464,0.613134,5.28816,4146.99,0
1.67701,3503.02,3.14253,0.597223,9.24789,4162.44,0
1.67832,3503,3.1416,0.615891,10.2708,4171.7,0
1.67964,3502.99,3.13014,0.588875,10.2842,4173.84,0
1.68091,3502.98,3.10238,0.608305,9.7757,4174.63,0
1.68223,3503.02,3.12966,0.613533,2.44317,4150.38,0
1.68355,3503.02,3.06611,0.675318,3.89025,4143.31,0
1.68488,3503.01,3.03616,0.680353,5.27419,4145.74,0
1.68618,3503.03,3.0258,0.648882,3.1512,4131.21,0
1.68747,3503.03,3.04614,0.618636,2.67045,4129.2,0
1.68877,3502.98,3.06504,0.624931,8.05669,4154.4,0
1.69008,3503.01,3.15231,0.606685,0.225453,4137.18,0
1.69139,3503.03,3.04479,0.651525,1.06044,4118.67,0
1.69269,3503.06,2.93148,0.773207,1.70601,4102.57,0
1.69399,3503.05,2.89383,0.754402,4.8415,4104.9,0
1.69532,3503.03,2.89889,0.74542,6.32694,4110.84,0
1.69663,3502.99,2.94945,0.714026,8.7079,4129.22,0
1.69792,3502.99,2.92302,0.714871,9.29509,4130.91,0
1.69921,3502.99,2.94065,0.686552,6.58014,4124.45,0
1.7005,3502.99,2.9408,0.693695,5.05138,4121.97,0
1.70178,3502.98,2.93871,0.695178,6.79759,4127.69,0
1.70308,3502.99,2.91844,0.747632,4.06925,4115.41,0
1.7044,3502.98,2.89777,0.791796,6.46259,4121.06,0
1.70571,3502.99,2.89624,0.760724,4.73926,4110.84,0
1.707,3502.98,2.97779,0.714246,2.75176,4113.63,0
1.70829,3502.98,2.91735,0.707765,4.82391,4107.45,0
1.70962,3502.96,3.01819,0.720942,3.35892,4118.51,0
1.71092,3502.94,3.05266,0.622782,5.31916,4126.3,0
1.71223,3502.9,3.05193,0.657498,10.368,4149.09,0
1.71354,3502.86,3.03,0.684895,2.92327,4165.87,0
1.71485,3502.84,3.0708,0.680186,3.79612,4175.38,0
1.71614,3502.85,3.05562,0.624284,3.71336,4167.55,0
1.71743,3502.86,3.07099,0.604493,1.81173,4159.34,0
1.71873,3502.81,3.08691,0.626239,7.6709,4185.8,0
1.72004,3502.78,3.10005,0.642648,9.59046,4200.42,0
1.72135,3502.74,3.10527,0.553112,2.49455,4218.44,0
1.72266,3502.76,3.06364,0.528238,2.22591,4205.34,0
1.72396,3502.71,3.17026,0.552823,2.65886,4227.13,0
1.72528,3502.71,3.18746,0.51637,2.09976,4224.13,0
1.72657,3502.72,3.09877,0.5915,5.48435,4219.16,0
1.72788,3502.73,3.0371,0.590276,5.4175,4205.25,0
1.72916,3502.72,3.0169,0.581664,7.91134,4211.95,0
1.73048,3502.7,2.99849,0.571941,9.97491,4219.37,0
1.73178,3502.76,2.9729,0.595622,1.09965,4181.95,0
1.73309,3502.74,2.90187,0.573376,6.93454,4188.61,0
1.73439,3502.73,2.91186,0.569172,6.85036,4189.76,0
1.73568,3502.75,2.92762,0.568041,3.94971,4179.74,0
1.73699,3502.71,2.93072,0.556106,8.57049,4196.47,0
1.7383,3502.73,2.90489,0.573901,6.29016,4183.61,0
1.73963,3502.73,2.91169,0.566722,4.62411,4177.57,0
1.74093,3502.71,2.93276,0.558216,6.63517,4187.96,0
1.74223,3502.7,2.96025,0.596938,5.48279,4190.85,0
1.74354,3502.69,2.99167,0.580385,4.54468,4191.91,0
1.74485,3502.68,3.00135,0.66025,4.10465,4193.83,0
1.74616,3502.66,2.99381,0.65816,6.67461,4200.94,0
1.74749,3502.67,3.0171,0.647799,4.04172,4193.5,0
1.74882,3502.6,3.01184,0.659029,1.52705,4229.65,0
1.75014,3502.55,3.06809,0.653967,5.74629,4254.45,0
1.75145,3502.57,3.08135,0.652491,2.43598,4242.67,0
1.75276,3502.55,3.04919,0.696985,7.01567,4253.08,0
1.75407,3502.54,3.05618,0.756343,6.18466,4252.91,0
1.75537,3502.56,3.06145,0.696277,4.05568,4241.24,0
1.75666,3502.57,3.06577,0.692187,0.794985,4227.82,0
1.75797,3502.53,3.10102,0.709684,5.32933,4250.32,0
1.75926,3502.51,3.09462,0.692847,6.90414,4255.15,0
1.76056,3502.51,3.08004,0.661292,7.38944,4253.57,0
1.76185,3502.53,3.05431,0.692548,3.99199,4237.76,0
1.76315,3502.51,3.01335,0.697279,8.47607,4245.87,0
1.76448,3502.45,2.99535,0.666212,7.59134,4280.76,0
1.76578,3502.49,2.97131,0.64982,1.18033,4252.49,0
1.76709,3502.46,2.98068,0.673261,4.35172,4265.07,0
1.76837,3502.47,2.94893,0.684693,4.46242,4257.37,0
1.76968,3502.48,2.88783,0.634047,6.8738,4248.74,0
1.77099,3502.49,2.8926,0.635305,4.74914,4242.07,0
1.7723,3502.46,2.89984,0.60778,8.12863,4256.42,0
1.77361,3502.44,2.88696,0.627789,9.13304,4261.39,0
1.77491,3502.46,2.86388,0.602592,6.65023,4246.55,0
1.77622,3502.51,2.76748,0.571014,4.49835,4216.76,0
1.77752,3502.47,2.77183,0.576414,8.62113,4233.45,0
1.77883,3502.49,2.76803,0.535536,5.8525,4221.07,0
1.78014,3502.48,2.78229,0.485368,6.00724,4222.23,0
1.78145,3502.45,2.78085,0.498866,9.46595,4236.32,0
1.78275,3502.42,2.74527,0.471131,3.91274,4249.9,0
1.78406,3502.4,2.81653,0.470441,3.82324,4261.35,0
1.78538,3502.39,2.82934,0.416536,4.29485,4261.48,0
1.7867,3502.36,2.87019,0.399595,6.3104,4274.35,0
1.78799,3502.34,2.86332,0.388863,9.31045,4283.49,0
1.78931,3502.28,2.86161,0.40613,7.44404,4316.27,0
1.79063,3502.31,2.85126,0.408201,2.15619,4295.97,0
1.79194,3502.28,2.80716,0.444548,8.27668,4307.6,0
1.79323,3502.24,2.82828,0.408351,1.12017,4325.05,0
1.79455,3502.25,2.82444,0.395903,0.68431,4319.99,0
1.79585,3502.19,2.83576,0.441644,7.9035,4347.26,0
1.79714,3502.2,2.82992,0.446535,6.10337,4340.83,0
1.79844,3502.2,2.88537,0.483181,2.02214,4339.34,0
1.79974,3502.18,2.91669,0.535029,2.32019,4346.5,0
1.80104,3502.15,2.96127,0.507761,3.71634,4356.95,0
1.80233,3502.12,2.97969,0.533532,7.85053,4373.35,0
1.80364,3502.08,2.96801,0.533914,1.63408,4390.81,0
1.80494,3502.07,2.94981,0.449644,5.30413,4393.01,0
1.80623,3502.08,2.96637,0.369249,2.62996,4382.92,0
1.80756,3502.11,2.89958,0.42325,2.23783,4365.97,0
1.80885,3502.1,2.88205,0.420444,4.36774,4366.09,0
1.81013,3502.08,2.97098,0.410589,1.63259,4374.28,0
1.81144,3502.03,3.09073,0.421125,2.31632,4400.96,0
1.81276,3502.06,3.02503,0.418333,1.80097,4381.17,0
1.81409,3502.03,2.985,0.424034,8.73723,4394.85,0
1.8154,3502.06,2.97398,0.418469,2.55674,4372.23,0
1.81671,3502.06,2.94615,0.401508,4.57346,4369.28,0
1.81803,3502.03,3.0299,0.446262,2.96778,4381.81,0
1.81935,3502.03,3.01236,0.495307,4.6452,4382.55,0
1.82067,3502,2.98195,0.513816,9.37417,4394.11,0
1.82196,3502.02,2.98065,0.466981,5.40798,4379.23,0
1.82327,3502,3.03664,0.533341,4.13711,4387.65,0
1.82459,3502,3.03628,0.575122,4.00066,4386.82,0
1.8259,3501.99,3.03644,0.606248,4.04462,4386,0
1.82721,3501.94,3.13606,0.603923,5.29278,4410.41,0
1.82852,3501.96,3.08323,0.596545,5.90831,4397.83,0
1.82981,3501.97,3.11414,0.677942,0.801833,4389.69,0
1.83111,3501.95,3.11894,0.550693,4.58636,4394.59,0
1.83241,3501.92,3.1629,0.530476,6.19356,4407.51,0
1.83372,3501.93,3.10784,0.537205,8.46815,4401.69,0
1.83502,3501.96,3.09594,0.524649,2.90134,4381.01,0
1.83633,3501.97,3.11314,0.468796,1.31951,4374.99,0
1.83765,3501.94,3.13785,0.431598,3.42372,4384.24,0
1.83895,3501.97,3.09997,0.371012,1.72759,4365.38,0
1.84025,3501.96,3.12614,0.401759,2.0611,4371.26,0
1.84156,3501.91,3.10876,0.378618,9.1263,4390.45,0
1.84287,3501.94,3.11165,0.393882,3.44576,4374.93,0
1.84418,3501.92,3.05572,0.37182,9.32362,4379.53,0
1.84551,3501.94,3.04959,0.347839,5.18716,4365.04,0
1.84684,3501.94,3.03708,0.314295,5.72459,4362.94,0
1.84815,3501.88,3.00492,0.324869,5.05394,4391.07,0
1.84945,3501.87,2.98335,0.360647,8.25626,4396.75,0
1.85076,3501.89,2.97492,0.381681,4.72459,4384.34,0
1.85206,3501.9,2.97876,0.390369,1.90881,4374.85,0
1.85338,3501.89,2.95561,0.42505,4.4256,4378.26,0
1.85469,3501.85,3.00446,0.424627,5.06703,4392.06,0
1.85598,3501.83,2.96628,0.41447,10.7299,4401.2,0
1.85727,3501.81,2.92013,0.446533,4.969,4408.32,0
1.85858,3501.78,2.92749,0.425404,9.00897,4421.51,0
1.8599,3501.73,2.92871,0.414258,6.19957,4447.28,0
1.86119,3501.77,2.88026,0.463177,1.71234,4422.68,0
1.86249,3501.75,2.8889,0.466967,4.54772,4431.23,0
1.86379,3501.71,2.89442,0.449467,9.13764,4446.14,0
1.86511,3501.69,2.85619,0.438265,3.28902,4455.12,0
1.8664,3501.65,2.869,0.444589,8.98264,4475.3,0
1.86771,3501.63,2.88402,0.45297,9.5249,4481.25,0
1.86903,3501.59,2.85755,0.520606,5.91228,4500.78,0
1.87034,3501.58,2.86987,0.565396,5.78795,4504.23,0
1.87164,3501.56,2.85828,0.614863,7.08114,4508.88,0
1.87295,3501.56,2.89317,0.606663,3.16583,4505.44,0
1.87425,3501.56,2.89095,0.621645,2.93222,4503.52,0
1.87555,3501.54,2.93046,0.622904,3.31205,4511.72,0
1.87684,3501.52,2.9747,0.669299,0.892067,4515.9,0
1.87814,3501.51,2.92159,0.686255,7.03873,4519.56,0
1.87947,3501.5,2.94638,0.667488,7.34476,4524.1,0
1.88077,3501.54,2.91293,0.692686,2.08274,4499.44,0
1.88209,3501.51,2.89679,0.714018,6.9391,4509.24,0
1.8834,3501.55,2.86685,0.755768,1.04549,4485.17,0
1.88472,3501.52,2.85571,0.79142,7.28083,4501.83,0
1.88602,3501.5,2.78436,0.786635,4.21034,4508.5,0
1.88733,3501.46,2.78725,0.763955,10.2805,4526.07,0
1.88863,3501.45,2.80087,0.770156,8.02824,4524.97,0
1.88996,3501.44,2.7495,0.742217,3.4033,4530.04,0
1.89127,3501.41,2.76829,0.719704,7.878,4544.36,0
1.89258,3501.38,2.77647,0.737284,9.19582,4554.35,0
1.89388,3501.37,2.79157,0.7568,6.7457,4555.58,0
1.8952,3501.37,2.75812,0.762796,9.49022,4554.87,0
1.89652,3501.33,2.72824,0.774829,5.89227,4571.65,0
1.89783,3501.35,2.7239,0.750702,2.11537,4558.45,0
1.89914,3501.34,2.74124,0.683553,3.51209,4559.45,0
1.90043,3501.31,2.76904,0.685157,7.00335,4573.72,0
1.90174,3501.33,2.73631,0.712521,4.26203,4560,0
1.90304,3501.3,2.71849,0.721038,9.9776,4571.72,0
1.90437,3501.27,2.73343,0.657788,3.17722,4582.71,0
1.90567,3501.25,2.75181,0.619604,5.82599,4589.75,0
1.90699,3501.22,2.81049,0.615891,5.86913,4602.79,0
1.9083,3501.23,2.78228,0.592783,6.18357,4595.68,0
1.9096,3501.23,2.81853,0.591121,1.57149,4590.08,0
1.91091,3501.19,2.8317,0.582129,8.07827,4609.41,0
1.91219,3501.21,2.82612,0.62265,3.4708,4595.78,0
1.91352,3501.16,2.85435,0.618749,9.73997,4620.12,0
1.91479,3501.16,2.90482,0.625595,3.55257,4616.34,0
1.91609,3501.12,2.92742,0.689775,6.91063,4632.97,0
1.9174,3501.14,2.9305,0.758151,2.03295,4622.58,0
1.9187,3501.09,2.99667,0.74076,4.68747,4643.98,0
1.92001,3501.09,2.97115,0.745063,6.03096,4638.32,0
1.9213,3501.11,2.95645,0.822312,2.81537,4628.34,0
1.92261,3501.16,2.88737,0.755165,0.267822,4596.56,0
1.92392,3501.12,2.8887,0.78311,7.23305,4617.08,0
1.92523,3501.08,2.91765,0.787292,10.1119,4634.66,0
1.92651,3501.05,2.91248,0.836922,1.63069,4646.99,0
1.92782,3501.06,2.89035,0.85851,0.695285,4637.12,0
1.92912,3501.07,2.81677,0.975381,1.70156,4627.36,0
1.93044,3501.09,2.76189,0.945672,4.63587,4615.61,0
1.93174,3501.11,2.73682,0.884555,5.33848,4603.58,0
1.93304,3501.11,2.72912,0.890366,5.01053,4599.39,0
1.93434,3501.08,2.72832,0.911648,9.37717,4610.39,0
1.93565,3501.08,2.75531,0.884687,6.65549,4607.59,0
1.93696,3501.1,2.75083,0.901715,2.16028,4595.45,0
1.93827,3501.12,2.73882,0.847269,0.255468,4580.98,0
1.93959,3501.09,2.71219,0.815394,9.40535,4594.85,0
1.94089,3501.07,2.64874,0.784097,6.37242,4599.54,0
1.94219,3501.09,2.66107,0.732116,2.64619,4588.21,0
1.94348,3501.08,2.63774,0.724991,6.52313,4589.76,0
1.94479,3501.06,2.63231,0.730349,9.59868,4594.97,0
1.9461,3501.07,2.61853,0.683866,9.71104,4589.81,0
1.94741,3501.05,2.54314,0.661596,9.40377,4596.21,0
1.94874,3501.09,2.50818,0.71947,2.61871,4573.3,0
1.95007,3501.08,2.47581,0.77453,5.58173,4574.95,0
1.95137,3501.11,2.44119,0.781193,2.04427,4555.78,0
1.95269,3501.05,2.42217,0.806515,3.4298,4584.56,0
1.954,3501.05,2.42843,0.784099,2.64398,4579.87,0
1.95531,3501.01,2.51225,0.720061,4.31303,4597.75,0
1.95663,3500.98,2.52236,0.708414,8.44912,4608.09,0
1.95794,3500.97,2.54893,0.768167,6.0978,4611.75,0
1.95926,3500.99,2.53961,0.743877,3.65705,4600.04,0
1.96056,3500.97,2.53623,0.73888,7.46813,4606.2,0
1.96187,3501,2.5408,0.699592,1.16196,4587.16,0
1.96318,3500.99,2.54763,0.759019,1.33994,4591.71,0
1.96449,3500.99,2.51027,0.737174,4.61924,4586.26,0
1.9658,3501.04,2.44826,0.695435,1.44188,4556.66,0
1.9671,3501.02,2.46604,0.729433,2.59391,4564.17,0
1.96842,3501.01,2.45842,0.69579,7.32973,4569.31,0
1.96973,3500.99,2.46317,0.715578,7.8621,4572.61,0
1.97105,3500.96,2.44226,0.712438,4.64234,4588.49,0
1.97236,3500.95,2.46182,0.748306,3.28982,4590.86,0
1.97368,3500.92,2.42045,0.752771,11.0645,4600.33,0
1.97499,3500.93,2.4486,0.812254,3.19973,4593.12,0
1.9763,3500.95,2.39926,0.789161,5.04199,4580.04,0
1.9776,3500.94,2.40899,0.778474,4.55133,4579.35,0
1.97893,3500.94,2.44096,0.770922,2.64645,4580.25,0
1.98022,3500.92,2.47301,0.828008,0.21146,4585.22,0
1.98151,3500.88,2.42852,0.812514,2.05754,4602.87,0
1.9828,3500.83,2.41332,0.87126,10.5754,4623.44,0
1.98412,3500.83,2.45927,0.826687,6.46365,4622.27,0
1.9854,3500.83,2.45894,0.807409,7.08026,4620.68,0
1.98671,3500.83,2.44331,0.784156,6.8816,4613.39,0
1.988,3500.83,2.45031,0.762759,6.73683,4611.35,0
1.98931,3500.87,2.43752,0.72305,1.24571,4590.24,0
1.99061,3500.86,2.43571,0.696341,4.30779,4591.88,0
1.99194,3500.85,2.41487,0.717321,6.85431,4592,0
1.99323,3500.85,2.41177,0.692086,7.67247,4590.21,0
1.99454,3500.82,2.38629,0.717419,2.9937,4601.56,0
1.99586,3500.83,2.38085,0.707518,2.65029,4596.19,0
1.99717,3500.8,2.42881,0.640956,4.72447,4606.5,0
1.99849,3500.83,2.38831,0.595611,3.61409,4587.73,0
1.99978,3500.8,2.36622,0.591482,12.0826,4599.53,0
2.00111,3500.79,2.35622,0.583595,3.74639,4601.54,0
2.00242,3500.77,2.37118,0.5585,7.95068,4610.94,0
2.00371,3500.75,2.36867,0.558946,11.2894,4617.12,0
2.00502,3500.78,2.3874,0.551632,1.18787,4598.97,0
2.00631,3500.78,2.37862,0.568738,0.658655,4594.49,0
2.00762,3500.77,2.35184,0.553254,6.385,4596.1,0
2.00891,3500.77,2.35821,0.592552,4.59181,4594.08,0
2.01022,3500.78,2.35476,0.596697,2.20325,4585.63,0
2.01152,3500.75,2.36213,0.631619,6.5674,4598.28,0
2.01284,3500.76,2.36498,0.610538,3.86994,4591.97,0
2.01416,3500.82,2.29288,0.520359,0.755575,4557.22,0
2.01545,3500.78,2.27954,0.568602,10.5765,4576.78,0
2.01678,3500.81,2.27576,0.586686,2.10592,4557.73,0
2.01808,3500.82,2.26176,0.617524,0.400167,4550.12,0
2.01938,3500.8,2.22544,0.662814,7.60554,4556.66,0
2.02068,3500.8,2.25185,0.687475,2.27649,4552.46,0
2.02198,3500.82,2.17664,0.745965,5.02428,4540.99,0
2.02329,3500.82,2.15353,0.725753,6.33333,4536.14,0
2.02461,3500.82,2.129,0.72332,8.53047,4534.09,0
2.02591,3500.83,2.08946,0.737105,10.5576,4527.88,0
2.02721,3500.84,2.11994,0.723995,4.75815,4520.73,0
2.02851,3500.83,2.10563,0.714999,6.56695,4519.42,0
2.0298,3500.78,2.16521,0.671464,0.916671,4541.54,0
2.0311,3500.73,2.16014,0.717299,10.656,4563.04,0
2.03241,3500.72,2.11288,0.713518,8.74266,4568.14,0
2.03371,3500.68,2.08737,0.751667,6.16019,4581.57,0
2.03502,3500.64,2.11079,0.731404,3.04408,4601.86,0
2.03632,3500.6,2.10935,0.793893,8.80936,4617.22,0
2.03764,3500.61,2.10912,0.781599,5.25317,4607.15,0
2.03896,3500.59,2.12685,0.795816,7.18947,4616.53,0
2.04026,3500.57,2.18158,0.772905,4.58025,4621.86,0
2.04158,3500.57,2.18067,0.807188,3.84746,4621.01,0
2.04288,3500.58,2.14743,0.772348,7.16368,4613.05,0
2.04417,3500.6,2.12524,0.739022,6.5198,4600.69,0
2.0455,3500.62,2.11208,0.73224,1.71646,4584.07,0
2.04681,3500.59,2.13417,0.750347,4.28489,4594.96,0
2.0481,3500.6,2.09011,0.759335,8.82722,4591.94,0
2.04941,3500.56,2.09731,0.769767,3.9567,4608.01,0
2.05073,3500.57,2.10609,0.70122,1.11947,4597.53,0
2.05204,3500.56,2.08577,0.748761,4.32997,4601.02,0
2.05335,3500.54,2.03012,0.77687,3.15254,4608.09,0
2.05465,3500.46,2.05333,0.782853,6.75012,4643.26,0
2.05595,3500.47,2.07221,0.789138,0.370884,4635.91,0
2.05727,3500.42,2.1291,0.774322,5.65384,4658.59,0
2.05857,3500.46,2.06853,0.771711,4.23648,4635.41,0
2.05987,3500.48,2.0372,0.738819,5.3091,4622.9,0
2.06116,3500.42,2.02627,0.737823,8.20581,4646.09,0
2.06248,3500.41,2.02709,0.765774,8.20807,4647.92,0
2.06377,3500.38,2.08419,0.735996,9.18918,4662.22,0
2.06508,3500.33,2.1067,0.74594,3.39582,4681.54,0
2.06638,3500.28,2.15729,0.737342,7.81279,4701.79,0
2.06768,3500.28,2.17629,0.693083,6.26324,4700.07,0
2.06899,3500.24,2.23674,0.711177,6.12892,4719.46,0
2.0703,3500.23,2.22445,0.761499,6.93098,4720.04,0
2.07162,3500.22,2.23182,0.730267,8.98198,4721.92,0
2.07293,3500.18,2.22808,0.733642,4.53955,4735.45,0
2.07424,3500.16,2.23947,0.763134,7.08913,4744.79,0
2.07554,3500.15,2.28036,0.778805,2.16004,4747.86,0
2.07683,3500.11,2.29842,0.792794,6.41128,4763.24,0
2.07814,3500.07,2.32324,0.799354,9.0276,4776.75,0
2.07945,3500.04,2.31746,0.784808,6.97639,4790.8,0
2.08075,3500.03,2.32233,0.778134,7.24584,4790.85,0
2.08204,3500.01,2.35959,0.786611,4.54531,4797.36,0
2.08333,3499.98,2.3601,0.792002,10.549,4809.87,0
2.08465,3499.96,2.3994,0.806752,5.48548,4815.98,0
2.08596,3499.97,2.37767,0.833674,5.54712,4810.42,0
2.08728,3499.87,2.37285,0.870828,3.083,4853.57,0
2.08859,3499.89,2.37318,0.791812,4.02045,4842.74,0
2.0899,3499.87,2.34511,0.820374,11.3974,4848.74,0
2.09121,3499.88,2.30907,0.757658,6.96498,4839.93,0
2.09253,3499.84,2.3329,0.785201,9.44532,4856.03,0
2.09385,3499.84,2.33115,0.841473,5.00027,4852.47,0
2.09515,3499.88,2.28815,0.86636,0.970811,4830.32,0
2.09645,3499.82,2.29569,0.835778,4.54216,4857.42,0
2.09776,3499.74,2.29012,0.80722,3.29418,4893.16,0
2.09907,3499.71,2.28128,0.833711,8.40652,4901.31,0
2.10037,3499.67,2.34361,0.844372,5.97236,4919.53,0
2.10167,3499.62,2.37629,0.863923,8.53015,4938.2,0
2.10298,3499.58,2.38847,0.801789,8.57236,4956.95,0
2.10427,3499.58,2.40619,0.742997,6.11852,4949.57,0
2.10558,3499.55,2.3862,0.731537,6.59038,4962.27,0
2.10689,3499.6,2.34766,0.72414,3.88639,4938.47,0
2.10819,3499.58,2.35216,0.795285,2.71854,4944.64,0
2.10951,3499.55,2.3713,0.786275,4.34483,4953.59,0
2.11081,3499.55,2.40636,0.674112,2.58732,4948.71,0
2.11212,3499.57,2.37158,0.656709,6.38212,4938.89,0
2.11344,3499.59,2.36666,0.621814,3.65977,4926.29,0
2.11473,3499.57,2.35673,0.683124,6.52936,4932.45,0
2.11603,3499.56,2.36796,0.656218,7.48853,4933.2,0
2.11733,3499.58,2.34507,0.739482,3.05816,4923.3,0
2.11864,3499.6,2.33043,0.675254,4.17128,4909.28,0
2.11994,3499.59,2.2726,0.673528,5.44824,4908.78,0
2.12124,3499.57,2.27424,0.713434,7.43221,4916.95,0
2.12256,3499.54,2.26793,0.755887,1.65024,4928.73,0
2.12386,3499.52,2.24728,0.785299,8.52382,4936.4,0
2.12516,3499.47,2.30682,0.798526,5.55321,4954.27,0
2.12645,3499.48,2.29083,0.786384,6.35306,4945.28,0
2.12777,3499.46,2.29842,0.822736,6.95851,4954.49,0
2.12907,3499.48,2.28303,0.767914,9.03614,4942.35,0
2.13038,3499.46,2.25824,0.73994,9.05829,4949.43,0
2.13166,3499.43,2.25386,0.76862,1.56355,4957.09,0
2.13297,3499.38,2.22514,0.748265,9.65877,4978.17,0
2.13426,3499.38,2.26466,0.702194,4.4153,4977.84,0
2.13556,3499.38,2.25753,0.709209,5.19066,4974.55,0
2.13685,3499.39,2.25239,0.710571,2.56171,4965.22,0
2.13814,3499.37,2.20815,0.699577,5.98101,4970.39,0
2.13943,3499.35,2.19376,0.704614,13.2018,4976.39,0
2.14074,3499.33,2.16387,0.698236,0.775223,4983.75,0
2.14206,3499.28,2.23054,0.606148,2.86265,5002.57,0
2.14334,3499.28,2.2241,0.60735,4.13907,4999.55,0
2.14466,3499.26,2.19473,0.645378,3.13054,5008.58,0
2.14595,3499.23,2.23848,0.599842,2.78943,5019.1,0
2.14723,3499.18,2.28631,0.597178,3.36585,5039.39,0
2.14855,3499.2,2.24761,0.583024,7.4902,5026.24,0
2.14987,3499.22,2.2083,0.643973,7.22072,5012.89,0
2.15116,3499.21,2.18335,0.655618,1.77523,5013.89,0
2.15245,3499.23,2.13748,0.647839,10.0961,5004.72,0
2.15376,3499.22,2.10577,0.63525,7.38455,5003.22,0
2.15508,3499.23,2.12554,0.629813,0.879361,4998.13,0
2.1564,3499.21,2.0647,0.577992,0.214008,5004.22,0
2.15771,3499.19,2.05355,0.587493,6.32963,5008.63,0
2.159,3499.19,2.05957,0.632333,2.48594,5009.17,0
2.16031,3499.16,2.03118,0.620102,2.2981,5015.61,0
2.16162,3499.14,2.00513,0.61235,3.87197,5023.34,0
2.16292,3499.08,2.01298,0.638812,2.28379,5046.73,0
2.16422,3499.11,1.96001,0.654877,7.31585,5030.63,0
2.16554,3499.1,1.93608,0.644162,7.15252,5034.52,0
2.16684,3499.1,1.91691,0.673286,8.16332,5030.17,0
2.16815,3499.07,1.91206,0.681588,4.40242,5039.95,0
2.16946,3499.01,1.88799,0.65461,7.01899,5063.96,0
2.17076,3498.97,1.88362,0.62584,10.7632,5083.15,0
2.17207,3498.96,1.90392,0.61041,6.76127,5083.28,0
2.17337,3498.94,1.84789,0.627311,5.01198,5090.86,0
2.17465,3498.93,1.85511,0.620325,5.85936,5092.03,0
2.17596,3498.88,1.89265,0.597598,8.92095,5110.37,0
2.17728,3498.86,1.9103,0.537322,1.54021,5114.88,0
2.17858,3498.84,1.88196,0.505619,8.76298,5123.22,0
2.17988,3498.87,1.85592,0.489484,8.10822,5104.77,0
2.18119,3498.84,1.85243,0.513494,2.98592,5114.7,0
2.1825,3498.83,1.82518,0.506788,4.85127,5117.51,0
2.1838,3498.79,1.80263,0.535374,9.45389,5133.4,0
2.18511,3498.76,1.82084,0.49299,3.51499,5144.89,0
2.18641,3498.74,1.78845,0.515717,6.88056,5151.56,0
2.18772,3498.73,1.7501,0.496798,11.8851,5150.13,0
2.18903,3498.73,1.75399,0.508417,9.76023,5150.37,0
2.19034,3498.71,1.75353,0.510159,14.4689,5155.7,0
2.19167,3498.65,1.78217,0.520384,6.19425,5177.33,0
2.19297,3498.64,1.74826,0.502351,1.96265,5181.27,0
2.19429,3498.61,1.71273,0.485143,2.80496,5191.35,0
2.19558,3498.6,1.67255,0.488993,8.50684,5192.05,0
2.19687,3498.56,1.65038,0.465043,9.27368,5208.67,0
2.1982,3498.59,1.60543,0.463488,5.74381,5189.1,0
2.1995,3498.56,1.5962,0.463979,8.32776,5202.19,0
2.20077,3498.55,1.58853,0.437399,6.53094,5204.74,0
2.20209,3498.52,1.54735,0.442413,7.00809,5211.13,0
2.2034,3498.49,1.50396,0.411709,5.88857,5225.89,0
2.20469,3498.49,1.44939,0.424172,5.66757,5220.85,0
2.20599,3498.46,1.43525,0.410826,1.36918,5232.79,0
2.2073,3498.44,1.39982,0.377476,6.48676,5238.54,0
2.20861,3498.42,1.35592,0.352838,11.6303,5243.8,1
2.20993,3498.41,1.30733,0.421704,2.63094,5244.47,1
2.21123,3498.34,1.32096,0.410106,6.84152,5271.28,1
2.21253,3498.33,1.28256,0.465184,5.06322,5272.39,2
2.21384,3498.37,1.22894,0.371537,7.06906,5252.14,2
2.21516,3498.37,1.19772,0.380971,10.4879,5250,2
2.21646,3498.35,1.17824,0.423767,7.64775,5255.4,2
2.21779,3498.31,1.13966,0.381082,6.77509,5270.93,2
2.2191,3498.29,1.09155,0.410415,3.98519,5278.96,2
2.22042,3498.29,1.05858,0.375658,11.4859,5275.39,2
2.22173,3498.26,1.03795,0.342699,6.3856,5284.09,2
2.22303,3498.22,1.02588,0.302567,12.1924,5298.12,2
2.22432,3498.18,0.998443,0.2315,5.27624,5313.83,2
2.22562,3498.18,0.961063,0.223593,1.04178,5312.84,2
2.2269,3498.2,0.875883,0.21886,9.17359,5299.27,2
2.22821,3498.15,0.836332,0.227926,3.77341,5319.29,2
2.22953,3498.09,0.794405,0.156617,6.36291,5342.98,3
2.23085,3498.11,0.715833,0.165851,8.75925,5329.54,3
2.23217,3498.08,0.683948,0.112996,1.02585,5340.72,3
2.23349,3498.04,0.612577,0.0872659,9.54886,5353.9,3
2.23481,3498.01,0.54669,0.117691,8.11807,5363.7,3
2.2361,3497.97,0.47738,0.11894,7.64004,5381.6,3
2.23738,3497.98,0.399585,0.106631,10.683,5372.07,5
