0.00130378,3509.93,6.20766,-5.32694,4.68589,50607.4,0
0.00262608,3509.95,6.25351,-5.3553,2.83019,20577.9,0
0.00393218,3509.91,6.23503,-5.35523,4.71764,21690.4,0
0.00523094,3509.93,6.24008,-5.38977,2.97583,13138.7,0
0.0065738,3509.93,6.18887,-5.34904,3.79875,10105.9,0
0.00787908,3509.96,6.20211,-5.31348,2.13059,4660.12,0
0.00918887,3509.94,6.20967,-5.30577,3.29163,6420.49,0
0.010497,3509.96,6.25728,-5.33965,0.974422,3541.57,0
0.011788,3509.96,6.26428,-5.34964,0.474514,3070.87,0
0.0130813,3509.95,6.16988,-5.31221,2.97787,3924.48,0
0.0143964,3509.95,6.18181,-5.29434,2.92543,3691.4,0
0.0157363,3509.93,6.27519,-5.31571,2.21058,4267.77,0
0.017036,3509.91,6.35727,-5.38293,1.47526,5108.02,0
0.0183397,3509.91,6.27795,-5.22378,4.02221,4637.49,0
0.0196512,3509.97,6.23183,-5.25267,0.967568,1627.65,0
0.0209573,3509.93,6.31124,-5.19873,2.47791,3163.95,0
0.0222245,3509.94,6.27884,-5.35482,1.02585,2915.42,0
0.0235197,3509.93,6.18837,-5.33897,2.80141,3108.23,0
0.0248097,3509.91,6.22791,-5.39823,2.53687,3647.58,0
0.0261128,3509.9,6.31484,-5.43577,1.44103,3795.08,0
0.0274172,3509.89,6.26257,-5.45233,2.33185,3934.31,0
0.0287355,3509.86,6.25008,-5.45953,4.51445,5036.26,0
0.0300327,3509.84,6.23463,-5.44571,5.50995,5374.11,0
0.0313613,3509.9,6.19313,-5.41693,2.32939,3104.6,0
0.0326841,3509.88,6.30027,-5.37292,3.048,3806.42,0
0.0340115,3509.87,6.28264,-5.37617,3.43979,3791.6,0
0.0353098,3509.86,6.34385,-5.38432,3.17233,4001.36,0
0.0366101,3509.87,6.32776,-5.28959,3.83682,3660.93,0
0.0379086,3509.85,6.29045,-5.30448,5.15749,4083.91,0
0.0392061,3509.83,6.26868,-5.27681,5.92423,4273.49,0
0.0405215,3509.84,6.23774,-5.28793,5.1502,3951.11,0
0.0418332,3509.91,6.26035,-5.24396,1.11775,2268.33,0
0.0431433,3509.88,6.30395,-5.29573,1.33652,2765.88,0
0.0444524,3509.84,6.26943,-5.2582,4.09998,3527.21,0
0.0457689,3509.82,6.32862,-5.29908,3.94453,3887.18,0
0.0470761,3509.84,6.30291,-5.3742,2.25772,3406.39,0
0.0483837,3509.86,6.21613,-5.36545,2.39786,2971.91,0
0.0496866,3509.83,6.15973,-5.32392,4.86735,3370.33,0
0.0509682,3509.83,6.14161,-5.30934,5.045,3330.04,0
0.0522654,3509.9,6.10349,-5.30696,0.741639,1823.7,0
0.0535744,3509.85,6.05545,-5.31683,4.43745,2769.43,0
0.0548943,3509.93,6.02489,-5.29503,0.163001,1295.54,0
0.0562179,3509.84,6.15004,-5.26504,4.28207,2854.11,0
0.0575197,3509.85,6.13083,-5.32075,3.13702,2636.35,0
0.0588242,3509.86,6.10884,-5.30625,2.47756,2319.65,0
0.0601301,3509.86,6.13113,-5.30503,2.38636,2360.66,0
0.0614508,3509.87,6.14013,-5.23012,2.12465,2064.93,0
0.0627475,3509.91,5.93993,-5.22017,2.60674,1483.2,0
0.0640665,3509.94,5.93729,-5.15944,1.50968,1011.46,0
0.0653852,3509.88,6.04222,-5.14502,3.87559,1871.28,0
0.0666733,3509.93,5.94461,-5.23221,1.03743,1096.41,0
0.0679994,3509.97,5.76877,-5.25174,0.0458572,384.772,0
0.0693191,3509.97,5.71134,-5.22021,0.992426,363.204,0
0.0706438,3509.92,5.76135,-5.19225,3.62244,1062.14,0
0.0719634,3509.9,5.7586,-5.21489,4.72039,1386.55,0
0.0732731,3509.84,5.79661,-5.1933,7.56629,2165.09,0
0.0745869,3509.85,5.77625,-5.18285,6.54899,2017.97,0
0.075898,3509.84,5.80193,-5.17057,6.13653,2051.36,0
0.0771685,3509.82,5.78559,-5.20655,6.36168,2284.33,0
0.0784818,3509.83,5.77751,-5.18404,5.57695,2118.77,0
0.0797799,3509.83,5.83205,-5.1875,5.04831,2176.92,0
0.0810705,3509.81,5.83432,-5.16072,5.70635,2321.72,0
0.0823873,3509.81,5.81331,-5.16687,5.6479,2362.47,0
0.0836958,3509.76,5.81568,-5.16531,8.15087,2913,0
0.085,3509.83,5.85107,-5.16943,2.30626,1977.6,0
0.0862922,3509.81,5.75006,-5.2606,3.96142,2227.67,0
0.0875952,3509.82,5.8782,-5.31598,0.914336,2090.44,0
0.0889122,3509.74,5.90149,-5.3463,4.67977,2872.04,0
0.0902123,3509.72,5.86525,-5.33316,5.93761,3064.8,0
0.0915216,3509.71,5.88101,-5.33554,6.23734,3203.5,0
0.0928443,3509.72,5.90357,-5.31975,4.47032,3014.96,0
0.0941591,3509.75,5.83573,-5.37426,2.80931,2663.87,0
0.0954878,3509.73,5.81064,-5.45443,3.2944,2823.96,0
0.0967874,3509.75,5.88841,-5.41075,1.44674,2553.68,0
0.0981089,3509.72,5.96841,-5.3621,2.88693,2856.08,0
0.0994011,3509.73,5.98368,-5.26677,2.9245,2694.9,0
0.10071,3509.72,6.01686,-5.20464,3.71929,2775.12,0
0.10203,3509.71,6.03711,-5.27229,3.11974,2825.02,0
0.103332,3509.74,6.0148,-5.20848,2.05291,2482.8,0
0.104642,3509.73,6.01029,-5.28972,1.99236,2587.12,0
0.105942,3509.69,6.00945,-5.30983,4.06899,2961.23,0
0.107253,3509.7,5.95167,-5.27443,4.11007,2779.18,0
0.108546,3509.69,5.96018,-5.25028,4.70554,2883.56,0
0.10984,3509.65,5.92831,-5.25993,6.80482,3197.3,0
0.111145,3509.67,5.91816,-5.21918,5.48769,3007.56,0
0.112468,3509.66,5.9166,-5.20916,5.60887,3040.27,0
0.113766,3509.67,6.00405,-5.23976,3.13428,2895.42,0
0.115057,3509.65,6.009,-5.23741,3.97265,3023.29,0
0.11636,3509.71,5.95329,-5.16807,1.85253,2509.55,0
0.117686,3509.67,5.95358,-5.12727,4.20705,2791.64,0
0.119008,3509.7,5.96555,-5.20632,1.43238,2551.47,0
0.120313,3509.67,6.03171,-5.22957,1.7522,2719.96,0
0.12162,3509.69,6.07179,-5.20784,0.485607,2569.39,0
0.122912,3509.64,6.06625,-5.26815,2.69607,2921.8,0
0.124221,3509.62,6.11173,-5.38708,1.83466,3055.02,0
0.125545,3509.58,6.13565,-5.43924,3.39451,3355.96,0
0.126843,3509.62,6.06586,-5.45492,1.6733,3019.58,0
0.12816,3509.63,6.00642,-5.4078,1.91743,2848.42,0
0.129472,3509.59,5.99112,-5.37628,4.97426,3155.24,0
0.13076,3509.62,6.00339,-5.34646,3.13352,2929.63,0
0.132085,3509.6,6.11723,-5.3011,3.13999,3056.91,0
0.133399,3509.66,6.03541,-5.30324,0.200756,2546.84,0
0.134686,3509.59,6.01097,-5.2966,4.82431,3054.74,0
0.135999,3509.59,5.96078,-5.29196,4.88979,3016.14,0
0.137284,3509.59,5.9556,-5.33843,3.74875,2967.86,0
0.138582,3509.57,5.9705,-5.31087,5.03415,3121.14,0
0.139883,3509.58,5.97121,-5.28932,3.98913,3000.27,0
0.141186,3509.59,5.89936,-5.27114,4.32207,2904.3,0
0.142479,3509.58,5.9075,-5.2813,4.19675,2919.25,0
0.143769,3509.55,5.94613,-5.24551,5.7953,3145.78,0
0.145073,3509.54,5.92473,-5.24611,5.70275,3179.97,0
0.146379,3509.53,5.92418,-5.21498,6.00413,3198.06,0
0.14767,3509.53,5.93154,-5.21607,5.36529,3178.13,0
0.148956,3509.55,5.95515,-5.20199,3.97035,3049.96,0
0.150247,3509.54,6.00536,-5.25261,2.93698,3065.26,0
0.151539,3509.53,6.04181,-5.20132,3.37437,3091.44,0
0.152832,3509.48,5.97468,-5.23154,6.5793,3388.54,0
0.154127,3509.47,5.98949,-5.19968,6.28208,3414.57,0
0.155433,3509.45,6.02235,-5.20934,6.77864,3537.17,0
0.156751,3509.46,6.01143,-5.19943,5.43064,3430.42,0
0.15806,3509.5,6.02748,-5.23964,2.37978,3188.68,0
0.159373,3509.49,5.9934,-5.30762,2.2842,3195,0
0.160681,3509.53,5.8526,-5.31229,1.66675,2936.47,0
0.16199,3509.5,5.80096,-5.25149,4.50788,3074.51,0
0.163292,3509.5,5.77486,-5.29567,4.31206,3068.05,0
0.164604,3509.52,5.77312,-5.24439,3.53484,2932.78,0
0.165916,3509.45,5.70244,-5.27398,7.43296,3284.92,0
0.167223,3509.48,5.73713,-5.29705,4.53401,3136.74,0
0.16851,3509.54,5.80317,-5.2295,0.635774,2756.72,0
0.1698,3509.49,5.86646,-5.32511,1.26505,2988.15,0
0.171088,3509.45,5.9216,-5.41046,1.82229,3185.53,0
0.172407,3509.39,5.92941,-5.38616,5.6832,3542.21,0
0.173696,3509.38,5.94625,-5.39727,5.27423,3544.86,0
0.17498,3509.4,5.94778,-5.34337,4.42891,3413.23,0
0.176294,3509.39,5.96206,-5.33625,4.78909,3481.43,0
0.177599,3509.47,6.02686,-5.20153,0.131787,2978.24,0
0.178901,3509.43,6.08718,-5.19686,1.7468,3173.88,0
0.180201,3509.38,6.12502,-5.20128,3.92547,3413.61,0
0.181516,3509.38,6.13136,-5.20269,4.33349,3442.32,0
0.182813,3509.36,6.1386,-5.26399,3.81211,3491.69,0
0.184116,3509.31,6.14883,-5.26782,6.19061,3735.23,0
0.185425,3509.41,6.15964,-5.2402,0.118269,3206.65,0
0.186721,3509.33,6.18786,-5.18923,4.8204,3585.36,0
0.188001,3509.3,6.20109,-5.20363,6.08269,3724.21,0
0.189307,3509.37,6.18715,-5.23742,1.51517,3348.08,0
0.190601,3509.3,6.36475,-5.24086,3.15016,3679.02,0
0.191919,3509.36,6.32338,-5.22525,0.179733,3351.99,0
0.193227,3509.28,6.30801,-5.21967,4.84324,3705.11,0
0.194536,3509.32,6.34659,-5.29442,0.981468,3504.91,0
0.195839,3509.26,6.33356,-5.24757,5.4293,3800.38,0
0.197133,3509.3,6.30532,-5.20433,3.53464,3566.64,0
0.19843,3509.25,6.3383,-5.30189,4.5858,3767.98,0
0.199726,3509.2,6.34804,-5.32109,6.98473,4014.47,0
0.201006,3509.19,6.33403,-5.26795,7.32054,4047.4,0
0.202319,3509.17,6.31888,-5.25719,7.74263,4126.46,0
0.203602,3509.18,6.32879,-5.22266,6.55282,4050.88,0
0.204906,3509.14,6.33267,-5.2186,7.79365,4199.59,0
0.206218,3509.16,6.33665,-5.19079,6.12205,4087.36,0
0.207537,3509.13,6.35198,-5.18566,6.76386,4173.58,0
0.208834,3509.13,6.34432,-5.20532,6.43007,4184.55,0
0.210115,3509.18,6.31831,-5.19401,2.97819,3882.19,0
0.211436,3509.17,6.3997,-5.19737,2.82991,3940.46,0
0.212737,3509.15,6.36994,-5.20613,3.8877,3984.1,0
0.214025,3509.16,6.3382,-5.1884,4.15476,3936.99,0
0.215326,3509.17,6.40048,-5.09378,3.3341,3847.1,0
0.216616,3509.12,6.36098,-5.12956,6.56382,4066.77,0
0.217919,3509.13,6.33885,-5.12969,5.50232,3994.7,0
0.219193,3509.16,6.28654,-5.10218,4.23953,3818.8,0
0.220518,3509.17,6.34963,-5.13308,2.3724,3758.23,0
0.221822,3509.17,6.35241,-5.1356,2.2632,3749.61,0
0.223116,3509.17,6.29845,-5.18767,2.55783,3742.41,0
0.224433,3509.13,6.28698,-5.18695,4.8053,3880.57,0
0.225746,3509.15,6.31987,-5.20439,2.82467,3781.3,0
0.227055,3509.12,6.43337,-5.26497,2.13449,3889.65,0
0.228352,3509.09,6.51049,-5.26457,2.61895,3986.12,0
0.229658,3509.09,6.49507,-5.21145,3.55552,3969.11,0
0.230963,3509.1,6.57398,-5.1764,1.83406,3883.69,0
0.232238,3509.07,6.62003,-5.2096,2.63993,3998.62,0
0.233539,3509.07,6.57744,-5.18055,3.74986,3996.94,0
0.234844,3509.07,6.58152,-5.17845,3.56566,3969.95,0
0.236162,3509.03,6.58178,-5.16408,5.29899,4089.78,0
0.237471,3509.06,6.5057,-5.23114,3.52426,3938.94,0
0.23878,3509.08,6.4747,-5.2769,2.44044,3854.27,0
0.240086,3509.11,6.39588,-5.24748,1.78536,3694.4,0
0.241405,3509.13,6.24009,-5.32487,2.22158,3622.53,0
0.242694,3509.11,6.21458,-5.39394,2.84975,3680.9,0
0.243987,3509.09,6.20406,-5.42312,3.41506,3718.65,0
0.2453,3509.06,6.31618,-5.44619,3.71932,3843.81,0
0.24662,3509.03,6.34394,-5.4671,4.5281,3922.79,0
0.247938,3509.07,6.32484,-5.44848,2.73147,3770.97,0
0.249245,3509.04,6.33457,-5.52558,3.21376,3853.98,0
0.250556,3509.05,6.30874,-5.4009,4.24646,3783.27,0
0.25187,3509.05,6.29454,-5.38995,4.12977,3757.2,0
0.253188,3509.01,6.26424,-5.36113,6.96089,3901.35,0
0.254508,3509.02,6.26264,-5.3432,6.29581,3870.02,0
0.255819,3509.02,6.23322,-5.4039,4.84212,3818.64,0
0.257108,3509.03,6.19562,-5.42989,4.64892,3787.2,0
0.258403,3509.01,6.1625,-5.45225,5.50811,3823.46,0
0.259694,3509.02,6.17296,-5.45336,4.00137,3758.24,0
0.261012,3509.02,6.1777,-5.45694,4.30196,3766.32,0
0.262314,3508.99,6.19991,-5.45119,5.33813,3845.54,0
0.263622,3508.96,6.21589,-5.44186,6.44426,3926.92,0
0.264946,3508.94,6.21083,-5.44923,7.07296,3991.8,0
0.266252,3508.96,6.19723,-5.4633,5.20074,3906.64,0
0.267541,3508.95,6.19677,-5.4398,5.60159,3926.5,0
0.268845,3508.95,6.22837,-5.43223,4.30126,3906.05,0
0.270143,3508.91,6.22586,-5.4429,6.05161,4021.69,0
0.27145,3508.92,6.21995,-5.39243,5.4292,3964.36,0
0.272747,3508.95,6.21,-5.37044,4.1916,3866.77,0
0.274061,3508.91,6.23482,-5.34128,5.89517,3962.17,0
0.275363,3508.99,6.2128,-5.35044,0.886772,3671.88,0
0.276666,3508.92,6.17585,-5.25619,6.71047,3905.42,0
0.277968,3508.91,6.19871,-5.24083,6.1771,3914.22,0
0.279292,3508.89,6.14089,-5.21112,7.75205,3987.88,0
0.280601,3508.85,6.13411,-5.17793,8.98034,4092.58,0
0.281917,3508.84,6.15891,-5.19767,6.99744,4103.5,0
0.283207,3508.82,6.15119,-5.20326,7.46381,4163.51,0
0.284505,3508.82,6.12963,-5.17577,7.09247,4142.67,0
0.28581,3508.79,6.13807,-5.18554,7.45198,4227.31,0
0.287136,3508.78,6.12334,-5.17425,7.60152,4264.38,0
0.288427,3508.8,6.15322,-5.16296,4.76439,4143.37,0
0.289739,3508.85,6.10067,-5.17898,2.44741,3984.6,0
0.291051,3508.78,6.08305,-5.09801,7.54194,4187.56,0
0.292373,3508.77,6.13487,-5.14375,6.18651,4216.97,0
0.293669,3508.83,6.21727,-5.15805,0.619061,3999.23,0
0.294967,3508.8,6.24,-5.05054,3.02106,4061.14,0
0.296281,3508.78,6.21161,-5.04121,4.92344,4121.76,0
0.297581,3508.78,6.24598,-5.08687,3.75325,4102.27,0
0.29888,3508.77,6.30323,-5.06703,3.66964,4121.87,0
0.300192,3508.75,6.38472,-5.12151,2.81899,4165.8,0
0.301491,3508.74,6.41739,-5.06359,3.5867,4184.69,0
0.302796,3508.68,6.40048,-5.02784,7.2317,4344.97,0
0.304099,3508.7,6.38178,-5.01925,6.32267,4289.73,0
0.305408,3508.71,6.38198,-5.06981,4.44891,4236.75,0
0.306732,3508.75,6.32847,-5.09571,1.79039,4069.7,0
0.308041,3508.77,6.29693,-5.0517,1.77548,4002.04,0
0.309352,3508.74,6.36065,-5.16174,1.08574,4078.74,0
0.310662,3508.66,6.35225,-5.17379,6.02757,4327.75,0
0.311949,3508.64,6.36845,-5.23649,5.29107,4344.02,0
0.313246,3508.67,6.36305,-5.24936,3.13752,4250.2,0
0.314562,3508.7,6.40565,-5.20349,1.15429,4139.55,0
0.31588,3508.63,6.43565,-5.24267,4.46779,4342.77,0
0.317177,3508.61,6.41123,-5.30028,4.927,4388.02,0
0.31847,3508.61,6.39179,-5.29272,4.63516,4360.07,0
0.31977,3508.57,6.36957,-5.27353,6.89952,4457.4,0
0.321066,3508.55,6.35296,-5.29193,7.76306,4525.89,0
0.322372,3508.56,6.36066,-5.2757,5.97615,4463.88,0
0.323694,3508.57,6.36925,-5.23873,4.92301,4402.88,0
0.324991,3508.55,6.3509,-5.23516,6.26478,4454.42,0
0.3263,3508.64,6.28846,-5.27524,0.606871,4168.74,0
0.327599,3508.54,6.34642,-5.30719,5.3966,4451.82,0
0.328903,3508.52,6.34235,-5.28323,6.74252,4509.03,0
0.3302,3508.49,6.36811,-5.26067,6.84268,4570.33,0
0.33151,3508.52,6.3641,-5.18751,5.06706,4449.57,0
0.332826,3508.54,6.35695,-5.12849,4.76476,4391.6,0
0.334123,3508.55,6.37176,-5.16435,2.89709,4338.01,0
0.335431,3508.55,6.28809,-5.23631,3.39436,4331.64,0
0.336722,3508.54,6.29971,-5.23716,3.46999,4334.45,0
0.338037,3508.52,6.29926,-5.26391,4.31803,4384.61,0
0.339351,3508.54,6.41237,-5.19936,1.45812,4287.91,0
0.340673,3508.55,6.4256,-5.13675,1.402,4243.91,0
0.341989,3508.51,6.35895,-5.22572,3.7236,4345.3,0
0.343296,3508.5,6.37211,-5.21179,4.41782,4370.35,0
0.344597,3508.49,6.39448,-5.21707,4.52173,4393.23,0
0.345898,3508.51,6.42507,-5.20556,2.26211,4304.57,0
0.347182,3508.53,6.44124,-5.1844,1.24285,4246.22,0
0.34849,3508.51,6.35696,-5.24584,2.84531,4278.1,0
0.349805,3508.46,6.40029,-5.25499,4.99429,4402.32,0
0.351127,3508.52,6.36385,-5.28477,1.02007,4220.36,0
0.352417,3508.47,6.53855,-5.31901,0.919133,4343.48,0
0.353721,3508.44,6.50277,-5.34107,2.80255,4401.47,0
0.355004,3508.44,6.47707,-5.43135,1.82922,4383.4,0
0.35631,3508.45,6.40333,-5.40035,2.83483,4343.01,0
0.35761,3508.43,6.52122,-5.37328,2.57684,4383.74,0
0.358908,3508.42,6.50397,-5.36565,3.88588,4409.75,0
0.360207,3508.49,6.47345,-5.28923,0.66605,4197.01,0
0.361518,3508.47,6.43728,-5.19588,3.25714,4219.15,0
0.362837,3508.45,6.43677,-5.13933,5.26073,4276.73,0
0.364137,3508.52,6.41645,-5.05791,1.94143,4066.84,0
0.365446,3508.52,6.39507,-5.00983,2.98135,4063.25,0
0.366765,3508.49,6.47975,-5.01108,2.86093,4106.87,0
0.368059,3508.53,6.41241,-5.00434,1.71292,3999.87,0
0.369374,3508.5,6.51222,-4.94324,2.77291,4067.67,0
0.37067,3508.54,6.39168,-4.91306,2.48999,3948.53,0
0.37196,3508.53,6.37537,-4.88509,3.52898,3957.72,0
0.373256,3508.54,6.38541,-4.86555,2.58691,3904.63,0
0.374558,3508.52,6.38927,-4.89019,3.57059,3949.06,0
0.375863,3508.52,6.4283,-4.97742,1.76901,3937.15,0
0.37719,3508.49,6.42989,-4.95312,3.59787,3994.18,0
0.37849,3508.51,6.38843,-4.93091,3.40162,3946.72,0
0.379798,3508.51,6.40957,-4.945,2.44958,3921.49,0
0.381089,3508.49,6.42717,-4.9342,3.29372,3949.5,0
0.382391,3508.52,6.45751,-4.91752,1.45925,3875.52,0
0.383691,3508.47,6.55286,-4.94104,2.68836,3986.82,0
0.385015,3508.47,6.56604,-4.97268,2.06534,3981.28,0
0.386335,3508.47,6.52532,-4.93949,2.80577,3955.91,0
0.387645,3508.44,6.53927,-4.96626,3.82272,4013.1,0
0.388938,3508.4,6.57945,-4.96609,6.0313,4125.28,0
0.390249,3508.41,6.56989,-4.99716,4.77526,4078.55,0
0.391566,3508.44,6.55733,-4.98128,2.90577,3983.52,0
0.392878,3508.39,6.53638,-4.95961,6.15467,4095.85,0
0.394182,3508.42,6.52919,-4.99031,3.71748,4020.61,0
0.395485,3508.44,6.46799,-4.98676,3.17958,3950.86,0
0.396793,3508.46,6.45235,-5.00002,1.93605,3888.18,0
0.39808,3508.42,6.42513,-4.95802,5.21272,3968.18,0
0.399391,3508.43,6.40412,-4.95948,4.65407,3935.85,0
0.400678,3508.43,6.40356,-4.9856,3.91843,3918.81,0
0.401968,3508.44,6.3988,-5.0473,2.56499,3885.96,0
0.403272,3508.43,6.45443,-5.10564,1.15733,3884.89,0
0.404579,3508.45,6.43806,-5.05929,0.649882,3825.55,0
0.405887,3508.38,6.50715,-5.13419,3.22548,3992.06,0
0.407185,3508.38,6.46265,-5.19751,2.70806,3968.08,0
0.408492,3508.32,6.48878,-5.28255,4.76812,4102.32,0
0.4098,3508.37,6.4316,-5.26772,2.62773,3973.04,0
0.411116,3508.35,6.45977,-5.35688,2.21573,4012.97,0
0.412441,3508.33,6.47528,-5.27632,4.1637,4044.41,0
0.413741,3508.35,6.51589,-5.30156,2.01838,3990.61,0
0.415053,3508.36,6.4128,-5.31154,2.57386,3942.71,0
0.416363,3508.31,6.47195,-5.32459,4.567,4056.47,0
0.417649,3508.34,6.53066,-5.32431,1.70724,3986.11,0
0.418954,3508.39,6.43538,-5.22275,0.941355,3844.86,0
0.420279,3508.38,6.39846,-5.20671,2.18439,3850.82,0
0.421582,3508.38,6.42518,-5.14385,2.51808,3839.38,0
0.422874,3508.37,6.42723,-5.18578,2.75054,3859.79,0
0.424188,3508.36,6.37683,-5.19263,4.10119,3875.19,0
0.425505,3508.35,6.33563,-5.15304,5.27407,3877.89,0
0.426828,3508.36,6.36014,-5.1296,4.54272,3849.2,0
0.428156,3508.36,6.34644,-5.18887,3.55686,3828.68,0
0.429466,3508.36,6.30458,-5.20664,3.93659,3819.61,0
0.430774,3508.36,6.34768,-5.16322,3.49586,3802.37,0
0.432085,3508.37,6.39648,-5.13015,2.29403,3763.13,0
0.433392,3508.36,6.40965,-5.10559,3.11263,3783.16,0
0.434706,3508.32,6.48719,-5.16243,3.66841,3865.83,0
0.435994,3508.3,6.55407,-5.21318,3.26613,3908.65,0
0.437281,3508.29,6.61517,-5.21515,2.66697,3918.05,0
0.438576,3508.26,6.67379,-5.22269,3.53143,3975.82,0
0.439887,3508.24,6.74983,-5.18921,3.57197,4002.5,0
0.441198,3508.24,6.75795,-5.39851,0.620396,3995.95,0
0.442516,3508.16,6.78096,-5.34913,5.39962,4147.55,0
0.443828,3508.19,6.72238,-5.36108,4.48177,4081.5,0
0.445144,3508.17,6.70642,-5.3528,5.56737,4102.94,0
0.446434,3508.15,6.69962,-5.36058,6.215,4145.65,0
0.447741,3508.15,6.68347,-5.33004,6.44377,4136.92,0
0.449075,3508.16,6.69969,-5.33336,4.91807,4108.36,0
0.450361,3508.18,6.62492,-5.37,4.16278,4049.43,0
0.451661,3508.22,6.63441,-5.38046,0.786831,3935.53,0
0.452992,3508.18,6.55219,-5.48798,3.18875,4011.63,0
0.454287,3508.22,6.62476,-5.45814,0.110267,3924.58,0
0.455586,3508.16,6.55996,-5.37729,5.62236,4033.88,0
0.456877,3508.15,6.60428,-5.38983,5.26665,4051.69,0
0.458173,3508.19,6.62409,-5.37018,2.32379,3953.88,0
0.459461,3508.18,6.62206,-5.26179,4.19982,3959.87,0
0.460769,3508.14,6.62586,-5.25991,6.11709,4031.08,0
0.462074,3508.13,6.62699,-5.28679,5.87098,4043.56,0
0.463388,3508.15,6.64025,-5.30185,3.92361,3999.85,0
0.464701,3508.17,6.681,-5.22493,2.90335,3945.82,0
0.465995,3508.19,6.66906,-5.30029,0.49145,3884.04,0
0.467322,3508.14,6.66037,-5.3129,3.44379,3970.15,0
0.468631,3508.15,6.68017,-5.28142,3.00789,3945.4,0
0.469941,3508.18,6.68763,-5.17311,2.36168,3871.81,0
0.471261,3508.17,6.68545,-5.24658,2.10419,3883.96,0
0.472577,3508.11,6.72105,-5.24778,4.86827,3989.9,0
0.473879,3508.09,6.71813,-5.27204,5.57622,4023.41,0
0.475185,3508.09,6.73071,-5.31083,4.65132,4023.18,0
0.476484,3508.13,6.7604,-5.33558,0.581683,3918.26,0
0.477798,3508.08,6.75357,-5.32669,4.05846,4016.59,0
0.479123,3508.08,6.78964,-5.35074,2.83126,3997.69,0
0.480453,3508.09,6.75087,-5.30485,3.45347,3968.89,0
0.481753,3508.12,6.72751,-5.24844,2.39792,3892.51,0
0.483082,3508.1,6.72984,-5.3533,2.1518,3926.28,0
0.484365,3508.06,6.77605,-5.33754,4.01728,3997.58,0
0.485689,3508.13,6.7051,-5.24586,2.06561,3851.34,0
0.486972,3508.05,6.74091,-5.25583,6.32406,4007.99,0
0.488273,3508.06,6.73339,-5.27875,4.57942,3965.45,0
0.489597,3508.04,6.79327,-5.33723,3.94912,3998.75,0
0.49091,3508.06,6.75111,-5.31845,3.79428,3959.28,0
0.492223,3508.09,6.74784,-5.24591,2.43234,3873.62,0
0.493534,3508.09,6.5842,-5.29658,4.36669,3862.76,0
0.494833,3508.09,6.59282,-5.3384,3.78228,3861.07,0
0.496126,3508.08,6.55454,-5.28848,5.40952,3870.34,0
0.497415,3508.11,6.55449,-5.33203,2.3069,3792.13,0
0.498701,3508.13,6.50674,-5.29955,2.28721,3745.42,0
0.499987,3508.12,6.42004,-5.3325,3.88399,3757.78,0
0.501285,3508.14,6.48719,-5.2854,1.78491,3702.6,0
0.502591,3508.12,6.57217,-5.30032,1.34699,3731.92,0
0.503894,3508.13,6.57295,-5.20599,2.55324,3720.86,0
0.505189,3508.18,6.53314,-5.11227,0.843488,3604.02,0
0.506501,3508.17,6.51491,-5.06134,2.46269,3615.33,0
0.507791,3508.15,6.4785,-5.09282,3.74528,3644.62,0
0.5091,3508.18,6.43529,-4.99743,3.32097,3566.88,0
0.510394,3508.2,6.41839,-4.99849,2.39526,3528.35,0
0.511696,3508.18,6.46272,-4.9112,3.76223,3552.48,0
0.512986,3508.18,6.47527,-4.94089,3.08144,3544.87,0
0.514299,3508.17,6.3873,-5.00755,4.51257,3561.88,0
0.515599,3508.17,6.39207,-5.01263,4.15493,3553.4,0
0.516902,3508.22,6.38479,-4.947,1.77382,3450.86,0
0.518213,3508.22,6.3819,-4.9389,1.71085,3440.52,0
0.519521,3508.19,6.37529,-4.94875,3.50268,3483.18,0
0.520833,3508.18,6.34257,-4.99498,3.81849,3490.56,0
0.52213,3508.18,6.34609,-5.00198,3.26112,3484.9,0
0.523426,3508.17,6.38193,-4.95481,3.69023,3488.92,0
0.524729,3508.18,6.36529,-4.92962,3.9646,3475.7,0
0.526045,3508.2,6.39856,-4.94996,1.26218,3418.07,0
0.527348,3508.2,6.2906,-5.04394,2.09913,3418.72,0
0.52865,3508.17,6.29149,-5.04022,3.64636,3454.35,0
0.529941,3508.18,6.19057,-5.0665,4.07898,3425.39,0
0.531233,3508.21,6.22756,-5.0906,1.52446,3374.68,0
0.532556,3508.2,6.29995,-4.97852,2.23004,3379.58,0
0.533871,3508.16,6.20431,-4.9369,6.48366,3438.26,0
0.535175,3508.16,6.18594,-4.92949,6.31509,3440.96,0
0.536489,3508.18,6.16283,-4.96237,4.33585,3400.97,0
0.537787,3508.16,6.20813,-4.96575,4.59374,3430.6,0
0.539074,3508.14,6.19773,-4.961,5.29701,3442.15,0
0.540376,3508.13,6.25119,-4.93505,5.12237,3452.22,0
0.541662,3508.15,6.21675,-4.94633,4.42063,3421.76,0
0.542981,3508.1,6.24553,-4.9677,5.81733,3490.68,0
0.5443,3508.11,6.22994,-4.99066,5.16487,3478.06,0
0.545581,3508.12,6.22262,-5.00602,4.05663,3449.67,0
0.546874,3508.17,6.19781,-4.99305,1.25329,3355.2,0
0.548195,3508.11,6.20971,-5.02307,3.88293,3439.62,0
0.5495,3508.09,6.18092,-5.06538,4.68115,3467.4,0
0.550828,3508.11,6.21235,-4.97908,3.96654,3430,0
0.552136,3508.06,6.1713,-5.00446,6.76732,3512.42,0
0.553442,3508.06,6.14812,-5.0497,5.99015,3511.08,0
0.55475,3508.07,6.13143,-5.05162,4.55424,3471.19,0
0.556067,3508.04,6.09294,-5.03698,7.23579,3525.72,0
0.55738,3508.02,6.11541,-5.04662,6.83904,3556.7,0
0.558696,3508.04,6.16519,-5.05591,3.88882,3515.2,0
0.559979,3508.06,6.13835,-4.99554,3.82565,3472.75,0
0.561297,3508.06,6.19372,-5.07687,1.51485,3464.43,0
0.562612,3508.02,6.19344,-5.12513,3.02674,3515.32,0
0.563932,3508.06,6.10778,-5.13794,1.89619,3446.52,0
0.565228,3508.07,6.13231,-5.09393,1.15429,3413.76,0
0.566535,3508.09,6.06252,-5.13563,0.375983,3371.75,0
0.567835,3508.06,6.04381,-5.11619,3.14241,3424.91,0
0.569138,3508.05,6.17869,-5.11888,1.13375,3425.25,0
0.57044,3508.02,6.27611,-5.01551,2.53236,3462.82,0
0.571734,3508.02,6.22796,-5.10108,2.28105,3458.9,0
0.573038,3507.98,6.26409,-5.00432,5.68153,3524.66,0
0.574353,3507.96,6.30144,-4.98982,5.90524,3550.47,0
0.575662,3507.98,6.31047,-4.93083,4.92418,3517.59,0
0.57698,3507.97,6.34925,-4.92484,3.82295,3512.53,0
0.578278,3507.97,6.35434,-4.87621,4.32508,3508.63,0
0.579587,3507.95,6.31942,-4.88282,5.87696,3540.45,0
0.580904,3507.95,6.31258,-4.86397,5.61212,3528.55,0
0.582177,3507.93,6.34411,-4.88112,5.19995,3548.92,0
0.583474,3507.97,6.3435,-4.84867,2.9678,3485.99,0
0.584758,3507.97,6.43405,-4.77763,1.96122,3471.59,0
0.586056,3507.93,6.55883,-4.79157,2.48076,3538.09,0
0.587366,3507.91,6.52842,-4.85739,2.96747,3552.4,0
0.588686,3507.92,6.47675,-4.77753,4.48417,3540.17,0
0.590003,3507.92,6.46087,-4.7994,3.89997,3520.24,0
0.591308,3507.91,6.47969,-4.73941,5.15612,3536.39,0
0.592613,3507.92,6.49039,-4.7157,4.0894,3507.35,0
0.593944,3507.92,6.48768,-4.69202,3.95835,3493.9,0
0.595241,3507.89,6.46423,-4.7093,5.96118,3540.02,0
0.59654,3507.86,6.48256,-4.6967,6.90513,3585.01,0
0.597845,3507.88,6.51233,-4.64454,4.72836,3538.31,0
0.599143,3507.89,6.50903,-4.64294,4.31858,3526.07,0
0.600438,3507.89,6.49052,-4.60862,4.33955,3507.85,0
0.601728,3507.92,6.46474,-4.58999,2.76305,3449.26,0
0.603018,3507.89,6.48746,-4.5768,4.59617,3497.21,0
0.604325,3507.85,6.5351,-4.56036,6.32003,3559.62,0
0.605632,3507.87,6.5335,-4.54937,4.09105,3508.77,0
0.606938,3507.88,6.51748,-4.57669,3.5616,3491.43,0
0.608228,3507.83,6.50147,-4.56531,6.8044,3565.37,0
0.609522,3507.82,6.51303,-4.54019,6.71997,3573.55,0
0.610815,3507.83,6.52632,-4.5482,4.99445,3554.25,0
0.612116,3507.82,6.54558,-4.56617,4.51866,3560.35,0
0.613439,3507.85,6.53268,-4.55345,2.51759,3499.22,0
0.614751,3507.81,6.51615,-4.62592,4.83865,3569.81,0
0.616049,3507.81,6.46803,-4.60847,5.40935,3559.01,0
0.617347,3507.81,6.45694,-4.64972,4.44488,3546.83,0
0.61865,3507.84,6.45462,-4.6393,2.73497,3498.83,0
0.619929,3507.83,6.38083,-4.69931,3.3632,3493.39,0
0.621247,3507.81,6.38345,-4.69385,5.02213,3529.85,0
0.622567,3507.8,6.33711,-4.72643,5.35338,3526.12,0
0.623867,3507.83,6.28794,-4.66103,5.08175,3478.75,0
0.625169,3507.81,6.26118,-4.65587,6.31256,3500.9,0
0.626455,3507.81,6.27361,-4.66892,5.14614,3493.38,0
0.627756,3507.78,6.28849,-4.71854,5.53856,3529.58,0
0.629057,3507.81,6.25688,-4.71265,3.82758,3479.54,0
0.630369,3507.78,6.27575,-4.73886,5.50701,3529.35,0
0.631657,3507.74,6.25329,-4.73567,7.63556,3573.33,0
0.63296,3507.76,6.27074,-4.72581,5.60039,3545.75,0
0.634271,3507.77,6.25315,-4.7207,4.98281,3522.74,0
0.635573,3507.81,6.27735,-4.7297,1.52597,3451.92,0
0.636866,3507.79,6.25331,-4.76426,2.36298,3465.96,0
0.638172,3507.78,6.26983,-4.78792,2.90512,3486.13,0
0.639459,3507.76,6.26532,-4.84386,3.45722,3506.72,0
0.64076,3507.78,6.27078,-4.92193,0.87345,3468.81,0
0.642064,3507.78,6.20166,-4.93808,1.55584,3457.2,0
0.643361,3507.8,6.13026,-4.84953,2.59766,3419.49,0
0.644662,3507.78,6.1117,-4.75448,4.97759,3436.6,0
0.645983,3507.76,6.11197,-4.73537,6.74794,3472.03,0
0.647272,3507.74,6.14224,-4.723,6.46629,3487.25,0
0.648578,3507.76,6.14966,-4.72508,4.52492,3454.29,0
0.649885,3507.78,6.16906,-4.73517,2.63038,3419.97,0
0.651187,3507.8,6.19697,-4.68371,1.48977,3385.51,0
0.652497,3507.72,6.1772,-4.70755,6.32174,3489.47,0
0.653808,3507.75,6.18839,-4.68104,4.22789,3447.97,0
0.655133,3507.77,6.11695,-4.72692,2.8182,3399.92,0
0.656432,3507.72,6.12914,-4.83228,4.676,3476.25,0
0.65774,3507.73,6.11357,-4.88244,3.08868,3451.23,0
0.659048,3507.7,6.09656,-4.8968,5.03295,3495.05,0
0.660365,3507.71,6.12387,-4.93359,2.96627,3467.9,0
0.661671,3507.65,6.12298,-4.93805,6.75921,3554.43,0
0.662977,3507.63,6.14382,-4.94914,6.56369,3571.76,0
0.664283,3507.64,6.09047,-4.91398,6.64793,3559.05,0
0.665577,3507.63,6.09893,-4.94271,5.87195,3564.6,0
0.666882,3507.63,6.07469,-4.91647,5.8601,3554.96,0
0.668194,3507.68,6.07318,-4.94288,1.75374,3472.65,0
0.669496,3507.66,5.9832,-4.96944,4.37072,3501.07,0
0.67079,3507.62,6.00133,-4.98872,5.60052,3543.14,0
0.672111,3507.63,6.0095,-4.97127,5.25085,3533.2,0
0.673421,3507.61,6.02922,-4.97953,4.98923,3542.72,0
0.674727,3507.6,6.05417,-4.95813,5.20065,3553.57,0
0.676025,3507.59,6.09482,-4.93692,4.83657,3563.18,0
0.677342,3507.57,6.08452,-4.91919,6.26858,3582.34,0
0.678649,3507.58,6.0788,-4.91126,5.0908,3568.32,0
0.679947,3507.55,6.05286,-4.91602,7.04732,3606.05,0
0.681249,3507.54,6.02225,-4.90191,7.32845,3611.6,0
0.68255,3507.55,6.06326,-4.89963,4.6967,3584.73,0
0.683839,3507.56,6.12056,-4.89147,3.33935,3573.09,0
0.68513,3507.57,6.13656,-4.96086,1.25681,3552.86,0
0.686438,3507.55,6.18773,-5.01714,0.628629,3571.49,0
0.687766,3507.52,6.1693,-5.08217,1.63466,3598.77,0
0.689056,3507.5,6.15498,-5.05094,3.94262,3628.01,0
0.690343,3507.52,6.13575,-5.03466,3.10178,3595.92,0
0.691641,3507.54,6.14629,-5.01632,1.66415,3558.97,0
0.692932,3507.52,6.07251,-5.12981,2.28789,3574.24,0
0.694254,3507.51,6.05841,-5.18723,2.39362,3585.11,0
0.695561,3507.5,6.01926,-5.20563,3.49004,3600.52,0
0.69688,3507.5,6.03273,-5.22684,2.68645,3590.53,0
0.698176,3507.49,5.95534,-5.20586,4.90407,3598.71,0
0.699489,3507.48,5.94379,-5.2013,4.99656,3598.78,0
0.700779,3507.48,5.97775,-5.25337,3.9504,3602.24,0
0.702078,3507.52,5.91188,-5.24284,1.97559,3536.8,0
0.703366,3507.49,6.00017,-5.27938,1.39661,3562.46,0
0.704681,3507.48,6.08876,-5.25274,1.23954,3578.04,0
0.705996,3507.48,6.01238,-5.224,3.1152,3574.65,0
0.707298,3507.46,6.08744,-5.20898,3.38172,3597.2,0
0.708579,3507.45,6.16229,-5.2179,2.31351,3601.94,0
0.709874,3507.45,6.09556,-5.27255,2.26439,3587.16,0
0.711173,3507.45,6.07647,-5.25521,3.11176,3587.08,0
0.712479,3507.42,6.02014,-5.26156,5.71436,3623.24,0
0.71377,3507.41,6.0183,-5.24872,6.07836,3632.38,0
0.715085,3507.38,6.03925,-5.21008,7.49781,3668.21,0
0.716388,3507.34,6.02808,-5.20179,8.76764,3710.95,0
0.717728,3507.34,6.02595,-5.19134,7.30106,3703.76,0
0.719029,3507.33,5.98383,-5.18347,7.17121,3707.68,0
0.720338,3507.36,5.96615,-5.19058,5.24026,3667.79,0
0.72163,3507.37,5.90367,-5.20276,4.6752,3641.78,0
0.722936,3507.42,5.82422,-5.19423,2.7038,3566.49,0
0.724237,3507.41,5.79759,-5.23739,2.94544,3572.47,0
0.725546,3507.46,5.76507,-5.15049,1.30229,3497.23,0
0.726832,3507.45,5.72893,-5.13779,3.1361,3512.48,0
0.72815,3507.46,5.74925,-5.10294,2.39558,3489.32,0
0.729444,3507.49,5.62662,-5.04418,3.01272,3439.84,0
0.73075,3507.51,5.6919,-4.98429,1.17254,3404.37,0
0.732041,3507.45,5.65322,-5.03535,4.94734,3478.28,0
0.733346,3507.47,5.68329,-5.05398,2.83525,3452.13,0
0.73465,3507.44,5.68556,-5.00389,5.44829,3488.81,0
0.735967,3507.42,5.69114,-4.95662,6.58654,3508.6,0
0.737267,3507.4,5.69197,-4.94614,7.06324,3523.79,0
0.738576,3507.4,5.69057,-4.94994,6.66236,3524.91,0
0.739857,3507.39,5.66308,-4.92085,6.93714,3528.86,0
0.741173,3507.35,5.65048,-4.91734,8.71197,3577.32,0
0.7425,3507.38,5.68045,-4.94216,4.65894,3534.22,0
0.743801,3507.39,5.69068,-4.92836,3.39235,3507.54,0
0.745113,3507.41,5.62448,-4.98178,2.2474,3475.83,0
0.746432,3507.38,5.71947,-4.93788,2.97257,3505.98,0
0.747738,3507.35,5.71434,-4.93314,5.21751,3543.91,0
0.749035,3507.33,5.72902,-4.90312,6.06474,3563.89,0
0.750344,3507.36,5.7187,-4.88849,3.78632,3520.13,0
0.751653,3507.34,5.7413,-4.8554,4.62687,3532.76,0
0.752961,3507.36,5.82649,-4.85228,1.8633,3503.45,0
0.754274,3507.31,5.85008,-4.83786,4.72869,3562.67,0
0.755587,3507.31,5.82999,-4.82675,5.27284,3562.28,0
0.756886,3507.28,5.80861,-4.80794,7.49851,3597.56,0
0.758197,3507.29,5.74383,-4.79906,7.29473,3576.71,0
0.759493,3507.27,5.77328,-4.78193,7.02429,3589.5,0
0.760801,3507.28,5.83096,-4.76421,5.00543,3577.08,0
0.762113,3507.26,5.81957,-4.76868,5.99206,3598.32,0
0.763426,3507.24,5.80697,-4.78634,6.42414,3617.42,0
0.76474,3507.23,5.82537,-4.81408,5.73684,3622.58,0
0.766042,3507.24,5.80042,-4.83834,4.48877,3601.52,0
0.76734,3507.22,5.78539,-4.864,5.56108,3624.7,0
0.768644,3507.2,5.78566,-4.90387,5.9062,3642.11,0
0.769929,3507.21,5.74143,-4.9223,4.93479,3618.95,0
0.771251,3507.24,5.81647,-4.88686,2.16879,3578.56,0
0.772543,3507.21,5.76158,-4.89144,4.82067,3605.2,0
0.773858,3507.21,5.78552,-4.83914,5.15779,3604.83,0
0.775167,3507.19,5.77792,-4.80612,6.83982,3622.67,0
0.77648,3507.2,5.80458,-4.79628,5.17677,3601.67,0
0.77779,3507.23,5.82805,-4.80108,2.91996,3566.23,0
0.779093,3507.28,5.75809,-4.67789,2.10797,3492.75,0
0.780393,3507.3,5.79518,-4.61729,0.780967,3461.14,0
0.781705,3507.26,5.77875,-4.58881,4.06803,3502.66,0
0.78302,3507.24,5.81431,-4.60863,4.00942,3520.5,0
0.784317,3507.22,5.8024,-4.60689,5.31764,3539.69,0
0.785623,3507.22,5.81754,-4.64921,3.96373,3532.66,0
0.786909,3507.27,5.76065,-4.55821,3.2674,3474.31,0
0.788217,3507.25,5.76248,-4.54676,4.31611,3488.61,0
0.789525,3507.23,5.74578,-4.55355,5.7794,3511.33,0
0.790815,3507.24,5.80276,-4.63103,2.38301,3487.76,0
0.792128,3507.21,5.76182,-4.7286,3.89718,3521.73,0
0.79344,3507.24,5.67022,-4.68401,3.67748,3473.79,0
0.794743,3507.23,5.70602,-4.86564,1.12602,3484.04,0
0.796053,3507.22,5.70806,-4.77459,3.09841,3490.53,0
0.797378,3507.21,5.69086,-4.76097,4.12984,3499.02,0
0.798708,3507.19,5.73507,-4.75855,4.79308,3523.76,0
0.800015,3507.17,5.72739,-4.72992,6.42202,3542.04,0
0.801336,3507.2,5.74542,-4.68014,3.58035,3493.17,0
0.80263,3507.18,5.71532,-4.70268,5.07426,3514.4,0
0.803925,3507.13,5.69612,-4.68793,8.36999,3574.51,0
0.805215,3507.15,5.69005,-4.67729,5.75758,3539.34,0
0.80653,3507.18,5.68186,-4.70168,2.92207,3493.83,0
0.807846,3507.19,5.69687,-4.69088,2.39947,3484.39,0
0.809136,3507.16,5.67826,-4.66758,4.77509,3511.84,0
0.810441,3507.16,5.64692,-4.64313,5.3183,3505.23,0
0.811731,3507.15,5.64414,-4.65778,5.01536,3507.19,0
0.813023,3507.14,5.63673,-4.65552,5.87016,3521.48,0
0.814343,3507.12,5.65973,-4.67668,5.89262,3535.82,0
0.81564,3507.1,5.66182,-4.67525,6.52233,3550.45,0
0.816927,3507.12,5.6511,-4.64679,5.61291,3526.56,0
0.818231,3507.14,5.59166,-4.6425,4.42917,3491.1,0
0.819538,3507.15,5.54855,-4.60678,5.09227,3479.13,0
0.820832,3507.2,5.54262,-4.68667,0.0571331,3409.42,0
0.822145,3507.15,5.53881,-4.70571,3.49528,3466.04,0
0.823451,3507.19,5.51095,-4.6953,0.546272,3406.79,0
0.824758,3507.16,5.5761,-4.65354,2.49501,3444.33,0
0.82608,3507.13,5.5771,-4.62632,5.09531,3479.81,0
0.827383,3507.09,5.55795,-4.61033,7.29552,3511.22,0
0.828704,3507.12,5.55899,-4.64634,4.19887,3476.4,0
0.829993,3507.17,5.55053,-4.53395,2.14348,3408.84,0
0.831295,3507.17,5.49686,-4.59796,1.84149,3399.86,0
0.832617,3507.17,5.49028,-4.61626,1.76252,3397.64,0
0.833919,3507.13,5.3995,-4.71319,5.03316,3445.94,0
0.835226,3507.2,5.35215,-4.69093,0.244641,3348.29,0
0.836535,3507.17,5.31943,-4.67013,3.3906,3380.18,0
0.837847,3507.13,5.31112,-4.68476,6.49602,3430.78,0
0.839166,3507.13,5.30337,-4.7004,5.64714,3418.95,0
0.840464,3507.14,5.30449,-4.69305,4.70516,3403.44,0
0.841755,3507.14,5.28895,-4.67703,5.32024,3400.81,0
0.843082,3507.09,5.2457,-4.65869,8.77744,3452.07,0
0.844393,3507.1,5.21428,-4.66526,7.56415,3439.21,0
0.845706,3507.11,5.21416,-4.69648,5.8282,3422.67,0
0.847012,3507.08,5.24168,-4.71315,6.33785,3447.59,0
0.848302,3507.12,5.22937,-4.68689,3.464,3397.11,0
0.849611,3507.09,5.2356,-4.71625,4.9827,3429.32,0
0.850921,3507.12,5.21816,-4.81175,0.969888,3381.87,0
0.852229,3507.06,5.27361,-4.79325,4.54615,3446.78,0
0.853529,3507.02,5.25837,-4.79887,7.21417,3489.09,0
0.854834,3507.03,5.23449,-4.79447,6.04003,3474.73,0
0.856139,3507.03,5.27075,-4.82356,4.50556,3470,0
0.857445,3507.04,5.25179,-4.79175,4.04303,3448.36,0
0.858747,3507.06,5.28692,-4.72371,3.04044,3420.92,0
0.860055,3507.04,5.28974,-4.66541,5.42261,3442.88,0
0.861379,3507.01,5.31573,-4.65791,6.45684,3466.51,0
0.862684,3507.06,5.31951,-4.57471,4.13404,3409.2,0
0.864,3507.08,5.29918,-4.58445,2.72071,3378.21,0
0.865307,3507.05,5.27224,-4.60063,4.92488,3405.91,0
0.866611,3507.08,5.25707,-4.57632,3.13464,3364.8,0
0.867916,3507.06,5.32829,-4.63945,2.5031,3386.6,0
0.869237,3507.06,5.3137,-4.62698,2.86734,3381.13,0
0.870535,3507.04,5.31935,-4.58803,4.67318,3399.83,0
0.871831,3507,5.29978,-4.59101,7.10773,3440.26,0
0.87313,3506.98,5.29443,-4.62299,7.0547,3460.11,0
0.874443,3506.95,5.32605,-4.6195,7.3333,3486.84,0
0.875766,3507,5.30096,-4.61047,4.21357,3430.47,0
0.877083,3506.99,5.3135,-4.62056,4.17992,3436.84,0
0.878378,3506.95,5.33044,-4.62253,6.38521,3473.9,0
0.879695,3506.96,5.34194,-4.62027,5.2019,3460.25,0
0.880991,3506.97,5.30845,-4.57644,5.32059,3444.63,0
0.882287,3507.01,5.41265,-4.51605,0.863258,3388.24,0
0.883586,3507,5.38178,-4.49059,2.85628,3399.39,0
0.884883,3506.95,5.3658,-4.5361,5.8296,3448.56,0
0.886184,3506.95,5.36833,-4.53693,4.84242,3438.3,0
0.8875,3506.93,5.37516,-4.52402,5.91018,3455.7,0
0.888789,3506.94,5.38004,-4.51364,4.75819,3438.09,0
0.890077,3506.94,5.36254,-4.53105,4.83625,3439.37,0
0.891382,3506.98,5.4096,-4.51979,0.894148,3389.62,0
0.892686,3506.94,5.34948,-4.48975,5.12498,3427.24,0
0.894009,3506.96,5.35052,-4.42108,4.31221,3397.47,0
0.895321,3506.93,5.32388,-4.38639,7.05848,3427.65,0
0.896621,3506.9,5.31044,-4.34187,9.09277,3455.19,0
0.897918,3506.91,5.32416,-4.3478,6.76691,3438.59,0
0.899226,3506.91,5.30042,-4.33581,7.07366,3437.24,0
0.900543,3506.95,5.31322,-4.34843,3.40288,3389.24,0
0.901839,3506.91,5.27677,-4.32088,6.53606,3422.09,0
0.903155,3506.9,5.2842,-4.31595,6.57208,3431.76,0
0.90447,3506.91,5.26093,-4.30519,5.72774,3418.97,0
0.905774,3506.91,5.23809,-4.28554,5.41176,3413.35,0
0.907111,3506.89,5.24655,-4.28832,5.67139,3424.68,0
0.908428,3506.92,5.32112,-4.2616,2.029,3387.07,0
0.909756,3506.87,5.30682,-4.33028,4.93558,3438.16,0
0.911058,3506.91,5.28254,-4.39289,1.45778,3394.7,0
0.91238,3506.89,5.36146,-4.40968,0.578576,3403.37,0
0.913684,3506.88,5.39232,-4.4021,0.743307,3409.39,0
0.91499,3506.84,5.43615,-4.34896,4.23953,3455.5,0
0.916278,3506.82,5.45493,-4.35928,4.64204,3469.11,0
0.917584,3506.8,5.47088,-4.38424,4.77864,3484.72,0
0.918893,3506.75,5.5014,-4.36705,8.10851,3537.44,0
0.920198,3506.75,5.51332,-4.36234,6.49258,3528.16,0
0.921496,3506.82,5.58773,-4.34836,0.122941,3453.87,0
0.922793,3506.75,5.5793,-4.29778,5.69808,3519.83,0
0.924115,3506.77,5.60293,-4.30282,3.32827,3491.73,0
0.925416,3506.77,5.67439,-4.22153,3.33209,3490.04,0
0.926712,3506.79,5.69029,-4.17168,1.97044,3460.29,0
0.928017,3506.77,5.66366,-4.12342,4.62065,3480.09,0
0.929337,3506.83,5.72592,-4.02773,0.231776,3412.71,0
0.93064,3506.76,5.76466,-4.07677,4.04996,3486.06,0
0.931943,3506.78,5.74187,-4.07733,2.80088,3459.67,0
0.933244,3506.77,5.6823,-4.14675,3.60851,3466.35,0
0.934551,3506.82,5.63941,-4.02074,2.21422,3405.86,0
0.935852,3506.78,5.6997,-4.00777,4.24383,3446.02,0
0.937159,3506.77,5.65695,-4.00285,5.04383,3445.88,0
0.938489,3506.75,5.70589,-4.02231,4.87957,3459.7,0
0.939787,3506.82,5.64446,-4.00403,0.843859,3379.11,0
0.941078,3506.78,5.64839,-3.97098,3.98617,3417.61,0
0.942366,3506.8,5.63041,-3.8898,4.0431,3397.21,0
0.943672,3506.79,5.62234,-3.98768,3.53863,3404.04,0
0.944974,3506.79,5.63031,-3.99135,3.23277,3399.98,0
0.946283,3506.81,5.6821,-3.90996,1.3825,3369.06,0
0.947578,3506.84,5.55418,-3.92406,1.74964,3337.32,0
0.948881,3506.83,5.52481,-3.97682,1.90826,3338.47,0
0.950178,3506.78,5.47683,-3.95964,6.33425,3384.18,0
0.951481,3506.78,5.46985,-4.02428,5.35639,3384.46,0
0.952783,3506.77,5.41323,-4.05009,6.25187,3386.34,0
0.954092,3506.74,5.3901,-4.03162,8.52685,3420.14,0
0.9554,3506.75,5.40788,-4.03983,6.47004,3404.22,0
0.956688,3506.77,5.37125,-4.02775,5.04131,3379.56,0
0.957992,3506.79,5.38551,-4.06774,2.29558,3352.42,0
0.959302,3506.82,5.34993,-4.07256,0.563935,3316.47,0
0.960615,3506.75,5.3045,-4.02586,7.3739,3386.09,0
0.961926,3506.75,5.27331,-4.01236,6.79257,3374.84,0
0.963237,3506.72,5.27058,-3.9725,8.94098,3407.79,0
0.964563,3506.7,5.25014,-3.95709,9.64641,3423.06,0
0.965864,3506.74,5.23568,-3.98205,5.12318,3375.82,0
0.967168,3506.74,5.24106,-3.98988,4.09934,3367.44,0
0.968481,3506.76,5.23507,-4.03874,1.47448,3341.83,0
0.969784,3506.73,5.22767,-4.10329,2.78168,3369.45,0
0.971096,3506.71,5.24453,-4.12876,3.80205,3390.61,0
0.972397,3506.7,5.257,-4.13978,3.60768,3393.47,0
0.973696,3506.7,5.2625,-4.15429,3.54637,3394.16,0
0.974996,3506.66,5.27513,-4.17775,5.2841,3424.32,0
0.976301,3506.66,5.27099,-4.20826,4.48763,3419.51,0
0.977624,3506.71,5.18528,-4.1235,3.50917,3364,0
0.978929,3506.69,5.22676,-4.13306,3.99374,3379.56,0
0.980238,3506.73,5.21074,-4.19086,0.662873,3340,0
0.981551,3506.71,5.28183,-4.16582,0.872163,3352.03,0
0.982866,3506.66,5.30604,-4.16698,3.59435,3393.71,0
0.984191,3506.65,5.29329,-4.17641,4.20832,3400.76,0
0.985498,3506.69,5.33804,-4.12223,1.24132,3358.53,0
0.986805,3506.62,5.39362,-4.17888,4.54903,3424.51,0
0.988111,3506.59,5.35563,-4.1563,7.30348,3450.88,0
0.989417,3506.55,5.3601,-4.16168,9.01982,3490.39,0
0.990719,3506.54,5.3342,-4.17342,8.54003,3496.46,0
0.992013,3506.52,5.36126,-4.16466,7.81176,3504.55,0
0.993314,3506.59,5.39769,-4.20413,0.623018,3430.41,0
0.994614,3506.57,5.46484,-4.19737,0.706512,3443.66,0
0.995916,3506.53,5.51612,-4.17919,3.10633,3482.22,0
0.997218,3506.55,5.46956,-4.19403,2.46426,3460.29,0
0.998524,3506.5,5.46428,-4.16795,6.19251,3501.26,0
0.999815,3506.52,5.47526,-4.16363,4.28104,3479.79,0
1.00111,3506.5,5.48632,-4.19769,4.94381,3496.84,0
1.00242,3506.52,5.46809,-4.204,3.03739,3466.64,0
1.00373,3506.52,5.45123,-4.21955,3.10216,3463.54,0
1.00503,3506.55,5.47835,-4.18173,1.21671,3437.07,0
1.00632,3506.55,5.45107,-4.16054,1.30513,3423.36,0
1.00763,3506.49,5.43455,-4.19925,5.92601,3485.26,0
1.00893,3506.46,5.46381,-4.18922,7.1141,3512.88,0
1.01025,3506.48,5.42379,-4.18843,5.24627,3483.51,0
1.01157,3506.54,5.35754,-4.18507,1.9927,3422.12,0
1.01287,3506.52,5.35168,-4.16583,4.06176,3440.03,0
1.01418,3506.53,5.3841,-4.19079,1.98485,3425.46,0
1.01548,3506.47,5.46187,-4.21656,4.55913,3479.73,0
1.01678,3506.48,5.49363,-4.14531,3.52674,3458.01,0
1.01808,3506.46,5.52932,-4.18208,3.64533,3474.23,0
1.01939,3506.44,5.50501,-4.1555,5.82814,3491.8,0
1.02068,3506.43,5.47692,-4.12104,7.15315,3497.41,0
1.02197,3506.43,5.44646,-4.1217,6.65614,3494.25,0
1.02327,3506.4,5.42758,-4.13214,7.96077,3515.75,0
1.02459,3506.39,5.42193,-4.17801,6.96088,3521.4,0
1.0259,3506.37,5.42667,-4.16203,8.18124,3543.03,0
1.0272,3506.39,5.43494,-4.17189,4.80099,3510.92,0
1.02851,3506.38,5.47245,-4.14868,4.94941,3520.28,0
1.02983,3506.33,5.46687,-4.10265,8.29233,3560.44,0
1.03115,3506.36,5.4761,-4.09421,4.7696,3525.35,0
1.03246,3506.38,5.47827,-4.12462,2.89557,3508.19,0
1.03378,3506.38,5.43634,-4.13621,3.60106,3503.47,0
1.03511,3506.35,5.42007,-4.14136,6.01733,3530.5,0
1.03641,3506.33,5.34678,-4.13563,7.29228,3537.17,0
1.03772,3506.34,5.32875,-4.15282,6.09368,3527.42,0
1.03901,3506.32,5.34042,-4.16269,6.59861,3542.08,0
1.04031,3506.32,5.32807,-4.13108,6.07353,3532.68,0
1.04162,3506.29,5.33032,-4.0874,8.38289,3561.88,0
1.04292,3506.31,5.34637,-4.07834,5.64273,3540.63,0
1.04425,3506.36,5.31771,-4.10282,1.44395,3485.85,0
1.04555,3506.29,5.32711,-4.06868,6.9876,3548.57,0
1.04684,3506.28,5.35116,-4.052,6.33882,3550.55,0
1.04812,3506.29,5.34751,-4.0229,6.0472,3541.95,0
1.04943,3506.35,5.35959,-3.98234,1.12736,3479.25,0
1.05071,3506.34,5.30021,-4.01074,2.40863,3480.9,0
1.05202,3506.32,5.32924,-4.01181,3.1891,3495,0
1.05333,3506.33,5.25676,-3.94861,4.78047,3481.3,0
1.05463,3506.36,5.2391,-3.9176,3.17574,3449.35,0
1.05593,3506.37,5.17861,-3.94454,3.54454,3441.44,0
1.05723,3506.38,5.18545,-3.90799,2.79957,3425.43,0
1.05856,3506.39,5.06305,-3.90373,4.41225,3411.07,0
1.05985,3506.36,5.03878,-3.89143,6.45857,3433.38,0
1.06114,3506.32,5.00707,-3.88839,9.04647,3465.76,0
1.06246,3506.3,5.00936,-3.88973,8.98862,3486.91,0
1.06379,3506.29,5.01531,-3.89097,7.15366,3483.99,0
1.06509,3506.34,5.0249,-3.9086,2.51933,3438.51,0
1.0664,3506.29,5.05926,-3.86803,5.67879,3477.33,0
1.0677,3506.28,5.07371,-3.88759,5.62743,3483.05,0
1.06901,3506.27,5.07412,-3.86499,5.78869,3486.46,0
1.0703,3506.3,5.08792,-3.9478,1.80296,3458.27,0
1.07161,3506.3,5.10916,-3.8936,1.85418,3450.76,0
1.0729,3506.29,5.10931,-3.92497,2.25774,3459.23,0
1.07422,3506.25,5.09272,-3.99533,4.02824,3486.98,0
1.0755,3506.29,5.10808,-4.00658,0.72132,3451.64,0
1.07681,3506.27,5.13111,-4.04765,1.17529,3467.85,0
1.07811,3506.28,5.03433,-3.99804,2.87454,3451.29,0
1.07941,3506.26,4.98854,-4.06751,4.08456,3464.53,0
1.08072,3506.3,4.98953,-4.02074,1.69831,3425.15,0
1.08202,3506.29,5.06607,-4.00508,0.72105,3425.26,0
1.08333,3506.28,5.01946,-3.98566,2.97059,3432.66,0
1.08465,3506.29,4.99331,-3.95983,2.86415,3418.75,0
1.08596,3506.3,4.90748,-4.04745,2.68969,3410.87,0
1.08726,3506.3,4.96735,-3.99693,2.05851,3405.23,0
1.08855,3506.28,4.86043,-3.94663,6.13228,3416.03,0
1.08985,3506.27,4.89653,-3.94502,5.56008,3418.38,0
1.09117,3506.27,4.88558,-3.94444,5.42582,3417.68,0
1.09247,3506.25,4.90231,-3.93126,5.73656,3429.42,0
1.09376,3506.25,4.89756,-3.91812,5.89644,3430.9,0
1.09505,3506.22,4.90264,-3.92492,7.4857,3452.63,0
1.09636,3506.23,4.91158,-3.93005,5.15098,3435.65,0
1.09769,3506.21,4.91599,-3.91567,7.01949,3455.89,0
1.09899,3506.21,4.92357,-3.91279,6.29478,3452.44,0
1.10029,3506.27,4.92383,-3.9523,0.303245,3392.53,0
1.1016,3506.23,4.90646,-4.0948,1.52055,3426.52,0
1.1029,3506.21,4.77432,-4.17621,4.03576,3438.01,0
1.1042,3506.2,4.81818,-4.16831,3.34905,3437.79,0
1.1055,3506.22,4.78809,-4.12526,3.28791,3420.02,0
1.1068,3506.17,4.90127,-4.1502,4.12628,3456.04,0
1.10811,3506.15,4.91971,-4.1462,5.81397,3477.74,0
1.10942,3506.08,4.88796,-4.13979,10.5607,3532.5,0
1.11069,3506.08,4.90244,-4.14425,7.56756,3525.31,0
1.11196,3506.09,4.89363,-4.15773,6.24935,3518.51,0
1.11327,3506.08,4.85246,-4.18638,6.8179,3521.73,0
1.11457,3506.08,4.81358,-4.2128,6.49195,3516.69,0
1.11587,3506.05,4.84513,-4.22497,6.60573,3536.83,0
1.11718,3506.05,4.8564,-4.21576,6.09722,3535.47,0
1.11852,3506.07,4.84907,-4.19581,3.8424,3509.55,0
1.11982,3506.09,4.83748,-4.20114,2.46469,3489.26,0
1.12112,3506.14,4.81774,-4.0807,0.877408,3441.28,0
1.12243,3506.12,4.77461,-4.01325,4.72964,3459.42,0
1.12376,3506.18,4.72186,-3.97984,1.34504,3402.51,0
1.12506,3506.12,4.73004,-4.00625,4.89415,3444.79,0
1.12637,3506.15,4.67203,-4.03209,3.52872,3420.42,0
1.12768,3506.07,4.68179,-3.98096,9.88847,3483.97,0
1.129,3506.05,4.70613,-3.98245,8.92443,3497.66,0
1.1303,3506.05,4.70952,-4.01037,6.59093,3490.34,0
1.13163,3506.06,4.68381,-3.98871,5.87436,3479.56,0
1.13293,3506.09,4.70346,-4.00774,2.14766,3449.25,0
1.13425,3506.05,4.74059,-3.9671,5.82279,3486.82,0
1.13555,3506.03,4.73572,-3.99781,5.78003,3492.18,0
1.13684,3505.98,4.73132,-3.99335,8.5803,3533.83,0
1.13815,3505.97,4.69127,-3.98058,8.63722,3537.22,0
1.13946,3505.98,4.67206,-4.00791,6.5719,3524.91,0
1.14078,3506.02,4.68402,-3.97321,3.41833,3489.04,0
1.14208,3506.07,4.62026,-3.89196,1.89108,3440.9,0
1.14338,3506.05,4.69482,-3.86071,2.62763,3456.17,0
1.14466,3506.03,4.71329,-3.91105,3.08239,3470.92,0
1.14597,3506.02,4.69997,-3.89158,4.0002,3471.5,0
1.14729,3506.05,4.705,-3.81309,3.04656,3445.2,0
1.1486,3506.07,4.67166,-3.80802,1.85709,3421.92,0
1.14992,3506.09,4.5915,-3.7443,2.93742,3401.4,0
1.15123,3506.11,4.57865,-3.78704,0.812666,3382.14,0
1.15255,3506.06,4.53672,-3.74771,5.98308,3419.24,0
1.15387,3506.07,4.53895,-3.74906,3.96866,3401.72,0
1.15519,3506.1,4.58321,-3.68557,1.63492,3373.63,0
1.1565,3506.11,4.48281,-3.6217,3.6288,3359.3,0
1.15783,3506.1,4.48261,-3.66786,4.06743,3370.89,0
1.15912,3506.15,4.42268,-3.62907,1.40776,3322.82,0
1.16042,3506.09,4.41797,-3.70284,5.41979,3372.09,0
1.1617,3506.03,4.47778,-3.74891,6.93648,3414.16,0
1.16301,3506.05,4.50571,-3.7603,4.28304,3397.39,0
1.16429,3506.03,4.46307,-3.7431,6.50629,3408.69,0
1.16559,3506.04,4.4894,-3.72184,4.82925,3396.43,0
1.1669,3506.03,4.50311,-3.74597,4.47628,3400.63,0
1.16821,3506,4.50097,-3.72266,6.74528,3420.21,0
1.1695,3506.02,4.47219,-3.77287,4.54627,3402.83,0
1.17081,3506.01,4.52306,-3.84971,3.40136,3412.03,0
1.17212,3506,4.52343,-3.85879,3.71574,3415.49,0
1.17342,3506.01,4.56055,-3.91452,0.941905,3401.87,0
1.17471,3505.98,4.49736,-3.89412,4.84752,3424.11,0
1.17601,3505.95,4.5338,-3.89728,6.17728,3446.91,0
1.17733,3505.95,4.53049,-3.92859,4.65577,3437.98,0
1.17865,3505.96,4.55816,-3.97656,2.46098,3427.46,0
1.17995,3505.96,4.41805,-4.12206,2.41451,3422.18,0
1.18126,3505.99,4.39973,-4.1017,0.624139,3394.38,0
1.18255,3505.98,4.35156,-4.07377,2.80168,3397.75,0
1.18385,3505.96,4.42783,-3.98301,4.57046,3411.02,0
1.18515,3505.94,4.40718,-4.00147,5.48242,3421.94,0
1.18648,3505.94,4.3864,-4.0131,5.74506,3423.73,0
1.18779,3505.97,4.35886,-4.00238,3.42906,3391.38,0
1.18909,3505.98,4.44883,-4.03707,0.633571,3384.74,0
1.1904,3505.91,4.44645,-3.98267,6.63468,3436.91,0
1.19171,3505.9,4.44226,-4.02056,5.79806,3441.82,0
1.19303,3505.94,4.45753,-4.01275,1.17605,3399.3,0
1.19434,3505.92,4.58086,-3.91031,2.22968,3413.5,0
1.19565,3505.91,4.54657,-3.96975,2.51621,3416.69,0
1.19693,3505.96,4.42637,-3.97636,0.835956,3374.85,0
1.19823,3505.95,4.3586,-4.03854,1.58842,3377.1,0
1.19953,3505.93,4.37501,-4.07697,2.23446,3391.82,0
1.20085,3505.95,4.39724,-4.02199,1.21718,3374,0
1.20215,3505.9,4.34728,-4.02363,5.81108,3409.15,0
1.20346,3505.92,4.35025,-3.99792,4.23523,3393.24,0
1.20477,3505.91,4.34191,-3.97904,4.75588,3391.67,0
1.20608,3505.87,4.31101,-3.98679,8.17811,3426.14,0
1.20738,3505.88,4.32703,-4.034,4.30722,3409.11,0
1.20869,3505.91,4.34364,-4.03848,1.81603,3387.22,0
1.20999,3505.86,4.34254,-4.05297,5.31378,3421.79,0
1.21132,3505.83,4.3163,-4.05268,7.39494,3439.98,0
1.21261,3505.8,4.3569,-4.05462,7.66197,3463.82,0
1.21391,3505.81,4.38487,-4.04415,5.52524,3450.66,0
1.2152,3505.82,4.35683,-4.06178,4.66365,3441.92,0
1.21649,3505.87,4.29428,-4.06139,1.4829,3397.37,0
1.21778,3505.89,4.2426,-4.03867,1.0042,3375.62,0
1.2191,3505.84,4.20724,-4.09887,4.42286,3411.81,0
1.2204,3505.84,4.20884,-4.06232,5.2785,3412.8,0
1.2217,3505.82,4.19905,-4.05115,6.49746,3423.66,0
1.223,3505.81,4.19265,-4.0805,5.75098,3423.05,0
1.2243,3505.83,4.18398,-4.04839,4.61736,3404.26,0
1.22561,3505.86,4.17557,-4.08167,1.57974,3378,0
1.22692,3505.81,4.16978,-4.04971,6.20985,3412.55,0
1.22825,3505.79,4.20658,-4.0487,7.20259,3431.39,0
1.22956,3505.79,4.20398,-4.09727,4.89694,3421.18,0
1.23089,3505.79,4.16421,-4.13412,4.68244,3418.28,0
1.2322,3505.8,4.14463,-4.11849,4.24039,3404.93,0
1.2335,3505.79,4.17154,-4.08283,5.51384,3413.29,0
1.23481,3505.84,4.10878,-4.02942,3.30532,3370.23,0
1.23612,3505.8,4.07082,-4.09586,5.63115,3396.56,0
1.23743,3505.78,4.08962,-4.10139,6.24067,3411.21,0
1.23875,3505.79,4.07835,-4.06491,5.53735,3397.3,0
1.24005,3505.76,4.10438,-4.07132,6.85284,3418,0
1.24136,3505.76,4.08332,-4.06705,6.50297,3414.09,0
1.24267,3505.78,4.08163,-4.07072,4.61184,3396.27,0
1.244,3505.77,4.08847,-4.05473,5.01401,3398.81,0
1.24531,3505.81,4.08446,-4.08274,1.10445,3366.49,0
1.2466,3505.79,4.01978,-4.06922,3.83633,3375.73,0
1.2479,3505.8,4.08722,-4.09618,1.07481,3364.64,0
1.24921,3505.77,4.08316,-4.18384,1.88953,3384.88,0
1.25051,3505.77,4.0527,-4.14879,3.44409,3385.73,0
1.25181,3505.8,4.05955,-4.11978,1.07888,3357.86,0
1.25313,3505.78,4.08559,-4.03017,3.70964,3369.2,0
1.25442,3505.78,4.03135,-4.095,2.93639,3361.46,0
1.25573,3505.79,4.03767,-4.03711,3.2787,3353.54,0
1.25703,3505.79,3.99418,-3.99815,4.23596,3345.41,0
1.25833,3505.79,3.97293,-3.98904,4.7304,3346.87,0
1.25963,3505.78,3.94941,-3.97655,5.43056,3348.65,0
1.26096,3505.78,3.92128,-3.96049,6.18862,3348.2,0
1.2623,3505.79,3.92273,-3.9664,4.57017,3335.44,0
1.26363,3505.78,3.91833,-4.00869,4.64546,3340.27,0
1.26494,3505.83,3.87626,-3.96566,1.55454,3294.96,0
1.26623,3505.83,3.9711,-3.93406,0.612914,3294.43,0
1.26753,3505.83,3.97974,-3.90404,0.421638,3286.55,0
1.26883,3505.83,3.91609,-3.95008,1.47943,3290.26,0
1.27015,3505.8,3.92889,-3.92488,3.91417,3308.14,0
1.27146,3505.79,3.84101,-3.96716,5.53476,3313.18,0
1.27277,3505.76,3.821,-3.97683,7.57532,3333.35,0
1.27406,3505.74,3.83113,-3.98826,7.64459,3342.84,0
1.27535,3505.76,3.81588,-3.99761,5.41174,3326.86,0
1.27664,3505.74,3.77118,-4.01394,6.87019,3335.53,0
1.27793,3505.73,3.74609,-4.01559,7.4141,3339.4,0
1.27925,3505.76,3.75458,-4.02137,3.6896,3311.85,0
1.28053,3505.7,3.77187,-4.03723,7.53584,3357.06,0
1.28184,3505.7,3.77024,-4.07537,5.46093,3353.2,0
1.28313,3505.73,3.73452,-4.11675,2.3323,3326.46,0
1.28444,3505.71,3.73262,-4.11205,4.40757,3341.38,0
1.28575,3505.73,3.76701,-4.13657,1.28924,3322.2,0
1.28705,3505.7,3.73254,-4.09949,5.40395,3344.72,0
1.28835,3505.71,3.71008,-4.13327,3.40085,3328.34,0
1.28965,3505.72,3.68209,-4.16254,2.24548,3318.14,0
1.29097,3505.68,3.80077,-4.18458,3.32946,3348.82,0
1.29228,3505.71,3.72765,-4.21173,1.21604,3320.12,0
1.29359,3505.67,3.80659,-4.22015,2.78245,3345.9,0
1.29488,3505.68,3.75816,-4.17962,3.92512,3337.93,0
1.2962,3505.63,3.75291,-4.19775,7.06619,3372.44,0
1.29751,3505.64,3.76905,-4.15259,6.29413,3362.77,0
1.29881,3505.65,3.76796,-4.11259,5.45139,3350.62,0
1.30011,3505.65,3.71607,-4.08977,6.23936,3346.05,0
1.3014,3505.62,3.74139,-4.06302,7.97537,3365.35,0
1.3027,3505.59,3.76111,-4.05982,8.76488,3385.08,0
1.30401,3505.54,3.7322,-4.093,10.7576,3417.33,0
1.30533,3505.55,3.7224,-4.10717,7.60252,3408.87,0
1.30662,3505.57,3.70246,-4.14269,5.07809,3391.69,0
1.30793,3505.59,3.73653,-4.12248,2.36725,3369.88,0
1.30923,3505.6,3.77057,-4.10859,1.51551,3363,0
1.31053,3505.62,3.77739,-3.99662,1.88737,3344.86,0
1.31183,3505.58,3.89503,-3.99567,3.05999,3371.92,0
1.31316,3505.55,3.93003,-3.99575,4.14052,3387.27,0
1.31448,3505.59,3.98425,-3.90147,1.36242,3354.27,0
1.31578,3505.6,3.90663,-3.92307,1.65717,3344.35,0
1.31707,3505.6,3.88505,-3.93383,1.94623,3342.47,0
1.31839,3505.55,3.86624,-3.8762,7.34765,3376.23,0
1.3197,3505.58,3.88402,-3.84323,4.02618,3346.85,0
1.321,3505.57,3.86288,-3.84843,4.81932,3352.3,0
1.32231,3505.57,3.92271,-3.83329,4.05311,3351.45,0
1.32365,3505.58,3.87486,-3.84227,3.61644,3340.51,0
1.32496,3505.59,3.8821,-3.80941,2.8892,3328.36,0
1.32626,3505.56,3.83406,-3.77481,6.78893,3345.72,0
1.32756,3505.59,3.85655,-3.78108,2.9652,3322.27,0
1.32884,3505.53,3.87332,-3.76656,7.77383,3364.75,0
1.33016,3505.53,3.85242,-3.78152,6.93593,3361.62,0
1.33147,3505.52,3.83786,-3.79837,7.06526,3366.93,0
1.33278,3505.56,3.85423,-3.79495,2.59725,3334.12,0
1.33409,3505.51,3.8103,-3.81973,6.44185,3361.91,0
1.3354,3505.51,3.81033,-3.82946,6.11073,3365.55,0
1.33669,3505.51,3.84517,-3.77486,5.52004,3356.33,0
1.338,3505.5,3.86622,-3.79828,5.56002,3366.71,0
1.33929,3505.5,3.85165,-3.79311,5.12219,3362.83,0
1.3406,3505.53,3.81807,-3.72272,3.53584,3332.3,0
1.34189,3505.52,3.7953,-3.77139,4.14488,3338.61,0
1.34321,3505.52,3.77519,-3.77847,4.02247,3333.95,0
1.34451,3505.54,3.78384,-3.81828,1.32473,3318.48,0
1.34583,3505.5,3.86434,-3.82815,2.82784,3342.94,0
1.34713,3505.48,3.85426,-3.8271,4.38587,3353.09,0
1.34843,3505.49,3.88862,-3.79655,3.46743,3344.76,0
1.34972,3505.45,3.88832,-3.76201,6.73169,3367.84,0
1.35103,3505.45,4.00939,-3.81119,3.40001,3367.94,0
1.35233,3505.46,4.04294,-3.82179,1.33373,3357.02,0
1.35364,3505.45,3.95875,-3.83593,4.15484,3364.9,0
1.35495,3505.43,3.95434,-3.79608,6.56726,3376.44,0
1.35623,3505.42,3.94952,-3.79155,6.58054,3377.88,0
1.35753,3505.43,3.91896,-3.79102,5.63598,3368.92,0
1.35884,3505.42,3.89446,-3.7523,6.96028,3371.11,0
1.36014,3505.37,3.92804,-3.74144,9.27131,3402.41,0
1.36146,3505.35,3.96434,-3.74983,9.14351,3417.06,0
1.36276,3505.36,3.95565,-3.75147,6.78782,3403.56,0
1.36409,3505.36,3.97114,-3.7777,5.96005,3402.76,0
1.36541,3505.37,3.90204,-3.78964,5.52139,3390.98,0
1.36673,3505.36,3.91056,-3.76694,6.05884,3397.89,0
1.36804,3505.37,3.91138,-3.87747,1.92164,3384.04,0
1.36936,3505.36,3.90695,-3.88645,2.64685,3388.04,0
1.37066,3505.37,3.93911,-3.81192,2.84464,3380.01,0
1.37196,3505.35,3.89893,-3.8185,4.90349,3392.19,0
1.37325,3505.36,3.90502,-3.85647,2.25364,3377.24,0
1.37456,3505.31,3.88057,-3.84634,6.70617,3408.42,0
1.37587,3505.29,3.86876,-3.82569,7.80888,3420.09,0
1.37715,3505.31,3.88477,-3.82284,5.64616,3407.29,0
1.37845,3505.35,3.87582,-3.83654,1.24921,3373.02,0
1.37973,3505.31,3.84451,-3.80689,5.84115,3397.8,0
1.38103,3505.3,3.81028,-3.76203,8.21198,3406.87,0
1.38231,3505.29,3.79182,-3.79321,7.22675,3410.63,0
1.38362,3505.29,3.82612,-3.78738,5.66884,3406.52,0
1.38491,3505.28,3.83356,-3.77271,5.44435,3405.43,0
1.38621,3505.32,3.78264,-3.81857,1.51694,3373.05,0
1.38751,3505.3,3.7639,-3.85465,3.3305,3388.3,0
1.38882,3505.29,3.78588,-3.81991,4.0296,3388.93,0
1.39012,3505.3,3.81013,-3.8214,2.79301,3382.01,0
1.39143,3505.25,3.8217,-3.82025,6.80904,3414.32,0
1.39274,3505.23,3.84207,-3.82347,7.08903,3423.73,0
1.39404,3505.21,3.89868,-3.83446,6.75843,3434.32,0
1.39535,3505.21,3.85906,-3.86827,5.79035,3430.55,0
1.39665,3505.19,3.87197,-3.87786,6.99165,3446.87,0
1.39794,3505.2,3.88234,-3.86215,4.01646,3430.37,0
1.39924,3505.25,3.85168,-3.79973,1.59493,3394.12,0
1.40056,3505.24,3.82857,-3.82239,2.12524,3395.28,0
1.40187,3505.25,3.82364,-3.81511,2.13974,3390.86,0
1.40318,3505.2,3.89803,-3.83097,4.17953,3419.48,0
1.4045,3505.21,3.96227,-3.79761,2.89633,3414,0
1.40581,3505.16,3.91838,-3.79652,7.4063,3442.41,0
1.40711,3505.17,3.91202,-3.77905,5.91126,3431.4,0
1.40842,3505.16,3.86831,-3.81037,6.13855,3433.59,0
1.40974,3505.12,3.91038,-3.81901,8.40745,3462.87,0
1.41105,3505.09,3.85504,-3.83832,9.15374,3476.87,0
1.41235,3505.06,3.91807,-3.81066,8.99377,3496.63,0
1.41365,3505.05,3.91988,-3.80411,8.28167,3502.83,0
1.41494,3505.03,3.91089,-3.75889,9.43776,3511.52,0
1.41624,3505.04,3.90666,-3.7921,6.56353,3503.87,0
1.41756,3505.01,3.87592,-3.77219,9.17541,3521.72,0
1.41886,3504.99,3.86922,-3.77142,8.84247,3533.35,0
1.42017,3504.98,3.87761,-3.77337,6.9643,3531.86,0
1.42149,3505,3.85348,-3.80194,4.86561,3518.38,0
1.4228,3505.04,3.78981,-3.81282,1.71858,3484.69,0
1.4241,3505.01,3.76367,-3.85766,3.60582,3500.57,0
1.4254,3505.04,3.77362,-3.80095,1.55821,3476.3,0
1.42672,3504.98,3.77204,-3.95689,4.05146,3518.21,0
1.42803,3505.01,3.69737,-3.95291,3.05017,3495.72,0
1.42934,3504.99,3.71993,-4.09667,0.645283,3504.78,0
1.43064,3504.96,3.80637,-4.12897,0.802166,3522.98,0
1.43196,3504.99,3.71186,-4.07415,1.11005,3496.89,0
1.43325,3504.97,3.6243,-4.03369,6.07473,3510.09,0
1.43456,3504.94,3.6647,-4.00819,7.66891,3527.71,0
1.43587,3504.95,3.67115,-3.99493,5.9742,3515.97,0
1.43717,3504.94,3.67848,-4.01717,6.11578,3522.1,0
1.43848,3504.9,3.68297,-4.00987,8.1006,3543.56,0
1.43978,3504.89,3.68505,-3.99323,8.77824,3551.17,0
1.44108,3504.88,3.68771,-3.99007,7.93227,3551.88,0
1.44236,3504.85,3.68269,-4.01508,8.87325,3572.76,0
1.44369,3504.84,3.70254,-3.99661,7.95917,3573.67,0
1.44499,3504.82,3.71321,-4.00016,8.60694,3587.06,0
1.44629,3504.83,3.69795,-3.98002,7.3241,3578.12,0
1.44759,3504.82,3.72207,-4.00325,5.68368,3576.57,0
1.44889,3504.82,3.71099,-4.02558,5.27579,3578.07,0
1.4502,3504.8,3.69657,-4.06489,4.97449,3582.84,0
1.45151,3504.82,3.70462,-4.04074,3.59753,3567.91,0
1.45282,3504.82,3.74417,-4.00725,3.58553,3566.78,0
1.45413,3504.84,3.70482,-3.95585,2.84795,3545.16,0
1.45543,3504.86,3.68771,-3.94875,2.10987,3533.47,0
1.45675,3504.81,3.75982,-3.90202,5.94147,3563.77,0
1.45805,3504.79,3.78941,-3.90993,5.71051,3570.22,0
1.45936,3504.81,3.77844,-3.91474,3.57273,3554.27,0
1.46067,3504.83,3.78647,-3.958,0.814845,3540.85,0
1.46199,3504.79,3.80087,-3.99258,3.41399,3565.95,0
1.4633,3504.74,3.74959,-4.03167,7.29396,3591.3,0
1.4646,3504.73,3.78545,-3.99813,7.15892,3598.39,0
1.46592,3504.75,3.77789,-3.97773,4.94697,3578.48,0
1.46722,3504.77,3.80446,-3.96588,2.97708,3566.25,0
1.46854,3504.77,3.81203,-3.89788,3.97026,3559.61,0
1.46983,3504.78,3.86001,-3.88535,2.30565,3551.29,0
1.47113,3504.8,3.86857,-3.88199,0.640089,3537.64,0
1.47244,3504.74,3.84251,-3.85528,7.08185,3574.87,0
1.47374,3504.78,3.8083,-3.87873,2.51139,3541.1,0
1.47503,3504.73,3.82855,-3.92807,5.76546,3574.04,0
1.47633,3504.72,3.88813,-3.93015,4.31667,3574.45,0
1.47763,3504.72,3.84369,-3.91947,5.58324,3573.41,0
1.47894,3504.68,3.85672,-3.92462,7.54301,3595.3,0
1.48024,3504.67,3.85205,-3.93061,6.84877,3600.02,0
1.48155,3504.67,3.85804,-3.91835,6.22771,3598.12,0
1.48286,3504.65,3.85238,-3.91305,7.03927,3604.63,0
1.48417,3504.64,3.83093,-3.89372,7.92185,3608.28,0
1.48548,3504.64,3.83622,-3.88238,7.0462,3605.87,0
1.48678,3504.65,3.84318,-3.84561,5.7846,3597.33,0
1.48808,3504.65,3.8369,-3.83658,5.41778,3593.93,0
1.48939,3504.65,3.80023,-3.8258,6.00357,3591.95,0
1.49069,3504.67,3.78403,-3.80155,5.01653,3576.82,0
1.49198,3504.68,3.77528,-3.82568,2.97483,3563.49,0
1.4933,3504.71,3.75473,-3.82309,0.536725,3541.12,0
1.4946,3504.64,3.72945,-3.78149,8.28196,3583.45,0
1.49589,3504.69,3.70804,-3.76571,3.61055,3548.62,0
1.49719,3504.67,3.68208,-3.76165,6.67379,3562.91,0
1.4985,3504.65,3.70196,-3.75622,6.92593,3567.68,0
1.49983,3504.63,3.73674,-3.7504,7.87572,3583.41,0
1.50115,3504.63,3.78855,-3.76785,4.83944,3576.87,0
1.50246,3504.62,3.77011,-3.77022,5.71108,3580.45,0
1.50377,3504.61,3.76426,-3.74365,6.56904,3582.6,0
1.50505,3504.6,3.72358,-3.70205,8.80454,3589.62,0
1.50632,3504.59,3.69499,-3.71905,8.17342,3591.68,0
1.5076,3504.58,3.6767,-3.74148,7.72024,3594.68,0
1.5089,3504.57,3.71557,-3.71939,7.45927,3600.17,0
1.5102,3504.57,3.7333,-3.76095,5.63755,3598.18,0
1.5115,3504.56,3.70532,-3.76555,6.26951,3601.97,0
1.5128,3504.55,3.68147,-3.79905,5.71679,3601.05,0
1.5141,3504.52,3.64744,-3.80512,8.43475,3618.51,0
1.51541,3504.51,3.63717,-3.81523,7.57705,3619.99,0
1.51672,3504.52,3.62422,-3.84337,5.21194,3610.84,0
1.51803,3504.48,3.65813,-3.83352,7.81537,3633.32,0
1.51934,3504.51,3.63544,-3.81287,6.03463,3616.39,0
1.52064,3504.52,3.59876,-3.752,6.42928,3601.75,0
1.52197,3504.52,3.58736,-3.76659,6.02176,3599.9,0
1.52325,3504.52,3.56062,-3.76073,6.01822,3596.22,0
1.52455,3504.56,3.52315,-3.75068,2.72986,3566.56,0
1.52585,3504.56,3.59622,-3.61702,4.02778,3562.32,0
1.52715,3504.55,3.57321,-3.59716,5.83746,3567.84,0
1.52846,3504.54,3.53273,-3.57845,7.25857,3570.48,0
1.52975,3504.53,3.57394,-3.5414,7.88343,3577.03,0
1.53104,3504.52,3.56542,-3.53512,7.68391,3579.47,0
1.53234,3504.53,3.57308,-3.55016,5.01911,3567.91,0
1.53368,3504.55,3.60855,-3.53138,2.36978,3551.32,0
1.53499,3504.55,3.66828,-3.50363,1.98085,3551.61,0
1.53629,3504.54,3.58813,-3.54697,3.45958,3552.81,0
1.5376,3504.58,3.57269,-3.43029,3.20108,3527.45,0
1.5389,3504.56,3.56123,-3.43292,4.88289,3536.94,0
1.54021,3504.57,3.54569,-3.43181,3.13059,3523.12,0
1.54151,3504.58,3.60565,-3.32877,3.07549,3514.14,0
1.54279,3504.56,3.55048,-3.30038,7.43223,3526.74,0
1.5441,3504.58,3.55101,-3.28402,5.02383,3513.3,0
1.54539,3504.57,3.50338,-3.30379,6.16344,3514.11,0
1.54669,3504.56,3.50857,-3.31489,6.1174,3519.54,0
1.54799,3504.55,3.54043,-3.28645,5.991,3523.29,0
1.5493,3504.54,3.58678,-3.26136,5.47823,3523.66,0
1.55059,3504.56,3.56312,-3.32682,2.30793,3508.25,0
1.5519,3504.54,3.49836,-3.29443,5.95942,3515.61,0
1.55322,3504.54,3.54554,-3.2639,5.42302,3513.79,0
1.55453,3504.52,3.55364,-3.23376,6.9845,3524.08,0
1.55584,3504.55,3.56063,-3.23906,3.6521,3504.73,0
1.55716,3504.56,3.48865,-3.1973,4.77192,3492.26,0
1.55846,3504.55,3.49566,-3.16672,5.96069,3499.3,0
1.55977,3504.56,3.48093,-3.12302,5.42456,3486.59,0
1.56108,3504.56,3.50593,-3.11087,4.36924,3482.47,0
1.56238,3504.56,3.55748,-3.09547,4.16255,3484.99,0
1.56369,3504.51,3.60543,-3.11616,6.51167,3510.15,0
1.56499,3504.51,3.67326,-3.16201,3.60717,3508.3,0
1.56627,3504.51,3.6864,-3.24991,1.071,3504.97,0
1.56758,3504.5,3.71873,-3.14737,3.49303,3508.44,0
1.56888,3504.51,3.702,-3.18755,2.10958,3500.62,0
1.57017,3504.5,3.76867,-3.15022,2.14638,3504.25,0
1.57147,3504.5,3.71755,-3.14953,2.89582,3497.44,0
1.57277,3504.45,3.71086,-3.15157,7.73263,3525.76,0
1.57408,3504.41,3.73449,-3.13603,10.2055,3552.43,0
1.57539,3504.36,3.73383,-3.09943,2.66155,3577.17,0
1.5767,3504.36,3.74026,-3.10341,2.81435,3577.44,0
1.57803,3504.32,3.79049,-3.03343,6.66751,3596.89,0
1.57932,3504.29,3.8294,-3.00962,8.08937,3613.72,0
1.58061,3504.28,3.90332,-3.01511,6.6122,3620.99,0
1.58191,3504.27,3.91179,-2.97582,7.1067,3622.62,0
1.58321,3504.27,3.92351,-2.97493,5.71485,3618.34,0
1.58453,3504.27,3.91831,-3.0233,4.79979,3617.33,0
1.58583,3504.3,3.90174,-2.97642,2.65817,3593.6,0
1.58714,3504.28,3.88098,-3.07762,2.75343,3602.26,0
1.58844,3504.29,3.83431,-3.05813,3.46322,3592.96,0
1.58974,3504.27,3.86376,-3.08728,4.26203,3604.5,0
1.59105,3504.27,3.91375,-3.15348,1.5671,3604.06,0
1.59236,3504.24,3.93368,-3.25803,0.956135,3616.55,0
1.59366,3504.22,3.92396,-3.36473,0.672728,3626.53,0
1.59497,3504.2,3.92021,-3.35766,3.1628,3637.15,0
1.59628,3504.17,3.90705,-3.30753,7.73282,3655.37,0
1.59759,3504.15,3.91012,-3.27326,8.69366,3660.06,0
1.5989,3504.14,3.90811,-3.25187,8.98436,3667.38,0
1.60021,3504.14,3.88518,-3.24925,8.19801,3664.32,0
1.60152,3504.15,3.81336,-3.23876,8.18992,3655.85,0
1.60283,3504.1,3.80647,-3.24797,10.2541,3678.14,0
1.60412,3504.1,3.81518,-3.23428,8.56785,3677.08,0
1.60543,3504.12,3.7865,-3.2623,6.0244,3663.97,0
1.60673,3504.07,3.77215,-3.23787,10.4024,3690.42,0
1.60803,3504.06,3.76512,-3.23293,9.6974,3693.98,0
1.60935,3504.07,3.75483,-3.18967,8.51911,3687.27,0
1.61066,3504.07,3.76104,-3.19887,6.70829,3682.61,0
1.61199,3504.08,3.742,-3.20599,5.48748,3673.14,0
1.61328,3504.08,3.73237,-3.22539,4.80435,3670.37,0
1.61457,3504.09,3.73761,-3.16611,4.74861,3660.44,0
1.61588,3504.08,3.74365,-3.23981,3.50212,3664.06,0
1.61719,3504.08,3.71109,-3.20723,5.22035,3662.28,0
1.61851,3504.09,3.61906,-3.16744,7.34065,3652.02,0
1.61982,3504.06,3.65381,-3.13854,8.71254,3665.94,0
1.62115,3504.07,3.64936,-3.12057,6.81321,3659.06,0
1.62244,3504.08,3.60025,-3.13879,5.32523,3646.66,0
1.62374,3504.06,3.60277,-3.19487,5.79466,3657.71,0
1.62504,3504.05,3.58391,-3.19413,7.20818,3662.79,0
1.62636,3504.03,3.58992,-3.16065,8.50733,3670.17,0
1.62765,3504.03,3.57737,-3.1765,6.80533,3665.79,0
1.62898,3503.99,3.56407,-3.17812,10.4966,3690.15,0
1.63029,3503.96,3.52684,-3.14718,3.83415,3706.18,0
1.63159,3503.93,3.53513,-3.14034,6.72335,3721.74,0
1.63289,3503.94,3.54203,-3.12885,4.82833,3710.61,0
1.6342,3503.95,3.57278,-3.06234,3.72719,3700.1,0
1.63552,3503.93,3.53503,-3.13619,4.94897,3709.27,0
1.63682,3503.94,3.59416,-3.16051,1.59458,3701.64,0
1.63813,3503.88,3.57379,-3.1619,8.60862,3738.63,0
1.63942,3503.87,3.57473,-3.17804,6.42735,3736.2,0
1.64072,3503.86,3.57497,-3.14542,7.44763,3742.27,0
1.64201,3503.85,3.60251,-3.12618,7.61489,3746.94,0
1.64331,3503.81,3.57665,-3.14771,9.85301,3766.59,0
1.64459,3503.81,3.59363,-3.14457,7.64148,3764.03,0
1.64588,3503.81,3.59602,-3.12338,7.2432,3762.43,0
1.64719,3503.81,3.60546,-3.13269,5.48606,3757.72,0
1.64849,3503.84,3.62021,-3.13858,1.85268,3739.68,0
1.64981,3503.84,3.61264,-3.14791,0.750963,3731.86,0
1.65111,3503.82,3.61438,-3.16039,2.96273,3743.77,0
1.65241,3503.82,3.59033,-3.11601,4.18054,3736.97,0
1.65372,3503.79,3.56413,-3.11601,8.19729,3756.9,0
1.65503,3503.79,3.57014,-3.06778,7.51109,3751.1,0
1.6563,3503.79,3.54549,-3.09424,6.09777,3746.95,0
1.65761,3503.78,3.56917,-3.07638,6.55095,3753.96,0
1.65892,3503.78,3.61324,-3.08969,4.02694,3749.89,0
1.66021,3503.77,3.63629,-3.01804,5.96554,3752.44,0
1.66151,3503.77,3.63396,-3.02257,5.32859,3748.28,0
1.6628,3503.76,3.67559,-2.99493,5.67348,3752.59,0
1.6641,3503.76,3.68443,-2.95387,5.5535,3747.03,0
1.6654,3503.77,3.65583,-2.95899,4.98865,3740.35,0
1.6667,3503.76,3.6602,-2.9618,5.43548,3742.15,0
1.66802,3503.75,3.67055,-2.94314,6.68482,3748.96,0
1.66932,3503.75,3.68392,-2.95888,4.77826,3745.2,0
1.67062,3503.76,3.70162,-2.93825,3.48321,3736.65,0
1.67193,3503.76,3.73855,-2.93143,2.17916,3733.61,0
1.67323,3503.77,3.77058,-2.89756,0.944747,3726.17,0
1.67455,3503.79,3.78218,-2.733,1.70763,3707.7,0
1.67586,3503.78,3.797,-2.71166,2.79543,3711.62,0
1.67716,3503.72,3.88047,-2.7045,5.67435,3741.74,0
1.67848,3503.7,3.87086,-2.71355,7.40755,3752.32,0
1.67981,3503.67,3.83698,-2.73678,9.56259,3768.46,0
1.68111,3503.6,3.88159,-2.75676,1.702,3804.03,0
1.6824,3503.58,3.961,-2.73502,1.46912,3813.52,0
1.6837,3503.58,4.08918,-2.54423,2.34052,3815.92,0
1.685,3503.56,4.05482,-2.57308,4.08323,3819.99,0
1.68631,3503.57,4.04707,-2.51719,4.52864,3812.77,0
1.68761,3503.56,4.06056,-2.54077,4.28269,3818.14,0
1.68891,3503.57,4.0418,-2.52758,2.79095,3804.39,0
1.69024,3503.52,4.08268,-2.71492,2.50852,3831.95,0
1.69155,3503.52,4.05152,-2.73464,3.60484,3833.53,0
1.69285,3503.51,4.09294,-2.72469,2.82844,3834.2,0
1.69417,3503.46,4.11602,-2.73043,6.64443,3858.25,0
1.69546,3503.41,4.12668,-2.74084,10.7557,3888.9,0
1.69675,3503.42,4.09815,-2.7216,8.71313,3877.98,0
1.69805,3503.45,4.10244,-2.72717,3.74711,3855.96,0
1.69936,3503.46,4.14872,-2.70479,1.16572,3846.72,0
1.70067,3503.44,4.23301,-2.65741,1.59405,3857.63,0
1.70197,3503.44,4.14891,-2.68682,4.18774,3855.93,0
1.70329,3503.46,4.1387,-2.6953,1.99828,3842.1,0
1.70459,3503.41,4.2411,-2.60592,4.8178,3863.48,0
1.70589,3503.37,4.29152,-2.56845,8.16983,3885.9,0
1.70719,3503.36,4.27442,-2.61015,7.29576,3888.8,0
1.70848,3503.33,4.2955,-2.63744,8.1459,3901.97,0
1.70979,3503.35,4.27377,-2.63628,5.77116,3887.93,0
1.7111,3503.37,4.27884,-2.63792,3.44256,3876.08,0
1.7124,3503.36,4.26712,-2.63528,4.5233,3876.77,0
1.71369,3503.3,4.28264,-2.64821,9.03891,3910.11,0
1.71501,3503.38,4.21059,-2.68212,1.54157,3860.96,0
1.71631,3503.37,4.19268,-2.75573,1.45174,3864.11,0
1.7176,3503.35,4.18078,-2.72379,5.04206,3874.13,0
1.7189,3503.32,4.19274,-2.72231,6.94559,3885.78,0
1.7202,3503.36,4.14017,-2.71611,3.99789,3857.75,0
1.72152,3503.36,4.15393,-2.64762,5.15802,3856.1,0
1.72284,3503.33,4.15401,-2.62248,8.74848,3871.88,0
1.72414,3503.32,4.15459,-2.60798,8.95526,3876.34,0
1.72545,3503.29,4.15161,-2.61169,10.3103,3889.37,0
1.72674,3503.3,4.11479,-2.5764,8.95878,3877.38,0
1.72803,3503.28,4.11103,-2.54881,10.8006,3888.86,0
1.72933,3503.28,4.00691,-2.6166,1.40571,3887.38,0
1.73063,3503.29,3.96825,-2.57059,2.47785,3877.58,0
1.73195,3503.26,4.02451,-2.51599,4.18143,3888.77,0
1.73327,3503.28,3.9971,-2.49149,4.11889,3878.59,0
1.73456,3503.27,3.99146,-2.46547,5.97735,3882.8,0
1.73587,3503.27,3.97399,-2.45738,6.62972,3879.67,0
1.73718,3503.24,3.99134,-2.457,8.43293,3893.26,0
1.73849,3503.21,3.95636,-2.35143,2.74917,3906.32,0
1.73981,3503.19,3.94215,-2.33428,5.98604,3915.76,0
1.7411,3503.15,3.96113,-2.32517,9.1053,3936.92,0
1.74241,3503.15,3.98248,-2.30222,5.90218,3928.54,0
1.7437,3503.15,4.00535,-2.33296,3.79184,3928.29,0
1.74499,3503.11,3.99929,-2.31726,8.01466,3946.53,0
1.74628,3503.13,3.98393,-2.35777,4.45463,3933.16,0
1.74759,3503.1,4.00428,-2.34737,7.56453,3949.79,0
1.7489,3503.09,4.03395,-2.34291,6.30252,3953.47,0
1.75021,3503.09,3.99825,-2.37554,5.83543,3946.15,0
1.75151,3503.08,3.98488,-2.37526,7.18038,3951.89,0
1.75281,3503.1,4.00193,-2.3553,4.12276,3937.41,0
1.7541,3503.11,3.98092,-2.34751,3.40016,3926.01,0
1.75541,3503.08,3.94285,-2.34301,8.41087,3942.64,0
1.75672,3503.12,3.95768,-2.35906,1.76759,3916.54,0
1.75802,3503.17,3.84865,-2.34327,1.01838,3886.99,0
1.75931,3503.13,3.82729,-2.25294,8.11327,3904.94,0
1.76062,3503.14,3.82638,-2.26788,5.71204,3895.99,0
1.76192,3503.15,3.7783,-2.32422,4.77507,3887.09,0
1.76324,3503.2,3.74569,-2.27194,1.90312,3858.93,0
1.76456,3503.2,3.65529,-2.2716,4.61694,3852.06,0
1.76586,3503.2,3.61006,-2.26773,6.21041,3849.8,0
1.76718,3503.2,3.62019,-2.25782,5.28877,3847.16,0
1.76847,3503.24,3.59589,-2.24782,1.95605,3823.95,0
1.76978,3503.19,3.5803,-2.32392,6.55864,3849.33,0
1.77108,3503.19,3.61235,-2.32607,4.47505,3846.14,0
1.77237,3503.18,3.60623,-2.3137,5.01944,3847.85,0
1.77367,3503.16,3.65101,-2.24313,7.54549,3858.48,0
1.77498,3503.17,3.66585,-2.20284,5.71174,3848.4,0
1.77628,3503.17,3.70174,-2.23949,2.78892,3843.69,0
1.77757,3503.12,3.72881,-2.23002,7.99898,3870.43,0
1.77887,3503.14,3.76464,-2.21127,3.01543,3854.84,0
1.78018,3503.13,3.72181,-2.14449,7.2386,3857.12,0
1.78148,3503.15,3.71396,-2.16744,4.07867,3843.01,0
1.78278,3503.18,3.73788,-2.06911,1.52432,3822.98,0
1.78408,3503.16,3.74326,-2.06051,4.62474,3835.45,0
1.78538,3503.12,3.74052,-2.06686,8.28112,3851.69,0
1.78667,3503.09,3.75917,-2.07348,8.78134,3865.76,0
1.78799,3503.09,3.80804,-2.09488,5.20229,3862.5,0
1.7893,3503.08,3.84823,-2.07743,5.80127,3869.95,0
1.79061,3503.09,3.86188,-2.05003,3.0524,3856.82,0
1.79191,3503.11,3.79577,-2.11642,1.79208,3842.76,0
1.79321,3503.13,3.77078,-2.11019,0.940419,3831.59,0
1.79453,3503.13,3.77252,-2.05994,2.28597,3830.77,0
1.79584,3503.12,3.76552,-2.04671,3.67831,3832.35,0
1.79712,3503.14,3.70782,-1.98347,4.71841,3817.44,0
1.79843,3503.12,3.69904,-1.98275,7.01166,3826.77,0
1.79974,3503.14,3.72498,-1.99935,2.73932,3813.71,0
1.80105,3503.11,3.79592,-2.0051,2.55446,3826.89,0
1.80237,3503.11,3.74948,-2.00316,4.40896,3824.21,0
1.80365,3503.06,3.75676,-1.98159,9.16776,3846.2,0
1.80498,3503.07,3.75743,-2.01445,5.63905,3837.02,0
1.80626,3503.07,3.76763,-2.02113,4.87172,3835.74,0
1.80757,3503.08,3.72904,-2.0172,5.21301,3827.64,0
1.80887,3503.12,3.64372,-2.09341,1.89551,3802.37,0
1.81017,3503.1,3.57593,-2.18497,4.28073,3809.19,0
1.81147,3503.09,3.63286,-2.21369,2.65301,3814.52,0
1.81277,3503.08,3.65221,-2.2446,1.36532,3815.68,0
1.81406,3503.07,3.61476,-2.25783,3.71143,3819.83,0
1.81538,3503.06,3.59894,-2.34698,2.55868,3820.56,0
1.81668,3503.08,3.58493,-2.34616,0.514016,3806.87,0
1.81798,3503.05,3.59574,-2.39261,2.67826,3821.69,0
1.81927,3503.01,3.71094,-2.37839,2.76541,3839.99,0
1.82057,3503.01,3.7032,-2.34641,4.23071,3839.18,0
1.82189,3502.98,3.69767,-2.35736,6.67466,3851.89,0
1.82321,3502.99,3.68181,-2.31651,6.92262,3845.94,0
1.82449,3502.99,3.69597,-2.30248,5.91519,3844.77,0
1.82581,3502.98,3.66531,-2.30159,6.90214,3842.19,0
1.82712,3502.98,3.63119,-2.29875,7.4278,3841.19,0
1.82841,3502.98,3.60839,-2.33166,6.67681,3840.57,0
1.8297,3502.94,3.57729,-2.34306,10.4479,3858.64,0
1.831,3502.93,3.57838,-2.34264,9.76893,3859.76,0
1.83233,3502.96,3.54972,-2.34764,5.9703,3840.37,0
1.83363,3502.94,3.58854,-2.34212,6.69836,3852.58,0
1.83494,3502.96,3.5497,-2.32305,5.19303,3836.3,0
1.83624,3502.99,3.51853,-2.31544,1.99941,3815.55,0
1.83752,3502.99,3.49847,-2.35867,1.8916,3815.39,0
1.83883,3502.98,3.48462,-2.32666,4.29948,3818.87,0
1.84014,3503,3.49529,-2.33159,0.247535,3802.06,0
1.84146,3502.99,3.50883,-2.30659,1.52339,3804.68,0
1.84274,3502.95,3.57382,-2.35341,3.00165,3826.37,0
1.84405,3502.98,3.53131,-2.33979,0.661677,3804.32,0
1.84537,3502.97,3.47479,-2.34214,4.90822,3810.29,0
1.84668,3502.97,3.46011,-2.31077,6.29133,3808.48,0
1.84798,3502.96,3.43516,-2.32913,7.37038,3812.02,0
1.84929,3502.97,3.40918,-2.3304,5.45736,3801.18,0
1.85061,3503,3.36369,-2.29046,4.1139,3781.46,0
1.85194,3503.01,3.39116,-2.3118,0.627704,3773.7,0
1.85325,3503,3.42866,-2.26101,1.90877,3777.19,0
1.85457,3502.98,3.44637,-2.26349,3.82345,3787.13,0
1.85588,3502.97,3.4468,-2.28597,3.59964,3786.91,0
1.85718,3502.99,3.37725,-2.25839,4.98399,3774.69,0
1.8585,3502.95,3.37773,-2.28587,8.35958,3793.98,0
1.85983,3502.94,3.36074,-2.26495,9.76945,3798.68,0
1.86111,3502.93,3.34136,-2.26992,8.95319,3799.05,0
1.86242,3502.9,3.35343,-2.24982,10.6845,3810.4,0
1.86372,3502.89,3.39747,-2.23853,9.1812,3816.48,0
1.86501,3502.86,3.33644,-2.27628,1.52677,3829.69,0
1.86631,3502.83,3.29025,-2.27368,7.23658,3842.68,0
1.86762,3502.82,3.32268,-2.26964,6.23715,3842.94,0
1.86893,3502.82,3.31391,-2.28743,6.08982,3844.09,0
1.87025,3502.8,3.33779,-2.31529,4.70964,3847.36,0
1.87157,3502.78,3.35876,-2.32122,6.34693,3858.58,0
1.87289,3502.79,3.33174,-2.34964,4.02237,3848.94,0
1.87422,3502.75,3.31666,-2.38407,8.06311,3867,0
1.87552,3502.73,3.29194,-2.36579,10.4061,3874.52,0
1.87683,3502.73,3.30067,-2.35462,8.80984,3874.58,0
1.87814,3502.73,3.34987,-2.32581,6.47638,3872.07,0
1.87943,3502.7,3.38127,-2.28205,9.03403,3881.65,0
1.88071,3502.74,3.40629,-2.26707,2.51759,3858.42,0
1.88202,3502.73,3.44699,-2.2154,3.54315,3862.11,0
1.88332,3502.71,3.3995,-2.24434,6.91664,3869.25,0
1.88464,3502.71,3.38985,-2.30113,5.16383,3866.38,0
1.88593,3502.73,3.3549,-2.30292,3.72444,3853.21,0
1.88724,3502.75,3.40427,-2.24654,0.393687,3839.9,0
1.88855,3502.73,3.39019,-2.16846,5.65228,3847.7,0
1.88984,3502.71,3.38639,-2.22044,7.03419,3858.87,0
1.89116,3502.71,3.37968,-2.19018,6.29277,3852.9,0
1.89246,3502.71,3.41082,-2.21909,3.91491,3851.75,0
1.89375,3502.72,3.39097,-2.20695,3.00122,3841.59,0
1.89506,3502.74,3.41552,-2.12793,1.94101,3830.28,0
1.89634,3502.73,3.38961,-2.1249,3.78542,3831.93,0
1.89766,3502.72,3.37853,-2.10648,5.9963,3835.53,0
1.89896,3502.71,3.37672,-2.09107,7.41289,3841.49,0
1.90028,3502.64,3.35308,-2.0858,4.96227,3875.59,0
1.90162,3502.66,3.35725,-2.08101,0.990431,3858.1,0
1.90293,3502.63,3.40248,-2.13719,2.18332,3875.42,0
1.90422,3502.65,3.36641,-2.13992,0.451212,3859.93,0
1.90553,3502.63,3.41996,-2.08748,2.63274,3869.94,0
1.90683,3502.58,3.40133,-2.06598,9.94137,3892.44,0
1.90814,3502.6,3.38798,-2.03302,6.5355,3877.21,0
1.90945,3502.58,3.36479,-2.04174,9.11979,3884.06,0
1.91075,3502.59,3.37085,-2.04521,6.21005,3875.56,0
1.91205,3502.57,3.46216,-2.07679,4.26889,3887.24,0
1.91335,3502.53,3.47227,-2.06726,7.51595,3903.66,0
1.91466,3502.49,3.46107,-2.05607,11.7034,3923.69,0
1.91597,3502.45,3.44768,-2.04791,6.49319,3942.67,0
1.91728,3502.44,3.44381,-2.03591,6.85603,3944.43,0
1.91859,3502.44,3.40169,-2.03929,7.23363,3939.79,0
1.91988,3502.46,3.39099,-2.02484,5.04104,3928.2,0
1.9212,3502.47,3.33825,-2.01715,5.46327,3919.89,0
1.92252,3502.49,3.33314,-2.0019,3.06319,3906.57,0
1.92384,3502.49,3.35983,-1.93979,3.2374,3903.12,0
1.92516,3502.51,3.26864,-1.88791,6.5888,3890.12,0
1.92644,3502.51,3.24708,-1.87981,6.79181,3886.51,0
1.92774,3502.48,3.24356,-1.84065,11.1729,3903.08,0
1.92905,3502.4,3.2737,-1.837,7.10335,3937.76,0
1.93036,3502.42,3.2667,-1.81677,4.21705,3925.09,0
1.93165,3502.43,3.21346,-1.82185,5.54037,3918.01,0
1.93297,3502.4,3.20506,-1.81445,9.77063,3930.56,0
1.93428,3502.4,3.17991,-1.8021,10.5265,3930.98,0
1.93557,3502.35,3.22611,-1.81768,1.83212,3953.25,0
1.93687,3502.34,3.24725,-1.82665,1.52827,3954.87,0
1.93818,3502.32,3.23987,-1.82145,5.08799,3963.93,0
1.93948,3502.3,3.2412,-1.76222,8.11159,3969.16,0
1.94077,3502.29,3.30148,-1.76565,4.85826,3971.38,0
1.94208,3502.29,3.2929,-1.79242,4.58758,3971.21,0
1.94338,3502.27,3.2959,-1.7911,6.09236,3977.28,0
1.94468,3502.23,3.27972,-1.79136,10.6977,3994.67,0
1.94596,3502.23,3.27206,-1.80967,8.2732,3991.44,0
1.94728,3502.25,3.3202,-1.81353,2.99174,3981.71,0
1.94858,3502.2,3.38133,-1.90862,2.6183,4001.8,0
1.94987,3502.17,3.40508,-1.89742,5.53613,4013.73,0
1.95118,3502.19,3.38726,-1.90935,3.12494,4001.84,0
1.95247,3502.21,3.35717,-1.92738,1.12581,3988.7,0
1.95376,3502.19,3.37088,-1.93622,3.0238,3996.67,0
1.95505,3502.19,3.39771,-1.91168,1.92313,3992.8,0
1.95636,3502.22,3.39302,-1.84868,0.395261,3976.96,0
1.95765,3502.18,3.36681,-1.82338,7.27368,3994.55,0
1.95895,3502.17,3.34813,-1.7915,9.15192,3997.54,0
1.96027,3502.14,3.33433,-1.80627,1.83926,4011.56,0
1.96158,3502.11,3.29131,-1.87128,4.95811,4021.61,0
1.96288,3502.09,3.30034,-1.88759,5.91015,4028.74,0
1.9642,3502.07,3.29473,-1.83268,10.5154,4039.64,0
1.96548,3502.05,3.27451,-1.82998,10.7701,4042.38,0
1.96679,3502.04,3.30008,-1.81842,9.77817,4046.28,0
1.96808,3502,3.33806,-1.79337,1.97492,4064.06,0
1.96938,3501.94,3.33321,-1.80253,10.7439,4094.02,0
1.9707,3501.9,3.30203,-1.72226,7.69685,4109.43,0
1.97201,3501.86,3.33551,-1.7467,9.84359,4126.55,0
1.97333,3501.86,3.32934,-1.74362,9.08329,4126.01,0
1.97462,3501.8,3.32744,-1.66799,8.3417,4152.66,0
1.97591,3501.75,3.30503,-1.70415,3.86388,4177.69,0
1.97723,3501.76,3.29425,-1.67175,2.39117,4165.43,0
1.97854,3501.71,3.31469,-1.68966,7.97311,4188.92,0
1.97986,3501.68,3.31095,-1.70017,10.4605,4202.25,0
1.98117,3501.71,3.3438,-1.73138,0.89707,4185.39,0
1.98247,3501.73,3.26215,-1.71586,4.04842,4173.54,0
1.98379,3501.75,3.23191,-1.69987,2.37865,4157.27,0
1.98509,3501.72,3.26577,-1.68195,5.8236,4172.45,0
1.98641,3501.71,3.30263,-1.67798,3.3301,4172.36,0
1.98771,3501.69,3.27361,-1.68383,8.69256,4182.6,0
1.989,3501.69,3.27149,-1.70449,6.5684,4180,0
1.99032,3501.68,3.27716,-1.71823,6.15602,4181.7,0
1.99165,3501.7,3.26911,-1.71452,2.86747,4166.72,0
1.99298,3501.71,3.28453,-1.70993,0.851188,4160.56,0
1.99428,3501.71,3.21049,-1.67983,6.12961,4156.05,0
1.99559,3501.74,3.22112,-1.68005,0.651682,4140.3,0
1.99691,3501.7,3.20125,-1.71519,5.80265,4154.44,0
1.99821,3501.7,3.1949,-1.70687,5.93824,4151.34,0
1.99953,3501.72,3.16356,-1.71548,5.68857,4143.3,0
2.00084,3501.73,3.14693,-1.73418,3.31241,4133.69,0
2.00216,3501.75,3.12909,-1.7004,1.45647,4118.47,0
2.00347,3501.7,3.21877,-1.71131,3.86695,4144.63,0
2.00478,3501.69,3.21659,-1.74875,3.4435,4144.89,0
2.00608,3501.66,3.23494,-1.82196,3.86639,4157.31,0
2.00739,3501.65,3.25021,-1.82528,3.7964,4159.09,0
2.00868,3501.64,3.27767,-1.87162,2.15856,4163.41,0
2.00999,3501.63,3.29016,-1.87871,2.18182,4165.1,0
2.01128,3501.61,3.34939,-1.7493,5.9561,4173.42,0
2.01258,3501.63,3.34088,-1.70798,3.032,4156.57,0
2.01388,3501.62,3.30375,-1.69868,7.61263,4162.53,0
2.0152,3501.65,3.2976,-1.66802,3.44473,4145.5,0
2.01651,3501.63,3.27868,-1.70662,4.92865,4149.58,0
2.01781,3501.62,3.31098,-1.72859,3.26385,4152.13,0
2.0191,3501.64,3.29292,-1.75026,0.863284,4140.78,0
2.02043,3501.57,3.31938,-1.78091,7.40929,4170.69,0
2.02173,3501.55,3.33241,-1.7702,9.23938,4179.11,0
2.02303,3501.53,3.33747,-1.75052,10.0974,4185.07,0
2.02432,3501.53,3.34314,-1.76387,8.47742,4185.04,0
2.02562,3501.53,3.35206,-1.75813,6.97421,4182.19,0
2.02692,3501.54,3.33987,-1.78354,4.36954,4174.45,0
2.02822,3501.57,3.29179,-1.78259,3.29814,4157.36,0
2.02953,3501.56,3.25857,-1.76453,7.29737,4160.92,0
2.03084,3501.54,3.22777,-1.75373,11.0112,4165.96,0
2.03215,3501.52,3.20173,-1.73357,3.81542,4173.63,0
2.03347,3501.55,3.12693,-1.73786,3.63642,4155.22,0
2.03478,3501.56,3.09028,-1.72356,4.27447,4145.53,0
2.03609,3501.55,3.05113,-1.70853,8.27962,4148.96,0
2.03739,3501.55,3.07138,-1.68935,6.69432,4145.36,0
2.03868,3501.54,3.06031,-1.70401,8.88542,4150.18,0
2.03998,3501.56,3.05025,-1.67425,6.96582,4138.83,0
2.04127,3501.58,3.04234,-1.71992,0.863195,4123.24,0
2.04259,3501.59,2.97376,-1.68394,5.68454,4116.4,0
2.04389,3501.56,2.93013,-1.69256,0.288692,4127.03,0
2.04519,3501.5,3.02391,-1.68091,4.95906,4157.65,0
2.0465,3501.49,3.06996,-1.67109,3.44489,4159.73,0
2.04783,3501.5,3.00631,-1.63114,6.632,4149.98,0
2.04911,3501.51,3.06441,-1.63268,0.322744,4143.47,0
2.05044,3501.46,3.09639,-1.6609,4.21653,4163.07,0
2.05173,3501.43,3.1069,-1.71352,6.57584,4177.57,0
2.05304,3501.44,3.15326,-1.6007,5.71981,4170.66,0
2.05433,3501.46,3.11217,-1.63935,3.49109,4157.19,0
2.05562,3501.45,3.14111,-1.63775,2.22442,4161.48,0
2.05693,3501.46,3.12319,-1.6229,1.3687,4150.6,0
2.05823,3501.43,3.1945,-1.56093,4.21826,4165.93,0
2.05954,3501.38,3.21302,-1.58976,8.54928,4184.96,0
2.06083,3501.37,3.22194,-1.58336,8.39883,4187.48,0
2.06212,3501.38,3.22206,-1.56687,6.2118,4179.8,0
2.06343,3501.37,3.16813,-1.54712,10.771,4181.31,0
2.06476,3501.42,3.02672,-1.5539,2.23633,4156.88,0
2.06606,3501.4,3.03368,-1.61397,1.42469,4161.06,0
2.06738,3501.42,3.02705,-1.57036,0.611027,4149.99,0
2.06869,3501.4,2.96486,-1.56694,8.08843,4156.73,0
2.06998,3501.42,2.94276,-1.55522,6.56875,4147.07,0
2.07129,3501.41,3.008,-1.5139,3.93342,4147.49,0
2.07259,3501.37,3.06088,-1.63257,2.1823,4165.67,0
2.07391,3501.35,3.05099,-1.62861,5.4891,4170.48,0
2.07524,3501.38,2.97502,-1.61881,7.39024,4155.65,0
2.07656,3501.37,2.98059,-1.64275,6.22363,4157.29,0
2.07788,3501.35,2.95664,-1.66734,9.41218,4164.36,0
2.07916,3501.33,2.92487,-1.67183,2.11268,4171.5,0
2.08045,3501.29,2.90075,-1.70307,8.49523,4187.36,0
2.08174,3501.26,2.85363,-1.70965,5.04173,4199.42,0
2.08304,3501.23,2.85075,-1.7062,9.63857,4212.03,0
2.08435,3501.22,2.90717,-1.69008,4.77239,4211.17,0
2.08566,3501.19,2.93513,-1.75055,5.86836,4226.27,0
2.08696,3501.18,2.88039,-1.72731,10.8812,4226.25,0
2.08827,3501.18,2.87638,-1.76461,8.38734,4225.31,0
2.08957,3501.13,2.90198,-1.752,3.70413,4246.59,0
2.09089,3501.11,2.91363,-1.76853,4.72868,4252.56,0
2.0922,3501.08,2.94319,-1.75284,7.10225,4263.06,0
2.0935,3501.12,2.93225,-1.71901,2.80152,4243.41,0
2.09482,3501.1,2.93364,-1.79986,0.974246,4247.68,0
2.09612,3501.09,2.91442,-1.78571,4.26621,4249.23,0
2.09745,3501.08,2.90684,-1.80334,5.47712,4251.74,0
2.09875,3501.06,2.9073,-1.84174,6.9592,4261.64,0
2.10007,3501.08,2.91416,-1.86518,1.23899,4249.08,0
2.10137,3501.1,2.90557,-1.73785,3.78649,4233.66,0
2.10267,3501.14,2.86897,-1.6905,2.804,4215.12,0
2.10396,3501.11,2.83715,-1.7417,6.31275,4223.76,0
2.10526,3501.11,2.82188,-1.77671,5.30691,4220.45,0
2.10655,3501.08,2.84186,-1.8133,6.44877,4234.3,0
2.10787,3501.1,2.81529,-1.82225,4.5711,4223.57,0
2.10918,3501.05,2.90906,-1.79842,6.74869,4245.12,0
2.1105,3501.03,2.91985,-1.78551,7.41774,4248.84,0
2.11182,3501.06,2.91832,-1.77517,2.56357,4233.68,0
2.11312,3501.04,2.91905,-1.80917,3.1109,4238.99,0
2.11444,3501.05,2.86894,-1.82831,4.94389,4233.12,0
2.11577,3501.06,2.87561,-1.79829,4.24301,4225.99,0
2.11708,3501.05,2.88084,-1.77901,5.12589,4227.91,0
2.1184,3501.02,2.94254,-1.76463,5.33924,4239.33,0
2.11972,3501.04,2.88866,-1.76999,5.08081,4226.06,0
2.12103,3501.04,2.88551,-1.83441,1.55751,4222.87,0
2.12234,3501.01,2.921,-1.86456,2.93348,4236.59,0
2.12365,3500.97,2.9622,-1.866,6.63155,4254.24,0
2.12495,3500.98,2.96223,-1.86047,4.32815,4245.81,0
2.12625,3501,2.94179,-1.83206,4.3288,4234.41,0
2.12756,3500.98,2.95274,-1.84732,5.09205,4238.98,0
2.12887,3500.97,2.90746,-1.85882,8.44229,4240.65,0
2.13019,3500.98,2.90395,-1.85295,7.12988,4234.17,0
2.13149,3500.92,2.95563,-1.84312,1.61762,4260,0
2.13278,3500.91,2.9522,-1.87666,1.51877,4261.98,0
2.13406,3500.87,2.95249,-1.89428,6.61071,4277.98,0
2.13535,3500.88,2.97885,-1.91321,0.481931,4270.51,0
2.13667,3500.82,2.99262,-1.98051,5.53186,4295.5,0
2.13797,3500.79,3.02359,-1.94796,8.76066,4306.27,0
2.13927,3500.78,2.96229,-1.92105,5.34364,4308.55,0
2.1406,3500.77,2.96539,-1.91157,7.60407,4312.6,0
2.14193,3500.71,2.95562,-1.90314,5.58981,4336.53,0
2.14324,3500.75,2.90396,-1.86691,5.74604,4317.32,0
2.14454,3500.71,2.93818,-1.87396,7.55141,4329.61,0
2.14586,3500.73,2.96563,-1.87542,2.47395,4322.12,0
2.14714,3500.74,2.9582,-1.8622,1.38395,4313.55,0
2.14845,3500.71,2.87657,-1.84388,13.1184,4322.05,0
2.14975,3500.69,2.85196,-1.9529,1.67173,4332.28,0
2.15105,3500.67,2.80276,-1.92148,9.53551,4335.14,0
2.15235,3500.68,2.78426,-2.01102,3.95373,4330.62,0
2.15368,3500.65,2.78427,-1.98967,9.53926,4342.52,0
2.15498,3500.64,2.78852,-2.07872,3.58622,4343.83,0
2.15628,3500.64,2.81971,-2.0458,2.29101,4340.1,0
2.15759,3500.6,2.81474,-2.06584,7.98276,4356.2,0
2.1589,3500.57,2.84443,-2.08711,7.8901,4366.7,0
2.16022,3500.56,2.887,-2.11232,3.13495,4367.67,0
2.16152,3500.55,2.92436,-2.1171,1.11885,4371.23,0
2.16283,3500.54,2.89525,-2.13831,4.93982,4375.8,0
2.16413,3500.53,2.9239,-2.08774,6.27057,4375.49,0
2.16545,3500.5,2.8991,-2.06566,3.69572,4388.89,0
2.16675,3500.44,2.93778,-2.14361,3.82233,4410.9,0
2.16806,3500.43,2.97854,-2.12612,2.81359,4413.34,0
2.16937,3500.45,2.90907,-2.08298,8.06844,4400.44,0
2.17067,3500.46,2.93062,-2.104,3.12897,4396.36,0
2.17196,3500.49,2.89658,-2.01704,7.12066,4380.77,0
2.17327,3500.43,2.89735,-1.99836,4.72027,4402.65,0
2.17455,3500.45,2.84623,-2.03811,4.08187,4392.78,0
2.17587,3500.41,2.92044,-2.04831,2.68465,4407.34,0
2.17719,3500.41,2.94361,-2.02521,1.49775,4403.69,0
2.1785,3500.42,2.90055,-2.02078,4.90477,4398.11,0
2.17981,3500.39,2.8883,-2.05324,8.31516,4408.1,0
2.1811,3500.36,2.9085,-2.07533,8.34255,4419.19,0
2.1824,3500.34,2.93731,-2.06387,8.43535,4427.39,0
2.1837,3500.36,2.91039,-2.08865,4.72599,4414.56,0
2.18502,3500.31,2.93058,-2.08394,9.04481,4432.62,0
2.18631,3500.33,2.93675,-2.09563,4.57855,4424.86,0
2.18762,3500.33,2.96877,-2.03878,3.73393,4419.29,0
2.18892,3500.34,3.02027,-1.98407,1.64082,4415.36,0
2.19021,3500.35,2.96286,-1.93379,7.19209,4403.91,0
2.19153,3500.36,2.97245,-1.89226,7.79073,4399.89,0
2.19285,3500.37,2.9842,-1.81308,8.58576,4390.42,0
2.19415,3500.34,2.90945,-1.79072,10.1971,4401.06,0
2.19545,3500.36,2.89997,-1.8242,4.19629,4388.82,0
2.19673,3500.36,2.86735,-1.82672,7.24748,4388.61,0
2.19802,3500.37,2.8701,-1.82175,4.58054,4381.77,0
2.19933,3500.39,2.82329,-1.84361,3.28096,4368.14,0
2.2006,3500.38,2.8368,-1.82072,6.53371,4373.72,0
2.2019,3500.38,2.79487,-1.91508,3.01319,4369.1,0
2.2032,3500.34,2.8463,-1.95459,1.92739,4384.24,0
2.20452,3500.36,2.85478,-1.88265,3.31765,4375.03,0
2.20583,3500.33,2.91806,-1.80623,5.81352,4383.35,0
2.20713,3500.32,2.90869,-1.81904,7.65463,4386.24,0
2.20844,3500.31,2.92787,-1.84047,4.14646,4386.22,0
2.20976,3500.31,2.95709,-1.85165,1.39813,4387.16,0
2.21107,3500.3,2.91885,-1.84285,7.81028,4388.98,0
2.21237,3500.3,2.92793,-1.87228,3.87762,4385.01,0
2.21367,3500.27,2.95113,-1.84484,7.28144,4395.85,0
2.21499,3500.28,2.94493,-1.82647,5.80688,4386.33,0
2.2163,3500.27,2.88659,-1.79821,4.30927,4390.54,0
2.21762,3500.25,2.87096,-1.80188,9.04899,4396.28,0
2.21893,3500.2,2.87935,-1.80004,4.12394,4415.86,0
2.22024,3500.18,2.88783,-1.77195,9.24021,4424.99,0
2.22154,3500.18,2.89441,-1.76128,6.17277,4419.06,0
2.22284,3500.18,2.87222,-1.81672,4.16627,4415.67,0
2.22415,3500.16,2.85544,-1.80048,10.9243,4425.74,0
2.22545,3500.08,2.92141,-1.81044,4.60494,4456.43,0
2.22676,3500.1,2.93551,-1.71746,5.10326,4444.16,0
2.22804,3500.11,2.96445,-1.7062,1.47621,4440.37,0
2.22934,3500.12,2.99034,-1.62121,1.95394,4433.84,0
2.23064,3500.12,2.95289,-1.64759,3.30413,4428.36,0
2.23196,3500.09,2.97353,-1.68445,4.88768,4441.82,0
2.23326,3500.11,2.90792,-1.76239,3.20383,4429.9,0
2.23457,3500.06,2.88935,-1.77311,11.3353,4446.06,0
2.23588,3500.08,2.82553,-1.73489,6.13788,4437.79,0
2.2372,3500.05,2.85702,-1.73399,6.15692,4445.77,0
2.23851,3500.08,2.83914,-1.74233,1.61003,4429.39,0
2.23983,3500.13,2.78252,-1.69796,3.01206,4407.37,0
2.24114,3500.09,2.76676,-1.72535,9.46139,4422.98,0
2.24243,3500.07,2.79634,-1.73392,6.70622,4426.28,0
2.24374,3500.07,2.78479,-1.74703,7.26334,4426.58,0
2.24503,3500.09,2.79201,-1.74422,2.2676,4415.37,0
2.24633,3500.09,2.78047,-1.73066,3.56595,4411.73,0
2.24763,3500.07,2.76729,-1.73876,7.51456,4416.65,0
2.24894,3500.07,2.78815,-1.71274,6.98067,4416.44,0
2.25024,3500.05,2.81318,-1.66896,9.18416,4420.4,0
2.25154,3500.02,2.79691,-1.65899,6.18883,4433.92,0
2.25287,3500.01,2.82912,-1.64015,4.28929,4434.82,0
2.25417,3500.01,2.79334,-1.64643,8.33681,4432.7,0
2.25548,3500,2.826,-1.63249,4.62165,4431.54,0
2.25679,3499.99,2.80116,-1.71509,4.83977,4437.3,0
2.25809,3500,2.80738,-1.71083,0.540883,4426.94,0
2.2594,3500.03,2.77685,-1.69609,0.525553,4413.23,0
2.26073,3499.99,2.846,-1.66886,1.01563,4427.53,0
2.26205,3499.97,2.81897,-1.71671,5.44421,4435.89,0
2.26336,3500,2.76182,-1.7414,3.68379,4418.14,0
2.26465,3499.94,2.87837,-1.68577,4.9972,4442.53,0
2.26597,3499.96,2.88576,-1.63251,3.48336,4429.95,0
2.26727,3499.94,2.88865,-1.64166,5.74073,4435.93,0
2.26856,3499.97,2.85679,-1.6727,2.96296,4423.49,0
2.26986,3499.96,2.77487,-1.68485,11.0192,4421.07,0
2.27117,3499.95,2.77562,-1.64742,4.18443,4423.63,0
2.27248,3499.96,2.77642,-1.66125,0.909827,4417.31,0
2.2738,3499.9,2.85231,-1.60444,6.85392,4441,0
2.2751,3499.81,2.87888,-1.60697,8.80007,4479.5,0
2.27639,3499.82,2.92656,-1.57767,1.90962,4473.74,0
2.27771,3499.78,2.95692,-1.53162,8.21609,4488.16,0
2.27902,3499.8,2.94687,-1.52925,3.23041,4473.49,0
2.28032,3499.79,2.94189,-1.56105,3.86193,4476.76,0
2.28162,3499.78,2.95354,-1.54225,4.37887,4477.22,0
2.28292,3499.8,2.94415,-1.49523,5.99866,4470.09,0
2.28421,3499.77,2.89665,-1.4749,6.27518,4478.28,0
2.28554,3499.79,2.87439,-1.47151,5.5419,4467.17,0
2.28684,3499.79,2.86489,-1.46384,6.73218,4465.93,0
2.28813,3499.79,2.82464,-1.50216,7.47562,4461.77,0
2.28944,3499.79,2.81165,-1.49727,9.46645,4460.64,0
2.29075,3499.82,2.80626,-1.49651,3.4001,4443.97,0
2.29206,3499.83,2.7782,-1.46204,8.33843,4438.55,0
2.29337,3499.83,2.78701,-1.507,2.55385,4434.32,0
2.29468,3499.79,2.79211,-1.48736,10.3719,4448.81,0
2.29601,3499.76,2.74447,-1.54776,5.08322,4458.04,0
2.29732,3499.71,2.72062,-1.51375,9.88156,4480.85,0
2.29861,3499.73,2.69802,-1.53086,6.2009,4468.36,0
2.29993,3499.75,2.71129,-1.49657,2.29499,4457.05,0
2.30125,3499.72,2.7181,-1.54222,3.7682,4468.01,0
2.30255,3499.66,2.66886,-1.52287,11.338,4488.88,0
2.30386,3499.63,2.6863,-1.46646,8.82806,4502.71,0
2.30519,3499.58,2.64846,-1.46369,11.333,4519.28,0
2.30649,3499.53,2.67613,-1.49334,2.00359,4537.96,0
2.30779,3499.5,2.70956,-1.50352,3.3116,4551.67,0
2.30907,3499.49,2.71294,-1.49908,3.48271,4550.48,0
2.31039,3499.49,2.68795,-1.54841,3.58004,4549.56,0
2.31169,3499.45,2.65942,-1.6302,8.98549,4565.87,0
2.31299,3499.44,2.64965,-1.64755,8.92541,4566.05,0
2.31429,3499.43,2.7147,-1.56264,7.56081,4566.33,0
2.31559,3499.43,2.72789,-1.55696,5.80718,4566,0
2.31688,3499.43,2.71165,-1.56794,6.20543,4563.66,0
2.31817,3499.45,2.70142,-1.56259,2.11691,4548.93,0
2.31948,3499.42,2.73216,-1.54352,6.37114,4563.43,0
2.32078,3499.41,2.72207,-1.61074,2.03094,4562.57,0
2.32209,3499.41,2.72111,-1.55459,6.41618,4559.05,0
2.32339,3499.4,2.75288,-1.54436,5.17207,4563.24,0
2.3247,3499.37,2.72715,-1.51638,5.32067,4574.2,0
2.326,3499.34,2.74084,-1.50594,8.74752,4582.6,0
2.32733,3499.37,2.7078,-1.50179,7.8353,4568.93,0
2.32861,3499.32,2.78129,-1.5234,3.59503,4587.56,0
2.32991,3499.22,2.80802,-1.59903,10.376,4624.65,0
2.33122,3499.2,2.77771,-1.56641,11.5331,4634.44,0
2.33252,3499.18,2.74104,-1.58762,6.12963,4639.21,0
2.33383,3499.17,2.74688,-1.62226,2.48754,4640.12,0
2.33513,3499.15,2.71695,-1.62174,10.8621,4646.43,0
2.33643,3499.16,2.7137,-1.54247,3.40429,4637.46,0
2.33775,3499.16,2.72452,-1.51463,3.75609,4635.58,0
2.33905,3499.13,2.72076,-1.46176,3.63871,4646.7,0
2.34035,3499.07,2.72365,-1.42025,8.29604,4672.28,0
2.34166,3499.03,2.74267,-1.37738,4.01733,4685.91,0
2.34297,3499.03,2.72943,-1.39299,4.12634,4682.88,0
2.34428,3499.05,2.68219,-1.35502,9.63155,4669.84,0
2.34559,3499.05,2.6689,-1.29155,7.61318,4670.3,0
2.3469,3499.02,2.69638,-1.28081,8.2774,4680.1,0
2.34822,3499,2.68827,-1.23287,5.92326,4686.19,0
2.34953,3499,2.58547,-1.23833,1.82727,4683.46,0
2.35083,3499.02,2.59133,-1.15008,2.39896,4668.6,0
2.35214,3499.06,2.58212,-1.08966,0.271138,4649.43,0
2.35344,3499.04,2.57235,-1.11993,5.25823,4658.63,0
2.35473,3499.04,2.57442,-1.15243,1.16395,4655.59,0
2.35604,3499.01,2.51209,-1.15169,7.34904,4662.78,0
2.35735,3498.98,2.47333,-1.14122,9.50961,4674.28,0
2.35864,3499,2.46453,-1.12135,7.8872,4664.4,0
2.35996,3499,2.40048,-1.08211,1.81272,4662.52,0
2.36128,3498.95,2.42181,-1.08038,6.11934,4678.02,0
2.3626,3498.93,2.47317,-1.04098,3.7482,4686.2,0
2.3639,3498.91,2.46363,-1.13843,0.604954,4692.55,0
2.36519,3498.86,2.50752,-1.08285,7.80793,4711.71,0
2.3665,3498.88,2.44114,-1.04838,8.58939,4700.1,0
2.36778,3498.92,2.4406,-1.00308,2.87337,4680.32,0
2.36907,3498.87,2.48507,-0.957699,7.33501,4698.01,0
2.37036,3498.9,2.48735,-0.937578,1.80236,4683.84,0
2.37166,3498.95,2.40922,-0.907826,10.1351,4659.77,0
2.37296,3498.94,2.39174,-0.906159,3.86776,4661.27,0
2.37426,3498.96,2.3818,-0.892319,1.12803,4649.19,0
2.37557,3498.99,2.2876,-0.891726,5.06483,4634.45,0
2.37687,3498.93,2.29687,-0.915876,3.66128,4659.11,0
2.37819,3498.92,2.28156,-0.953942,3.884,4657.54,0
2.37949,3498.87,2.26684,-0.97658,6.04173,4677.36,0
2.3808,3498.86,2.23563,-0.985587,3.23516,4680.32,0
2.38212,3498.85,2.25273,-0.957079,3.97623,4681.55,0
2.38342,3498.87,2.21446,-0.953277,7.54454,4668.12,0
2.38472,3498.83,2.15789,-0.951601,8.5457,4682.77,0
2.38601,3498.8,2.13836,-0.973794,7.01417,4693.94,0
2.38733,3498.86,2.09935,-0.900607,10.0289,4666.62,0
2.38862,3498.84,2.11046,-0.901723,10.3636,4671.81,0
2.38994,3498.81,2.04776,-0.923204,7.83452,4681.23,0
2.39125,3498.81,2.01616,-0.977876,9.9968,4681.54,0
2.39258,3498.77,2.01817,-0.995437,4.87269,4694.96,0
2.39389,3498.73,1.98724,-0.99145,11.1972,4708.08,0
2.3952,3498.74,1.98978,-0.987067,6.35726,4699,0
2.39651,3498.76,1.96273,-1.02553,3.74679,4689.64,0
2.39782,3498.78,1.88333,-1.02688,8.36361,4678.74,0
2.39913,3498.8,1.85574,-0.997439,3.06613,4668.15,0
2.40043,3498.78,1.83503,-0.965919,5.82158,4672.14,0
2.40173,3498.78,1.76925,-0.937564,7.30084,4671.54,0
2.40306,3498.75,1.74806,-0.949407,7.55276,4681.71,0
2.40437,3498.73,1.72193,-0.996228,0.602012,4687.33,0
2.40567,3498.72,1.71052,-0.961274,0.325102,4689.29,0
2.40697,3498.69,1.70125,-0.919553,5.52833,4697.47,0
2.40829,3498.65,1.7369,-0.926929,5.16268,4714.37,0
2.4096,3498.7,1.68024,-0.95162,2.18416,4687.69,0
2.41089,3498.68,1.66717,-0.925398,6.26807,4696.47,0
2.4122,3498.67,1.67708,-0.913221,6.39328,4697.71,0
2.41347,3498.64,1.68765,-0.889946,2.19862,4706.44,0
2.41478,3498.64,1.67642,-0.901835,2.122,4702.91,0
2.41605,3498.64,1.62567,-0.881943,11.7988,4701.71,0
2.41735,3498.64,1.63486,-0.849964,3.54582,4700.66,0
2.41865,3498.65,1.6075,-0.847203,8.84802,4691.76,0
2.41996,3498.66,1.58799,-0.83737,2.58382,4685.08,0
2.42125,3498.65,1.59937,-0.803288,6.69572,4685.83,0
2.42255,3498.62,1.59541,-0.786021,9.80715,4698.99,0
2.42385,3498.6,1.58218,-0.795191,4.70916,4702.85,0
2.42515,3498.6,1.60863,-0.728146,7.47292,4702.18,0
2.42646,3498.57,1.57829,-0.701276,9.25872,4712.04,0
2.42777,3498.58,1.5613,-0.665092,6.45151,4704.72,0
2.42908,3498.54,1.56473,-0.687699,9.75176,4716.33,0
2.43038,3498.52,1.52542,-0.653252,4.15789,4723.67,0
2.43168,3498.53,1.52717,-0.587688,0.973999,4718.66,0
2.43299,3498.53,1.50111,-0.54819,4.74425,4712.88,0
2.4343,3498.48,1.49575,-0.499866,8.84407,4733.51,0
2.43559,3498.42,1.48576,-0.522381,2.93315,4752.88,0
2.43691,3498.38,1.42267,-0.496611,2.54053,4769.15,0
2.4382,3498.35,1.37412,-0.528414,7.42991,4779.32,0
2.4395,3498.35,1.34175,-0.50616,3.01151,4774.17,0
2.44082,3498.31,1.32995,-0.53046,5.17307,4788.12,0
2.44213,3498.32,1.28729,-0.468175,3.96192,4784.64,0
2.44346,3498.33,1.22591,-0.542019,6.25308,4777.97,0
2.44477,3498.31,1.17632,-0.528115,4.49551,4780.15,0
2.44607,3498.31,1.14187,-0.55294,6.84331,4778.71,0
2.44736,3498.32,1.13484,-0.512488,8.61939,4773.92,0
2.44868,3498.34,1.1338,-0.45443,4.12571,4761.59,0
2.44999,3498.32,1.08376,-0.471497,3.968,4768.57,0
2.45129,3498.26,1.03739,-0.450375,7.60068,4787.53,0
2.4526,3498.28,1.02238,-0.458931,7.36311,4776.91,0
2.4539,3498.22,1.03695,-0.466988,4.10034,4799.11,0
2.45522,3498.21,0.985535,-0.435525,4.09742,4800.04,0
2.45652,3498.16,0.958279,-0.446793,3.62918,4820.28,0
2.45782,3498.09,0.915831,-0.408773,2.96045,4844.07,0
2.45912,3498.05,0.891933,-0.349867,9.48429,4860.12,0
2.46042,3498.02,0.859805,-0.326517,5.68244,4867.69,0
2.46172,3497.98,0.838795,-0.255737,6.93779,4884.67,0
2.46303,3497.92,0.816443,-0.249866,3.12014,4905.59,0
2.46435,3497.91,0.775769,-0.187177,2.14938,4904.24,0
2.46565,3497.88,0.703197,-0.166901,10.8975,4915.41,0
2.46697,3497.8,0.63323,-0.147799,4.32461,4946.59,1
2.46827,3497.76,0.606354,-0.14334,9.48275,4960.29,1
2.46958,3497.77,0.521167,-0.119623,4.41906,4950.73,1
2.47051,3497.77,0.440334,-0.11738,9.38514,4949.88,2
