0.270949,3629.45,2.3829,-36.9098,6.89508,75850.1,0
0.539552,3632.2,-0.362446,-25.0827,6.04192,32984.6,0
0.812546,3626.64,16.3304,-32.0307,7.39454,28744.3,0
1.08095,3614.55,7.61181,-27.1118,11.4841,32790.9,0
1.35679,3604.02,6.84192,-17.4843,4.15049,33886.6,0
1.62657,3582.91,-1.37447,-22.0709,1.67354,41247,0
1.90894,3573.18,-8.57472,-31.8978,5.94087,40242.2,0
2.18026,3575.86,-15.8648,-41.7032,3.16793,34003.3,0
2.44725,3567.86,-14.6391,-40.6408,7.09967,33564.6,0
2.72916,3579.84,-17.2405,-26.9882,1.79346,25707.7,0
3.00369,3578.1,-22.9305,-17.0263,2.85942,23937.5,0
3.27978,3582.61,-27.8051,-11.7259,0.290538,20548.6,0
3.55461,3576.76,-21.227,-7.80734,3.81085,20604.8,0
3.82897,3581.37,-38.4611,2.00914,0.209081,17924.5,0
4.10823,3576,-38.9821,-6.8775,2.77507,18013.7,0
4.37877,3577.13,-21.0735,-5.28834,3.53205,16640.8,0
4.65409,3563.92,-16.4707,-8.66968,11.285,18496.6,0
4.92772,3554.36,-26.346,3.78439,5.00783,19408.2,0
5.19897,3551.58,-18.408,8.83559,7.38043,18931,0
5.46262,3555.64,-10.7186,5.76108,4.82423,17273.4,0
5.73304,3549.31,-4.85355,3.09719,9.76911,17562.7,0
6.01321,3540.16,-18.1877,-1.30947,4.30864,18266.8,0
6.29315,3536.89,-21.8983,2.34232,6.42147,17973.3,0
6.56925,3540.32,-29.8934,-0.821752,1.43748,16696.5,0
6.84354,3535.49,-36.6485,-2.47457,3.49478,16732.5,0
7.11428,3537.24,-38.3245,12.9872,1.12436,15849.2,0
7.39007,3516.35,-43.98,-1.45544,4.50451,18085.7,0
7.66129,3514.9,-42.4187,4.56493,6.07914,17633.6,0
7.93121,3503.28,-34.7374,1.20853,10.649,18498.6,0
8.20843,3494,-24.8811,-16.2888,12.0961,19005.3,0
8.48288,3488.94,-15.7346,-8.78032,5.09469,18986.7,0
8.75497,3481.36,-1.18618,-7.94581,9.14796,19262.2,0
8.7678,3482.86,-0.628657,-4.30484,8.75948,19062.7,2
