0.272728,3643.11,-19.0576,-54.0542,2.11472,25266.6,0
0.551487,3630.05,-4.2337,-71.9666,5.32683,36180.3,0
0.825412,3620.69,10.1555,-69.0391,8.20284,35503.7,0
1.10385,3627.78,10.0985,-70.1116,5.27232,20130.5,0
1.38031,3627.11,10.8887,-76.5913,4.90918,16584.2,0
1.65705,3617.14,2.69958,-83.2058,7.77424,19829.9,0
1.9176,3610.66,-6.60561,-80.4594,9.70214,20516.4,0
2.19247,3610.69,-1.98969,-63.6751,10.4633,17929.9,0
2.46249,3601.83,-4.31601,-51.8983,2.90974,19562.6,0
2.73584,3596.04,-1.48435,-41.1066,6.03993,19725.2,0
3.01006,3594.13,0.394194,-39.6868,6.7463,18562.1,0
3.28193,3605.68,-11.3552,-32.4961,1.76012,13504.4,0
3.55807,3596.65,-8.63578,-25.1213,5.92017,14995.1,0
3.84142,3601.55,-10.0106,-38.3414,2.90489,12613,0
4.11348,3592.69,-13.4203,-41.5666,6.39843,13932.4,0
4.38817,3598.95,-9.59784,-67.1212,1.5558,11632.7,0
4.65791,3595.4,-8.20667,-70.6977,2.70175,11722.2,0
4.93521,3589.69,-29.0474,-62.4103,5.13669,12219.7,0
5.20434,3593.62,-24.7055,-65.9716,3.1512,10833.2,0
5.47457,3593.32,-21.7108,-69.0375,2.94208,10354.1,0
5.74406,3600.9,-10.6059,-65.9619,0.430825,8547.44,0
6.01634,3598.69,-9.59188,-59.3493,1.89483,8528.98,0
6.28592,3589.88,3.64017,-86.2322,2.66188,9563.8,0
6.56124,3586.17,9.44826,-91.6763,3.35255,9728.71,0
6.83966,3592.63,22.4066,-87.5197,1.031,8388.51,0
7.11369,3591.77,24.2695,-76.9336,2.43125,8185.63,0
7.39036,3580.03,19.8437,-93.1943,5.16551,9467.93,0
7.43569,3575.62,22.7,-97.4067,6.20456,10003.5,0
