0.27724,3651.16,14.7988,-39.0957,0.469081,-4183.64,0
0.556367,3638.38,8.90825,-50.5959,4.30952,20889.5,0
0.829953,3636.19,6.70306,-67.5017,4.02299,16634.1,0
1.10782,3642.42,25.4505,-61.264,2.06535,6842.74,0
1.38291,3642.19,28.7361,-67.7082,1.73517,5644.14,0
1.65857,3641.23,22.0453,-70.5301,1.98905,5290.32,0
1.9317,3641.2,23.04,-66.6077,2.17204,4553.09,0
2.20859,3637.74,19.3311,-59.2778,3.70756,5553.05,0
2.48618,3638.58,26.8405,-68.3491,2.76007,4594.05,0
2.7683,3643.54,6.22883,-66.0678,1.52218,2334.56,0
3.03728,3634.72,12.2296,-77.6993,3.68767,5031.87,0
3.31064,3629.89,38.5235,-60.496,5.65793,6073.26,0
3.58184,3636.44,46.4134,-54.5045,3.3502,3786.18,0
3.85886,3633.76,42.9806,-78.1064,3.04741,4209.56,0
3.99702,3632.65,48.3794,-87.6367,2.57531,4340.94,0
