0.27292,3645.92,-10.052,19.6848,1.45763,14936.2,0
0.547955,3643.12,-7.11541,10.0382,2.53256,12549.2,0
0.823616,3632.1,-9.65896,3.37548,6.08992,21735.5,0
1.09714,3624.16,-15.199,8.13752,8.55633,23547.8,0
1.36695,3631.05,-18.1311,9.6725,5.61853,13860.5,0
1.64101,3643.04,-38.4756,19.5665,0.683615,4240.53,0
1.91633,3624.93,-42.1707,31.7185,6.42694,13083.1,0
2.18394,3638.7,-46.735,16.7359,1.5299,5175.01,0
2.45179,3633.58,-31.597,-3.07809,3.97448,6698.97,0
2.72624,3616.62,-35.6701,10.3278,9.79335,12243.2,0
2.99937,3609.28,-20.6335,14.1828,1.1796,13577.8,0
3.27504,3596.01,-21.1378,11.5425,6.85899,16485.7,0
3.54713,3587.87,-25.5572,18.3354,9.69829,17515.4,0
3.81221,3583.66,-8.80387,24.5309,11.4239,17403.2,0
4.09228,3573.01,-2.29032,19.724,5.60787,18812.3,0
4.36611,3568.71,7.3379,6.98627,8.16019,18617.4,0
4.63527,3566.63,0.181084,-0.6742,9.3377,17986.6,0
4.90598,3564.82,-4.67201,-9.92378,9.55374,17362.8,0
5.17596,3551.84,-11.4954,-6.69316,6.5487,18964.7,0
5.44974,3558.56,-19.0833,3.12711,1.1662,16778.3,0
5.71842,3559.12,-11.2545,1.35823,1.25851,15892.1,0
5.99406,3557.57,-6.63857,5.36022,2.28473,15419.9,0
6.26352,3552.85,-12.4623,7.30124,5.15431,15510.7,0
6.54359,3552.38,-1.96081,12.1956,5.19333,14918.2,0
6.81052,3554.13,1.114,7.72818,4.09335,14076.1,0
7.08241,3555.47,26.4576,10.4075,1.25334,13346.9,0
7.35736,3556.29,25.9102,1.1526,0.771876,12737.4,0
7.62868,3550.28,38.0126,1.34789,2.84845,13071.9,0
7.90371,3549.35,48.4941,14.24,1.02951,12734.6,0
8.1763,3543.72,56.2644,20.3007,2.15298,12998,0
8.44663,3536.32,54.1326,14.4804,7.46031,13458.4,0
8.72102,3538.69,53.8612,10.5436,6.106,12763,0
8.99106,3531.82,84.6423,17.6086,1.47877,13143.8,0
9.2607,3518.08,82.0946,19.2267,8.82803,14245,0
9.5301,3516.89,89.0731,21.3801,6.55107,13967.3,0
9.80727,3526.52,75.7366,46.1218,2.4744,12591.1,0
10.0496,3520.03,83.831,54.827,2.25877,12932.8,0
