0.269539,3642.56,-49.7513,3.24706,2.07794,27611,0
0.546844,3637.7,-48.3763,13.3908,3.69867,22488.7,0
0.818529,3644.97,-52.226,10.5903,1.03399,6142.54,0
1.09611,3629.26,-51.1685,21.5329,6.07103,18924.9,0
1.37057,3630.33,-56.2833,8.11519,5.4311,14348.5,0
1.65194,3615.95,-51.5946,13.3879,10.0747,20612.5,0
1.92564,3622.88,-33.8945,16.2223,7.71426,14086,0
2.19987,3637.33,-48.26,25.4188,1.59381,5758.46,0
2.47446,3628.28,-68.5304,46.7104,2.90578,8778.93,0
2.74803,3627.41,-88.506,33.8263,2.29617,8219.82,0
3.02362,3631.9,-71.7963,20.8001,2.23776,5986.41,0
3.29805,3622.78,-76.2037,15.2276,5.0862,8252.14,0
3.57181,3621.35,-65.6598,28.3967,5.84497,8020.78,0
3.84287,3628.32,-77.7986,26.9191,2.40879,5641.92,0
4.1147,3620.49,-88.6017,28.1667,4.03269,7170.81,0
4.38691,3615.86,-91.5924,30.3085,5.19114,7782.19,0
4.4123,3622.12,-95.0953,31.0836,2.79634,6318.45,0
