0.276833,3642.02,-52.066,18.9623,3.43511,28837.1,0
0.550022,3640.25,-53.9254,19.1559,3.78973,17724.2,0
0.825101,3634.84,-62.1138,12.358,5.09252,18372.1,0
1.10094,3623.73,-58.6703,7.36191,8.53825,23865,0
1.37529,3607.34,-56.1733,5.34846,2.39656,31016,0
1.64963,3608.4,-51.6729,-4.9423,2.21125,25216.9,0
1.91918,3597.57,-68.7773,-7.70604,5.01116,27319.1,0
2.19767,3606.78,-62.6127,-6.88599,1.80965,19668.1,0
2.47317,3597.48,-80.5842,10.5766,3.67303,21236,0
2.74254,3602.2,-72.2401,20.1344,2.4387,17428,0
3.014,3597.94,-73.5225,29.5708,3.56311,17274.2,0
3.29234,3587.24,-60.1881,39.1152,8.21822,19061.1,0
3.56682,3592.65,-58.8532,44.3461,5.57858,16077.4,0
3.83756,3584.93,-57.3838,44.2018,8.54347,16956.4,0
4.10807,3586.15,-60.9345,41.3787,7.34218,15542.1,0
4.38267,3571.02,-55.1454,42.6709,2.31481,18020.4,0
4.65375,3577.32,-43.1153,45.8347,0.328485,15616.8,0
4.92205,3575.95,-38.9346,33.7148,2.35231,15043.6,0
5.20068,3574.53,-46.8674,38.7122,1.87692,14511.7,0
5.47683,3567.07,-32.4334,26.7383,7.82519,15141.5,0
5.7534,3580.47,-21.9072,28.7354,1.2491,12084.3,0
6.02996,3566.08,-26.8512,40.4786,7.35204,13917,0
6.29607,3546.26,-19.3901,45.8158,6.13472,16476.6,0
6.564,3539.12,-23.6106,53.6715,7.92321,16892.5,0
6.8387,3530.52,-21.259,44.2621,4.18653,17471.6,0
7.11161,3528.78,-23.003,30.7887,8.60352,17045.6,0
7.39032,3523.19,-16.3548,36.5203,12.4096,17158.3,0
7.65755,3516.79,-22.515,33.8274,5.99967,17395.9,0
7.93056,3526.68,-19.963,25.895,0.158929,15550.6,0
8.20936,3506.93,-14.9601,33.714,5.48563,17428.2,0
8.47984,3509.96,-14.6204,20.2706,10.3475,16514.3,0
8.75408,3513.57,-5.11916,12.8729,0.792779,15585,0
8.8926,3500.29,-0.585345,-0.172916,21.3956,16835.5,3
