0.0243945,0.666299,0,0,1.00747,27313.4,0
0.0468026,0.811115,0,0,1.22683,17330.6,0
0.0729967,0.541003,0,0,0.818559,7411.33,0
0.0997618,0.752173,0,0,1.12569,7539.69,0
0.125504,11.0797,0,0,0.812142,88281.4,1
0.151417,18.4606,0,0,11.8582,121919,1
0.177468,13.797,0,0,4.89261,77743.8,1
0.200319,15.2104,0,0,7.00701,75931,1
0.227045,12.1862,0,0,2.47286,53673.2,1
0.252657,13.958,0,0,5.12193,55244.7,1
0.278249,16.5205,0,0,8.9586,59373.3,1
0.301808,10.9258,0,0,0.564966,36201.1,1
0.332046,32.9614,0,0,7.02831,99267.4,1
0.360373,33.3518,0,0,7.59561,92547.9,1
0.385574,40.1371,0,0,3.41842,104097,1
0.408253,39.7418,0,0,2.7976,97345.9,1
0.432975,38.8052,0,0,1.39668,89624.6,1
0.462214,42.4961,0,0,6.93383,91940.3,1
0.490364,40.5365,0,0,3.9926,82666.1,1
0.513056,52.3175,0,0,7.32536,101972,1
0.538827,48.254,0,0,1.24345,89553.7,1
0.564331,50.0334,0,0,3.90591,88659.6,1
0.587849,58.0646,0,0,0.162916,98774.7,2
0.613402,63.6006,0,0,8.46191,103685,2
0.637099,59.0745,0,0,1.68027,92724.3,2
0.660622,61.1477,0,0,4.7786,92560.9,2
0.688647,64.7006,0,0,10.0919,93953.3,2
0.709638,68.498,0,0,0.0127411,96525.4,3
0.734705,70.065,0,0,2.36124,95364.9,3
0.753465,73.6693,0,0,7.76156,97774,3
0.776194,68.6599,0,0,0.274353,88457.1,3
0.804064,68.4787,0,0,0.00240841,85165.7,3
0.835624,68.7348,0,0,0.395435,82255.6,3
0.866344,71.9505,0,0,5.22679,83050.8,3
0.891913,69.1994,0,0,1.10319,77585.4,3
0.912178,68.5138,0,0,0.0839787,75110.1,3
0.936398,72.4781,0,0,6.02263,77400.9,3
0.957351,79.6206,0,0,16.6746,83167.6,3
0.98234,80.7138,0,0,2.53501,82164.8,4
1.00653,81.5327,0,0,3.76076,81003.5,4
1.02827,87.7768,0,0,13.1198,85363.5,4
1.0526,81.6628,0,0,3.96346,77581.7,4
1.07791,79.7872,0,0,1.15149,74020.3,4
1.10254,86.6408,0,0,11.3971,78583,4
1.12969,79.0524,0,0,0.00498308,69977,4
1.15437,86.9225,0,0,11.8045,75298.4,4
1.18111,89.2396,0,0,0.91601,75555.5,4
1.20342,91.6107,0,0,4.46768,76125.4,4
1.23222,88.6553,0,0,0.0271951,71947.3,4
1.25518,89.4967,0,0,1.28688,71301.7,4
1.28442,88.6772,0,0,0.0514418,69040.4,4
1.31076,92.5292,0,0,5.82619,70592,4
1.33259,88.8191,0,0,0.282962,66651.7,4
1.35351,88.822,0,0,0.260798,65623.5,4
1.38311,104.953,0,0,12.757,75881.5,4
1.4065,105.933,0,0,2.52242,75316.5,4
1.4308,112.798,0,0,12.7795,78836,4
1.45666,116.741,0,0,4.34857,80142.6,4
1.47964,114.828,0,0,1.48139,77605.7,4
1.50711,115.084,0,0,1.87622,76360.8,4
1.53009,114.783,0,0,1.4348,75017.5,4
1.55738,116.009,0,0,3.26622,74489.7,4
1.57891,113.869,0,0,0.0746532,72118.6,4
1.60536,114.489,0,0,1.00287,71317,4
1.63407,115.9,0,0,3.10038,70927.1,4
1.65973,115.512,0,0,2.51322,69596.8,4
1.68385,130.472,0,0,13.2474,77484.6,4
1.71099,123.171,0,0,2.3088,71988.4,4
1.73932,126.897,0,0,7.8993,72958,4
1.76375,134.531,0,0,6.11318,76275.5,4
1.78969,136.443,0,0,8.98782,76238.6,4
1.81098,140.035,0,0,0.0255378,77325.6,4
1.84006,140.834,0,0,1.21599,76537.7,4
1.86315,143.584,0,0,5.32265,77065,4
1.8853,140.137,0,0,0.15961,74331.4,4
1.91268,141.69,0,0,2.48445,74079.3,4
1.93997,145.202,0,0,7.74219,74847.5,4
1.96239,144.005,0,0,5.93697,73382.4,4
1.98333,142.5,0,0,3.66714,71848.8,4
2.01022,150.987,0,0,2.04064,75109.7,4
2.03614,154.246,0,0,6.925,75753.9,4
2.05967,159.869,0,0,15.3594,77618.7,4
2.09014,172.177,0,0,8.07308,82375.7,5
2.11793,178.257,0,0,1.4216,84165.7,6
2.14309,180.802,0,0,5.2423,84365.4,6
2.16928,180.891,0,0,5.38738,83387.7,6
2.19401,190.304,0,0,7.79387,86738.1,6
2.2214,185.26,0,0,0.228518,83398.1,6
2.24712,186.899,0,0,2.68824,83172.8,6
2.27116,185.469,0,0,0.550353,81662.8,6
2.29285,192.554,0,0,11.1635,83980.1,6
2.31663,205.646,0,0,0.683084,88769.6,7
2.33828,205.205,0,0,0.0168176,87759,7
2.36811,205.479,0,0,0.429411,86769.2,7
2.39661,208.226,0,0,4.54996,86883.8,7
2.42368,214.232,0,0,13.5505,88391.5,7
2.44683,219.957,0,0,6.35313,89894.9,8
2.47402,231.025,0,0,22.9279,93380.4,8
2.50495,230.488,0,0,7.79617,92013.1,8
2.53164,239.661,0,0,5.75699,94666.6,9
2.55641,245.434,0,0,14.4125,96007.2,9
2.58081,245.68,0,0,3.08378,95194.8,9
2.60687,243.651,0,0,0.051098,93465,9
2.63287,247.403,0,0,5.65868,93967,9
2.65897,252.616,0,0,13.4695,95005.2,9
2.68417,266.003,0,0,1.9985,99100.4,11
2.7064,264.71,0,0,0.0581429,97808.9,11
2.7343,264.869,0,0,0.299671,96869,11
2.76031,272.721,0,0,0.375141,98800.6,11
2.78667,272.491,0,0,0.032726,97783.9,11
2.81079,274.973,0,0,3.75457,97827.5,11
2.83557,272.475,0,0,0.000839152,96091.9,11
2.85971,279.004,0,0,9.78536,97563.7,11
2.88786,285.272,0,0,19.1761,98782.9,11
2.91205,285.801,0,0,6.71771,98144.2,11
2.93579,282.871,0,0,2.35143,96352.5,11
2.96389,281.306,0,0,0.0116991,94911.1,11
2.99061,281.641,0,0,0.50719,94175.3,11
3.01353,281.703,0,0,0.584675,93479.2,11
3.03923,295.323,0,0,5.22015,97170.5,12
3.06291,296.597,0,0,7.1376,96835.2,12
3.08718,301.994,0,0,0.905689,97822.1,12
3.10695,304.666,0,0,4.90657,98059.4,12
3.13362,308.35,0,0,10.4155,98400.6,12
3.1567,311.937,0,0,0.0266191,98817.4,13
3.1807,316.208,0,0,6.42378,99414.5,13
3.20455,313.404,0,0,2.22983,97799.7,13
3.22975,315.866,0,0,5.91164,97799.1,13
3.25354,311.939,0,0,0.0359031,95876.9,13
3.27713,315.074,0,0,4.73134,96143.4,13
3.3064,313.949,0,0,3.05058,94951.8,13
3.32958,316.702,0,0,7.17645,95117.9,13
3.35711,315.58,0,0,5.47578,94003.5,13
3.37987,316.826,0,0,7.32472,93739.1,13
3.40885,326.447,0,0,0.824882,95764.4,13
3.43547,326.974,0,0,1.60737,95175.8,13
3.46186,326.183,0,0,0.413502,94221.9,13
3.49112,327.844,0,0,2.91289,93908,13
3.51647,331.483,0,0,8.3246,94265.9,13
3.54426,334.597,0,0,1.28995,94405.2,13
3.56682,337.885,0,0,6.22821,94730.1,13
3.59494,335.463,0,0,2.6063,93315.3,13
3.61954,336.819,0,0,4.63241,93055.8,13
3.64152,333.794,0,0,0.093064,91663.6,13
3.66667,333.753,0,0,0.0334004,91023.6,13
3.69405,336.992,0,0,4.88418,91225.7,13
3.72048,350,0,0,8.60008,94073.9,14
3.74268,353.185,0,0,0.170091,94366.7,14
3.76841,355.242,0,0,3.25614,94268.3,14
3.79539,353.079,0,0,0.0174831,93028.4,14
3.81923,353.369,0,0,0.435421,92523.8,14
3.84436,356.176,0,0,4.64871,92648.8,14
3.86965,354.986,0,0,2.87068,91735.7,14
3.89567,357.453,0,0,6.53146,91756.5,14
3.92449,356.072,0,0,4.45363,90730.7,14
3.94855,358.195,0,0,7.64001,90715.6,14
3.97531,354.304,0,0,1.81433,89126.1,14
4.00492,355.869,0,0,4.15144,88858,14
4.0326,360.127,0,0,10.4947,89303.9,14
4.05298,355.592,0,0,3.66684,87735.8,14
4.07606,353.809,0,0,0.993891,86801.6,14
4.10032,358.683,0,0,8.29582,87477,14
4.12532,366.686,0,0,8.60538,88886.8,14
4.1506,361.37,0,0,0.646493,87064.5,14
4.17281,361.137,0,0,0.290423,86545.3,14
4.19735,362.749,0,0,2.71102,86423.3,14
4.22242,361.123,0,0,0.272649,85525.2,14
4.24914,363.832,0,0,4.32533,85624.8,14
4.27077,366.909,0,0,8.91336,85911.7,14
4.29383,370.685,0,0,14.526,86329.6,14
4.31685,361.061,0,0,0.0973683,83639.9,14
4.34541,371.751,0,0,0.334802,85550.4,15
4.36828,381.265,0,0,2.86542,87280.4,15
4.39362,381.825,0,0,3.70298,86904.3,15
4.41749,387.24,0,0,0.137474,87660.8,15
4.44548,396.717,0,0,8.46235e-06,89240.6,15
4.47182,397.281,0,0,0.846169,88840.9,15
4.49531,397.281,0,0,0.848602,88376.8,15
4.52186,398.194,0,0,2.20874,88059.6,15
4.54401,405.958,0,0,0.64861,89339.2,15
4.56774,408.822,0,0,4.92584,89502,15
4.59065,405.575,0,0,0.0574047,88348,15
4.61851,409.604,0,0,6.05336,88687.4,15
4.6472,416.505,0,0,0.644067,89624.9,16
4.6705,416.463,0,0,0.589084,89168.8,16
4.69777,417.64,0,0,2.35074,88901.9,16
4.71968,425.136,0,0,0.380474,90077.4,16
4.74025,430.018,0,0,7.68058,90716.2,16
4.76709,425.992,0,0,1.64661,89361,16
4.79111,426.635,0,0,2.59623,89047.2,16
4.8189,425.401,0,0,0.745152,88277.6,16
4.84861,434.465,0,0,14.3005,89606.2,16
4.87417,438.9,0,0,9.2528,90046.1,16
4.89986,434.048,0,0,1.98048,88583.7,16
4.92427,437.281,0,0,6.81589,88801.3,16
4.94526,435.743,0,0,4.51086,88113.3,16
4.96928,444.517,0,0,17.6618,89453,16
4.99566,442.774,0,0,3.32545,88631.7,16
5.02918,461.713,0,0,6.79421,91806.8,16
5.05428,461.011,0,0,5.74772,91211.8,16
5.07954,463.772,0,0,9.88333,91302.1,16
5.10635,461.987,0,0,7.21041,90473.1,16
5.13411,457.91,0,0,1.09796,89189.9,16
5.15808,458.23,0,0,1.57404,88837.4,16
5.18118,459.61,0,0,3.62609,88707.5,16
5.20542,462.089,0,0,7.32876,88770.7,16
5.22953,458.886,0,0,2.51055,87748.9,16
5.25347,457.246,0,0,0.0562993,87036.9,16
5.28139,457.523,0,0,0.457942,86629.4,16
5.30779,457.858,0,0,0.948755,86261.4,16
5.33017,458.765,0,0,2.31082,86069.6,16
5.35302,483.683,0,0,5.35429,90357,17
5.37805,489.31,0,0,2.05279,90982.9,17
5.4017,488.352,0,0,0.623765,90407.2,17
5.42608,497.487,0,0,8.20713e-05,91684.5,17
5.4521,497.661,0,0,0.261379,91278.8,17
5.47708,507.895,0,0,15.556,92731.1,17
5.50387,518.593,0,0,15.7997,94223.3,18
5.5281,526.95,0,0,4.95532,95322,18
5.55351,525.704,0,0,3.08606,94661.5,18
5.57457,536.757,0,0,6.4364,96286.7,18
5.59861,534.096,0,0,2.45003,95398,18
5.62357,534.165,0,0,2.56186,94986.8,18
5.65051,532.826,0,0,0.54627,94297,18
5.67471,536.774,0,0,6.46034,94590.6,18
5.70416,535.317,0,0,4.27065,93846.8,18
5.73358,534.509,0,0,3.06524,93224.4,18
5.75791,534.148,0,0,2.52545,92767.7,18
5.78236,538.513,0,0,9.05344,93130.2,18
5.80761,532.479,0,0,0.0128071,91686.4,18
5.83272,532.799,0,0,0.493181,91346.6,18
5.85755,532.465,0,0,0.000545,90902.3,18
5.88428,539.768,0,0,10.9451,91730.6,18
5.91236,537.312,0,0,7.27128,90879.6,18
5.93657,532.513,0,0,0.0955049,89700.5,18
5.957,536.347,0,0,5.84167,90036.5,18
5.98041,534.021,0,0,2.35572,89295,18
6.00526,540.451,0,0,11.9854,89996.3,18
6.03363,533.32,0,0,1.29539,88391.2,18
6.05866,548.256,0,0,7.88367,90491.4,19
6.08691,550.033,0,0,10.555,90363.2,19
6.11466,560.817,0,0,10.9488,91716.8,20
6.13999,567.341,0,0,4.94331,92400.9,21
6.1614,574.671,0,0,15.907,93269.5,21
6.1863,569.846,0,0,8.6696,92114.2,21
6.20822,566.192,0,0,3.19235,91200.3,21
6.23452,575.743,0,0,3.17727,92347.5,21
6.25912,579.908,0,0,9.4031,92650,21
6.28406,584.878,0,0,2.4905,93073.3,21
6.30806,583.545,0,0,0.487301,92507.8,21
6.33279,593.8,0,0,0.0775471,93766,22
6.3569,598.853,0,0,7.61196,94205.2,22
6.38141,598.224,0,0,6.6627,93744.8,22
6.41108,607.186,0,0,8.39521,94708.8,22
6.43119,602.923,0,0,2.01114,93749.9,22
6.45801,608.738,0,0,10.7143,94261,22
6.48248,613.037,0,0,1.39231,94568.3,23
6.50582,619.26,0,0,10.6828,95185.4,23
6.52889,620.091,0,0,0.231757,94976.5,23
6.5552,633.017,0,0,7.9035,96567.2,23
6.57749,628.101,0,0,0.532164,95492.5,23
6.59859,638.374,0,0,15.9281,96744,23
6.62538,651.106,0,0,7.53034,98274.5,24
6.65138,647.399,0,0,1.96681,97333,24
6.6739,647.346,0,0,1.8875,96996.7,24
6.69736,646.083,0,0,0.000112026,96468.4,24
6.72176,647.223,0,0,1.71035,96287.8,24
6.74194,649.63,0,0,5.29753,96356.6,24
6.76628,648.864,0,0,4.15075,95896.7,24
6.79041,651.36,0,0,7.87433,95923.5,24
6.81494,664.493,0,0,0.000667987,97505.4,24
6.83924,668.651,0,0,6.22786,97766.9,24
6.86048,665.323,0,0,1.24874,96979,24
6.87866,664.487,0,0,4.99181e-05,96601.3,24
6.90334,668.441,0,0,5.92178,96828.6,24
6.92682,666.381,0,0,2.83117,96203,24
6.95375,665.864,0,0,2.05251,95756.2,24
6.97923,666.803,0,0,3.44658,95541.1,24
7.00105,667.504,0,0,4.49421,95343.4,24
7.02419,668.036,0,0,5.29577,95105.2,24
7.05028,671.498,0,0,10.4807,95244.2,24
7.08097,665.082,0,0,0.866787,93925.2,24
7.10533,665.138,0,0,0.949605,93611.1,24
7.1304,666.549,0,0,3.077,93479.8,24
7.15982,664.726,0,0,0.345834,92841.1,24
7.18093,664.551,0,0,0.0819959,92543.9,24
7.20763,671.992,0,0,11.2361,93233.4,24
7.23263,681.919,0,0,10.3362,94283.6,25
7.25465,685.619,0,0,0.144086,94507.6,26
7.28137,685.631,0,0,0.167024,94162.4,26
7.30855,689.925,0,0,6.59063,94399.7,26
7.33503,685.638,0,0,0.169607,93474.5,26
7.36089,695.489,0,0,1.73869,94484.4,26
7.38663,700.245,0,0,8.85604,94799,26
7.412,697.079,0,0,4.11274,94047.4,26
7.44067,696.976,0,0,3.95509,93671.1,26
7.4648,699.034,0,0,7.04007,93644,26
7.49033,694.403,0,0,0.102846,92706.6,26
7.51671,700.464,0,0,9.1902,93187.5,26
7.5431,699.496,0,0,7.73325,92733.2,26
7.57072,701.96,0,0,11.4062,92720.4,26
7.59581,698.889,0,0,6.8241,92009.8,26
7.62403,695.035,0,0,1.03756,91163.7,26
7.64938,697.445,0,0,4.6256,91176.6,26
7.67624,698.831,0,0,6.70857,91038.2,26
7.70269,712.65,0,0,1.38288,92519.6,26
7.72938,712.143,0,0,0.622113,92134.5,26
7.75406,712.018,0,0,0.442276,91825.2,26
7.77954,713.762,0,0,3.05223,91748.6,26
7.80437,717.894,0,0,9.24372,91986.1,26
7.82671,719.109,0,0,11.0675,91878.8,26
7.84998,711.787,0,0,0.0904703,90673.8,26
7.87401,711.889,0,0,0.234343,90410,26
7.90195,722.445,0,0,0.26862,91426.2,27
7.9248,722.292,0,0,0.0306341,91143.3,27
7.94908,725.392,0,0,4.67528,91254.8,27
7.97445,729.317,0,0,10.5568,91456.6,27
7.99765,722.81,0,0,0.787816,90377.8,27
8.02547,726.109,0,0,5.72913,90475.6,27
8.05582,724.538,0,0,3.37486,89939.8,27
8.08489,728.824,0,0,9.79795,90146.5,27
8.10942,731.131,0,0,0.0349943,90158.2,27
8.13192,734.896,0,0,5.66642,90371.8,27
8.1583,748.186,0,0,9.80482,91708.5,28
8.18589,755.456,0,0,8.94938,92287.6,28
8.21187,757.823,0,0,0.778277,92283.9,28
8.23359,759.042,0,0,2.60039,92188.5,28
8.26513,757.541,0,0,0.349669,91655,28
8.29154,757.992,0,0,1.01685,91417.5,28
8.31457,757.415,0,0,0.158037,91094.8,28
8.34652,757.414,0,0,0.14968,90746.2,28
8.36772,760.508,0,0,4.7662,90885.9,28
8.39328,758.893,0,0,2.34694,90416.7,28
8.41833,763.417,0,0,9.12605,90685.1,28
8.44366,759.007,0,0,2.54343,89890.7,28
8.4718,758.662,0,0,2.02295,89551.5,28
8.49763,764.019,0,0,10.0469,89909.6,28
8.52213,757.535,0,0,0.312331,88890.4,28
8.54896,759.598,0,0,3.39771,88852.7,28
8.5758,763.482,0,0,9.21316,89027.5,28
8.60776,758.846,0,0,2.27349,88158.4,28
8.63778,764.158,0,0,10.2245,88466.9,28
8.66216,763.08,0,0,8.59736,88093.5,28
8.6848,758.146,0,0,1.14682,87295.8,28
8.71298,772.2,0,0,8.97999,88626.4,28
8.73988,780.743,0,0,7.41083,89331.1,28
8.76792,777.718,0,0,2.87979,88700.5,28
8.79398,793.175,0,0,11.7055,90195.2,28
8.82198,801.289,0,0,10.5868,90828.8,28
8.84413,795.705,0,0,2.21786,89969.8,28
8.869,806.788,0,0,3.04344,90967.1,29
8.89285,819.527,0,0,6.3694,92155.7,30
8.92094,818.141,0,0,4.26616,91710.1,30
8.95312,827.261,0,0,2.15048,92399.2,31
8.97898,825.856,0,0,0.0513286,91976.6,31
9.0046,828.387,0,0,3.851,91996,31
9.02717,827.57,0,0,2.60002,91675.4,31
9.05509,826.546,0,0,1.06527,91279.7,31
9.08066,835.72,0,0,0.461857,92033,31
9.10235,837.166,0,0,2.62823,91972.5,31
9.12791,840.991,0,0,8.36434,92134,31
9.15178,836.817,0,0,2.1066,91437.6,31
9.17823,849.428,0,0,5.21894,92548,32
9.20498,851.409,0,0,8.18211,92494.3,32
9.22936,846.455,0,0,0.758262,91713.3,32
9.25798,853.233,0,0,10.9071,92161.9,32
9.28681,855.838,0,0,3.11927,92156.3,32
9.3121,857.877,0,0,6.17342,92125,32
9.33918,863.469,0,0,0.212853,92456.6,32
9.36237,873.307,0,0,14.9511,93278.4,32
9.38854,874.493,0,0,3.54181,93144.7,32
9.41489,872.314,0,0,0.294722,92652.5,32
9.44199,873.976,0,0,2.76527,92562.6,32
9.46774,879.475,0,0,10.9992,92891.8,32
9.49125,873.243,0,0,1.66168,92005.1,32
9.51776,877.769,0,0,8.45372,92224.3,32
9.54077,875.49,0,0,5.04229,91763,32
9.56665,874.046,0,0,2.84482,91363.8,32
9.59104,873.964,0,0,2.7203,91123,32
9.61372,873.04,0,0,1.33429,90811.9,32
9.64129,874.554,0,0,3.6168,90709.2,32
9.666,876.962,0,0,7.23714,90726.4,32
9.69433,880.015,0,0,11.8116,90776.2,32
9.71973,883.07,0,0,3.17398,90853.4,32
9.74342,881.34,0,0,0.57616,90454.9,32
9.7689,881.419,0,0,0.67667,90227.1,32
9.79535,889.684,0,0,13.0078,90827.2,32
9.81673,890.643,0,0,0.0889305,90727.1,32
9.8428,895.179,0,0,6.88037,90947.7,32
9.86973,890.769,0,0,0.275204,90252.6,32
9.89305,897.204,0,0,9.90305,90690.3,32
9.92099,894.209,0,0,5.41365,90133,32
9.94188,890.609,0,0,0.0172409,89581.5,32
9.96624,890.604,0,0,0.000499174,89362.1,32
9.98835,893.824,0,0,4.81688,89486.7,32
10.0003,890.757,0,0,0.227084,89073.4,32
