0.0214739,9.24274,0,0,2.58571,430418,0
0.0478044,8.6565,0,0,2.41823,181082,0
0.0688498,8.62022,0,0,2.40371,125203,0
0.0933863,0.728982,0,0,0.198746,7806.09,0
0.117274,6.44018,0,0,1.79619,54915.8,0
0.142367,1.98397,0,0,0.550053,13935.7,0
0.167889,0.464473,0,0,0.119865,2766.55,0
0.195123,9.19372,0,0,2.55811,47117.6,0
0.217615,0.896949,0,0,0.231569,4121.72,0
0.248654,6.34648,0,0,1.7528,25523.3,0
0.27582,3.17069,0,0,0.864711,11495.5,0
0.303868,6.46933,0,0,1.78593,21289.9,0
0.328713,22.5874,0,0,6.29873,68714.5,0
0.349711,24.0834,0,0,6.70922,68866.6,0
0.375976,20.1081,0,0,5.60608,53482.5,0
0.401894,4.81107,0,0,1.32944,11971,0
0.430259,0.861604,0,0,0.227192,2002.52,0
0.452777,0.717497,0,0,0.188217,1584.66,0
0.478423,10.3053,0,0,2.86937,21540.2,0
0.502803,9.02184,0,0,2.51494,17943.1,0
0.528569,0.217746,0,0,0.0539373,411.954,0
0.553097,17.2519,0,0,4.81319,31191.5,0
0.576274,15.1309,0,0,4.21213,26256.4,0
0.60544,15.5109,0,0,4.32718,25619.2,0
0.630417,16.9005,0,0,4.70442,26808.4,0
0.65505,5.19927,0,0,1.42574,7937.21,0
0.680414,0.8322,0,0,0.202489,1223.08,0
0.704149,0.168289,0,0,0.0159929,238.996,0
0.73094,12.9832,0,0,3.58782,17762.3,0
0.755654,0.158767,0,0,0.00083867,210.105,0
0.784554,8.76066,0,0,2.40646,11166.4,0
0.806535,0.168406,0,0,0.0024299,208.802,0
0.830775,7.9428,0,0,2.17684,9560.71,0
0.859574,0.727757,0,0,0.15601,846.648,0
0.88402,0.265053,0,0,0.0256706,299.826,0
0.908698,0.168044,0,0,0.000129823,184.928,0
0.938305,0.322131,0,0,0.0441771,343.312,0
0.963241,8.55367,0,0,2.33916,8880.1,0
0.986984,0.882582,0,0,0.194005,894.222,0
1.01319,11.8576,0,0,3.26696,11703.2,0
1.0395,19.4426,0,0,5.37879,18703.8,0
1.06172,18.9505,0,0,5.23775,17849,0
1.086,11.4025,0,0,3.12317,10499.6,0
1.11741,1.24126,0,0,0.281834,1110.84,0
1.14301,17.1152,0,0,4.72256,14973.8,0
1.16843,0.689611,0,0,0.123602,590.202,0
1.19356,10.9841,0,0,3.00237,9202.85,0
1.22164,3.28884,0,0,0.853501,2692.16,0
1.24423,3.46635,0,0,0.903142,2785.95,0
1.26975,19.0034,0,0,5.24272,14966.2,0
1.29429,10.3181,0,0,2.80604,7972,0
1.3211,0.300949,0,0,0.00257986,227.802,0
1.3466,4.47512,0,0,1.16712,3323.28,0
1.37085,3.40994,0,0,0.869255,2487.46,0
1.3938,2.435,0,0,0.599662,1747.02,0
1.41891,1.93332,0,0,0.457075,1362.54,0
1.44585,8.8935,0,0,2.4039,6151.04,0
1.47195,33.0704,0,0,9.17387,22467,0
1.49991,38.3973,0,0,10.6419,25599.8,0
1.52767,35.2592,0,0,9.76893,23080.4,0
1.55243,50.7081,0,0,14.0674,32663.7,0
1.5755,42.4454,0,0,0.0491235,26941,0
1.59728,52.5758,0,0,2.88281,32915.7,0
1.6264,45.3004,0,0,0.840029,27853.2,0
1.65314,48.3597,0,0,1.69554,29253.3,0
1.67439,42.3761,0,0,0.0209331,25308.3,0
1.69482,42.8365,0,0,0.148495,25274.9,0
1.71806,49.9845,0,0,2.14808,29093.5,0
1.7456,51.0309,0,0,2.44535,29233.9,0
1.76921,61.0202,0,0,5.23784,34490.2,0
1.79428,55.7901,0,0,3.76105,31093.4,0
1.82349,65.1067,0,0,6.36561,35704.4,0
1.84936,70.1133,0,0,7.77127,37912.1,0
1.8749,68.1725,0,0,7.21685,36360.6,0
1.90235,66.9142,0,0,6.83874,35174.5,0
1.92394,64.1922,0,0,6.0771,33364.9,0
1.95302,57.4226,0,0,4.19469,29402,0
1.97958,70.0489,0,0,7.71335,35385.8,0
2.00586,70.4387,0,0,7.80043,35116.5,0
2.03193,70.3876,0,0,7.75437,34640.8,0
2.05756,79.5612,0,0,10.3167,38667.7,0
2.08061,64.5637,0,0,6.08784,31031.2,0
2.10223,60.4195,0,0,4.926,28740.7,0
2.12293,59.2855,0,0,4.61492,27926.3,0
2.1486,62.4262,0,0,5.49082,29054.3,0
2.17205,53.3841,0,0,2.95219,24577.8,0
2.19808,43.1694,0,0,0.0966457,19639.6,0
2.22452,44.242,0,0,0.398544,19888.4,0
2.24988,47.7823,0,0,1.38997,21237.7,0
2.27497,42.8195,0,0,5.59285e-05,18822,0
2.30243,56.1252,0,0,3.72343,24376.5,0
2.32304,61.545,0,0,5.22022,26493.3,0
2.34589,74.1989,0,0,8.74508,31629.4,0
2.37108,77.0328,0,0,9.51496,32488.5,0
2.39461,61.8192,0,0,5.21403,25815.9,0
2.41895,60.6507,0,0,4.8809,25073.2,0
2.44475,69.6252,0,0,7.38931,28479.5,0
2.46744,86.4784,0,0,12.1036,35047.9,0
2.4925,73.8917,0,0,8.56242,29645.6,0
2.51874,73.0028,0,0,8.29177,28983.8,0
2.54239,59.6527,0,0,4.51882,23463.3,0
2.56341,69.399,0,0,7.23745,27073,0
2.58391,69.7968,0,0,7.35364,27012.1,0
2.60445,73.8775,0,0,8.50269,28365.9,0
2.62582,89.7134,0,0,12.8907,34165.9,0
2.65123,88.4512,0,0,0.870747,33362.4,0
2.6755,89.5125,0,0,1.16753,33456.4,0
2.70191,87.1944,0,0,0.518345,32271.4,0
2.72939,100.948,0,0,4.3627,36985.6,0
2.75353,110.858,0,0,7.13531,40260.2,0
2.77887,110.923,0,0,7.16616,39916.5,0
2.80075,110.894,0,0,7.17033,39594.3,0
2.82813,101.429,0,0,4.5106,35864.2,0
2.85095,108.815,0,0,6.55776,38168,0
2.8736,114.069,0,0,8.01372,39695.7,0
2.89916,108.912,0,0,6.57928,37566.9,0
2.92654,97.1617,0,0,3.29104,33200.2,0
2.95093,108.84,0,0,6.53081,36883.1,0
2.97473,115.732,0,0,8.45955,38905.1,0
3.0023,114.757,0,0,8.17614,38222.8,0
3.02618,107.49,0,0,6.15217,35520,0
3.04976,91.0723,0,0,1.55385,29862.1,0
3.07428,85.9694,0,0,0.127041,27964,0
3.09848,86.0012,0,0,0.134965,27755.9,0
3.12485,89.0516,0,0,0.98652,28497.9,0
3.15121,88.4613,0,0,0.820326,28072.1,0
3.18176,97.5336,0,0,3.35783,30654,0
3.20032,97.8197,0,0,3.42908,30565.6,0
3.22095,103.325,0,0,4.97042,32079,0
3.24781,100.429,0,0,4.15854,30922.2,0
3.26746,105.817,0,0,5.6675,32385.2,0
3.29064,104.553,0,0,5.30014,31773,0
3.32078,116.863,0,0,8.75065,35191.5,0
3.34648,114.346,0,0,8.05089,34169.1,0
3.37241,119.622,0,0,9.51786,35470.6,0
3.39384,125.345,0,0,11.0741,36933.3,0
3.41825,128.145,0,0,0.170284,37488.4,0
3.44065,132.968,0,0,1.51718,38646,0
3.46774,128.483,0,0,0.264507,37051,0
3.4884,132.684,0,0,1.43911,38035.7,0
3.52032,127.588,0,0,0.0104864,36243.4,0
3.54742,144.018,0,0,4.605,40598.1,0
3.56934,147.977,0,0,5.73638,41457.8,0
3.594,147.432,0,0,5.57077,41021.7,0
3.62184,144.999,0,0,4.88614,40034.8,0
3.64696,141.903,0,0,4.01158,38909.9,0
3.67272,152.999,0,0,7.08549,41658.3,0
3.70366,145.212,0,0,4.90197,39207.7,0
3.72685,128.774,0,0,0.295573,34553,0
3.74783,132.282,0,0,1.27507,35295.6,0
3.77245,130.707,0,0,0.834524,34647.7,0
3.79816,133.456,0,0,1.60412,35137,0
3.82323,127.766,0,0,0.0134504,33418.3,0
3.84887,127.732,0,0,0.00570668,33187,0
3.87184,137.508,0,0,2.73734,35514.8,0
3.89959,143.639,0,0,4.45275,36834.4,0
3.92088,141.317,0,0,3.80587,36042.1,0
3.94847,160.659,0,0,9.20708,40688.8,0
3.97468,160.855,0,0,9.22743,40469.8,0
4.00604,146.804,0,0,5.26059,36645.6,0
4.02859,146.73,0,0,5.23543,36422.1,0
4.05395,151.558,0,0,6.59063,37385.3,0
4.07754,148.631,0,0,5.75173,36451.1,0
4.10323,140.109,0,0,3.36826,34146.1,0
4.1343,128.38,0,0,0.0867099,31052.3,0
4.15758,137.655,0,0,2.68041,33109.3,0
4.18383,128.14,0,0,0.0133978,30627.5,0
4.20788,129.166,0,0,0.299511,30696.3,0
4.23231,131.549,0,0,0.966211,31082.2,0
4.25606,131.206,0,0,0.869001,30827.9,0
4.27772,140.131,0,0,3.36203,32758.3,0
4.30516,148.443,0,0,5.6911,34480.1,0
4.32825,146.357,0,0,5.12668,33814.3,0
4.35229,148.06,0,0,5.58702,34018.8,0
4.37877,158.038,0,0,8.365,36092,0
4.40187,148.449,0,0,5.69257,33724.1,0
4.43618,135.853,0,0,2.16495,30623.7,0
4.46233,128.341,0,0,0.0650041,28760.9,0
4.49479,129.811,0,0,0.476423,28880.4,0
4.51711,143.053,0,0,4.16626,31669.1,0
4.54429,138.064,0,0,2.76567,30381.8,0
4.57157,128.175,0,0,0.000897563,28037.4,0
4.59694,141.111,0,0,3.62078,30696.6,0
4.625,136.212,0,0,2.25943,29451.2,0
4.64598,128.335,0,0,0.056713,27622.7,0
4.67357,132.491,0,0,1.22265,28348.9,0
4.69413,128.178,0,0,0.0170285,27306.1,0
4.71679,129.366,0,0,0.348796,27426.7,0
4.74572,130.299,0,0,0.610901,27456,0
4.76889,128.665,0,0,0.153851,26980,0
4.79807,128.122,0,0,0.0036498,26702.9,0
4.82211,135.664,0,0,2.11123,28133.7,0
4.84405,128.597,0,0,0.134952,26547.4,0
4.86918,132.397,0,0,1.1952,27190.7,0
4.8972,152.157,0,0,6.72052,31070.3,0
4.92129,155.065,0,0,7.53198,31509.1,0
4.94622,158.868,0,0,8.58633,32119.1,0
4.97016,158.273,0,0,8.39548,31844.7,0
4.99938,150.745,0,0,6.30054,30152.9,0
5.02125,143.735,0,0,4.33942,28625.4,0
5.04765,148.978,0,0,5.80925,29514.4,0
5.07598,161.442,0,0,9.26614,31805.1,0
5.09781,168.97,0,0,11.357,33145.7,0
5.12516,164.235,0,0,9.99943,32044.8,0
5.14989,163.579,0,0,9.7856,31763.6,0
5.17128,158.646,0,0,8.39001,30678.3,0
5.19795,154.487,0,0,7.23724,29720.9,0
5.22112,147.499,0,0,5.27693,28250.5,0
5.24491,138.921,0,0,2.87221,26486.8,0
5.27454,130.736,0,0,0.583349,24786.2,0
5.30026,128.783,0,0,0.0340371,24297.5,0
5.32613,131.609,0,0,0.823245,24710,0
5.35039,130.223,0,0,0.436031,24339,0
5.37902,139.18,0,0,2.94079,25874.6,0
5.40345,139.043,0,0,2.90317,25732.3,0
5.42566,129.655,0,0,0.272262,23896.7,0
5.45286,129.704,0,0,0.287164,23786.5,0
5.47794,130.847,0,0,0.608519,23886.2,0
5.50389,134.704,0,0,1.6886,24474.4,0
5.5332,133.252,0,0,1.28238,24082.2,0
5.55691,142.307,0,0,3.81908,25609,0
5.57881,133.011,0,0,1.22327,23842.2,0
5.60302,131.55,0,0,0.814598,23478.4,0
5.62507,128.718,0,0,0.0244555,22883,0
5.64573,130.404,0,0,0.496608,23097.8,0
5.67052,130.551,0,0,0.537223,23022.7,0
5.70185,149.57,0,0,5.86206,26231.8,0
5.72922,137.231,0,0,2.40459,23952.9,0
5.75293,130.695,0,0,0.572601,22717.9,0
5.77992,136.51,0,0,2.1989,23618,0
5.80831,136.599,0,0,2.22804,23517.9,0
5.83004,128.977,0,0,0.0963897,22122.8,0
5.85841,130.469,0,0,0.51534,22270.3,0
5.88769,139.104,0,0,2.92906,23626.2,0
5.9153,156.328,0,0,7.73484,26427.7,0
5.94052,160.485,0,0,8.89991,27015.4,0
5.96547,161.87,0,0,9.29381,27134.4,0
5.98959,152.636,0,0,6.70155,25483.5,0
6.01732,141.805,0,0,3.67644,23566.1,0
6.04538,153.788,0,0,7.0095,25439,0
6.06964,142.177,0,0,3.76955,23424.3,0
6.09773,146.683,0,0,5.02827,24055.3,0
6.1237,143.301,0,0,4.07911,23401,0
6.14825,131.279,0,0,0.718628,21352.3,0
6.17131,129.95,0,0,0.346928,21057.2,0
6.1913,133.495,0,0,1.33821,21561.7,0
6.21682,128.797,0,0,0.026553,20717.6,0
6.23854,142.519,0,0,3.86375,22844.9,0
6.26615,141.671,0,0,3.61932,22608.9,0
6.2863,138.702,0,0,2.78517,22064.2,0
6.30958,132.453,0,0,1.04012,20992.3,0
6.33606,133.688,0,0,1.38554,21099.5,0
6.35978,128.876,0,0,0.0420891,20264.2,0
6.38178,132.728,0,0,1.11829,20797.9,0
6.40775,144.943,0,0,4.53645,22620,0
6.43273,141.198,0,0,3.4921,21950,0
6.45799,128.752,0,0,0.0130289,19936.8,0
6.48722,147.804,0,0,5.34092,22783.9,0
6.51301,139.177,0,0,2.95037,21369.1,0
6.53828,129.14,0,0,0.1436,19751.4,0
6.56162,129.058,0,0,0.119818,19668.7,0
6.58761,138.339,0,0,2.71162,20999.9,0
6.6166,132.085,0,0,0.962799,19962.6,0
6.64065,135.825,0,0,2.00453,20453.6,0
6.66705,130.801,0,0,0.599369,19619,0
6.69072,142.372,0,0,3.82369,21279,0
6.71623,130.738,0,0,0.558764,19466,0
6.74351,135.387,0,0,1.85793,20076.7,0
6.76972,136.266,0,0,2.09956,20128.7,0
6.79294,151.342,0,0,6.30837,22279.3,0
6.82054,136.739,0,0,2.22241,20048.1,0
6.84773,130.886,0,0,0.585785,19113.8,0
6.87517,134.588,0,0,1.61843,19576,0
6.90063,141.508,0,0,3.55665,20506.5,0
6.92463,139.394,0,0,2.96239,20130.2,0
6.95046,128.933,0,0,0.0367281,18550.2,0
6.9762,144.706,0,0,4.45,20742.8,0
7.00322,153.044,0,0,6.77418,21853.4,0
7.03061,142.865,0,0,3.91617,20320.5,0
7.05775,144.615,0,0,4.41385,20490.3,0
7.08252,135.682,0,0,1.91497,19157.2,0
7.10761,136.485,0,0,2.13996,19202.7,0
7.13014,130.198,0,0,0.381814,18260.2,0
7.15585,136.836,0,0,2.23937,19122.2,0
7.18127,129.16,0,0,0.0934484,17985.7,0
7.20796,138.74,0,0,2.77004,19248.2,0
7.2279,128.835,0,0,0.000102619,17824.7,0
7.25024,131.866,0,0,0.849018,18187.8,0
7.278,135.662,0,0,1.91066,18640,0
7.30383,129.772,0,0,0.265847,17767.7,0
7.32854,129.102,0,0,0.0796102,17616.3,0
7.35457,129.12,0,0,0.0861527,17556.4,0
7.3793,137.366,0,0,2.39125,18615,0
7.40617,128.814,0,0,0.000122513,17392.9,0
7.43442,141.945,0,0,3.6704,19092.9,0
7.45684,144.201,0,0,4.29163,19338,0
7.48272,130.811,0,0,0.550527,17481.7,0
7.50374,132.434,0,0,1.00443,17649.1,0
7.52993,129.429,0,0,0.162739,17188.6,0
7.55576,131.422,0,0,0.720502,17393.7,0
7.58159,128.858,0,0,0.00175102,16996.1,0
7.60695,135.227,0,0,1.78355,17776.8,0
7.63054,139.209,0,0,2.89708,18243.7,0
7.65273,129.015,0,0,0.0445611,16858.7,0
7.67804,130.09,0,0,0.347619,16943.1,0
7.70111,133.422,0,0,1.27786,17325.1,0
7.72754,132.892,0,0,1.12945,17197.2,0
7.75944,137.635,0,0,2.45422,17737.8,0
7.78748,139.364,0,0,2.93808,17895.9,0
7.8145,129.69,0,0,0.23129,16596,0
7.83847,134.789,0,0,1.65912,17195.8,0
7.86613,132.479,0,0,1.01322,16841.7,0
7.89095,131.144,0,0,0.641478,16619.5,0
7.91404,136.091,0,0,2.02644,17196.2,0
7.9385,130.746,0,0,0.531584,16469.8,0
7.96473,136.389,0,0,2.10791,17124.1,0
7.99182,130.314,0,0,0.408647,16305.9,0
8.01992,129.055,0,0,0.0552006,16091.8,0
8.04533,140.519,0,0,3.25817,17465.9,0
8.07179,142.774,0,0,3.88934,17688.1,0
8.09665,146.399,0,0,4.89141,18081.5,0
8.12548,149.205,0,0,5.65613,18362.7,0
8.15401,135.79,0,0,1.88311,16653.2,0
8.17608,139.587,0,0,2.94459,17072.6,0
8.19946,129.963,0,0,0.253875,15850.2,0
8.22839,141.918,0,0,3.59689,17247.3,0
8.25446,145.341,0,0,4.54112,17607.5,0
8.28064,145.601,0,0,4.6203,17583.3,0
8.30443,152.139,0,0,6.4465,18320.2,0
8.33203,163.67,0,0,9.63413,19643.5,0
8.35417,167.95,0,0,10.8371,20103.8,0
8.37717,175.933,0,0,13.056,21001.5,0
8.40007,180.66,0,0,0.0342139,21506.9,0
8.42525,180.541,0,0,0.000145571,21428.5,0
8.45478,182.978,0,0,0.682196,21641.9,0
8.48016,186.39,0,0,1.63654,21979.6,0
8.50084,180.783,0,0,0.0692604,21266.5,0
8.52438,193.509,0,0,3.62355,22700.7,0
8.55105,180.854,0,0,0.0866474,21149.9,0
8.57578,181.446,0,0,0.254017,21158,0
8.60317,189.105,0,0,2.39616,21980.9,0
8.62649,189.443,0,0,2.48336,21960.6,0
8.65055,181.195,0,0,0.177053,20946.1,0
8.67915,183.313,0,0,0.770516,21121.1,0
8.70516,185.124,0,0,1.27952,21266,0
8.73204,182.996,0,0,0.686078,20956.8,0
8.75915,185.147,0,0,1.28863,21137.5,0
8.7857,184.615,0,0,1.13984,21013.1,0
8.80909,185.272,0,0,1.31913,21031.9,0
8.8347,183.963,0,0,0.953097,20822.8,0
8.86273,199.933,0,0,5.41579,22558.8,0
8.88902,204.54,0,0,6.6979,23010.4,0
8.91519,213.964,0,0,9.30037,23999.9,0
8.93945,217.736,0,0,10.3605,24356.8,0
8.96894,202.561,0,0,6.13087,22584.7,0
8.99358,200.535,0,0,5.55519,22297.6,0
9.0161,200.307,0,0,5.47569,22216.6,0
9.04418,193.895,0,0,3.67146,21438.7,0
9.07131,185.253,0,0,1.26274,20421.8,0
9.09561,183.59,0,0,0.79766,20184.4,0
9.11915,204.875,0,0,6.75258,22466.5,0
9.14383,208.434,0,0,7.74991,22795.1,0
9.16461,197.928,0,0,4.79713,21597,0
9.18927,197.409,0,0,4.636,21482.6,0
9.21369,181.209,0,0,0.102092,19667.4,0
9.24032,182.995,0,0,0.602509,19803.9,0
9.26311,181.503,0,0,0.185687,19594.2,0
9.28918,185.41,0,0,1.2776,19959.8,0
9.31225,184.281,0,0,0.957698,19789.1,0
9.33944,180.859,0,0,0.00204197,19365.1,0
9.36739,191.243,0,0,2.90221,20415.8,0
9.3943,191.476,0,0,2.97062,20382.1,0
9.42002,181.188,0,0,0.0954928,19234.3,0
9.4468,183.724,0,0,0.802645,19448.2,0
9.47092,185.216,0,0,1.21992,19556.3,0
9.49488,190.798,0,0,2.77977,20094.8,0
9.52203,200.304,0,0,5.43635,21035.8,0
9.54417,195.237,0,0,4.0159,20456.2,0
9.56872,197.256,0,0,4.57591,20614.7,0
9.59616,181.472,0,0,0.15987,18910.9,0
9.62471,194.768,0,0,3.87781,20236.2,0
9.65284,181.459,0,0,0.159169,18798.5,0
9.67666,194.961,0,0,3.93349,20147.6,0
9.70161,201.917,0,0,5.86668,20812.8,0
9.72454,195.636,0,0,4.12186,20117.8,0
9.75194,206.089,0,0,7.02574,21133.1,0
9.77388,201.749,0,0,5.82,20641.7,0
9.79439,195.306,0,0,4.00701,19940.6,0
9.82292,192.685,0,0,3.27784,19615.9,0
9.84781,191.681,0,0,2.99593,19464.3,0
9.87266,181.017,0,0,0.0179478,18335.2,0
9.89413,194.071,0,0,3.6685,19614.8,0
9.91668,195.195,0,0,3.9911,19683.5,0
9.94314,188.089,0,0,2.0063,18916.5,0
9.96582,181.688,0,0,0.216372,18231.2,0
9.99369,181.109,0,0,0.0559317,18122.3,0
10.0004,181.277,0,0,0.102928,18127,0
