0.0221995,0.361788,0,0,0.246594,16297.2,0
0.0452696,2.87695,0,0,1.90178,63551.5,0
0.070499,11.0757,0,0,7.3098,157104,0
0.0914787,18.8919,0,0,12.4605,206517,0
0.120105,16.341,0,0,10.7831,136056,0
0.145204,24.9851,0,0,2.11308,172069,0
0.167513,24.2224,0,0,1.61012,144600,0
0.193491,22.5539,0,0,0.511054,116563,0
0.218207,28.2848,0,0,4.29345,129624,0
0.243723,21.7835,0,0,0.00398096,89377.9,0
0.269025,21.8118,0,0,0.0245857,81077.1,0
0.297281,30.5019,0,0,5.75284,102603,0
0.321999,26.5925,0,0,3.17194,82585.6,0
0.343628,22.4391,0,0,0.440504,65300.7,0
0.37094,23.2016,0,0,0.939905,62548.2,0
0.39528,25.3671,0,0,2.36859,64175,0
0.422499,27.891,0,0,4.02839,66014.3,0
0.449821,28.9857,0,0,4.75194,64438.2,0
0.474988,30.7045,0,0,5.88053,64642.6,0
0.500874,33.7502,0,0,7.85818,67382.7,0
0.526111,29.8914,0,0,5.31144,56815.9,0
0.555711,23.2866,0,0,0.962531,41904.2,0
0.583342,32.2435,0,0,6.85788,55273.7,0
0.610766,22.2556,0,0,0.271793,36438.9,0
0.640412,25.9532,0,0,2.70528,40525.7,0
0.663314,22.0426,0,0,0.124928,33231,0
0.688366,25.9407,0,0,2.69297,37684.5,0
0.714298,29.1791,0,0,4.83567,40850,0
0.74126,27.4774,0,0,3.71402,37068.5,0
0.769922,21.8369,0,0,0.00102444,28362.5,0
0.798477,25.0293,0,0,2.10138,31346.3,0
0.824567,23.7212,0,0,1.23694,28768.1,0
0.84771,25.0416,0,0,2.10602,29540.2,0
0.873722,24.1804,0,0,1.54021,27675.2,0
0.902264,24.0075,0,0,1.43361,26608,0
0.926883,22.3518,0,0,0.339789,24115,0
0.950866,39.7613,0,0,11.818,41815.8,0
0.973495,48.8808,0,0,17.8199,50211.7,0
0.998656,47.9985,0,0,1.48232,48063.1,1
1.02246,51.4931,0,0,3.78638,50362.1,1
1.04942,50.0588,0,0,2.84236,47701.4,1
1.07508,50.9639,0,0,3.43718,47404.9,1
1.10417,46.8441,0,0,0.71766,42424.8,1
1.1254,45.7542,0,0,0.00188682,40655.8,1
1.15667,48.3688,0,0,1.72735,41817.2,1
1.18041,45.9657,0,0,0.135729,38940.6,1
1.20914,53.4872,0,0,5.09318,44235.9,1
1.2327,66.7981,0,0,2.1794,54188.4,1
1.25877,72.8638,0,0,6.17543,57884.7,1
1.28073,84.784,0,0,2.35228,66200,1
1.30257,86.8057,0,0,3.68237,66641.9,1
1.32285,84.5864,0,0,2.22262,63942.6,1
1.35127,84.4477,0,0,2.1259,62495.2,1
1.37419,83.5907,0,0,1.56238,60829.3,1
1.39771,87.7732,0,0,4.32277,62798.1,1
1.42563,82.84,0,0,1.06951,58107.5,1
1.45169,81.227,0,0,0.00870565,55953.3,1
1.47672,85.5026,0,0,2.82258,57900.2,1
1.49961,85.0744,0,0,2.5334,56731.2,1
1.52587,81.4636,0,0,0.153924,53388.5,1
1.55076,81.2932,0,0,0.0444165,52421.4,1
1.57506,85.405,0,0,2.75486,54223.4,1
1.59893,100.516,0,0,12.6975,62864.5,1
1.62538,103.018,0,0,0.0192148,63380.8,1
1.64965,103.081,0,0,0.0517995,62486.6,1
1.67461,107.856,0,0,3.19321,64406.9,1
1.69764,103.192,0,0,0.115315,60785.7,1
1.72297,109.063,0,0,3.97922,63299.7,1
1.74652,121.993,0,0,12.4832,69849.3,1
1.77067,118.693,0,0,10.2508,67032.6,1
1.7992,134.757,0,0,9.16842,74898.4,1
1.82378,121.394,0,0,0.362011,66561.5,1
1.85066,131.052,0,0,6.71009,70813.8,1
1.87354,121.236,0,0,0.237149,64709.6,1
1.89957,121.494,0,0,0.407188,63958.8,1
1.92431,120.915,0,0,0.0217299,62835.7,1
1.9517,121.732,0,0,0.554813,62372.2,1
1.97595,123.503,0,0,1.71905,62503.2,1
2.00126,122.363,0,0,0.962581,61142.6,1
2.02493,121.391,0,0,0.324003,59948.3,1
2.04852,130.957,0,0,6.624,63927.7,1
2.07317,135.084,0,0,9.31693,65157.9,1
2.09887,135.203,0,0,9.39205,64416.8,1
2.12557,128.961,0,0,5.25958,60671,1
2.15137,125.857,0,0,3.21349,58500.8,1
2.17359,121.366,0,0,0.25131,55836.9,1
2.19937,124.56,0,0,2.35741,56634.3,1
2.22521,137.429,0,0,10.8506,61760.1,1
2.24877,141.59,0,0,13.552,62963.3,1
2.27738,149.287,0,0,5.38508,65552,1
2.30361,146.375,0,0,3.46517,63541.5,1
2.32802,141.622,0,0,0.330698,60833.6,1
2.3482,142.452,0,0,0.87676,60664.5,1
2.37154,141.155,0,0,0.0238166,59520.6,1
2.39705,148.906,0,0,5.13148,62120.5,1
2.41772,142.623,0,0,0.988289,58990.7,1
2.44084,142.116,0,0,0.652021,58224.2,1
2.46421,143.297,0,0,1.43168,58151.3,1
2.48907,145.816,0,0,3.08905,58582.5,1
2.51058,155.278,0,0,9.3297,61849.5,1
2.53369,155.632,0,0,9.54514,61425.1,1
2.55557,163.639,0,0,3.0878,64032.5,1
2.57621,163.543,0,0,3.01896,63482.1,1
2.59726,158.965,0,0,0.00130838,61205,1
2.62436,160.05,0,0,0.717222,60986.2,1
2.6529,158.958,0,0,0.000616439,59918.6,1
2.68003,161.937,0,0,1.96696,60423.6,1
2.7059,159.299,0,0,0.230451,58871,1
2.73123,159.121,0,0,0.0992768,58259.7,1
2.75276,166.434,0,0,4.90003,60460.6,1
2.7764,162.8,0,0,2.50203,58637.1,1
2.80265,164.322,0,0,3.50757,58630.9,1
2.82526,159.11,0,0,0.0740444,56317,1
2.85027,160.828,0,0,1.20561,56425.5,1
2.87404,164.234,0,0,3.45026,57143.8,1
2.89811,164.281,0,0,3.47709,56685.7,1
2.92029,171.127,0,0,7.96767,58599.3,1
2.9426,165.591,0,0,4.33266,56273.6,1
2.96679,161.615,0,0,1.70934,54474.7,1
2.99208,161.833,0,0,1.84722,54086.9,1
3.02139,174.946,0,0,10.4854,57902.7,1
3.04319,175.048,0,0,10.5249,57521,1
3.06517,179.224,0,0,0.0135337,58471.1,1
3.08928,184.492,0,0,3.4793,59719.8,1
3.10917,189.777,0,0,6.9463,61037.9,1
3.13441,179.792,0,0,0.346229,57360.6,1
3.15991,179.452,0,0,0.131325,56790,1
3.18899,179.587,0,0,0.217549,56314.8,1
3.21815,181.986,0,0,1.80592,56550.1,1
3.2451,179.904,0,0,0.431546,55438.6,1
3.26967,180.978,0,0,1.13824,55350.7,1
3.29467,187.682,0,0,5.53925,56965.3,1
3.32077,179.852,0,0,0.400358,54159.7,1
3.34443,186.187,0,0,4.56627,55670.8,1
3.37127,186.972,0,0,5.08569,55460.3,1
3.39795,182.979,0,0,2.45298,53849.9,1
3.42241,189.797,0,0,6.94005,55457.1,1
3.44859,179.337,0,0,0.0297458,52002.9,1
3.47831,179.437,0,0,0.10037,51587.3,1
3.50496,187.878,0,0,5.65692,53603.3,1
3.53364,179.763,0,0,0.311647,50871.9,1
3.56083,182.935,0,0,2.39663,51374.4,1
3.58537,184.222,0,0,3.24784,51381.6,1
3.60716,185.775,0,0,4.2763,51501.8,1
3.636,181.115,0,0,1.20424,49811.7,1
3.65931,181.816,0,0,1.66769,49685.9,1
3.68747,181.939,0,0,1.75647,49339.9,1
3.71672,179.353,0,0,0.0546478,48255.6,1
3.74037,179.276,0,0,9.87821e-07,47930,1
3.76665,181.32,0,0,1.3483,48138.3,1
3.78946,184.889,0,0,3.69565,48790.4,1
3.82074,187.659,0,0,5.52064,49115.9,1
3.84702,180.399,0,0,0.723419,46893.2,1
3.87309,180.105,0,0,0.530227,46501.8,1
3.89761,194.743,0,0,10.1745,49964.7,1
3.9285,195.694,0,0,10.7775,49814,1
3.95128,197.553,0,0,11.9544,49997.1,1
3.9752,197.218,0,0,0.025774,49612.2,1
3.99741,197.231,0,0,0.0363214,49339.7,1
4.02576,199.194,0,0,1.32879,49479.7,1
4.05389,202.37,0,0,3.41734,49920,1
4.07834,197.696,0,0,0.335104,48474.6,1
4.10573,198.126,0,0,0.618356,48255.9,1
4.12978,202.881,0,0,3.74802,49126.4,1
4.15375,199.767,0,0,1.69682,48093.1,1
4.17996,197.674,0,0,0.314935,47291,1
4.21058,209.675,0,0,8.22427,49797.2,1
4.2394,209.767,0,0,8.22807,49480.3,1
4.26852,197.321,0,0,0.0216008,46227,1
4.29255,199.21,0,0,1.26843,46408.4,1
4.31895,199.614,0,0,1.53571,46218.3,1
4.34316,199.218,0,0,1.26843,45869.4,1
4.36969,203.873,0,0,4.32204,46656.2,1
4.39926,207.359,0,0,6.61526,47134.9,1
4.42621,211.437,0,0,9.30954,47769.3,1
4.45499,218.609,0,0,13.9682,49070.7,1
4.47996,224.662,0,0,17.9308,50148.1,1
4.50352,215.592,0,0,0.267679,47871.8,1
4.52961,224.781,0,0,6.32823,49624.8,1
4.5587,216.157,0,0,0.640982,47416.4,1
4.58175,216.294,0,0,0.730354,47207.8,1
4.60984,227.894,0,0,8.37809,49436.4,1
4.63081,225.695,0,0,6.90461,48737.8,1
4.6568,228.338,0,0,8.64916,49033.2,1
4.68318,219.639,0,0,2.89367,46899.6,1
4.70863,215.387,0,0,0.0850234,45743,1
4.73465,215.332,0,0,0.041905,45480,1
4.76147,223.026,0,0,5.11786,46839.8,1
4.7886,215.295,0,0,0.0214681,44959.8,1
4.81263,228.995,0,0,9.04063,47582.1,1
4.84051,236.08,0,0,13.6716,48771.8,1
4.86102,237.744,0,0,1.52752,48908.2,1
4.88605,235.464,0,0,0.0271613,48191.1,1
4.91,239.156,0,0,2.46171,48708,1
4.93146,246.027,0,0,7.00405,49889.2,1
4.95955,258.575,0,0,3.57282,52136.8,1
4.98598,257.649,0,0,2.96247,51674.7,1
5.00692,257.38,0,0,2.78165,51404.8,1
5.03156,253.174,0,0,0.00651824,50317.2,1
5.05665,263.31,0,0,6.69257,52072,1
5.07752,272.459,0,0,12.6804,53659.9,1
5.10179,281.567,0,0,2.92031,55189.8,2
5.12425,279.029,0,0,1.24463,54452.7,2
5.15113,277.415,0,0,0.180495,53855.2,2
5.17719,277.821,0,0,0.443794,53662.5,2
5.20128,279.763,0,0,1.71997,53787.3,2
5.22496,278.334,0,0,0.779406,53270,2
5.25032,277.441,0,0,0.188435,52842.6,2
5.27373,279.561,0,0,1.58496,53010.2,2
5.29926,289.046,0,0,7.82289,54544.6,2
5.32239,277.408,0,0,0.157468,52120.9,2
5.34667,277.808,0,0,0.423334,51959.1,2
5.3756,281.11,0,0,2.59546,52293.8,2
5.40193,282.825,0,0,3.72119,52356.3,2
5.42625,277.521,0,0,0.225305,51144.1,2
5.44898,277.263,0,0,0.0540184,50883.5,2
5.47778,278.889,0,0,1.12943,50912.9,2
5.50839,277.175,0,0,0.000928064,50318.8,2
5.53297,283.832,0,0,4.38605,51298.3,2
5.55652,285.667,0,0,5.59883,51411.2,2
5.57924,280.844,0,0,2.42266,50337.3,2
5.60513,285.755,0,0,5.64677,50981,2
5.63046,277.607,0,0,0.266086,49304.4,2
5.65383,287.413,0,0,6.71609,50835.1,2
5.68006,290.42,0,0,8.71014,51129.7,2
5.70713,292.705,0,0,10.1994,51287.7,2
5.7306,277.69,0,0,0.305802,48457.4,2
5.75577,280.99,0,0,2.48451,48818.8,2
5.77725,277.922,0,0,0.460881,48106.3,2
5.79983,277.659,0,0,0.286225,47873.6,2
5.82224,278.35,0,0,0.742877,47808.1,2
5.84446,293.209,0,0,10.5412,50168.8,2
5.86776,287.99,0,0,7.06984,49080.2,2
5.89451,288.611,0,0,7.47726,48962.6,2
5.91565,278.383,0,0,0.736254,47058.8,2
5.94163,288.337,0,0,7.29942,48528.2,2
5.96501,290.728,0,0,8.87911,48738.9,2
5.99093,293.092,0,0,10.3718,48922.7,2
6.01478,294.942,0,0,11.5133,49036.3,2
6.03752,308.881,0,0,4.91558,51160.3,3
6.06031,304.485,0,0,2.02054,50242.4,3
6.0817,309.846,0,0,5.55122,50947.2,3
6.10694,324.972,0,0,15.5203,53213.5,3
6.13229,342.535,0,0,12.7635,55857.7,3
6.15393,345.731,0,0,3.19239,56180.4,3
6.18426,340.912,0,0,0.00632211,55125.7,3
6.20855,341.889,0,0,0.648014,55067.4,3
6.23221,359.282,0,0,12.0877,57649.2,3
6.25403,366.122,0,0,2.2249,58541.7,3
6.28335,364.062,0,0,0.865578,57940.7,3
6.30843,368.35,0,0,3.69665,58390.1,3
6.33481,365.575,0,0,1.87586,57708.9,3
6.35627,362.92,0,0,0.123095,57096.5,3
6.37945,364.471,0,0,1.1344,57132,3
6.40904,362.925,0,0,0.113484,56627,3
6.43549,363.287,0,0,0.349701,56450.5,3
6.46477,383.725,0,0,13.8155,59356.4,3
6.49463,372.233,0,0,6.20999,57314,3
6.52388,363.49,0,0,0.440545,55716.9,3
6.54661,372.505,0,0,6.38706,56900.5,3
6.57544,375.517,0,0,8.34309,57109,3
6.59658,368.825,0,0,3.91653,55911.5,3
6.61719,369.315,0,0,4.23498,55811.4,3
6.64465,367.616,0,0,3.13141,55325.2,3
6.67273,378.568,0,0,10.3522,56733.5,3
6.69579,384.779,0,0,2.77126,57465.8,3
6.72127,389.019,0,0,5.56746,57878.8,3
6.7521,391.316,0,0,7.04058,57954.7,3
6.77996,396.813,0,0,10.6331,58527.4,3
6.80069,406.167,0,0,16.8016,59724.3,3
6.82577,410.461,0,0,3.8537,60134.1,4
6.85524,407.047,0,0,1.60012,59377.5,4
6.88141,409.075,0,0,2.94845,59446.4,4
6.91176,409.701,0,0,3.35843,59275.9,4
6.93841,416.637,0,0,7.92083,60047.9,4
6.96567,404.991,0,0,0.232676,58141,4
6.99331,408.655,0,0,2.64484,58435.2,4
7.01902,405.969,0,0,0.869225,57838.5,4
7.04258,407.401,0,0,1.81501,57848.3,4
7.06991,405.406,0,0,0.502788,57342.5,4
7.09502,405.132,0,0,0.324312,57100.9,4
7.11859,407.791,0,0,2.07416,57285.4,4
7.14506,405.522,0,0,0.576681,56755.6,4
7.17151,407.715,0,0,2.0231,56852.1,4
7.19726,411.117,0,0,4.25841,57121.3,4
7.22107,406.128,0,0,0.97138,56242,4
7.24607,411.1,0,0,4.2494,56734.2,4
7.27046,404.711,0,0,0.0265038,55665.2,4
7.29512,407.021,0,0,1.55226,55793.7,4
7.32545,412.8,0,0,5.36528,56351.4,4
7.34989,407.088,0,0,1.60157,55386.9,4
7.37567,405.59,0,0,0.615796,54990.2,4
7.40074,405.789,0,0,0.755227,54830.9,4
7.42808,412.798,0,0,5.37548,55572.7,4
7.45363,417.556,0,0,8.50929,56020.4,4
7.47544,417.875,0,0,8.69349,55899.7,4
7.49914,419.184,0,0,9.55393,55897.6,4
7.52166,421.708,0,0,11.1618,56065.7,4
7.54496,414.7,0,0,6.51672,54963.8,4
7.56606,420.192,0,0,10.1153,55536.4,4
7.59433,415.008,0,0,6.70068,54647.1,4
7.61985,420.349,0,0,10.2029,55164.9,4
7.64555,424.671,0,0,12.9882,55544.8,4
7.67116,410.882,0,0,3.85989,53562,4
7.69861,406.996,0,0,1.30055,52866.3,4
7.72989,414.664,0,0,6.35185,53644.3,4
7.75158,425.432,0,0,13.4622,54883.3,4
7.78066,431.662,0,0,3.22511,55478.8,4
7.80579,436.313,0,0,6.26129,55896.1,4
7.83164,435.961,0,0,6.02631,55666.6,4
7.86156,438.805,0,0,7.87516,55816.6,4
7.88548,426.962,0,0,0.0712689,54145.4,4
7.9133,432.636,0,0,3.81172,54671.9,4
7.93882,432.089,0,0,3.44642,54427.4,4
7.96688,441.634,0,0,9.73574,55433.7,4
7.98955,432.54,0,0,3.73075,54138.2,4
8.01297,428.306,0,0,0.938776,53451.6,4
8.03626,435.884,0,0,5.92894,54239.7,4
8.06271,439.367,0,0,8.25007,54493.7,4
8.09253,430.463,0,0,2.38642,53192.6,4
8.11662,437.094,0,0,6.766,53851.7,4
8.14289,431.055,0,0,2.7221,52936.3,4
8.17229,428.095,0,0,0.774495,52383.7,4
8.2046,427.941,0,0,0.672527,52158.7,4
8.23143,432.108,0,0,3.41586,52494.9,4
8.25569,428.618,0,0,1.11869,51917.9,4
8.28239,429.225,0,0,1.51776,51823.8,4
8.3055,426.932,0,0,0.00434181,51403.5,4
8.32735,428.09,0,0,0.768323,51407.6,4
8.35139,426.951,0,0,0.00150746,51123.3,4
8.37671,428.51,0,0,1.02617,51154.9,4
8.40284,429.671,0,0,1.79289,51134,4
8.42732,436.104,0,0,6.04311,51748.8,4
8.45007,448.348,0,0,14.0586,53058.5,4
8.47525,454.834,0,0,3.9704,53666.1,4
8.49776,449.17,0,0,0.235587,52857.4,4
8.52084,454.572,0,0,3.79738,53348.2,4
8.54641,457.768,0,0,5.90058,53562.6,4
8.57211,448.96,0,0,0.0914742,52374.5,4
8.59657,454.737,0,0,3.90242,52897.5,4
8.62318,473.566,0,0,16.3158,54917.8,4
8.64807,474.142,0,0,2.36683,54826.3,4
8.67128,481.492,0,0,7.20791,55527.2,4
8.69632,475.625,0,0,3.34132,54692.7,4
8.71713,473.757,0,0,2.10729,54347.9,4
8.74623,477.2,0,0,4.3782,54560.6,4
8.76819,471.405,0,0,0.553739,53763.1,4
8.79203,471.836,0,0,0.836924,53666.3,4
8.81577,471.236,0,0,0.440046,53453.8,4
8.84249,470.57,0,0,0.000933102,53216.9,4
8.86912,479.081,0,0,5.60269,54016.7,4
8.89036,471.754,0,0,0.7662,53063.5,4
8.91181,470.632,0,0,0.0291077,52809.9,4
8.93685,475.924,0,0,3.51678,53254.1,4
8.96411,474.864,0,0,2.81917,52973.9,4
8.98826,485.82,0,0,10.0312,54050.5,4
9.01138,482.559,0,0,7.85306,53549.9,4
9.03477,481.796,0,0,7.3212,53326.8,4
9.05649,478.323,0,0,5.04613,52815.6,4
9.07712,480.125,0,0,6.23119,52894,4
9.10064,471.359,0,0,0.456932,51794.1,4
9.12213,471.371,0,0,0.462467,51673.4,4
9.14872,473.506,0,0,1.86822,51756.6,4
9.16986,474.593,0,0,2.58636,51755.8,4
9.19545,477.902,0,0,4.75421,51971.6,4
9.21875,472.372,0,0,1.11325,51240.4,4
9.24204,480.543,0,0,6.49482,51995.3,4
9.269,483.614,0,0,8.50136,52175.4,4
9.29578,475.315,0,0,3.03274,51132.3,4
9.32194,498.17,0,0,3.75293,53440.6,4
9.35033,492.98,0,0,0.334411,52723.2,4
9.37828,498.754,0,0,4.14097,53181.8,4
9.40461,500.124,0,0,5.03959,53178.6,4
9.43128,511.531,0,0,12.4997,54237.7,4
9.45974,505.219,0,0,8.32491,53407.3,4
9.48633,511.854,0,0,12.6882,53957,4
9.51136,505.611,0,0,8.59342,53158.6,4
9.53913,499.332,0,0,4.44705,52345.7,4
9.5634,493.252,0,0,0.437685,51577,4
9.59057,514.236,0,0,14.2455,53618.9,4
9.6214,512.695,0,0,0.01585,53287,4
9.64551,515.143,0,0,1.62939,53407.6,4
9.67131,513.399,0,0,0.479833,53084.8,4
9.69843,515.625,0,0,1.9484,53165.8,4
9.72324,513.52,0,0,0.564532,52813.7,4
9.74655,515.312,0,0,1.74393,52871.2,4
9.77283,535.149,0,0,3.13515,54758.8,4
9.79582,534.01,0,0,2.38148,54514,4
9.81828,540.024,0,0,6.33542,55001.8,4
9.84179,530.433,0,0,0.00696102,53896,4
9.86101,530.515,0,0,0.062628,53799.3,4
9.88719,532.299,0,0,1.23382,53837.2,4
9.91402,532.367,0,0,1.2782,53698.4,4
9.93701,534.944,0,0,2.97346,53833.5,4
9.96396,545.463,0,0,9.91087,54743.6,4
9.98904,547.766,0,0,11.3476,54836.7,4
10.0006,537.305,0,0,4.46454,53727.2,4
