0.276741,3644.36,0.0234507,30.9453,4.81248,20394.6,0
0.552731,3638.7,2.55311,29.5327,8.82988,20438.8,0
0.8242,3624.93,3.76232,24.6437,8.54354,30420.4,0
1.09421,3630.72,17.1433,15.5382,3.6891,17617.1,0
1.3685,3629.66,-4.97519,1.67139,4.9969,14862.3,0
1.63991,3626.34,0.23355,-2.88426,7.29645,14424.7,0
1.91171,3626.86,10.7958,5.60716,6.41583,12104,0
2.18598,3622.76,6.78777,7.72583,9.61977,12463.2,0
2.46509,3618.51,11.18,-9.65373,1.54427,12775,0
2.74024,3616.85,21.9,0.128693,2.38588,12096,0
3.01904,3611.38,5.62344,-5.56595,7.88906,12791.6,0
3.28964,3601.11,5.04331,-17.1305,5.55775,14861.8,0
3.56327,3600.02,7.53984,-16.4245,6.40798,14026.9,0
3.83912,3602.24,2.45298,-22.3361,3.28097,12439.9,0
4.1147,3590.24,-5.52984,-22.2135,3.96426,14523.2,0
4.38802,3585.06,-8.51839,-28.3234,8.42781,14800.4,0
4.66592,3573.85,-7.84301,-36.1534,7.83047,16320.8,0
4.93701,3571.32,-7.35306,-35.6234,10.5034,15935.8,0
5.20845,3558.09,-13.0717,-42.1326,0.188412,17647.2,0
5.47894,3544.03,-13.486,-54.6271,2.12107,19341.9,0
5.74803,3539.55,-16.0775,-38.574,4.98431,19215.1,0
6.02251,3527.37,-23.8771,-30.8965,3.49195,20361.4,0
6.29574,3511.2,-12.8772,-33.1547,2.89131,22046.5,0
6.56924,3495.35,-9.61359,-32.5562,8.6571,23541.7,0
6.83575,3478.49,-9.81448,-16.9476,9.80234,25089.9,1
6.92198,3479.94,-2.39594,-4.31269,24.2729,24568.4,3
