0.274749,3649.69,15.9261,-26.6797,0.829061,1139.24,0
0.55233,3633.66,9.54937,-17.8277,1.87001,29590.6,0
0.833514,3631.59,13.6261,-15.0254,3.49691,22082.8,0
1.11066,3629.91,11.6415,-14.1248,4.63053,18091.7,0
1.38258,3620.53,17.2746,-9.38834,0.42354,21313,0
1.6536,3613.9,27.9869,-11.5521,5.67259,21832.7,0
1.92835,3611.16,44.1662,-5.67433,6.36533,20143.9,0
2.19955,3602.41,48.6451,-6.82789,13.2922,21635.8,0
2.47451,3593.51,57.7964,-14.4257,8.06338,22828.9,0
2.746,3584.39,58.8962,1.32483,4.99626,23894.2,0
3.01353,3575.96,61.1999,4.08945,13.0088,24568.6,0
3.2782,3555.35,69.4825,-10.7028,9.23763,28874.1,0
3.55342,3558.33,73.4293,-7.59639,3.983,25797.6,0
3.83582,3550.53,64.8412,-16.7035,4.00839,25933,0
4.11387,3541.77,47.9187,-23.281,10.7027,26308.4,0
4.38513,3536.28,49.563,-27.6753,4.64237,25933.7,0
4.65345,3531.44,65.5112,-13.6714,4.48564,25477.3,0
4.92873,3517.24,77.7793,-5.57852,3.47376,26936.8,0
5.20081,3516.58,57.3226,-7.89264,10.169,25653.5,0
5.47429,3512.35,50.1017,2.66724,2.07629,25145.6,0
5.74326,3493.08,33.8254,11.5694,5.45693,27321.9,1
6.01706,3477.75,27.2214,15.4008,3.95126,28626.9,3
6.22045,3483,4.09615,-1.34865,25.2483,26847,10
