0.278388,3636.62,-10.906,6.00377,9.79201,48049.7,0
0.557384,3626.95,-9.63164,4.72,5.88355,41361.7,0
0.832563,3628.01,-4.11728,-1.72719,4.80704,26408.1,0
1.10865,3626.56,8.52422,-18.546,5.42727,21141.6,0
1.3746,3620.14,12.4071,-25.316,10.2434,21724.5,0
1.64485,3620.91,11.3166,-37.7702,7.68417,17688.2,0
1.91705,3621.8,25.6051,-42.6471,5.20022,14707.8,0
2.18998,3601.95,18.1517,-45.9524,8.51835,21940.7,0
2.46444,3595.6,31.1183,-42.0837,1.90104,22075.5,0
2.73348,3592.2,38.0496,-39.2282,4.71387,21143.7,0
3.01448,3581.76,44.1639,-34.599,3.17401,22635.9,0
3.28864,3575.12,44.3571,-24.4056,0.130308,22770.3,0
3.55854,3563.48,34.0317,-28.8177,4.01983,24314.1,0
3.83135,3553.34,37.0841,-25.0718,5.3459,25227.9,0
4.10853,3535.15,30.3634,-23.8484,1.74112,27954.8,0
4.38071,3525.9,32.0152,-18.5986,7.19382,28327.7,0
4.65304,3500.54,22.7792,-7.19171,17.4544,32120.9,0
4.92875,3481.22,6.03275,-0.502927,4.35461,34243.9,4
4.93313,3480.7,4.71428,0.339942,2.89575,34318.2,5
