0.274259,3645.04,16.349,-44.0206,4.2104,18071.9,0
0.545602,3642.87,34.3453,-50.6753,4.33233,13068.5,0
0.818232,3643.45,32.5604,-39.1484,4.52634,8004.93,0
1.09047,3638.91,17.3443,-36.1302,8.68921,10173.8,0
1.36323,3639.72,10.7252,-42.4844,7.13969,7544.54,0
1.63754,3624.08,10.4525,-52.0695,6.4589,15826.4,0
1.91123,3624.88,4.9568,-49.4497,5.95561,13141.9,0
2.18391,3615.53,-3.03022,-38.7993,3.15271,15783.4,0
2.45256,3615.96,0.0144005,-37.3888,2.86671,13878.4,0
2.72979,3610.29,4.90778,-36.6331,7.92329,14545.2,0
3.00637,3615,-14.2124,-32.14,3.53194,11643.1,0
3.27829,3609.63,-8.45368,-36.3041,7.84002,12314,0
3.5519,3606.32,-7.23894,-34.297,10.8902,12298.7,0
3.83075,3598.49,-17.7252,-31.4826,6.45123,13447.4,0
4.09442,3603.35,-19.2461,-31.8713,1.30908,11393,0
4.3694,3594.27,-25.3521,-35.7485,9.17939,12754.6,0
4.6466,3577.6,-14.8341,-28.971,5.84772,15580.4,0
4.91407,3566.48,-2.5752,-30.8484,6.76142,16995.2,0
5.18371,3559.95,8.00085,-12.4239,5.95028,17371.8,0
5.45899,3546.47,6.53763,2.71237,6.61439,18965.8,0
5.73382,3529.79,-0.368123,1.82515,6.3654,20965.9,1
6.00193,3505.8,1.30172,3.47837,1.82085,24026.1,1
6.02993,3497.58,1.53612,0.781082,11.1085,25276.6,5
