0.27703,3641.03,1.91278,16.7757,6.49112,32389.5,0
0.558076,3631.55,19.5009,13.4431,1.61263,33053.8,0
0.838406,3621.73,34.1734,17.7799,8.69161,33722.8,0
1.10905,3616.78,30.8558,20.7281,1.10081,29957.8,0
1.38349,3597.21,32.1758,16.2361,7.90534,38158.5,0
1.65955,3604.55,22.0287,-1.26983,1.7435,27388,0
1.92899,3600.19,13.1404,-11.4475,6.24665,25820.4,0
2.20241,3600.34,12.9972,-8.56626,5.63745,22549.6,0
2.47626,3602.66,21.9552,-11.9284,2.17461,19119.5,0
2.75073,3574.54,35.9545,-3.4681,8.06391,27432.6,0
3.02349,3550.84,49.6281,3.39772,8.20967,32795.3,0
3.29808,3538.25,48.951,-6.43511,0.69049,33883.6,0
3.57255,3531.89,47.788,-5.21078,11.3054,33061.8,0
3.84339,3524.62,33.5767,13.3774,8.17993,32622.6,0
4.11847,3510.58,27.955,18.4618,3.15162,33851.4,0
4.38821,3501.65,31.6528,8.77185,2.535,33807.6,0
4.62401,3480.83,3.61284,2.99646,22.2642,36584.2,4
