0.27085,3636.67,-27.5082,-74.4778,7.86303,49198.3,0
0.542043,3642.47,-32.6672,-72.2406,3.15395,13885.9,0
0.813443,3639.36,-13.9302,-86.2716,4.06756,13084.3,0
1.08539,3636.74,-10.803,-77.0817,6.79705,12213.2,0
1.36551,3637.59,-21.2665,-86.3875,4.37479,9090.82,0
1.63826,3630.73,-27.0519,-73.7466,10.6858,11764.8,0
1.90977,3618.04,-30.6095,-81.1759,7.33461,16737.2,0
2.18749,3625.19,-31.8414,-78.1763,1.58738,11342.2,0
2.45918,3618.98,-25.3002,-73.7615,7.22662,12613.1,0
2.73272,3622.51,-36.1487,-81.2575,2.19534,10057.8,0
3.00577,3622.43,-44.0009,-64.4723,4.02344,9173.37,0
3.27756,3626,-40.5966,-54.3678,2.5583,7323.93,0
3.55128,3622.21,-46.6448,-63.6578,3.55255,7824.76,0
3.82584,3620.74,-42.1092,-66.8419,4.46994,7646.93,0
4.09932,3627.06,-23.2119,-50.8799,2.8302,5595.93,0
4.37405,3624.25,-36.7761,-55.5367,3.54861,5886.69,0
4.64589,3615.71,-52.435,-59.9569,7.90553,7380.54,0
4.91832,3617.39,-52.2837,-51.0635,7.39938,6630.53,0
5.1899,3619.23,-53.711,-50.1371,5.57811,5929.6,0
5.46066,3620.65,-53.7403,-36.3485,5.52692,5375.62,0
5.73487,3619.45,-60.6352,-39.8844,4.84629,5327.07,0
6.00627,3618.4,-60.8884,-33.2837,6.11012,5260.98,0
6.28075,3621.06,-55.3454,-46.054,3.09583,4608.02,0
6.55986,3621.68,-35.4344,-35.832,5.64859,4317.83,0
6.83397,3622.98,-25.9998,-27.209,5.83857,3954.08,0
7.11021,3628.79,-17.622,-18.9607,1.70431,2982.63,0
7.38057,3613.4,-16.2055,-12.1065,3.88654,4959.32,0
7.65992,3612.42,-17.6263,-27.1805,3.47476,4905.68,0
7.93923,3596.86,-7.44724,-18.184,6.29318,6693.55,0
8.21486,3574.05,-6.92814,-12.7154,5.54113,9245.46,1
8.48702,3574.19,-14.5923,-0.148469,5.17734,8932.07,1
8.75904,3566.19,-8.72831,2.55926,4.3572,9568.92,1
9.03208,3549,-12.2214,-4.67021,5.36813,11182.6,1
9.30656,3532.49,-12.3997,-2.343,5.06456,12626.4,1
9.58312,3511.28,-13.482,-5.86819,3.39334,14475.1,3
9.68314,3499.73,0.137902,-0.783492,10.617,15518.6,7
