0.279232,3640.78,51.0785,30.0018,7.68839,33017.3,0
0.548699,3641.91,38.2976,30.4281,7.35656,14738.8,0
0.819001,3628.83,36.6926,38.2632,5.17258,25854,0
1.08974,3624.75,39.7394,31.8962,8.33032,23175.2,0
1.36956,3621.9,52.6557,47.3264,7.50706,20516.2,0
1.64474,3615.34,49.0718,48.3163,1.07135,21073.8,0
1.9172,3604.88,40.4098,47.4017,10.8301,23532.7,0
2.18889,3605.18,51.7455,50.5675,8.19386,20474.8,0
2.45771,3607.19,44.1545,46.393,7.34377,17417.6,0
2.732,3597.31,46.738,35.226,5.43812,19287,0
3.00223,3599.91,41.7917,29.3064,4.17777,16683.8,0
3.27359,3593.69,34.2549,27.9102,11.336,17201,0
3.54246,3592.24,37.3796,10.4609,1.93149,16304.9,0
3.81275,3585.31,34.2279,3.84516,9.71212,16966.1,0
4.08268,3583.03,25.5865,8.44557,1.63593,16402.8,0
4.35781,3579.47,14.9209,-1.17793,7.30753,16185.2,0
4.63704,3582.07,4.96826,-5.05554,4.54144,14649.5,0
4.91836,3579.11,10.9069,-1.36543,7.75897,14412.9,0
5.19257,3575.82,11.3789,0.62351,11.4354,14285.9,0
5.47256,3554.23,-4.47265,-7.59314,7.97669,17500.5,0
5.74373,3537.57,0.161444,-2.96114,6.19187,19574.2,0
6.01688,3530.98,2.66755,-9.20863,9.32961,19781.4,0
6.28935,3518.43,2.78233,-3.48552,2.88446,20919.7,0
6.56467,3501.15,13.8484,-1.41586,8.90882,22673.7,0
6.70355,3491.81,2.38252,-0.426451,9.76158,23597.4,5
