0.16096,3648.51,17.2042,-16.976,0.0160638,9245.14,0
0.317411,3648.97,16.6606,-14.0587,0.0149726,3247.2,0
0.476157,3646.97,18.7835,-13.7241,0.0282652,6362.46,0
0.635038,3645.36,18.9153,-13.7222,0.0390831,7299.95,0
0.794728,3639.44,20.5673,-5.94704,0.0806956,13284.3,0
0.953866,3638.3,24.0195,-11.029,0.0867202,12261.5,0
1.11078,3638.76,17.8374,-17.4002,0.0847086,10117.2,0
1.27178,3637.05,18.3721,-12.7688,0.0967506,10185.8,0
1.43116,3616.11,22.5907,-20.6535,0.245837,23683.2,0
1.59033,3593.68,8.98213,-24.482,0.434955,35411.3,0
1.75127,3570.18,8.72341,-35.5147,0.652977,45576.2,0
1.90906,3563.77,4.66499,-22.8637,0.749107,45166.8,0
2.0719,3568.09,6.40455,-17.9551,0.708898,39532.9,0
2.2306,3563.41,20.5687,-19.4694,0.738585,38821.3,0
2.38787,3580.71,20.8309,-35.2224,0.520817,29017.2,0
2.54591,3579.82,39.0726,-33.8983,0.506998,27564.2,0
2.70574,3582.69,18.2183,-30.3772,0.50724,24877.2,0
2.86705,3603.47,-2.57416,-25.9947,0.32488,16229.7,0
3.02773,3622.91,-9.19166,-33.6927,0.164317,8947.76,0
3.18646,3612.86,0.125115,-28.2916,0.247265,11657.1,0
3.34893,3611.89,12.1894,-36.1699,0.246143,11380.5,0
3.50933,3609.83,33.3716,-11.9449,0.265197,11447.3,0
3.66781,3615.57,47.48,-14.1724,0.206094,9385.79,0
3.83096,3625.82,62.7835,-23.251,0.11159,6312.83,0
3.99148,3609.63,65.6366,-26.1119,0.219786,10115.2,0
4.14599,3618.47,52.142,-35.5401,0.166038,7604.13,0
4.30326,3624.34,54.8985,-42.2005,0.116435,5961.83,0
4.46247,3615.08,37.0953,-53.6126,0.187489,7824.98,0
4.62103,3621,48.9959,-71.5591,0.112842,6275.02,0
4.78018,3622.05,51.1426,-78.7401,0.0945848,5846.37,0
4.93728,3624.28,50.3995,-78.1849,0.0832604,5208.49,0
5.09647,3616.31,49.9463,-72.6207,0.144669,6610.06,0
5.25545,3614.88,53.2429,-74.6524,0.147935,6682.64,0
5.41091,3603.84,33.1052,-71.9908,0.247603,8531.71,0
5.57133,3605.02,34.1922,-56.8203,0.260534,8074.06,0
5.72945,3613,58.0586,-49.5623,0.184418,6457.1,0
5.89205,3623.58,53.0552,-46.3683,0.118487,4484.08,0
6.05275,3628.36,59.1333,-51.9133,0.0760224,3575.75,0
6.2141,3620.52,53.708,-54.8353,0.131657,4743.32,0
6.37516,3605.63,72.0215,-55.1405,0.212475,6959.6,0
6.53249,3585.86,50.1986,-70.7765,0.367373,9818.11,0
6.59391,3589.94,51.7575,-85.575,0.304087,9108.93,0
