0.160752,3651.32,0.132821,8.20329,0.0120775,-8187.66,0
0.317673,3651.03,-0.236125,6.85223,0.0144831,-3229.65,0
0.476523,3648.28,1.501,5.57641,0.0322433,3613.02,0
0.638517,3646.11,1.75657,1.61277,0.0463445,6091.51,0
0.795531,3637.77,5.80924,7.16548,0.102704,15373.7,0
0.953552,3644.68,0.628246,10.4723,0.0554544,5577.24,0
1.11249,3639.82,4.81986,10.5957,0.0887765,9147.03,0
1.27092,3642.58,8.77159,6.22969,0.0686933,5834.58,0
1.42991,3648.38,3.99039,5.4792,0.0315763,1130.88,0
1.58944,3650.28,6.14835,7.65904,0.0181389,-178.294,0
1.74712,3647.05,4.07532,7.84024,0.0398316,1686.25,0
1.90758,3642.62,-2.36327,3.94185,0.068974,3866.33,0
2.06349,3638.81,4.50504,3.62977,0.0926243,5423.53,0
2.2241,3643.74,8.76705,3.86473,0.0580969,2815.79,0
2.38235,3643.46,9.03421,4.48926,0.061155,2747.26,0
2.544,3647.63,9.39617,3.62323,0.032636,931.876,0
2.70076,3648.81,10.863,3.35594,0.0271705,441.38,0
2.86112,3648.53,16.0166,0.383402,0.0287426,513.303,0
3.02118,3644.5,16.8488,1.45617,0.0547311,1820.41,0
3.17811,3648.41,18.511,0.800873,0.0266217,501.155,0
3.3365,3639.73,20.7231,2.03513,0.0832082,3078.97,0
3.49576,3638.47,21.4232,3.70173,0.0950084,3297.17,0
3.6559,3639.85,19.7194,-9.2101,0.0839949,2777.08,0
3.81949,3634.43,15.1321,-5.78899,0.124284,4075.96,0
3.98037,3623.93,12.1764,-15.2388,0.198652,6548.79,0
4.13852,3629.73,14.5492,-25.0603,0.150892,4897.61,0
4.29746,3629.97,7.93024,-17.6831,0.154342,4660.16,0
4.4567,3606.09,11.7373,-4.71239,0.342988,9852.47,0
4.61832,3600.29,4.60468,7.55618,0.395551,10763.5,0
4.7808,3612.07,10.3098,19.3342,0.28796,7934.55,0
4.94011,3629.7,20.4982,13.656,0.150811,4110.08,0
5.09623,3606.05,24.1299,6.11686,0.333476,8624.42,0
5.25589,3620.4,26.231,-13.3023,0.215868,5630.87,0
5.41471,3611.07,10.3512,-37.0377,0.281236,7190.07,0
5.57555,3616.64,-21.1154,-46.618,0.224229,5983.09,0
5.73348,3620.41,11.9615,-47.8356,0.199239,5160.65,0
5.89075,3612.71,19.201,-76.7797,0.213941,6330.53,0
6.05266,3621.83,16.7675,-83.2723,0.142182,4654.02,0
6.21197,3586.87,6.08569,-77.6047,0.411458,10161.9,0
6.37191,3604.08,-11.6376,-62.321,0.30423,7206.66,0
6.53304,3598.69,-15.7736,-53.3568,0.361121,7854.4,0
6.69367,3592.19,-25.5064,-62.1627,0.393466,8635.93,0
6.85608,3603.02,-30.7583,-50.0309,0.321481,6852.72,0
7.01831,3600.55,-51.7865,-45.6936,0.323806,7046.17,0
7.17422,3591.93,-66.3854,-20.1004,0.391291,8093.68,0
7.33482,3583.56,-69.7075,-21.6501,0.450957,9058.67,0
7.49401,3576.4,-85.1322,-12.4597,0.478205,9820.55,0
7.65092,3578.95,-70.3162,-24.7819,0.485466,9285.92,0
7.81396,3588.13,-77.617,-19.9265,0.396565,7918.26,0
7.95605,3602.69,-91.7926,-39.6954,0.247556,5946.63,0
