0.160303,3650.42,-0.0394359,3.96961,0.00814188,-2592.66,0
0.319938,3647.86,0.907936,2.38719,0.0245678,6676.99,0
0.479297,3649.56,-0.341391,2.31379,0.0137859,920.54,0
0.635986,3649.39,-1.62651,1.95358,0.0159698,963.825,0
0.797164,3649.42,-1.42764,2.16776,0.0156087,733.795,0
0.95556,3649.03,-3.57693,1.67355,0.0167197,1017.1,0
1.11587,3648.04,-2.21191,2.46634,0.0225067,1754.1,0
1.27125,3648.69,-3.44496,3.36728,0.0182191,1027.33,0
1.43163,3646.75,-7.61451,2.69191,0.0303561,2269.61,0
1.59309,3642.95,-13.8804,2.45056,0.0543209,4423.75,0
1.74958,3640.25,-18.321,0.933743,0.0712557,5572.52,0
1.9128,3637.82,-11.2002,0.0913899,0.0903113,6369.38,0
2.0752,3631.07,-15.2786,-0.573384,0.13682,9121.09,0
2.23723,3615.48,-29.1291,5.07147,0.247771,15429.2,0
2.39669,3599.59,-27.5215,9.61541,0.378427,21032.6,0
2.55698,3593.22,-23.2975,10.3763,0.437647,22207,0
2.71594,3592.62,-17.1796,5.30235,0.447038,21126.2,0
2.87534,3614.08,-27.0596,5.79579,0.255818,12491.1,0
3.03787,3618.98,-27.0175,15.3004,0.213558,10211.1,0
3.19627,3621.24,-52.0852,11.7597,0.176718,8998.77,0
3.35519,3601.43,-55.3277,8.65204,0.324519,14477.3,0
3.51361,3610.69,-27.5769,7.0542,0.280332,11187.1,0
3.67464,3612.44,-37.1662,12.9205,0.257239,10222,0
3.83348,3622.22,-22.5982,15.1995,0.191634,7247.38,0
3.99287,3635.82,-21.577,11.8332,0.0928265,3550.15,0
4.15112,3619.97,-23.7232,22.9269,0.201924,7234.98,0
4.30932,3605.17,-21.8998,5.24034,0.326524,10402.8,0
4.46989,3599.67,-30.119,18.3163,0.36315,11259.9,0
4.62888,3621.82,-44.0375,40.3346,0.16107,6087.23,0
4.78876,3633.81,-55.1976,33.9099,0.0737214,3380.75,0
4.94848,3634.34,-54.0708,37.4914,0.0690138,3163.8,0
5.10717,3628.32,-47.7776,35.7883,0.116224,4244.98,0
5.26912,3595.34,-49.779,21.6981,0.374339,10372.7,0
5.43117,3590.57,-43.9842,18.6015,0.423045,10942.8,0
5.59321,3606.37,-73.561,8.79656,0.250593,7801.3,0
5.75684,3590.64,-70.2573,-13.0025,0.376241,10311.6,0
5.91693,3598.11,-54.2932,-15.6655,0.343273,8769.18,0
6.07915,3602.22,-64.8299,-21.6334,0.290992,7859.03,0
6.23876,3609.08,-71.9447,-28.7746,0.224602,6558.91,0
6.39992,3611.49,-75.9361,-32.7066,0.198931,6016.99,0
6.55704,3621.67,-71.0455,-30.0224,0.138196,4320.29,0
6.71822,3617.32,-79.8248,-38.6849,0.150055,4864.94,0
6.87632,3622.46,-93.6379,-32.3832,0.0957761,4005.61,0
6.89279,3619.97,-95.0481,-31.1008,0.110179,4356.59,0
