0.15957,3649.04,30.2581,-7.69457,0.0335149,6031.09,0
0.317453,3642.81,32.3909,-7.40864,0.0740613,22636,0
0.480494,3646.14,33.1816,-8.67211,0.0499108,8023.25,0
0.643105,3645.48,34.297,-12.5467,0.0540577,7035.01,0
0.80203,3637.12,29.1406,-12.6155,0.112859,16057,0
0.964341,3641.12,23.9757,-7.83436,0.0887699,9211.8,0
1.12466,3636.92,20.3183,-12.1556,0.119445,11628.4,0
1.28413,3615.07,15.7188,-15.0017,0.28239,27204.8,0
1.44207,3597.18,0.402128,-9.23333,0.438169,36631,0
1.60452,3610.1,39.2576,-8.39407,0.304404,24866.6,0
1.76499,3610.92,34.6662,-47.9138,0.273555,22142.7,0
1.92487,3623.86,43.051,-38.4158,0.180715,13579,0
2.08583,3610.72,30.7771,-57.3891,0.26578,18831.6,0
2.24388,3615.57,6.17944,-77.8242,0.20989,15345.2,0
2.40633,3627.03,11.1124,-82.2883,0.124795,9546.84,0
2.56706,3619.32,6.41359,-90.5118,0.163479,11952.6,0
2.72841,3598.88,10.0507,-98.4931,0.286863,18737.1,0
2.73194,3599.2,10.4736,-99.4785,0.282432,18596.4,0
