0.158672,3650.12,-42.5032,11.0633,0.0261276,-768.581,0
0.321493,3651.17,-42.908,13.5881,0.0179979,-3636.73,0
0.478475,3648.69,-43.772,8.96454,0.0340093,2744.79,0
0.639733,3648.8,-45.2837,4.75894,0.0325919,1873.98,0
0.801715,3650.11,-49.3053,4.83133,0.0208003,-142.256,0
0.963548,3649.91,-47.881,2.49304,0.0232094,88.7325,0
1.12275,3647.29,-48.3567,0.609655,0.0383329,2417.34,0
1.28011,3646.88,-49.1064,-1.96326,0.0400691,2441.13,0
1.4406,3646.77,-43.3991,-3.52383,0.0448814,2241.16,0
1.60209,3648.19,-43.2651,-0.10273,0.0352365,1126.75,0
1.76148,3650.51,-44.8957,0.316558,0.0192995,-292.345,0
1.92033,3648.57,-44.4079,-4.71621,0.0312754,746.223,0
2.0762,3643.52,-46.3073,-5.1699,0.0619541,3122.27,0
2.23499,3642.78,-49.4619,-13.1264,0.0634061,3231.93,0
2.39445,3636.94,-50.906,-9.40607,0.101163,5455.69,0
2.55416,3623.24,-71.0089,2.11124,0.172816,10478.7,0
2.71381,3622.09,-60.0067,3.91664,0.195993,10284.1,0
2.87405,3603.41,-29.4615,4.22097,0.372643,16212.2,0
3.03277,3615.9,-51.0387,23.67,0.241032,11243.6,0
3.19113,3610.12,-70.9965,31.8221,0.250705,12498.5,0
3.35066,3619.31,-62.4046,41.3082,0.190827,9159.84,0
3.5093,3612.49,-64.6452,41.4812,0.236077,10688.6,0
3.6681,3607.59,-38.053,29.8823,0.313367,11562.5,0
3.82695,3607.77,-25.7615,45.1015,0.306923,11036,0
3.98337,3612.92,-11.395,46.3223,0.273099,9308.82,0
4.14405,3618.88,-24.5173,52.0711,0.216753,7509.08,0
4.30431,3590.86,-6.31323,66.5095,0.416982,13739.9,0
4.46389,3609.09,-5.1332,61.2112,0.283153,9163.64,0
4.62611,3617.98,11.8105,76.6024,0.193652,6920.98,0
4.78598,3602.77,14.8682,65.0479,0.32233,9868.12,0
4.94758,3588.66,0.0802757,52.8255,0.467207,12397.6,0
5.10649,3584.48,16.447,57.8813,0.490745,12831.3,0
5.26237,3582.62,-1.3562,50.251,0.525952,12803.7,0
5.41925,3569.32,4.26775,46.1144,0.668274,14888,0
5.5778,3571.9,-5.24563,38.1675,0.657421,14001.3,0
5.73749,3574.08,-20.9873,26.6491,0.641322,13232.4,0
5.89407,3567.54,-24.4569,20.5876,0.716706,13990.9,0
6.05122,3558.8,-24.6229,25.2229,0.815076,15071.7,0
6.21083,3556.32,-34.9396,39.8304,0.793039,15083.1,0
6.37072,3552.64,-41.1066,38.9903,0.818785,15282.5,0
6.53057,3565.45,-48.3251,55.5969,0.628359,12946.1,0
6.6895,3558.09,-43.5818,58.8997,0.696912,13739.6,0
6.85131,3565.72,-39.5371,55.6705,0.629695,12301.7,0
7.0121,3569.52,-49.3807,52.4,0.582331,11477,0
7.16959,3578.75,-59.534,52.6254,0.48343,9937.53,0
7.32768,3579.02,-69.5877,53.4022,0.456837,9687.08,0
7.48515,3563.44,-70.1486,58.6267,0.573227,11563.9,0
7.64664,3561.67,-63.2847,64.4364,0.595316,11552.1,0
7.80241,3579.83,-68.1261,65.5648,0.431899,8993.15,0
7.96425,3587.67,-65.9261,69.1906,0.369497,7826.35,0
8.12293,3572.32,-62.7413,70.1188,0.49148,9563.48,0
8.23251,3572.94,-48.8523,87.2617,0.469633,9360.31,0
