0.160284,3650.19,12.4494,11.5166,0.00530508,-1174.72,0
0.322451,3649.8,12.1356,11.7166,0.00744853,618.997,0
0.482221,3650.53,11.2418,12.9164,0.00228329,-1092.25,0
0.642023,3648.25,9.31896,12.1144,0.0180164,2722.16,0
0.799985,3647.38,12.1788,13.0161,0.0232563,3279,0
0.960063,3649.06,11.5294,11.3936,0.0134046,981.227,0
1.12233,3648.72,9.53405,12.3854,0.0157937,1142.45,0
1.28263,3647.95,7.54294,12.2447,0.0212173,1598.43,0
1.44297,3644.4,10.1038,11.6261,0.0450818,3880.63,0
1.60442,3641.67,18.8114,14.2909,0.0596927,5189.64,0
1.76503,3644.83,20.8905,16.9427,0.0368897,2926.54,0
1.92639,3645.35,24.8906,14.1678,0.0331803,2416.13,0
2.08762,3641.82,25.9831,11.3708,0.0569422,3916.63,0
2.24875,3637.07,30.6853,11.2551,0.0869892,5748.8,0
2.41126,3634,23.9773,18.3294,0.110228,6637.2,0
2.56929,3617.41,37.3791,28.1632,0.218475,12683,0
2.72786,3607.76,41.8924,25.4954,0.289744,15482.9,0
2.88562,3621.86,39.5846,7.94785,0.192138,9750.27,0
3.04182,3593.49,29.3481,11.5485,0.431044,18577.8,0
3.20218,3596.49,39.503,29.4983,0.380861,16710.9,0
3.36441,3606.24,77.4589,48.7309,0.230349,13005.5,0
3.52517,3628.52,55.8997,27.9927,0.12037,6094.44,0
3.6873,3628.93,57.8313,34.0178,0.113099,5712.91,0
3.84862,3630.7,49.8237,33.3618,0.110061,5015.71,0
4.00969,3635.09,48.5561,37.9053,0.0787809,3718.27,0
4.17066,3640.08,46.7447,41.9004,0.0453589,2377.51,0
4.33303,3635.26,43.2042,45.3641,0.0767597,3401.15,0
4.49517,3635.48,45.5348,43.9237,0.0750297,3229.4,0
4.65433,3632.5,41.4229,43.7426,0.0985685,3759.73,0
4.8115,3620.81,38.4793,25.2949,0.196229,6066.15,0
4.97168,3609.76,21.1272,9.43592,0.302195,8093.08,0
5.13131,3594.09,24.9932,25.7323,0.424613,10896.1,0
5.29494,3591.73,34.6869,44.2266,0.41283,11004.9,0
5.45373,3604.66,40.9542,37.2658,0.308726,8312.77,0
5.6142,3597.63,68.9928,20.374,0.33616,9328.89,0
5.7732,3611.14,61.296,20.5548,0.24549,6730.74,0
5.93595,3627.19,61.42,14.1389,0.132505,3843.37,0
6.09481,3589.08,71.0787,11.3315,0.403931,9995.43,0
6.25257,3578.02,70.3567,4.17382,0.501808,11511.7,0
6.41263,3581.75,55.9652,23,0.493048,10643.1,0
6.57315,3572.71,57.0308,12.8864,0.584419,11757.8,0
6.73389,3591.77,72.613,16.9865,0.38383,8646.79,0
6.89495,3570.12,63.2329,20.2821,0.585809,11585.8,0
7.05169,3566.05,74.4342,29.2438,0.5799,11905.3,0
7.21312,3548.78,69.8946,25.3371,0.761644,14032.6,0
7.37383,3545.96,66.0857,25.189,0.80654,14109.8,0
7.52959,3548.37,64.4523,6.95801,0.805285,13497.6,0
7.68889,3562.97,59.044,4.33226,0.668762,11318.4,0
7.84847,3554.48,71.2173,9.7148,0.704059,12171.1,0
8.00615,3553.01,75.5749,11.8419,0.691865,12113.9,0
8.16682,3550.08,80.4018,13.0501,0.705182,12235.1,0
8.32453,3542.87,63.6663,10.1267,0.846627,12869.7,0
8.4854,3560.64,63.9012,14.8764,0.647496,10531.5,0
8.64775,3565.89,81.3493,19.8541,0.535038,9726.46,0
8.81251,3570.63,94.5624,15.6313,0.462813,9006.54,0
8.8932,3569.89,99.543,9.67541,0.455899,9008.41,0
