0.160059,3650.57,-1.15264,-47.9231,0.0151381,-3566.07,0
0.31635,3651.87,-0.225852,-47.3958,0.00783095,-5908.66,0
0.476758,3650.43,-1.34776,-46.9716,0.0168778,-896.771,0
0.63758,3650.75,-4.07067,-45.1546,0.0154664,-1183.08,0
0.801088,3649.49,-4.56874,-47.8589,0.0219476,638.204,0
0.960769,3648.41,-7.11509,-48.4019,0.0278188,1656.87,0
1.12276,3643.7,-7.9638,-47.4199,0.0587866,5615.48,0
1.28368,3640.18,-8.46753,-53.9742,0.0755364,7646.77,0
1.44358,3629.23,-12.3607,-40.3659,0.161509,14387,0
1.60176,3617.39,0.986961,-44.6228,0.246521,20357.8,0
1.76321,3594.44,9.49425,-45.8747,0.427735,31511.4,0
1.9212,3586.18,4.00934,-31.5632,0.526053,33218.7,0
2.08049,3591.56,11.2161,-31.3435,0.473437,28087.6,0
2.23748,3619.66,-5.49193,-30.9393,0.240233,13559,0
2.39497,3633.43,-5.25147,-21.9952,0.145771,6917.67,0
2.55491,3615.72,10.0732,-30.2889,0.271824,13417.8,0
2.71536,3617.27,8.56931,-34.8201,0.258149,12054.4,0
2.87735,3602.96,42.5239,-53.9125,0.323822,16348,0
3.03718,3604.44,32.0251,-58.8991,0.315983,15002.2,0
3.19755,3601.94,36.9045,-38.6813,0.358226,15028.9,0
3.35741,3623.56,52.089,-23.4499,0.19041,7876.13,0
3.52019,3640.98,48.8632,-28.2019,0.0731265,2562.28,0
3.67787,3639.21,42.2095,-22.8748,0.0916587,2932.55,0
3.83919,3634.19,40.5583,-33.9045,0.120514,4117.74,0
3.99666,3608.1,35.5881,-31.4326,0.316633,10483.3,0
4.15776,3602.22,42.7073,-19.5271,0.363562,11491.6,0
4.31647,3626.8,51.7803,-15.8628,0.167925,5374.75,0
4.47459,3626.19,50.0173,-5.82266,0.175151,5320.26,0
4.6335,3620.22,47.0195,-16.5712,0.218529,6426.2,0
4.79329,3616.56,58.7854,-22.068,0.229639,6975.91,0
4.95406,3620.77,70.345,-13.435,0.186342,5901.13,0
5.11377,3626.46,64.0139,-23.5025,0.15184,4604.02,0
5.27504,3631.51,56.6138,-32.774,0.122675,3505.89,0
5.43257,3608.8,37.9523,-55.5382,0.280612,7584.19,0
5.59201,3595.35,25.1522,-50.3445,0.403213,9773.26,0
5.75366,3598.34,29.2919,-44.1315,0.38501,8979.09,0
5.9125,3607.73,43.7437,-38.3636,0.301749,7149.6,0
6.07462,3607.11,58.7301,-28.805,0.296204,7060.65,0
6.23386,3625.03,50.7179,-21.3918,0.178921,4004.79,0
6.39687,3641.51,42.3806,-20.8753,0.0736789,1327.48,0
6.55692,3643.9,41.3131,-15.0559,0.0617208,930.079,0
6.71578,3647.63,38.9155,-14.5178,0.0386746,353.505,0
6.8723,3645.37,43.302,-14.1428,0.0497384,673.874,0
7.03202,3640.44,37.3169,-14.9061,0.0861546,1359.42,0
7.19152,3643.25,40.8668,-9.19127,0.0672818,938.445,0
7.35091,3641.75,34.915,-3.99406,0.0813978,1121.88,0
7.51079,3643.77,31.2744,-11.7188,0.0701765,829.038,0
7.66759,3637.52,25.8063,-19.1497,0.114131,1627.51,0
7.82771,3634.08,21.3135,-8.74701,0.142699,2033.82,0
7.98669,3611.18,19.8297,-17.1891,0.313593,4860.07,0
8.14601,3609.48,5.35621,-38.3639,0.317946,4974.72,0
8.30699,3628.81,17.7376,-61.243,0.147167,2551.03,0
8.46789,3627.43,11.7867,-58.0552,0.162544,2665,0
8.63138,3633.08,11.3418,-58.9886,0.125588,1960.15,0
8.78977,3631.09,3.23841,-59.5214,0.139517,2151.34,0
8.95286,3616.08,-1.79369,-55.2182,0.251271,3789.01,0
9.1151,3605.04,9.15454,-57.9021,0.330515,4932.88,0
9.27373,3596.72,16.6712,-60.0961,0.389281,5745.05,0
9.43637,3603.53,15.3021,-60.7247,0.334355,4924.57,0
9.59217,3617.21,23.0433,-50.5832,0.240746,3418.2,0
9.75197,3632.3,22.8937,-56.1943,0.126661,1815.23,0
9.91395,3644.76,17.8564,-60.8804,0.04096,528.294,0
10.0724,3649.46,16.7246,-61.3753,0.0116875,54.0937,0
10.2354,3649.94,15.3902,-61.4747,0.00872382,5.44199,0
10.3956,3647.61,17.6127,-59.901,0.0236139,230.218,0
10.5559,3640.98,22.9793,-55.665,0.0673353,854.144,0
10.7156,3640.83,19.5594,-55.6312,0.0699501,856.128,0
10.8738,3625.17,9.65914,-49.3262,0.184511,2283.13,0
11.0355,3611.85,-1.6324,-54.6632,0.27778,3457.47,0
11.1895,3633.83,-13.5145,-55.7341,0.11859,1445.06,0
11.3546,3621.76,-34.7068,-53.1237,0.195181,2487.23,0
11.5124,3614.73,-39.5286,-33.9583,0.261192,3063.35,0
11.6716,3602.67,-62.0336,-30.3074,0.326577,4054.81,0
11.829,3611.69,-88.4011,-41.6786,0.209992,3238.75,0
11.8418,3611.08,-89.3322,-44.9765,0.209772,3286.25,0
