0.156787,3649.47,56.6119,-51.7323,0.0206109,3360.34,0
0.318174,3647.72,53.6948,-53.305,0.0411351,7161.85,0
0.474529,3644.8,51.4247,-58.8934,0.0678809,10949.2,0
0.634565,3645.16,53.5057,-61.6663,0.0565543,7620.45,0
0.79439,3642.75,55.7186,-65.6358,0.0726476,9124.56,0
0.956644,3644.23,50.8864,-70.7094,0.0539763,6028.67,0
1.11531,3641.28,53.2793,-74.071,0.0757345,7821.24,0
1.27719,3637.79,60.4368,-74.5761,0.100808,9563.39,0
1.43893,3644.87,56.8133,-77.2492,0.026045,3565.41,0
1.59921,3636.32,53.6293,-81.7435,0.113053,8552.15,0
1.63404,3639.21,56.9114,-82.2278,0.0763745,6605.93,0
