0.157403,3649.37,-45.2662,17.5733,0.01572,3983.56,0
0.317288,3649.85,-43.7886,18.4875,0.0111583,461.055,0
0.474458,3648.6,-44.3702,18.5291,0.0241926,2940.93,0
0.635734,3648.27,-48.1585,15.4366,0.0239441,2714.99,0
0.796798,3649.83,-47.005,16.6569,0.00824818,208.284,0
0.958185,3643.54,-44.8611,13.4171,0.0843351,6737.64,0
1.11998,3645.76,-47.6108,8.51228,0.0589035,3785.51,0
1.28203,3641.23,-45.5071,11.3657,0.114553,6839.72,0
1.44395,3621.86,-42.0111,4.50879,0.358407,19484.8,0
1.60476,3625.84,-29.1547,4.04829,0.322829,15056,0
1.76493,3630.52,-14.4489,3.71663,0.27284,11035.3,0
1.92268,3612.6,-19.2734,1.57853,0.511102,19450.6,0
2.082,3628.99,-9.85999,2.875,0.295066,10090.8,0
2.23937,3617.58,-20.3954,-32.9793,0.417468,14478.5,0
2.39527,3620.51,-16.7526,-60.9613,0.331885,12311.7,0
2.55663,3631.52,-44.1611,-38.1074,0.205067,7228.14,0
2.71834,3621.45,-37.9791,-18.8013,0.360521,10503.1,0
2.87753,3618.94,-59.8691,-23.3334,0.349304,10795.3,0
3.03661,3626.63,-59.2262,-25.28,0.253456,7696.34,0
3.1971,3639.46,-65.1755,-28.3462,0.0909391,3296.42,0
3.35889,3634.98,-64.3409,-30.105,0.1422,4470.35,0
3.52127,3627.99,-69.8546,-12.3095,0.223534,6250.31,0
3.682,3622.5,-91.923,-16.5203,0.230204,7468.62,0
3.8441,3625.57,-82.5038,-10.2092,0.222795,6354.56,0
4.00303,3627.63,-92.8022,-4.02592,0.173307,5587.68,0
4.14055,3632.78,-100.007,0.217601,0.0972888,4159.96,0
