0.159155,3648.13,3.96307,-5.02812,0.0530336,11774,0
0.318116,3646.13,-1.01833,-7.32726,0.0773238,12161.2,0
0.476545,3630.81,11.8108,-15.3783,0.259689,40277.8,0
0.635202,3631.63,11.5774,2.99823,0.253588,28921.4,0
0.796101,3607.62,2.11751,30.9052,0.562741,53240.7,0
0.955948,3604.88,9.34147,37.2542,0.581493,47195.2,0
1.11435,3594.67,9.4475,24.1018,0.763727,49653.7,0
1.27368,3595.64,2.97282,16.8745,0.760445,42680.3,0
1.43177,3588.05,-1.54991,23.2257,0.880607,43271,0
1.59542,3578.61,-2.94549,20.0145,1.06563,44747.2,0
1.75512,3581.21,-15.0482,12.7979,1.00332,39194.1,0
1.916,3579.79,-4.03515,15.6794,1.03021,36646.3,0
2.07536,3589.8,-0.183917,17.4323,0.841727,29006.2,0
2.23642,3597.04,0.180665,19.9086,0.711833,23680.7,0
2.39686,3601.28,5.18698,5.76094,0.650004,20327.4,0
2.55859,3588.03,-8.98827,-1.30869,0.86405,24220.4,0
2.71958,3586.29,-15.8806,-2.79096,0.87826,23426.7,0
2.87706,3585.47,-25.2241,-9.80857,0.876654,22430.6,0
3.03779,3589.85,-15.1085,-23.9235,0.795074,19801.7,0
3.19921,3585.2,-20.4378,-27.9009,0.857622,20255.2,0
3.35886,3585.77,-29.0616,-24.2907,0.841998,19122.7,0
3.52184,3586.62,-34.3566,-21.7066,0.802324,17996.1,0
3.68214,3583.41,-34.2283,-19.7979,0.85085,18083.9,0
3.8454,3581.25,-33.4244,-14.9884,0.895288,17879.5,0
4.00478,3578.43,-27.8776,-25.3604,0.950889,17869.9,0
4.16431,3590.39,-29.0543,-27.4547,0.731923,14315.5,0
4.32661,3586.11,-27.6702,-17.7185,0.812716,14767.5,0
4.48861,3589.56,-21.262,-23.8238,0.749643,13465.8,0
4.64923,3594.88,-28.9326,-22.8076,0.652442,11855.7,0
4.80807,3596.39,-33.4746,-45.497,0.580738,11150.7,0
4.96777,3592.69,-25.4534,-51.3077,0.633616,11535.7,0
5.12745,3588.1,-28.4958,-43.2859,0.713137,12073,0
5.28886,3610.56,-24.7059,-26.8503,0.418971,7456.58,0
5.44535,3609.5,-49.118,-34.1091,0.381556,7437.89,0
5.60558,3617.36,-38.0023,-9.70644,0.31905,5822.35,0
5.76808,3633.84,-22.6738,-10.9104,0.121815,2801.88,0
5.92736,3637.46,-27.7421,-17.3281,0.0693666,2115.6,0
6.08523,3633.59,-22.9294,-21.1509,0.119292,2696.73,0
6.24658,3623.79,-8.89546,8.55785,0.260941,4195.61,0
6.40717,3606.77,-21.9715,33.35,0.463691,6747.31,0
6.57089,3597.74,-18.459,27.1961,0.611119,7952.78,0
6.72849,3599.36,10.1245,23.1502,0.597121,7525.8,0
6.88915,3598,-1.99704,28.8162,0.612649,7547.75,0
7.04922,3592.29,-12.8052,27.3953,0.697112,8187.3,0
7.20821,3595.78,-21.3701,17.2434,0.647082,7522.52,0
7.3687,3588.27,-39.089,23.3615,0.721332,8377.94,0
7.53124,3574.19,-44.9007,20.4486,0.952093,10065.8,0
7.6911,3585.19,-35.5281,12.0597,0.798828,8426.05,0
7.84669,3585.54,-37.9273,7.40797,0.792961,8215,0
8.00204,3579.45,-47.412,5.09263,0.870657,8815.88,0
8.16345,3573.54,-23.033,5.58599,1.04926,9366.26,0
8.32429,3569.77,-23.2238,-0.0857428,1.1298,9638.55,0
8.47939,3561.12,-26.7162,8.67002,1.2998,10481.9,0
8.64088,3568.16,-32.7358,-5.46896,1.14535,9471,0
8.79802,3566.31,-26.7343,-5.8817,1.19556,9512.61,0
8.95498,3571.38,-31.7429,-16.3993,1.06137,8779.95,0
9.11442,3565.49,-34.6823,-7.01139,1.16862,9271.77,0
9.27953,3578.25,-36.4703,-12.9068,0.909855,7731.76,0
9.43886,3566.99,-38.9182,-8.43359,1.11125,8794.79,0
9.59758,3570.34,-29.3574,-23.2775,1.05628,8299.59,0
9.75663,3581.11,-31.4045,-25.678,0.851161,7061.17,0
9.916,3584.62,-22.6124,-28.4458,0.816946,6593.39,0
10.0763,3585.31,-23.8078,-21.8888,0.813855,6419.9,0
10.2355,3579.75,-20.7112,-20.4045,0.905315,6863.45,0
10.3976,3593.32,-20.9851,-30.1791,0.653044,5451.27,0
10.5587,3600.47,4.02475,-25.2491,0.563096,4691.14,0
10.716,3607.93,4.30963,-29.6359,0.447836,3925.72,0
10.8772,3609.88,15.9459,-12.9131,0.429474,3688.57,0
11.0387,3616.63,26.1458,-18.1738,0.322249,3023.13,0
11.1975,3613.29,19.8756,-11.6536,0.377329,3278.8,0
11.359,3608.65,15.9958,-0.486938,0.452852,3639.99,0
11.5169,3602.76,26.5316,-4.8745,0.530271,4101.71,0
11.6778,3627.75,6.48103,-0.59101,0.194584,1904.93,0
11.8359,3631.18,7.71067,-0.912974,0.149514,1590.4,0
11.9975,3618.73,8.46437,-1.38868,0.313942,2606.11,0
12.1599,3626.04,12.8983,6.2333,0.212804,1970.57,0
12.3209,3630.86,23.283,-4.12211,0.144769,1553.57,0
12.4808,3613.98,5.7633,8.00917,0.383125,2886.34,0
12.6393,3629.54,8.60198,-7.28636,0.172899,1618.52,0
12.7958,3628.53,5.74157,-20.3518,0.178971,1677.56,0
12.9557,3617.01,-6.65386,-33.3541,0.317653,2546.26,0
13.1173,3622.7,-2.76464,-44.0636,0.225202,2080.97,0
13.2795,3624.77,9.79349,-46.1945,0.191439,1900.03,0
13.4389,3617.49,26.7217,-51.1153,0.26424,2419.23,0
13.6011,3611.47,47.8823,-54.6086,0.306541,2832.55,0
13.7602,3615.39,61.1654,-44.7762,0.247979,2515.47,0
13.917,3609.32,43.3289,-32.3466,0.385304,2923.03,0
14.0758,3609.86,34.1866,-35.0684,0.39139,2851.51,0
14.2386,3613.31,39.3208,-28.3067,0.349502,2577.07,0
14.3984,3608.38,40.2377,-36.5249,0.402821,2890.38,0
14.5586,3627.7,36.0806,-10.7602,0.180185,1531.53,0
14.7177,3607.97,39.5805,-16.9245,0.434451,2855.58,0
14.8783,3596.35,39.6928,-14.9107,0.601528,3605.6,0
15.035,3607.21,56.2623,-6.94889,0.407362,2846.08,0
15.1931,3629.82,55.7764,12.6113,0.115423,1327.97,0
15.3491,3632.84,58.1991,11.7454,0.0751647,1118.14,0
15.5083,3627.79,54.6003,6.59642,0.144355,1432.13,0
15.6673,3618.76,38.7825,10.074,0.285746,1993.98,0
15.8279,3632.32,39.4635,-7.68399,0.112146,1116.75,0
15.9896,3615.05,35.6997,-37.9191,0.313389,2185.55,0
16.1493,3594.21,49.4728,-23.7677,0.599179,3454.73,0
16.3078,3596.97,59.178,-31.7464,0.513096,3251.59,0
16.4683,3592.41,59.5536,-49.543,0.539288,3496.89,0
16.6304,3588.67,69.7475,-34.9815,0.589321,3687.67,0
16.7879,3589.28,76.8624,-23.5489,0.583265,3616.81,0
16.945,3574.85,65.8115,-14.9588,0.852101,4434.79,0
17.1065,3585.47,68.9233,-18.19,0.661058,3771.96,0
17.2649,3571.14,58.2197,-15.362,0.932085,4567.5,0
17.4233,3569.57,52.1926,-7.74548,0.994663,4615.99,0
17.5854,3582.1,51.517,0.40758,0.78317,3861.08,0
17.7452,3576.72,53.7342,0.0213859,0.862392,4129.78,0
17.9044,3585.02,51.2356,-0.138502,0.743465,3629.28,0
18.063,3594.75,58.0633,-1.01936,0.574028,3058.71,0
18.222,3600.83,55.4746,-10.7386,0.486326,2698.46,0
18.3845,3614.83,47.3461,-13.3556,0.307922,1912.89,0
18.5454,3596.33,36.8167,-33.8455,0.568823,2894.15,0
18.7063,3582.61,40.4855,-27.5665,0.779226,3602.39,0
18.8692,3578.48,36.8968,-23.8276,0.864837,3790.17,0
19.0292,3583.45,41.4902,-25.4512,0.770776,3497.47,0
19.1841,3578.23,25.7348,-34.0427,0.877456,3740.89,0
19.345,3569.64,22.1298,-45.5468,0.985246,4154.19,0
19.5044,3556.77,13.0171,-43.0531,1.2732,4779.92,0
19.6652,3562.25,10.8165,-41.6904,1.1645,4462.4,0
19.8245,3565.31,14.505,-36.4614,1.12115,4271.76,0
19.9836,3558.69,26.2256,-35.3091,1.22445,4569.09,0
20.1425,3552.04,27.4308,-42.4662,1.32143,4863.23,0
20.3016,3558.24,34.1545,-35.1484,1.20807,4519.59,0
20.4615,3550.7,34.9704,-41.0487,1.34059,4853.25,0
20.6204,3528.76,33.4105,-40.4433,1.80945,5879.65,0
20.7758,3538.15,43.6176,-34.7714,1.58086,5383.54,0
20.931,3530.58,36.2529,-35.066,1.82199,5705.58,0
21.0915,3525.43,34.1927,-33.93,1.94874,5906.14,0
21.2514,3523.33,37.0284,-41.2203,1.88986,5960.55,0
21.4105,3512.22,38.1176,-47.363,2.07916,6435.19,0
21.5717,3509.77,37.3894,-50.11,2.12277,6500.43,0
21.7329,3518.82,37.9895,-45.2454,1.9447,6035.82,0
21.8956,3514.9,45.9641,-46.7567,1.93442,6170.02,0
22.055,3514.02,49.761,-48.6173,1.8541,6165.55,0
22.2153,3505.17,50.1311,-59.9878,1.9212,6519.43,0
22.3734,3503.38,48.2374,-62.397,1.89208,6553.4,0
22.5352,3509.88,37.1618,-55.0252,1.92621,6217.7,0
22.6979,3507.07,39.3718,-52.8135,1.96642,6297.19,0
22.8593,3508.72,28.3621,-60.5862,1.90401,6180.64,0
23.0151,3500.38,25.1097,-56.4362,2.15075,6501,0
23.1763,3504.95,24.0494,-61.0407,1.95497,6258.69,0
23.3343,3512.36,20.9736,-64.786,1.72926,5898.69,0
23.4926,3521.05,16.9539,-68.3645,1.5126,5489.09,0
23.6521,3518.18,22.0152,-64.6512,1.57223,5573.34,0
23.8095,3520.94,15.0588,-65.4455,1.53476,5420.52,0
23.9744,3509.71,12.7708,-62.4968,1.82672,5851.69,0
24.1331,3516.1,13.0313,-59.1112,1.72073,5548.33,0
24.2905,3527.23,17.9699,-72.8027,1.28851,5054.08,0
24.4485,3538.64,10.8303,-66.7017,1.14063,4554.76,0
24.6066,3538.37,11.1953,-81.1076,1.01244,4536.78,0
24.7677,3535.39,-2.77231,-87.9476,1.00768,4627.33,0
24.931,3533.69,-0.861154,-81.4194,1.08913,4665.46,0
25.0898,3540.22,-3.45476,-69.2057,1.06751,4375.51,0
25.2497,3544.05,-13.3809,-68.0586,0.993928,4196.23,0
25.4076,3539.94,-11.0328,-77.8426,0.977706,4331.68,0
25.5688,3540.36,-13.0977,-93.6491,0.836773,4288.23,0
25.7283,3548.85,-3.9382,-95.1872,0.699702,3931.63,0
25.8874,3540.59,0.80492,-94.678,0.834738,4226.32,0
26.0472,3532.88,-12.9145,-86.007,1.02463,4496.55,0
26.2054,3532.62,4.15945,-89.4443,0.998204,4479.35,0
26.3631,3543.21,-2.62308,-82.2745,0.878443,4050.85,0
26.5251,3552.9,-11.5174,-87.1805,0.668673,3660.71,0
26.6007,3545.55,-8.23081,-99.6961,0.694478,3926.52,0
