0.162203,3649.45,-48.9952,19.6198,0.0197965,3385.75,0
0.323359,3643.89,-52.2633,18.2335,0.0777933,18909.4,0
0.482734,3638.74,-50.5403,17.3698,0.141577,23324.2,0
0.641235,3615.52,-51.7421,11.1627,0.431601,53769.3,0
0.799869,3623.38,-47.8208,-16.2561,0.33551,33274.6,0
0.956753,3612.27,-40.0406,-2.92482,0.499352,39433.9,0
1.11738,3609.27,-37.6454,17.1063,0.541092,36455.2,0
1.27771,3600.46,-26.5514,24.2594,0.683616,38772.2,0
1.43985,3593.51,-27.1128,20.821,0.800514,39230.9,0
1.59451,3604.09,-30.0175,19.0725,0.635304,28789.9,0
1.75395,3617.05,-8.64534,26.9987,0.458304,18783.5,0
1.91558,3611.44,-15.5223,40.4788,0.508254,20129.7,0
2.07513,3634.11,-33.9813,44.0966,0.193258,7657.76,0
2.23476,3619.7,-60.477,25.979,0.350086,13557.3,0
2.39693,3630.21,-78.0365,17,0.191603,8257.38,0
2.55762,3608.78,-85.9219,21.242,0.42067,16115.3,0
2.71759,3626.9,-96.7969,7.56643,0.182062,8500.13,0
2.76104,3623.3,-99.4042,10.9087,0.213663,9669.24,0
