0.160646,3639.56,-48.8164,-10.5037,0.151482,64966.9,0
0.319966,3631.2,-65.3314,-2.26289,0.222658,58769.6,0
0.47993,3604.24,-52.462,4.0018,0.60053,95353.2,0
0.639158,3602.29,-49.3417,-5.10461,0.624546,74641.2,0
0.796948,3593.02,-42.4463,-4.4836,0.774523,71497.4,0
0.955554,3591.33,-41.3347,-7.52727,0.799539,61400.3,0
1.11387,3590.42,-21.0293,-1.72719,0.871761,53491.3,0
1.27338,3592.71,-34.3694,4.62875,0.808202,44989.7,0
1.43486,3598.77,-40.4169,-5.89593,0.696033,35703.4,0
1.597,3604.62,-31.846,-12.7381,0.629185,28414.8,0
1.75966,3617.4,-32.3248,1.88173,0.44839,18524.2,0
1.9217,3628.61,-46.3956,-7.19982,0.283137,11132.9,0
2.08254,3612.74,-21.0091,-37.4491,0.496692,17891.9,0
2.24152,3627.32,-26.8314,-36.8274,0.302414,10117.7,0
2.40138,3620.32,-20.0477,-37.1259,0.397208,12358.3,0
2.55978,3624.27,-31.9747,-30.9545,0.338547,10052.1,0
2.72161,3622.71,-15.9225,-37.356,0.363898,10028,0
2.87852,3628.13,-29.2298,-23.9015,0.297739,7597.69,0
3.03651,3614.07,3.92021,-16.0211,0.514183,11833.5,0
3.19184,3623.72,18.8413,-26.3005,0.362394,8233.63,0
3.35318,3615.42,33.2497,-35.3222,0.446238,10312.8,0
3.51215,3616.75,36.8829,-45.8838,0.407296,9467.86,0
3.66976,3633.2,33.389,-33.4699,0.224024,4578.35,0
3.82696,3638.4,30.4218,-40.8779,0.155655,3031,0
3.98849,3640,14.1786,-42.1587,0.146815,2506.76,0
4.14762,3628.64,18.0218,-35.3649,0.293053,5148.86,0
4.30345,3628.78,40.2322,-27.3437,0.277988,4931.38,0
4.46672,3622.65,55.7532,-42.3804,0.307749,6123.16,0
4.62629,3620.05,43.3031,-31.7343,0.377018,6472.8,0
4.78528,3622.26,43.8865,-38.5044,0.336632,5796.24,0
4.94701,3640.12,44.195,-48.0393,0.109402,1997.24,0
5.10881,3638.86,43.496,-45.1851,0.127033,2180.04,0
5.26749,3633.05,26.9965,-54.3049,0.19825,3218.14,0
5.42537,3636.7,18.9684,-47.5447,0.171547,2452.12,0
5.58837,3629.81,17.5568,-72.9849,0.205143,3612.42,0
5.74838,3639.53,11.6321,-86.2591,0.0692628,1820.93,0
5.9069,3637,12.9952,-79.0274,0.113763,2201.3,0
6.0662,3645.44,16.6325,-76.621,0.0246044,750.972,0
6.22577,3643.62,15.6689,-78.5936,0.0423945,1025.5,0
6.38808,3642.72,16.3697,-73.0498,0.0614128,1138.89,0
6.54772,3642.87,16.673,-66.8983,0.0688754,1089.36,0
6.70827,3642.96,23.3292,-70.7724,0.05884,1050.18,0
6.86789,3642.3,26.464,-68.0688,0.0678141,1121.81,0
7.02962,3644.57,31.0001,-62.4,0.0488158,772.346,0
7.19227,3638.93,30.6213,-62.6225,0.111489,1539.59,0
7.35273,3642.81,34.2738,-53.2074,0.0799382,978.297,0
7.51277,3620.24,24.1399,-47.5278,0.370077,3960.91,0
7.67322,3601.65,41.2517,-36.9611,0.613756,6301.46,0
7.83268,3615.35,36.0871,-45.034,0.416844,4424.1,0
7.99267,3632.83,32.2507,-56.3323,0.186636,2147.79,0
8.14993,3609.27,53.8264,-78.9291,0.385898,4997.48,0
8.1624,3609.42,55.7875,-83.0246,0.369023,4971.14,0
