0.000695475,0.017838,0.0169134,0.00863837,0.0155874,25648.6,0
0.0013869,0.0577581,0.0458424,0.0360202,0.0246218,41645.5,0
0.00208129,0.062629,0.0270519,0.0371443,0.0268369,30091.4,0
0.00279104,0.0542079,0.0681895,0.0324638,0.0273338,19422.1,0
0.00349074,0.0448408,0.0833807,0.0453438,0.0271877,12845.6,0
0.00418169,0.0248267,0.0800168,0.0809959,0.0231458,5936.99,0
0.00488285,0.030208,0.112003,0.0761591,0.0263581,6186.56,0
0.00558536,0.0276295,0.117485,0.0761972,0.0246365,4946.76,0
0.00627968,0.0160264,0.135449,0.0929633,0.0233916,2552.11,0
0.00698757,0.0165366,0.18246,0.132205,0.0243418,2366.58,0
0.00766494,0.015154,0.19343,0.158297,0.0221779,1977.06,0
0.00836916,-0.0244082,0.195164,0.187774,0.01477,-2916.44,0
0.00904934,0.0198785,0.20637,0.181244,0.0232133,2196.68,0
0.00973313,0.063975,0.23055,0.15452,0.0327791,6572.92,0
0.0104222,0.0351623,0.2278,0.15896,0.0263626,3373.78,0
0.0111216,0.0561443,0.241675,0.16072,0.0278615,5048.2,0
0.011818,0.0582605,0.247954,0.155024,0.0284292,4929.8,0
0.0125095,0.0666534,0.225838,0.152541,0.0321896,5328.22,0
0.0132101,0.0180078,0.206147,0.141274,0.0222763,1363.18,0
0.0138969,-0.0243973,0.221297,0.119913,0.0148647,-1755.6,0
0.0145884,-0.0423464,0.248459,0.147182,0.0114906,-2902.74,0
0.0152924,-0.0326642,0.274343,0.135126,0.0140218,-2135.97,0
0.0159665,-0.0517242,0.272906,0.144498,0.00979623,-3239.55,0
0.016642,-0.0482065,0.306225,0.133806,0.0104918,-2896.68,0
0.0173385,-0.0358734,0.338469,0.10749,0.0130089,-2069,0
0.0180213,-0.0446168,0.34633,0.0708452,0.0102066,-2475.78,0
0.0187145,-0.0555677,0.382757,0.0613798,0.00876167,-2969.23,0
0.0194036,-0.0499686,0.419401,0.0518584,0.00946527,-2575.22,0
0.0200985,-0.0381846,0.450464,0.0321123,0.0111603,-1899.87,0
0.0207867,-0.0261649,0.472315,-0.00323477,0.0131922,-1258.74,0
0.0214652,-0.0257507,0.475226,0.00364662,0.0132078,-1199.65,0
0.0221708,-0.0304723,0.47451,0.0380116,0.0114115,-1374.43,0
0.0228552,-0.0487535,0.466136,0.054557,0.00673448,-2133.14,0
0.0235356,-0.0559958,0.451135,0.0577145,0.00510541,-2379.2,0
0.0242114,-0.0565283,0.441327,0.0747013,0.00472748,-2334.78,0
0.0249099,-0.0627774,0.422575,0.0880669,0.00364365,-2520.18,0
0.0256057,-0.056216,0.406576,0.106504,0.00476888,-2195.45,0
0.0262883,-0.0298434,0.397412,0.11952,0.00978333,-1135.23,0
0.0269748,0.0185931,0.397842,0.125255,0.0194709,689.276,0
0.027655,0.0457089,0.428415,0.116534,0.0249993,1652.82,0
0.0283328,0.0872022,0.458196,0.138323,0.0321976,3077.78,0
0.029006,0.0945229,0.44068,0.107431,0.0345671,3258.73,0
0.0296925,0.0959274,0.408491,0.0798124,0.0325274,3230.69,0
0.0303836,0.0992742,0.417454,0.0486783,0.0319575,3267.36,0
0.0310828,0.0935502,0.391416,0.0396729,0.0300491,3009.71,0
0.0317744,0.0716509,0.359319,0.0778425,0.0258543,2254.99,0
0.0324677,0.126565,0.344206,0.0516178,0.0360015,3898.19,0
0.0331573,0.115053,0.313261,0.0369118,0.0346489,3469.91,0
0.0338544,0.146018,0.298966,0.0172099,0.0405545,4313.13,0
0.0345474,0.107147,0.270162,0.0103159,0.0335931,3101.45,0
0.0352401,0.0757952,0.308819,0.0168548,0.02653,2150.82,0
0.0359293,0.0470114,0.343979,0.0373196,0.022478,1308.44,0
0.0366321,0.000932952,0.331974,0.0643724,0.0143368,25.4681,0
0.0373227,-0.00509112,0.334668,0.0671541,0.013091,-136.408,0
0.038018,0.023046,0.350102,0.0721887,0.0184088,606.185,0
0.0387268,-0.00672084,0.334475,0.0672482,0.0113401,-173.545,0
0.0394215,0.0281303,0.323614,0.0889115,0.0185116,713.578,0
0.0401055,0.0328808,0.347002,0.139479,0.0200887,819.856,0
0.0407981,0.0383068,0.337762,0.140731,0.0198147,938.935,0
0.0414982,0.0888157,0.296546,0.129056,0.0329302,2140.23,0
0.042185,0.115892,0.294902,0.106853,0.0397669,2747.22,0
0.0428716,0.110542,0.249863,0.0660825,0.0377515,2578.43,0
0.0435646,0.0782705,0.270782,0.0394324,0.030657,1796.65,0
0.0442573,0.0773512,0.280557,0.0271786,0.0305955,1747.76,0
0.0449411,0.0865119,0.299393,0.0647316,0.0324691,1925.01,0
0.0456077,0.0638328,0.310115,0.0560945,0.0297751,1399.61,0
0.0463094,0.0518219,0.279987,0.0808631,0.0305397,1119.04,0
0.04701,0.0365176,0.334757,0.0760036,0.026404,776.804,0
0.0477136,0.00773713,0.370543,0.0733267,0.0215349,162.158,0
0.0484193,0.0057296,0.345256,0.0680299,0.0211211,118.333,0
0.0491038,0.0179896,0.343577,0.0760532,0.0236568,366.359,0
0.0497834,0.00992846,0.327315,0.080486,0.0218219,199.433,0
0.0504711,0.00265547,0.339668,0.100256,0.0197245,52.6136,0
0.05116,-0.00554486,0.345699,0.110037,0.0177,-108.383,0
0.0518248,0.0141091,0.321,0.0939828,0.020197,272.247,0
0.052515,0.0396872,0.293832,0.108899,0.0271527,755.732,0
0.0532084,0.078855,0.290877,0.095082,0.0357586,1482,0
0.0538942,0.102903,0.268477,0.0726616,0.0401587,1909.35,0
0.0546022,0.11745,0.30671,0.11502,0.0397696,2151.01,0
0.0552932,0.10041,0.351128,0.0983545,0.0385169,1815.95,0
0.0559734,0.0639447,0.368161,0.0820042,0.0312589,1142.41,0
0.0566635,0.0729063,0.364775,0.0219247,0.0330015,1286.65,0
0.0573625,0.0521084,0.41171,-0.0139003,0.0293332,908.407,0
0.0580655,0.0686337,0.405786,0.00240066,0.03375,1182,0
0.0587718,0.0926229,0.404268,0.0625989,0.042337,1575.98,0
0.0594487,0.104296,0.346923,0.0978418,0.044589,1754.39,0
0.0601209,0.106027,0.341085,0.062217,0.0424194,1763.56,0
0.0608301,0.168277,0.346701,0.0435528,0.0562982,2766.34,0
0.0615178,0.169825,0.310592,0.0574338,0.0554236,2760.59,0
0.0622131,0.144045,0.285285,0.108982,0.0473818,2315.34,0
0.0629083,0.107751,0.298252,0.107426,0.036727,1712.83,0
0.063617,0.135286,0.319994,0.0737189,0.0404254,2126.57,0
0.0642803,0.134002,0.324793,0.0879392,0.0411947,2084.65,0
0.0649635,0.114059,0.352654,0.125249,0.0409827,1755.74,0
0.0656339,0.104015,0.352627,0.106721,0.0387537,1584.78,0
0.0663164,0.096374,0.394862,0.0673227,0.0379871,1453.25,0
0.0669943,0.0883128,0.433946,0.10099,0.037741,1318.21,0
0.0676836,0.102696,0.479003,0.123216,0.040148,1517.29,0
0.0683777,0.108605,0.497783,0.138906,0.041446,1588.31,0
0.0690559,0.113481,0.53802,0.0704657,0.0415397,1643.32,0
0.0697242,0.147521,0.557558,0.067378,0.0477215,2115.78,0
0.0704053,0.134592,0.59587,0.0654962,0.0431661,1911.67,0
0.071089,0.0888815,0.607705,0.00264565,0.0317551,1250.28,0
0.0717553,0.0532881,0.603884,-0.0448902,0.0243352,742.636,0
0.0724594,0.0549936,0.615265,-0.0765112,0.0247218,758.958,0
0.0731582,0.0471498,0.628398,-0.0756384,0.0223501,644.491,0
0.0738461,0.0498276,0.59766,-0.0774516,0.0212166,674.75,0
0.0745439,0.0829834,0.600806,-0.0705287,0.0290334,1113.21,0
0.0752165,0.116056,0.639941,-0.0594942,0.036256,1542.96,0
0.0758923,0.153703,0.595262,-0.0544185,0.0431559,2025.28,0
0.0765967,0.141547,0.532887,-0.0635202,0.0420743,1847.95,0
0.0772685,0.122079,0.539399,-0.00609161,0.0373835,1579.93,0
0.0779667,0.162571,0.536056,-0.0362389,0.0447146,2085.13,0
0.0786599,0.183646,0.498754,-0.0219407,0.0490436,2334.68,0
0.0793395,0.164919,0.478748,-0.0102008,0.0460366,2078.65,0
0.0800259,0.13348,0.49672,0.0100364,0.0412528,1667.96,0
0.0807356,0.0669791,0.510945,-0.0235679,0.0252627,829.61,0
0.0814303,0.0490995,0.510123,-0.0373992,0.0218068,602.964,0
0.0821229,0.0259692,0.479291,-0.0409037,0.0188134,316.223,0
0.0828137,0.0251481,0.482315,-0.0629037,0.0191632,303.671,0
0.0834981,0.0197828,0.510115,-0.0587494,0.0181852,236.925,0
0.084194,0.0598044,0.542064,-0.0517099,0.0271048,710.317,0
0.0848858,0.0987879,0.556611,-0.0191997,0.0341299,1163.77,0
0.0855925,0.0950727,0.532881,0.00373121,0.0345116,1110.76,0
0.0862989,0.107745,0.525262,-0.0284083,0.0379648,1248.51,0
0.0869778,0.0970962,0.51824,-0.0134035,0.0352987,1116.33,0
0.0876622,0.0709236,0.488628,-0.0190757,0.0311461,809.056,0
0.0883492,0.0607044,0.506819,-0.00203042,0.0306445,687.096,0
0.0890385,0.0508121,0.485064,-0.0275323,0.0285971,570.675,0
0.0897145,0.0369537,0.476404,-0.0891724,0.0269442,411.903,0
0.0904131,-0.00956051,0.500373,-0.101607,0.0175594,-105.743,0
0.0910931,-0.0286899,0.490201,-0.0959618,0.0135224,-314.951,0
0.091806,-0.0193705,0.467833,-0.101918,0.0144036,-210.994,0
0.0924842,-0.00188992,0.473332,-0.132301,0.0163633,-20.4351,0
0.093185,0.033061,0.436222,-0.132746,0.025042,354.789,0
0.0938732,0.0226397,0.374205,-0.128098,0.0228654,241.174,0
0.0945741,0.0268738,0.347104,-0.118998,0.0239402,284.156,0
0.0952575,0.0486055,0.302356,-0.106431,0.0291448,510.254,0
0.0959418,0.0251089,0.310795,-0.107213,0.0246969,261.709,0
0.096617,0.0307048,0.332328,-0.0958003,0.0276811,317.799,0
0.0972981,0.00381365,0.349786,-0.0666341,0.0233956,39.1955,0
0.0979992,-0.0427169,0.338407,-0.077894,0.0142096,-435.89,0
0.0986738,-0.0518345,0.326482,-0.0886096,0.0127049,-525.312,0
0.0993684,-0.0602704,0.308363,-0.0788004,0.0115594,-606.535,0
0.100047,-0.0461641,0.311323,-0.0840238,0.0141295,-461.423,0
0.100741,-0.0166116,0.316184,-0.0971402,0.0198962,-164.894,0
0.101424,-0.0017879,0.2993,-0.0783282,0.0233851,-17.628,0
0.102129,-0.0144911,0.265155,-0.0620068,0.0213308,-141.89,0
0.102814,-0.0106111,0.289048,-0.0532659,0.0230502,-103.206,0
0.103496,-0.00965374,0.318841,-0.0724312,0.0227581,-93.2761,0
0.10419,0.0109257,0.345545,-0.055838,0.0261699,104.863,0
0.104878,-0.014733,0.381358,-0.0450645,0.0213217,-140.477,0
0.105567,-0.00353915,0.412816,-0.0437826,0.0249524,-33.525,0
0.106251,0.0260653,0.441192,-0.0451501,0.0299126,245.318,0
0.106942,0.0263248,0.431922,-0.0114323,0.0317131,246.16,0
0.107639,0.0134366,0.425452,0.0450879,0.0288046,124.83,0
0.108331,-0.0080677,0.409271,0.069574,0.0242669,-74.4728,0
0.109004,0.0310097,0.378199,0.103526,0.0346346,284.482,0
0.109684,0.0571824,0.406554,0.151854,0.0381486,521.338,0
0.110374,0.0459843,0.410037,0.183522,0.0368795,416.623,0
0.111075,0.0176225,0.377538,0.183421,0.0294126,158.654,0
0.111757,-0.0143251,0.383255,0.163898,0.0231697,-128.181,0
0.11245,-0.00317045,0.424089,0.159243,0.0252074,-28.1944,0
0.113145,0.0151109,0.459405,0.170584,0.0291298,133.554,0
0.11383,0.0601206,0.436129,0.188964,0.0372006,528.161,0
0.114518,0.0198387,0.461553,0.217582,0.0294511,173.236,0
0.115222,0.0728641,0.435158,0.24916,0.0417229,632.38,0
0.115925,0.138603,0.428642,0.228918,0.056385,1195.63,0
0.116594,0.181616,0.452989,0.190104,0.0641389,1557.68,0
0.11728,0.175674,0.444518,0.1626,0.061919,1497.9,0
0.117964,0.160395,0.458659,0.146244,0.0614105,1359.69,0
0.118647,0.156848,0.399396,0.176465,0.0594584,1321.98,0
0.11934,0.206477,0.378738,0.193433,0.0720802,1730.16,0
0.120024,0.24873,0.399634,0.181968,0.0809642,2072.35,0
0.120726,0.320016,0.359835,0.161642,0.094192,2650.76,0
0.121412,0.325075,0.330856,0.200509,0.0998495,2677.46,0
0.1221,0.339907,0.364063,0.199754,0.107346,2783.84,0
0.122768,0.354598,0.320195,0.230766,0.104564,2888.37,0
0.123469,0.302301,0.307854,0.191332,0.0949564,2448.39,0
0.124153,0.290115,0.219687,0.22383,0.0918313,2336.76,0
0.124845,0.299162,0.245092,0.200407,0.0946048,2396.27,0
0.12551,0.329407,0.258295,0.177615,0.0938499,2624.55,0
0.126183,0.298756,0.360452,0.159857,0.0883844,2367.64,0
0.126856,0.260423,0.369936,0.192152,0.0835756,2052.9,0
0.127532,0.225897,0.309037,0.203355,0.0697106,1771.3,0
0.128232,0.246523,0.37348,0.209186,0.0708811,1922.48,0
0.128918,0.220103,0.369812,0.251846,0.0616828,1707.31,0
0.129609,0.215526,0.350671,0.282445,0.0584793,1662.9,0
0.130314,0.165456,0.345663,0.273454,0.0479501,1269.68,0
0.131016,0.172049,0.301052,0.305078,0.0492363,1313.19,0
0.131707,0.166224,0.319683,0.311767,0.0479523,1262.08,0
0.13239,0.140835,0.27223,0.264795,0.0435935,1063.78,0
0.133068,0.120292,0.264373,0.241756,0.037649,903.99,0
0.133768,0.0962776,0.233871,0.281824,0.0327704,719.737,0
0.134459,0.112349,0.232904,0.292303,0.0358536,835.563,0
0.135151,0.107594,0.221145,0.329793,0.0342362,796.103,0
0.135844,0.130083,0.206658,0.303042,0.0400331,957.589,0
0.13653,0.112343,0.188236,0.267267,0.0382783,822.844,0
0.137233,0.129724,0.170473,0.317293,0.0429835,945.283,0
0.137906,0.15886,0.205007,0.333488,0.0462039,1151.95,0
0.138591,0.178856,0.228948,0.341466,0.047516,1290.53,0
0.139283,0.1778,0.269525,0.353283,0.0452194,1276.54,0
0.139971,0.17603,0.332703,0.306263,0.0451982,1257.63,0
0.140654,0.117801,0.316736,0.294896,0.0320191,837.52,0
0.141354,0.116398,0.343076,0.309311,0.0331474,823.454,0
0.14204,0.122966,0.307693,0.32464,0.0361238,865.714,0
0.142721,0.133346,0.319692,0.341818,0.0366308,934.31,0
0.143415,0.0816154,0.298464,0.376824,0.0266777,569.086,0
0.144086,0.0832439,0.334477,0.35925,0.0272037,577.739,0
0.144761,0.047462,0.329205,0.342303,0.021249,327.865,0
0.145444,0.0555096,0.334296,0.3413,0.0229917,381.656,0
0.146148,0.0512905,0.33717,0.296575,0.0229536,350.949,0
0.146837,0.07382,0.369037,0.314614,0.0285377,502.735,0
0.147538,0.0798906,0.3914,0.288749,0.0296781,541.49,0
0.148213,0.123953,0.3995,0.329406,0.0406123,836.316,0
0.1489,0.151532,0.447662,0.352128,0.0483216,1017.67,0
0.14958,0.173464,0.430267,0.422709,0.0507311,1159.68,0
0.150266,0.217523,0.404763,0.443935,0.0572514,1447.59,0
0.150962,0.229279,0.416421,0.414505,0.0577592,1518.79,0
0.151652,0.244311,0.412975,0.417735,0.0570826,1611,0
0.152343,0.244903,0.469248,0.411076,0.050535,1607.58,0
0.153042,0.207636,0.483819,0.426381,0.0431725,1356.73,0
0.153743,0.162529,0.539951,0.397253,0.0339001,1057.15,0
0.154434,0.126796,0.51482,0.377843,0.0275599,821.039,0
0.155128,0.114027,0.523474,0.366952,0.0264549,735.054,0
0.155812,0.107293,0.522195,0.329217,0.0244091,688.606,0
0.156491,0.0805643,0.497246,0.28742,0.0191507,514.819,0
0.157191,0.0966492,0.480447,0.263413,0.026505,614.85,0
0.157858,0.126279,0.491933,0.253657,0.0297037,799.955,0
0.158537,0.144295,0.548706,0.264489,0.0345858,910.167,0
0.159215,0.157904,0.522785,0.320813,0.0379244,991.765,0
0.159916,0.155423,0.509639,0.305089,0.0373184,971.908,0
0.160609,0.175187,0.45986,0.339508,0.0409824,1090.77,0
0.161291,0.17541,0.414561,0.319166,0.0406883,1087.53,0
0.161992,0.234908,0.407315,0.300486,0.0537939,1450.11,0
0.162686,0.163983,0.427644,0.267052,0.0405921,1007.97,0
0.163395,0.114239,0.452346,0.254121,0.0302359,699.157,0
0.164077,0.107988,0.469319,0.243027,0.0278081,658.152,0
0.164764,0.0983334,0.46782,0.237459,0.0266619,596.813,0
0.165453,0.0575456,0.480212,0.236483,0.018505,347.806,0
0.16613,0.0394044,0.47921,0.214408,0.0148757,237.189,0
0.166812,0.070104,0.454221,0.182757,0.0215673,420.257,0
0.167506,0.0824382,0.455584,0.157987,0.0227793,492.152,0
0.168192,0.0820255,0.484289,0.122644,0.0229738,487.689,0
0.168889,0.0738863,0.468104,0.123685,0.0211606,437.484,0
0.169582,0.0248742,0.465843,0.103799,0.0124501,146.68,0
0.170269,0.0230994,0.446583,0.115207,0.0115354,135.664,0
0.170969,0.0362867,0.442632,0.104364,0.0135544,212.242,0
0.171672,0.020883,0.447036,0.102175,0.0112977,121.645,0
0.17237,0.0227132,0.403542,0.110845,0.0126972,131.77,0
0.173052,0.0460376,0.418853,0.140431,0.0165062,266.034,0
0.173752,0.0629489,0.458992,0.138643,0.0206073,362.292,0
0.174427,0.112364,0.463446,0.134638,0.0303605,644.189,0
0.175134,0.139838,0.484223,0.131112,0.0379634,798.465,0
0.175834,0.158644,0.546735,0.171269,0.0412787,902.237,0
0.176515,0.176262,0.536529,0.126497,0.0464567,998.567,0
0.177206,0.184709,0.564963,0.100133,0.0484899,1042.34,0
0.177897,0.215442,0.640758,0.118137,0.055713,1211.04,0
0.178605,0.233805,0.715103,0.111346,0.0600844,1309.06,0
0.179295,0.212741,0.711697,0.137166,0.0557871,1186.54,0
0.179976,0.219842,0.722958,0.131859,0.0556266,1221.51,0
0.18068,0.197765,0.705302,0.183311,0.0508658,1094.56,0
0.181364,0.17426,0.666909,0.189108,0.0447377,960.832,0
0.182054,0.145842,0.617312,0.19579,0.039852,801.095,0
0.182757,0.144988,0.581729,0.226255,0.04226,793.337,0
0.183438,0.188405,0.553271,0.196454,0.0504959,1027.08,0
0.18412,0.184546,0.570528,0.165689,0.0529504,1002.31,0
0.18482,0.184547,0.557363,0.175938,0.04962,998.523,0
0.185508,0.142009,0.534658,0.195055,0.0380294,765.516,0
0.186198,0.166419,0.54855,0.184289,0.0431866,893.773,0
0.186891,0.147084,0.590998,0.169822,0.0365765,787.004,0
0.187594,0.135598,0.593054,0.189566,0.034352,722.83,0
0.188276,0.111405,0.615283,0.217906,0.0292999,591.713,0
0.188951,0.10097,0.581206,0.193932,0.0292832,534.374,0
0.189634,0.0888278,0.604622,0.194262,0.0261398,468.416,0
0.190308,0.111905,0.585049,0.204253,0.031309,588.019,0
0.190996,0.107973,0.559339,0.192982,0.0309842,565.318,0
0.191691,0.101454,0.52318,0.166092,0.0302005,529.258,0
0.192392,0.0759473,0.513977,0.119339,0.0258058,394.754,0
0.193083,0.0809304,0.500766,0.0921613,0.0263222,419.148,0
0.193764,0.0964722,0.465011,0.11434,0.0301708,497.885,0
0.194468,0.0548541,0.450753,0.114895,0.0231421,282.073,0
0.195141,0.0693604,0.448842,0.121688,0.0283068,355.437,0
0.195835,0.0715494,0.427359,0.136378,0.028204,365.356,0
0.196522,0.0577841,0.488817,0.128129,0.025727,294.034,0
0.19721,0.0132522,0.466768,0.14213,0.0185027,67.1985,0
0.197887,0.0495764,0.497268,0.162944,0.0260829,250.529,0
0.198583,0.0485793,0.495288,0.195861,0.0241645,244.63,0
0.19928,0.0433411,0.494196,0.195231,0.0220148,217.488,0
0.19999,0.0509096,0.523619,0.206686,0.0233541,254.561,0
0.200674,0.0796832,0.502654,0.214635,0.0308427,397.077,0
0.201351,0.1334,0.459583,0.230544,0.0400211,662.526,0
0.202042,0.150631,0.447004,0.228977,0.0457176,745.543,0
0.202735,0.159679,0.40827,0.243264,0.0483871,787.625,0
0.203421,0.210316,0.430173,0.266666,0.057317,1033.9,0
0.204116,0.210399,0.461396,0.293129,0.0527768,1030.78,0
0.204797,0.147525,0.469495,0.338812,0.0385913,720.347,0
0.205476,0.165792,0.493636,0.356612,0.0416535,806.867,0
0.206154,0.131835,0.49558,0.32647,0.0346358,639.495,0
0.206863,0.127954,0.554859,0.2966,0.0334537,618.547,0
0.207563,0.152538,0.589151,0.270575,0.036755,734.899,0
0.208253,0.135653,0.602228,0.275096,0.0310387,651.388,0
0.208945,0.105019,0.599668,0.313216,0.0247742,502.615,0
0.209631,0.117455,0.643043,0.305505,0.0262232,560.294,0
0.210332,0.101623,0.667545,0.278263,0.0226847,483.156,0
0.211013,0.125278,0.66164,0.256359,0.0273529,593.695,0
0.211703,0.135409,0.671755,0.266036,0.0269258,639.619,0
0.212402,0.108722,0.702671,0.258653,0.022052,511.87,0
0.213084,0.101439,0.679813,0.265078,0.0200713,476.053,0
0.213778,0.089371,0.664231,0.290899,0.0174899,418.055,0
0.21448,0.110021,0.706062,0.284077,0.020653,512.967,0
0.215157,0.140411,0.66753,0.269763,0.0267436,652.599,0
0.215846,0.164931,0.648563,0.26161,0.0296204,764.114,0
0.216537,0.186119,0.606027,0.259211,0.036729,859.529,0
0.217226,0.188869,0.643993,0.2311,0.0374667,869.459,0
0.217914,0.176938,0.677543,0.202513,0.0360493,811.964,0
0.21862,0.159562,0.672533,0.204651,0.0335273,729.859,0
0.21932,0.212683,0.674588,0.180712,0.0445392,969.736,0
0.220022,0.257653,0.695565,0.206072,0.052828,1171.03,0
0.220714,0.263564,0.670319,0.210652,0.055447,1194.14,0
0.221397,0.248241,0.643805,0.228422,0.0546947,1121.25,0
0.222078,0.253905,0.611039,0.203899,0.0532021,1143.31,0
0.222757,0.276929,0.627092,0.221093,0.0559168,1243.19,0
0.223458,0.247787,0.630122,0.203758,0.0486901,1108.88,0
0.224166,0.249307,0.656817,0.247664,0.0460217,1112.15,0
0.224856,0.180185,0.676749,0.260168,0.0325537,801.335,0
0.22555,0.153472,0.692534,0.256596,0.0282011,680.433,0
0.226239,0.142781,0.70751,0.248326,0.0240559,631.107,0
0.226926,0.11103,0.728037,0.205141,0.0173429,489.278,0
0.227617,0.0968569,0.748449,0.167276,0.0148033,425.526,0
0.228324,0.0978117,0.755808,0.158941,0.0153284,428.391,0
0.229016,0.0990156,0.782275,0.174181,0.0158877,432.352,0
0.229709,0.0941236,0.815849,0.150396,0.0151575,409.751,0
0.230398,0.0916659,0.837838,0.163649,0.0148768,397.859,0
0.231084,0.0851495,0.853684,0.121996,0.0146329,368.479,0
0.231761,0.0913844,0.886805,0.108389,0.0150884,394.304,0
0.232453,0.0930494,0.919741,0.119703,0.0170301,400.294,0
0.233139,0.0846329,0.90201,0.113001,0.0161009,363.015,0
0.233833,0.0835775,0.915335,0.106428,0.01618,357.424,0
0.234528,0.049272,0.91375,0.0901033,0.00926268,210.09,0
0.235208,0.0453953,0.896047,0.101818,0.0088447,193,0
0.235895,0.0604234,0.905457,0.119614,0.0106747,256.145,0
0.236597,0.0463716,0.890378,0.116409,0.00743554,195.994,0
0.237273,0.074434,0.886721,0.142169,0.0132529,313.706,0
0.237957,0.0722153,0.86877,0.148264,0.0125184,303.481,0
0.238654,0.0408123,0.887807,0.134148,0.0066154,171.011,0
0.239331,0.0276144,0.905029,0.152186,0.00400623,115.381,0
0.240024,0.0259492,0.913236,0.166302,0.00342017,108.111,0
0.240704,0.0252216,0.891093,0.166052,0.00347455,104.782,0
0.241395,0.0231296,0.890056,0.154276,0.00338741,95.8164,0
0.242081,0.0209205,0.884204,0.161098,0.00281543,86.4193,0
0.242773,0.044396,0.870398,0.169136,0.00751336,182.871,0
0.243468,0.0654143,0.86163,0.184302,0.0113795,268.677,0
0.244156,0.060652,0.873064,0.221132,0.0103357,248.415,0
0.244847,0.0443806,0.89618,0.201578,0.00718636,181.259,0
0.245544,0.060974,0.887291,0.18408,0.0105707,248.322,0
0.24625,0.0606138,0.893021,0.164578,0.0107349,246.148,0
0.246953,0.0547646,0.885556,0.16709,0.0086744,221.761,0
0.247636,0.0642264,0.873357,0.183644,0.0104539,259.358,0
0.248317,0.0546847,0.871374,0.174325,0.00909082,220.221,0
0.248986,0.0554819,0.870729,0.209858,0.00918492,222.831,0
0.249672,0.0526834,0.893519,0.238407,0.00947734,211.01,0
0.250366,0.0425476,0.902799,0.250056,0.00780062,169.942,0
0.25105,0.0327194,0.879775,0.267427,0.00638652,130.33,0
0.251751,0.0329484,0.896043,0.260362,0.00630099,130.877,0
0.252427,0.0321085,0.915943,0.267104,0.00593552,127.199,0
0.253125,0.0395685,0.925492,0.261912,0.00784559,156.32,0
0.253798,0.0525759,0.957132,0.258117,0.0101317,207.156,0
0.25449,0.0669876,0.938242,0.233865,0.0134512,263.223,0
0.255177,0.0887535,0.926198,0.201183,0.0177802,347.811,0
0.255872,0.109057,0.941818,0.195418,0.0227201,426.218,0
0.256565,0.107607,0.948094,0.233855,0.0215592,419.415,0
0.257261,0.12846,0.915187,0.239955,0.0276527,499.338,0
0.257943,0.151505,0.914252,0.276938,0.0315091,587.36,0
0.258652,0.187647,0.916727,0.309462,0.0385568,725.481,0
0.25934,0.178286,0.948211,0.364678,0.0379066,687.461,0
0.26004,0.208895,0.963127,0.391664,0.0455106,803.317,0
0.260704,0.225329,0.936104,0.428735,0.0502613,864.31,0
0.261408,0.208296,0.913356,0.391519,0.0532773,796.823,0
0.262102,0.234327,0.946874,0.393543,0.060174,894.028,0
0.262803,0.234991,0.93477,0.426748,0.0622199,894.173,0
0.263505,0.212593,1.00609,0.457006,0.0600097,806.791,0
0.26419,0.153943,0.98696,0.453153,0.04657,582.698,0
0.264883,0.086974,0.982558,0.442308,0.0330948,328.349,0
0.26558,0.0583799,0.960415,0.432705,0.027393,219.82,0
0.266272,0.0834918,0.946849,0.411847,0.0332321,313.558,0
0.266958,0.0922475,0.948357,0.406783,0.0375584,345.551,0
0.267646,0.0457563,0.980743,0.403022,0.0285098,170.958,0
0.268339,0.0459304,1.02111,0.417005,0.0286482,171.166,0
0.269031,0.0762367,1.00079,0.42125,0.0345601,283.375,0
0.26974,0.0318487,1.0044,0.425165,0.0249255,118.072,0
0.270419,-0.00820774,1.00281,0.437493,0.0153991,-30.3519,0
0.271106,-0.00448826,1.00893,0.41837,0.0167352,-16.5553,0
0.271781,-0.0086003,1.02098,0.386833,0.0155209,-31.6442,0
0.272472,-0.030482,1.03324,0.373843,0.0107077,-111.872,0
0.273172,-0.0520661,1.02782,0.397905,0.0070301,-190.598,0
0.273856,-0.0631254,1.01262,0.422493,0.0052163,-230.506,0
0.274542,-0.0635589,1.01794,0.427176,0.00572014,-231.509,0
0.275233,-0.0444705,1.04257,0.427153,0.0093116,-161.574,0
0.275948,-0.0455033,1.04428,0.396311,0.0095228,-164.898,0
0.276632,-0.0711051,1.04605,0.384961,0.00465902,-257.039,0
0.277331,-0.0666929,1.03503,0.39968,0.00572504,-240.481,0
0.27801,-0.049462,1.01685,0.400111,0.00936337,-177.915,0
0.278685,-0.0366353,1.02011,0.364916,0.0119619,-131.458,0
0.279362,-0.0492203,1.01369,0.362878,0.0100316,-176.188,0
0.280049,-0.0503577,1.00241,0.350973,0.00973027,-179.817,0
0.280752,-0.0332731,0.999866,0.358206,0.0135319,-118.514,0
0.281456,-0.0185898,1.01799,0.33153,0.0167394,-66.0485,0
0.282136,0.00807561,1.04285,0.314398,0.0221638,28.6231,0
0.282835,-0.037013,1.05385,0.306028,0.0134049,-130.865,0
0.283514,-0.0600755,1.07569,0.296855,0.00833796,-211.896,0
0.284189,-0.0473667,1.09571,0.289614,0.010027,-166.673,0
0.284876,-0.0299702,1.10142,0.254613,0.0130292,-105.204,0
0.285573,-0.0159342,1.08308,0.220287,0.0163442,-55.7972,0
0.286269,0.0141781,1.07232,0.237585,0.0214215,49.5273,0
0.28695,0.068464,1.0633,0.227566,0.0319555,238.592,0
0.287625,0.0727992,1.05932,0.232644,0.0318562,253.104,0
0.288308,0.0923434,1.02198,0.242273,0.0366973,320.294,0
0.289015,0.115427,0.9803,0.273426,0.0391314,399.38,0
0.289678,0.119519,0.946933,0.27507,0.0402645,412.592,0
0.290384,0.180441,0.983004,0.29102,0.0546507,621.388,0
0.291079,0.216374,1.03154,0.277044,0.0634007,743.352,0
0.29177,0.178001,1.0242,0.208773,0.0522496,610.074,0
0.292453,0.138977,1.02153,0.137705,0.045006,475.212,0
0.293136,0.0994483,1.03825,0.162646,0.0373559,339.257,0
0.293821,0.127325,1.08207,0.163298,0.0451665,433.344,0
0.294515,0.153321,1.1279,0.182329,0.050389,520.59,0
0.295213,0.163847,1.12191,0.181638,0.0550149,555.01,0
0.295906,0.120932,1.15017,0.183522,0.0470641,408.683,0
0.296631,0.0976111,1.11907,0.197145,0.042501,329.065,0
0.297334,0.15699,1.1608,0.203169,0.0545062,527.994,0
0.298019,0.111387,1.18766,0.189434,0.0465967,373.758,0
0.298716,0.122064,1.19313,0.170318,0.0465431,408.63,0
0.299397,0.164379,1.15594,0.165574,0.0538268,549.033,0
0.300092,0.189543,1.18092,0.173726,0.0619044,631.617,0
0.300785,0.156375,1.17655,0.197882,0.0548229,519.888,0
0.301481,0.203509,1.14351,0.192576,0.0670033,675.029,0
0.302168,0.227467,1.12527,0.207818,0.0730544,752.784,0
0.302879,0.224532,1.13338,0.203631,0.0757024,741.324,0
0.303562,0.164493,1.06467,0.183576,0.064218,541.876,0
0.304255,0.15422,1.12981,0.139277,0.0622002,506.877,0
0.304948,0.192075,1.05548,0.150287,0.0710375,629.864,0
0.30566,0.1413,1.02896,0.15846,0.0634629,462.278,0
0.306334,0.183744,1.00127,0.20096,0.0683355,599.817,0
0.307029,0.159666,1.02195,0.170949,0.0670608,520.036,0
0.307723,0.127629,0.983024,0.166265,0.0604189,414.754,0
0.308401,0.0840147,1.02383,0.184299,0.0515293,272.42,0
0.309102,0.0608806,1.00986,0.194922,0.0449575,196.96,0
0.309801,0.0348474,1.01299,0.228002,0.0416434,112.483,0
0.310498,0.0172943,1.03009,0.217232,0.0390921,55.6985,0
0.311176,0.0229705,1.02261,0.218384,0.0386503,73.8185,0
0.311862,0.00726426,0.978734,0.272536,0.0330114,23.2932,0
0.312571,0.000777408,0.980773,0.296851,0.0323221,2.48714,0
0.313268,-0.00436279,1.01461,0.320839,0.0308466,-13.9267,0
0.313964,0.0294596,1.04014,0.281374,0.0364953,93.831,0
0.314643,-0.00813188,1.06337,0.25482,0.0277043,-25.8448,0
0.315341,-0.0215557,1.06661,0.240704,0.0240501,-68.3568,0
0.316035,-0.0589864,1.0503,0.213136,0.0173673,-186.645,0
0.316732,-0.0626678,1.06007,0.217097,0.0164167,-197.858,0
0.317425,-0.0262605,1.07962,0.220118,0.0237524,-82.7299,0
0.318107,-0.0126723,1.04053,0.262746,0.0274644,-39.8366,0
0.318783,-0.0158415,0.99503,0.293638,0.0289109,-49.6938,0
0.319476,-0.00499672,0.964916,0.30363,0.0302713,-15.6404,0
0.320166,-0.0245483,0.932675,0.316855,0.0273348,-76.6738,0
0.320873,0.00726206,0.948236,0.322692,0.0336913,22.6322,0
0.321555,-0.00501091,0.972666,0.355118,0.0300751,-15.5834,0
0.322246,-0.0330545,0.966831,0.37976,0.023519,-102.575,0
0.322948,-0.0391051,0.908422,0.399215,0.0223922,-121.088,0
0.323644,-0.0452288,0.868267,0.424878,0.0221307,-139.749,0
0.324331,-0.0337999,0.829702,0.430114,0.0237777,-104.214,0
0.325017,-0.0595744,0.794161,0.453702,0.018928,-183.296,0
0.325712,-0.0687876,0.803695,0.468144,0.0170851,-211.192,0
0.326406,-0.0738055,0.816606,0.448411,0.0153926,-226.116,0
0.327104,-0.0458982,0.827921,0.441178,0.0207727,-140.317,0
0.3278,-0.0899366,0.825414,0.461253,0.0111019,-274.364,0
0.328482,-0.112309,0.805956,0.447014,0.00644831,-341.902,0
0.329172,-0.0830401,0.813219,0.441238,0.0127371,-252.27,0
0.329866,-0.0622046,0.842625,0.448633,0.0179077,-188.575,0
0.33056,-0.0570177,0.837265,0.418895,0.0189185,-172.488,0
0.33125,-0.0581969,0.852814,0.430985,0.0198598,-175.688,0
0.331946,-0.093156,0.850736,0.45835,0.0134896,-280.636,0
0.332639,-0.0859373,0.852422,0.463854,0.0151949,-258.35,0
0.333348,-0.0326746,0.857507,0.466805,0.0251978,-98.0194,0
0.334032,-0.0147798,0.896662,0.481958,0.0279734,-44.2467,0
0.334722,0.0177309,0.915539,0.428844,0.0334145,52.9719,0
0.335427,0.00407304,0.905976,0.403053,0.0313046,12.1429,0
0.33611,0.00574764,0.92736,0.371764,0.0316195,17.1005,0
0.336793,0.0262696,0.906239,0.398266,0.0367087,77.9991,0
0.33748,0.0394037,0.907399,0.44195,0.0347435,116.759,0
0.338167,0.00870202,0.851519,0.469551,0.0274261,25.7329,0
0.338851,0.00828628,0.839812,0.478572,0.0285916,24.4541,0
0.339538,0.0151435,0.868025,0.451542,0.0335335,44.6002,0
0.340226,0.0106868,0.83618,0.513571,0.0338254,31.4108,0
0.340909,-0.00214082,0.886863,0.540963,0.0303739,-6.27974,0
0.341608,-0.0180809,0.877429,0.544899,0.0259141,-52.9287,0
0.342315,-0.00856712,0.907199,0.529154,0.0280465,-25.027,0
0.342998,-0.0345597,0.911424,0.561219,0.0225138,-100.758,0
0.343675,-0.0100455,0.878588,0.589741,0.0266084,-29.2295,0
0.34436,-0.0226573,0.842655,0.594424,0.0234021,-65.7952,0
0.345049,-0.00468319,0.820371,0.621548,0.026388,-13.5725,0
0.345742,-0.0106121,0.862061,0.672241,0.0255413,-30.6936,0
0.346428,-0.0101442,0.885888,0.732058,0.025471,-29.2823,0
0.347096,-0.0131153,0.889218,0.705918,0.0236517,-37.7858,0
0.3478,-0.0213849,0.875494,0.693329,0.0213916,-61.4862,0
0.348486,0.0292911,0.88593,0.718035,0.0338902,84.0524,0
0.349171,-0.011838,0.842955,0.7141,0.0265515,-33.9033,0
0.34985,-0.0283027,0.826763,0.744026,0.024136,-80.8994,0
0.350538,-0.0161963,0.832835,0.728975,0.0259133,-46.204,0
0.351229,-0.0171003,0.854345,0.740847,0.0279187,-48.687,0
0.351935,-0.0101003,0.838212,0.743255,0.0314241,-28.6994,0
0.352638,-0.0109257,0.842728,0.737752,0.0302386,-30.9828,0
0.35334,-0.0202494,0.860275,0.769737,0.0288983,-57.3085,0
0.354039,0.00459765,0.875035,0.786314,0.0335087,12.9863,0
0.354732,0.0440681,0.867932,0.798032,0.0419574,124.229,0
0.355427,0.00429723,0.835565,0.78069,0.0310975,12.0903,0
0.356124,-0.0104318,0.808315,0.82305,0.0281274,-29.2926,0
0.35681,0.0241657,0.804845,0.770918,0.0365349,67.7269,0
0.357491,0.00839649,0.771237,0.754841,0.0337053,23.4873,0
0.358176,0.0135128,0.745275,0.757075,0.0348898,37.7266,0
0.358877,0.0260192,0.726794,0.717114,0.0369531,72.5017,0
0.359575,0.0225968,0.726199,0.712811,0.0377394,62.8431,0
0.360262,-0.0132147,0.685945,0.765022,0.0308751,-36.6807,0
0.360959,0.0110486,0.703662,0.791872,0.0333255,30.6089,0
0.361654,0.0214133,0.651386,0.824934,0.0375225,59.2094,0
0.362364,-0.0109149,0.672685,0.82704,0.0319317,-30.1214,0
0.363063,-0.00618051,0.66594,0.814183,0.032762,-17.0232,0
0.363759,0.0152217,0.688828,0.838403,0.0400673,41.8456,0
0.364444,0.0425048,0.649653,0.839025,0.045898,116.629,0
0.365138,0.056279,0.649311,0.81855,0.049132,154.131,0
0.365824,0.0612465,0.637164,0.849202,0.0498666,167.421,0
0.366506,0.0302725,0.652992,0.84117,0.0433753,82.5974,0
0.367212,0.0523225,0.649592,0.805146,0.0487395,142.486,0
0.367908,0.0439316,0.661741,0.788366,0.048611,119.409,0
0.368597,0.0898909,0.642496,0.755443,0.0565743,243.873,0
0.369286,0.0750819,0.605864,0.724581,0.0529148,203.317,0
0.369996,0.0574908,0.565411,0.66639,0.0489655,155.382,0
0.370691,0.0905844,0.562751,0.657377,0.0529924,244.366,0
0.371398,0.162839,0.618371,0.638158,0.063204,438.448,0
0.372098,0.111649,0.597378,0.647004,0.0519436,300.052,0
0.372801,0.0514351,0.61302,0.638768,0.0411982,137.969,0
0.373481,0.0546158,0.61981,0.605948,0.0403906,146.235,0
0.37418,0.0470147,0.618292,0.610116,0.0402812,125.647,0
0.374877,0.0882804,0.662288,0.651394,0.0485107,235.491,0
0.375579,0.0849339,0.63385,0.633348,0.0480509,226.141,0
0.376279,0.0910342,0.579705,0.642136,0.0478461,241.932,0
0.376964,0.121244,0.575445,0.625941,0.0552352,321.633,0
0.377665,0.117483,0.534671,0.622995,0.0539883,311.076,0
0.378369,0.155293,0.50683,0.647277,0.0628691,410.427,0
0.379056,0.156218,0.531267,0.608682,0.0627894,412.123,0
0.379746,0.212613,0.582623,0.678332,0.0734133,559.882,0
0.380447,0.181006,0.642052,0.60839,0.0667893,475.772,0
0.38115,0.193393,0.595344,0.613447,0.0700798,507.394,0
0.381827,0.184356,0.554632,0.593219,0.0682919,482.827,0
0.382532,0.204121,0.534962,0.586577,0.0743826,533.604,0
0.383227,0.218052,0.497657,0.584005,0.076221,568.988,0
0.383901,0.234968,0.474073,0.594512,0.0850729,612.055,0
0.384596,0.219736,0.472316,0.611584,0.0823984,571.343,0
0.385268,0.244305,0.487588,0.540899,0.0842755,634.118,0
0.385957,0.281621,0.491426,0.497944,0.0899916,729.67,0
0.386657,0.285466,0.509175,0.507366,0.0938077,738.292,0
0.387358,0.292191,0.464201,0.534508,0.0984049,754.317,0
0.388051,0.248954,0.459143,0.544144,0.089137,641.549,0
0.388736,0.289215,0.437342,0.538918,0.0927479,743.99,0
0.389449,0.223914,0.482707,0.51185,0.0823142,574.951,0
0.390147,0.284244,0.520776,0.512006,0.0909491,728.556,0
0.390837,0.256843,0.514576,0.492805,0.0820749,657.161,0
0.391533,0.250898,0.464111,0.526084,0.074892,640.809,0
0.392218,0.234491,0.445394,0.578282,0.0713493,597.857,0
0.392906,0.235971,0.494878,0.574491,0.0710581,600.579,0
0.393605,0.222138,0.536281,0.577317,0.0686463,564.369,0
0.394287,0.257012,0.530448,0.568668,0.0740208,651.841,0
0.39498,0.275526,0.500867,0.621229,0.0811474,697.57,0
0.395675,0.236436,0.477821,0.632015,0.0733267,597.551,0
0.396342,0.227839,0.445714,0.71005,0.0699674,574.853,0
0.397041,0.235528,0.429828,0.69631,0.0749165,593.208,0
0.397727,0.275693,0.468035,0.739341,0.0792306,693.172,0
0.398429,0.326151,0.442079,0.752484,0.0913419,818.593,0
0.39911,0.316741,0.456608,0.765862,0.090847,793.618,0
0.399829,0.317935,0.523569,0.821173,0.0911694,795.177,0
0.400537,0.361265,0.600016,0.837222,0.103054,901.953,0
0.401216,0.357577,0.588903,0.801733,0.100684,891.232,0
0.40194,0.371717,0.558295,0.760665,0.102811,924.807,0
0.402641,0.370386,0.591762,0.755679,0.10365,919.892,0
0.403339,0.375031,0.578598,0.717647,0.103348,929.816,0
0.404026,0.374023,0.574108,0.6488,0.108177,925.741,0
0.404736,0.4161,0.598227,0.643211,0.118929,1028.08,0
0.40543,0.393572,0.588517,0.623385,0.115043,970.754,0
0.406122,0.371613,0.631889,0.619163,0.110569,915.028,0
0.406821,0.315095,0.63765,0.547579,0.0994101,774.528,0
0.407504,0.300078,0.584688,0.507015,0.095098,736.382,0
0.408208,0.269903,0.599887,0.537375,0.0956154,661.19,0
0.408886,0.308001,0.680498,0.548806,0.101245,753.269,0
0.409574,0.323496,0.703879,0.59341,0.108576,789.835,0
0.41027,0.330633,0.724476,0.63692,0.107961,805.89,0
0.410965,0.398717,0.796534,0.575878,0.11933,970.197,0
0.411666,0.405358,0.736034,0.636557,0.121853,984.677,0
0.412365,0.469864,0.799571,0.696818,0.131972,1139.44,0
0.41308,0.530037,0.772678,0.723589,0.139363,1283.13,0
0.413758,0.502459,0.718872,0.757136,0.131787,1214.38,0
0.414455,0.521035,0.756912,0.75944,0.137465,1257.16,0
0.415155,0.516402,0.747997,0.751579,0.131601,1243.88,0
0.415842,0.469135,0.687379,0.717059,0.124236,1128.15,0
0.416537,0.485559,0.666703,0.701195,0.127037,1165.7,0
0.41723,0.507203,0.597459,0.704584,0.129524,1215.64,0
0.417905,0.533056,0.555212,0.73073,0.140401,1275.54,0
0.418597,0.517005,0.543803,0.757072,0.137103,1235.09,0
0.419283,0.503889,0.533343,0.728708,0.138473,1201.79,0
0.419981,0.470853,0.492767,0.626589,0.133749,1121.13,0
0.420676,0.429088,0.529257,0.625808,0.12228,1019.99,0
0.421368,0.46617,0.501096,0.586052,0.126425,1106.33,0
0.422061,0.439079,0.452961,0.573463,0.12079,1040.32,0
0.422751,0.449088,0.495994,0.573665,0.121245,1062.3,0
0.423434,0.439876,0.422267,0.57821,0.117569,1038.83,0
0.424111,0.418379,0.353049,0.588147,0.114042,986.483,0
0.424782,0.373183,0.38271,0.554456,0.106985,878.529,0
0.425466,0.457138,0.398673,0.48413,0.122816,1074.44,0
0.426153,0.464162,0.426289,0.396317,0.126479,1089.19,0
0.426845,0.44607,0.487733,0.35117,0.124634,1045.04,0
0.427535,0.477021,0.47861,0.352596,0.132508,1115.75,0
0.428218,0.472827,0.39765,0.323718,0.130243,1104.17,0
0.428919,0.501962,0.311366,0.29801,0.132392,1170.3,0
0.429589,0.4622,0.273265,0.346759,0.126421,1075.91,0
0.430286,0.466987,0.244623,0.294696,0.124041,1085.3,0
0.43098,0.510235,0.289252,0.270344,0.132668,1183.89,0
0.43167,0.509411,0.276581,0.251436,0.133279,1180.09,0
0.43237,0.524084,0.27434,0.194,0.129905,1212.12,0
0.433052,0.587931,0.212324,0.153286,0.138349,1357.65,0
0.433746,0.590915,0.246303,0.103493,0.140198,1362.35,0
0.434451,0.622108,0.287061,0.085927,0.144358,1431.94,0
0.435136,0.718145,0.250168,0.11178,0.160585,1650.39,0
0.435823,0.727571,0.306881,0.147639,0.163663,1669.42,0
0.436522,0.652164,0.277829,0.231109,0.145976,1494,0
0.437221,0.591506,0.27864,0.212704,0.125876,1352.87,0
0.437916,0.608748,0.258319,0.219459,0.131084,1390.1,0
0.438617,0.638883,0.177123,0.194064,0.143616,1456.58,0
0.439313,0.602408,0.170225,0.143853,0.140686,1371.25,0
0.44001,0.581983,0.105002,0.100165,0.132112,1322.66,0
0.440693,0.636508,0.169441,0.0621921,0.141302,1444.34,0
0.441394,0.618783,0.191,0.102154,0.1409,1401.88,0
0.44208,0.64669,0.148283,0.137228,0.147301,1462.83,0
0.442782,0.762321,0.180912,0.118535,0.167345,1721.66,0
0.443472,0.801884,0.206883,0.0995648,0.183451,1808.2,0
0.444162,0.814534,0.210277,0.141473,0.190442,1833.87,0
0.44484,0.853074,0.188289,0.0777854,0.200366,1917.71,0
0.445538,0.906806,0.145752,0.0664004,0.211955,2035.31,0
0.446227,0.863979,0.179503,0.0614831,0.194827,1936.19,0
0.446918,0.809805,0.253984,0.104808,0.176952,1811.98,0
0.447618,0.844032,0.268112,0.09255,0.183188,1885.61,0
0.448316,0.776807,0.252508,0.1769,0.17329,1732.72,0
0.449005,0.80026,0.288178,0.219811,0.180185,1782.3,0
0.449685,0.820585,0.305678,0.195131,0.183343,1824.8,0
0.450386,0.806599,0.380406,0.221753,0.188627,1790.91,0
0.451085,0.784754,0.376052,0.231888,0.184444,1739.7,0
0.451779,0.834031,0.334531,0.201515,0.189106,1846.1,0
0.452472,0.85487,0.354309,0.241753,0.195694,1889.33,0
0.453175,0.878154,0.328389,0.201306,0.197752,1937.78,0
0.453855,0.883285,0.318431,0.245551,0.195514,1946.18,0
0.45456,0.876947,0.310464,0.196972,0.199275,1929.22,0
0.455257,0.848591,0.337947,0.242386,0.198775,1863.98,0
0.455957,0.850565,0.355418,0.248189,0.205905,1865.45,0
0.45664,0.891271,0.42865,0.285007,0.214158,1951.8,0
0.457319,0.892943,0.489042,0.266888,0.213977,1952.56,0
0.458012,0.977183,0.4205,0.253458,0.229467,2133.53,0
0.458697,1.00095,0.424222,0.297,0.220939,2182.16,0
0.459402,1.05394,0.467219,0.295242,0.228627,2294.15,0
0.460088,1.02337,0.481939,0.323241,0.243104,2224.3,0
0.460772,1.04885,0.450326,0.396021,0.247226,2276.29,0
0.461466,0.968788,0.388422,0.471273,0.226261,2099.37,0
0.462144,0.907196,0.319828,0.481816,0.215125,1963.02,0
0.462828,0.935806,0.317733,0.40917,0.22049,2021.93,0
0.463522,1.02325,0.249521,0.377489,0.232993,2207.55,0
0.464225,1.06884,0.225119,0.365039,0.243383,2302.41,0
0.464933,1.02681,0.240792,0.367194,0.234902,2208.52,0
0.465641,1.1388,0.265812,0.418482,0.246622,2445.66,0
0.466343,1.19061,0.222675,0.408867,0.247939,2553.08,0
0.467042,1.20275,0.201013,0.427289,0.243645,2575.25,0
0.467754,1.15624,0.154044,0.315497,0.237062,2471.9,0
0.468459,1.14562,0.201767,0.290569,0.231879,2445.51,0
0.469147,1.12433,0.210762,0.28363,0.224278,2396.54,0
0.469826,1.13401,0.224163,0.301552,0.232022,2413.67,0
0.470529,1.14841,0.285565,0.337885,0.236495,2440.68,0
0.471216,1.12738,0.317902,0.33262,0.23489,2392.49,0
0.471909,1.10567,0.249649,0.25871,0.234824,2342.97,0
0.472607,1.16909,0.226493,0.213409,0.236237,2473.71,0
0.473297,1.15315,0.249384,0.142626,0.22702,2436.41,0
0.473986,1.16238,0.23637,0.1925,0.22028,2452.36,0
0.474687,1.24836,0.247695,0.228233,0.238943,2629.86,0
0.475375,1.23789,0.275806,0.195576,0.2336,2604.03,0
0.476072,1.25294,0.226795,0.253187,0.232471,2631.84,0
0.476769,1.25525,0.227782,0.175797,0.242551,2632.82,0
0.477447,1.28223,0.29744,0.17646,0.250147,2685.59,0
0.478157,1.32646,0.392852,0.243215,0.251078,2774.11,0
0.47885,1.359,0.322217,0.28176,0.255723,2838.05,0
0.479545,1.33606,0.233565,0.288554,0.255927,2786.1,0
0.480229,1.2681,0.176387,0.342839,0.238231,2640.63,0
0.480919,1.2241,0.163262,0.341055,0.235883,2545.34,0
0.481625,1.19906,0.0585259,0.343984,0.234293,2489.62,0
0.482309,1.15212,0.0533623,0.267805,0.220378,2388.76,0
0.483005,1.07151,0.0691657,0.314831,0.207929,2218.42,0
0.483695,1.08226,0.0781181,0.323723,0.205115,2237.48,0
0.484399,1.0887,0.133492,0.318997,0.20101,2247.53,0
0.485099,1.03246,0.100821,0.38143,0.18834,2128.35,0
0.48581,1.06485,0.0717432,0.391338,0.19152,2191.91,0
0.486495,1.03743,0.0865518,0.486738,0.188076,2132.46,0
0.487186,0.979898,0.0750066,0.477287,0.184877,2011.34,0
0.487888,0.968706,0.0485874,0.423872,0.191582,1985.51,0
0.488576,0.975523,0.0712337,0.439115,0.189756,1996.67,0
0.489278,0.933017,0.0744004,0.410143,0.184204,1906.93,0
0.489979,0.963223,0.12428,0.463052,0.194328,1965.84,0
0.490668,0.993553,0.155554,0.44695,0.201901,2024.9,0
0.491355,0.947132,0.107188,0.373481,0.198133,1927.59,0
0.492056,0.909648,0.172924,0.296549,0.19122,1848.67,0
0.492747,0.912942,0.226721,0.267917,0.188547,1852.76,0
0.493421,0.974557,0.231995,0.219407,0.193372,1975.1,0
0.4941,0.969949,0.285225,0.222933,0.196184,1963.06,0
0.494798,0.912507,0.255952,0.195251,0.188505,1844.2,0
0.495483,0.904342,0.224426,0.10586,0.180755,1825.17,0
0.496172,0.862273,0.266299,0.111752,0.166975,1737.85,0
0.496872,0.915467,0.297914,0.135795,0.178878,1842.46,0
0.497571,0.922684,0.347302,0.0907404,0.175077,1854.38,0
0.498254,0.916802,0.274589,0.0628379,0.181124,1840.03,0
0.498949,0.964827,0.236076,0.0981228,0.192493,1933.72,0
0.499629,0.928621,0.32469,0.141331,0.192412,1858.62,0
0.500312,0.911447,0.299846,0.11099,0.188709,1821.76,0
0.501,0.960311,0.241063,0.165486,0.197508,1916.79,0
0.501713,0.942358,0.157753,0.158526,0.194769,1878.28,0
0.502402,0.993347,0.142786,0.135829,0.202225,1977.19,0
0.503109,0.995402,0.0774869,0.151802,0.202764,1978.5,0
0.503792,0.922898,0.0039986,0.194277,0.189794,1831.9,0
0.504482,0.980966,0.0435871,0.190414,0.19959,1944.5,0
0.505179,0.960713,0.0830243,0.205534,0.193983,1901.73,0
0.505852,0.90301,0.0643467,0.224354,0.174075,1785.13,0
0.506544,0.902797,0.0652526,0.260689,0.162951,1782.27,0
0.507227,0.910849,0.0795398,0.331488,0.153622,1795.74,0
0.507926,0.94622,0.133564,0.266104,0.155192,1862.91,0
0.508602,0.879569,0.154167,0.238182,0.142325,1729.38,0
0.50929,0.78823,0.227857,0.204503,0.125378,1547.7,0
0.509976,0.783771,0.225779,0.224558,0.126071,1536.88,0
0.510672,0.829976,0.199981,0.195091,0.126736,1625.26,0
0.511377,0.77599,0.212692,0.224247,0.121095,1517.45,0
0.512053,0.785713,0.169787,0.249449,0.126127,1534.44,0
0.512728,0.81269,0.190685,0.322163,0.124549,1585.03,0
0.513412,0.845483,0.217256,0.347065,0.132105,1646.79,0
0.514096,0.795811,0.174515,0.35949,0.124342,1547.98,0
0.514779,0.78502,0.186292,0.37258,0.120821,1524.97,0
0.515486,0.75336,0.156716,0.349869,0.114389,1461.46,0
0.516176,0.802966,0.157899,0.392961,0.126432,1555.61,0
0.516874,0.727578,0.128428,0.411137,0.111848,1407.65,0
0.517585,0.664914,0.140841,0.462089,0.0985058,1284.65,0
0.51827,0.691411,0.0737368,0.452736,0.104648,1334.07,0
0.518956,0.664957,0.102685,0.401833,0.0975965,1281.34,0
0.519656,0.674688,0.0871114,0.425792,0.0976037,1298.33,0
0.520341,0.605293,0.0886808,0.4381,0.0828885,1163.26,0
0.521033,0.615758,0.10912,0.399465,0.0828541,1181.8,0
0.52172,0.593466,0.0492267,0.447151,0.0774883,1137.52,0
0.522403,0.579682,0.0623186,0.491656,0.0758868,1109.64,0
0.523102,0.49773,0.0858911,0.465275,0.0562742,951.498,0
0.523817,0.514294,0.0958959,0.465411,0.0595466,981.819,0
0.524513,0.496386,0.112235,0.495193,0.0546178,946.375,0
0.525206,0.534607,0.0903405,0.529098,0.0596962,1017.9,0
0.525897,0.512991,0.063019,0.502278,0.0579773,975.459,0
0.526611,0.522126,0.0775221,0.496494,0.0549213,991.484,0
0.527299,0.483908,0.0324557,0.50895,0.0439945,917.712,0
0.527979,0.495765,0.0458577,0.559957,0.0490455,938.987,0
0.528656,0.524688,0.0229673,0.596504,0.0536471,992.494,0
0.529344,0.574248,0.0121008,0.638879,0.0648413,1084.83,0
0.530041,0.596014,0.000422628,0.659826,0.0652713,1124.47,0
0.530723,0.615129,-0.00782941,0.687542,0.067248,1159.04,0
0.531415,0.646765,0.0271604,0.659356,0.0716048,1217.06,0
0.532106,0.691258,0.0178773,0.709297,0.0783935,1299.1,0
0.532809,0.690204,0.0345291,0.714653,0.0769016,1295.41,0
0.533503,0.722331,0.00629089,0.728577,0.0865245,1353.94,0
0.534187,0.783325,0.0064112,0.7289,0.0950926,1466.39,0
0.534864,0.86302,0.0701914,0.659426,0.10915,1613.53,0
0.535549,0.857546,0.126208,0.651037,0.106947,1601.25,0
0.536245,0.861913,0.151718,0.590724,0.109448,1607.31,0
0.536932,0.936694,0.0891309,0.557067,0.128246,1744.53,0
0.537608,0.964899,-0.00239709,0.478635,0.129415,1794.8,0
0.538294,0.932724,-0.0981079,0.449111,0.126745,1732.74,0
0.538978,0.913306,-0.183912,0.442062,0.123101,1694.51,0
0.539659,0.909255,-0.244748,0.415566,0.120747,1684.87,0
0.540342,0.932095,-0.215513,0.423592,0.122514,1725.01,0
0.541031,0.959676,-0.225487,0.484511,0.129145,1773.79,0
0.541723,0.959233,-0.232336,0.521683,0.130171,1770.71,0
0.542418,0.948881,-0.239476,0.463568,0.124117,1749.35,0
0.543109,0.97147,-0.210922,0.386022,0.134325,1788.72,0
0.543808,0.902849,-0.152783,0.429213,0.119555,1660.24,0
0.544503,0.954339,-0.136019,0.439511,0.125489,1752.68,0
0.545198,0.943424,-0.143277,0.407501,0.12502,1730.42,0
0.545894,0.899462,-0.0962482,0.435665,0.115462,1647.68,0
0.546591,0.960361,-0.0951064,0.362888,0.127554,1757,0
0.547279,0.941092,-0.0935974,0.397363,0.119981,1719.58,0
0.547971,0.953441,-0.126714,0.354143,0.125408,1739.95,0
0.548654,0.89865,-0.130809,0.334242,0.111597,1637.92,0
0.549354,0.870433,-0.155003,0.280075,0.104114,1584.47,0
0.550056,0.872366,-0.111437,0.327524,0.096608,1585.96,0
0.550753,0.857468,-0.136978,0.325059,0.0966196,1556.9,0
0.551454,0.854376,-0.162146,0.350926,0.0962295,1549.31,0
0.552174,0.817419,-0.193235,0.255375,0.0862153,1480.36,0
0.552862,0.796679,-0.156252,0.285276,0.0811434,1441.01,0
0.553556,0.761831,-0.159247,0.34473,0.0763471,1376.25,0
0.55424,0.769433,-0.158278,0.389864,0.0748257,1388.27,0
0.554923,0.731461,-0.146876,0.391846,0.0651601,1318.13,0
0.555614,0.740788,-0.108248,0.38342,0.0709861,1333.28,0
0.556324,0.732643,-0.120539,0.399282,0.0683834,1316.94,0
0.557023,0.701795,-0.149412,0.438053,0.0604865,1259.9,0
0.557712,0.745132,-0.132514,0.412254,0.0728302,1336.05,0
0.558398,0.81511,-0.107794,0.46812,0.0850137,1459.73,0
0.559085,0.794428,-0.178888,0.481401,0.083025,1420.94,0
0.559761,0.738774,-0.220798,0.464244,0.0724963,1319.8,0
0.560443,0.742759,-0.265739,0.47567,0.0720431,1325.31,0
0.56113,0.746934,-0.270375,0.489812,0.0703491,1331.12,0
0.561842,0.739549,-0.326146,0.586674,0.0726073,1316.29,0
0.562536,0.749616,-0.323643,0.659826,0.0730864,1332.57,0
0.563235,0.800587,-0.320381,0.64971,0.0821526,1421.41,0
0.563916,0.793417,-0.346485,0.694315,0.0809807,1406.98,0
0.564614,0.786676,-0.326348,0.694292,0.0785105,1393.3,0
0.565295,0.824683,-0.309612,0.650743,0.0887725,1458.85,0
0.565975,0.777502,-0.292302,0.648367,0.0767057,1373.74,0
0.566674,0.747011,-0.305732,0.672713,0.0727192,1318.24,0
0.567353,0.750832,-0.233995,0.691776,0.0672153,1323.4,0
0.568046,0.752155,-0.297602,0.688457,0.06622,1324.11,0
0.568733,0.748132,-0.242464,0.657471,0.0633317,1315.44,0
0.569407,0.761065,-0.223292,0.675949,0.0658973,1336.59,0
0.570083,0.709497,-0.237312,0.690768,0.0563824,1244.55,0
0.570763,0.694867,-0.206215,0.709647,0.0503805,1217.43,0
0.571448,0.699996,-0.210114,0.673107,0.053363,1224.95,0
0.572149,0.695632,-0.185955,0.679408,0.0533667,1215.82,0
0.572843,0.681475,-0.217467,0.696987,0.0542635,1189.64,0
0.573535,0.690401,-0.188146,0.663622,0.0521265,1203.76,0
0.574236,0.692429,-0.22703,0.667108,0.0530317,1205.83,0
0.574946,0.748927,-0.218044,0.669423,0.0636863,1302.6,0
0.575631,0.747283,-0.216928,0.65613,0.0605486,1298.2,0
0.576334,0.70356,-0.20143,0.659373,0.0513093,1220.75,0
0.577021,0.708043,-0.209033,0.701923,0.053969,1227.07,0
0.577701,0.719515,-0.210392,0.673631,0.0544426,1245.48,0
0.578413,0.693511,-0.273684,0.725905,0.0496229,1198.99,0
0.579106,0.661667,-0.306216,0.731298,0.0445177,1142.57,0
0.579806,0.666635,-0.262118,0.726671,0.0440338,1149.75,0
0.580492,0.696842,-0.222638,0.696912,0.0496934,1200.43,0
0.581187,0.684802,-0.206633,0.709968,0.0464189,1178.28,0
0.581884,0.684395,-0.183038,0.739173,0.046735,1176.17,0
0.582563,0.696579,-0.204022,0.725031,0.0484606,1195.72,0
0.583272,0.731589,-0.201797,0.693156,0.0541848,1254.28,0
0.58396,0.756164,-0.251972,0.650587,0.0613921,1294.89,0
0.58464,0.727183,-0.251472,0.678493,0.0551942,1243.81,0
0.585311,0.718935,-0.246975,0.664459,0.0513938,1228.3,0
0.585987,0.721844,-0.261232,0.653227,0.0523071,1231.84,0
0.586687,0.723893,-0.233471,0.657456,0.0526166,1233.87,0
0.587372,0.658447,-0.189335,0.628335,0.0394483,1121.01,0
0.58806,0.676593,-0.158276,0.645857,0.0422132,1150.55,0
0.588765,0.642167,-0.198021,0.669821,0.0368609,1090.7,0
0.58944,0.664782,-0.160756,0.692827,0.042482,1127.82,0
0.590115,0.718238,-0.189681,0.653961,0.054977,1217.12,0
0.590801,0.760045,-0.223415,0.590323,0.0627218,1286.47,0
0.591491,0.790696,-0.24198,0.611089,0.0687651,1336.78,0
0.592171,0.80718,-0.221141,0.630695,0.0688931,1363.09,0
0.592849,0.79649,-0.215674,0.604823,0.0667155,1343.49,0
0.593546,0.771257,-0.194411,0.583908,0.0636922,1299.41,0
0.594236,0.783649,-0.178626,0.659896,0.0661031,1318.75,0
0.594939,0.801714,-0.145477,0.669545,0.0707568,1347.56,0
0.595631,0.791098,-0.155381,0.687918,0.0695498,1328.17,0
0.596341,0.761128,-0.15566,0.725756,0.0640069,1276.33,0
0.597028,0.773245,-0.163162,0.739447,0.064659,1295.16,0
0.59771,0.727749,-0.203618,0.705106,0.0569442,1217.56,0
0.598394,0.720485,-0.203457,0.763945,0.0551776,1204.03,0
0.599086,0.677017,-0.207682,0.805759,0.0480659,1130.08,0
0.599764,0.619797,-0.194517,0.79331,0.0392294,1033.4,0
0.600452,0.593244,-0.20853,0.720663,0.0355674,987.996,0
0.601156,0.6077,-0.208731,0.69174,0.0393581,1010.89,0
0.601849,0.610803,-0.186748,0.699642,0.0397614,1014.88,0
0.602525,0.575137,-0.185112,0.679358,0.0344751,954.545,0
0.603228,0.553564,-0.146069,0.640317,0.0286271,917.669,0
0.603914,0.567627,-0.107042,0.636212,0.0318926,939.914,0
0.604597,0.561983,-0.0913072,0.656675,0.0308196,929.517,0
0.605286,0.572588,-0.0785165,0.642937,0.0332587,945.98,0
0.605978,0.556345,-0.044595,0.638928,0.0301211,918.093,0
0.606672,0.547132,-0.0151553,0.672176,0.0262426,901.857,0
0.607356,0.552919,-0.00718046,0.700354,0.027737,910.37,0
0.608053,0.551908,0.00798839,0.679677,0.026647,907.664,0
0.608745,0.543431,-0.0215736,0.671871,0.0254042,892.707,0
0.609434,0.606893,-0.0472642,0.661952,0.0377733,995.831,0
0.610133,0.64179,-0.0399446,0.710463,0.0442306,1051.88,0
0.610841,0.646232,-0.079459,0.706631,0.0449818,1057.94,0
0.61155,0.600148,-0.10397,0.674575,0.0338183,981.355,0
0.612239,0.572234,-0.133466,0.667354,0.0278066,934.659,0
0.612922,0.54925,-0.123577,0.6405,0.0225632,896.118,0
0.613611,0.57236,-0.0939951,0.655114,0.0269089,932.774,0
0.614308,0.544957,-0.0976055,0.690526,0.0223627,887.108,0
0.615008,0.549126,-0.0449051,0.723921,0.0226634,892.876,0
0.615702,0.547087,-0.0375808,0.734688,0.0210983,888.559,0
0.616396,0.562594,-0.0213459,0.725505,0.0254908,912.715,0
0.617087,0.569115,-0.0321769,0.738816,0.0275948,922.261,0
0.617775,0.590743,-0.0355764,0.766428,0.0339893,956.243,0
0.618453,0.591089,-0.0356707,0.76066,0.0357014,955.753,0
0.619142,0.552956,-0.0442174,0.727796,0.0297541,893.1,0
0.619842,0.595037,-0.0467952,0.766261,0.0375539,959.981,0
0.620548,0.659668,-0.00604637,0.736054,0.0508508,1063.04,0
0.621228,0.635621,-0.039721,0.686563,0.0442257,1023.17,0
0.62191,0.639805,-0.0207104,0.672407,0.0444751,1028.77,0
0.622597,0.63271,-0.00614087,0.671209,0.0424806,1016.24,0
0.623293,0.662341,-0.0253159,0.687777,0.0475961,1062.65,0
0.62399,0.644642,-0.0106307,0.718946,0.0476988,1033.1,0
0.624674,0.65302,-0.0245086,0.711975,0.0504041,1045.38,0
0.62536,0.674069,-0.00979767,0.722211,0.0516541,1077.89,0
0.62605,0.667922,-0.0413594,0.682071,0.0476291,1066.88,0
0.62674,0.666877,-0.0896115,0.730826,0.0507904,1064.04,0
0.627444,0.696966,-0.129795,0.749595,0.0587709,1110.8,0
0.628136,0.696608,-0.118818,0.760899,0.0588076,1109.01,0
0.628827,0.709488,-0.0544358,0.762233,0.0635174,1128.27,0
0.629517,0.73203,-0.0579246,0.752044,0.0661168,1162.84,0
0.630201,0.756214,-0.0326373,0.717756,0.0739385,1199.96,0
0.630885,0.722196,-0.059666,0.670099,0.0626343,1144.74,0
0.631589,0.732722,-0.0632308,0.657878,0.0678004,1160.13,0
0.632279,0.728389,-0.130728,0.669005,0.0637502,1152,0
0.63299,0.728078,-0.0670193,0.671296,0.0654254,1150.22,0
0.633696,0.720277,-0.0791889,0.652348,0.0659924,1136.63,0
0.634375,0.682507,-0.0785088,0.630154,0.0607323,1075.87,0
0.635088,0.6701,-0.0470576,0.581523,0.0611351,1055.13,0
0.635777,0.717323,-0.0693392,0.639295,0.0693557,1128.26,0
0.636463,0.739226,-0.0795293,0.689836,0.0732387,1161.46,0
0.637149,0.736072,-0.0788036,0.713503,0.075501,1155.26,0
0.63786,0.703171,-0.0841583,0.747746,0.0698229,1102.39,0
0.638552,0.737364,-0.0810483,0.754514,0.0735937,1154.74,0
0.639234,0.713532,-0.0834405,0.763665,0.0710946,1116.23,0
0.639926,0.758998,-0.0681537,0.761792,0.0783979,1186.07,0
0.640616,0.733321,-0.0850202,0.784748,0.0751918,1144.71,0
0.641298,0.766099,-0.126679,0.816446,0.0790279,1194.61,0
0.641982,0.749414,-0.109748,0.780048,0.0727154,1167.34,0
0.642659,0.709863,-0.0612566,0.785628,0.062637,1104.57,0
0.643358,0.71327,-0.0469739,0.778391,0.061162,1108.67,0
0.644041,0.703745,-0.0172278,0.754316,0.0594986,1092.7,0
0.644728,0.685128,-0.00300869,0.833121,0.0558718,1062.66,0
0.645436,0.693219,0.00871482,0.845108,0.0531972,1074.03,0
0.646133,0.724707,-0.0578715,0.859722,0.0572191,1121.61,0
0.646811,0.701239,-0.0821056,0.868707,0.0518931,1084.15,0
0.647495,0.682922,-0.0714637,0.870047,0.0490876,1054.71,0
0.648181,0.696926,-0.131604,0.895011,0.0494482,1075.2,0
0.64888,0.699764,-0.143381,0.87583,0.0518712,1078.42,0
0.649558,0.73625,-0.136255,0.854683,0.0615342,1133.46,0
0.650237,0.711187,-0.121103,0.855153,0.0553499,1093.74,0
0.650919,0.68032,-0.0916964,0.900103,0.0484514,1045.17,0
0.65161,0.731692,-0.113861,0.887681,0.058259,1122.9,0
0.652319,0.72195,-0.0570128,0.871604,0.0531394,1106.74,0
0.653003,0.705802,-0.0494822,0.814729,0.0526952,1080.85,0
0.653693,0.692138,-0.0665679,0.832221,0.0492261,1058.81,0
0.654381,0.733539,-0.0727924,0.792635,0.0544963,1120.97,0
0.65508,0.768517,-0.0341929,0.848757,0.0608291,1173.17,0
0.655772,0.75813,-0.0186599,0.804137,0.0576655,1156.09,0
0.656476,0.76536,-0.0316526,0.77497,0.0606515,1165.86,0
0.65717,0.767025,0.00427543,0.806117,0.0646681,1167.16,0
0.657875,0.764955,0.0226956,0.820626,0.064536,1162.77,0
0.65858,0.74977,0.0365478,0.846305,0.059448,1138.46,0
0.65926,0.729453,-0.0123142,0.818594,0.0538454,1106.47,0
0.659966,0.745175,-0.015789,0.830479,0.0564812,1129.11,0
0.660665,0.712784,-0.0730838,0.81756,0.0555396,1078.89,0
0.661353,0.714496,-0.0974229,0.725524,0.0571427,1080.35,0
0.662041,0.723542,-0.123004,0.71457,0.0574081,1092.9,0
0.662722,0.676501,-0.105779,0.685544,0.0492724,1020.79,0
0.663421,0.686239,-0.153872,0.626428,0.0498034,1034.4,0
0.664104,0.692018,-0.201806,0.605835,0.0485193,1042.03,0
0.664821,0.693891,-0.235449,0.630729,0.0487696,1043.73,0
0.665524,0.646385,-0.243563,0.619958,0.0416618,971.243,0
0.666237,0.644831,-0.184786,0.633477,0.0428656,967.869,0
0.666918,0.666719,-0.179329,0.632063,0.046262,999.702,0
0.667606,0.643288,-0.190663,0.63939,0.043944,963.574,0
0.668296,0.651968,-0.163352,0.661902,0.0460845,975.568,0
0.668986,0.684275,-0.236032,0.641844,0.0506392,1022.85,0
0.669681,0.716716,-0.225558,0.65441,0.0567224,1070.24,0
0.670363,0.710486,-0.179502,0.687155,0.0576435,1059.85,0
0.671053,0.675716,-0.148935,0.678841,0.0546241,1006.95,0
0.671725,0.717323,-0.109781,0.680996,0.0632143,1067.88,0
0.672414,0.749118,-0.128285,0.713671,0.0675566,1114.07,0
0.673105,0.801345,-0.164582,0.696048,0.079936,1190.52,0
0.673809,0.818305,-0.213628,0.640821,0.086715,1214.45,0
0.674494,0.847703,-0.217991,0.714811,0.0913647,1256.8,0
0.675184,0.85411,-0.199586,0.729168,0.0942379,1265,0
0.675865,0.827325,-0.174749,0.632174,0.0898658,1224.1,0
0.676563,0.788725,-0.187828,0.622587,0.07831,1165.78,0
0.677268,0.799327,-0.164209,0.620186,0.082989,1180.22,0
0.677955,0.822098,-0.17577,0.590578,0.0885676,1212.61,0
0.678653,0.813201,-0.124331,0.580934,0.0836045,1198.26,0
0.679342,0.846743,-0.120145,0.593152,0.0892294,1246.42,0
0.680037,0.794184,-0.128511,0.595569,0.0807005,1167.85,0
0.680724,0.802837,-0.11059,0.576365,0.0806892,1179.39,0
0.681414,0.80226,-0.171656,0.567356,0.0808259,1177.35,0
0.682105,0.793945,-0.179081,0.570492,0.0784384,1163.96,0
0.682792,0.796149,-0.189591,0.548696,0.0743372,1166.02,0
0.683473,0.798197,-0.262563,0.513159,0.0746653,1167.85,0
0.684171,0.814217,-0.23139,0.532092,0.0837911,1190.08,0
0.684855,0.830113,-0.251717,0.521584,0.0912536,1212.1,0
0.68555,0.803802,-0.240148,0.536862,0.0792029,1172.49,0
0.686246,0.856364,-0.206699,0.543568,0.0899935,1247.9,0
0.686943,0.933901,-0.254011,0.532297,0.109224,1359.5,0
0.68764,0.999253,-0.242127,0.490198,0.121658,1453.16,0
0.688325,1.0298,-0.220275,0.473873,0.12499,1496.1,0
0.689028,1.02593,-0.159228,0.501125,0.120977,1488.96,0
0.689724,1.01738,-0.153574,0.466703,0.115247,1475.06,0
0.690408,1.00628,-0.174013,0.39411,0.107176,1457.51,0
0.691109,0.99752,-0.186812,0.385167,0.105748,1443.36,0
0.691816,1.00663,-0.170686,0.371312,0.105207,1455.05,0
0.692513,1.06829,-0.179951,0.349328,0.117668,1542.63,0
0.693215,1.07493,-0.173722,0.386992,0.120045,1550.64,0
0.693907,1.06251,-0.170435,0.41772,0.120887,1531.2,0
0.694604,1.05203,-0.183054,0.441742,0.125825,1514.57,0
0.695279,0.97512,-0.222749,0.475534,0.106414,1402.49,0
0.695955,0.991016,-0.190966,0.474193,0.110126,1423.97,0
0.696653,1.03179,-0.229899,0.489874,0.112357,1481.06,0
0.697354,1.03649,-0.210418,0.494764,0.111259,1486.32,0
0.698061,1.08918,-0.235963,0.523307,0.114688,1560.29,0
0.69874,1.12969,-0.20053,0.542641,0.118786,1616.75,0
0.699447,1.16621,-0.196759,0.585601,0.126307,1667.33,0
0.700134,1.17076,-0.169984,0.59923,0.123416,1672.2,0
0.700819,1.17902,-0.163744,0.625547,0.128552,1682.35,0
0.701513,1.21064,-0.170878,0.555326,0.136561,1725.75,0
0.7022,1.16803,-0.121306,0.536712,0.13603,1663.38,0
0.702913,1.16172,-0.162502,0.4844,0.133634,1652.72,0
0.703605,1.16427,-0.173542,0.427346,0.13598,1654.73,0
0.704315,1.15793,-0.117857,0.388962,0.134829,1644.05,0
0.704998,1.15219,-0.139517,0.381708,0.133276,1634.32,0
0.705687,1.06288,-0.171616,0.317161,0.109197,1506.16,0
0.706375,1.07022,-0.254572,0.351449,0.112494,1515.09,0
0.707068,0.987772,-0.290642,0.317884,0.0975364,1397,0
0.707778,0.927268,-0.270055,0.267788,0.0862238,1310.11,0
0.708467,1.00641,-0.286102,0.25848,0.098548,1420.54,0
0.709159,1.02681,-0.306492,0.137176,0.104059,1447.92,0
0.709841,1.05803,-0.254952,0.113498,0.109976,1490.52,0
0.710532,1.05654,-0.230944,0.105839,0.108158,1486.96,0
0.711225,0.997318,-0.213367,0.0905645,0.0937481,1402.26,0
0.711921,0.972824,-0.227728,0.0830307,0.0906226,1366.48,0
0.712601,0.954111,-0.294324,0.137854,0.0915393,1338.91,0
0.71328,1.01449,-0.30208,0.13004,0.105358,1422.29,0
0.713943,1.01547,-0.318307,0.166507,0.109967,1422.34,0
0.714619,1.0145,-0.287687,0.1724,0.111061,1419.63,0
0.71531,0.975561,-0.26272,0.20609,0.106329,1363.83,0
0.71599,0.989893,-0.267431,0.23899,0.107842,1382.55,0
0.716677,1.02043,-0.260196,0.174088,0.109528,1423.84,0
0.717359,1.01659,-0.17368,0.17037,0.109254,1417.12,0
0.71805,1.05449,-0.156333,0.187785,0.113538,1468.55,0
0.718737,0.99843,-0.192625,0.166463,0.103798,1389.14,0
0.719428,1.01236,-0.167657,0.147023,0.108202,1407.17,0
0.720114,1.05474,-0.223639,0.154353,0.116652,1464.68,0
0.720819,1.07364,-0.180411,0.197573,0.117183,1489.48,0
0.721499,1.07291,-0.149545,0.214027,0.117192,1487.06,0
0.722199,1.02812,-0.158171,0.301506,0.104725,1423.6,0
0.722901,0.98872,-0.115955,0.263236,0.0956562,1367.71,0
0.7236,1.01042,-0.179106,0.242193,0.10529,1396.37,0
0.724283,1.04929,-0.180987,0.221267,0.112905,1448.73,0
0.724981,1.0664,-0.184579,0.178107,0.114042,1470.93,0
0.725689,1.07404,-0.148372,0.185978,0.116383,1480.02,0
0.72638,1.08531,-0.187013,0.213811,0.118518,1494.13,0
0.72707,1.10294,-0.204922,0.187975,0.123617,1516.96,0
0.727757,1.12727,-0.234065,0.164086,0.124852,1548.96,0
0.728446,1.07468,-0.241933,0.234176,0.116484,1475.31,0
0.729136,1.12751,-0.184937,0.191457,0.121236,1546.36,0
0.72983,1.13725,-0.18944,0.106491,0.129849,1558.23,0
0.730531,1.14782,-0.22038,0.0715906,0.130709,1571.22,0
0.731236,1.18598,-0.213079,0.131713,0.140738,1621.89,0
0.731923,1.16132,-0.177712,0.181645,0.133373,1586.66,0
0.7326,1.18187,-0.162214,0.108826,0.131169,1613.25,0
0.73329,1.15341,-0.0603697,0.14629,0.124475,1572.92,0
0.733993,1.16531,-0.0687634,0.0813432,0.12349,1587.64,0
0.734698,1.19312,-0.0464497,0.0503012,0.118365,1623.96,0
0.735385,1.16982,-0.0380678,-0.0351955,0.106693,1590.76,0
0.736077,1.22973,0.0159797,-0.0477836,0.11591,1670.65,0
0.736784,1.27242,0.00747883,-0.0356482,0.125126,1726.99,0
0.737474,1.26626,-0.0363731,-0.00370156,0.12173,1717.03,0
0.738175,1.28679,0.060679,-0.0690639,0.126813,1743.2,0
0.738861,1.27014,0.0787935,-0.0983085,0.121491,1719.05,0
0.739533,1.23645,0.0970314,-0.0524132,0.11185,1671.93,0
0.7402,1.25131,0.127981,-0.045319,0.111726,1690.5,0
0.740889,1.19136,0.135342,-0.0596873,0.10387,1608.01,0
0.741585,1.19632,0.171158,-0.100275,0.102066,1613.19,0
0.742296,1.20003,0.124556,-0.102824,0.105145,1616.65,0
0.742989,1.12761,0.139242,-0.0691202,0.0893498,1517.67,0
0.743692,1.08199,0.0951385,0.018422,0.0827199,1454.89,0
0.744383,1.13079,0.071507,0.0286067,0.0953587,1519.1,0
0.745068,1.04757,0.0103161,0.00980636,0.0771828,1406,0
0.745749,0.991293,-0.0428809,0.00456279,0.0646785,1329.26,0
0.746453,1.00087,-0.0249094,2.81661e-05,0.0692614,1340.84,0
0.747133,0.993772,-0.034941,0.00622951,0.06391,1330.11,0
0.747805,1.04997,0.00555462,-0.0318287,0.0763933,1404.07,0
0.748501,1.06745,-0.00836109,0.0212457,0.077647,1426.11,0
0.749207,1.07737,-0.0188894,-0.00453827,0.0797794,1438.02,0
0.749913,1.0944,-0.0493793,-0.020438,0.0898133,1459.38,0
0.750613,1.09849,-0.0505315,-0.0331536,0.0878802,1463.45,0
0.75129,1.15096,-0.0364656,-0.081908,0.100264,1531.98,0
0.751976,1.16936,-0.012271,-0.121184,0.103226,1555.06,0
0.752689,1.22076,0.0278903,-0.0940889,0.115368,1621.86,0
0.753364,1.21309,0.0114287,-0.0757715,0.112275,1610.22,0
0.754067,1.20543,-0.0608471,-0.114356,0.111987,1598.57,0
0.754769,1.19585,-0.194691,-0.146802,0.10885,1584.4,0
0.755454,1.21409,-0.233498,-0.133728,0.113389,1607.1,0
0.756143,1.16746,-0.178995,-0.140644,0.103594,1543.96,0
0.756847,1.21053,-0.192584,-0.0565953,0.10997,1599.44,0
0.757543,1.22488,-0.259943,-0.0634254,0.111359,1616.91,0
0.758219,1.25757,-0.326902,-0.0838204,0.114258,1658.59,0
0.758913,1.28393,-0.375627,-0.0567892,0.117308,1691.8,0
0.759591,1.37709,-0.450195,-0.0764325,0.131682,1812.93,0
0.760269,1.34973,-0.461769,-0.0288398,0.13488,1775.33,0
0.760952,1.33509,-0.48327,0.030119,0.126553,1754.5,0
0.76164,1.31444,-0.50692,0.0367092,0.118513,1725.8,0
0.762334,1.29826,-0.479486,0.139015,0.113083,1703,0
0.763028,1.34275,-0.487952,0.183472,0.119931,1759.77,0
0.7637,1.28699,-0.449653,0.130043,0.107305,1685.21,0
0.764386,1.27311,-0.400584,0.130056,0.102567,1665.53,0
0.765081,1.29754,-0.42771,0.125348,0.10693,1695.96,0
0.765778,1.27595,-0.478281,0.11283,0.0994664,1666.22,0
0.766456,1.30737,-0.403585,0.100321,0.105018,1705.74,0
0.767144,1.2852,-0.426942,0.120392,0.0973875,1675.31,0
0.76784,1.25427,-0.415993,0.09211,0.0934758,1633.51,0
0.768537,1.19951,-0.442924,0.0711517,0.083162,1560.78,0
0.769221,1.23587,-0.53038,0.070403,0.0941745,1606.65,0
0.76993,1.22244,-0.476364,0.132185,0.0867658,1587.74,0
0.770626,1.18477,-0.441819,0.189347,0.0775833,1537.41,0
0.771317,1.15386,-0.405431,0.141852,0.0782694,1495.96,0
0.772005,1.12844,-0.455001,0.120199,0.0756714,1461.7,0
0.772684,1.1408,-0.453169,0.0479524,0.073151,1476.42,0
0.773376,1.15177,-0.458448,-0.0358933,0.0738875,1489.27,0
0.774076,1.12119,-0.427395,-0.00413845,0.0646497,1448.43,0
0.774762,1.11521,-0.476337,0.0443103,0.0644564,1439.42,0
0.775444,1.10351,-0.476964,0.0466949,0.0627471,1423.07,0
0.776145,1.09256,-0.494742,0.0397746,0.0584228,1407.68,0
0.776846,1.12106,-0.525452,-0.0188727,0.0587605,1443.09,0
0.777546,1.12458,-0.50344,-0.0104993,0.0586859,1446.32,0
0.778238,1.1448,-0.42458,0.0469984,0.0636193,1471.02,0
0.77892,1.17619,-0.400031,0.0537109,0.0692242,1510.03,0
0.779617,1.13294,-0.339428,0.0836584,0.0591726,1453.2,0
0.780302,1.11945,-0.35097,0.112324,0.0588985,1434.63,0
0.781007,1.09759,-0.402675,0.156095,0.0532111,1405.35,0
0.78169,1.07623,-0.41737,0.111191,0.049028,1376.8,0
0.782382,1.08196,-0.406346,0.0779666,0.0480775,1382.9,0
0.783072,1.09983,-0.377033,0.0916256,0.0506717,1404.51,0
0.783755,1.14343,-0.360123,0.0353334,0.0598652,1458.91,0
0.784451,1.13885,-0.330505,0.0356669,0.0583615,1451.78,0
0.785149,1.12024,-0.37294,0.0356667,0.0532852,1426.79,0
0.785845,1.11267,-0.386939,0.0847199,0.0491414,1415.89,0
0.786546,1.11045,-0.367233,0.105177,0.0477745,1411.8,0
0.78723,1.10599,-0.410212,0.113447,0.0457457,1404.92,0
0.787925,1.09427,-0.385447,0.0911559,0.0430991,1388.8,0
0.788621,1.09573,-0.371865,0.0620516,0.0434076,1389.42,0
0.789295,1.07243,-0.423581,0.0317903,0.0385146,1358.72,0
0.789991,1.04982,-0.428399,0.0605769,0.0365321,1328.89,0
0.790688,1.06863,-0.43286,0.087178,0.0396934,1351.53,0
0.791389,1.09853,-0.417216,0.0310143,0.048397,1388.1,0
0.792066,1.05585,-0.416302,-0.0152647,0.0393219,1333.04,0
0.792759,1.03862,-0.402909,0.0299916,0.0364171,1310.13,0
0.793455,1.0563,-0.388014,0.0276712,0.0369986,1331.27,0
0.794138,1.05953,-0.354302,0.0177057,0.0356537,1334.19,0
0.794838,1.05423,-0.346727,0.0374131,0.0361765,1326.35,0
0.795526,1.0602,-0.357104,0.0381054,0.0371465,1332.7,0
0.796201,1.01893,-0.383074,0.0528405,0.0282593,1279.74,0
0.796898,0.995941,-0.405748,0.0570792,0.0237213,1249.77,0
0.79758,1.02655,-0.41168,0.0638922,0.0292531,1287.08,0
0.798269,1.02491,-0.349137,0.0355034,0.0293947,1283.92,0
0.798956,1.0046,-0.323141,0.0260493,0.0247322,1257.39,0
0.799653,0.96476,-0.293552,0.058446,0.0165539,1206.47,0
0.800339,0.943357,-0.279203,0.064367,0.0125525,1178.7,0
0.801028,0.927191,-0.265375,0.0540329,0.00925682,1157.5,0
0.801736,0.924829,-0.26034,0.0577977,0.0079325,1153.53,0
0.802429,0.946275,-0.282115,0.0608799,0.0126951,1179.26,0
0.803123,0.928985,-0.282399,0.0801638,0.0092991,1156.72,0
0.803816,0.912237,-0.267392,0.0781258,0.00572816,1134.88,0
0.804505,0.909217,-0.271959,0.0973095,0.00528475,1130.16,0
0.805205,0.925497,-0.288353,0.0905452,0.00840477,1149.39,0
0.805905,0.959025,-0.269573,0.0904308,0.0149132,1190,0
0.806581,0.974818,-0.263123,0.0871356,0.0184356,1208.58,0
0.80726,0.98372,-0.274634,0.0907722,0.0204831,1218.59,0
0.807949,0.990351,-0.278866,0.0643374,0.0213933,1225.76,0
0.808643,1.02096,-0.275652,0.0584925,0.0272814,1262.57,0
0.809332,1.04599,-0.230866,0.0576721,0.0329048,1292.41,0
0.810027,1.05607,-0.265031,0.0519848,0.0361078,1303.74,0
0.810697,1.079,-0.234853,0.0792862,0.0409152,1330.95,0
0.811392,1.10408,-0.264502,0.0822465,0.0479807,1360.72,0
0.812066,1.14486,-0.271947,0.068026,0.0522149,1409.81,0
0.812751,1.15784,-0.240305,0.0340614,0.0539653,1424.59,0
0.813451,1.15837,-0.221066,0.0163919,0.055849,1424.02,0
0.814122,1.18332,-0.255965,0.0317125,0.0608718,1453.49,0
0.814816,1.24377,-0.270013,-0.00169385,0.0731439,1526.44,0
0.815497,1.2895,-0.264128,-0.0585732,0.0821715,1581.24,0
0.816179,1.22851,-0.289413,-0.0479682,0.0705617,1505.19,0
0.816868,1.25433,-0.286469,-0.0742531,0.0750468,1535.53,0
0.817567,1.28262,-0.265035,-0.11806,0.0774998,1568.83,0
0.818254,1.30228,-0.274064,-0.126066,0.0797052,1591.54,0
0.818955,1.34814,-0.290356,-0.128233,0.0878343,1646.17,0
0.819653,1.35891,-0.289607,-0.0533345,0.0918379,1657.91,0
0.820339,1.39602,-0.264192,-0.049477,0.0967138,1701.76,0
0.82103,1.37927,-0.30048,0.012813,0.0978214,1679.93,0
0.821717,1.36686,-0.340932,0.0330794,0.0931682,1663.42,0
0.822429,1.39046,-0.300079,-0.00760349,0.101103,1690.68,0
0.823125,1.31612,-0.325287,-0.0173572,0.0841022,1598.93,0
0.823823,1.27665,-0.35101,-0.000301263,0.0783847,1549.67,0
0.824518,1.29802,-0.295633,0.0491393,0.0798013,1574.28,0
0.825216,1.33545,-0.293815,0.0742755,0.0841844,1618.3,0
0.825887,1.26772,-0.307133,0.0707475,0.0688694,1534.98,0
0.826573,1.26604,-0.284046,0.110787,0.0680791,1531.67,0
0.827265,1.29041,-0.24498,0.0540658,0.0733454,1559.84,0
0.827962,1.24337,-0.249587,0.0413652,0.062542,1501.73,0
0.828642,1.23079,-0.206943,0.0366188,0.0572429,1485.3,0
0.829356,1.24092,-0.184086,0.0761086,0.0567847,1496.25,0
0.830043,1.28468,-0.14523,0.105064,0.0615278,1547.73,0
0.830738,1.24181,-0.155651,0.107621,0.0500196,1494.83,0
0.831421,1.19232,-0.132252,0.0566093,0.0396793,1434.08,0
0.832119,1.16716,-0.147967,0.10918,0.0368884,1402.64,0
0.832805,1.13289,-0.174193,0.166745,0.0274054,1360.33,0
0.833497,1.14263,-0.189366,0.181462,0.0297062,1370.88,0
0.834183,1.18387,-0.171657,0.190911,0.0385536,1419.19,0
0.834856,1.22438,-0.140351,0.230382,0.0453328,1466.58,0
0.835553,1.22933,-0.149119,0.207376,0.0490928,1471.28,0
0.836241,1.28208,-0.11358,0.163767,0.0649267,1533.14,0
0.836946,1.32192,-0.090836,0.16256,0.072637,1579.46,0
0.837623,1.2669,-0.14109,0.154771,0.0598597,1512.5,0
0.838308,1.25803,-0.107521,0.140246,0.0594647,1500.67,0
0.838989,1.21225,-0.113768,0.116553,0.0472973,1444.89,0
0.839681,1.18764,-0.0678654,0.0990928,0.0434693,1414.39,0
0.840378,1.117,-0.0486496,0.071803,0.0291768,1329.16,0
0.841055,1.10708,-0.0320453,0.0483315,0.0277286,1316.3,0
0.841746,1.10966,-0.043427,0.0385972,0.0267862,1318.28,0
0.842447,1.141,-0.0418421,0.00828108,0.0323275,1354.39,0
0.843116,1.12426,-0.0819514,-0.0297953,0.0286048,1333.46,0
0.843823,1.14188,-0.0771484,-0.016081,0.0295416,1353.23,0
0.844517,1.11639,-0.0399986,-0.00417657,0.0257136,1321.93,0
0.84522,1.07938,-0.0367152,-0.00447219,0.0183726,1277.04,0
0.845914,1.05802,-0.0239723,-0.0160289,0.0145298,1250.75,0
0.846602,1.08047,-0.0166839,0.00314789,0.0191534,1276.24,0
0.847291,1.04969,-0.0462568,0.00496112,0.0126449,1238.88,0
0.847981,1.05245,-0.0307167,-2.58168e-05,0.0133185,1241.12,0
0.848679,1.03116,-0.0118599,-0.0303434,0.00873916,1215.01,0
0.849382,1.02344,0.00291732,-0.0533664,0.00675014,1204.92,0
0.850076,1.01895,0.00543364,-0.0613323,0.00650701,1198.66,0
0.850771,1.01201,0.00659491,-0.0454569,0.00521309,1189.53,0
0.851462,0.993068,0.00417042,-0.0502546,0.00199703,1166.31,0
0.85217,0.991823,-0.0049791,-0.0638205,0.00202572,1163.88,0
0.852861,0.996587,-0.0102588,-0.0537489,0.00317816,1168.52,0
0.853533,1.00135,-0.0156275,-0.0375737,0.00423611,1173.18,0
0.854247,1.00945,-0.0427175,-0.042632,0.00583545,1181.68,0
0.854961,1.03159,-0.0388992,-0.037405,0.0101239,1206.6,0
0.855642,1.03375,-0.0298209,-0.00342002,0.0100963,1208.16,0
0.856333,1.03608,-0.0594015,0.0234209,0.0111753,1209.9,0
0.857018,1.05764,-0.0596236,0.0126435,0.0154456,1234.1,0
0.8577,1.06028,-0.0745675,-0.00584509,0.0166587,1236.19,0
0.858388,1.06604,-0.0849577,0.000121721,0.0166947,1241.91,0
0.859088,1.06722,-0.0591993,0.0156251,0.0174546,1242.27,0
0.859774,1.03932,-0.0576347,0.027695,0.0122715,1208.83,0
0.860457,1.01148,-0.0589267,0.0338682,0.00650064,1175.52,0
0.86113,0.987728,-0.0599696,0.0375334,0.00157052,1147.01,0
0.861815,0.980279,-0.0610208,0.0412277,9.75459e-05,1137.46,0
0.862512,0.986029,-0.0594846,0.045949,0.00124559,1143.21,0
0.863189,0.999646,-0.0553415,0.0543288,0.00400908,1158.09,0
0.863882,1.00844,-0.0382483,0.0473397,0.00631253,1167.34,0
0.864584,1.02365,-0.0223542,0.0452146,0.00884536,1183.98,0
0.865286,1.04235,-0.0262954,0.070475,0.0117363,1204.63,0
0.865978,1.01785,-0.0349628,0.0640778,0.00729906,1175.37,0
0.866661,1.01184,-0.0220525,0.0635082,0.00624689,1167.52,0
0.867347,1.04343,-0.0146964,0.0435384,0.0124242,1203.01,0
0.868027,1.05106,0.00071541,0.0595296,0.0134755,1210.86,0
0.868743,1.02605,0.024173,0.0710157,0.00943102,1181.08,0
0.869433,1.04719,0.0349193,0.0790809,0.0146522,1204.46,0
0.870119,1.05155,0.0272015,0.111995,0.016435,1208.51,0
0.870807,1.06891,0.0143645,0.0850024,0.019888,1227.49,0
0.871491,1.09478,0.0210518,0.113231,0.0259295,1256.21,0
0.87218,1.09324,0.0314295,0.0489847,0.0262155,1253.46,0
0.872879,1.11253,0.0255654,0.0693077,0.031392,1274.55,0
0.873568,1.08657,0.0403828,0.13208,0.0270481,1243.83,0
0.874246,1.10594,0.0374975,0.11961,0.031012,1265.02,0
0.874921,1.10902,0.0512301,0.175891,0.0313968,1267.56,0
0.875606,1.07368,0.0210233,0.155709,0.0228619,1226.22,0
0.876306,1.06671,-0.00124077,0.122589,0.022122,1217.28,0
0.876995,1.09539,0.0123279,0.1071,0.0292313,1249.03,0
0.877683,1.12345,0.0128262,0.0857428,0.0342397,1280.02,0
0.878396,1.11211,0.0433148,0.105933,0.0313019,1266.07,0
0.879081,1.11781,0.015718,0.129105,0.0326976,1271.57,0
0.879761,1.15447,-0.00313401,0.111355,0.0369451,1312.25,0
0.88045,1.17827,-0.064051,0.107623,0.0420844,1338.26,0
0.881136,1.1551,-0.0529544,0.129309,0.0370405,1310.93,0
0.881823,1.15181,-0.058696,0.0909844,0.0369458,1306.17,0
0.882511,1.17553,-0.0862473,0.0685508,0.0406195,1332.02,0
0.883213,1.19986,-0.0749014,0.0702646,0.0428417,1358.52,0
0.883894,1.20751,-0.0401896,0.0982033,0.0451718,1366.13,0
0.884577,1.26791,-0.0736141,0.090718,0.0556752,1433.35,0
0.885264,1.1938,-0.0617374,0.0979205,0.0398891,1348.53,0
0.88594,1.18909,-0.0811537,0.0888726,0.0404085,1342.18,0
0.886618,1.17797,-0.0948194,0.106573,0.0380924,1328.62,0
0.887309,1.17404,-0.129381,0.122029,0.0342201,1323.14,0
0.888011,1.12652,-0.16026,0.123347,0.0266912,1268.58,0
0.888701,1.12885,-0.158685,0.126838,0.0283691,1270.23,0
0.889399,1.11412,-0.195833,0.150225,0.0236161,1252.66,0
0.890086,1.15431,-0.179337,0.153795,0.0319547,1296.85,0
0.890766,1.15591,-0.203085,0.176622,0.0331741,1297.66,0
0.89147,1.20883,-0.218485,0.209792,0.0459584,1355.99,0
0.892157,1.23533,-0.230628,0.235874,0.0528593,1384.65,0
0.892835,1.22491,-0.241465,0.268966,0.0472158,1371.93,0
0.893546,1.19279,-0.251919,0.279768,0.0409071,1334.89,0
0.894242,1.14515,-0.239691,0.291926,0.0301756,1280.58,0
0.894931,1.10555,-0.204826,0.277515,0.0218081,1235.35,0
0.895622,1.12652,-0.193111,0.252234,0.0262493,1257.8,0
0.896304,1.13292,-0.165981,0.221728,0.02615,1263.99,0
0.896988,1.11973,-0.192578,0.251655,0.0257666,1248.32,0
0.89769,1.14487,-0.221165,0.262321,0.0305017,1275.36,0
0.898367,1.16001,-0.23745,0.249084,0.0351472,1291.24,0
0.899057,1.17422,-0.21755,0.222041,0.0347107,1306.06,0
0.899731,1.16182,-0.219312,0.220274,0.0317931,1291.3,0
0.900412,1.11362,-0.205934,0.247863,0.022183,1236.79,0
0.901116,1.09116,-0.20888,0.295517,0.016881,1210.9,0
0.901815,1.10692,-0.218787,0.31308,0.0195601,1227.44,0
0.902507,1.14641,-0.222027,0.324359,0.0274631,1270.25,0
0.903189,1.16207,-0.222959,0.28873,0.0279628,1286.63,0
0.903887,1.17897,-0.205507,0.292496,0.0319634,1304.33,0
0.90459,1.16769,-0.226198,0.349051,0.0296226,1290.85,0
0.905294,1.13895,-0.237732,0.32193,0.0249025,1258.1,0
0.905998,1.12888,-0.257997,0.287729,0.0232141,1246.01,0
0.90668,1.10087,-0.284883,0.27448,0.017631,1214.18,0
0.907376,1.07495,-0.311673,0.264448,0.0119809,1184.68,0
0.908065,1.05624,-0.333672,0.288184,0.00850539,1163.17,0
0.908755,1.04725,-0.358145,0.310996,0.00673281,1152.4,0
0.909432,1.05827,-0.369333,0.293183,0.00919439,1163.66,0
0.910119,1.09439,-0.383969,0.277382,0.0166498,1202.47,0
0.910811,1.09985,-0.398471,0.285957,0.016795,1207.55,0
0.911497,1.10668,-0.362679,0.297849,0.0180882,1214.13,0
0.912189,1.13752,-0.331001,0.28105,0.0240818,1247.03,0
0.91289,1.13972,-0.293377,0.284769,0.0259781,1248.47,0
0.913591,1.17072,-0.239513,0.298197,0.0316596,1281.45,0
0.914263,1.15489,-0.258026,0.321699,0.0279109,1263.2,0
0.914966,1.16361,-0.272478,0.332603,0.0306183,1271.75,0
0.915652,1.15531,-0.257644,0.295816,0.0294215,1261.73,0
0.916331,1.17631,-0.226405,0.278475,0.0324262,1283.72,0
0.917022,1.17903,-0.229777,0.308576,0.0328841,1285.71,0
0.917726,1.2423,-0.261656,0.334416,0.0452555,1353.68,0
0.918419,1.25085,-0.260045,0.350883,0.0457148,1361.96,0
0.919107,1.22805,-0.218529,0.368004,0.0408698,1336.14,0
0.9198,1.17131,-0.194784,0.382054,0.0305938,1273.44,0
0.92049,1.17807,-0.22573,0.38636,0.0327118,1279.83,0
0.921182,1.15397,-0.27149,0.382665,0.0291095,1252.71,0
0.921868,1.1214,-0.278452,0.3628,0.022564,1216.44,0
0.922575,1.13382,-0.251199,0.364087,0.0244091,1228.97,0
0.923267,1.1434,-0.196071,0.365472,0.0270351,1238.43,0
0.92396,1.12085,-0.226122,0.383484,0.0247965,1213.09,0
0.924645,1.15001,-0.198613,0.375797,0.0310106,1243.74,0
0.925348,1.15873,-0.167284,0.383805,0.0318446,1252.21,0
0.926047,1.13439,-0.134447,0.397547,0.0270239,1224.99,0
0.926727,1.12945,-0.153915,0.406634,0.0253803,1218.75,0
0.92741,1.13185,-0.145802,0.397756,0.0265672,1220.44,0
0.928107,1.11892,-0.154996,0.36776,0.0240038,1205.59,0
0.928807,1.12914,-0.139085,0.370619,0.0277863,1215.69,0
0.929498,1.12896,-0.137677,0.330359,0.0274641,1214.59,0
0.930186,1.10298,-0.131637,0.32712,0.0224662,1185.76,0
0.930873,1.0745,-0.122965,0.344109,0.017969,1154.29,0
0.931557,1.1077,-0.137659,0.339142,0.0246873,1189.09,0
0.93225,1.10568,-0.148792,0.313781,0.0240051,1186.03,0
0.932937,1.11325,-0.142375,0.277347,0.0258845,1193.28,0
0.933618,1.11654,-0.156045,0.264001,0.025117,1195.93,0
0.934298,1.14097,-0.174413,0.271164,0.0315544,1221.21,0
0.934978,1.16193,-0.165089,0.277814,0.0334664,1242.73,0
0.935662,1.17362,-0.198355,0.288338,0.037054,1254.32,0
0.936363,1.22377,-0.244689,0.282202,0.0495312,1306.93,0
0.937042,1.20935,-0.266296,0.28919,0.0474058,1290.6,0
0.937757,1.24353,-0.264002,0.332068,0.0576852,1326.07,0
0.938464,1.26824,-0.215924,0.356819,0.064472,1351.39,0
0.939158,1.20166,-0.246641,0.352029,0.0519775,1279.51,0
0.939851,1.20351,-0.240567,0.295445,0.0514276,1280.53,0
0.940522,1.17326,-0.242072,0.295493,0.0442032,1247.45,0
0.9412,1.16153,-0.271607,0.288118,0.043228,1234.09,0
0.941892,1.13861,-0.222732,0.319357,0.038337,1208.85,0
0.942593,1.16478,-0.259586,0.306192,0.0433295,1235.72,0
0.943271,1.1404,-0.287655,0.310975,0.0411145,1208.98,0
0.943965,1.1151,-0.340726,0.305128,0.0351669,1181.29,0
0.94466,1.10262,-0.330956,0.326823,0.0312957,1167.21,0
0.945353,1.11302,-0.345892,0.379832,0.0325087,1177.35,0
0.94603,1.10911,-0.337429,0.40826,0.0318045,1172.38,0
0.946723,1.09598,-0.340281,0.401749,0.0277305,1157.66,0
0.94741,1.1382,-0.364211,0.370361,0.0352796,1201.38,0
0.948089,1.16246,-0.326821,0.359241,0.0359095,1226.11,0
0.948789,1.15401,-0.352505,0.404302,0.0335459,1216.3,0
0.949473,1.13542,-0.384139,0.41346,0.0332449,1195.84,0
0.950157,1.1284,-0.366725,0.43333,0.0311095,1187.59,0
0.95085,1.1365,-0.378259,0.419751,0.0328151,1195.25,0
0.951523,1.11147,-0.375604,0.425292,0.0288862,1168.09,0
0.952227,1.10924,-0.358805,0.448906,0.0312174,1164.89,0
0.952914,1.10543,-0.356478,0.480382,0.0308579,1160.05,0
0.953611,1.08751,-0.357366,0.479434,0.0285166,1140.42,0
0.954281,1.06597,-0.323622,0.501918,0.0240779,1117.04,0
0.954985,1.07502,-0.32518,0.485486,0.0247038,1125.69,0
0.955675,1.07033,-0.336739,0.504719,0.0232085,1119.97,0
0.956354,1.06168,-0.35035,0.511735,0.0202403,1110.13,0
0.957033,1.0699,-0.374273,0.539844,0.0225696,1117.94,0
0.957729,1.05754,-0.354776,0.501368,0.020001,1104.21,0
0.958427,1.06758,-0.330073,0.486012,0.0239666,1113.89,0
0.959109,1.09331,-0.336693,0.488697,0.0301237,1139.92,0
0.95979,1.09938,-0.312718,0.463342,0.0317768,1145.44,0
0.960473,1.12594,-0.274508,0.48781,0.0376406,1172.28,0
0.961171,1.13225,-0.282671,0.473823,0.0400937,1177.99,0
0.961864,1.13734,-0.256616,0.443558,0.0415149,1182.43,0
0.962547,1.15952,-0.233128,0.419866,0.0443945,1204.64,0
0.963233,1.19616,-0.212385,0.424542,0.0528738,1241.82,0
0.963914,1.24315,-0.224473,0.450233,0.0620019,1289.69,0
0.964597,1.26755,-0.254267,0.455423,0.0673027,1314.08,0
0.96528,1.22368,-0.313167,0.478596,0.0612211,1267.7,0
0.965968,1.28371,-0.349567,0.512382,0.0711396,1328.93,0
0.966657,1.30491,-0.358559,0.531475,0.0758748,1349.92,0
0.967358,1.31891,-0.390847,0.526534,0.0791767,1363.41,0
0.968071,1.34743,-0.400447,0.538196,0.0827989,1391.87,0
0.968767,1.37669,-0.327278,0.467904,0.0863264,1421.07,0
0.969461,1.42312,-0.317361,0.465433,0.0947043,1467.95,0
0.970162,1.43287,-0.294754,0.405223,0.0942791,1476.93,0
0.970858,1.42126,-0.216731,0.441696,0.0903199,1463.92,0
0.971537,1.43093,-0.225061,0.456761,0.0924603,1472.85,0
0.972222,1.43032,-0.234502,0.485703,0.0931964,1471.19,0
0.972903,1.38962,-0.218844,0.513872,0.085201,1428.32,0
0.973608,1.37786,-0.24058,0.508504,0.0774823,1415.21,0
0.974279,1.43755,-0.204609,0.496232,0.0894507,1475.5,0
0.974961,1.4934,-0.192374,0.485667,0.0986073,1531.75,0
0.975663,1.52495,-0.211579,0.494418,0.110702,1562.99,0
0.976364,1.54975,-0.131,0.503496,0.116321,1587.27,0
0.977059,1.54667,-0.103741,0.48011,0.118054,1582.99,0
0.977751,1.54039,-0.102773,0.410232,0.119904,1575.44,0
0.978438,1.58177,-0.0438232,0.420359,0.122159,1616.63,0
0.979134,1.61809,-0.0773468,0.426051,0.127852,1652.57,0
0.979827,1.63605,-0.064487,0.420531,0.131787,1669.73,0
0.980512,1.61417,-0.0365072,0.390937,0.127027,1646.26,0
0.981203,1.60899,-0.019448,0.381613,0.125757,1639.81,0
0.9819,1.59449,-0.0105176,0.393104,0.122736,1623.88,0
0.982591,1.48982,-0.0516615,0.353394,0.101467,1516.22,0
0.983269,1.41802,-0.0450555,0.353612,0.0901937,1442.15,0
0.983951,1.4201,-0.0791203,0.389533,0.0883213,1443.26,0
0.984652,1.41907,-0.0945339,0.368457,0.0903657,1441.19,0
0.985347,1.47308,-0.102032,0.336213,0.100758,1494.98,0
0.986029,1.45863,-0.0127467,0.399651,0.0958452,1479.3,0
0.986718,1.43531,-0.0290596,0.410471,0.0904573,1454.63,0
0.987401,1.43805,-0.0132582,0.412929,0.0925154,1456.4,0
0.9881,1.43369,-0.0648098,0.437941,0.0893736,1450.96,0
0.988803,1.42663,-0.0879213,0.474618,0.0895938,1442.78,0
0.989489,1.4153,-0.108351,0.481974,0.092029,1430.33,0
0.990179,1.38575,-0.109566,0.472337,0.0865392,1399.49,0
0.99087,1.381,-0.129745,0.486463,0.0863457,1393.72,0
0.991562,1.32101,-0.152924,0.437889,0.0716003,1332.25,0
0.99227,1.33795,-0.157268,0.395529,0.0735606,1348.37,0
0.992952,1.35697,-0.153271,0.372341,0.0782934,1366.61,0
0.993647,1.37845,-0.110294,0.376368,0.0817905,1387.26,0
0.99433,1.42389,-0.123891,0.432556,0.0828361,1432.01,0
0.995023,1.4675,-0.130344,0.509675,0.0961935,1474.85,0
0.99571,1.48795,-0.125856,0.425455,0.0997227,1494.36,0
0.996401,1.48769,-0.123125,0.345637,0.105907,1493.07,0
0.997103,1.49955,-0.103836,0.31061,0.107245,1503.91,0
0.9978,1.41304,-0.12585,0.254917,0.0847433,1416.16,0
0.998474,1.37466,-0.10569,0.224255,0.0756915,1376.76,0
0.999173,1.39162,-0.0612198,0.258157,0.0776216,1392.78,0
0.999863,1.40047,-0.0493833,0.285369,0.0798724,1400.66,0
1,1.42084,-0.043969,0.275124,0.0857418,1420.84,0
