0.000686149,-0.0271711,0.0229912,-0.0260165,0.0244294,-39599.4,0
0.00138869,-0.0383779,0.0267689,-0.037685,0.0214594,-27636,0
0.00207088,-0.0339883,7.79616e-05,-0.056131,0.020987,-16412.5,0
0.0027538,-0.0080015,0.0108331,-0.0715127,0.0258242,-2905.62,0
0.00344081,0.0232698,-0.0107765,-0.12485,0.0317897,6762.89,0
0.00412752,0.0359496,-0.00224808,-0.137048,0.0348993,8709.72,0
0.00483344,0.0404266,-0.0126939,-0.140216,0.0352945,8363.94,0
0.00552476,0.0535927,0.0253129,-0.146794,0.0371042,9700.46,0
0.00621175,0.0325847,0.0224662,-0.158098,0.0327032,5245.66,0
0.00689828,0.0194274,0.0434252,-0.122396,0.027647,2816.26,0
0.00756749,0.000797174,-0.000534747,-0.0846501,0.0239465,105.342,0
0.00824656,0.0154207,-0.0277181,-0.075073,0.0266888,1869.96,0
0.00894859,0.011381,-0.0117032,-0.0607041,0.0254009,1271.82,0
0.00964285,0.0257949,-0.0140968,-0.0307613,0.0284813,2675.03,0
0.0103267,0.00986028,-0.0225781,-0.0404477,0.0274349,954.831,0
0.0110308,-0.0168485,-0.0177681,-0.0958625,0.020288,-1527.41,0
0.0117431,-0.059957,-1.46204e-06,-0.0869307,0.0122068,-5105.73,0
0.0124482,-0.0781963,0.032638,-0.072801,0.00743022,-6281.72,0
0.0131384,-0.0787658,0.064046,-0.0592044,0.00723303,-5995.06,0
0.013823,-0.0660286,0.0491584,-0.0400333,0.00919189,-4776.73,0
0.0145143,-0.070726,0.0422342,-0.0255959,0.00788842,-4872.85,0
0.0151985,-0.0741821,0.053206,-0.00835195,0.00653266,-4880.88,0
0.015901,-0.0796448,0.0547789,0.0129433,0.00549448,-5008.8,0
0.0165763,-0.0978366,0.0601465,0.0189549,0.00192257,-5902.21,0
0.0172606,-0.0853076,0.0511607,0.0340592,0.00452149,-4942.32,0
0.017958,-0.0926919,0.0581853,0.0198668,0.00297976,-5161.59,0
0.018646,-0.0802676,0.0371467,0.0256672,0.00541512,-4304.81,0
0.0193328,-0.0697786,0.0321274,0.0306285,0.00731893,-3609.34,0
0.0200231,-0.0769281,0.0450442,0.00627866,0.00608476,-3841.96,0
0.0207399,-0.0952656,0.0522663,0.0188641,0.00217686,-4593.34,0
0.0214347,-0.0975871,0.0565276,0.0343596,0.00180295,-4552.77,0
0.0221236,-0.0903158,0.0527966,0.0479213,0.00335982,-4082.33,0
0.0228256,-0.104587,0.0470382,0.0504441,0.000427145,-4582.02,0
0.0235064,-0.101896,0.0412439,0.0529826,0.000923755,-4334.84,0
0.0241969,-0.098307,0.037464,0.0422614,0.00154532,-4062.8,0
0.0248692,-0.0934943,0.0431816,0.0425073,0.00249605,-3759.45,0
0.0255589,-0.075663,0.046182,0.0477856,0.00621019,-2960.34,0
0.026246,-0.0612742,0.0426922,0.017313,0.00856911,-2334.61,0
0.0269387,-0.0326411,0.037413,-0.00701929,0.0142816,-1211.68,0
0.0276328,-0.0174745,0.0450525,0.0103995,0.0195681,-632.384,0
0.0283398,0.0182926,0.0602901,0.0263952,0.0270327,645.472,0
0.0290275,0.060065,0.0629675,-0.0190957,0.0367353,2069.24,0
0.0297222,0.106418,0.0985226,-0.00220638,0.0465953,3580.43,0
0.0303978,0.152734,0.0985441,0.0174966,0.0530593,5024.52,0
0.031087,0.196514,0.125732,0.0270507,0.0596333,6321.43,0
0.0317645,0.189127,0.126513,0.105375,0.0579644,5954.02,0
0.0324522,0.229568,0.14764,0.0444004,0.0688042,7074.05,0
0.0331566,0.168975,0.144724,0.0418733,0.0595295,5096.25,0
0.0338534,0.178584,0.17694,0.0160893,0.0611029,5275.22,0
0.0345317,0.174575,0.199823,0.0474192,0.064484,5055.5,0
0.035206,0.133731,0.197187,0.059247,0.0587182,3798.52,0
0.0359021,0.108227,0.158064,0.0463561,0.0539875,3014.51,0
0.036595,0.049128,0.169878,0.0654995,0.0432833,1342.48,0
0.0372695,0.10368,0.195611,0.050073,0.0550718,2781.89,0
0.0379586,0.137834,0.195538,0.142157,0.0655255,3631.17,0
0.0386419,0.14902,0.190119,0.16705,0.0658948,3856.44,0
0.0393362,0.170076,0.176915,0.188254,0.0662836,4323.66,0
0.0400364,0.191728,0.119717,0.172424,0.0707776,4788.84,0
0.0407265,0.189384,0.0878175,0.124774,0.0751232,4650.15,0
0.0414079,0.18267,0.120993,0.0821369,0.0716077,4411.48,0
0.0421081,0.213386,0.176039,0.0554925,0.0800732,5067.59,0
0.0428137,0.158961,0.211874,0.0341979,0.0679929,3712.86,0
0.0435137,0.138283,0.207891,0.0201262,0.0648691,3177.93,0
0.0442096,0.107352,0.257248,0.0658909,0.0604288,2428.26,0
0.0448902,0.112598,0.217807,0.077851,0.063468,2508.29,0
0.0455896,0.0719784,0.229898,0.0549825,0.0520466,1578.83,0
0.0462878,0.0963374,0.245965,0.079368,0.0564033,2081.27,0
0.0469693,0.0780811,0.226196,0.127743,0.0522454,1662.39,0
0.0476522,0.0873557,0.218571,0.166251,0.0552573,1833.19,0
0.0483378,0.0712192,0.251326,0.1236,0.0514585,1473.36,0
0.0490304,0.0499474,0.24638,0.162172,0.0470296,1018.7,0
0.0497371,0.0524589,0.205203,0.19248,0.0505601,1054.72,0
0.0504363,0.0889622,0.191349,0.211211,0.053969,1763.85,0
0.0511263,0.175753,0.18144,0.180009,0.0683208,3437.62,0
0.0518369,0.252607,0.195492,0.141072,0.0792877,4873.12,0
0.0525288,0.260593,0.270916,0.114882,0.0799356,4960.95,0
0.0532166,0.32537,0.30342,0.154241,0.0909133,6114.07,0
0.0539053,0.360008,0.302886,0.142957,0.0975283,6678.53,0
0.0545798,0.347212,0.235321,0.127815,0.0946628,6361.56,0
0.0552837,0.399957,0.166991,0.146634,0.105386,7234.63,0
0.0559711,0.370696,0.221071,0.203543,0.100827,6622.98,0
0.0566443,0.360163,0.248643,0.235231,0.0975746,6358.32,0
0.0573404,0.392666,0.253458,0.256901,0.106647,6847.98,0
0.0580216,0.402997,0.260967,0.295493,0.110604,6945.63,0
0.0587224,0.409278,0.290447,0.257556,0.109206,6969.72,0
0.0594272,0.365746,0.355173,0.34319,0.100522,6154.53,0
0.0601186,0.343063,0.423887,0.386807,0.10005,5706.44,0
0.0608239,0.341745,0.438861,0.43622,0.0996738,5618.61,0
0.0615142,0.291075,0.443197,0.409788,0.0880281,4731.84,0
0.0621972,0.249784,0.473011,0.375187,0.0783289,4016,0
0.0628881,0.241195,0.453298,0.364513,0.0794174,3835.31,0
0.0635724,0.199613,0.509772,0.349602,0.0715683,3139.93,0
0.0642738,0.253896,0.531567,0.33434,0.0839858,3950.22,0
0.0649664,0.290752,0.574335,0.327456,0.0885572,4475.42,0
0.0656604,0.359749,0.629742,0.312955,0.105655,5478.93,0
0.0663413,0.334761,0.633403,0.345142,0.0995445,5046.04,0
0.0670437,0.350893,0.598468,0.33221,0.10276,5233.8,0
0.0677387,0.360217,0.607363,0.395346,0.104923,5317.73,0
0.0684293,0.418384,0.65534,0.454354,0.115693,6114.11,0
0.0691244,0.427389,0.711673,0.449508,0.116538,6182.89,0
0.0698053,0.458687,0.69515,0.415938,0.12923,6570.95,0
0.0705101,0.51119,0.703675,0.380827,0.13307,7249.88,0
0.0712055,0.579479,0.739333,0.41105,0.150154,8138.12,0
0.0718932,0.621055,0.667899,0.403102,0.159851,8638.58,0
0.0725811,0.637446,0.714998,0.413784,0.157691,8782.53,0
0.0732773,0.63803,0.740452,0.419934,0.151085,8707.05,0
0.0739661,0.568242,0.740232,0.429418,0.139945,7682.47,0
0.0746519,0.581458,0.824182,0.441036,0.136601,7788.92,0
0.075338,0.494601,0.791815,0.457452,0.117191,6565.1,0
0.0760367,0.474771,0.825549,0.506851,0.11189,6243.98,0
0.0767218,0.509738,0.823938,0.499567,0.113371,6643.98,0
0.0774202,0.472066,0.784563,0.435785,0.113604,6097.46,0
0.0781099,0.494308,0.835881,0.417651,0.116929,6328.37,0
0.0787852,0.514601,0.884181,0.371416,0.120431,6531.7,0
0.0794865,0.487274,0.881899,0.334894,0.119112,6130.27,0
0.0801838,0.505426,0.861929,0.387757,0.119606,6303.35,0
0.0808844,0.529841,0.87593,0.399478,0.122848,6550.59,0
0.0815603,0.578426,0.814497,0.410514,0.133377,7092.01,0
0.0822522,0.590638,0.782939,0.414337,0.132717,7180.82,0
0.0829477,0.641218,0.82902,0.409248,0.140339,7730.39,0
0.0836355,0.659658,0.779779,0.380343,0.146634,7887.3,0
0.0843107,0.649877,0.714534,0.383477,0.145237,7708.12,0
0.0850057,0.610037,0.787586,0.41125,0.140779,7176.43,0
0.0857028,0.633005,0.773176,0.420066,0.140284,7386.04,0
0.0863892,0.651241,0.727705,0.404145,0.141716,7538.45,0
0.0870963,0.639677,0.686839,0.407096,0.13797,7344.48,0
0.0877938,0.632681,0.730526,0.342508,0.142808,7206.44,0
0.0884864,0.593602,0.760435,0.294479,0.140362,6708.4,0
0.0891963,0.625307,0.700946,0.356962,0.144087,7010.46,0
0.0898896,0.597213,0.688934,0.362153,0.134726,6643.85,0
0.0905814,0.615444,0.686155,0.331453,0.132694,6794.38,0
0.0912724,0.609066,0.665414,0.341637,0.130674,6673.06,0
0.0919609,0.614762,0.63457,0.399949,0.130018,6685.03,0
0.0926368,0.60818,0.57615,0.449817,0.13314,6565.22,0
0.0933182,0.615262,0.631407,0.426068,0.12729,6593.16,0
0.0940162,0.64337,0.692836,0.385341,0.138227,6843.18,0
0.0947191,0.672033,0.696632,0.32857,0.142131,7095.01,0
0.0954024,0.745262,0.709812,0.369096,0.153259,7811.77,0
0.0960975,0.7451,0.73799,0.317981,0.153397,7753.58,0
0.0967913,0.682987,0.705171,0.249594,0.136253,7056.29,0
0.0974839,0.656615,0.710652,0.26622,0.130909,6735.63,0
0.0981792,0.67028,0.752631,0.239454,0.134388,6827.1,0
0.0988877,0.682499,0.723114,0.187697,0.136627,6901.75,0
0.0995689,0.63482,0.740064,0.20513,0.12546,6375.68,0
0.100257,0.645313,0.757266,0.190865,0.130955,6436.56,0
0.10096,0.584177,0.764002,0.152592,0.114667,5786.23,0
0.101658,0.577308,0.7727,0.154444,0.108926,5678.92,0
0.102334,0.612253,0.803518,0.187714,0.118972,5982.89,0
0.103027,0.627633,0.82173,0.103149,0.120616,6091.93,0
0.103708,0.632562,0.863173,0.116695,0.12072,6099.43,0
0.104385,0.607376,0.894659,0.130331,0.114856,5818.6,0
0.105076,0.619744,0.911657,0.0965245,0.122055,5898.05,0
0.105785,0.593499,0.97202,0.0438426,0.113989,5610.45,0
0.106474,0.597944,0.951833,0.0581351,0.119286,5615.88,0
0.107175,0.630905,1.01883,0.04267,0.128062,5886.7,0
0.107871,0.673956,1.04201,0.0547949,0.138019,6247.77,0
0.108578,0.689684,0.986321,0.105569,0.141994,6352,0
0.109264,0.687518,0.984902,0.0896585,0.143199,6292.27,0
0.109954,0.667069,0.995384,0.0615991,0.136711,6066.81,0
0.110632,0.62572,0.975291,0.0362995,0.129487,5655.85,0
0.111325,0.562901,0.940212,0.0311604,0.112198,5056.4,0
0.112017,0.563308,0.982154,0.105285,0.119049,5028.76,0
0.112695,0.616096,1.01925,0.145886,0.122916,5466.92,0
0.113385,0.60695,0.976107,0.20636,0.117707,5353,0
0.114086,0.624424,0.921526,0.207288,0.119923,5473.3,0
0.114784,0.580449,0.982936,0.201442,0.11336,5056.87,0
0.11547,0.53602,0.972858,0.232465,0.108551,4642.08,0
0.116157,0.468322,0.999526,0.29885,0.097998,4031.81,0
0.116861,0.506284,1.01674,0.288152,0.109198,4332.35,0
0.117569,0.52229,1.04489,0.313614,0.118246,4442.42,0
0.118248,0.500524,1.13364,0.338358,0.120203,4232.82,0
0.118937,0.473022,1.15655,0.327073,0.114438,3977.1,0
0.11963,0.487281,1.08735,0.341424,0.119682,4073.23,0
0.120305,0.489198,1.1545,0.317041,0.118898,4066.32,0
0.120968,0.406921,1.1205,0.33858,0.105319,3363.86,0
0.121641,0.356424,1.14536,0.339051,0.0943218,2930.14,0
0.122329,0.303278,1.12178,0.347765,0.0852208,2479.21,0
0.123026,0.24799,1.12131,0.354883,0.0713934,2015.75,0
0.123726,0.233645,1.11206,0.353066,0.0678468,1888.41,0
0.124412,0.25536,1.12926,0.414768,0.0679179,2052.54,0
0.125091,0.262326,1.07321,0.409493,0.0705569,2097.09,0
0.125794,0.331385,1.0238,0.474427,0.0836869,2634.35,0
0.126482,0.34143,1.04107,0.427051,0.0816137,2699.43,0
0.127175,0.340837,1.00258,0.432448,0.083839,2680.07,0
0.127873,0.366374,1.00236,0.475048,0.0885622,2865.15,0
0.128577,0.37035,0.97107,0.441033,0.0876097,2880.37,0
0.129262,0.371255,0.934692,0.45231,0.0903368,2872.1,0
0.129957,0.338482,0.979098,0.484834,0.0827793,2604.56,0
0.130649,0.293189,0.952732,0.52032,0.076464,2244.09,0
0.131348,0.286139,0.994283,0.474863,0.0756695,2178.48,0
0.132063,0.235647,1.01006,0.439969,0.0659182,1784.35,0
0.132751,0.257637,1.04604,0.487465,0.0703328,1940.75,0
0.133447,0.334638,1.07694,0.504006,0.0834869,2507.64,0
0.134141,0.370334,1.07913,0.483088,0.0934367,2760.78,0
0.134849,0.378862,1.07082,0.448957,0.0982474,2809.54,0
0.135537,0.42085,1.07639,0.480632,0.106813,3105.06,0
0.136221,0.464013,1.04719,0.433893,0.116719,3406.33,0
0.136893,0.494459,1.03692,0.565265,0.121343,3612.01,0
0.137583,0.543482,1.08325,0.5982,0.132278,3950.22,0
0.138273,0.520878,1.05213,0.628831,0.131087,3767.04,0
0.138977,0.529144,1.04836,0.578856,0.131518,3807.42,0
0.139648,0.52251,1.04929,0.519468,0.125923,3741.62,0
0.140346,0.52057,1.03957,0.475225,0.121022,3709.2,0
0.141034,0.539588,1.06534,0.451193,0.120557,3825.94,0
0.141714,0.640052,1.07204,0.442056,0.13333,4516.5,0
0.14239,0.695,1.02259,0.434115,0.140077,4880.97,0
0.143096,0.783871,1.05685,0.38223,0.154957,5477.95,0
0.143785,0.794937,1.0772,0.39345,0.15044,5528.65,0
0.144467,0.808352,1.09616,0.364596,0.151577,5595.43,0
0.145152,0.865652,1.08593,0.370644,0.155675,5963.74,0
0.145852,0.904828,1.14491,0.328413,0.158329,6203.75,0
0.146537,0.897095,1.14857,0.299554,0.148024,6121.98,0
0.147221,0.926691,1.16158,0.307734,0.15342,6294.56,0
0.147906,0.886676,1.13315,0.344924,0.152522,5994.87,0
0.148577,0.89668,1.11426,0.311938,0.153088,6035.11,0
0.149246,0.837181,1.10305,0.257581,0.138775,5609.42,0
0.14994,0.804733,1.07529,0.325517,0.134187,5367.03,0
0.15065,0.798518,1.09199,0.283303,0.135413,5300.49,0
0.151342,0.823247,1.10199,0.212968,0.144726,5439.66,0
0.152033,0.845271,1.13868,0.142841,0.141557,5559.8,0
0.152711,0.774501,1.1222,0.0506416,0.123908,5071.68,0
0.153395,0.868909,1.0956,0.0170669,0.141611,5664.52,0
0.154098,0.921536,1.15856,-0.004901,0.156496,5980.19,0
0.154811,0.936768,1.18423,0.040391,0.164885,6051.03,0
0.1555,0.928276,1.18399,0.0560691,0.160672,5969.62,0
0.156194,0.96938,1.23384,0.0417557,0.163471,6206.26,0
0.156883,1.00345,1.2137,0.0122984,0.175654,6396.17,0
0.157579,0.96615,1.24783,0.0634162,0.166021,6131.22,0
0.158283,0.972686,1.32104,-0.0569556,0.168705,6145.25,0
0.158992,1.00547,1.28193,-0.0899802,0.172773,6324.06,0
0.159674,1.04114,1.28381,-0.0312315,0.180699,6520.39,0
0.16038,1.04473,1.30324,-0.0476956,0.175261,6514.09,0
0.161065,1.10153,1.28037,-0.0398044,0.181796,6839.05,0
0.161766,1.08004,1.27084,-0.0056874,0.168524,6676.52,0
0.162444,1.051,1.28761,-0.0301365,0.163655,6469.94,0
0.163119,1.00842,1.30595,-0.0126916,0.159304,6182.13,0
0.163815,1.0189,1.31236,-0.0162661,0.15795,6219.78,0
0.164514,1.06282,1.21981,-0.00194724,0.165932,6460.33,0
0.165211,1.1346,1.21419,-0.0997497,0.184245,6867.59,0
0.1659,1.1208,1.25746,-0.140136,0.187785,6755.85,0
0.166587,1.0781,1.20591,-0.131024,0.174361,6471.68,0
0.167282,1.12108,1.16428,-0.179493,0.184789,6701.73,0
0.167967,1.06404,1.1028,-0.249624,0.173092,6334.81,0
0.168655,1.06192,1.09422,-0.263445,0.167825,6296.37,0
0.169346,1.01315,1.14561,-0.297471,0.160797,5982.75,0
0.170042,1.00021,1.13469,-0.325267,0.155236,5882.11,0
0.17073,0.966142,1.18156,-0.280676,0.145599,5658.88,0
0.171425,0.96295,1.2322,-0.292016,0.144143,5617.33,0
0.172113,0.888334,1.21797,-0.284281,0.122076,5161.33,0
0.172811,0.899295,1.25668,-0.355569,0.132451,5203.92,0
0.173524,0.923053,1.29739,-0.388601,0.137705,5319.47,0
0.174197,0.8819,1.28272,-0.343046,0.124883,5062.66,0
0.174896,0.862235,1.32265,-0.360954,0.126437,4929.98,0
0.175586,0.839328,1.33845,-0.380193,0.119161,4780.17,0
0.176267,0.847408,1.35181,-0.419615,0.115381,4807.54,0
0.176951,0.787045,1.34123,-0.4531,0.1073,4447.81,0
0.177639,0.723452,1.3336,-0.459828,0.0888366,4072.59,0
0.178338,0.729145,1.3571,-0.508841,0.0894087,4088.55,0
0.17903,0.704435,1.3544,-0.50513,0.0812144,3934.72,0
0.179717,0.691925,1.29523,-0.500195,0.0823329,3850.08,0
0.180415,0.699217,1.30152,-0.525536,0.0804846,3875.61,0
0.181113,0.736255,1.27568,-0.517888,0.0845059,4065.18,0
0.181794,0.712724,1.28938,-0.528015,0.0787446,3920.49,0
0.182486,0.736452,1.30525,-0.530205,0.0869718,4035.66,0
0.183155,0.744277,1.35044,-0.561631,0.0866193,4063.63,0
0.183856,0.799016,1.32395,-0.581134,0.0937458,4345.87,0
0.184526,0.760482,1.25401,-0.573948,0.0842416,4121.27,0
0.185222,0.766088,1.18605,-0.499516,0.0855445,4136.05,0
0.185913,0.770507,1.14896,-0.494476,0.0836464,4144.46,0
0.1866,0.747332,1.12054,-0.513491,0.0820289,4004.99,0
0.187304,0.778493,1.09659,-0.469274,0.0874214,4156.31,0
0.18799,0.7932,1.04312,-0.49439,0.0905423,4219.37,0
0.188688,0.838656,1.0579,-0.460146,0.0966668,4444.68,0
0.189359,0.839423,1.04618,-0.491812,0.0937947,4432.98,0
0.190053,0.769701,1.03014,-0.44639,0.0787496,4049.94,0
0.190743,0.803548,1.00128,-0.433689,0.0856829,4212.72,0
0.191429,0.797745,0.981548,-0.437586,0.0862603,4167.32,0
0.192113,0.830441,0.970056,-0.439596,0.0885216,4322.67,0
0.192798,0.858769,1.01347,-0.381969,0.0913918,4454.24,0
0.193494,0.873326,0.972157,-0.303207,0.0941654,4513.46,0
0.194203,0.926733,0.888872,-0.32249,0.0985731,4771.99,0
0.194897,0.921072,0.844997,-0.29072,0.107139,4725.96,0
0.195566,0.923824,0.774962,-0.312436,0.111403,4723.84,0
0.196266,0.97382,0.722964,-0.40257,0.120667,4961.75,0
0.196961,0.924015,0.653163,-0.429439,0.10861,4691.37,0
0.197649,0.962499,0.677275,-0.419603,0.114266,4869.73,0
0.198354,1.03788,0.677791,-0.407807,0.126786,5232.48,0
0.199052,1.09784,0.700756,-0.461935,0.134875,5515.34,0
0.199723,1.09284,0.699625,-0.42978,0.128948,5471.76,0
0.200417,1.13386,0.67738,-0.509394,0.135796,5657.48,0
0.201095,1.12933,0.667819,-0.402739,0.131349,5615.92,0
0.201775,1.15091,0.673847,-0.405969,0.131826,5703.96,0
0.202467,1.17739,0.674357,-0.349836,0.135527,5815.25,0
0.203164,1.21337,0.602229,-0.390878,0.14748,5972.39,0
0.203847,1.20917,0.644236,-0.381422,0.144404,5931.73,0
0.204532,1.21132,0.701498,-0.394905,0.141043,5922.37,0
0.205223,1.23553,0.676671,-0.447283,0.145005,6020.42,0
0.205929,1.21609,0.651675,-0.452414,0.142372,5905.38,0
0.206619,1.21626,0.643771,-0.421792,0.149032,5886.48,0
0.207305,1.25966,0.725817,-0.47387,0.155144,6076.37,0
0.207998,1.29461,0.746245,-0.463453,0.157193,6224.15,0
0.208684,1.27444,0.729877,-0.512474,0.150477,6107.03,0
0.209361,1.20669,0.691357,-0.507812,0.135533,5763.66,0
0.210045,1.25479,0.724958,-0.549467,0.140597,5973.88,0
0.210718,1.188,0.705879,-0.520298,0.128137,5637.86,0
0.211416,1.18028,0.692035,-0.554862,0.122629,5582.74,0
0.212101,1.17679,0.731988,-0.546701,0.120885,5548.23,0
0.212799,1.21323,0.69941,-0.489839,0.122882,5701.28,0
0.213485,1.19006,0.701526,-0.505131,0.119324,5574.44,0
0.214177,1.13958,0.67539,-0.506513,0.108482,5320.73,0
0.214885,1.10474,0.665964,-0.546565,0.103777,5141.08,0
0.215565,1.13885,0.723019,-0.57086,0.110255,5283.09,0
0.216263,1.11492,0.725484,-0.601269,0.110957,5155.4,0
0.216937,1.10952,0.762302,-0.622274,0.112255,5114.47,0
0.217634,1.1881,0.732715,-0.568152,0.132722,5459.16,0
0.218304,1.22237,0.767175,-0.531258,0.141161,5599.38,0
0.218983,1.13264,0.733371,-0.573253,0.119055,5172.29,0
0.219682,1.13495,0.717385,-0.617672,0.116774,5166.31,0
0.220384,1.13751,0.807553,-0.707921,0.113828,5161.49,0
0.221077,1.17261,0.836503,-0.726158,0.127209,5304.09,0
0.221773,1.20912,0.811729,-0.75262,0.126535,5452.06,0
0.222451,1.18244,0.787517,-0.725867,0.12001,5315.53,0
0.223133,1.21927,0.783362,-0.752255,0.122,5464.33,0
0.22383,1.24577,0.704842,-0.762564,0.125816,5565.68,0
0.22452,1.15839,0.709067,-0.742787,0.107308,5159.4,0
0.225221,1.11961,0.722231,-0.737118,0.0956024,4971.15,0
0.2259,1.09427,0.708715,-0.774102,0.0924795,4844.04,0
0.226585,1.11598,0.725035,-0.730871,0.096799,4925.21,0
0.22727,1.06889,0.702177,-0.710462,0.0860523,4703.18,0
0.227962,1.05885,0.694945,-0.727252,0.0858301,4644.88,0
0.228659,1.0434,0.676047,-0.736058,0.0800416,4563.12,0
0.229356,1.03828,0.658206,-0.709496,0.0777942,4526.94,0
0.230053,1.02635,0.673038,-0.74655,0.0731251,4461.38,0
0.23074,1.00259,0.687486,-0.780712,0.0673674,4345.09,0
0.231438,0.97561,0.702923,-0.743564,0.062179,4215.42,0
0.232136,1.01185,0.704125,-0.745267,0.0682932,4358.84,0
0.232835,1.02676,0.679622,-0.74512,0.0721974,4409.82,0
0.23352,0.996481,0.61505,-0.813343,0.0669767,4267.22,0
0.234216,1.03152,0.544528,-0.810536,0.0714366,4404.13,0
0.234901,1.06504,0.505903,-0.790189,0.0762192,4533.97,0
0.235606,1.14617,0.458731,-0.739742,0.0953129,4864.79,0
0.236294,1.14758,0.395304,-0.752729,0.0950339,4856.58,0
0.236977,1.10733,0.364235,-0.742679,0.0830678,4672.73,0
0.237659,1.06031,0.403133,-0.746393,0.0752309,4461.49,0
0.238347,1.1181,0.412558,-0.725704,0.0833869,4691.07,0
0.239025,1.12878,0.463555,-0.734279,0.0876885,4722.41,0
0.239729,1.11663,0.557431,-0.753717,0.0821951,4657.87,0
0.240422,1.08069,0.561693,-0.766725,0.0774687,4494.97,0
0.241099,1.11083,0.51019,-0.751719,0.0827298,4607.34,0
0.241799,1.14131,0.488445,-0.685075,0.0860598,4720.05,0
0.242511,1.12515,0.455106,-0.61848,0.0797317,4639.6,0
0.243213,1.12431,0.43543,-0.62104,0.0794734,4622.72,0
0.243896,1.15002,0.488491,-0.632368,0.0847669,4715.23,0
0.244592,1.21812,0.502949,-0.671187,0.0976392,4980.21,0
0.245277,1.23555,0.480476,-0.661581,0.0962048,5037.35,0
0.245981,1.2153,0.472785,-0.66237,0.095049,4940.61,0
0.246671,1.13484,0.444479,-0.672712,0.082955,4600.63,0
0.247382,1.15453,0.466888,-0.768778,0.0857074,4666.98,0
0.248065,1.18319,0.450584,-0.754812,0.0869374,4769.7,0
0.248758,1.2204,0.49842,-0.77508,0.0946476,4905.97,0
0.249461,1.18723,0.531044,-0.740787,0.0872916,4759.17,0
0.250172,1.21868,0.490726,-0.716872,0.098312,4871.36,0
0.250862,1.26986,0.419072,-0.68148,0.106262,5062.01,0
0.251561,1.26743,0.412403,-0.665089,0.102083,5038.28,0
0.252257,1.25358,0.410583,-0.641528,0.101395,4969.46,0
0.252965,1.17173,0.381345,-0.646901,0.0789144,4631.98,0
0.253644,1.12793,0.378844,-0.691461,0.0691634,4446.89,0
0.254314,1.09657,0.401113,-0.716991,0.0566476,4311.87,0
0.255006,1.01936,0.364674,-0.706254,0.0405624,3997.39,0
0.255707,0.989154,0.362375,-0.728225,0.0337897,3868.31,0
0.256384,0.95151,0.387498,-0.707613,0.0266656,3711.27,0
0.257063,0.930362,0.411277,-0.725112,0.0229365,3619.2,0
0.257755,0.939043,0.397101,-0.684629,0.0246419,3643.16,0
0.258459,0.959122,0.411908,-0.689106,0.0285907,3710.92,0
0.259147,0.947799,0.377218,-0.743684,0.0277821,3657.37,0
0.259852,0.950521,0.390157,-0.730032,0.0282575,3657.93,0
0.260546,0.935936,0.393363,-0.688819,0.025038,3592.22,0
0.261227,0.922642,0.447044,-0.705468,0.0231796,3531.96,0
0.261918,0.943843,0.49148,-0.690759,0.0281391,3603.57,0
0.262597,0.937558,0.507364,-0.664652,0.0272369,3570.33,0
0.263293,0.929956,0.483101,-0.672996,0.0248134,3532.02,0
0.263991,0.914099,0.490424,-0.689801,0.0210403,3462.61,0
0.264696,0.910612,0.512884,-0.676831,0.0209881,3440.21,0
0.265398,0.890379,0.511433,-0.674202,0.0167531,3354.87,0
0.266099,0.949477,0.495661,-0.679839,0.030562,3568.14,0
0.266782,0.930276,0.51182,-0.641306,0.0260808,3487.03,0
0.267463,0.929703,0.509923,-0.61185,0.0247233,3476.01,0
0.268138,0.904405,0.504398,-0.605009,0.0185598,3372.91,0
0.268814,0.901526,0.463085,-0.615575,0.0172387,3353.72,0
0.269524,0.92883,0.41181,-0.630195,0.0233977,3446.19,0
0.270195,0.93382,0.410744,-0.649008,0.0239762,3456.09,0
0.270879,0.978877,0.406752,-0.645258,0.0342263,3613.7,0
0.27157,1.04592,0.380066,-0.666253,0.047042,3851.37,0
0.272277,1.06911,0.417275,-0.674594,0.0505853,3926.55,0
0.272971,1.07475,0.437322,-0.616923,0.0508864,3937.24,0
0.273645,1.04792,0.445966,-0.557364,0.0478963,3829.49,0
0.274335,1.02811,0.463475,-0.596493,0.0457949,3747.65,0
0.275026,1.03514,0.489217,-0.584082,0.0498577,3763.79,0
0.275713,1.05174,0.508585,-0.613972,0.05417,3814.61,0
0.276402,1.05829,0.511526,-0.588161,0.0547657,3828.8,0
0.277101,1.05595,0.4801,-0.622281,0.053197,3810.71,0
0.277785,1.06541,0.482907,-0.672919,0.0578434,3835.38,0
0.278481,1.098,0.472563,-0.70154,0.0653015,3942.83,0
0.279174,1.06659,0.465712,-0.726953,0.057702,3820.52,0
0.279874,1.04911,0.445044,-0.739246,0.0584823,3748.51,0
0.280555,1.02608,0.46348,-0.782894,0.0518603,3657.32,0
0.28125,1.02351,0.528445,-0.760119,0.0497577,3639.16,0
0.281946,1.04039,0.545879,-0.796095,0.0544048,3690.02,0
0.282644,0.972789,0.525641,-0.754612,0.0416777,3441.75,0
0.283332,0.930418,0.517486,-0.76755,0.0328942,3283.84,0
0.284027,0.965916,0.486912,-0.717183,0.0411156,3400.79,0
0.28473,0.948339,0.44154,-0.746064,0.0383613,3330.66,0
0.285408,0.941215,0.457941,-0.797974,0.0345822,3297.79,0
0.286111,0.902772,0.452992,-0.756025,0.0279168,3155.31,0
0.286818,0.926246,0.438026,-0.717906,0.0329866,3229.39,0
0.287517,0.950791,0.440681,-0.746826,0.0382678,3306.9,0
0.288201,0.916253,0.452936,-0.754746,0.0288831,3179.22,0
0.288897,0.913129,0.411191,-0.75121,0.0294585,3160.75,0
0.289576,0.871312,0.38873,-0.773378,0.0211901,3008.93,0
0.290265,0.875464,0.38154,-0.768401,0.0219303,3016.08,0
0.290965,0.884202,0.364658,-0.755127,0.024604,3038.86,0
0.291644,0.884618,0.380757,-0.752602,0.0249818,3033.21,0
0.292335,0.891314,0.419076,-0.746743,0.0256814,3048.94,0
0.293026,0.909173,0.452319,-0.72676,0.0297692,3102.71,0
0.293715,0.932815,0.435737,-0.7266,0.0345022,3175.91,0
0.294407,0.937559,0.438432,-0.76969,0.0377453,3184.56,0
0.295112,0.910888,0.464249,-0.813828,0.0333047,3086.58,0
0.295794,0.916609,0.46333,-0.846088,0.0355616,3098.81,0
0.296481,0.943155,0.500225,-0.903447,0.0410277,3181.16,0
0.297181,0.955589,0.538133,-0.9349,0.0432673,3215.51,0
0.29787,0.978446,0.621934,-0.942296,0.0503131,3284.81,0
0.298544,0.945744,0.607165,-0.961949,0.0441341,3167.85,0
0.299237,0.969961,0.605124,-0.949463,0.0498399,3241.45,0
0.299918,0.984355,0.630674,-0.961596,0.0484005,3282.08,0
0.300612,0.964741,0.714381,-0.969735,0.0451826,3209.26,0
0.301315,0.943545,0.719731,-0.960166,0.0385293,3131.43,0
0.301996,0.948211,0.682184,-0.976503,0.0427924,3139.81,0
0.302685,0.893261,0.669532,-1.01216,0.0315488,2951.13,0
0.303372,0.920626,0.676623,-0.988667,0.035944,3034.65,0
0.304058,0.88568,0.683651,-0.982037,0.0280548,2912.86,0
0.304752,0.896759,0.640677,-0.98969,0.0304074,2942.58,0
0.305443,0.925281,0.66098,-0.99029,0.0356876,3029.3,0
0.306121,0.944524,0.643187,-0.955921,0.0414647,3085.46,0
0.306819,0.960159,0.629183,-0.916871,0.0449128,3129.4,0
0.307511,1.02885,0.641479,-0.911409,0.0577359,3345.72,0
0.308227,1.05955,0.616033,-0.910173,0.0620853,3437.57,0
0.308905,1.0513,0.576441,-0.901103,0.0607638,3403.32,0
0.309596,0.992458,0.614364,-0.94291,0.0507547,3205.66,0
0.31029,0.976922,0.628787,-0.92743,0.0460631,3148.42,0
0.310992,0.993803,0.606659,-0.920637,0.0486545,3195.59,0
0.311683,1.02074,0.586846,-0.89503,0.0579623,3274.92,0
0.312376,1.06929,0.535025,-0.904863,0.0682646,3423.09,0
0.313078,1.07854,0.505752,-0.921345,0.0667156,3444.94,0
0.31377,1.12305,0.470155,-0.941069,0.0760517,3579.22,0
0.314469,1.14389,0.403862,-0.968651,0.0842288,3637.52,0
0.315156,1.1671,0.38237,-0.951444,0.0857629,3703.24,0
0.315826,1.15051,0.335288,-1,0.079563,3642.86,0
0.316508,1.16902,0.289593,-1.07582,0.0862362,3693.51,0
0.317195,1.17308,0.290043,-1.09173,0.0896142,3698.29,0
0.317888,1.19581,0.308485,-1.1072,0.0973661,3761.72,0
0.318565,1.18425,0.309493,-1.16799,0.0911781,3717.46,0
0.319275,1.16968,0.274888,-1.13925,0.0884327,3663.53,0
0.319986,1.19071,0.275403,-1.17841,0.095655,3721.14,0
0.320681,1.24176,0.331707,-1.16956,0.10603,3872.27,0
0.321359,1.23277,0.34439,-1.13272,0.0966172,3836.13,0
0.322046,1.26517,0.337051,-1.11722,0.106451,3928.53,0
0.322731,1.3114,0.410543,-1.09345,0.108516,4063.45,0
0.323441,1.2404,0.371024,-1.08213,0.0923428,3835.01,0
0.324147,1.19885,0.356433,-1.10079,0.0845491,3698.47,0
0.324851,1.20243,0.336059,-1.16573,0.0874748,3701.47,0
0.325541,1.26394,0.348278,-1.15677,0.097323,3882.59,0
0.326234,1.32283,0.300457,-1.15262,0.111116,4054.83,0
0.326922,1.34461,0.251798,-1.19906,0.113602,4112.94,0
0.327619,1.38064,0.229939,-1.16165,0.116993,4214.16,0
0.328303,1.38716,0.238599,-1.22473,0.116553,4225.26,0
0.328969,1.37728,0.234123,-1.22667,0.111129,4186.66,0
0.329678,1.39997,0.260335,-1.24155,0.114031,4246.48,0
0.330374,1.42539,0.162695,-1.19656,0.118398,4314.48,0
0.331066,1.40627,0.156383,-1.19481,0.108073,4247.71,0
0.331752,1.40021,0.15221,-1.13727,0.112086,4220.65,0
0.332434,1.40388,0.155668,-1.14703,0.110685,4223.02,0
0.333118,1.41127,0.158853,-1.16233,0.111065,4236.53,0
0.33382,1.49173,0.220148,-1.14524,0.1247,4468.67,0
0.334519,1.47516,0.250709,-1.03534,0.125338,4409.8,0
0.335206,1.48612,0.199148,-1.04994,0.125507,4433.45,0
0.335901,1.48585,0.12805,-1.07261,0.12806,4423.48,0
0.336584,1.56846,0.143882,-1.08977,0.144476,4659.94,0
0.337276,1.49911,0.233717,-1.113,0.135435,4444.77,0
0.337975,1.57698,0.283815,-1.07742,0.15277,4665.95,0
0.338666,1.63435,0.328856,-1.0014,0.165065,4825.86,0
0.339364,1.63142,0.306693,-1.07379,0.157519,4807.29,0
0.340059,1.7367,0.30176,-1.03415,0.183293,5107.05,0
0.340745,1.78582,0.364628,-1.05469,0.188002,5240.92,0
0.341429,1.75878,0.324579,-1.03186,0.185226,5151.22,0
0.342111,1.75503,0.322237,-1.0465,0.181984,5129.99,0
0.3428,1.77884,0.350557,-0.954314,0.186633,5189.15,0
0.343499,1.79524,0.278281,-0.966416,0.196501,5226.35,0
0.34418,1.84842,0.280811,-0.966805,0.206133,5370.51,0
0.344863,1.81953,0.28341,-1.04333,0.203294,5276.09,0
0.345534,1.81784,0.380258,-1.04321,0.20461,5260.95,0
0.346212,1.79159,0.460722,-1.05024,0.203028,5174.83,0
0.346908,1.81371,0.456531,-0.944138,0.210055,5228.23,0
0.347607,1.83542,0.417194,-0.951369,0.221604,5280.17,0
0.348304,1.86242,0.402614,-0.927087,0.227359,5347.11,0
0.34898,1.9043,0.342015,-0.977589,0.237563,5456.76,0
0.349673,1.83961,0.299535,-0.953395,0.227964,5260.94,0
0.350369,1.74293,0.273892,-0.892067,0.214049,4974.56,0
0.351053,1.74809,0.226526,-0.912346,0.214315,4979.58,0
0.351727,1.75002,0.281091,-0.861475,0.210634,4975.51,0
0.352428,1.75646,0.291569,-0.894374,0.209782,4983.89,0
0.353117,1.76263,0.249441,-0.916322,0.212844,4991.64,0
0.353803,1.76726,0.238257,-0.884003,0.214438,4995.04,0
0.354485,1.7937,0.165016,-0.88987,0.216242,5060.01,0
0.355179,1.8389,0.0965007,-0.92606,0.21762,5177.4,0
0.355849,1.90475,0.0619039,-0.897817,0.22541,5352.67,0
0.356546,1.95646,0.0784098,-0.912051,0.230373,5487.28,0
0.357246,1.92585,0.0612731,-0.91172,0.221846,5390.81,0
0.357942,1.84499,0.0952555,-0.924961,0.200843,5154.44,0
0.358633,1.81667,0.0457144,-0.914008,0.195633,5065.53,0
0.359329,1.79281,0.0512407,-0.863063,0.192778,4989.32,0
0.360033,1.765,0.0514876,-0.839853,0.191585,4902.33,0
0.360722,1.69507,0.0364076,-0.725771,0.183152,4699.11,0
0.361405,1.736,-0.0318626,-0.684011,0.188337,4803.47,0
0.362102,1.73533,0.0681008,-0.703865,0.188948,4792.37,0
0.362808,1.78202,0.0486335,-0.701906,0.195289,4911.73,0
0.363492,1.75722,0.0912773,-0.7627,0.190942,4834.27,0
0.364182,1.70421,0.0962061,-0.789155,0.182478,4679.55,0
0.364859,1.66334,0.0418954,-0.762815,0.176448,4558.86,0
0.365545,1.66067,0.0996256,-0.723996,0.175562,4543,0
0.366236,1.71315,0.12586,-0.674712,0.188074,4677.71,0
0.366923,1.81236,0.0629353,-0.660297,0.191801,4939.35,0
0.367603,1.77745,0.0336493,-0.644539,0.184704,4835.25,0
0.368279,1.75455,0.0420175,-0.651441,0.183267,4764.18,0
0.368955,1.75186,-0.00176022,-0.650192,0.175334,4748.18,0
0.369656,1.68191,-0.0283421,-0.675902,0.163904,4549.93,0
0.370345,1.71356,-0.0768279,-0.622431,0.166908,4626.94,0
0.371034,1.73624,-0.0906603,-0.501414,0.173099,4679.46,0
0.371722,1.78627,-0.0726045,-0.46874,0.188917,4805.38,0
0.372433,1.82236,0.00917794,-0.440108,0.189969,4893.14,0
0.373118,1.82456,0.00722771,-0.42289,0.206463,4890.04,0
0.373818,1.82095,-0.00384102,-0.498641,0.220455,4871.21,0
0.37451,1.79219,-0.0330117,-0.476335,0.220306,4785.43,0
0.375191,1.78265,0.0172961,-0.535382,0.223923,4751.31,0
0.375879,1.7761,0.00463916,-0.554588,0.225577,4725.18,0
0.376568,1.78382,0.012208,-0.613435,0.225388,4737.06,0
0.377259,1.76401,0.0266305,-0.631538,0.213264,4675.86,0
0.37793,1.76799,-0.00758986,-0.537681,0.20836,4678.09,0
0.37859,1.78786,0.0752866,-0.465247,0.209851,4722.4,0
0.379273,1.83593,0.0972398,-0.465063,0.212413,4840.66,0
0.379965,1.82275,0.111046,-0.445922,0.212221,4797.14,0
0.38066,1.84433,0.135709,-0.377155,0.216507,4845.07,0
0.381357,1.87968,0.131175,-0.407669,0.220594,4928.93,0
0.382032,1.93076,0.23134,-0.346897,0.229199,5053.92,0
0.382712,2.01504,0.194535,-0.330809,0.237623,5265.15,0
0.383389,1.97901,0.229439,-0.431596,0.232867,5161.89,0
0.3841,1.90411,0.234161,-0.409426,0.219304,4957.33,0
0.384799,1.87366,0.279583,-0.390127,0.211849,4869.2,0
0.385509,1.91519,0.25083,-0.386348,0.223233,4967.94,0
0.386183,1.9434,0.365292,-0.384209,0.230638,5032.33,0
0.386866,1.94936,0.326427,-0.337869,0.229342,5038.85,0
0.387558,1.95417,0.278385,-0.374834,0.226324,5042.28,0
0.388248,2.02095,0.308271,-0.409408,0.229553,5205.3,0
0.388945,2.00271,0.336557,-0.415499,0.226422,5149.08,0
0.389626,2.03982,0.280111,-0.376435,0.237358,5235.33,0
0.390306,1.99516,0.296513,-0.346354,0.230533,5111.8,0
0.390995,1.97339,0.367165,-0.317926,0.223527,5047.1,0
0.391679,2.04586,0.328017,-0.338099,0.227132,5223.3,0
0.392374,2.08426,0.365704,-0.400228,0.233457,5311.92,0
0.393071,2.08572,0.326194,-0.342553,0.230774,5306.21,0
0.393778,1.97995,0.293833,-0.325174,0.211841,5028.09,0
0.394471,2.01176,0.257544,-0.347637,0.211653,5099.89,0
0.395167,1.97322,0.290192,-0.306763,0.199019,4993.38,0
0.395848,1.99647,0.337349,-0.29449,0.201741,5043.52,0
0.396536,1.90877,0.273552,-0.298856,0.17852,4813.62,0
0.397226,1.93098,0.199027,-0.199976,0.17407,4861.16,0
0.397919,1.94651,0.235904,-0.136211,0.183223,4891.73,0
0.398621,1.99558,0.245204,-0.118072,0.201978,5006.22,0
0.39931,2.02993,0.232845,-0.12956,0.212626,5083.58,0
0.399991,2.072,0.177132,-0.217517,0.222849,5180.11,0
0.400698,2.069,0.210161,-0.238531,0.226417,5163.48,0
0.401404,2.04672,0.268837,-0.287222,0.219315,5098.9,0
0.402096,2.18046,0.262048,-0.309388,0.233736,5422.74,0
0.402783,2.12611,0.268645,-0.228665,0.218329,5278.56,0
0.403474,2.08524,0.281511,-0.117825,0.210004,5168.22,0
0.404168,2.02761,0.276866,-0.0809294,0.203261,5016.73,0
0.404855,2.01648,0.311381,-0.0764761,0.200292,4980.76,0
0.405546,2.05979,0.247726,-0.121791,0.215103,5079.05,0
0.40624,1.94731,0.303379,-0.096381,0.190563,4793.49,0
0.406924,1.98934,0.264736,-0.0558079,0.196671,4888.73,0
0.407614,1.99639,0.314554,0.0223542,0.203443,4897.76,0
0.408314,2.05881,0.320441,0.139859,0.215253,5042.23,0
0.409015,2.01419,0.317751,0.15104,0.20395,4924.47,0
0.409711,2.05715,0.343928,0.119608,0.212201,5020.99,0
0.410395,2.05812,0.249709,0.152747,0.208338,5014.97,0
0.411094,2.02826,0.194198,0.161666,0.203017,4933.8,0
0.411785,1.9357,0.158934,0.0822345,0.172344,4700.76,0
0.412491,1.9398,0.213006,0.104487,0.171588,4702.64,0
0.413178,1.92534,0.208117,0.136414,0.163056,4659.84,0
0.413881,1.90976,0.289837,0.114758,0.153803,4614.27,0
0.414576,1.95938,0.355416,0.152626,0.163911,4726.23,0
0.415269,1.91577,0.384549,0.104674,0.154576,4613.32,0
0.415932,1.9126,0.341857,0.130319,0.151783,4598.36,0
0.416628,1.91785,0.389932,0.144289,0.151699,4603.27,0
0.417332,1.99401,0.459039,0.190882,0.16386,4778,0
0.418019,2.00048,0.527885,0.184817,0.171431,4785.62,0
0.418729,2.04901,0.490616,0.142176,0.17782,4893.4,0
0.419435,2.05958,0.436507,0.124502,0.172028,4910.37,0
0.420127,2.02295,0.425232,0.181889,0.1631,4815.1,0
0.420812,1.99298,0.393791,0.141828,0.159093,4736.03,0
0.421513,2.05725,0.400862,0.19853,0.171339,4880.62,0
0.422205,2.14085,0.445773,0.142603,0.197597,5070.63,0
0.422891,2.1537,0.501975,0.18991,0.203145,5092.79,0
0.423579,2.10597,0.516684,0.140954,0.18942,4971.85,0
0.424246,2.10219,0.472045,0.103796,0.189159,4955.12,0
0.424932,2.14273,0.518417,0.132833,0.195357,5042.52,0
0.425634,2.18541,0.49582,0.168756,0.205116,5134.49,0
0.426323,2.18056,0.4223,0.173693,0.201883,5114.8,0
0.427028,2.11946,0.420359,0.188487,0.192843,4963.28,0
0.427728,2.08066,0.420727,0.151688,0.188843,4864.44,0
0.428426,2.05835,0.40808,0.143531,0.189452,4804.46,0
0.429113,2.04233,0.412118,0.152532,0.187462,4759.42,0
0.429793,1.98996,0.396292,0.18215,0.177276,4630.05,0
0.430464,2.03273,0.448819,0.238751,0.17906,4722.19,0
0.431174,2.12313,0.481522,0.305445,0.193128,4924.06,0
0.431861,2.15275,0.433824,0.246907,0.203794,4984.82,0
0.432545,2.15446,0.455086,0.236876,0.203429,4980.88,0
0.433222,2.1521,0.479329,0.258127,0.197844,4967.66,0
0.433911,2.13419,0.443251,0.290835,0.193132,4918.5,0
0.434604,2.13453,0.452818,0.247084,0.196609,4911.44,0
0.435287,2.1612,0.450124,0.291961,0.203242,4964.99,0
0.435977,2.07672,0.474258,0.278674,0.184168,4763.37,0
0.436666,2.04556,0.515912,0.256466,0.170217,4684.49,0
0.437363,2.12792,0.530764,0.176187,0.176976,4865.34,0
0.438052,2.14108,0.501391,0.155795,0.178377,4887.71,0
0.43874,2.25846,0.469351,0.115029,0.207665,5147.61,0
0.439436,2.28519,0.490732,0.0623514,0.204994,5200.28,0
0.440124,2.34654,0.506813,0.0818147,0.215979,5331.53,0
0.440813,2.38849,0.451303,0.0974667,0.228636,5418.38,0
0.441506,2.35575,0.412561,0.215426,0.220299,5335.71,0
0.442198,2.27938,0.454312,0.225504,0.19596,5154.66,0
0.442883,2.33718,0.473053,0.233922,0.204147,5277.21,0
0.443571,2.30641,0.405255,0.244618,0.19464,5199.65,0
0.444273,2.27119,0.330303,0.220509,0.189725,5112.16,0
0.444961,2.3445,0.286783,0.21191,0.199592,5269.01,0
0.445655,2.39749,0.29459,0.197203,0.213203,5379.69,0
0.446331,2.37581,0.326412,0.226919,0.200014,5322.97,0
0.447025,2.33273,0.422599,0.286569,0.18615,5218.34,0
0.447727,2.25509,0.413327,0.316365,0.16663,5036.76,0
0.448421,2.29804,0.433172,0.344922,0.174213,5124.74,0
0.449101,2.24011,0.451005,0.35392,0.167675,4987.98,0
0.44978,2.17458,0.502627,0.400724,0.158735,4834.76,0
0.450475,2.15618,0.551513,0.346866,0.148857,4786.45,0
0.451163,2.14074,0.522116,0.332767,0.141061,4744.94,0
0.451853,2.12741,0.470323,0.389417,0.139525,4708.18,0
0.452546,2.09673,0.47509,0.4249,0.136178,4633.19,0
0.453234,2.12952,0.460881,0.463116,0.141533,4698.51,0
0.453916,2.05566,0.445369,0.462903,0.128477,4528.72,0
0.45462,2.09281,0.485742,0.379857,0.128882,4603.42,0
0.455312,2.13774,0.521292,0.295332,0.135737,4695.11,0
0.456019,2.13013,0.568006,0.305876,0.137766,4671.16,0
0.456722,2.14002,0.567933,0.281836,0.14781,4685.61,0
0.457415,2.18514,0.566403,0.218421,0.149847,4777.15,0
0.45811,2.25076,0.538606,0.160509,0.161265,4913.14,0
0.458799,2.26689,0.466688,0.140928,0.158383,4940.91,0
0.459503,2.16403,0.435585,0.107406,0.138452,4709.5,0
0.460199,2.18879,0.418543,0.0828536,0.151568,4756.18,0
0.460875,2.15468,0.390042,0.083383,0.146208,4675.2,0
0.461559,2.18769,0.366678,0.126919,0.151959,4739.79,0
0.462244,2.1987,0.406118,0.0948563,0.155317,4756.57,0
0.462933,2.19065,0.423662,0.124837,0.151097,4732.1,0
0.463625,2.15691,0.391296,0.150223,0.144948,4652.27,0
0.464311,2.21959,0.41636,0.155757,0.154945,4780.4,0
0.465003,2.26625,0.33456,0.156441,0.159425,4873.63,0
0.465683,2.22217,0.366189,0.124803,0.143547,4771.86,0
0.466378,2.205,0.349491,0.128509,0.137518,4727.93,0
0.46706,2.23111,0.385248,0.153448,0.142851,4776.92,0
0.467754,2.19815,0.395548,0.179902,0.133283,4699.36,0
0.468439,2.28322,0.385429,0.202275,0.152849,4874.11,0
0.469141,2.33261,0.378752,0.293016,0.15921,4972.09,0
0.469832,2.34313,0.389794,0.269615,0.160785,4987.15,0
0.470522,2.3447,0.375117,0.316062,0.161404,4983.2,0
0.471198,2.30638,0.3949,0.337608,0.150823,4894.71,0
0.471891,2.35596,0.371144,0.34654,0.161014,4992.6,0
0.472578,2.32801,0.389076,0.416847,0.15136,4926.2,0
0.473265,2.37843,0.379609,0.424372,0.161822,5025.58,0
0.473955,2.46974,0.368206,0.346171,0.175233,5210.91,0
0.474651,2.44151,0.400602,0.385771,0.170965,5143.81,0
0.475333,2.42944,0.382919,0.379974,0.162846,5111.03,0
0.476013,2.4339,0.300109,0.338508,0.163813,5113.09,0
0.476693,2.40184,0.326071,0.315031,0.153302,5038.54,0
0.477377,2.40059,0.377822,0.339479,0.14425,5028.7,0
0.478072,2.3965,0.39274,0.326907,0.138459,5012.86,0
0.478773,2.40472,0.344861,0.384601,0.138065,5022.68,0
0.479462,2.41731,0.369295,0.364056,0.142929,5041.72,0
0.480165,2.4777,0.390337,0.353872,0.162726,5160.1,0
0.480882,2.51868,0.354846,0.415421,0.180132,5237.62,0
0.481571,2.52344,0.37543,0.375817,0.191729,5240.01,0
0.482287,2.56214,0.390331,0.379424,0.191825,5312.49,0
0.482975,2.56595,0.35822,0.386365,0.185944,5312.8,0
0.483661,2.57516,0.324276,0.448615,0.189178,5324.3,0
0.484365,2.64769,0.387492,0.427992,0.206321,5466.32,0
0.485051,2.65813,0.308391,0.363936,0.20999,5480.1,0
0.485744,2.74264,0.282363,0.404143,0.23176,5646.26,0
0.486456,2.79935,0.32957,0.435004,0.2428,5754.58,0
0.487175,2.85262,0.318068,0.446686,0.254168,5855.44,0
0.487866,2.85583,0.39945,0.43733,0.252276,5853.72,0
0.488562,2.86029,0.249123,0.344629,0.243121,5854.51,0
0.48926,2.94588,0.180901,0.357207,0.272142,6021.09,0
0.489955,3.00851,0.136087,0.255301,0.291019,6140.37,0
0.490633,3.03393,0.178825,0.296611,0.294229,6183.71,0
0.491326,3.10957,0.215946,0.251653,0.318792,6328.93,0
0.492024,3.08983,0.227593,0.278099,0.31285,6279.85,0
0.492722,3.03135,0.135634,0.225244,0.3061,6152.26,0
0.493395,3.07826,0.0550957,0.201438,0.305333,6238.94,0
0.494076,2.97088,0.0710984,0.19916,0.272521,6013,0
0.494768,2.91316,0.091806,0.165416,0.253613,5887.92,0
0.495472,2.86038,0.206241,0.245069,0.231475,5773.03,0
0.496166,2.88714,0.293858,0.189924,0.235103,5818.9,0
0.496835,2.95954,0.323693,0.154921,0.246841,5956.79,0
0.497522,2.93702,0.368049,0.157348,0.239953,5903.3,0
0.498229,2.86858,0.368,0.178244,0.220481,5757.55,0
0.49892,2.91659,0.430146,0.187985,0.240361,5845.79,0
0.499623,2.91191,0.426806,0.130632,0.24115,5828.21,0
0.500307,2.88543,0.420366,0.078812,0.246751,5767.31,0
0.501006,2.90226,0.453817,0.0246338,0.254092,5792.86,0
0.501693,2.94056,0.494239,0.0738317,0.257688,5861.26,0
0.502381,2.88129,0.522629,0.0644644,0.245263,5735.26,0
0.50307,2.78308,0.481435,0.0388887,0.227292,5532.19,0
0.503739,2.84409,0.547711,0.0824579,0.241077,5645.96,0
0.504437,2.92126,0.607951,0.158372,0.253941,5791.13,0
0.505137,2.91782,0.678484,0.187147,0.252491,5776.3,0
0.505813,2.84718,0.650614,0.243592,0.237731,5628.91,0
0.506525,2.83769,0.587162,0.2202,0.228251,5602.27,0
0.507227,2.78704,0.594782,0.234001,0.226373,5494.66,0
0.50791,2.80023,0.641477,0.307524,0.236202,5513.24,0
0.508587,2.73193,0.576337,0.335715,0.213453,5371.61,0
0.509271,2.69249,0.567736,0.308728,0.198513,5286.96,0
0.509977,2.68838,0.611373,0.342749,0.193952,5271.58,0
0.510673,2.59927,0.646573,0.293061,0.178014,5089.9,0
0.511368,2.63118,0.612935,0.223559,0.190849,5145.38,0
0.512055,2.68772,0.561721,0.239223,0.20166,5248.89,0
0.512738,2.66832,0.650208,0.209485,0.189147,5204.06,0
0.513416,2.68012,0.63058,0.2057,0.189284,5220.17,0
0.514108,2.78568,0.610652,0.263347,0.211947,5418.47,0
0.51481,2.85189,0.624653,0.320318,0.218949,5539.7,0
0.515484,2.88413,0.649354,0.349851,0.226816,5594.99,0
0.516177,2.82956,0.673789,0.35257,0.206999,5481.76,0
0.51686,2.79618,0.668834,0.463226,0.199871,5409.94,0
0.517553,2.85908,0.652664,0.412701,0.209498,5524.23,0
0.518235,2.96509,0.695953,0.391399,0.229608,5721.53,0
0.518935,2.92918,0.623752,0.538197,0.216196,5644.6,0
0.519619,3.00757,0.577764,0.515346,0.219481,5788.02,0
0.5203,3.04712,0.468658,0.563615,0.228856,5856.47,0
0.521,3.03171,0.515263,0.539388,0.228258,5819.03,0
0.521696,3.01848,0.475766,0.491605,0.231224,5785.9,0
0.522392,3.06981,0.416598,0.550032,0.236493,5876.44,0
0.523065,3.15598,0.361753,0.553189,0.264717,6033.63,0
0.523742,3.09079,0.370909,0.560935,0.25749,5901.36,0
0.524426,3.00378,0.379734,0.652648,0.244476,5727.75,0
0.52512,2.99915,0.380753,0.632521,0.248186,5711.36,0
0.525811,3.04391,0.34641,0.646823,0.258523,5788.97,0
0.526507,2.9375,0.390238,0.665026,0.231555,5579.23,0
0.527207,2.88272,0.350988,0.663437,0.223141,5467.91,0
0.527894,2.86576,0.436145,0.712404,0.222372,5428.67,0
0.528591,2.82117,0.437944,0.684323,0.19759,5337.14,0
0.529271,2.76199,0.492085,0.688482,0.184805,5218.48,0
0.529956,2.80874,0.474662,0.681289,0.190058,5299.95,0
0.530631,2.87259,0.518579,0.718472,0.200736,5413.54,0
0.531321,2.79401,0.527815,0.658111,0.198364,5258.61,0
0.532016,2.80674,0.557817,0.640252,0.205267,5275.66,0
0.532704,2.82345,0.556733,0.555012,0.202343,5300.22,0
0.533403,2.81913,0.51773,0.572698,0.194808,5285.17,0
0.534098,2.78403,0.642095,0.566268,0.189242,5212.59,0
0.53479,2.84275,0.621118,0.538778,0.201419,5315.64,0
0.535463,2.8638,0.622185,0.553156,0.209694,5348.26,0
0.536152,2.81746,0.616603,0.532328,0.190092,5254.95,0
0.536846,2.77683,0.64129,0.548638,0.181275,5172.48,0
0.537532,2.75165,0.640318,0.553029,0.172715,5119.04,0
0.538217,2.76084,0.726599,0.560818,0.175583,5129.6,0
0.538917,2.71563,0.747324,0.514807,0.172019,5039.06,0
0.539623,2.66801,0.792203,0.574711,0.155174,4944.21,0
0.540315,2.70764,0.804705,0.516733,0.157491,5011.22,0
0.541014,2.74881,0.793045,0.422772,0.163741,5080.85,0
0.541703,2.74326,0.803065,0.416044,0.152376,5064.13,0
0.542397,2.73467,0.822706,0.339635,0.154675,5041.82,0
0.543092,2.7218,0.807866,0.33018,0.146561,5011.67,0
0.543798,2.72086,0.785678,0.304346,0.141873,5003.44,0
0.54449,2.74346,0.738684,0.277975,0.150341,5038.59,0
0.545165,2.78672,0.697657,0.260985,0.151018,5111.7,0
0.545852,2.80169,0.676718,0.321046,0.157166,5132.69,0
0.546535,2.77275,0.636424,0.391569,0.153986,5073.32,0
0.547226,2.77817,0.625706,0.413957,0.158583,5076.82,0
0.547926,2.8054,0.625753,0.427075,0.162353,5120.04,0
0.548623,2.78231,0.536365,0.493109,0.155146,5071.44,0
0.54932,2.70414,0.532861,0.478884,0.137015,4922.69,0
0.550017,2.72443,0.544837,0.478415,0.140267,4953.36,0
0.550712,2.68343,0.568196,0.473703,0.134648,4872.64,0
0.551411,2.73449,0.544951,0.4236,0.147351,4959.08,0
0.552104,2.75923,0.554022,0.360593,0.157445,4997.66,0
0.55279,2.77388,0.433637,0.37432,0.168756,5017.96,0
0.553479,2.75637,0.435499,0.401592,0.161496,4980.08,0
0.554167,2.85703,0.390331,0.378881,0.183805,5155.54,0
0.554871,2.85276,0.327718,0.41565,0.180261,5141.31,0
0.555559,2.84829,0.356304,0.437004,0.182256,5126.89,0
0.556241,2.77541,0.318626,0.399422,0.163104,4989.59,0
0.556934,2.7457,0.305547,0.451488,0.165526,4930.02,0
0.557643,2.70513,0.333418,0.467782,0.159983,4851.01,0
0.558325,2.72694,0.357954,0.482742,0.168351,4884.15,0
0.559019,2.71453,0.390478,0.382175,0.162934,4855.88,0
0.559711,2.73387,0.429546,0.373534,0.167987,4884.44,0
0.560405,2.78786,0.401602,0.282639,0.179651,4974.72,0
0.561085,2.80425,0.439154,0.336345,0.17851,4997.9,0
0.561777,2.79161,0.413258,0.375459,0.178041,4969.26,0
0.562457,2.68226,0.477853,0.391906,0.146003,4768.83,0
0.563143,2.72545,0.425568,0.42959,0.156285,4839.72,0
0.563823,2.78039,0.424514,0.426342,0.172623,4931.32,0
0.564503,2.71424,0.413354,0.495562,0.158605,4808.2,0
0.565191,2.71661,0.497842,0.407932,0.160564,4806.53,0
0.565893,2.71598,0.428018,0.395638,0.150522,4799.46,0
0.566575,2.78015,0.465702,0.417349,0.158111,4906.95,0
0.567267,2.73458,0.383927,0.444216,0.156846,4820.61,0
0.567957,2.6851,0.353957,0.469126,0.149878,4727.65,0
0.568647,2.7501,0.382608,0.418295,0.162788,4836.22,0
0.569335,2.72752,0.451894,0.453524,0.15981,4790.71,0
0.57004,2.71331,0.407667,0.421048,0.157364,4759.86,0
0.570732,2.78066,0.399741,0.44854,0.167835,4872.11,0
0.571423,2.82145,0.433906,0.368488,0.171893,4937.58,0
0.57211,2.84245,0.409457,0.331264,0.171209,4968.36,0
0.572787,2.8125,0.392214,0.395258,0.168189,4910.2,0
0.573482,2.87533,0.384141,0.335451,0.181314,5013.82,0
0.574187,2.8334,0.472775,0.337516,0.169407,4934.63,0
0.574866,2.83879,0.463173,0.308747,0.166497,4938.17,0
0.575573,2.81287,0.462678,0.316681,0.170829,4887.08,0
0.576278,2.78971,0.504933,0.363108,0.165145,4840.91,0
0.576964,2.75102,0.515678,0.349894,0.153708,4768.09,0
0.577629,2.82598,0.489004,0.33916,0.166207,4892.37,0
0.578315,2.77662,0.466921,0.328115,0.159283,4801.22,0
0.579,2.74441,0.478114,0.291081,0.151935,4739.91,0
0.579681,2.66784,0.478547,0.332061,0.136493,4602.26,0
0.580378,2.67005,0.459121,0.350227,0.136935,4600.54,0
0.581074,2.69271,0.368545,0.304349,0.148477,4634.02,0
0.581766,2.72207,0.327245,0.382517,0.151612,4678.97,0
0.58246,2.67064,0.339926,0.420714,0.138252,4585.1,0
0.583178,2.6929,0.429906,0.415656,0.13885,4617.62,0
0.583877,2.73321,0.505071,0.451518,0.154224,4681.15,0
0.584578,2.74295,0.51485,0.484484,0.150002,4692.19,0
0.585282,2.75207,0.501448,0.434245,0.157047,4702.13,0
0.585978,2.81159,0.406658,0.363348,0.171873,4798.11,0
0.586679,2.84966,0.452391,0.371341,0.181006,4857.28,0
0.587364,2.75587,0.508132,0.432024,0.159777,4691.92,0
0.588063,2.70555,0.534746,0.449693,0.158022,4600.79,0
0.588769,2.76698,0.499038,0.532011,0.172093,4699.6,0
0.589462,2.75064,0.416457,0.530133,0.173503,4666.36,0
0.59014,2.72413,0.434783,0.53768,0.160034,4616.08,0
0.590823,2.73681,0.43007,0.602402,0.161763,4632.19,0
0.591531,2.73331,0.393674,0.525402,0.159897,4620.75,0
0.592224,2.81193,0.355714,0.541292,0.173736,4748.09,0
0.59292,2.77434,0.306984,0.51323,0.173454,4679.11,0
0.593626,2.76561,0.33476,0.465814,0.166869,4658.84,0
0.594321,2.73475,0.381579,0.547628,0.160138,4601.46,0
0.595021,2.73083,0.40673,0.568137,0.155563,4589.48,0
0.595708,2.78056,0.394733,0.536157,0.166351,4667.66,0
0.596404,2.82842,0.389989,0.468525,0.178863,4742.45,0
0.597086,2.90515,0.365804,0.475003,0.195142,4865.56,0
0.597774,2.93723,0.403323,0.417053,0.200644,4913.61,0
0.598454,2.94344,0.441625,0.442977,0.206152,4918.41,0
0.599165,2.94406,0.498072,0.394263,0.20355,4913.6,0
0.599864,2.93203,0.431893,0.330259,0.212644,4887.82,0
0.600572,2.87088,0.490497,0.292724,0.198034,4780.25,0
0.60127,2.93737,0.555027,0.341711,0.214587,4885.28,0
0.601951,2.96878,0.52751,0.332573,0.221857,4931.93,0
0.602652,2.96445,0.488558,0.352038,0.218762,4919.01,0
0.603351,2.93176,0.484897,0.255837,0.207864,4859.12,0
0.604031,2.9144,0.494236,0.282222,0.207387,4824.92,0
0.604725,2.96399,0.524563,0.354018,0.210112,4901.39,0
0.605417,2.99743,0.562413,0.334103,0.207999,4951.02,0
0.606097,2.99454,0.579404,0.378375,0.20483,4940.69,0
0.606791,3.01444,0.531108,0.322382,0.21081,4967.84,0
0.607492,3.00897,0.503265,0.239385,0.209383,4953.1,0
0.608182,3.03364,0.510881,0.303031,0.217988,4988.05,0
0.608873,3.02807,0.518835,0.238432,0.206968,4973.23,0
0.609574,3.0753,0.481374,0.235879,0.217639,5045,0
0.610258,3.06442,0.482994,0.256763,0.205994,5021.52,0
0.610964,3.02012,0.480473,0.205533,0.195762,4943.2,0
0.611653,2.97344,0.452877,0.25111,0.185914,4861.32,0
0.612344,2.95933,0.473267,0.197788,0.179956,4832.79,0
0.613046,2.93873,0.466102,0.174178,0.182696,4793.65,0
0.61373,2.89467,0.403677,0.249801,0.179773,4716.52,0
0.614415,2.79702,0.44674,0.27373,0.159825,4552.33,0
0.615114,2.78151,0.467853,0.313624,0.155019,4521.94,0
0.615799,2.8296,0.43401,0.270271,0.161045,4595.01,0
0.616499,2.75908,0.470332,0.227002,0.144074,4475.39,0
0.617178,2.78628,0.504342,0.263145,0.152966,4514.55,0
0.617877,2.83731,0.469681,0.31391,0.166588,4592.03,0
0.618567,2.76264,0.49503,0.29776,0.158966,4466.2,0
0.619246,2.68646,0.542415,0.245338,0.141327,4338.28,0
0.619941,2.7436,0.526114,0.198466,0.156932,4425.59,0
0.620623,2.80044,0.542489,0.17724,0.166786,4512.3,0
0.621303,2.81589,0.559985,0.211775,0.17553,4532.23,0
0.622009,2.81397,0.566155,0.226669,0.176453,4523.99,0
0.622696,2.80399,0.552453,0.222533,0.170517,4502.98,0
0.623397,2.76422,0.578249,0.202494,0.156382,4434.12,0
0.624086,2.75842,0.599202,0.221813,0.155908,4419.93,0
0.624777,2.78391,0.625308,0.195824,0.148571,4455.85,0
0.625452,2.80686,0.61436,0.210948,0.160052,4487.73,0
0.626145,2.87713,0.671045,0.176986,0.172551,4595,0
0.626845,2.82254,0.687717,0.273424,0.167938,4502.77,0
0.62754,2.82938,0.745897,0.189992,0.171284,4508.69,0
0.628236,2.82235,0.770001,0.223148,0.169017,4492.5,0
0.628924,2.78305,0.788382,0.1899,0.161205,4425.09,0
0.629618,2.74451,0.739346,0.194046,0.155023,4359.02,0
0.630294,2.75239,0.734962,0.196874,0.160149,4366.84,0
0.630984,2.70836,0.730308,0.192256,0.146742,4292.28,0
0.631678,2.72343,0.730332,0.271628,0.143457,4311.43,0
0.632392,2.77959,0.742841,0.331079,0.150712,4395.36,0
0.633082,2.77957,0.714731,0.27039,0.14608,4390.55,0
0.63377,2.7567,0.715092,0.33,0.137118,4349.68,0
0.634455,2.78115,0.692751,0.370109,0.137626,4383.52,0
0.635143,2.74584,0.710463,0.388053,0.128541,4323.19,0
0.635824,2.73033,0.746634,0.344876,0.129229,4294.16,0
0.636522,2.75309,0.809425,0.320379,0.134693,4325.21,0
0.637226,2.82641,0.828816,0.334504,0.149464,4435.48,0
0.637911,2.7923,0.867227,0.324538,0.147177,4377.26,0
0.638602,2.7974,0.925072,0.206753,0.149882,4380.5,0
0.639294,2.77744,0.872299,0.25874,0.149371,4344.55,0
0.639988,2.76714,0.944089,0.214991,0.144962,4323.73,0
0.640677,2.82729,0.959248,0.289487,0.160184,4412.97,0
0.641372,2.85258,1.00491,0.280679,0.163725,4447.62,0
0.642062,2.92681,1.04659,0.304133,0.174346,4558.46,0
0.642742,2.94315,1.09873,0.289129,0.180309,4579.06,0
0.643435,2.92973,1.05207,0.235019,0.172084,4553.26,0
0.644117,3.02495,1.09366,0.224898,0.192153,4696.27,0
0.644819,3.01285,1.12567,0.224741,0.192153,4672.4,0
0.645508,3.01855,1.13405,0.228892,0.189341,4676.24,0
0.64619,3.05872,1.21659,0.30084,0.187238,4733.47,0
0.646862,3.12351,1.28599,0.36686,0.194723,4828.71,0
0.647541,3.11447,1.27082,0.434094,0.195098,4809.7,0
0.648248,3.12242,1.22954,0.478109,0.186973,4816.72,0
0.648923,3.19003,1.21593,0.512218,0.208981,4915.89,0
0.649606,3.22187,1.17914,0.502013,0.215023,4959.73,0
0.650278,3.30414,1.14133,0.462232,0.22219,5081.12,0
0.650974,3.37302,1.14824,0.507146,0.220724,5181.49,0
0.65165,3.33573,1.18011,0.52313,0.201413,5118.89,0
0.652337,3.35803,1.12921,0.491231,0.204381,5147.69,0
0.653036,3.43275,1.19201,0.461668,0.214839,5256.6,0
0.653733,3.51507,1.26987,0.442546,0.225922,5376.92,0
0.654417,3.52919,1.30644,0.509589,0.233755,5392.87,0
0.655116,3.53153,1.35928,0.494895,0.234186,5390.7,0
0.655819,3.51266,1.39206,0.547314,0.23426,5356.15,0
0.656505,3.57545,1.29402,0.494387,0.251363,5446.2,0
0.657195,3.5966,1.23279,0.529523,0.254218,5472.66,0
0.657885,3.59889,1.25464,0.531344,0.246292,5470.38,0
0.65857,3.63851,1.24405,0.472728,0.263712,5524.86,0
0.659254,3.6906,1.28598,0.555427,0.280497,5598.14,0
0.659938,3.73258,1.27478,0.591095,0.293691,5655.95,0
0.660652,3.69077,1.23545,0.547625,0.289032,5586.55,0
0.661339,3.6939,1.24761,0.49716,0.288044,5585.48,0
0.662044,3.67063,1.24475,0.492964,0.291974,5544.38,0
0.662733,3.71293,1.25339,0.472979,0.306918,5602.45,0
0.663438,3.71395,1.31416,0.455172,0.303067,5598.04,0
0.664137,3.75152,1.40177,0.556336,0.300905,5648.71,0
0.664813,3.73257,1.33328,0.553455,0.291661,5614.47,0
0.665497,3.72614,1.28221,0.55678,0.279022,5599.04,0
0.666162,3.70423,1.32744,0.553839,0.268165,5560.55,0
0.666863,3.69768,1.42297,0.586298,0.264516,5544.88,0
0.667543,3.74848,1.42401,0.527607,0.287578,5615.34,0
0.668236,3.80713,1.40149,0.468792,0.29892,5697.27,0
0.668941,3.78898,1.39393,0.4181,0.288707,5664.15,0
0.669637,3.7851,1.4572,0.433116,0.289633,5652.47,0
0.670332,3.84923,1.51863,0.457842,0.295092,5742.28,0
0.671031,3.9071,1.54022,0.479434,0.311468,5822.53,0
0.671743,3.91634,1.62155,0.445608,0.318692,5830.12,0
0.672442,3.91609,1.60105,0.514706,0.314328,5823.69,0
0.673138,4.0114,1.61451,0.498605,0.333163,5959.25,0
0.673846,4.07227,1.65683,0.497242,0.341713,6043.32,0
0.674529,4.12214,1.64322,0.423119,0.345398,6111.13,0
0.675211,4.19508,1.63091,0.446618,0.342476,6212.99,0
0.67589,4.21778,1.59046,0.472525,0.340223,6240.33,0
0.676579,4.23777,1.64475,0.481846,0.342383,6263.53,0
0.677263,4.18058,1.63515,0.358657,0.323426,6172.76,0
0.677949,4.18965,1.61891,0.309001,0.306699,6179.89,0
0.678633,4.15311,1.73668,0.307547,0.290424,6119.82,0
0.679301,4.11199,1.73439,0.387154,0.276661,6053.27,0
0.679992,4.15056,1.6683,0.339906,0.262785,6103.84,0
0.680681,4.17823,1.66211,0.389861,0.257107,6138.31,0
0.681393,4.19575,1.74176,0.453838,0.252476,6157.61,0
0.682078,4.18538,1.65982,0.522997,0.249561,6136.22,0
0.682785,4.25976,1.64134,0.524615,0.26571,6238.8,0
0.683485,4.24978,1.70978,0.548676,0.271199,6217.81,0
0.684169,4.29476,1.71453,0.490131,0.272827,6277.33,0
0.684857,4.28309,1.74278,0.513431,0.273021,6253.99,0
0.685542,4.37189,1.82886,0.504298,0.279612,6377.27,0
0.686234,4.29736,1.8284,0.467182,0.270626,6262.24,0
0.686935,4.29153,1.9501,0.365224,0.25964,6247.36,0
0.687625,4.31214,1.95136,0.381793,0.262905,6271.06,0
0.688307,4.25041,1.95951,0.327133,0.251532,6175.17,0
0.689001,4.26415,1.92555,0.356239,0.252391,6188.89,0
0.689679,4.27658,1.84782,0.365843,0.257745,6200.82,0
0.690364,4.28009,1.82927,0.326226,0.25148,6199.76,0
0.691047,4.30295,1.77246,0.33605,0.244265,6226.71,0
0.691749,4.29411,1.72454,0.363695,0.240508,6207.61,0
0.692441,4.28519,1.77403,0.335788,0.246931,6188.53,0
0.693112,4.23705,1.73642,0.328575,0.234938,6113.08,0
0.693808,4.28585,1.76978,0.322987,0.249806,6177.28,0
0.694506,4.30469,1.69198,0.382214,0.255458,6198.21,0
0.695181,4.34651,1.63937,0.292606,0.26069,6252.35,0
0.695863,4.33924,1.67045,0.279575,0.262975,6235.77,0
0.69656,4.32791,1.71715,0.349007,0.259573,6213.26,0
0.69725,4.33195,1.77989,0.423401,0.255475,6212.91,0
0.697948,4.32524,1.80547,0.402411,0.255116,6197.09,0
0.698631,4.32416,1.69312,0.47794,0.257748,6189.47,0
0.699322,4.35837,1.76237,0.500672,0.265977,6232.27,0
0.700003,4.39978,1.74818,0.532767,0.274304,6285.38,0
0.700685,4.41239,1.67485,0.601799,0.287562,6297.26,0
0.701387,4.41762,1.64552,0.685896,0.285265,6298.41,0
0.702069,4.44772,1.5435,0.758925,0.294211,6335.16,0
0.702763,4.35687,1.52763,0.76675,0.27438,6199.63,0
0.703463,4.35669,1.56767,0.753075,0.278072,6193.2,0
0.70415,4.4023,1.61634,0.732765,0.280503,6251.93,0
0.704839,4.47921,1.553,0.714318,0.292352,6354.94,0
0.705524,4.53954,1.52827,0.654566,0.304901,6434.28,0
0.706216,4.45932,1.6024,0.70998,0.277193,6314.38,0
0.706889,4.43576,1.70032,0.748833,0.271286,6275.04,0
0.707579,4.46185,1.71164,0.70808,0.273517,6305.79,0
0.708266,4.53322,1.66927,0.747087,0.287487,6400.44,0
0.708969,4.5293,1.55664,0.823152,0.281802,6388.57,0
0.709646,4.55431,1.50855,0.793557,0.295491,6417.73,0
0.710336,4.58137,1.48354,0.802179,0.293074,6449.58,0
0.710997,4.52669,1.46085,0.704471,0.275507,6366.68,0
0.711688,4.38091,1.44828,0.690779,0.239393,6155.66,0
0.712382,4.3793,1.35751,0.697523,0.231302,6147.41,0
0.713065,4.3573,1.34565,0.6783,0.219796,6110.67,0
0.713762,4.31747,1.40378,0.668348,0.209624,6048.9,0
0.714459,4.37815,1.35692,0.663151,0.22146,6127.92,0
0.71515,4.28766,1.28511,0.706878,0.207777,5995.47,0
0.715844,4.2172,1.27329,0.817766,0.19007,5891.23,0
0.716536,4.14998,1.29086,0.863435,0.178033,5791.73,0
0.717212,4.15672,1.39841,0.79247,0.179701,5795.66,0
0.717895,4.13405,1.30805,0.717522,0.172343,5758.57,0
0.718587,4.14906,1.23039,0.754579,0.174,5773.91,0
0.719272,4.15413,1.23171,0.731109,0.171997,5775.46,0
0.71997,4.16863,1.23317,0.672773,0.176429,5790,0
0.720659,4.13443,1.15388,0.740317,0.176766,5737.02,0
0.721344,4.17595,1.1073,0.72364,0.188187,5789.13,0
0.72204,4.07914,1.14255,0.693563,0.168794,5649.47,0
0.722734,4.016,1.10851,0.587633,0.152676,5556.67,0
0.723435,4.05592,1.17468,0.477154,0.165627,5606.48,0
0.724121,3.98979,1.18028,0.511642,0.149476,5509.83,0
0.724823,4.02494,1.19943,0.479888,0.160732,5552.99,0
0.72551,4.00916,1.2119,0.45271,0.158384,5525.98,0
0.726199,4.1241,1.15159,0.456239,0.181211,5679.02,0
0.726901,4.0584,1.17167,0.519613,0.168018,5583.15,0
0.727592,4.12957,1.23231,0.492238,0.188983,5675.66,0
0.728287,4.06615,1.25927,0.526382,0.179768,5583.17,0
0.728977,4.0197,1.35493,0.568458,0.174374,5514.17,0
0.729675,3.94372,1.36583,0.578665,0.163468,5404.77,0
0.730365,3.91241,1.32882,0.607658,0.145569,5356.79,0
0.731048,3.93666,1.40651,0.631741,0.149762,5384.96,0
0.73174,3.98367,1.44229,0.686645,0.163962,5444.11,0
0.732429,4.03009,1.4391,0.747985,0.17461,5502.37,0
0.733101,4.02694,1.40261,0.796822,0.177509,5493.03,0
0.733773,4.02957,1.42779,0.855116,0.177882,5491.57,0
0.734471,3.95845,1.421,0.894738,0.164649,5389.52,0
0.735157,4.00357,1.43831,0.890657,0.168197,5445.87,0
0.735834,4.00425,1.43593,0.851508,0.167608,5441.78,0
0.736522,4.03308,1.4306,0.851539,0.17742,5475.85,0
0.73721,4.025,1.43468,0.847503,0.180931,5459.78,0
0.737907,3.9703,1.4107,0.83274,0.171319,5380.48,0
0.738596,3.94916,1.38398,0.849958,0.167613,5346.85,0
0.739291,3.93749,1.47082,0.89016,0.169557,5326.04,0
0.73999,3.91974,1.52177,0.779658,0.162644,5297.03,0
0.74066,3.8961,1.50523,0.772639,0.154465,5260.31,0
0.74136,3.85493,1.41963,0.730583,0.143098,5199.8,0
0.742082,3.86272,1.43506,0.723816,0.145434,5205.24,0
0.742761,3.82792,1.46261,0.73773,0.143372,5153.63,0
0.743452,3.80809,1.51983,0.700774,0.136624,5122.18,0
0.744145,3.76056,1.56707,0.639616,0.129362,5053.53,0
0.74485,3.79837,1.60784,0.73429,0.133854,5099.52,0
0.745549,3.81264,1.61331,0.727277,0.133845,5113.87,0
0.746232,3.80598,1.68184,0.694969,0.134489,5100.27,0
0.746925,3.8229,1.6302,0.630992,0.140587,5118.19,0
0.747614,3.87514,1.62189,0.579822,0.146974,5183.34,0
0.748307,3.82812,1.67199,0.56109,0.134256,5115.7,0
0.748982,3.77773,1.61591,0.608383,0.131532,5043.83,0
0.749668,3.72859,1.67573,0.586731,0.117358,4973.66,0
0.750338,3.6465,1.64641,0.616627,0.0989057,4859.81,0
0.751029,3.55825,1.61267,0.63561,0.0826795,4737.83,0
0.751728,3.64362,1.6403,0.62394,0.0948705,4847,0
0.752431,3.6501,1.61906,0.563901,0.0927841,4851.08,0
0.753121,3.60163,1.64752,0.511435,0.088086,4782.28,0
0.753809,3.57977,1.65886,0.559704,0.0865513,4748.9,0
0.754505,3.52411,1.66122,0.602248,0.0720518,4670.76,0
0.7552,3.4783,1.69038,0.571202,0.0656632,4605.8,0
0.755894,3.51004,1.73352,0.533202,0.0742617,4643.56,0
0.756595,3.48026,1.74568,0.513734,0.0702284,4599.91,0
0.757283,3.48385,1.69597,0.526846,0.0678736,4600.45,0
0.757973,3.46913,1.74732,0.526982,0.0649475,4576.85,0
0.758657,3.483,1.77497,0.537402,0.0675313,4591,0
0.759346,3.46883,1.72554,0.533112,0.0628712,4568.18,0
0.760019,3.42749,1.72974,0.544442,0.0569872,4509.74,0
0.76072,3.44759,1.68857,0.540585,0.0603264,4532.02,0
0.761408,3.39338,1.73233,0.557674,0.0495176,4456.72,0
0.762084,3.38095,1.70257,0.587327,0.0462234,4436.45,0
0.76277,3.40581,1.74127,0.581169,0.0531627,4465.06,0
0.763471,3.39153,1.73573,0.568822,0.051714,4442.24,0
0.764158,3.37106,1.71567,0.57501,0.0462841,4411.47,0
0.764841,3.37468,1.74538,0.629541,0.0451736,4412.26,0
0.76553,3.34093,1.77487,0.596315,0.0388653,4364.2,0
0.766209,3.30086,1.82591,0.557622,0.0328514,4308.04,0
0.76689,3.31277,1.8507,0.571642,0.036966,4319.74,0
0.767571,3.2923,1.82648,0.531082,0.0358188,4289.24,0
0.768252,3.27308,1.83463,0.47687,0.0301727,4260.42,0
0.768962,3.29244,1.82885,0.418788,0.0348827,4281.67,0
0.769648,3.26917,1.81606,0.423773,0.0307342,4247.62,0
0.770344,3.26241,1.81553,0.378014,0.0299275,4235,0
0.771042,3.27519,1.7927,0.34134,0.0331078,4247.75,0
0.77174,3.25828,1.77451,0.353057,0.0305239,4221.99,0
0.772448,3.28935,1.79424,0.340075,0.0362576,4258.35,0
0.773121,3.27907,1.75034,0.333221,0.0340055,4241.34,0
0.773815,3.2494,1.72631,0.369767,0.027552,4199.2,0
0.774495,3.24068,1.76031,0.342466,0.0243147,4184.25,0
0.77518,3.2512,1.76635,0.361625,0.024289,4194.12,0
0.775862,3.28191,1.76252,0.363926,0.0301683,4230.03,0
0.776553,3.25661,1.75007,0.337254,0.0236543,4193.68,0
0.77725,3.26428,1.77889,0.337153,0.0253161,4199.78,0
0.777938,3.25057,1.78339,0.329974,0.0211623,4178.44,0
0.778627,3.2477,1.80824,0.333971,0.0201874,4171.06,0
0.779318,3.2248,1.80837,0.309861,0.0145333,4137.97,0
0.780008,3.21048,1.79778,0.293548,0.011878,4115.95,0
0.780699,3.19957,1.82166,0.302009,0.0098211,4098.34,0
0.781408,3.1719,1.83702,0.303531,0.00385265,4059.21,0
0.782098,3.1555,1.83988,0.297977,0.000625394,4034.65,0
0.782803,3.15573,1.8395,0.293558,0.00067243,4031.33,0
0.783499,3.16505,1.8486,0.291788,0.00259383,4039.63,0
0.784198,3.16956,1.8614,0.280241,0.00323868,4041.79,0
0.784895,3.16598,1.8729,0.283656,0.00243774,4033.63,0
0.785597,3.15811,1.87604,0.278713,0.000901143,4020.01,0
0.786279,3.16523,1.8805,0.27516,0.00227622,4025.59,0
0.786974,3.16373,1.87478,0.273779,0.0020209,4020.12,0
0.787669,3.18385,1.86851,0.265936,0.00607802,4042.12,0
0.78836,3.19199,1.8695,0.279075,0.00740159,4048.9,0
0.789051,3.18666,1.87086,0.298358,0.00631278,4038.6,0
0.789748,3.18134,1.8551,0.302454,0.00480929,4028.3,0
0.790427,3.19632,1.83965,0.306882,0.00854654,4043.79,0
0.791118,3.21233,1.84886,0.290786,0.0113211,4060.5,0
0.79181,3.19433,1.84083,0.27065,0.00849782,4034.22,0
0.792485,3.17387,1.84459,0.248889,0.0049762,4004.96,0
0.793191,3.17223,1.86353,0.245643,0.00481578,3999.33,0
0.793899,3.19565,1.85083,0.243599,0.00936042,4025.26,0
0.794601,3.20656,1.86807,0.241811,0.0114342,4035.44,0
0.795299,3.19967,1.90069,0.229554,0.0100806,4023.22,0
0.795993,3.1819,1.93095,0.235095,0.00572189,3997.39,0
0.796682,3.20298,1.93046,0.257707,0.0110446,4020.39,0
0.797374,3.21773,1.91125,0.2389,0.0139316,4035.41,0
0.798063,3.2279,1.89183,0.264065,0.0153265,4044.67,0
0.798754,3.2285,1.85979,0.265815,0.015104,4041.92,0
0.799449,3.22162,1.85884,0.250394,0.0145874,4029.8,0
0.800145,3.21088,1.87147,0.253993,0.0135899,4012.87,0
0.80085,3.19101,1.86998,0.246468,0.0103586,3984.53,0
0.801524,3.19259,1.86608,0.255919,0.0113038,3983.15,0
0.802217,3.19724,1.84126,0.246616,0.0127056,3985.51,0
0.802914,3.22401,1.82584,0.251357,0.0171271,4015.39,0
0.803605,3.23807,1.85227,0.266276,0.017188,4029.43,0
0.8043,3.22138,1.84339,0.248083,0.0134894,4005.2,0
0.804987,3.21869,1.83773,0.229523,0.0132838,3998.44,0
0.805688,3.18667,1.84779,0.241196,0.00629052,3955.22,0
0.806387,3.18111,1.85486,0.259767,0.00542414,3944.89,0
0.80706,3.21669,1.84514,0.265577,0.013189,3985.69,0
0.80774,3.21756,1.82576,0.228825,0.013953,3983.41,0
0.808427,3.25015,1.82044,0.22156,0.0199598,4020.33,0
0.809106,3.26098,1.81621,0.217917,0.0220878,4030.35,0
0.809794,3.26433,1.80603,0.243022,0.0222181,4031.07,0
0.810473,3.2861,1.83131,0.221376,0.0262802,4054.54,0
0.811169,3.28866,1.84888,0.214039,0.02671,4054.23,0
0.811849,3.27747,1.86825,0.212046,0.024165,4037.05,0
0.812547,3.24683,1.86364,0.235043,0.0174581,3995.86,0
0.813236,3.24951,1.84711,0.207879,0.016706,3995.78,0
0.813926,3.25725,1.84583,0.187468,0.0190943,4001.9,0
0.814614,3.27269,1.85292,0.195158,0.0218557,4017.48,0
0.815313,3.29062,1.8608,0.2019,0.0258585,4036.01,0
0.816007,3.33056,1.89122,0.216173,0.0330776,4081.54,0
0.816695,3.32462,1.85621,0.222275,0.0335996,4070.82,0
0.817391,3.30346,1.8788,0.278214,0.0300106,4041.47,0
0.818079,3.29988,1.89802,0.335457,0.0281843,4033.7,0
0.818788,3.31128,1.89377,0.376637,0.0311487,4044.12,0
0.819476,3.29015,1.8772,0.410768,0.0281478,4014.95,0
0.820169,3.27901,1.90424,0.409263,0.0287941,3997.98,0
0.820857,3.31229,1.88828,0.388693,0.0327592,4035.16,0
0.821551,3.35362,1.86817,0.371645,0.0409948,4082.06,0
0.822257,3.38984,1.85409,0.34573,0.0434671,4122.61,0
0.822955,3.38773,1.83278,0.355325,0.0407755,4116.54,0
0.823641,3.44728,1.82068,0.374759,0.0526824,4185.42,0
0.824344,3.47486,1.84767,0.383898,0.0589608,4215.3,0
0.825038,3.45228,1.89287,0.332382,0.0526123,4184.38,0
0.825735,3.44224,1.90435,0.278439,0.0500253,4168.7,0
0.826425,3.42046,1.90587,0.297079,0.0451297,4138.86,0
0.827109,3.4359,1.91999,0.257647,0.0493377,4154.11,0
0.827783,3.39412,1.92402,0.237899,0.0452445,4100.25,0
0.828472,3.40064,1.95931,0.298324,0.0411669,4104.71,0
0.829148,3.38128,1.92196,0.326594,0.0386198,4078.01,0
0.829855,3.41321,1.94027,0.334259,0.0427931,4113.02,0
0.830554,3.3696,1.93278,0.356367,0.0309869,4057.05,0
0.831246,3.35024,1.92479,0.387455,0.0289717,4030.39,0
0.831933,3.32559,1.89826,0.387888,0.0240216,3997.43,0
0.832631,3.31376,1.85917,0.417993,0.0214439,3979.87,0
0.833325,3.28752,1.87769,0.432858,0.0140291,3945.06,0
0.834023,3.25554,1.90036,0.439623,0.00778076,3903.42,0
0.834718,3.24017,1.92232,0.433464,0.00438384,3881.76,0
0.835431,3.24076,1.94213,0.421799,0.00428192,3879.14,0
0.836118,3.23219,1.95278,0.439837,0.00261971,3865.72,0
0.836832,3.2328,1.96057,0.45425,0.00245347,3863.14,0
0.837523,3.24411,1.97619,0.466092,0.00470254,3873.46,0
0.838198,3.25709,1.98051,0.476137,0.00714058,3885.82,0
0.838893,3.23951,1.95936,0.480069,0.00293847,3861.65,0
0.839597,3.24637,1.94186,0.479779,0.00447198,3866.58,0
0.840305,3.27718,1.92441,0.480498,0.0106874,3899.99,0
0.840999,3.27725,1.89942,0.460755,0.0107434,3896.85,0
0.84171,3.2621,1.87665,0.48881,0.00710563,3875.56,0
0.842406,3.26299,1.85648,0.515232,0.00705459,3873.41,0
0.84309,3.25164,1.86259,0.524759,0.00450095,3856.81,0
0.843789,3.25745,1.85842,0.540264,0.00558857,3860.5,0
0.844496,3.29493,1.85342,0.544782,0.0126641,3901.65,0
0.84517,3.31125,1.85444,0.545534,0.0163233,3917.85,0
0.845878,3.33397,1.82628,0.556411,0.0215583,3941.43,0
0.846577,3.3418,1.8068,0.586594,0.0219163,3947.43,0
0.847262,3.32014,1.83491,0.605428,0.020139,3918.66,0
0.847965,3.31507,1.83743,0.618598,0.0177179,3909.45,0
0.848666,3.31585,1.78307,0.626899,0.0180358,3907.13,0
0.849342,3.29311,1.76788,0.604852,0.0137486,3877.25,0
0.85003,3.30452,1.77495,0.578574,0.0161786,3887.53,0
0.85072,3.32154,1.78452,0.55752,0.0197785,3904.39,0
0.851396,3.35547,1.75668,0.555238,0.0252388,3941.14,0
0.852059,3.36133,1.72208,0.526828,0.0239176,3944.94,0
0.852754,3.3903,1.73319,0.521095,0.0291403,3975.7,0
0.853435,3.4219,1.74232,0.543783,0.0349528,4009.56,0
0.854112,3.4074,1.70609,0.513289,0.0321245,3989.41,0
0.854809,3.41006,1.73748,0.535766,0.0342634,3989.27,0
0.855499,3.3499,1.70964,0.546119,0.0203465,3915.73,0
0.856198,3.38122,1.72533,0.530822,0.0256098,3949.11,0
0.8569,3.37386,1.72438,0.53213,0.0241557,3937.29,0
0.857593,3.38794,1.70759,0.527736,0.0265123,3950.52,0
0.858282,3.38079,1.69843,0.547947,0.0233392,3939.03,0
0.85899,3.3472,1.72591,0.566787,0.0176971,3896.66,0
0.859677,3.31051,1.73096,0.587341,0.0103871,3850.88,0
0.860375,3.28793,1.71603,0.590557,0.00673605,3821.51,0
0.861062,3.27063,1.70401,0.60741,0.00310366,3798.36,0
0.861748,3.26976,1.6919,0.624386,0.00285055,3794.33,0
0.86245,3.28858,1.68229,0.618791,0.00715702,3813.07,0
0.863129,3.30942,1.66919,0.59872,0.0111465,3834.21,0
0.863814,3.31447,1.67784,0.576484,0.0124891,3837.02,0
0.864507,3.33884,1.69624,0.54079,0.0166515,3862.14,0
0.865205,3.33095,1.67699,0.528935,0.0162459,3849.9,0
0.865906,3.34328,1.69014,0.514412,0.0190548,3861.02,0
0.866592,3.33423,1.71323,0.525091,0.0176064,3847.52,0
0.867277,3.34477,1.75188,0.531258,0.0207383,3856.64,0
0.867975,3.32404,1.79498,0.555734,0.0183994,3829.65,0
0.868665,3.32006,1.79111,0.55836,0.0176014,3822.02,0
0.869352,3.31875,1.83699,0.579415,0.017465,3817.5,0
0.870049,3.30791,1.82179,0.544764,0.0151576,3801.97,0
0.87075,3.31257,1.84081,0.568669,0.0166925,3804.27,0
0.871449,3.34239,1.7944,0.564154,0.0242052,3835.44,0
0.872151,3.35157,1.80431,0.585088,0.0261183,3842.88,0
0.872837,3.33358,1.78588,0.583705,0.0236579,3819.25,0
0.87353,3.30666,1.77375,0.572017,0.0175607,3785.4,0
0.874218,3.30401,1.7878,0.562897,0.0177929,3779.39,0
0.874919,3.31359,1.79048,0.574379,0.0202406,3787.31,0
0.875609,3.33354,1.81983,0.554939,0.0237024,3807.11,0
0.876322,3.3475,1.87602,0.547687,0.0258368,3819.94,0
0.877021,3.35759,1.90765,0.544514,0.0275632,3828.4,0
0.877713,3.41146,1.95712,0.531947,0.0402907,3886.76,0
0.878402,3.38515,1.96897,0.529815,0.0348688,3853.75,0
0.879077,3.36778,2.02797,0.542786,0.0299377,3831.04,0
0.879777,3.32784,2.0456,0.526025,0.0224176,3782.59,0
0.880481,3.32102,2.08238,0.547655,0.0215835,3771.82,0
0.881169,3.2899,2.09873,0.538887,0.0158387,3733.56,0
0.88186,3.2924,2.08121,0.540631,0.0168404,3733.47,0
0.882563,3.34322,2.06561,0.547858,0.0258601,3788.08,0
0.883262,3.35884,2.0857,0.532619,0.0298804,3802.76,0
0.883952,3.34822,2.1099,0.519,0.0283956,3787.78,0
0.884653,3.36859,2.06894,0.539793,0.0313262,3807.81,0
0.885327,3.37652,2.06021,0.533025,0.0334898,3813.86,0
0.88602,3.38387,2.10451,0.492658,0.0342858,3819.18,0
0.88673,3.42479,2.10073,0.507176,0.0385114,3862.27,0
0.887421,3.40488,2.10217,0.532675,0.0311498,3836.83,0
0.888102,3.36623,2.10568,0.51908,0.022012,3790.37,0
0.888796,3.35052,2.09365,0.513905,0.0184362,3769.73,0
0.889505,3.36189,2.10987,0.493028,0.0216369,3779.51,0
0.890202,3.35116,2.1441,0.500413,0.0207051,3764.49,0
0.890906,3.32528,2.19307,0.500093,0.0148774,3732.47,0
0.891582,3.31206,2.20653,0.496065,0.0130284,3714.81,0
0.892267,3.3103,2.22684,0.523519,0.01232,3709.99,0
0.89296,3.31915,2.22394,0.498895,0.0133139,3717.02,0
0.893651,3.299,2.19859,0.492317,0.00975608,3691.6,0
0.89436,3.33123,2.21316,0.490704,0.0147052,3724.71,0
0.895038,3.30973,2.20837,0.464848,0.0108093,3697.86,0
0.895742,3.30836,2.20059,0.475233,0.00990414,3693.43,0
0.896435,3.29336,2.20105,0.452928,0.00728461,3673.84,0
0.897128,3.29877,2.19899,0.417109,0.0091217,3677.04,0
0.897808,3.31596,2.22241,0.402305,0.0121563,3693.39,0
0.898515,3.33836,2.2028,0.38321,0.0175578,3715.42,0
0.899216,3.35246,2.21399,0.368341,0.0208401,3728.2,0
0.899896,3.341,2.19427,0.368401,0.0165825,3712.66,0
0.90059,3.3388,2.20259,0.349468,0.0157143,3707.35,0
0.901275,3.34923,2.21006,0.2996,0.0170467,3716.11,0
0.901961,3.36255,2.18608,0.261186,0.0184178,3728.05,0
0.902652,3.35687,2.20407,0.295929,0.0170414,3718.9,0
0.903348,3.34543,2.16946,0.303814,0.0131992,3703.37,0
0.904044,3.36967,2.16527,0.294824,0.017536,3727.33,0
0.904727,3.37828,2.18528,0.302874,0.0197095,3734.04,0
0.905427,3.38162,2.18706,0.326605,0.0194948,3734.83,0
0.906117,3.34345,2.19646,0.354719,0.0124829,3689.87,0
0.906809,3.34482,2.19762,0.383079,0.0132828,3688.56,0
0.907507,3.33369,2.17979,0.386627,0.0106324,3673.46,0
0.908194,3.3162,2.18995,0.369581,0.00723056,3651.42,0
0.908879,3.3045,2.20012,0.366778,0.00445817,3635.8,0
0.909563,3.30536,2.18039,0.381752,0.00482083,3634.01,0
0.910253,3.30577,2.16989,0.391832,0.00453017,3631.7,0
0.910944,3.29107,2.16517,0.388272,0.00134209,3612.82,0
0.911634,3.2924,2.17118,0.383665,0.00169443,3611.54,0
0.912335,3.3055,2.17281,0.388498,0.00414075,3623.12,0
0.913011,3.31668,2.1679,0.3958,0.00648978,3632.69,0
0.913687,3.32511,2.1726,0.411807,0.00830549,3639.22,0
0.91439,3.32832,2.18333,0.435243,0.00879759,3639.94,0
0.915087,3.33747,2.22195,0.434732,0.0102235,3647.17,0
0.915789,3.3596,2.25709,0.434343,0.0140622,3668.53,0
0.916485,3.32526,2.23361,0.436141,0.00690964,3628.27,0
0.917174,3.32493,2.2168,0.447035,0.00673518,3625.19,0
0.917862,3.30278,2.2252,0.451394,0.00224918,3598.34,0
0.91856,3.29666,2.23311,0.461643,0.0010025,3588.94,0
0.919249,3.3056,2.22822,0.473432,0.00302281,3595.98,0
0.919948,3.32644,2.22934,0.481602,0.00693358,3615.9,0
0.92065,3.33969,2.26218,0.4717,0.00947645,3627.54,0
0.921331,3.36588,2.29328,0.484609,0.0145007,3653.28,0
0.922007,3.34424,2.29819,0.47249,0.0111438,3627.14,0
0.922707,3.34968,2.27717,0.510321,0.0117607,3630.27,0
0.92341,3.35193,2.28512,0.522282,0.0112792,3629.95,0
0.924089,3.34628,2.28759,0.521945,0.0103896,3621.16,0
0.924795,3.32904,2.25389,0.529377,0.00692305,3599.76,0
0.925491,3.33294,2.25816,0.536962,0.00723626,3601.27,0
0.926195,3.31462,2.25851,0.52854,0.0039047,3578.75,0
0.926896,3.31367,2.27017,0.507095,0.0039128,3575.02,0
0.927581,3.32061,2.27689,0.491046,0.00625099,3579.86,0
0.928263,3.33498,2.26975,0.498588,0.00894083,3592.71,0
0.928962,3.33367,2.25466,0.507698,0.00882282,3588.6,0
0.929655,3.35967,2.25649,0.515181,0.0133073,3613.88,0
0.930351,3.35886,2.29668,0.50899,0.013563,3610.31,0
0.931054,3.34829,2.32636,0.501602,0.0100256,3596.23,0
0.931739,3.3682,2.36285,0.50874,0.0138369,3614.96,0
0.932447,3.40652,2.37185,0.534903,0.0213815,3653.31,0
0.933133,3.43216,2.41251,0.5497,0.0276769,3678.1,0
0.933806,3.45725,2.4172,0.528346,0.0346758,3702.32,0
0.934497,3.42751,2.41051,0.497423,0.0278995,3667.76,0
0.935198,3.43341,2.36112,0.462729,0.0295416,3671.32,0
0.935901,3.4775,2.32728,0.460806,0.0382506,3715.67,0
0.936577,3.51009,2.32087,0.483155,0.0432883,3747.79,0
0.937272,3.516,2.30551,0.517325,0.044676,3751.31,0
0.937947,3.52799,2.2614,0.483399,0.0444046,3761.4,0
0.93863,3.52272,2.23105,0.477712,0.0444505,3753.04,0
0.939308,3.53674,2.25218,0.478053,0.0456555,3765.26,0
0.94001,3.48622,2.29456,0.468701,0.0376279,3708.71,0
0.940701,3.50244,2.37246,0.479748,0.0415966,3723.23,0
0.9414,3.52437,2.35819,0.457956,0.0460616,3743.75,0
0.942108,3.56407,2.40393,0.474645,0.0534893,3783.08,0
0.942772,3.52743,2.44857,0.435986,0.0431983,3741.55,0
0.943456,3.50484,2.4569,0.443201,0.0393155,3714.9,0
0.944153,3.49329,2.46277,0.468817,0.0386822,3699.93,0
0.944853,3.50815,2.42889,0.490295,0.0418607,3712.9,0
0.945524,3.50107,2.42327,0.468818,0.0406522,3702.78,0
0.946215,3.46509,2.4028,0.466766,0.031619,3662.05,0
0.946906,3.46009,2.39868,0.461239,0.0304481,3654.1,0
0.9476,3.43345,2.35561,0.459341,0.0246133,3623.31,0
0.948296,3.401,2.36959,0.489044,0.017353,3586.43,0
0.948994,3.3867,2.38908,0.534587,0.0142766,3568.72,0
0.949677,3.41351,2.37702,0.516574,0.0211685,3594.39,0
0.950353,3.42606,2.37489,0.55085,0.0236531,3605.03,0
0.951069,3.40344,2.39307,0.535025,0.0200955,3578.54,0
0.951751,3.41352,2.42005,0.559542,0.022331,3586.56,0
0.952461,3.44068,2.46672,0.534028,0.027189,3612.41,0
0.953146,3.46059,2.50553,0.543527,0.0308217,3630.71,0
0.953833,3.45221,2.48266,0.53966,0.0279561,3619.31,0
0.954514,3.47228,2.48999,0.524986,0.0300113,3637.75,0
0.955206,3.46715,2.50409,0.532318,0.02895,3629.74,0
0.955897,3.41955,2.50717,0.498155,0.0194479,3577.32,0
0.956597,3.37822,2.49754,0.526356,0.0115027,3531.5,0
0.957283,3.39668,2.48318,0.544714,0.0151151,3548.25,0
0.957971,3.43873,2.49537,0.532917,0.0227301,3589.6,0
0.958649,3.47447,2.52536,0.521536,0.0313916,3624.34,0
0.959353,3.51505,2.51596,0.515167,0.0413759,3663.98,0
0.960053,3.49961,2.48058,0.484449,0.0377622,3645.23,0
0.960756,3.47106,2.46837,0.492764,0.0300567,3612.85,0
0.961439,3.44683,2.46327,0.466653,0.0269329,3585.07,0
0.962138,3.44323,2.48442,0.45383,0.0254369,3578.73,0
0.962831,3.43698,2.49871,0.405215,0.0272266,3569.66,0
0.963537,3.43076,2.47802,0.39259,0.0243026,3560.59,0
0.964214,3.45818,2.49699,0.39188,0.0302407,3586.52,0
0.964895,3.44665,2.49061,0.402742,0.028493,3572.05,0
0.965596,3.46591,2.47255,0.430016,0.0322478,3589.4,0
0.966299,3.4243,2.46485,0.387532,0.0227689,3543.73,0
0.966991,3.40042,2.46107,0.376281,0.0170606,3516.49,0
0.967669,3.38895,2.46614,0.421757,0.0146953,3502.18,0
0.968372,3.38198,2.4318,0.408519,0.013467,3492.44,0
0.969074,3.4309,2.42122,0.396206,0.0244349,3540.39,0
0.969744,3.39973,2.4275,0.363448,0.0174692,3505.8,0
0.970434,3.40926,2.44934,0.341945,0.0217299,3513.13,0
0.971121,3.37877,2.41873,0.331811,0.0159655,3479.25,0
0.971841,3.36494,2.3744,0.317573,0.0125523,3462.43,0
0.972538,3.37694,2.36774,0.345194,0.0151895,3472.3,0
0.973211,3.379,2.34959,0.335049,0.0155423,3472.02,0
0.973899,3.38493,2.34794,0.315434,0.01628,3475.65,0
0.974589,3.365,2.34328,0.276844,0.0125657,3452.74,0
0.975282,3.39882,2.32174,0.24779,0.0197512,3484.96,0
0.975984,3.41306,2.3101,0.259622,0.023322,3497.04,0
0.976661,3.45471,2.27462,0.248805,0.0303998,3537.27,0
0.977366,3.44073,2.24614,0.234899,0.0285016,3520.41,0
0.97807,3.46591,2.24477,0.225783,0.0321126,3543.62,0
0.978764,3.43285,2.18712,0.249122,0.0269623,3507.33,0
0.979463,3.46937,2.1948,0.25911,0.0330039,3542.11,0
0.980164,3.44741,2.14596,0.291893,0.0293074,3517.17,0
0.98086,3.43622,2.13383,0.353495,0.0252905,3503.27,0
0.981562,3.44247,2.1418,0.393258,0.0270376,3507.13,0
0.982255,3.46604,2.10406,0.38511,0.0323767,3528.66,0
0.98293,3.44615,2.1068,0.34207,0.0295338,3506,0
0.98364,3.47356,2.13055,0.360895,0.0337957,3531.34,0
0.984337,3.49171,2.12483,0.361636,0.0404127,3547.28,0
0.985039,3.48804,2.15723,0.353702,0.0404749,3541.02,0
0.985731,3.51378,2.0985,0.361577,0.0439322,3564.64,0
0.986425,3.49185,2.06805,0.357725,0.0377669,3539.9,0
0.987112,3.49423,2.04807,0.357765,0.0375592,3539.86,0
0.987813,3.49941,2.081,0.362002,0.0372445,3542.58,0
0.988519,3.49461,2.09604,0.34592,0.0345567,3535.19,0
0.989225,3.51548,2.09995,0.290815,0.0373338,3553.77,0
0.989921,3.514,2.10186,0.219493,0.03537,3549.78,0
0.990633,3.47153,2.11949,0.2627,0.0275453,3504.36,0
0.991319,3.4693,2.1379,0.236473,0.0267405,3499.68,0
0.992005,3.51749,2.11514,0.25829,0.0372568,3545.83,0
0.992683,3.57046,2.12865,0.279715,0.0469792,3596.77,0
0.99339,3.57028,2.15105,0.255488,0.0506652,3594.04,0
0.994082,3.54759,2.16415,0.245118,0.0478266,3568.71,0
0.994768,3.55932,2.17657,0.258514,0.0487587,3578.04,0
0.995468,3.55484,2.18736,0.239116,0.0478471,3571.02,0
0.99616,3.51601,2.18318,0.235412,0.039227,3529.57,0
0.996836,3.5512,2.20401,0.277669,0.045396,3562.47,0
0.997533,3.62094,2.20127,0.252214,0.060752,3629.9,0
0.998203,3.5706,2.1795,0.20583,0.0501889,3577.02,0
0.998906,3.57219,2.17125,0.197333,0.0503659,3576.1,0
0.999582,3.5511,2.15577,0.252628,0.0460313,3552.59,0
1,3.5242,2.13635,0.284223,0.0394514,3524.2,0
