0.275746,3618.82,-63.5832,28.5217,0.637479,113081,0
0.542577,3622.49,-81.6208,40.7163,0.455522,50699.7,0
0.822014,3609.46,-76.8622,37.9736,0.757299,49318.2,0
1.09478,3625.24,-48.52,38.2861,0.523246,22618.4,0
1.36871,3626.84,-41.5582,35.7365,0.512561,16920,0
1.63884,3649.26,16.802,35.0909,0.0840552,452.457,0
1.91394,3629.69,0.978392,25.7732,0.523075,10612.2,0
2.18831,3611.45,12.0676,27.3196,0.952977,17614.5,0
2.4602,3627.35,12.365,23.8769,0.569728,9205.05,0
2.73415,3623.23,39.0274,27.1744,0.609537,9789.93,0
3.01198,3594.8,48.637,33.0628,1.23479,18326.9,0
3.28683,3589.14,42.7557,22.9659,1.42922,18515.8,0
3.56251,3597.7,17.2557,17.8053,1.27532,14679.4,0
3.82941,3578.27,10.6555,44.1356,1.74657,18731,0
4.10644,3581.56,3.40427,58.27,1.53702,16667.3,0
4.38646,3585.86,-10.2621,40.2794,1.50104,14621.6,0
4.66765,3578.96,5.58744,37.522,1.73593,15219,0
4.93565,3566.65,-5.97234,34.7021,2.15367,16886.6,0
5.21595,3576.4,-16.89,35.8189,1.77155,14109.8,0
5.48657,3560.76,-20.1293,25.7416,2.35646,16264.4,0
5.76036,3542.38,-24.5292,14.6717,3.10944,18682.8,0
6.03083,3530.86,-4.9606,18.2994,3.80511,19755.4,0
6.30335,3532.46,-4.3009,19.4064,3.61159,18647.1,0
6.58116,3519.75,-2.86136,0.19225,4.78339,19791.7,0
6.85368,3531.72,17.6965,-6.34244,3.56927,17257.3,0
7.13025,3523.67,25.993,-3.31976,3.83847,17718,0
7.40507,3527.37,29.3161,-9.98604,3.50396,16559.8,0
7.68606,3521.09,30.2107,-16.5217,3.65506,16771.9,0
7.95985,3533.17,27.5291,-11.7429,3.0261,14677.2,0
8.23482,3540.72,27.6639,-9.50679,2.63415,13270.8,0
8.51452,3532.67,13.8904,-10.2515,3.20792,13779.5,0
8.78805,3543.21,18.0643,-4.75134,2.5495,12151.3,0
9.05813,3528.5,9.39162,-0.736986,3.47428,13413.2,0
9.33038,3516.64,10.9807,1.64653,4.41752,14292.9,0
9.60767,3510.14,28.1031,1.84187,4.18109,14557.2,0
9.87785,3514.83,16.5805,-11.1481,4.01138,13684.1,0
10.1542,3504.56,19.1662,-12.845,4.68452,14323.1,0
10.4227,3492.47,33.7583,-17.9782,4.45506,15113.7,0
10.6996,3485.22,42.5485,-22.5853,4.12597,15400.5,0
10.9741,3496.78,50.0627,-22.8971,3.09124,13962.1,0
11.2491,3495.66,58.4889,-11.6472,2.96207,13720.5,0
11.5205,3493.11,85.1931,-23.9653,2.13924,13617.9,0
11.8044,3488.17,86.502,-17.2685,2.31716,13709,0
12.0825,3506.25,90.4054,-16.6349,1.65024,11897.6,0
12.3563,3506.17,86.6545,11.6897,1.74362,11640.3,0
12.6284,3510.29,89.588,5.29351,1.54124,11063.3,0
12.6803,3514.14,100.009,0.959824,1.21198,10714,0
