0.277207,3642.95,-4.80517,-17.3474,0.15367,25422.8,0
0.54853,3642.14,-24.1109,-36.5438,0.126603,14322.3,0
0.824938,3639.3,-49.1085,-41.5543,0.128245,12972.4,0
1.1042,3620.77,-49.8652,-44.0973,0.511717,26474.8,0
1.38556,3599.91,-40.7871,-59.2812,0.96876,36149.8,0
1.65841,3595.56,-38.5295,-53.4286,1.09155,32827.5,0
1.93152,3594.14,-29.5094,-54.5706,1.14002,28921,0
2.20951,3624.59,-60.1407,-61.1075,0.324201,11498,0
2.48599,3627.52,-43.2829,-46.0784,0.355149,9042.26,0
2.63543,3615.16,-69.3979,-72.0373,0.441411,13219.4,0
