0.271594,3640.65,14.5036,-23.5136,0.217787,34433.7,0
0.543417,3619.56,58.2155,-37.0248,0.550666,56015.9,0
0.809208,3611.52,62.3744,-23.5429,0.726232,47555.8,0
1.07997,3637.82,52.5128,-12.1749,0.202778,11282.5,0
1.35321,3605.09,5.99652,-33.8132,1.00752,33188.3,0
1.628,3577.5,3.62392,-47.1069,1.72076,44530.9,0
1.90696,3589.78,0.188842,-59.0895,1.30529,31580.5,0
2.17998,3595.9,0.51413,-55.6641,1.16595,24814.6,0
2.45274,3584.22,-2.06488,-42.69,1.54992,26817.7,0
2.73106,3581.9,-9.66346,-41.9379,1.59961,24933.9,0
3.01163,3587.6,-5.85076,-8.24121,1.55046,20719,0
3.27973,3564.61,1.22622,-2.8269,2.36084,26035.4,0
3.55359,3548.23,-21.3873,3.93449,2.98722,28638.2,0
3.82896,3557.68,-15.1392,13.5731,2.58479,24111.2,0
4.10548,3548.49,-19.8015,28.8364,2.79817,24724.6,0
4.3823,3550.27,-7.30168,16.2694,2.84313,22757.6,0
4.65765,3539.36,-7.73196,3.12147,3.39754,23753.8,0
4.93131,3534.65,-6.03802,12.0674,3.55233,23390.4,0
5.21037,3534.63,-2.26786,4.13786,3.52274,22143,0
5.48721,3525.35,-9.59504,5.01973,4.12612,22715.9,0
5.74448,3528.22,-2.83266,10.846,3.82843,21198.6,0
6.01834,3531.78,-10.5895,17.781,3.40742,19643.2,0
6.2906,3551.08,-22.6685,26.6587,2.2954,15725.4,0
6.5688,3543.72,-30.2284,27.8841,2.52125,16179.7,0
6.8398,3527.95,-34.6439,10.9844,3.30199,17843.8,0
7.11283,3522.13,-43.0557,0.697134,3.45572,17977.1,0
7.39457,3522.73,-29.9203,-6.92252,3.66806,17211.5,0
7.66412,3527.97,-35.576,2.70521,3.17427,15922,0
7.93337,3516.12,-34.416,26.5692,3.55216,16875.1,0
8.21106,3511.05,-41.4583,32.5881,3.49863,16921.8,0
8.48511,3510.59,-45.7525,32.5202,3.37855,16430.2,0
8.76161,3502.86,-26.0249,39.2494,3.96662,16793.5,0
9.03019,3498.58,-16.5315,44.6953,4.05917,16767.6,0
9.30349,3496.18,-2.71027,35.0935,4.73854,16533.8,0
9.57726,3492.87,5.51055,38.5357,4.61286,16406.5,0
9.84988,3477.08,6.31577,33.6025,5.78088,17555.8,0
10.1219,3470.17,19.2393,20.1967,6.57041,17766.5,0
10.3948,3477.27,23.5089,18.761,5.51131,16616.8,0
10.6662,3464.16,25.1843,10.3279,6.50245,17423.7,0
10.9406,3460.93,11.0468,11.6553,8.51615,17281.8,0
11.0428,3461.03,4.96911,6.99544,10.4545,17112.6,0
