0.272673,3624.79,17.4281,0.659931,0.552901,92446.8,0
0.546874,3613.95,18.6308,-33.5282,0.766695,65921.6,0
0.8176,3599.32,9.05241,-34.7264,1.1354,61990.4,0
1.09066,3603.92,10.2495,-44.1599,0.971194,42248,0
1.36812,3631.95,14.9104,-22.4502,0.35282,13194.3,0
1.64474,3623.63,-13.8146,-10.6985,0.559049,16034.9,0
1.92569,3637.94,-7.95784,-10.2412,0.238105,6262.38,0
2.20759,3630.92,-57.0509,-15.4437,0.292708,8642.78,0
2.48514,3627.05,-86.2179,7.81216,0.262011,9233.81,0
2.75054,3611.24,-52.0693,-20.0735,0.738039,14091.9,0
3.0284,3613.47,-50.9303,-23.4815,0.684458,12060.8,0
3.30368,3633.52,-13.4505,-2.68592,0.324065,4987.82,0
3.57809,3594.8,-15.2314,17.3874,1.27708,15426.6,0
3.84901,3598.9,-16.9681,12.2763,1.1607,13275.4,0
4.12815,3604.32,-18.2822,33.6614,0.962943,11064.7,0
4.39443,3578.92,-28.0583,11.2952,1.7029,16175.1,0
4.6707,3572.26,-36.7162,34.1509,1.76875,16644.6,0
4.94416,3584.77,-27.4632,30.2837,1.43074,13194,0
5.22228,3587.22,-28.6236,42.6255,1.29838,12022.1,0
5.50025,3573.2,-31.653,54.5719,1.59862,13963.6,0
5.76692,3594.67,-36.4442,76.3452,0.874577,9593.59,0
5.95132,3584.85,-43.1715,90.2352,0.986432,10947.7,0
