0.272184,3645.68,7.8991,-0.567361,0.0974113,15862.8,0
0.54958,3623.98,-1.43942,26.8121,0.552368,47341.5,0
0.82538,3635.11,-17.5754,-12.5665,0.311599,18038.6,0
1.10071,3628.53,5.86157,-16.3649,0.461939,19507.4,0
1.37621,3614.35,-1.56564,-31.0468,0.765892,25904.1,0
1.65749,3600.45,18.3107,-44.8234,1.05414,29897,0
1.93637,3589.07,40.6212,-61.9514,1.18527,31464.9,0
2.20786,3588.23,17.7957,-68.9627,1.21448,27976,0
2.47968,3582.06,5.73682,-89.8955,1.21374,27397.7,0
2.62447,3573.63,5.32435,-99.8827,1.32735,29100.5,0
