0.274011,3639.62,-31.7058,-18.2897,0.227755,37866.3,0
0.540717,3629.01,-37.8101,9.23485,0.44923,38822,0
0.809972,3634.38,-43.4149,-9.38151,0.318581,19281.9,0
1.07722,3614.67,-0.574817,-7.58111,0.843467,32798.9,0
1.35285,3634.44,28.8181,-9.34972,0.34754,11504,0
1.62666,3616.06,32.7859,-36.2346,0.713032,20865.1,0
1.89967,3598.06,24.2691,-45.8625,1.1417,27341.2,0
2.17278,3601.89,32.4843,-62.3005,0.948465,22141.6,0
2.44623,3598.56,39.2657,-74.262,0.939959,21028.9,0
2.72074,3593.85,22.8527,-79.0363,1.0658,20637.9,0
2.99461,3582.03,24.4617,-70.6873,1.41141,22697.5,0
3.26877,3588.41,-0.365574,-80.6975,1.18971,18841.5,0
3.54784,3563.41,14.6085,-84.8896,1.78221,24405.6,0
3.82025,3568.27,20.9587,-94.3063,1.53377,21394.4,0
4.0834,3572.97,18.2628,-98.3714,1.35069,18863,0
