0.145035,3645.76,-23.898,1.51985,0.102135,29208.1,0
0.282463,3633.97,-20.5834,-18.0983,0.348146,56735.2,0
0.424046,3643.9,5.72077,4.8079,0.154022,14373.7,0
0.574549,3615.2,-22.786,3.65659,0.789624,60561.3,0
0.719951,3607.79,-35.6176,26.952,0.913615,58626.6,0
0.862416,3602.23,-37.1882,29.2283,1.04064,55386,0
1.00552,3587.4,-77.8813,19.7464,1.2209,62253.2,0
1.15045,3562.72,-68.2489,43.9394,1.86255,75865.1,0
1.29958,3569.94,-60.416,13.7841,1.83948,61602.6,0
1.44146,3599.37,-28.9005,13.0041,1.17034,35126.9,0
1.58277,3636.4,-11.4789,26.6429,0.281606,8592.71,0
1.72671,3631.91,4.30712,41.4328,0.351777,10474,0
1.87362,3627.51,23.3146,7.3393,0.485788,12001.8,0
2.00946,3644.13,4.27943,-8.21952,0.136574,2922.47,0
2.15532,3629.64,2.67011,9.75845,0.453784,9445.99,0
2.29818,3622.55,-4.4909,34.7685,0.579501,11943.6,0
2.43408,3588.22,-21.7308,39.4216,1.41858,25381.2,0
2.57959,3592.48,-32.6263,33.3296,1.29786,22299.4,0
2.72807,3568.49,-46.0386,13.107,1.99908,29878.7,0
2.87227,3591.37,-42.7765,31.2877,1.28162,20413.8,0
3.01829,3590.49,-63.6329,21.2065,1.21915,19717.7,0
3.16454,3592.72,-69.543,1.28003,1.14509,18101.6,0
3.31427,3611.42,-100.097,0.959522,0.538359,11639.2,0
