0.144834,3631.75,-37.8166,-52.9461,0.397826,125991,0
0.288975,3593.93,-20.6612,-32.0622,1.40147,194014,0
0.440199,3566.22,-29.9001,-2.95642,2.30054,190328,0
0.5818,3592.93,-15.8399,-13.8678,1.47574,98095.3,0
0.718371,3587.56,-18.3349,-3.23862,1.6411,86920.9,0
0.867297,3592.04,9.13098,20.5981,1.49374,66832.6,0
0.998869,3582.5,18.1627,42.3661,1.66629,67571.5,0
1.15661,3591.21,-4.18701,51.0235,1.40224,50830.9,0
1.30813,3639.43,6.58282,61.8853,0.235444,8077.04,0
1.44436,3626.02,-9.84677,51.5041,0.550016,16601.1,0
1.58653,3650.58,-26.3884,29.5573,0.0659613,-367.756,0
1.73389,3621.22,-21.9777,36.3669,0.68911,16598.8,0
1.87868,3619.99,-41.2405,30.5465,0.690256,15973,0
2.01112,3633.18,-63.6704,31.4087,0.330282,8363.14,0
2.16087,3639.18,-88.815,33.802,0.116118,5008.58,0
2.26212,3611.38,-97.5053,23.3737,0.641624,17070.7,0
