0.137259,3640.72,10.8484,-62.4549,0.203896,67634.9,0
0.281531,3592.23,-13.3229,-46.99,1.38601,205200,0
0.420666,3595.52,7.43903,-24.7466,1.39358,129518,0
0.571643,3617.63,35.6177,-25.0408,0.775333,56632.4,0
0.719149,3594.82,21.746,-20.3745,1.39926,76733,0
0.860035,3608.95,9.99375,-44.3493,0.976172,47734.7,0
1.00864,3624.29,34.2323,-34.346,0.605371,25487.2,0
1.15268,3600.89,8.96523,-46.7287,1.17199,42604.9,0
1.30228,3630.54,-5.54283,-32.6808,0.510731,14943.4,0
1.44852,3640.83,17.0439,-2.06239,0.310463,6329.9,0
1.59394,3606.24,15.9067,45.2532,1.03704,27452.5,0
1.73997,3594.57,24.0726,41.3356,1.3381,31857.2,0
1.87859,3607.6,34.6538,61.5507,0.884275,22572.7,0
2.00343,3627.74,23.7953,97.3385,0.306467,11110.5,0
