0.158131,3649.49,-18.4519,5.96275,0.0208478,3208.85,0
0.321012,3645.85,-16.961,4.8854,0.0542288,12920,0
0.476416,3641.72,-19.3277,7.279,0.0922621,17385.1,0
0.637998,3633.95,-17.2996,6.30101,0.167292,25161.6,0
0.795912,3633.11,-28.1828,1.13889,0.170161,21222.6,0
0.954447,3634.99,-34.2535,10.6804,0.145149,15726.7,0
1.11635,3607.7,-47.4604,27.3938,0.3909,37893.8,0
1.2762,3605.19,-46.2091,28.3671,0.420013,35115,0
1.43694,3590.79,-25.6108,17.7668,0.628721,41203,0
1.60218,3580.63,-15.7603,16.2268,0.773867,43297.4,0
1.7641,3598.17,-11.7642,6.2044,0.554376,29382.4,0
1.92437,3586.54,-24.8033,19.2082,0.67861,32974.7,0
2.08339,3595.8,-27.3737,33.0369,0.541462,26015.7,0
2.23944,3591.69,-26.908,41.4897,0.572314,26036.6,0
2.39778,3596.86,-24.9398,28.3664,0.539176,22160.3,0
2.55913,3600.85,-23.4476,36.2402,0.486121,19204.9,0
2.7164,3595.1,-26.3139,20.1271,0.568615,20212.2,0
2.87557,3602.82,-21.3616,18.6474,0.483032,16408.7,0
3.03625,3586.88,-29.5987,22.5905,0.657112,20789.2,0
3.19444,3590,-21.8349,6.23999,0.629271,18783.7,0
3.35108,3594.5,-15.3517,0.442843,0.584018,16562.5,0
3.51312,3589.8,9.44872,-0.665028,0.647384,17136.3,0
3.67808,3600.13,9.43499,-0.132263,0.519081,13557.9,0
3.83592,3611,-0.731943,8.13189,0.392087,10165.9,0
3.99595,3630.4,16.4338,-2.98644,0.186207,4905.73,0
4.15652,3619.92,16.12,4.79596,0.291636,7237.01,0
4.31909,3615.45,13.9693,-7.94974,0.339471,7999.21,0
4.47816,3633.4,31.2363,-21.3344,0.143207,3706.87,0
4.63956,3607.2,30.1321,1.49774,0.419206,9225.84,0
4.79771,3601.23,28.3432,6.81346,0.487438,10165.2,0
4.95685,3607.37,59.0296,3.11853,0.369701,8600.58,0
5.11736,3603.95,78.8955,7.41527,0.357169,8999.69,0
5.27717,3585.46,83.0941,1.04609,0.533801,12229.2,0
5.43422,3589.4,71.687,5.48747,0.526451,11152.5,0
5.59467,3614.21,82.3186,29.7826,0.233127,6396.32,0
5.71683,3617.03,94.2885,33.3238,0.178632,5767.22,0
