0.159996,3649.71,5.10755,5.63834,0.0236136,1792.88,0
0.321382,3649.57,2.88722,3.39318,0.0256292,1334.58,0
0.483789,3648.87,0.590398,5.84465,0.0320044,2330.54,0
0.64278,3649.18,0.300517,5.52007,0.0294756,1281.81,0
0.802707,3651.02,-0.811925,6.51583,0.0135873,-1276.75,0
0.961915,3647.92,-1.56987,6.69676,0.0400831,2159.05,0
1.121,3646.84,-3.48571,2.22991,0.0516993,2822.52,0
1.27842,3641.56,-9.68773,0.425438,0.100257,6599.49,0
1.44178,3634.61,-12.3535,9.37122,0.164694,10675,0
1.60352,3637.06,-10.077,6.31796,0.14137,8069.78,0
1.76481,3629.24,-14.0517,3.70593,0.215408,11762.2,0
1.92259,3630.49,-28.698,15.7682,0.189487,10146.6,0
2.08349,3630.31,-25.4704,22.5661,0.18955,9448.29,0
2.24649,3628.41,-9.3935,14.5075,0.219709,9611.88,0
2.40462,3610.58,8.53393,14.5627,0.405896,16394.8,0
2.56057,3614.65,19.2985,9.88253,0.35734,13806.5,0
2.72165,3635.77,11.8798,-1.07487,0.149314,5228.79,0
2.88218,3635.58,19.1982,-1.48234,0.146352,5002.14,0
3.0432,3637.01,5.15517,-8.47768,0.136869,4269.48,0
3.20055,3624.61,15.4967,-13.8245,0.252377,7932.13,0
3.36292,3623.76,10.3336,17.9019,0.26125,7803.52,0
3.52469,3613.82,-1.19556,-0.754389,0.369892,10264.3,0
3.68296,3629.66,-12.4412,0.842319,0.205476,5522.33,0
3.84202,3613.57,-12.8728,-11.3759,0.36915,9480.87,0
4.00099,3609.41,-9.21199,-14.1113,0.414783,10144,0
4.1597,3614.32,-15.8916,-47.4348,0.321718,8576.6,0
4.31913,3608.09,0.643086,-75.9817,0.334181,9703,0
4.47753,3607.32,17.2733,-66.737,0.358481,9532.16,0
4.63362,3603.79,-0.879618,-72.2032,0.383877,9973.16,0
4.73549,3600.49,-8.34471,-99.6651,0.342924,10455.7,0
