0.161086,3651.97,8.03668,0.962292,0.00316971,-12238,0
0.323008,3651.38,8.19836,-0.624497,0.00822448,-4267.88,0
0.482231,3649.51,8.37397,-2.61939,0.0244489,1012.05,0
0.639996,3648.14,5.95586,-0.868871,0.0369153,2913.8,0
0.798235,3649.29,5.8013,-0.888094,0.0269554,888.37,0
0.958774,3646.63,9.95042,-0.978107,0.0505629,3516.97,0
1.1191,3644.53,12.32,-6.97069,0.068848,4887.64,0
1.28201,3646.55,14.2139,1.37612,0.0503594,2691.99,0
1.43905,3639.86,19.0898,-5.72896,0.10851,7043.92,0
1.59723,3644.07,20.5702,-9.29831,0.0693919,3712.19,0
1.76017,3643.74,16.5099,-14.0678,0.0740936,3556.02,0
1.91992,3633.56,19.1306,-14.9738,0.168847,8561.58,0
2.08278,3606.59,7.08548,-15.1229,0.453457,20841.2,0
2.24717,3624.63,30.1904,2.35582,0.251428,11289.7,0
2.40884,3629.82,9.53418,24.1398,0.203548,8379.09,0
2.56518,3637.21,13.8558,29.8798,0.128419,4986.31,0
2.72366,3631.57,26.9924,11.8759,0.183256,6767.97,0
2.8836,3628.82,36.0127,2.90637,0.203866,7344.21,0
3.0416,3622.46,34.5881,15.5968,0.263363,9054.01,0
3.20047,3612.25,37.5137,23.3183,0.361611,11794.8,0
3.36226,3624.7,23.3385,13.2351,0.255169,7523.56,0
3.52442,3612.38,-7.35206,19.2267,0.387976,10674.1,0
3.6838,3612.54,-17.1683,20.3251,0.382796,10169.4,0
3.84389,3626.26,-22.354,43.7666,0.217252,6175.68,0
4.00482,3617.41,-17.1254,59.0624,0.283298,8137.24,0
4.16695,3593.13,-21.7714,67.0654,0.512545,13647.9,0
4.32375,3618.66,-35.7615,58.5369,0.257783,7249.04,0
4.48386,3615.68,-39.4751,71.2601,0.258358,7653.07,0
4.64406,3611.27,-31.2842,88.0881,0.271464,8340.38,0
4.7169,3620.03,-35.3963,93.5544,0.176411,6354.34,0
