0.158815,3648.81,-26.7487,-38.0849,0.0411354,7471.57,0
0.316092,3649,-29.7147,-36.2297,0.0396943,3163.89,0
0.474808,3650.4,-31.4535,-38.2963,0.0239144,-833.227,0
0.638665,3647.46,-32.1104,-34.4098,0.0519588,3969.29,0
0.79743,3650.7,-29.4636,-39.1686,0.0209312,-872.049,0
0.957813,3651.64,-31.1036,-40.21,0.0113119,-1716.09,0
1.12263,3647.39,-33.6306,-41.0353,0.045254,2329.09,0
1.28216,3649.01,-36.3856,-40.665,0.0291298,768.763,0
1.44194,3650.32,-41.2166,-40.7584,0.0157477,-225.331,0
1.59895,3646.97,-45.5676,-42.2551,0.0388286,1897.62,0
1.75758,3636.59,-51.4439,-42.9377,0.122249,7627.56,0
1.91996,3628.93,-50.3508,-37.7808,0.196603,10975.9,0
2.08314,3611.21,-39.243,-38.8725,0.382199,18623.2,0
2.24208,3603.08,-18.3611,-42.2351,0.48486,20927.3,0
2.40318,3605.88,-22.1854,-38.9717,0.45392,18357.1,0
2.56379,3611.58,-44.6147,-58.3077,0.338161,14987,0
2.72677,3597.02,-37.2164,-59.5663,0.488176,19430.8,0
2.88803,3590.78,-38.1017,-68.7775,0.526715,20506.3,0
3.04861,3598.65,-33.8281,-76.0425,0.438481,16844,0
3.20866,3597,-21.1394,-92.1304,0.424687,16517.2,0
3.23143,3598.8,-18.0656,-98.3757,0.390939,15844.8,0
