0.14433,3631.76,-31.3212,-9.67977,1.48408,126356,0
0.286825,3636.32,-46.7669,5.88038,0.947846,47681.3,0
0.431057,3617.61,-50.931,19.5833,2.51202,75130.4,0
0.565532,3619.93,-45.4505,25.7959,2.32237,53164.1,0
0.708816,3612.3,-23.4191,17.5161,3.31932,53192.6,0
0.848473,3608.19,-37.7879,12.3154,3.5855,49276.2,0
0.993296,3600.06,-33.255,21.6821,4.40316,50281.5,0
1.13786,3599.42,-66.6509,13.1234,3.9402,44455.6,0
1.27942,3594.8,-86.2522,-10.651,3.90219,43142.6,0
1.42155,3596.13,-78.8872,2.90539,3.9508,37893.5,0
1.56795,3573.39,-84.5462,15.2551,5.98845,48860.3,0
1.70775,3571.48,-88.6553,16.7604,6.00719,45977.9,0
1.85116,3573.37,-88.3515,20.8272,5.74594,41397.3,0
1.88126,3572.26,-97.1857,25.1162,5.51097,41322.4,0
