0.134239,3617.18,-2.83305,-32.3894,3.14575,244484,0
0.278124,3612.27,14.9366,-16.8772,3.69474,135674,0
0.428722,3606.22,20.8484,-27.7518,4.20603,102119,0
0.568853,3601.43,19.0037,-29.4905,4.68343,85378.3,0
0.713743,3613.54,24.8729,-11.7077,3.49969,51086.7,0
0.859957,3618.46,31.4533,-16.5917,2.94286,36673.7,0
1.0081,3606.41,30.716,-28.6663,4.05718,43242.2,0
1.15111,3609.68,27.146,-28.1747,3.74134,35024.4,0
1.29166,3618.76,32.0077,-4.2373,2.95317,24189.1,0
1.43279,3609.06,29.3363,-5.52244,3.92855,28576,0
1.58333,3598.23,43.66,-6.58061,4.8573,32695.4,0
1.72776,3602.52,24.2057,-29.2483,4.50668,27480.5,0
1.87311,3590.29,28.7868,-46.6788,5.47634,31877.7,0
2.01409,3591.71,21.5986,-50.5845,5.26814,28940.7,0
2.16021,3600.35,34.3024,-55.2401,4.1147,22984.7,0
2.30337,3588.05,36.4476,-44.5914,5.59063,26895.3,0
2.4446,3602.03,18.2416,-39.4148,4.38876,19624.1,0
2.59345,3593.2,6.79401,-42.759,5.32518,21902,0
2.73911,3570.15,-0.202441,-38.7827,8.13926,29151.5,0
2.88066,3574.24,-6.69996,-53.0485,7.17745,26300,0
3.03182,3566.44,-3.77129,-51.6429,8.17016,27560.2,0
3.18371,3577.93,-6.17665,-54.2541,6.57895,22636.3,0
3.32276,3598.14,-8.82098,-46.4576,4.42919,15606.5,0
3.46753,3597.74,-8.62612,-41.6243,4.52782,15070.4,0
3.60909,3585.26,-2.1567,-19.0009,6.30101,17939.2,0
3.7478,3583.08,-12.898,-26.9202,6.39435,17855.1,0
3.8936,3590.1,-2.75664,-24.1415,5.60944,15385.1,0
4.04593,3594.03,11.9546,-8.13247,5.22348,13834,0
4.19042,3591.4,21.8325,-0.458488,5.42369,13984.9,0
4.32531,3592.24,27.6025,1.83483,5.25096,13352.9,0
4.46788,3584.67,20.5296,-6.28431,6.16198,14621.7,0
4.60873,3592.69,17.9408,4.59667,5.17593,12434.5,0
4.75472,3595.5,13.328,-0.726272,4.88812,11461.3,0
4.90243,3611.63,12.111,-8.11423,3.09633,7826.43,0
5.03433,3622.18,24.412,-7.22258,1.98608,5525.49,0
5.17526,3619.07,26.7883,-10.2692,2.26561,5976.27,0
5.32811,3605.97,28.1981,-15.6111,3.54106,8262.83,0
5.47156,3594.03,42.6406,-11.2614,4.63347,10228.5,0
5.60786,3574.37,41.4596,-19.4206,6.86566,13487,0
5.7412,3598.03,47.9289,-42.9834,3.72454,9052.89,0
5.89477,3596.81,43.4907,-8.69568,4.23994,9023.94,0
6.03944,3576.74,56.7973,-8.79585,6.11138,12130.3,0
6.19197,3569.12,47.0789,-26.2944,7.08454,13062.6,0
6.33314,3556.53,45.2454,-25.8226,8.59435,14758.3,0
6.47312,3567.34,59.8852,-17.1079,6.67766,12769.9,0
6.62017,3556.44,63.761,-32.5373,7.55041,14133,0
6.75949,3557.2,66.7127,-48.5137,6.9283,13729.4,0
6.90171,3558.76,72.3662,-41.656,6.6852,13220.2,0
7.04024,3564.07,77.7947,-40.8848,5.88681,12206.1,0
7.18718,3568.97,81.4989,-29.9096,5.36273,11274.7,0
7.3078,3572.55,94.5426,-33.41,4.46966,10597.7,0
