0.148813,3634.29,20.476,24.2725,1.2983,105580,0
0.291496,3634.64,18.4703,6.70774,1.34095,52704.5,0
0.427986,3645.28,22.176,12.1972,0.388518,11028.9,0
0.577519,3644.71,-0.0775832,18.5472,0.466931,9157.9,0
0.717782,3636.03,-19.352,20.9279,1.15898,19463.6,0
0.865222,3630.43,-39.6491,-0.911609,1.55796,22621.1,0
1.00153,3634.09,-42.711,10.4683,1.1889,15881,0
1.14817,3632.36,-38.0305,23.2516,1.33582,15366.2,0
1.29377,3612.22,-38.3651,18.1796,3.22302,29204.4,0
1.4395,3607.29,-49.2224,19.3465,3.52811,29666.6,0
1.58021,3605.72,-48.7181,5.74659,3.76597,28022.1,0
1.72703,3587.9,-52.1708,6.90286,5.52002,35959.4,0
1.86629,3598.23,-38.9894,29.368,4.44121,27741.7,0
2.01017,3603.77,-34.4934,35.9822,3.8736,22997.8,0
2.15046,3607.38,-19.569,30.0796,3.69618,19818.1,0
2.28954,3613.73,-9.99359,24.0461,3.14743,15840.6,0
2.43055,3630.7,25.0058,3.27327,1.54154,7939.88,0
2.56747,3618.9,20.0394,-11.9586,2.66342,12112.3,0
2.71905,3588.92,-22.1905,-12.1451,5.83313,22464.5,0
2.86621,3604.04,-15.1085,-13.0494,4.14885,16036.7,0
3.00707,3590.05,-10.919,-17.4715,5.67367,19937.1,0
3.14648,3603.79,-34.7556,-27.1404,3.84803,14685,0
3.28901,3588.75,-25.798,-32.9621,5.50972,18621.8,0
3.43406,3579.67,-16.497,-44.2181,6.49053,20478.9,0
3.57921,3590.5,5.5232,-37.8188,5.36081,16623.6,0
3.71723,3606.97,-6.81195,-43.7152,3.43522,11575.5,0
3.85785,3597.39,-18.6272,-55.5205,4.11456,13638,0
4.00361,3602.4,-11.1637,-61.4059,3.52261,11889,0
4.14014,3613.8,-14.6093,-92.234,1.79606,8743.42,0
4.23399,3601.55,-22.9042,-98.1194,2.66002,11444.2,0
