0.14378,3643.85,-11.8933,7.39898,2.24973,42743.6,0
0.28249,3644.75,-22.8137,19.767,1.63131,18584,0
0.438069,3630.93,-46.1172,4.93871,5.83301,43530.4,0
0.576608,3643.61,-48.6495,2.0682,1.34294,11076.9,0
0.721459,3628.98,-60.0456,1.47649,5.76762,29135.1,0
0.858497,3632.62,-69.0476,-16.3429,3.82668,20239.4,0
1.00046,3621.69,-72.3076,-9.26703,7.45898,28297.8,0
1.14268,3621.87,-72.5469,-8.78653,7.34408,24619.9,0
1.28876,3621.69,-85.2279,-11.6561,6.34291,21963.1,0
1.42872,3592.53,-69.848,-19.8717,6.63745,40227.6,0
1.58148,3589.19,-52.7175,-14.1301,9.80607,38450.9,0
1.72476,3589.02,-57.8747,-27.1143,8.81566,35352.9,0
1.87486,3583.66,-54.8907,-29.5384,11.1987,35381.4,0
2.02555,3604.13,-40.704,-37.799,3.16949,22645.5,0
2.17621,3604.49,-23.5864,-26.745,4.29476,20914.4,0
2.31742,3602.27,-23.3632,-11.6812,5.64153,20596.3,0
2.47327,3609.26,-20.3294,0.416995,2.85245,16471.3,0
2.61435,3602.25,-19.2219,1.67878,5.89964,18264.4,0
2.75342,3602.11,-46.44,14.11,4.35668,17393.7,0
2.8891,3610.15,-30.4985,7.13611,2.02008,13793.8,0
3.03188,3609.02,-26.3159,7.46969,2.62492,13516.5,0
3.17566,3603.98,-25.9066,10.6161,4.74166,14490.1,0
3.31794,3592.78,-19.4164,21.8635,9.55022,17244.9,0
3.46468,3608.24,-28.6138,23.4146,2.31221,12052,0
3.61279,3607.69,-22.7869,11.0741,3.08755,11712.1,0
3.75374,3606.22,-11.5495,22.0407,3.70845,11662.3,0
3.89617,3609.05,-32.9124,27.6957,1.67885,10509.1,0
4.03892,3599.5,-33.5533,24.5576,5.74538,12504.4,0
4.18579,3584.05,-21.2931,21.3302,1.70518,15754.6,0
4.32641,3570.07,-6.35926,0.635112,10.5012,18474,0
4.46921,3554.75,0.77166,-19.5365,5.47456,21313.2,0
4.62145,3537.48,16.03,-6.45464,7.83358,24347,0
4.77124,3546.99,3.64391,-11.0375,0.182705,21590.4,0
4.91911,3536.3,-17.8055,-13.8489,7.79573,23113.3,0
5.07448,3537.19,-14.2669,-7.6617,8.1892,22230.5,0
5.21955,3532.42,-16.9478,-11.03,11.9225,22526.3,0
5.35707,3516.34,-6.25628,-38.176,6.56627,24950.6,0
5.50804,3514.97,-5.4076,-9.29697,8.60284,24515.7,1
5.64926,3499.07,0.305763,-0.918217,11.7861,26717,3
