0.143573,3635.44,-19.5449,-75.2652,4.18197,101387,0
0.283946,3615.08,-27.6995,-76.1631,10.7048,122971,0
0.43019,3623.69,-32.0103,-75.2138,7.55602,61155.6,0
0.574696,3622.07,-24.9549,-75.3647,8.28179,48606,0
0.725079,3630.01,-7.59284,-68.9211,6.2353,27572.9,0
0.867881,3631.99,-16.9857,-77.8691,4.88226,20752,0
1.02411,3631.51,-16.9752,-52.6681,6.51094,18054.2,0
1.15988,3642.03,-10.9717,-47.8748,3.11847,6873.19,0
1.30254,3640.76,-8.19411,-44.7957,3.66453,7096.02,0
1.44735,3644.15,1.89959,-8.93931,3.35776,4041.08,0
1.58835,3631.18,-6.50037,-7.28423,7.91693,11848.2,0
1.73004,3629.59,-24.0428,4.3137,7.99876,11799,0
1.86434,3626.37,-28.5916,2.83942,8.98264,12676.3,0
2.00133,3626.35,-27.8384,-9.39901,8.8002,11819.6,0
2.14975,3615.85,-36.2552,-19.9968,12.1404,15887.2,0
2.29561,3595.9,-20.3808,-23.4614,9.27625,23567.6,0
2.4502,3585.52,-15.0837,-19.6474,14.3393,26315.4,0
2.59477,3578.22,-25.9858,-31.8474,2.61223,27661.8,0
2.73233,3568.58,-25.7765,-39.7354,6.88132,29797.2,0
2.87655,3564.79,-14.2358,-50.0811,8.20916,29620.7,0
3.02116,3551.6,-7.94749,-33.8898,5.49073,32570.7,0
3.16111,3554.06,-12.3425,-45.956,1.71228,30349.3,0
3.30199,3549.13,-36.1609,-29.9781,4.83218,30549.6,0
3.44189,3539.17,-33.0884,-23.3916,1.23542,32201.1,0
3.58235,3525.08,-43.7811,-31.0391,7.4217,34871.7,0
3.72888,3511.96,-41.1982,-27.7115,7.41781,37019.9,0
3.87129,3510.15,-41.1132,-31.0446,7.86319,36124.4,0
4.01861,3473.8,-48.7668,-25.8594,9.06417,43846.7,0
4.16833,3459.05,-66.0088,-27.2023,5.8567,45809,0
4.28382,3449.74,-54.0967,-30.0244,5.50786,46747.5,0
