0.136677,3638.35,7.64084,54.7999,3.85569,85210.5,0
0.283317,3636.26,20.3338,47.4198,4.73797,48494.7,0
0.415794,3639.8,-2.63188,50.196,3.57135,24528.5,0
0.552254,3647.51,-16.2932,46.9386,1.03086,4517.49,0
0.698952,3631.93,-9.33748,61.9706,5.60232,25859.1,0
0.844899,3624.79,4.36141,71.6168,7.41481,29839.9,0
0.991924,3636.75,-3.41543,79.4062,2.84179,13358.5,0
1.13427,3616.18,-5.60646,85.1133,9.263,29819.5,0
1.27552,3614.83,-7.45874,88.2569,9.35337,27572.8,0
1.33305,3624.59,-4.46062,100.246,5.08792,19064.5,0
