0.139001,3640.97,21.4918,48.0836,3.28746,64973.9,0
0.278095,3634.93,11.5724,54.8866,5.12891,54186,0
0.423248,3628.29,-6.94896,60.9203,7.1671,51298.4,0
0.5744,3638.76,-6.59003,61.3836,3.55172,19569.3,0
0.71455,3639.47,5.03696,80.343,2.22492,14736.7,0
0.861871,3634.72,-2.11186,70.9091,4.34357,17727.9,0
1.00225,3646.2,-0.0829465,69.1521,0.690139,3790.81,0
1.14533,3635.5,10.4842,64.0339,4.39731,12664.2,0
1.30074,3624.8,9.63135,64.233,8.00067,19376.7,0
1.43968,3611.21,23.2916,61.4033,1.18379,26945.2,0
1.58516,3604.44,11.5024,63.2501,3.903,28740.5,0
1.71857,3604.6,-2.19831,74.7568,2.87505,26414.7,0
1.85891,3611.73,-11.9209,63.8245,1.00177,20586.5,0
2.00273,3602.53,-16.648,57.3336,4.97165,23702.7,0
2.15311,3602.12,-20.7599,54.278,5.27282,22239.5,0
2.29639,3602.23,-51.1453,60.3511,3.32849,20802.9,0
2.38355,3597.4,-68.9079,73.5139,2.82567,22067.4,0
