0.143324,3648.35,38.7191,-5.13976,0.0223047,11510.8,0
0.289088,3629.72,46.6108,3.3562,0.184107,70157.6,0
0.427345,3599.58,60.4185,-6.56068,0.464967,117991,0
0.564226,3614.36,32.958,14.8171,0.35048,63169.8,0
0.714328,3618.89,-10.6077,32.4772,0.305604,43548.5,0
0.872955,3589.92,23.7654,24.3044,0.633283,68825.7,0
1.01767,3556.82,21.0805,47.1784,1.03377,91562.3,0
1.16249,3553.19,10.7994,49.4646,1.09184,83275.3,0
1.29763,3533.48,20.6621,34.5958,1.50258,89798.7,0
1.44267,3572.81,-11.2227,52.3241,0.795184,53507.7,0
1.5936,3596.02,-51.994,24.1684,0.504522,33872.9,0
1.73613,3573.87,-57.7516,43.2879,0.716661,43848.3,0
1.87745,3559.78,-68.1629,61.8933,0.798077,48056.8,0
1.90797,3571.04,-71.7471,69.7998,0.63838,41382.4,0
