0.154148,3635.37,-2.88205,5.79457,0.155797,94891.5,0
0.298485,3591.84,16.4846,-7.09722,0.628225,194864,0
0.451998,3585.96,-2.19708,-16.7463,0.707801,141673,0
0.59077,3577.23,22.4764,-22.0537,0.802734,123181,0
0.732832,3535.83,-3.97356,-23.7051,1.57328,155787,0
0.878231,3523.49,-19.5657,-28.9617,1.77953,144052,0
1.02151,3551.27,7.83065,-41.1941,1.16082,96647.1,0
1.15929,3548.24,11.3888,-54.529,1.13558,87781.1,0
1.30631,3548.38,-7.0231,-65.7539,1.07399,77790,0
1.44278,3537.66,-19.4393,-74.4405,1.1567,77866.2,0
1.5838,3552.62,-27.1475,-94.688,0.842953,61482.5,0
1.58925,3551.86,-25.97,-96.8393,0.842897,61749.7,0
