0.139095,3650.76,-16.8288,65.568,0.036303,-5481.5,0
0.286306,3635.1,-22.2988,60.2163,0.176304,52036.1,0
0.435275,3587.59,-17.5198,41.333,0.706541,143376,0
0.569464,3533.17,-35.5907,41.8182,1.46302,205163,0
0.707723,3521.06,-37.6112,36.8137,1.70669,182195,0
0.846202,3520.4,-34.2276,70.4172,1.46435,153160,0
0.991182,3532.68,-28.7475,61.7624,1.3621,118360,0
1.13474,3522.66,-28.553,62.9736,1.51153,112216,0
1.28058,3504.93,-31.9522,66.1311,1.75777,113287,0
1.43028,3498.76,-38.333,62.3304,1.8667,105742,0
1.5726,3487.36,-45.4966,59.0394,2.02381,103423,0
1.7112,3497.23,-40.6655,48.0752,2.02994,89277.8,0
1.84534,3478.66,-21.5727,53.6972,2.48273,92849.2,0
1.99187,3477.38,-16.0533,57.5048,2.45865,86662,0
2.14327,3490.51,-34.721,66.0158,1.97185,74412.3,0
2.28491,3485.59,0.0732703,69.4587,2.13706,71952.7,0
2.4303,3469.26,-2.88551,70.7643,2.37879,74369.5,0
2.56667,3458.91,-2.4196,45.0672,3.21733,74451.6,0
2.71226,3469.56,0.522577,33.1656,3.42085,66527.5,0
2.85643,3467.04,0.567345,35.8096,3.36788,64050.7,0
2.99884,3461.13,11.6309,21.2559,4.13298,62980.6,0
3.09775,3459.02,4.4973,7.91242,5.7611,61651.8,0
