0.272583,3636.16,-34.4596,-3.95272,0.493924,50785.6,0
0.552466,3628.54,-39.1591,6.70589,0.763062,38846.3,0
0.826188,3643.48,-40.7192,-3.69881,0.200389,7897.66,0
1.09453,3618.26,-54.4194,13.5916,1.07165,28997.6,0
1.36783,3622.67,-65.3683,1.94914,0.82387,19978.7,0
1.64928,3607.69,-68.8462,21.8082,1.36341,25653,0
1.92327,3594.09,-57.548,13.6053,2.04843,29071.5,0
2.19929,3594.38,-57.4494,1.42647,2.0706,25289.4,0
2.47044,3576.67,-52.2364,6.06468,2.97232,29684.2,0
2.74592,3565.43,-48.9349,-2.21316,3.61794,30798.1,0
3.01887,3560.13,-44.6942,-2.56366,3.82999,29769.7,0
3.29455,3570.08,-34.7687,2.74842,3.27549,24258,0
3.56956,3572.66,-24.0405,22.4579,3.07911,21665.2,0
3.83882,3581.52,-29.4223,22.0505,2.51682,17837.7,0
4.11691,3572.52,-29.7004,36.5729,2.84614,18821.1,0
4.39325,3571.28,-43.5517,12.834,2.93456,17918.1,0
4.66709,3596.01,-37.0199,11.6973,1.71091,11568.9,0
4.94222,3580.54,-32.9314,16.3673,2.44915,14055.2,0
5.2185,3577.21,-41.4815,9.21077,2.56688,13948.2,0
5.49323,3565.48,-45.6018,12.3834,3.12218,15386.1,0
5.76988,3563.33,-52.0896,12.5168,3.13358,15021.2,0
6.04193,3556.52,-54.9456,28.2415,3.33534,15471.2,0
6.31311,3557.7,-53.2933,10.3537,3.32636,14621.1,0
6.59035,3555.6,-57.1665,8.03717,3.36819,14324.4,0
6.86905,3549.1,-61.3241,1.35661,3.58832,14689.3,0
7.15531,3555.39,-62.606,-1.79405,3.14075,13222.1,0
7.42691,3557.59,-70.7726,-2.60622,2.77835,12442.4,0
7.70109,3551.93,-76.9024,-8.78605,2.8861,12734.7,0
7.97549,3568.8,-52.5574,1.77152,2.38977,10180.9,0
8.25057,3559.55,-44.4309,8.46132,2.99808,10962.8,0
8.52498,3566.4,-57.9482,8.59975,2.35531,9806.99,0
8.79493,3576.88,-56.3641,7.61843,1.8196,8314.06,0
9.07041,3575.73,-59.9765,9.54581,1.82619,8188.54,0
9.34178,3586.58,-45.3672,19.7978,1.41724,6789.17,0
9.61433,3593.67,-25.3982,22.8109,1.19824,5858.81,0
9.89348,3592.73,-13.1045,29.8503,1.25605,5788.51,0
10.1715,3595.02,-15.5823,52.6159,0.964933,5405.46,0
10.4439,3572.22,-9.26227,55.9261,2.03882,7447.71,0
10.7212,3569.95,13.3936,61.1282,2.06115,7466.26,0
10.9908,3587.38,18.8877,73.4576,1.04208,5697.49,0
11.2624,3571.63,15.3482,48.7663,2.13692,6958.13,0
11.5381,3589.49,8.88777,47.4247,1.24214,5244.31,0
11.8095,3608.08,4.44879,70.7388,0.218475,3549.28,0
12.0848,3570.44,10.935,88.2077,1.60375,6583.57,0
12.3657,3563.18,9.46056,92.8502,1.88532,7020.62,0
12.429,3563.49,20.6778,97.8768,1.74176,6960.33,0
