0.278117,3650.63,53.203,-7.27339,0.0327505,-2264.56,0
0.547006,3635.09,11.321,-3.23049,0.721661,27265.8,0
0.821928,3650.64,6.045,11.9419,0.146686,-780.245,0
1.09314,3641.11,-5.77404,31.256,0.456064,8133.81,0
1.37595,3644.44,-27.6992,30.4086,0.300897,4038.74,0
1.65659,3624.66,-10.1451,4.55843,1.13556,15295.5,0
1.93044,3632.3,-9.50321,13.8676,0.829233,9169.74,0
2.20672,3648.45,1.64444,33.1231,0.189533,701.121,0
2.48147,3632.51,17.855,19.4654,0.805882,7047.95,0
2.75647,3610.34,7.9621,41.3977,1.63697,14388.2,0
3.02682,3619.62,-2.79085,43.8717,1.23256,10035.9,0
3.30088,3643.42,-7.0762,44.4884,0.315887,1994.26,0
3.58101,3630.83,-15.2551,83.541,0.527108,5352.64,0
3.79865,3619.43,-54.5359,83.9382,0.806299,8048.07,0
