0.276502,3631.75,6.15565,34.352,0.639837,65998,0
0.543619,3624.67,25.7219,33.6744,0.872364,46600.6,0
0.812776,3637.82,50.7721,-6.38513,0.328325,14991.4,0
1.08446,3633.96,52.7365,-10.4061,0.455168,14792.4,0
1.36903,3631.27,57.4101,-34.5631,0.473568,13680.3,0
1.64481,3622.66,44.3284,-51.1064,0.787884,16622.5,0
1.91717,3633.94,32.502,-43.4762,0.444968,8378.21,0
2.19734,3622.03,39.6256,-46.562,0.858705,12728.4,0
2.47227,3615.44,32.144,-50.4067,1.13342,13980.8,0
2.74287,3605.75,26.024,-57.6868,1.49645,16133.5,0
3.01941,3605.63,24.9753,-76.8444,1.32909,14694.2,0
3.29286,3599.14,14.4117,-58.8995,1.77865,15445.5,0
3.57359,3594.66,19.6282,-60.8237,1.94264,15485.4,0
3.85039,3589.67,4.42652,-53.2519,2.29117,15668.2,0
4.12411,3605.36,10.7547,-51.1047,1.55935,10825.3,0
4.39594,3624.61,-0.451197,-29.3499,0.866577,5775.49,0
4.6701,3645.47,2.05078,1.19453,0.107983,970.517,0
4.93918,3628.18,-3.12555,3.2754,0.77233,4417.3,0
5.21374,3608.87,5.5221,-18.3739,1.59076,7889.17,0
5.4893,3604.12,24.8251,-21.532,1.74797,8358.5,0
5.75921,3619.97,3.95474,-24.753,1.07699,5214.13,0
6.03199,3623.03,4.00927,-41.3015,0.874894,4470.39,0
6.30795,3632.88,14.2922,-34.5122,0.506337,2714.76,0
6.58125,3637.54,-28.4325,-61.239,0.180329,1892.94,0
6.85425,3623.35,-24.5279,-61.5464,0.709172,3887.6,0
7.12444,3634.73,-42.4196,-45.5599,0.310639,2143.5,0
7.39879,3621.57,-31.8247,-44.1724,0.855604,3842.05,0
7.67271,3629.22,-37.5655,-38.2822,0.56306,2708.24,0
7.9441,3599.96,-42.2974,-6.74238,1.83196,6299.61,0
8.22554,3591.51,-52.0732,0.279676,2.13356,7111.06,0
8.49767,3599.72,-45.2548,-7.48352,1.78358,5916.58,0
8.77382,3598.63,-54.9713,-8.91704,1.75681,5854.58,0
9.04795,3600.89,-67.4236,-13.6141,1.52708,5427.85,0
9.32355,3577.45,-65.6312,-26.0739,2.53904,7780.85,0
9.59748,3568.36,-79.5769,-25.033,2.75121,8506.53,0
9.87945,3565.85,-74.7292,-36.1882,2.85297,8517.67,0
10.1635,3583.67,-77.5285,-35.9074,1.94791,6525.95,0
10.4383,3574.85,-82.0261,-22.6409,2.29627,7199.33,0
10.706,3583.2,-56.939,-35.8477,2.13334,6239.38,0
10.983,3578.72,-49.6277,-24.8016,2.4879,6489.6,0
11.2444,3560.99,-41.4358,-19.2211,3.56404,7915.97,0
11.5192,3535.59,-33.6212,-15.2205,5.44813,9932.14,0
11.7913,3532.13,-24.9589,-22.3748,5.65107,9996.43,0
12.061,3536.13,-21.1233,-25.7197,5.10995,9441.34,0
12.3344,3536.36,-11.0226,-16.3149,5.32815,9213.35,0
12.6138,3543.61,-3.06256,-22.4861,4.48525,8434.55,0
12.8914,3538.16,-8.54971,-13.9754,4.8944,8675.29,0
13.1617,3532.42,-0.975239,-15.3305,5.41376,8933.38,0
13.4359,3534.52,9.50102,-19.0799,4.94079,8595.09,0
13.7105,3540.88,4.5449,-11.4457,4.44208,7958.6,0
13.9865,3548.86,6.19488,-20.5592,3.42175,7231.38,0
14.2657,3560.08,3.12796,-15.4016,2.56639,6302.9,0
14.5419,3585.54,18.7843,-29.578,0.847898,4432.39,0
14.815,3574.21,31.8149,-21.1024,1.43009,5115.48,0
15.0901,3559.17,16.321,-27.2599,2.4364,6019.43,0
15.365,3555.74,21.5823,-18.3516,2.66569,6134.8,0
15.6388,3551.96,21.1451,-15.055,2.9991,6269.31,0
15.9171,3534.43,17.3166,-19.6262,4.37007,7260.98,0
16.1968,3519.23,25.5058,-22.5703,5.46811,8073.78,0
16.4635,3524.18,25.4542,-26.9183,4.70223,7642.51,0
16.7377,3522.46,20.9594,-35.207,4.57108,7620.16,0
17.0113,3510.88,23.1128,-20.5216,6.25307,8177.98,0
17.2846,3512.41,10.4823,-19.11,6.45223,7960.25,0
17.5517,3524.72,5.27014,-23.3773,4.59165,7137.6,0
17.8307,3517.35,11.5093,-19.9558,5.4717,7439.4,0
18.1007,3519.47,-6.69079,-29.6393,4.65838,7211.39,0
18.3682,3526.11,1.88032,-23.9969,4.07633,6744.95,0
18.6414,3538.58,-1.54227,-30.3407,2.51502,5977.09,0
18.9109,3539.83,-4.13654,-15.2869,2.70702,5826,0
19.176,3535.44,-1.7446,-16.5546,3.11663,5974.38,0
19.4455,3538.34,-3.65494,-16.9619,2.77849,5742.44,0
19.7176,3535.97,5.98345,-16.2535,2.94796,5783.07,0
19.9886,3522.93,10.5437,-10.7523,4.45295,6357.01,0
20.2661,3514.38,4.85717,-8.37398,5.99659,6692.19,0
20.5326,3501.9,-3.34038,-17.4413,7.41639,7212.73,0
20.8034,3513.39,1.05716,-14.616,4.90829,6566.64,0
21.0736,3517.47,-2.76966,-6.17557,4.47368,6288.93,0
21.3496,3506.14,11.8386,-1.13071,6.45805,6738.13,0
21.5762,3495.35,-1.58561,0.8413,6.31785,7167.68,0
