0.15785,3641.98,32.1866,-23.43,1.02201,50821.2,0
0.31895,3631.71,36.1598,-24.6928,2.4612,57357.7,0
0.479208,3630.84,48.2936,-29.5704,2.2775,39992.1,0
0.638909,3619.51,52.8609,-32.9918,3.85649,47723.3,0
0.797573,3617.08,44.3275,-32.0078,4.27991,41269.3,0
0.95694,3615.13,46.2647,-25.4825,4.50327,36438.1,0
1.11602,3613.67,39.3227,-28.927,4.73124,32549.1,0
1.27466,3620.91,37.5628,-27.837,3.47761,22823,0
1.43404,3624.93,31.858,-31.0528,2.82363,17484,0
1.59385,3632,41.5779,-43.3868,1.35425,11293.4,0
1.7539,3629.29,47.1826,-29.5664,1.84219,11808.7,0
1.9133,3623.35,44.6228,-33.9746,2.76842,13929,0
2.07012,3625.82,44.7976,-32.7131,2.34733,11679.2,0
2.23304,3629.6,48.544,-29.5881,1.68402,9136.54,0
2.39138,3631.9,39.9978,-29.7649,1.46651,7568.39,0
2.55173,3627.76,38.0259,-19.6933,2.22711,8714.25,0
2.71486,3628.17,35.5611,-8.54525,2.25673,8042.34,0
2.87431,3633.21,43.0699,-9.13339,1.30233,5842.65,0
3.03303,3637.45,30.5017,-6.61871,0.839765,4137.3,0
3.19203,3629.03,27.8188,-23.794,2.09399,6570.92,0
3.34789,3619.42,26.9315,-34.2414,3.47065,9134.63,0
3.50787,3624.82,21.2678,-26.4493,2.75412,7177.15,0
3.6667,3625.73,20.4053,-35.2901,2.43076,6618.29,0
3.82766,3620.66,19.8217,-45.9123,3.00063,7664.43,0
3.98656,3624.22,23.9763,-62.8371,1.96198,6465.59,0
4.14582,3618.97,22.5954,-58.2868,2.88215,7483.48,0
4.30468,3627.81,28.7022,-61.4293,1.33831,5154.64,0
4.4662,3628.41,34.7711,-72.907,0.870332,4834.95,0
4.62538,3628.42,23.8224,-90.1776,0.47029,4665.2,0
4.78826,3624.95,24.3933,-93.0148,0.859105,5230.95,0
4.95005,3628.89,-0.438557,-85.6656,0.647692,4263.88,0
5.10894,3622.31,-1.59418,-86.8854,1.55319,5419.29,0
5.26947,3620.96,2.85952,-91.1782,1.60454,5511.72,0
5.43137,3609.79,9.81616,-86.4581,3.38373,7403.83,0
5.59042,3607.38,2.10741,-88.2484,3.7142,7623.59,0
5.75131,3609.78,3.9993,-89.2546,3.16305,6992.88,0
5.91045,3609.66,8.56132,-84.5101,3.27365,6824.9,0
6.07201,3611.18,7.3125,-82.1231,3.08833,6392.77,0
6.23092,3614.33,16.1381,-82.7939,2.52779,5725.38,0
6.38931,3608.98,20.7189,-83.3239,3.20644,6419.51,0
6.5486,3617.45,16.7212,-83.4832,1.90037,4971.07,0
6.70587,3605.98,22.9446,-87.7735,3.41726,6564.15,0
6.86471,3609.34,20.0554,-79.9087,3.11758,5922.43,0
7.02329,3611.76,10.9638,-77.8652,2.82626,5445.01,0
7.18328,3611.38,11.3962,-79.5747,2.78214,5376.42,0
7.34275,3603.6,8.95883,-81.2836,3.89684,6319.28,0
7.50079,3601.24,17.9227,-78.7283,4.22428,6500.2,0
7.66145,3596.63,16.2559,-70.7014,5.20705,6965.46,0
7.82278,3591.77,19.3991,-80.5688,5.26943,7443.63,0
7.98402,3592.8,20.2139,-93.5057,4.22835,7164.27,0
8.08634,3590.6,19.7119,-98.042,4.24065,7345.21,0
