0.159867,3640.81,15.5501,14.8453,1.37954,57490.6,0
0.322538,3642.11,16.9264,10.5478,1.18733,24458.7,0
0.485587,3642.9,6.92639,13.7464,1.10504,14618.5,0
0.647555,3630.83,1.58769,15.608,2.91247,29598.5,0
0.808106,3633.62,-2.21168,12.2315,2.46614,20268.9,0
0.970817,3632.72,-2.30671,13.8722,2.61133,17798.9,0
1.13242,3631.13,-2.59808,19.6247,2.74485,16662.5,0
1.29032,3638.23,0.670328,29.8024,1.51982,9124.96,0
1.44969,3641.18,-2.46941,32.5807,1.04296,6085.99,0
1.61231,3638.83,-7.73621,42.2384,1.22948,6926.2,0
1.77012,3636.58,-18.9957,46.0301,1.41266,7581.77,0
1.92805,3626.25,-13.488,50.1321,2.88719,12319.9,0
2.08378,3625.44,-13.8045,43.8522,3.04597,11784.8,0
2.24399,3624.88,-12.1456,51.7548,2.8998,11194.4,0
2.40025,3629.81,-9.49935,54.2365,2.09297,8410.23,0
2.56126,3630.51,-11.3623,54.2005,1.98576,7611.23,0
2.72447,3625.69,-27.8236,60.2634,2.42947,8921.12,0
2.88713,3628.47,-26.0826,62.4034,1.93575,7456.53,0
3.04552,3624.17,-22.0686,65.7492,2.531,8481.35,0
3.20595,3612.85,-21.1622,71.49,3.98737,11587.3,0
3.36693,3614.45,-16.0089,69.4478,3.73707,10557.6,0
3.52754,3618.82,-20.3028,62.8318,3.11131,8839.51,0
3.6885,3615.33,-25.836,70.2937,3.23841,9399.66,0
3.84843,3614.14,-33.5798,72.2326,3.1349,9316.88,0
4.00853,3608.5,-40.8982,75.1513,3.72701,10353,0
4.17086,3608.6,-41.7816,81.1863,3.25957,9926.69,0
4.33289,3618.45,-45.275,81.0684,1.73927,7280.43,0
4.49631,3610.24,-34.5122,75.0163,3.29493,8843.72,0
4.65178,3606.7,-31.6835,79.3835,3.67655,9309.12,0
4.80879,3602.69,-28.392,77.2075,4.3604,9839.11,0
4.96837,3601.58,-33.6113,78.8914,4.28756,9745.43,0
5.13093,3603.5,-25.4349,81.2512,3.84349,9062.62,0
5.29037,3603.38,-28.867,84.6224,3.56763,8812.55,0
5.45489,3606.41,-19.918,86.5166,3.14962,7990.41,0
5.61802,3608.03,-27.7992,88.3504,2.67563,7470.06,0
5.71912,3605.91,-33.5599,94.2458,2.66126,7709.55,0
