0.157592,3635.08,-33.7225,18.7052,2.22768,94704.1,0
0.320566,3636.56,-39.7119,13.3727,1.90695,41929.5,0
0.481175,3637.92,-38.1744,7.58944,1.71832,25115.5,0
0.639165,3638.76,-46.1424,-4.10637,1.45088,17584.4,0
0.802066,3636.97,-58.2916,-11.6456,1.43084,16243,0
0.958773,3638.41,-54.269,-7.71604,1.3314,12092.7,0
1.11667,3636.51,-50.2985,4.30123,1.68673,12078.2,0
1.27683,3634.83,-59.6514,6.08686,1.74508,11880.5,0
1.43484,3632.31,-59.0854,9.24859,2.13045,12329.8,0
1.59527,3623.31,-50.7785,13.984,3.63907,16731.7,0
1.75549,3621.25,-46.3807,19.8847,3.88897,16377.3,0
1.91654,3622.13,-46.6996,20.9636,3.67072,14544.4,0
2.07484,3632.15,-42.4127,19.4411,2.10408,8605.27,0
2.23366,3620.7,-35.8375,15.6385,4.03559,13117.1,0
2.39218,3625.04,-41.6086,11.4789,3.2728,10434.2,0
2.55252,3635.13,-47.1697,18.817,1.59993,5825.38,0
2.71663,3633.55,-55.619,22.8838,1.62287,6056.27,0
2.87492,3627.11,-57.8458,20.9901,2.55753,7962.82,0
3.0341,3619.48,-62.2484,24.5119,3.53704,10058.9,0
3.19551,3612.31,-56.2314,26.2307,4.65089,11795,0
3.35661,3624.82,-58.8802,24.3535,2.52849,7500.33,0
3.51653,3629.84,-65.9622,25.3672,1.52958,5732.2,0
3.67866,3630.76,-68.4656,19.6518,1.37158,5228.85,0
3.83765,3624.6,-63.0918,24.1832,2.37561,6619.8,0
3.99631,3626.37,-58.026,19.074,2.26676,5912.6,0
4.15594,3618.96,-67.3352,26.8709,2.98981,7469.49,0
4.31577,3619.61,-69.5435,25.8349,2.77326,7040.79,0
4.47594,3611.01,-63.3821,17.1919,4.35261,8711.05,0
4.63153,3617.4,-56.489,19.327,3.29612,7039.09,0
4.78985,3609.7,-44.7876,16.9711,4.81516,8413.26,0
4.95375,3609.78,-50.5954,21.0829,4.4679,8118.3,0
5.11526,3610.17,-53.1811,15.1916,4.24522,7787.29,0
5.27441,3608.75,-55.7158,8.14583,4.29639,7821.53,0
5.43246,3608.45,-58.6926,13.8471,4.12118,7649.35,0
5.58892,3601.79,-57.405,16.5296,5.06359,8625.37,0
5.74396,3605.03,-57.3321,9.41162,4.41713,7829,0
5.90288,3603.31,-56.1858,7.84889,4.73349,7908.98,0
6.06403,3600.95,-59.4328,9.63748,4.67975,8089.27,0
6.22387,3596.96,-59.0353,7.68921,5.36093,8521.84,0
6.38387,3596.4,-62.3165,10.7795,4.97681,8396.63,0
6.53942,3598.4,-65.6292,6.39445,4.23196,7890.57,0
6.69825,3600.26,-64.1985,9.08813,3.87531,7426.22,0
6.85526,3598.14,-66.5717,-1.57116,4.01998,7564.57,0
7.01481,3594.14,-67.4026,-1.34907,4.62044,7963.81,0
7.17326,3594.94,-61.2837,-14.608,4.56115,7675.57,0
7.33078,3598.88,-58.2852,-14.331,3.85664,6973.3,0
7.49302,3596.73,-66.9966,-18.9575,3.74708,7109.61,0
7.6517,3600.34,-70.429,-22.7134,2.89033,6490.54,0
7.81292,3601.56,-72.8484,-18.9627,2.615,6199.52,0
7.97256,3594.47,-73.4335,-21.1293,3.70377,6965.41,0
8.13302,3590.03,-74.6275,-18.7776,4.28654,7373.83,0
8.29682,3593.84,-71.1112,-20.2247,3.61971,6769.05,0
8.45857,3592.64,-85.1079,-20.8712,3.11977,6781.81,0
8.61555,3593.37,-76.9344,-26.7585,3.21248,6573.2,0
8.77896,3589.28,-72.8509,-24.1184,4.07168,6916.75,0
8.93817,3586.03,-63.8198,-26.998,4.89485,7157.48,0
9.10073,3578.87,-60.7969,-25.7641,6.22855,7815.51,0
9.26206,3579.86,-58.4418,-21.5165,5.84863,7572.48,0
9.42091,3584.16,-60.4931,-24.2466,4.65101,6988.6,0
9.58118,3586.8,-63.7758,-31.2425,3.7713,6596.09,0
9.73853,3592.25,-61.5004,-29.1007,2.82932,5929.92,0
9.8991,3590.09,-68.1758,-31.6161,2.83284,6051.9,0
10.0575,3585.77,-67.1164,-26.1748,3.6836,6386.25,0
10.2194,3595.9,-83.2594,-34.4214,1.04791,5293.47,0
10.3825,3597.3,-79.8313,-39.4953,0.87363,5075.72,0
10.5439,3590.74,-73.757,-41.9578,2.15189,5620.31,0
10.7081,3585.52,-72.4615,-45.0121,2.97371,6021.31,0
10.8684,3577.49,-76.3794,-51.546,3.88542,6671.26,0
11.0275,3578.36,-76.4693,-49.5861,3.6838,6496.15,0
11.1887,3583.7,-77.5658,-41.6739,2.94516,5925.46,0
11.3494,3584.34,-64.1663,-49.5274,3.09771,5785.25,0
11.5075,3587.85,-67.9543,-50.7719,2.23635,5400.85,0
11.6656,3581.06,-70.5847,-49.4647,3.31562,5910.08,0
11.8261,3580.83,-72.3176,-55.6408,3.00914,5849.07,0
11.9887,3578.92,-61.257,-54.9925,3.7962,5928.62,0
12.1509,3575.99,-66.2144,-56.5562,3.94315,6090.94,0
12.3116,3576.58,-69.88,-48.773,3.87989,5963.2,0
12.4694,3582.8,-72.5362,-46.6895,2.65106,5388.83,0
12.6293,3580.93,-66.7957,-49.0193,3.18255,5469.03,0
12.7898,3581.3,-68.388,-49.0736,2.99144,5371.74,0
12.946,3582.9,-66.2075,-38.3311,3.11806,5183.14,0
13.1054,3579.8,-69.2153,-45.5253,3.26677,5356.58,0
13.2653,3577.71,-63.4413,-54.1796,3.57817,5449.93,0
13.4251,3583.58,-75.6595,-49.432,2.07458,4947.75,0
13.5835,3578.73,-83.2976,-46.223,2.60349,5246.92,0
13.6887,3581.23,-87.3145,-48.8014,1.84628,5023.92,0
