0.159441,3638.46,-75.0169,14.7892,1.37527,72353,0
0.324364,3637.45,-69.0797,10.8628,1.69686,38695.2,0
0.484675,3638.62,-75.9559,10.329,1.33278,23479.5,0
0.642896,3633.67,-71.6267,16.0413,2.11153,25398.5,0
0.804797,3635.59,-70.4547,17.1805,1.86012,17908.7,0
0.964133,3634.12,-78.9943,14.7765,1.82466,16468.7,0
1.12499,3625.61,-83.9465,7.65357,2.9026,21682.6,0
1.28132,3627.25,-75.2624,9.22567,2.8801,17756.4,0
1.43866,3630.77,-66.2009,5.0244,2.60396,13366,0
1.59976,3626.1,-58.6501,3.54488,3.483,14940.1,0
1.75915,3623.46,-56.2339,8.30265,3.82591,15089.6,0
1.92321,3629.48,-49.4688,6.68875,2.92293,10671.1,0
2.08153,3630.52,-53.5294,-5.94179,2.58299,9356.59,0
2.24278,3630.59,-46.1661,-1.76396,2.68768,8652.4,0
2.40359,3635.31,-37.3628,-9.58142,2.05243,6111.87,0
2.56014,3633.57,-23.1884,-4.34907,2.46265,6415.88,0
2.72148,3633.89,-13.1029,-4.53476,2.45039,5919.73,0
2.8815,3625.17,-9.85848,-11.46,3.75701,8617.74,0
3.04018,3625.71,-7.99053,-9.14338,3.61498,7988.62,0
3.20198,3632.18,-9.16531,-5.4478,2.55357,5564.99,0
3.36528,3643.62,-15.3492,-16.5723,0.710394,1895.2,0
3.52466,3643.99,-13.7491,-26.6355,0.581935,1705.56,0
3.68006,3639.93,-13.8774,-27.1441,1.1796,2736.1,0
3.83988,3634.01,-10.9231,-34.5482,1.99442,4164.82,0
3.99717,3631.7,-16.5917,-44.5768,2.14653,4577.88,0
4.15745,3632.03,-9.65373,-38.4177,2.19155,4322.77,0
4.3214,3631.7,-1.57885,-36.6563,2.24711,4234.77,0
4.4816,3633.96,-8.39556,-37.8999,1.84651,3578.96,0
4.64414,3638.54,-3.84945,-45.1713,1.05007,2466.93,0
4.80674,3642.43,-2.99213,-36.1288,0.616739,1574.54,0
4.96733,3636.24,-0.0449183,-20.0844,1.73214,2769.11,0
5.12994,3641.06,-0.33868,-14.9695,1.01756,1741.99,0
5.29355,3638.85,-6.37996,-10.6284,1.36662,2106.87,0
5.45613,3638.97,4.40959,-31.2081,1.1966,2021.69,0
5.61503,3642.43,9.00721,-25.7458,0.733225,1348.3,0
5.77806,3636.34,10.3641,-19.7267,1.69562,2363.71,0
5.93537,3637.28,4.6999,-29.7671,1.44894,2142.82,0
6.09599,3628.67,5.43032,-31.5379,2.76493,3498.71,0
6.25664,3623.47,7.2387,-37.0694,3.47308,4240.11,0
6.4179,3629.05,10.1556,-42.8048,2.39997,3264.05,0
6.57506,3626.79,7.57593,-48.464,2.6293,3529.32,0
6.73897,3630.74,13.6084,-43.9968,2.05144,2858.22,0
6.89755,3626.27,29.1965,-55.1217,2.34872,3440.38,0
7.05688,3627.52,29.9632,-50.6875,2.22474,3185.6,0
7.21446,3636.88,29.7688,-65.6436,0.506904,1819.2,0
7.37207,3624.3,19.0393,-76.8858,2.13621,3486.5,0
7.53081,3630.21,24.2329,-68.5823,1.44454,2628.38,0
7.69514,3627.92,26.4658,-71.8064,1.65669,2869,0
7.85594,3628.03,20.8666,-81.9088,1.36428,2797.21,0
8.0156,3623.55,13.4222,-86.1138,1.93739,3299.23,0
8.17324,3623.81,4.91839,-85.4366,1.9688,3203.85,0
8.33363,3626.89,9.62688,-84.9425,1.51442,2772.99,0
8.49294,3625.26,-4.70366,-78.5535,1.97249,2912.87,0
8.65174,3625.25,-5.13935,-73.4702,2.15882,2861.11,0
8.81311,3629.66,2.65642,-68.9473,1.60764,2308.4,0
8.97634,3628.66,-2.07161,-85.4805,1.25882,2377.66,0
9.13187,3620.36,-17.5155,-85.451,2.37825,3245.84,0
9.28873,3619.69,-21.7936,-85.5091,2.37641,3262.95,0
9.44679,3620.85,-22.8801,-90.7426,1.9725,3085.42,0
9.60419,3619.17,-13.4855,-90.9023,2.25507,3210.27,0
9.7645,3627.41,0.144078,-90.0824,1.10538,2313.44,0
9.92466,3630.68,6.27234,-80.5451,0.922562,1946.87,0
10.0819,3631.74,17.5544,-71.6954,0.96265,1811.57,0
10.2414,3633.44,8.29491,-66.6865,0.894591,1617.21,0
10.4029,3640.21,13.6871,-55.2394,0.146153,941.364,0
10.5612,3632.26,18.9711,-62.534,1.10023,1679.94,0
10.719,3624.66,31.5117,-52.3612,2.34474,2364.25,0
10.8793,3629.07,31.6411,-49.7094,1.72691,1924.07,0
11.0406,3638.92,25.7166,-43.6686,0.442709,1003.84,0
11.2018,3640.12,15.3777,-35.9936,0.467161,881.597,0
11.3587,3630.43,18.9241,-24.7043,2.0366,1723.24,0
11.5135,3622.08,15.555,-27.7721,3.37879,2424.74,0
11.6728,3616.65,11.5912,-32.0417,4.18225,2857.19,0
11.8327,3622.24,7.41967,-26.8222,3.34022,2345.91,0
11.9955,3621.07,12.1403,-23.2797,3.45292,2411.45,0
12.1563,3616.57,8.08609,-30.3978,3.96642,2750.19,0
12.3126,3620.49,3.32919,-14.1152,3.4184,2396.47,0
12.4735,3621.87,6.93383,-9.42648,3.1235,2254.93,0
12.6321,3621.38,9.32151,-16.5438,3.09111,2265.52,0
12.7925,3616.93,6.94273,-17.0826,3.73271,2585.1,0
12.9509,3606.02,0.64408,-19.9949,5.25953,3395.8,0
13.1108,3605.39,2.20812,-18.9023,5.04745,3402.54,0
13.273,3603.03,4.60274,-27.4708,5.07389,3538.44,0
13.4319,3598.41,8.28352,-22.778,5.74043,3841.11,0
13.594,3595.1,18.0682,-22.5175,5.98033,4038.84,0
13.7504,3594.32,11.589,-25.9547,5.8657,4049.68,0
13.9057,3605.04,11.0743,-26.6903,3.49431,3233.08,0
14.0627,3598.61,5.39028,-25.387,4.56596,3654.02,0
14.2203,3595.73,5.56823,-19.8235,5.08335,3816.33,0
14.3808,3599.54,4.49202,-19.8976,4.15064,3508.78,0
14.5384,3596.74,2.88168,-18.9904,4.57539,3663.32,0
14.699,3600.61,0.214311,-18.0129,3.73112,3359.99,0
14.8614,3595.27,0.260758,-10.0584,4.71436,3682.45,0
15.0199,3595.54,1.37911,-12.5697,4.55627,3625.6,0
15.1775,3600.1,12.3286,-5.35181,3.54497,3287.83,0
15.3379,3591.82,7.94313,-12.8073,5.11396,3793.54,0
15.4971,3594.34,8.60734,-15.1617,4.3837,3591.64,0
15.6545,3582.84,1.16057,-11.4126,6.59447,4290.34,0
15.8127,3593.07,0.993388,-6.01204,4.04752,3600.07,0
15.9728,3584.75,3.56591,-6.49537,5.57045,4085.12,0
16.1301,3584.62,6.68475,1.37174,5.42708,4053.21,0
16.2908,3584.92,1.31921,-6.59745,5.00136,3994.97,0
16.4521,3574.51,2.82581,-3.68273,7.01255,4588.66,0
16.6101,3574.05,-2.71947,-7.71467,6.79663,4572.59,0
16.771,3575.31,-8.02274,-12.8765,5.98317,4453.48,0
16.931,3576.58,-13.3873,-11.5827,5.4299,4336.34,0
17.093,3579.69,-13.8126,-15.0437,4.40639,4113.45,0
17.2518,3579.39,-3.06659,-13.4775,4.50212,4092.62,0
17.4125,3567.79,-9.3734,-6.44554,7.14123,4721.36,0
17.5713,3568.13,-5.11535,-6.38929,6.60399,4659.3,0
17.7317,3566.86,-4.12166,-6.43453,6.63243,4689,0
17.888,3569.42,-3.23717,-8.08283,5.61774,4504.74,0
18.0471,3574.51,-11.7784,-4.20356,4.04203,4183.07,0
18.2095,3570.19,-4.95925,-5.70983,5.01911,4383.03,0
18.3714,3571.2,-10.371,-14.7312,4.43017,4289.26,0
18.534,3573.5,-17.5652,-10.7188,3.77277,4127.64,0
18.6936,3575.33,-13.5118,-10.4137,3.36995,3994.36,0
18.8492,3573.53,-11.5358,-13.4801,3.73849,4056.99,0
19.0095,3578.54,-15.2608,-19.9459,2.34244,3759.1,0
19.1689,3570.98,-16.7921,-15.5081,4.15678,4122.26,0
19.3311,3567.72,-11.7064,-18.5429,4.83547,4256.21,0
19.49,3563.69,-14.4238,-22.0474,5.54338,4428.68,0
19.6505,3561.9,-14.1574,-23.8156,5.65971,4483.35,0
19.8138,3565.05,-11.2951,-28.7456,4.42792,4287.44,0
19.9774,3566.73,-5.67344,-25.2742,4.05027,4168.15,0
20.1373,3571.14,-6.53615,-26.6684,2.71917,3916.11,0
20.297,3569.79,-9.50321,-22.6216,3.15159,3951.64,0
20.4573,3569.99,-9.57448,-26.6502,2.89122,3910.92,0
20.6185,3567.66,-2.8606,-36.2802,3.11912,3993.31,0
20.7772,3568.08,-0.70492,-35.4353,3.0568,3942.66,0
20.9372,3556.35,-6.13361,-31.6216,6.10147,4472.79,0
21.0945,3558.09,-13.7719,-31.5972,5.12675,4357.17,0
21.2547,3561.39,-11.3476,-30.5577,4.26015,4168.78,0
21.4132,3563,-11.3535,-28.414,3.79171,4063.02,0
21.5717,3565.4,-15.2327,-34.8463,2.75649,3921.98,0
21.732,3559.02,-17.761,-29.9994,4.42741,4186.38,0
21.8915,3564.47,-14.7174,-33.0662,2.88343,3906.9,0
22.0488,3566.1,-15.9649,-32.7967,2.43359,3805.32,0
22.2127,3561.04,-26.2373,-32.7512,3.33257,4004.93,0
22.3755,3564.17,-25.3673,-32.8841,2.55193,3835.99,0
22.5352,3558.41,-28.7547,-32.9368,3.78973,4064.29,0
22.6991,3561.63,-28.516,-31.1646,3.03808,3893.12,0
22.8597,3562.44,-32.7186,-40.2933,2.14029,3830.18,0
23.0203,3560.01,-23.5219,-41.1249,2.97114,3909.03,0
23.1787,3568.23,-13.2796,-48.9744,0.802807,3527.89,0
23.3395,3568.37,-11.6495,-49.3958,0.757992,3497.55,0
23.4983,3561.07,4.61551,-57.2188,1.95236,3784.73,0
23.6596,3556.48,10.6897,-63.6704,2.47145,3952.7,0
23.8196,3554.07,12.7663,-58.1256,3.38986,4027.39,0
23.9813,3546.11,8.00134,-59.8767,5.12032,4331.94,0
24.1404,3550.01,3.99733,-61.2392,3.8732,4141.97,0
24.3014,3549.61,1.27015,-56.2791,4.29435,4131.24,0
24.463,3549.65,0.926947,-50.5294,4.75254,4102.1,0
24.6215,3545.93,10.294,-53.6512,5.17439,4226.66,0
24.781,3551.59,20.0187,-56.979,3.07605,3971.01,0
24.942,3544.8,21.3633,-53.6939,4.93967,4217.7,0
25.1004,3541.72,24.2509,-49.579,5.69958,4314,0
25.2618,3544.7,24.9292,-42.6075,5.07961,4168.48,0
25.4235,3543.09,23.627,-49.4406,4.8392,4205.13,0
25.5826,3548.44,23.4626,-48.286,3.38639,3969.85,0
25.7443,3542.59,26.035,-45.2607,5.0254,4172.17,0
25.9018,3547.04,23.3125,-52.2192,3.24686,3974.97,0
26.062,3546.18,13.4053,-48.7812,3.98613,3983.74,0
26.2232,3541,14.7165,-44.8781,5.58275,4156.51,0
26.3828,3537.8,15.4408,-41.6426,6.56477,4252.94,0
26.5443,3538.55,14.1819,-41.0366,6.12587,4198.55,0
26.7052,3545.47,10.2597,-41.7128,3.91597,3914.33,0
26.8654,3543.1,7.38597,-33.2705,5.13336,3979.26,0
27.0259,3537.1,0.563848,-26.3283,7.76971,4177.55,0
27.1844,3534.17,-1.54085,-24.0405,8.29439,4261.03,0
27.3455,3536.35,-5.9683,-22.1433,6.85403,4156.1,0
27.503,3536,-7.02444,-20.4492,6.85651,4145.08,0
27.6632,3536.88,-3.81494,-18.5479,6.22965,4089.14,0
27.8231,3549.96,-3.53709,-22.0703,1.10738,3595.64,0
27.9815,3551.98,-3.1538,-25.4412,0.287038,3502.98,0
28.1398,3549.28,-3.49731,-27.114,1.01744,3579.19,0
28.302,3547.02,1.30529,-19.5156,2.21182,3638.53,0
28.4643,3538.78,3.34443,-14.2708,5.35095,3907.22,0
28.6242,3533.2,-0.611897,-10.6195,7.65408,4080.36,0
28.7841,3531.29,4.16113,-9.03351,8.14823,4124.13,0
28.9422,3529.58,6.32686,-9.63854,7.8692,4160.7,0
29.0986,3516.9,8.88109,-4.10851,3.15064,4574.21,0
29.2589,3509.95,12.0949,-8.70658,7.04986,4786.52,0
29.417,3505.7,12.0213,-7.28032,10.3666,4905.29,0
29.5783,3499.6,14.4833,-4.67937,3.42305,5084.86,0
29.7396,3490.75,12.8218,-1.11935,2.83543,5354.92,0
29.901,3488.86,11.011,-9.47532,1.84058,5389.09,0
30.0612,3485.16,7.87731,-1.38521,6.40289,5483.38,0
30.131,3487.09,2.74836,2.21657,10.9569,5406.86,0
