0.15761,3646.81,6.41978,13.3646,0.576042,20237.4,0
0.313342,3637.55,14.793,16.005,1.90273,39741.9,0
0.470098,3631.91,18.3055,18.5107,2.7015,38475.6,0
0.630456,3634.52,17.4487,25.889,2.22689,24551.3,0
0.786611,3627.84,25.143,20.3315,3.23874,28174.9,0
0.943929,3633.07,25.3642,26.4351,2.3035,17937.5,0
1.10393,3631.07,27.0892,25.5541,2.55349,17143.6,0
1.26536,3623.98,25.9857,21.6843,3.69516,20560.6,0
1.4302,3617.78,29.0388,26.2283,4.49656,22525.6,0
1.58634,3618.76,25.1739,25.6189,4.19714,19694.7,0
1.74498,3612.92,23.9894,18.0069,5.13418,21249.5,0
1.91016,3613.22,19.115,23.48,4.87331,19257.2,0
2.06904,3610.92,21.9839,17.7154,5.11328,18885.7,0
2.23143,3610.75,23.993,17.0723,4.89548,17591.8,0
2.38893,3606.5,23.2547,16.3606,5.47787,18209.5,0
2.5478,3608.73,24.2087,19.8239,4.89575,16196.6,0
2.71015,3611.68,26.2942,23.4408,4.15681,14139.7,0
2.87195,3607.25,23.4709,26.7626,4.79818,14884.8,0
3.02707,3599.41,26.1973,21.4876,6.1126,16712.1,0
3.18476,3597.78,28.7253,19.5698,6.07905,16397.7,0
3.34308,3606.19,27.9543,24.2455,4.2799,13104.9,0
3.50232,3605.01,21.3107,20.4829,4.49719,12844.6,0
3.66491,3609.05,18.2101,31.1654,3.48103,11173.9,0
3.82658,3602.82,3.72991,33.9481,4.54931,12329,0
3.98997,3606.18,6.04975,35.7377,3.79283,10981.8,0
4.15064,3602.76,11.6775,33.3755,4.33743,11380.2,0
4.31297,3603.79,3.51958,29.7258,4.06409,10715,0
4.47244,3603.44,14.8919,32.5035,3.86596,10410.1,0
4.63101,3608.77,11.3241,29.3121,2.90728,8902.99,0
4.79039,3619.54,4.116,29.5874,1.01568,6358.28,0
4.95172,3618.99,-1.28261,43.8778,0.8237,6262.87,0
5.10868,3617.88,-0.747371,60.1845,0.589339,6287.8,0
5.26542,3619.05,-2.63435,68.9854,0.143264,5878.24,0
5.42554,3611.22,-2.94662,60.2279,1.68158,7147.62,0
5.58723,3616.48,-3.34694,73.0874,0.414078,6000.13,0
5.74442,3615.64,7.98037,75.525,0.450297,5980.68,0
5.90573,3607.5,17.722,78.9485,1.52689,7195.7,0
6.06517,3603.39,20.455,68.8922,2.51304,7684.91,0
6.22123,3615.9,21.2287,79.4491,0.124025,5481.24,0
6.38335,3614.04,32.702,66.6347,0.695372,5633.15,0
6.5406,3604.74,23.5822,79.2501,1.82754,6920.18,0
6.69794,3597.26,19.3293,86.5112,2.741,7874.5,0
6.85897,3594.02,31.2302,78.6943,3.43185,8162.07,0
7.01706,3596.37,31.0545,73.4639,3.27631,7642.75,0
7.18062,3593.92,25.0479,72.8396,3.80753,7810.16,0
7.34308,3591.72,30.4585,76.1898,3.82295,7937.07,0
7.50473,3591.83,23.8745,74.0685,3.88632,7751.5,0
7.66734,3596.19,25.2022,66.3083,3.34595,7017.47,0
7.82609,3597.46,21.5999,57.1337,3.38833,6713.12,0
7.98698,3598.88,29.8978,57.6747,2.86936,6400.56,0
8.14581,3593.43,24.0739,62.4099,3.72466,6944.51,0
8.30565,3596.1,39.816,63.6318,2.89407,6489.06,0
8.4652,3593.39,41.7727,62.1533,3.27161,6687.88,0
8.62329,3597.03,45.8649,64.4928,2.44574,6142.23,0
8.78148,3591.61,56.0369,60.9759,3.16295,6649.06,0
8.939,3580.1,54.0422,62.5761,5.12437,7819.62,0
9.09957,3580.29,59.6001,65.1908,4.57051,7660.41,0
9.25467,3585.73,52.2623,58.1144,4.08729,6944.68,0
9.41679,3589.97,57.8889,69.4746,2.57872,6374.79,0
9.57468,3597.35,61.8295,71.2186,1.21435,5498.75,0
9.7342,3600.29,67.9158,69.6347,0.616366,5106.58,0
9.89471,3599.11,54.5784,68.5645,1.24106,5142.68,0
10.0525,3586.71,57.4968,75.3,2.90853,6296.13,0
10.2141,3585.84,49.4055,82.4917,2.87079,6281.87,0
10.3763,3579.29,41.4169,80.3456,4.21139,6814.43,0
10.5366,3575.29,42.5275,76.6783,5.08065,7090.73,0
10.6947,3567.58,47.8539,77.1547,6.0266,7707.07,0
10.8549,3567.76,42.396,71.0731,6.28245,7576.19,0
11.0186,3570.29,44.7699,72.8115,5.37307,7233.76,0
11.1811,3573.14,41.0181,70.7014,4.90983,6874.12,0
11.3407,3574.46,31.6333,66.266,4.77785,6660.95,0
11.4972,3572.36,26.7959,76.9269,4.58048,6753.09,0
11.6539,3572.12,20.8894,78.1154,4.52718,6682.33,0
11.8129,3573.26,19.8915,77.2976,4.21829,6496.36,0
11.9717,3572.71,25.0838,81.0837,3.775,6455.82,0
12.1369,3571.83,17.8771,79.2534,4.11035,6440.92,0
12.3002,3566.24,22.3075,78.0608,5.03043,6809.25,0
12.4582,3565.87,21.3333,77.6283,5.01184,6752.63,0
12.6155,3558.29,21.5946,79.7475,6.11187,7269.46,0
12.781,3571.6,24.3968,74.0878,3.52392,6134.18,0
12.9383,3565.39,26.8615,77.5767,4.41255,6539.17,0
13.0962,3570.81,33.95,75.8697,3.22203,6046.92,0
13.2573,3581.47,33.9006,75.0921,1.29094,5169.06,0
13.4161,3580.11,27.3671,65.192,2.15239,5209.64,0
13.5755,3574.79,27.0091,67.3038,3.03947,5539.83,0
13.7347,3572.72,31.0132,62.2969,3.50395,5626.34,0
13.8917,3573.94,32.0489,60.8509,3.21796,5475.11,0
14.0521,3577.65,28.5244,73.9382,1.8688,5148.4,0
14.2164,3583.66,34.5764,68.6883,0.892869,4666.18,0
14.3719,3565.8,39.0995,74.8747,3.70785,5858.38,0
14.5317,3564.66,31.679,72.7164,4.1824,5872.6,0
14.6916,3569.07,28.4718,79.8737,2.88515,5508.93,0
14.8514,3560.87,29.0188,74.0616,4.70645,6001.78,0
15.0126,3557.19,26.0683,67.9006,5.83345,6181.93,0
15.1717,3558.73,28.864,69.5817,4.88221,6015.68,0
15.332,3556.88,27.0934,79.5576,4.51554,6073.51,0
15.4941,3556.17,27.4606,86.4699,3.91709,6056.04,0
15.6551,3559.17,26.5647,79.0749,3.80983,5802.05,0
15.8127,3557.75,20.6213,77.6727,4.24984,5833.71,0
15.9715,3559.57,24.7723,78.0564,3.68493,5662.14,0
16.1311,3567.79,28.7166,69.83,2.49515,5096.15,0
16.286,3557.43,28.5903,84.4384,3.45756,5683.95,0
16.4473,3552.66,30.8875,78.1349,4.6294,5918.48,0
16.6073,3560.84,28.5761,79.1919,2.8776,5368.84,0
16.7684,3555.58,25.4779,78.2904,4.02169,5630.91,0
16.9274,3562.75,28.5819,76.3696,2.58857,5154.07,0
17.0869,3565.9,21.97,68.7103,2.64734,4921.89,0
17.248,3562.07,17.8289,65.6229,3.73542,5097.73,0
17.4094,3561.48,17.0244,67.8957,3.63872,5084.77,0
17.573,3562.12,11.2261,70.0447,3.33574,5000.82,0
17.7362,3555.03,3.32451,70.0822,4.76851,5354.57,0
17.8947,3548.54,-0.511984,73.9546,5.59277,5669.76,0
18.0533,3553.56,1.33775,81.4738,3.62804,5342.13,0
18.2147,3546.72,1.30715,83.592,4.82177,5670.33,0
18.3734,3545.97,5.32098,81.0586,5.0179,5662.17,0
18.5343,3542.63,8.32515,82.075,5.48197,5792.8,0
18.6956,3541.65,6.1571,87.4307,4.90613,5795.73,0
18.8542,3542.99,7.9682,92.5119,3.96063,5675.68,0
19.0155,3549.1,13.6092,92.0154,2.68857,5306.29,0
19.175,3543.7,13.322,91.9348,3.71878,5543.78,0
19.3342,3540.76,10.5904,87.8369,4.66029,5650.23,0
19.492,3538.9,12.0566,84.9593,5.07373,5699.95,0
19.6546,3536.95,17.3455,87.8705,4.83158,5751.6,0
19.8139,3535.68,14.0653,90.2285,4.68369,5769.47,0
19.9752,3527.43,13.8109,86.7929,6.52516,6136.22,0
20.1335,3533.02,20.5713,84.2965,5.28121,5810.39,0
20.2899,3540.28,17.1016,83.2919,3.76658,5407.5,0
20.4549,3546.58,21.8433,88.7268,1.81414,5056.12,0
20.6141,3551.68,20.4778,87.3551,0.935075,4769.57,0
20.7712,3550.86,20.8444,88.2858,1.00416,4773.08,0
20.926,3543.96,14.7691,88.6684,2.44401,5067.24,0
21.0093,3537.88,18.366,98.3292,2.62223,5336.87,0
