0.160706,3641.16,-53.5408,35.1754,1.13044,54977.1,0
0.32127,3644,-63.7876,33.6406,0.534147,18661.3,0
0.484242,3646.2,-66.6019,38.7387,0.115202,7854.4,0
0.645816,3635.96,-59.612,33.3263,1.77607,21735.6,0
0.808853,3638.07,-51.5722,31.0146,1.63598,14751.6,0
0.972198,3641.08,-48.2116,43.3268,1.07087,9171.74,0
1.12967,3639.01,-50.2916,32.6899,1.4745,9727.58,0
1.28949,3643.28,-46.8554,36.725,0.872983,5210.19,0
1.44797,3634.84,-49.7901,40.5079,1.9798,10472.8,0
1.60998,3634.29,-41.509,38.7625,2.19467,9756.1,0
1.76926,3633.36,-48.5313,37.7826,2.20444,9403.01,0
1.93043,3626.79,-56.3958,44.8085,2.85226,12021.4,0
2.09257,3624.09,-48.1617,46.1659,3.30652,12384.1,0
2.25373,3620.52,-49.1981,44.0235,3.76681,13080.9,0
2.4166,3630.63,-50.8681,46.3824,2.13619,8015.37,0
2.57715,3623.4,-48.401,44.4473,3.1913,10322.2,0
2.73942,3623.73,-37.8392,52.5863,3.15826,9590.56,0
2.89922,3617.64,-36.1206,54.2647,4.00645,11161.6,0
3.05855,3613.31,-34.2553,53.9511,4.57201,11995,0
3.21794,3619.06,-36.9021,56.827,3.4753,9615.25,0
3.38041,3612.42,-43.6759,59.0476,4.20279,11116.3,0
3.54136,3604.64,-45.6419,60.4514,5.175,12808.6,0
3.69988,3603.54,-42.9728,55.7322,5.38167,12557.2,0
3.85693,3604.31,-44.3004,59.0655,4.87231,11845.1,0
4.01763,3602.33,-45.2808,56.4541,4.81211,11865.5,0
4.17643,3605.5,-41.5576,47.212,4.47084,10655.4,0
4.33688,3611.05,-42.3572,48.2452,3.31251,8980.07,0
4.50044,3608.57,-43.3847,54.5964,3.42595,9205.88,0
4.66084,3602.02,-53.5092,52.5764,4.18582,10295,0
4.81822,3594.88,-58.0546,52.0693,5.12384,11440.2,0
4.97903,3593.25,-57.954,45.3191,5.29883,11398.2,0
5.13891,3591.01,-60.0171,44.4017,5.43338,11479.3,0
5.30018,3585.65,-55.0782,43.5942,6.32885,12140.6,0
5.46304,3589.63,-53.5948,36.3193,5.59389,11050.3,0
5.62381,3588.45,-56.7379,35.9432,5.48628,10944.5,0
5.78513,3588.3,-62.3293,40.2508,5.02722,10665.3,0
5.94229,3586.95,-62.8852,37.8729,5.02736,10610,0
6.10175,3591.69,-62.8229,36.5677,4.01666,9556.42,0
6.26083,3587.84,-64.5268,38.4275,4.48437,9928.29,0
6.42015,3587.76,-64.0001,41.7948,4.23698,9694.82,0
6.58419,3584.83,-60.2714,34.0484,4.89224,9897.25,0
6.74066,3581.07,-54.2993,39.9961,5.46198,10226.4,0
6.89816,3576.09,-55.6021,51.0554,5.62998,10714.9,0
7.06078,3573.89,-51.0337,50.9449,5.89792,10779.6,0
7.21994,3575.82,-54.2937,55.2485,4.98861,10274.2,0
7.37852,3578.61,-55.7063,52.4064,4.36667,9675,0
7.5381,3575.13,-53.7117,58.2492,4.70287,9932.02,0
7.69793,3568.59,-50.2621,58.0414,5.87369,10575.6,0
7.85943,3568.66,-54.6727,49.4045,5.71734,10349.7,0
8.02178,3574.74,-58.632,50.0275,4.04476,9382.35,0
8.178,3574.08,-58.8459,51.776,3.9599,9283.59,0
8.33777,3572.49,-53.5048,52.2169,4.48349,9296.41,0
8.49363,3572,-63.161,42.2402,4.37754,9182.87,0
8.65117,3570.24,-62.6547,43.4795,4.56469,9220.07,0
8.81187,3570.28,-64.8419,42.5542,4.2254,9046.58,0
8.97214,3571.66,-64.5775,44.5795,3.8573,8732.03,0
9.13145,3576.75,-57.6822,39.7524,3.19681,8021.22,0
9.29216,3572.64,-53.4805,44.3834,3.92455,8325.6,0
9.45525,3574.86,-51.7545,46.5689,3.29563,7946.59,0
9.61559,3567.43,-52.3407,53.3993,4.31309,8586.87,0
9.77902,3566.76,-60.318,58.6324,3.66764,8512.15,0
9.93833,3558.92,-65.1705,65.9095,4.4524,9164.85,0
10.1014,3554.82,-66.1884,73.1039,4.55357,9422.95,0
10.1993,3554.29,-65.4133,75.6561,4.42255,9384.11,0
