0.161814,3644.64,-13.5742,-6.85008,0.779972,33117.1,0
0.321855,3639.42,-33.1551,-1.35174,1.38405,32886,0
0.48215,3640.8,-34.8599,3.20061,1.1421,19084,0
0.641348,3644.51,-35.5986,-17.9452,0.530378,8559.16,0
0.801836,3643.66,-10.4387,-26.8537,0.78995,7901.36,0
0.963786,3645.36,-2.8859,-20.7104,0.611625,4810.39,0
1.12532,3647.47,-19.3695,-22.4515,0.218632,2246.08,0
1.28433,3639.14,-30.4804,-24.4053,1.31244,8456.13,0
1.44163,3640.54,-24.4648,-30.5101,1.08173,6560.96,0
1.60528,3636.33,-33.9004,-36.8024,1.52395,8512.71,0
1.76335,3637.87,-27.9849,-50.9292,1.13526,6878.19,0
1.92193,3633.21,-41.2134,-43.6061,1.8011,8734.86,0
2.08169,3627.37,-30.7605,-35.2089,2.97936,10872.8,0
2.24132,3634.01,-30.4776,-29.991,2.08829,7134.86,0
2.39901,3626.03,-27.0639,-29.5587,3.34473,9991.39,0
2.55686,3636.01,-28.0051,-41.6684,1.62197,5472.4,0
2.7158,3640.83,-18.1593,-45.9433,0.921474,3375.83,0
2.87466,3635.9,-18.3753,-48.4656,1.59923,4906.31,0
3.03406,3638.57,-20.5748,-44.7903,1.22988,3765.81,0
3.19284,3646.77,-26.2882,-39.2768,0.0639662,1011.96,0
3.35369,3646.55,-23.8152,-21.5905,0.308331,1029.14,0
3.51346,3644.43,-20.1739,-22.5977,0.635972,1585.54,0
3.67229,3646.39,-25.7715,-27.8842,0.25537,983.929,0
3.83395,3645.67,-21.0013,-30.2589,0.372397,1129.68,0
3.99018,3641.61,-16.857,-31.0255,0.984789,2103.07,0
4.15241,3639.53,-23.8603,-38.8056,1.13188,2521.71,0
4.31565,3637.03,-51.8182,-44.4023,1.00524,3004.9,0
4.47431,3637.47,-40.4141,-51.167,1.01542,2800.51,0
4.63623,3636.83,-32.8536,-68.0175,0.839547,2840.06,0
4.79439,3637.83,-33.659,-62.23,0.818613,2537.98,0
4.95339,3635.23,-38.8457,-56.2123,1.25193,2980.92,0
5.11485,3642.58,-49.2392,-44.2384,0.25269,1451.23,0
5.27545,3630.47,-57.6067,-32.3723,2.00123,3701.46,0
5.43443,3632.22,-55.12,-36.9461,1.73041,3271.52,0
5.59712,3627.83,-34.5038,-45.5189,2.61044,3960.82,0
5.75696,3623.5,-41.7814,-47.5484,3.04734,4603.53,0
5.91507,3619.25,-43.4611,-47.7402,3.55097,5198.83,0
6.07356,3626.32,-48.134,-54.5856,2.15882,3898.31,0
6.23606,3619.36,-48.4011,-60.3494,3.09094,4913.76,0
6.3967,3621.45,-42.9572,-62.5342,2.72411,4463.51,0
6.55789,3626.1,-48.15,-49.3618,2.21079,3645.14,0
6.71803,3617.5,-45.2234,-58.8995,3.30006,4838.15,0
6.88126,3617.62,-38.7033,-58.2894,3.38387,4705.73,0
7.04341,3612.32,-32.1456,-52.6981,4.3942,5350.33,0
7.20717,3615.75,-30.3972,-48.9186,3.85152,4752.43,0
7.36958,3633.17,-25.489,-62.8662,0.792073,2283.07,0
7.53144,3631.41,-24.3915,-79.716,0.610608,2468.46,0
7.69333,3633.71,-40.1836,-72.7645,0.302544,2117.29,0
7.85169,3625.64,-36.8459,-74.0162,1.47494,3102.8,0
8.01411,3628.26,-51.1286,-70.31,0.949939,2712.93,0
8.17444,3628.81,-54.3409,-73.6996,0.718089,2591.78,0
8.33689,3627.66,-64.8829,-68.3832,0.780657,2680.02,0
8.49819,3629.67,-47.8391,-75.2619,0.672621,2392.73,0
8.65631,3630.82,-51.453,-65.7671,0.685841,2216.09,0
8.81712,3627.99,-59.8302,-70.4353,0.797861,2496.37,0
8.97744,3627.13,-49.1999,-57.7946,1.44509,2547.88,0
9.13607,3620.96,-60.4002,-51.2845,2.23446,3178.65,0
9.3011,3626.66,-59.5,-57.3271,1.2598,2509.35,0
9.45763,3632.2,-56.6239,-71.5912,0.202417,1882.42,0
9.53298,3629.33,-65.5367,-75.5617,0.309759,2168.32,0
