0.159758,3647.83,-53.6378,-4.95582,0.32774,13591.1,0
0.320592,3645.02,-52.582,6.50615,0.733932,15522,0
0.48046,3634.91,-51.8136,11.3333,2.19571,31412.1,0
0.641498,3629.79,-50.7806,9.44814,2.91208,31496.7,0
0.803736,3624.5,-45.0993,3.5468,3.78915,31727.1,0
0.963836,3621.57,-39.4645,3.25884,4.23596,29492,0
1.12526,3621.59,-48.2035,11.1387,3.89754,25244.8,0
1.28785,3621.61,-49.1415,13.5118,3.72467,22045.2,0
1.44548,3626.53,-39.9063,18.1537,2.96614,16237.3,0
1.60535,3646.02,-32.7751,21.2094,0.0790379,2481.28,0
1.7653,3642.5,-37.8458,17.0795,0.552464,4248.39,0
1.92502,3639.51,-47.4948,21.8096,0.808289,5449.14,0
2.08581,3638.48,-55.1336,18.6289,0.840466,5524.17,0
2.24418,3631.44,-47.606,22.7363,1.99542,8272.02,0
2.40091,3634.52,-53.1804,27.1968,1.4036,6447.68,0
2.56234,3633.23,-51.9667,29.1367,1.55078,6544.11,0
2.72132,3632.15,-48.1372,27.2717,1.80561,6560.23,0
2.88108,3636.92,-47.5847,31.0217,1.02653,4538.43,0
3.04301,3641.74,-58.0763,38.8405,0.0358811,2715.26,0
3.20139,3631.29,-46.9963,47.8783,1.5923,5844.47,0
3.3613,3634.74,-59.7251,54.6715,0.697612,4540.39,0
3.52162,3631.54,-64.7361,51.4177,1.09247,5241.31,0
3.68172,3629.92,-59.9242,50.1413,1.45749,5454.8,0
3.8423,3637.62,-55.1448,56.6024,0.32576,3222.55,0
4.00093,3635.16,-47.7898,50.8037,0.897678,3709.09,0
4.16205,3626.22,-41.438,59.0632,2.12153,5713.75,0
4.31673,3632.3,-41.7303,52.015,1.37835,4099.42,0
4.47783,3632.47,-39.4233,56.7333,1.26042,3915.41,0
4.63672,3634.15,-34.107,61.5596,0.97238,3418.27,0
4.79384,3628.85,-33.7218,69.5432,1.53328,4412.63,0
4.95302,3623.07,-27.684,75.2863,2.28372,5437.11,0
5.11505,3629.56,-30.9776,73.1875,1.31485,3995.72,0
5.27111,3629.22,-37.5463,74.5358,1.22659,3942.19,0
5.43141,3630.15,-31.3914,78.3602,1.05559,3654.28,0
5.59018,3632.42,-42.6747,79.6734,0.55047,3145.17,0
5.753,3623.62,-48.2876,74.6922,1.8414,4584.58,0
5.9161,3619.86,-58.9973,68.571,2.33691,5094.98,0
6.07345,3625.03,-62.6272,74.4615,1.3095,4110.98,0
6.09627,3623.51,-65.3138,75.7633,1.4227,4345.48,0
