0.159209,3637.45,5.15879,1.41425,1.87906,78825.9,0
0.319864,3640.87,7.5276,0.348415,1.33996,28540.1,0
0.479482,3644.11,5.93875,2.9511,0.855388,12279.5,0
0.639508,3649.14,1.78074,-4.26248,0.115461,1338.77,0
0.79645,3647.74,-2.90888,-4.82535,0.318171,2835.72,0
0.957336,3636.5,4.05098,0.421693,2.0117,14098.7,0
1.11377,3631.19,6.59701,6.39316,2.78764,16890.8,0
1.27711,3641.01,-0.614899,6.62304,1.24519,7037.73,0
1.43835,3644.35,2.50713,8.39884,0.739716,3927.42,0
1.59957,3645.15,-7.86043,5.77158,0.613103,3032.28,0
1.75892,3646.65,-14.5442,10.2714,0.329942,1903.6,0
1.92059,3635.55,-25.4172,9.91819,1.90036,7523.47,0
2.07748,3637.01,-30.9582,8.98302,1.62351,6254.74,0
2.23628,3639.87,-8.06798,5.55121,1.36821,4531.1,0
2.39692,3639.02,-8.31585,10.8832,1.50608,4579.13,0
2.55588,3641.17,-12.3417,6.96813,1.17016,3454.15,0
2.71366,3640.77,-25.2458,4.0839,1.13068,3402.35,0
2.87233,3629.22,-31.0349,6.07332,2.82887,7233.01,0
3.03136,3632.3,-30.5859,7.5925,2.29572,5838.6,0
3.1908,3624.14,-32.3464,0.332915,3.55648,8104.27,0
3.34893,3621.68,-37.7842,-3.79345,3.75724,8455.25,0
3.5105,3618.8,-38.017,-9.24788,4.12461,8888.85,0
3.67279,3621.5,-34.3593,-13.3382,3.61669,7760.61,0
3.83274,3623.74,-33.9287,-15.8783,3.1945,6852.02,0
3.99124,3631.2,-35.2953,-16.084,1.93826,4710.79,0
4.14955,3633.81,-31.4194,-10.9534,1.62931,3900.44,0
4.31092,3631.34,-31.0698,-21.6692,1.93169,4329.08,0
4.47007,3627.77,-35.5326,-23.7661,2.39142,4972.15,0
4.63153,3630.22,-31.9182,-20.3519,2.0416,4270.52,0
4.78979,3632.21,-38.8135,-30.2912,1.52178,3713.99,0
4.94898,3623.34,-27.4064,-43.6559,2.84108,5386.72,0
5.10858,3618.68,-22.7816,-38.6766,3.66352,6131.07,0
5.26919,3620.81,-22.9602,-37.9809,3.2428,5539.73,0
5.4286,3626.22,-21.5901,-34.3585,2.40613,4381.22,0
5.58675,3627.35,-11.6756,-41.5273,2.16031,4053.45,0
5.74433,3626.13,-0.180716,-39.3063,2.40781,4154.78,0
5.90323,3621.96,1.48984,-39.3906,3.00188,4750.7,0
6.06056,3624.34,4.77814,-48.3999,2.37662,4233.46,0
6.22036,3625.1,0.529813,-38.0343,2.45203,4002.86,0
6.37984,3622.62,1.04412,-37.5513,2.81911,4292.09,0
6.54112,3624.55,2.79044,-29.6376,2.64885,3890.32,0
6.70447,3619.51,-5.95976,-26.8433,3.51179,4548.39,0
6.86406,3616.16,-11.5869,-23.3864,4.08112,4929.41,0
7.02802,3607.26,-15.303,-24.5354,5.40631,6081.68,0
7.18665,3609.84,-12.7787,-26.0662,4.87366,5588.72,0
7.34535,3611.19,-5.9132,-27.3332,4.4217,5283.83,0
7.50533,3616.8,-8.8357,-28.9368,3.33139,4423.62,0
7.66912,3615.25,-13.7398,-39.5201,3.33784,4531.06,0
7.83104,3624.48,-19.075,-41.7916,1.7002,3258.84,0
7.99011,3633.83,-18.0191,-54.2829,0.0201364,2023.57,0
8.14827,3626.66,-11.6366,-59.3922,1.01525,2864.42,0
8.30773,3629.85,-3.61169,-64.2481,0.430605,2425.99,0
8.46829,3623.48,-16.8778,-74.9034,1.03217,3131.86,0
8.63275,3626.75,-5.60473,-71.4734,0.702765,2693.41,0
8.78978,3613.97,-8.62854,-71.7464,2.64833,4099.26,0
8.94766,3615.24,-5.89294,-68.4472,2.4694,3884.61,0
9.10993,3608.65,-0.643791,-70.4039,3.42844,4539.34,0
9.27107,3598.27,4.29784,-67.5736,5.21072,5579.45,0
9.43038,3590.9,3.57117,-62.5373,6.48582,6266.63,0
9.58864,3592.43,7.46274,-56.0704,6.16183,6004.12,0
9.74993,3590.43,12.4935,-49.7639,6.52605,6109.84,0
9.91236,3584.01,4.97693,-42.6221,7.56289,6656.98,0
10.0743,3590.16,7.27187,-42.92,5.81705,5939.93,0
10.2341,3600.11,2.54287,-40.6313,3.84167,4874.49,0
10.396,3601.95,-8.04442,-32.1267,3.54062,4622.29,0
10.5518,3608.57,-5.82949,-29.5934,2.36231,3926.14,0
10.7118,3604.99,-14.7748,-28.1949,2.9937,4201.61,0
10.8687,3600.72,-19.2126,-36.4633,3.48223,4534.16,0
11.0288,3596.9,-18.0804,-31.4148,4.26638,4814.64,0
11.1895,3594.49,-14.4873,-21.664,4.82108,4961.08,0
11.3526,3600.8,-11.3146,-21.7832,3.45783,4334.09,0
11.5151,3597.77,-9.84576,-19.6786,3.99707,4535.65,0
11.6735,3590.17,-9.39598,-22.4204,5.44712,5125.23,0
11.8386,3590.95,-6.58385,-22.144,5.07881,4988.31,0
11.9969,3592.06,-5.78867,-17.0235,4.82814,4829.48,0
12.1561,3598.48,-4.2857,-17.7908,3.45333,4238.46,0
12.3169,3590.64,5.26311,-10.5117,4.9254,4819.22,0
12.4775,3596.92,-1.20373,-19.4904,3.40414,4253.67,0
12.6398,3605.58,6.7269,-24.9644,1.60457,3514.24,0
12.8019,3606.92,-6.05131,-35.2934,1.15121,3365.49,0
12.961,3606.75,-10.7647,-35.9327,1.16421,3336.57,0
13.1209,3607.92,10.6357,-38.1285,0.898876,3207.33,0
13.2802,3603.21,12.5635,-43.7518,1.56093,3523.31,0
13.4405,3594.95,15.2769,-32.0385,3.38598,4096.1,0
13.5994,3586.03,14.2659,-32.9082,5.04813,4703.52,0
13.7584,3592.85,11.8504,-34.6139,3.48748,4154,0
13.9217,3587.89,18.3153,-37.8474,4.13358,4461.74,0
14.0795,3579.91,25.0241,-39.1276,5.22287,4978.47,0
14.2366,3582.59,13.9754,-37.919,4.89427,4735.28,0
14.3947,3580.26,11.1771,-44.4815,5.0698,4845.01,0
14.556,3578.56,15.5981,-39.5297,5.41561,4908.23,0
14.7155,3570.09,16.1952,-45.9866,6.33251,5430.53,0
14.875,3577.59,19.2457,-49.8004,4.0703,4868.02,0
15.0355,3597.91,4.18851,-51.62,0.129276,3464.29,0
15.1961,3596.59,-1.68725,-58.0243,0.139572,3514.47,0
15.3555,3590.94,-2.75281,-45.7581,1.66281,3846.26,0
15.5139,3586.74,-5.05306,-53.1016,2.18371,4077.62,0
15.6728,3591.47,-3.69342,-47.8618,1.43822,3734.27,0
15.8315,3591.02,10.0001,-50.8729,1.34294,3725.4,0
15.9926,3586.65,6.72607,-52.3055,2.10031,3960.98,0
16.1514,3595.42,18.6856,-57.3167,0.122739,3379.25,0
16.3129,3594.65,5.27352,-47.6359,0.724219,3393.18,0
16.4732,3596.48,3.58711,-30.8094,0.869824,3249.17,0
16.633,3589.56,6.21055,-34.7032,2.10387,3633.82,0
16.7918,3589.27,6.87566,-21.0363,2.49449,3616.77,0
16.949,3595.17,13.2526,-23.6208,1.17324,3235.27,0
17.1099,3597.84,14.2682,-31.5915,0.465237,3048.75,0
17.2718,3595.34,10.5763,-32.9186,0.944835,3164.69,0
17.432,3594.4,8.72957,-31.2546,1.18641,3189.46,0
17.5904,3591.63,-1.35986,-27.6654,1.85843,3318.32,0
17.749,3587.66,1.0308,-31.3218,2.46359,3512.58,0
17.9108,3581.3,7.41263,-31.7771,3.67764,3835.93,0
18.0727,3574.24,5.43743,-25.7255,5.31653,4192.01,0
18.2345,3574.29,2.25113,-33.5768,4.81508,4151.87,0
18.3906,3573.85,1.24275,-29.3418,5.04487,4140.58,0
18.549,3572.72,8.64248,-25.4401,5.15979,4166.18,0
18.7098,3569.53,5.63554,-26.2512,5.73336,4300.84,0
18.8689,3569.01,-0.0150337,-34.5407,5.29617,4291.98,0
19.0298,3566.01,-5.25749,-42.3738,5.20089,4413.63,0
19.19,3562.91,-1.04045,-40.9107,5.68895,4538.53,0
19.3512,3568.06,6.06312,-43.6296,4.13782,4234.13,0
19.5101,3566.88,-2.71419,-52.3469,3.87246,4260.55,0
19.6696,3564.93,-1.97909,-53.1776,4.1632,4325.17,0
19.8293,3560.98,2.75471,-50.3619,5.05587,4489.21,0
19.9933,3563.22,8.62541,-44.563,4.6353,4340.44,0
20.1523,3565.07,11.4615,-42.2465,4.10895,4214.18,0
20.3118,3575.47,6.91927,-42.5651,1.712,3669.18,0
20.4712,3571.77,8.42934,-43.7708,2.41903,3821.65,0
20.6311,3581.83,12.2576,-45.5701,0.139665,3304.08,0
20.7917,3580.43,4.84827,-50.966,0.257809,3346.22,0
20.954,3578.24,2.04123,-55.0213,0.528169,3424.71,0
21.1159,3576.27,-2.5816,-49.0509,1.235,3491.57,0
21.2772,3571.67,-2.23591,-50.3608,2.15709,3681.59,0
21.4371,3564.37,-7.44142,-52.5505,3.55526,3994.55,0
21.5967,3565.13,-6.22237,-50.5722,3.46006,3929.68,0
21.7611,3566.42,-3.21679,-43.6304,3.4706,3840.95,0
21.9207,3566.4,0.697055,-49.0745,3.16273,3813.81,0
22.0786,3564.9,3.65412,-47.4999,3.59255,3854.43,0
22.2373,3554.34,1.03247,-44.2486,6.40437,4301.88,0
22.3926,3549.63,2.68384,-39.4989,7.63016,4482.49,0
22.5528,3549.64,-2.30503,-41.2925,7.06467,4450.02,0
22.7121,3541.41,0.426381,-45.4257,8.31595,4781.23,0
22.8703,3537.2,4.78738,-47.2849,8.21233,4932.22,0
23.0309,3529.86,3.97948,-51.3399,9.09744,5216.42,0
23.1878,3530.08,4.6835,-52.042,8.14186,5171.76,0
23.3461,3535.8,7.69094,-47.4351,6.32506,4891.64,0
23.5052,3533.46,8.47933,-46.1489,6.84394,4958.25,0
23.6633,3533.8,16.4336,-45.1511,6.09781,4910.76,0
23.8182,3533.58,15.919,-49.5521,5.30917,4887.65,0
23.9796,3535.77,10.3711,-45.7998,5.05771,4763.65,0
24.1396,3534.5,15.3896,-49.1024,4.62978,4784.85,0
24.3008,3538.45,12.6308,-52.1105,3.12005,4590.34,0
24.4601,3537.15,12.6906,-50.0917,3.61798,4613.76,0
24.6197,3541.29,9.40653,-57.4369,1.75557,4415.41,0
24.7798,3543.27,11.7295,-62.6807,0.667182,4307.21,0
24.9408,3533.54,3.84827,-57.7019,3.88473,4669.33,0
25.1013,3526.23,-3.46754,-52.3736,6.43849,4930.84,0
25.2575,3526.38,-0.88316,-50.771,6.24341,4894.43,0
25.4201,3532.31,-1.87047,-51.5133,4.05868,4629.67,0
25.5795,3530.02,2.34289,-51.3661,4.71448,4690.31,0
25.7438,3526.27,4.7014,-50.4087,5.8499,4806.21,0
25.9035,3522.36,13.1728,-46.8514,6.95275,4927.5,0
26.0624,3521.58,8.49182,-45.6378,6.95068,4927.51,0
26.2224,3520.99,9.23079,-45.3595,6.70512,4919.96,0
26.3811,3526,18.8944,-44.2937,4.21531,4700.32,0
26.5405,3531.66,12.6536,-44.8393,2.5276,4458.94,0
26.7017,3529.35,5.17941,-44.9172,3.44459,4518.5,0
26.8616,3526.69,4.20621,-44.7566,4.18996,4590.53,0
27.0208,3530.24,19.1742,-50.5265,1.71258,4432.32,0
27.179,3531.38,23.1807,-49.217,1.30687,4364.32,0
27.3375,3523.95,24.5886,-52.3848,2.96147,4610.78,0
27.4993,3525.26,23.2439,-55.0283,2.25758,4536.12,0
27.6603,3528.49,14.9545,-49.4724,2.46558,4392.92,0
27.8176,3525.7,11.1052,-54.2834,2.70307,4468.22,0
27.9773,3527.65,13.5448,-42.6813,3.65381,4373.02,0
28.1387,3528.18,14.9899,-43.3517,3.28665,4329.41,0
28.298,3528,18.83,-46.5014,2.50596,4311.26,0
28.4602,3523.43,22.8959,-41.9728,4.32932,4447.28,0
28.6233,3521.03,31.3766,-47.1925,3.49486,4505.67,0
28.7831,3522.59,49.7814,-48.5538,1.00674,4426.58,0
28.9364,3515.31,51.8559,-48.2465,2.72094,4654.56,0
29.0972,3515.02,42.9327,-52.4031,3.2946,4638.85,0
29.2557,3518.79,51.5193,-49.5002,1.66379,4484.82,0
29.4174,3520.44,58.352,-52.1325,0.198594,4404.25,0
29.5777,3515.5,67.4343,-49.1738,0.621279,4547.5,0
29.7403,3510.29,68.1197,-54.549,1.26957,4697.65,0
29.892,3500.65,82.6251,-56.4245,1.38042,4996.17,0
