0.160307,3641.31,21.6253,0.173784,1.22716,54231.9,0
0.320998,3642.57,14.5987,8.52134,1.0683,23133.9,0
0.482853,3638.76,15.3792,11.5359,1.61143,23273,0
0.641043,3632,7.24625,6.33908,2.68698,28073.8,0
0.799071,3625.95,5.06547,7.72485,3.61525,30103.6,0
0.957196,3626.88,2.79185,18.135,3.34045,24155.5,0
1.11443,3636.37,1.37464,14.596,1.80643,12234.8,0
1.27213,3633.34,1.82265,13.9833,2.29961,13099.2,0
1.42859,3633.58,-3.80026,23.4019,2.18108,11492.9,0
1.58721,3630.76,-2.32088,34.4711,2.43937,12119.1,0
1.74807,3628.16,-4.4961,34.9093,2.80229,12494.8,0
1.91108,3629.86,-0.419683,28.8282,2.60114,10537.3,0
2.06844,3625.69,-1.62809,29.981,3.15933,11753,0
2.23056,3628.9,6.2562,32.5588,2.55219,9459.92,0
2.38958,3628.93,-9.1971,32.3958,2.53446,8819.32,0
2.54872,3626.05,1.03774,35.0621,2.96365,9397.28,0
2.70996,3621.88,8.08996,34.1302,3.58762,10375.6,0
2.87006,3625.96,14.9154,34.2342,2.85362,8376.47,0
3.0299,3632.32,24.3405,33.3347,1.80427,5836.62,0
3.18878,3629,27.1819,27.0717,2.3494,6584.34,0
3.35097,3634.03,30.0612,26.701,1.55064,4766.9,0
3.5088,3629.76,21.9432,29.0356,2.27804,5768.79,0
3.66809,3623.8,19.1003,29.7982,3.25622,7142.93,0
3.82592,3619.92,17.4738,36.1286,3.76854,7861.73,0
3.98215,3616.5,16.4631,31.2045,4.2824,8411.88,0
4.14022,3621.16,11.0273,31.5999,3.3629,6965.45,0
4.30208,3623.05,5.53646,27.9757,3.08703,6265.07,0
4.4639,3614.83,11.1545,20.2417,4.45971,7879.04,0
4.62127,3613.92,11.5259,15.6933,4.45514,7806.99,0
4.7815,3616.39,7.92731,6.32854,3.98158,7029.98,0
4.93841,3610.47,14.9791,4.18754,4.85492,8005.42,0
5.09704,3611.06,15.1423,2.63481,4.6332,7640.35,0
5.25989,3613.76,13.6287,5.98758,4.12605,6889.21,0
5.42029,3606.85,8.89688,8.27508,5.33675,7960,0
5.58245,3612.41,14.5031,11.1471,4.14451,6734.25,0
5.74339,3622.36,10.4929,21.5337,2.29327,4812.28,0
5.90234,3617.47,10.7015,17.7096,3.12455,5511.38,0
6.06596,3625.03,7.9533,22.7853,1.84639,4117.16,0
6.22552,3618.67,-1.0175,23.1754,2.88823,5033.02,0
6.38635,3617.12,2.5448,19.555,3.12859,5148.1,0
6.54575,3613.06,0.380894,23.7566,3.65354,5642.77,0
6.70574,3606.75,-1.47664,25.1814,4.66955,6449.88,0
6.86265,3605.77,5.55361,28.3354,4.69387,6444.53,0
7.02725,3599.72,0.914697,23.7749,5.70718,7154.85,0
7.18649,3596.77,6.67713,28.7531,5.81624,7406.59,0
7.34993,3599.75,0.111969,22.6306,5.19072,6836.94,0
7.50975,3602.06,2.23678,17.957,4.5668,6384.26,0
7.66782,3603.13,5.72285,17.0273,4.19044,6112.82,0
7.82878,3608.54,7.69691,19.7858,3.02945,5296.04,0
7.98904,3606.54,3.44982,3.41723,3.48108,5440.29,0
8.14865,3609.6,-2.41058,15.3103,2.83875,4957.35,0
8.30982,3609.33,2.32952,19.5423,2.79261,4894.68,0
8.47138,3608.89,2.87223,24.0859,2.74034,4853.14,0
8.6306,3605.5,5.91437,18.5269,3.32289,5156.35,0
8.78811,3609.85,-5.68635,28.5422,2.3018,4569.02,0
8.94657,3597.59,-2.86686,29.2345,4.52621,5858.49,0
9.10613,3597.83,-1.06396,17.8384,4.43117,5728.64,0
9.26305,3598.16,0.854352,17.8959,4.18765,5596.12,0
9.42214,3598.71,8.91403,21.5468,3.96354,5443.86,0
9.57998,3597.18,5.11544,19.6416,4.18957,5513.42,0
9.74232,3600.37,4.83071,17.461,3.49909,5093.92,0
9.90095,3597.41,7.05177,12.7375,3.98086,5311.51,0
10.059,3598.33,6.2084,8.28154,3.7455,5136.53,0
10.2189,3606.86,7.03492,6.04993,2.0851,4221.84,0
10.3786,3607.01,5.15995,11.3376,2.01273,4142.17,0
10.5387,3602.76,8.41121,27.4023,2.53554,4482.52,0
10.6995,3603.9,13.2129,26.3958,2.26702,4308.67,0
10.8616,3604.9,8.05513,23.919,2.12652,4151.88,0
11.0202,3604.13,11.6168,25.2225,2.21502,4162.59,0
11.1814,3609.37,14.3825,30.4367,1.15018,3633.92,0
11.3384,3609.71,10.8798,30.7016,1.11022,3553.46,0
11.4985,3615.06,9.09785,28.5958,0.215405,3039.07,0
11.6567,3604.52,0.465623,36.5859,1.9293,3901.87,0
11.8143,3597.5,-0.332731,36.0798,3.14838,4443.53,0
11.9763,3586.92,-1.79613,38.8695,5.14457,5266.92,0
12.1394,3586.5,-3.64293,34.311,5.18396,5230.9,0
12.3028,3583.1,-8.35988,28.7811,5.79201,5437.71,0
12.4622,3583.98,-13.2487,36.2726,4.93119,5297.81,0
12.6231,3579.94,-9.1969,34.763,5.75118,5549.83,0
12.786,3582.54,-7.04904,42.3015,4.70833,5276.23,0
12.9492,3579.02,-1.7853,36.2611,5.6268,5481.39,0
13.1065,3576.72,-1.13665,37.1455,5.73986,5591.31,0
13.2647,3576.91,-5.13544,34.4749,5.40626,5509.86,0
13.4228,3573.67,-11.9881,39.7523,5.73952,5686.8,0
13.5841,3575.45,-13.3432,32.7653,5.20551,5488.02,0
13.7427,3568.1,-19.7083,34.5636,6.49632,5959.41,0
13.9043,3563.35,-24.28,40.9962,6.614,6231.76,0
14.0662,3567.84,-34.2609,42.3093,4.96651,5840.75,0
14.231,3558.04,-41.0603,40.3418,6.66687,6461.87,0
14.3907,3557.83,-42.6169,42.6433,6.22032,6404.6,0
14.5491,3552.86,-48.8069,36.7143,6.86347,6676.68,0
14.7102,3543.43,-51.2142,37.4595,8.36955,7244.34,0
14.8692,3540.29,-58.8978,36.7464,7.56082,7378.07,0
15.028,3541.02,-60.6947,35.4357,6.79849,7252.1,0
15.1876,3544.96,-58.299,33.7172,5.96039,6915.92,0
15.3432,3543,-57.8846,31.2243,6.28073,6973.57,0
15.5033,3542.32,-52.4435,30.3901,6.61586,6945.55,0
15.6584,3542.79,-59.0202,31.8499,5.44793,6846.65,0
15.8174,3541.16,-67.1432,27.2394,4.99735,6881.01,0
15.9753,3539.71,-69.9695,28.6843,4.79862,6903.56,0
16.1346,3552.3,-76.7702,37.1217,1.11221,6055.55,0
16.2967,3548.74,-77.9066,44.7555,1.39209,6213.24,0
16.4554,3551.45,-77.136,51.0931,0.607996,5988.96,0
16.6147,3548.95,-66.5822,47.8065,2.0181,6082.07,0
16.7763,3556.59,-61.3417,48.7996,0.721355,5567.99,0
16.9356,3555.3,-69.69,53.8619,0.184863,5591.78,0
17.0977,3553.8,-61.9553,58.7928,0.703386,5626.2,0
17.2561,3549.85,-64.2798,49.7873,1.87694,5803.9,0
17.4145,3544.57,-58.1368,45.6198,3.64751,6053.88,0
17.5747,3549.39,-62.0016,50.8197,1.95249,5724.85,0
17.7318,3537.25,-68.3911,52.0349,3.91768,6358.49,0
17.8908,3535.03,-64.9951,52.3783,4.57096,6426.25,0
18.0494,3533.88,-63.178,56.6179,4.50597,6433.65,0
18.2083,3535.85,-63.5657,58.7377,3.71162,6268.89,0
18.3658,3533.4,-61.3533,64.8378,3.80258,6348.66,0
18.5269,3528.56,-63.0771,65.0008,4.5545,6554.7,0
18.6895,3523.63,-66.4388,73.0503,4.39162,6761.4,0
18.8506,3524.09,-61.2418,72.1906,4.62402,6679.62,0
19.0118,3530.74,-58.0524,71.2897,3.49762,6272.9,0
19.1686,3534.93,-45.8683,67.8403,3.69291,6002.88,0
19.3287,3529.88,-41.5182,59.3479,5.81906,6214.42,0
19.4872,3527.42,-45.5822,56.9762,5.96444,6290.1,0
19.6487,3524.28,-46.308,46.3673,7.36683,6398.4,0
19.8086,3526.84,-50.0012,49.5836,5.37576,6217.43,0
19.968,3529.9,-42.2436,48.2085,5.1838,6014.66,0
20.1288,3531.67,-43.4249,55.0147,3.79357,5878.42,0
20.2891,3537.08,-43.3011,50.2413,2.87878,5565.71,0
20.4501,3529.85,-43.4161,50.5889,4.54018,5875.36,0
20.6101,3527.6,-42.6607,44.027,5.78533,5938.72,0
20.7696,3536.6,-42.8934,41.9495,3.33371,5459.7,0
20.9302,3531.94,-38.3377,42.3894,4.83223,5640.65,0
21.0924,3527.95,-32.1977,38.6395,6.6737,5786.39,0
21.255,3541.66,-24.5842,30.9409,3.56317,5097.09,0
21.4169,3546.12,-19.7617,26.2143,2.7228,4850.39,0
21.5789,3541.63,-20.5689,20.3287,4.44687,5022.04,0
21.7423,3551.03,-17.524,28.1133,1.0763,4552.16,0
21.9037,3549.3,-17.0152,29.9116,1.45192,4597.25,0
22.062,3542.04,-11.3456,24.0443,4.33331,4893.49,0
22.2222,3545.08,-17.6485,25.8246,2.83732,4721.31,0
22.3833,3540.59,-13.5617,27.9416,4.27402,4888.24,0
22.5432,3539.8,-14.3463,30.3564,4.05981,4888.54,0
22.7015,3540.83,-11.1144,24.9764,4.20979,4808.74,0
22.8597,3539.03,-9.52346,18.151,5.24213,4854.26,0
23.0163,3540.88,-9.53503,28.0367,3.6196,4741.01,0
23.1759,3541.79,-3.10738,27.5633,3.41045,4669.13,0
23.333,3544.56,-3.60979,23.9405,2.65838,4519.12,0
23.4929,3540.12,-4.55149,22.4606,4.22113,4677.16,0
23.6518,3542.25,1.92918,27.3086,3.04645,4555.7,0
23.8111,3544.46,6.36481,26.5491,2.28057,4432.21,0
23.9686,3544.8,16.0186,29.2744,1.67383,4389.15,0
24.1306,3543.18,9.22097,24.276,2.78015,4426.7,0
24.2895,3541.07,14.892,24.2269,3.30013,4484.53,0
24.4466,3544.26,9.12189,14.9443,2.97342,4325.5,0
24.6045,3533.23,6.47917,25.0513,6.29277,4745.75,0
24.7639,3534.09,4.81309,25.8825,5.46527,4680.66,0
24.9238,3532.02,12.8325,26.2607,5.57246,4733.68,0
25.08,3536.43,9.49585,27.7681,3.65074,4528.46,0
25.2376,3546.8,16.0013,19.3948,0.321295,4089.16,0
25.4,3547.37,12.5003,9.16481,0.6854,4040.5,0
25.5565,3545.37,12.2336,5.23224,1.50442,4094.21,0
25.7178,3538.69,4.50554,-0.377615,4.3414,4328.17,0
25.877,3533.55,7.02119,-3.7028,6.24971,4500.13,0
26.0334,3543.66,9.0122,-3.16338,1.67537,4084.6,0
26.1959,3537.92,11.0362,-7.43504,3.67596,4278.63,0
26.3543,3528.94,4.991,0.890144,8.10454,4593.47,0
26.5139,3524.43,-0.157395,-0.360702,9.88288,4736.13,0
26.6732,3523.86,-3.51772,-0.345017,9.37787,4728.95,0
26.8309,3518.21,-8.98281,-1.5763,0.703054,4911.72,0
26.9891,3511.67,-16.3859,-4.111,3.60694,5125.29,0
27.1487,3510.13,-13.0432,-4.4465,5.95038,5152.02,0
27.3064,3511.85,-14.1935,-0.977195,4.23099,5059.36,0
27.4681,3514.6,-13.1074,-2.01632,2.26006,4929.2,0
27.6271,3515.76,-2.68556,-2.37827,3.1398,4859.04,0
27.7862,3513.03,-2.87734,-3.87112,5.53017,4929.45,0
27.9476,3510.69,-1.73244,-3.60721,7.75869,4984.53,0
28.1079,3510.12,-4.8314,-3.82073,7.20438,4976.7,0
28.2657,3516.21,-8.0224,-2.60249,0.173409,4733.21,0
28.426,3509.14,-8.93498,-4.85364,6.22494,4955.31,0
28.5855,3507.97,-10.4691,2.15599,6.70148,4968.44,0
28.7456,3506.7,-12.0322,1.1233,6.38378,4985.19,0
28.9059,3503.94,-2.44061,0.674177,7.12683,5053.06,0
29.0666,3495.76,-2.25793,3.47498,2.60143,5306.6,0
29.082,3495.17,-1.51089,0.919838,6.92498,5323.99,0
