0.159231,3638.52,-14.2029,27.1594,1.82733,72111.7,0
0.320795,3639.55,-17.6708,35.7309,1.4804,32565.8,0
0.483739,3638.35,-13.1628,33.2727,1.72328,24075.6,0
0.642928,3636.37,-12.7673,33.5565,2.04827,21198.2,0
0.803246,3634.38,-15.6774,23.9218,2.45315,19441,0
0.963517,3630.98,-7.70496,20.3913,3.0459,19740.3,0
1.12049,3629.93,-3.41594,10.9063,3.25275,17911.7,0
1.27874,3632.05,-2.37347,-5.22136,2.90032,14035.8,0
1.4422,3624.72,10.4399,2.74378,4.02671,17525.9,0
1.60185,3626.43,8.47668,-4.61212,3.56935,14711.9,0
1.75896,3632.34,5.75038,-15.2383,2.5751,10042.3,0
1.91911,3635.26,8.23035,-15.4405,2.05934,7680.57,0
2.07902,3634.89,9.52165,-19.3792,2.0408,7266,0
2.23819,3645.74,-4.80062,-12.9439,0.461605,1904.26,0
2.3981,3645.82,-12.8108,-12.658,0.424803,1741.32,0
2.5585,3642.08,-10.9659,-20.914,0.922253,3094.44,0
2.71865,3643.46,-5.38207,-28.3779,0.662106,2404.38,0
2.87985,3643.94,-9.21489,-27.8022,0.57658,2104.98,0
3.0416,3647.01,-8.49988,-19.8138,0.200069,982.951,0
3.20012,3640.99,-2.64827,-17.0631,1.11868,2816.66,0
3.36269,3630.29,-2.14296,-17.6374,2.72942,5862.41,0
3.52353,3638.99,-6.16484,-7.482,1.40368,3124.23,0
3.68367,3643.74,-19.5522,-21.1027,0.554962,1698.79,0
3.84001,3641.8,-15.7002,-5.22454,0.951549,2135.97,0
3.9975,3635.73,-3.67578,-8.50973,1.89165,3570.17,0
4.15774,3636.26,-1.16703,-9.278,1.77393,3304.01,0
4.31538,3638.49,-0.292296,-11.6659,1.38036,2668.27,0
4.47359,3632.64,-2.82623,-19.2078,2.19657,3879.84,0
4.63647,3626.83,4.29396,-16.6251,3.10609,4998.24,0
4.7969,3626.77,8.42012,-20.373,3.0552,4843.04,0
4.95938,3631.27,3.09697,-19.6935,2.3502,3776.72,0
5.11781,3634.47,2.62377,-12.3674,1.86603,3034.32,0
5.28102,3634.97,9.45603,-10.6242,1.77896,2845.96,0
5.44212,3641.21,-0.458818,-16.5801,0.813332,1615.74,0
5.60453,3645.41,-4.45406,-13.2592,0.194315,818.564,0
5.76458,3641.14,4.06888,-13.8752,0.827748,1536.61,0
5.92419,3631.58,2.33998,-20.2413,2.24298,3108.62,0
6.08388,3619.79,15.2567,-25.5932,4.00595,4964.76,0
6.24361,3617.79,13.7286,-25.3243,4.2423,5159.07,0
6.40014,3611.9,6.6207,-31.1182,5.0112,5952.71,0
6.5604,3606.55,-2.30453,-29.4521,5.83979,6623.68,0
6.72177,3608.54,-5.92051,-31.2792,5.13862,6167.85,0
6.87951,3600.36,-6.32807,-31.8592,6.45863,7215.19,0
7.04238,3599.49,-4.97072,-31.0777,6.3495,7172.57,0
7.2022,3590.93,3.5496,-38.0411,7.31706,8202.03,0
7.36392,3588.65,-4.1546,-33.4105,7.41583,8330.71,0
7.52334,3587.68,-0.0946614,-37.8478,7.04074,8283.89,0
7.68367,3588.79,7.4685,-42.5799,6.19674,7965.63,0
7.84436,3586.39,4.40393,-42.9794,6.32282,8108.66,0
8.00563,3590.6,7.04263,-33.111,5.50288,7419.38,0
8.16735,3581.24,9.66185,-36.0802,6.96534,8418.95,0
8.32835,3585.25,4.94652,-34.5152,5.83116,7774.96,0
8.48829,3588.34,6.92355,-37.4086,4.99597,7264.52,0
8.64769,3589.29,11.8839,-40.2933,4.46537,7020.08,0
8.80881,3597.18,6.35595,-49.0659,2.58101,5996.51,0
8.97145,3590.07,0.444086,-43.5113,4.06562,6680.2,0
9.13074,3589.01,-4.9592,-50.1146,3.9066,6680.06,0
9.29026,3581.05,-5.34713,-45.8893,5.42268,7421.83,0
9.45132,3581.74,-11.3447,-49.8397,4.78584,7222.56,0
9.61041,3575.28,-16.6146,-45.7599,6.0253,7775.21,0
9.77444,3575.29,-17.5811,-43.8267,5.67813,7643.6,0
9.93712,3570.72,-14.9827,-52.6656,6.09864,7978.59,0
10.0985,3573.28,-11.8368,-53.6702,5.19434,7597.04,0
10.2596,3575.83,-15.0443,-46.4908,4.78154,7229.83,0
10.4132,3577.68,-19.5214,-42.7446,4.30006,6944.8,0
10.5715,3582.16,-13.9483,-43.6326,3.27648,6417.65,0
10.7349,3580.13,-5.74763,-45.6462,3.67535,6508.28,0
10.8957,3579.57,-15.1952,-51.4819,3.40964,6464.36,0
11.0527,3584.14,-10.1346,-52.1651,2.41607,5958.72,0
11.2132,3582.92,-15.2458,-50.3426,2.67292,5982.04,0
11.3726,3584.62,-14.1171,-44.3397,2.59546,5749.23,0
11.5343,3590.17,-15.36,-34.4894,1.71134,5186.72,0
11.6913,3595.53,-10.3727,-45.0911,0.366353,4658.85,0
11.8535,3588.9,-8.7979,-40.8025,1.79251,5154.85,0
12.0155,3587.98,-14.8364,-39.1322,1.98403,5161.47,0
12.1725,3590.6,-23.8356,-30.2631,1.58831,4879.86,0
12.3334,3590.57,-15.1968,-30.4313,1.74814,4818.82,0
12.4951,3595.72,-5.24586,-20.4652,1.00245,4344.1,0
12.6565,3596.12,-18.0914,-29.7862,0.61366,4257.49,0
12.813,3587.19,-21.2256,-34.0858,2.22183,4902.33,0
12.975,3595.95,-19.2909,-33.1568,0.529259,4165.39,0
13.1386,3589.64,-25.2622,-26.3719,1.82532,4594.19,0
13.2994,3583.4,-33.511,-25.2,2.89228,5007.85,0
13.4611,3585.91,-43.6776,-32.6452,1.84702,4760.82,0
13.6238,3582.2,-44.7348,-29.932,2.59255,4976.62,0
13.7821,3584.03,-49.1977,-39.3307,1.75459,4786.95,0
13.9432,3585.32,-40.8765,-36.8962,1.87746,4639.16,0
14.1023,3587.74,-34.2658,-36.4944,1.60654,4414.8,0
14.2627,3588.15,-51.1744,-44.4799,0.764857,4336.25,0
14.4236,3580.04,-49.5788,-34.271,2.68953,4850.7,0
14.5841,3581.44,-49.2304,-43.5279,2.04349,4701.1,0
14.744,3582.98,-54.3915,-46.894,1.43123,4545.82,0
14.9034,3589.62,-46.9543,-44.3,0.546807,4051.25,0
15.0649,3583.49,-41.2642,-50.4013,1.66628,4414.73,0
15.2223,3576.54,-42.9116,-49.5913,2.98174,4825.88,0
15.3813,3584.14,-25.5234,-47.316,2.03573,4281.7,0
15.5403,3588.29,-36.7246,-51.493,0.811469,3971.25,0
15.7032,3593.08,-25.9084,-39.4793,0.558422,3624.52,0
15.864,3585.6,-28.1859,-32.943,2.17756,4059.63,0
16.0252,3582.45,-26.7583,-26.8773,2.98715,4215.04,0
16.1873,3577.2,-27.7127,-23.4552,4.03752,4497.05,0
16.3516,3573.83,-27.2656,-20.0213,4.84261,4658.04,0
16.5105,3577.34,-24.7339,-13.844,3.89475,4401.05,0
16.6676,3569.86,-25.0204,-7.38731,5.30471,4808.37,0
16.8239,3573.02,-24.4683,-8.56933,4.36954,4575.7,0
16.9836,3571.37,-21.7795,-9.3697,4.71811,4629.87,0
17.1428,3572.26,-22.2231,-10.6751,4.37685,4535.03,0
17.3028,3569.32,-13.4469,-13.7863,5.14488,4662.95,0
17.4594,3564.79,-15.4492,-24.3116,5.71268,4880.27,0
17.6173,3564.94,-9.29727,-24.6289,5.40907,4828.14,0
17.7755,3564.07,-10.704,-29.2139,5.22738,4834.19,0
17.9366,3558.48,-7.42593,-39.9819,5.93952,5102.22,0
18.0946,3552.44,-10.7971,-34.4289,7.59058,5391.74,0
18.2566,3549.7,-10.776,-33.8742,7.86751,5493.96,0
18.4174,3542.48,-9.17175,-26.6573,9.84176,5837.84,0
18.576,3542.62,-5.23253,-26.1415,8.7018,5780.31,0
18.7402,3540.97,-6.27334,-25.3494,8.27007,5818.03,0
18.8981,3541.74,-6.81221,-25.7643,7.36244,5728.56,0
19.0575,3540.82,-5.98356,-23.9788,7.29111,5729.2,0
19.2176,3536.42,-5.16073,-24.9382,8.225,5910.21,0
19.3787,3535.01,-8.41862,-24.0117,8.25218,5933.79,0
19.5389,3530.29,-8.7171,-24.398,9.2911,6126.67,0
19.6973,3536.36,-6.37191,-26.0896,5.84789,5769.41,0
19.8598,3533.08,-4.69288,-25.6241,6.7891,5887.02,0
20.0193,3525.52,-8.05519,-27.7718,8.78023,6218.17,0
20.1791,3530.48,-10.1661,-25.7392,6.36806,5923.02,0
20.3405,3530.26,-16.0064,-22.2557,6.25373,5886.76,0
20.4992,3524.85,-21.8394,-22.2252,7.53977,6105.11,0
20.6598,3522.37,-16.1361,-21.4237,8.7042,6177.66,0
20.8198,3522.29,-16.6072,-22.4808,7.92879,6133.92,0
20.9785,3524.86,-23.0221,-24.2456,5.32577,5965.17,0
21.1414,3524.41,-24.5787,-15.3076,5.93558,5940.52,0
21.3024,3524.85,-22.6904,-16.5761,5.5962,5874.72,0
21.465,3521.25,-22.4692,-15.2134,6.91878,5998.33,0
21.6245,3519.96,-25.8273,-16.4357,6.34874,6013.43,0
21.7853,3520.28,-18.5046,-17.336,6.73822,5954.3,0
21.9419,3523.97,-14.4413,-18.2992,4.94406,5743.75,0
22.1018,3518.89,-16.3205,-15.1447,7.32054,5932.26,0
22.2591,3515.25,-15.3933,-16.393,8.5304,6053.83,0
22.422,3512.85,-17.6272,-7.74965,9.77551,6116.62,0
22.5795,3502.67,-20.0807,-11.761,2.48507,6524.82,0
22.74,3502.74,-22.586,-13.8559,0.87447,6475.91,0
22.9009,3507.58,-17.4465,-9.32325,0.674101,6218.9,0
23.0622,3510.08,-6.88176,-5.54796,3.25433,6066.92,0
23.2182,3508.73,-7.19541,-4.92768,4.66388,6084.34,0
23.3757,3509.89,-10.552,-2.98035,2.06476,5993.92,0
23.5328,3507.01,-12.4822,-8.96492,2.48501,6075.99,0
23.6915,3503.53,-9.0204,-12.1479,5.64128,6182.24,0
23.8509,3505.29,-13.5531,-8.48769,3.27808,6067.4,0
24.0096,3504.57,-13.6026,-6.14327,4.31034,6057.2,0
24.172,3505.28,-11.1674,-6.21934,4.93354,5987.21,0
24.334,3501.18,-11.7312,-5.3898,8.77754,6115.58,0
24.4918,3496.58,-19.0051,-4.61035,6.34163,6264.25,0
24.651,3496.24,-18.5145,-3.24003,6.84792,6237.53,0
24.8099,3498.75,-13.3481,-17.9076,2.38739,6096.36,0
24.9694,3506.59,-2.39919,-12.0747,2.00712,5743.49,0
25.1291,3505.95,-2.16336,-8.70067,4.84165,5732.31,0
25.2909,3501.91,-2.69095,-3.92482,5.21158,5855.55,0
25.4529,3492.79,-3.71459,-5.26935,5.85408,6176.45,0
25.5607,3490.48,1.28038,-2.53803,12.2544,6240.94,0
