0.143346,3633.89,61.5606,21.912,0.600018,112414,0
0.285688,3627.32,76.8533,11.4106,0.753762,79393.9,0
0.41851,3622.36,90.4199,-3.10967,0.82622,66033.3,0
0.566811,3627.65,52.0434,3.83084,0.906326,39437.2,0
0.71096,3628.47,63.0945,0.399631,0.811143,30281.6,0
0.848108,3629.96,45.2004,29.5285,0.811568,23628.9,0
0.996751,3628.53,53.2654,-8.56437,0.866119,21543.5,0
1.14425,3608.9,33.0447,11.2113,1.76983,35918.1,0
1.28535,3626.2,50.9751,-8.31946,0.96057,18514.4,0
1.42816,3617.94,38.0276,-25.8509,1.32371,22447.3,0
1.57885,3602.65,34.0446,-39.1085,1.92419,29987.7,0
1.72741,3613.8,41.1538,-65.7178,1.24947,20953.5,0
1.86839,3621.86,28.0126,-59.4265,1.03281,15059.8,0
2.00275,3645.63,22.0946,-36.5691,0.278135,2183.03,0
2.14735,3621.49,31.5905,-5.99181,1.23989,13276.8,0
2.28563,3622.66,3.1906,-12.0095,1.2379,11962.9,0
2.42576,3612.82,8.44,-34.6843,1.57912,15327.7,0
2.57281,3620.01,-5.22587,-17.2256,1.33059,11657.6,0
2.71116,3609.19,-5.41925,-12.4224,1.79895,15053.7,0
2.85737,3591.24,9.60717,-4.8426,2.67322,20565,0
2.99261,3598.47,16.7695,8.25627,2.2766,17218,0
3.13664,3575.34,11.5583,12.0559,3.52175,23802.4,0
3.28328,3555.09,16.1567,30.4497,4.65091,28906.6,0
3.42979,3558.5,14.4021,18.4736,4.54149,26677.4,0
3.58191,3561.28,1.17,31.6269,4.21295,24769,0
3.73078,3553.74,25.5077,18.007,4.72565,25801.1,0
3.8689,3564.39,28.3257,11.8422,4.00498,22127.2,0
4.01065,3556.52,19.6949,4.04549,4.62935,23308.6,0
4.14626,3551.59,32.5341,-3.83921,4.79779,23734.8,0
4.28665,3540.64,34.9908,-23.4513,5.41342,25512.2,0
4.42724,3542.64,35.0445,-43.7286,4.89567,24251,0
4.57362,3553.36,12.4689,-32.8853,4.61301,21128.9,0
4.71749,3547.98,17.9555,-20.6287,5.0862,21625.8,0
4.86574,3566.65,-2.28602,-11.5037,3.86418,17130.1,0
5.00926,3591.51,-2.02265,-8.944,2.40272,11676.2,0
5.15244,3588,-16.751,-19.9605,2.5212,12032.9,0
5.29599,3586.11,-30.9661,13.9273,2.58822,12064.7,0
5.4298,3566.8,-32.0902,26.966,3.57529,15322.8,0
5.56991,3549.59,-28.1592,38.0395,4.55298,18026.4,0
5.70643,3547.07,-18.0364,26.4173,5.05542,18037.7,0
5.85863,3538.25,-5.29981,37.8076,5.54257,19074.9,0
6.00622,3532.11,5.2488,39.3836,5.92426,19627.6,0
6.14521,3537.48,10.6307,39.6987,5.39098,18309.9,0
6.2849,3538.69,7.97639,44.5797,5.12978,17710.1,0
6.42512,3539.11,28.4542,60.2357,4.46957,17258.5,0
6.56796,3556.12,38.6794,47.1247,3.54545,14293.9,0
6.70692,3573.88,21.8648,63.6103,2.50253,11349.7,0
6.84676,3581.5,24.1287,65.3195,2.0941,10004.8,0
6.99463,3599.02,-2.15071,45.5025,1.52374,7288.83,0
7.13724,3616.93,0.178527,61.0312,0.640155,4633.6,0
7.283,3627.06,1.70301,64.7519,0.221879,3149.95,0
7.44057,3621.65,-23.0938,66.9327,0.385089,3810.36,0
7.58354,3603.28,22.6315,85.0637,0.937903,6160.26,0
7.72206,3584.1,9.75068,67.2696,1.98068,8534.64,0
7.87377,3581.87,-13.671,76.3135,1.95468,8653.05,0
8.01677,3575.17,2.68932,83.2335,2.17645,9333.65,0
8.15742,3582.9,-1.93289,77.2348,1.90691,8225.29,0
8.29662,3592.52,-25.8167,72.066,1.48667,6927.94,0
8.43877,3603.26,-10.9097,72.5614,1.06854,5538.35,0
8.58565,3589.75,13.0692,60.3043,1.77613,7017.49,0
8.72497,3585.72,30.8732,79.1579,1.67681,7367.41,0
8.78656,3591.4,44.3719,89.9009,1.23955,6669.73,0
