0.13956,3614.68,64.4069,35.5566,1.2569,253095,0
0.286419,3648.4,48.1001,41.2526,0.0961356,5601.6,0
0.421364,3636.89,17.0209,43.0809,0.589168,31115.7,0
0.573339,3583.89,16.3568,42.179,2.88117,115315,0
0.711035,3566.29,-3.17713,27.5498,4.04908,117725,0
0.858564,3587.46,1.24757,14.288,2.89093,72848,0
1.00989,3572.11,-10.7243,16.6876,3.73775,77129.8,0
1.15472,3561.72,-4.23629,12.1959,4.44725,76450,0
1.29804,3560.56,-1.59604,12.1854,4.53171,68904.6,0
1.44214,3562.16,0.209659,-2.10272,4.41695,60911.3,0
1.57901,3564.32,-1.23814,5.01797,4.23049,54261.1,0
1.71762,3579.33,-1.64489,14.705,3.25715,41145.2,0
1.86801,3568.96,-24.9718,22.8743,3.732,43385,0
2.01757,3567.72,-0.340904,35.3093,3.80364,40782.8,0
2.16194,3565.46,-12.5819,40.5653,3.84141,39102.1,0
2.30064,3576.74,-3.43801,49.8032,3.07654,31841.8,0
2.44242,3575.38,15.0765,45.2176,3.18338,30552.8,0
2.58684,3559.2,-4.14256,41.964,4.22895,35099.7,0
2.73583,3579.69,5.17484,36.2706,3.08956,25698,0
2.88006,3565.03,16.8583,58.2388,3.5586,29501.1,0
3.03353,3563.29,20.3437,65.0962,3.50733,28584.6,0
3.15028,3541.62,35.0648,93.6814,3.91235,34403.6,0
