0.156196,3633.37,33.7154,56.8315,0.506531,106438,0
0.307093,3629.71,-8.11875,59.28,0.680183,66081.5,0
0.455097,3630.65,-10.8123,32.4649,0.771017,42512.1,0
0.58646,3623.73,-28.7492,36.5737,0.982888,44795.6,0
0.735489,3615.25,-78.2278,45.5274,0.977202,47245.9,0
0.87822,3590.1,-67.2027,32.1317,2.15037,68203.7,0
1.02694,3569.84,-36.6319,64.6724,3.08757,78059.1,0
1.17131,3575.41,-39.4075,42.5845,3.05759,63682.4,0
1.31915,3569.13,-33.1753,27.8525,3.58685,61304.4,0
1.46381,3552.7,-39.7126,-2.54255,4.6579,66467.4,0
1.60687,3556.95,-11.0529,-0.232761,4.67868,57906.5,0
1.7421,3582.4,-10.0043,-10.7215,2.99495,38802,0
1.88126,3560.26,-11.2721,6.04554,4.40753,47702.3,0
2.02362,3534.58,-19.9158,20.9889,6.273,57035.8,0
2.16899,3535.16,-43.1619,6.62251,5.73239,52948.6,0
2.31483,3544.52,-66.7382,10.7322,4.40451,45569.2,0
2.46083,3552.76,-73.4887,-1.94137,3.77948,39514.4,0
2.61269,3546,-56.6179,4.9965,4.55547,39805.4,0
2.75657,3548.6,-47.5155,1.54455,4.57614,36785.3,0
2.90179,3554.21,-50.9765,-5.71896,4.09374,33011.7,0
3.05492,3557.26,-57.8085,8.25776,3.77243,30357.3,0
3.19563,3574,-72.6765,1.34597,2.63104,23782.9,0
3.34994,3618.37,-76.5143,-11.784,0.688143,9440.76,0
3.4987,3618.08,-69.6114,-21.9204,0.732853,9123.95,0
3.64546,3625.95,-74.9293,-26.7727,0.386457,6598.15,0
3.79246,3599.09,-84.7949,6.46099,1.36361,13423.9,0
3.89763,3584.25,-99.3548,12.2621,1.77227,16868.8,0
