0.146162,3639.52,28.1777,19.7857,0.365804,71704.6,0
0.293328,3639.31,18.6379,46.4227,0.309947,36439.3,0
0.442633,3605.18,14.6203,65.4209,1.51696,101254,0
0.586155,3619.74,5.94406,72.2216,0.888282,51632.2,0
0.72803,3629.17,-1.72181,79.6797,0.479465,28604.8,0
0.86976,3625.72,25.4543,66.6909,0.666549,27921.2,0
1.01639,3605.46,18.5072,73.0099,1.4179,43825.5,0
1.14763,3589.26,19.2429,57.3226,2.26473,52924.6,0
1.28851,3580.37,33.026,41.115,2.78684,54037.8,0
1.43457,3557.63,29.2913,33.1597,4.19032,64386,0
1.57125,3558.61,15.8804,34.7297,4.17958,58163.4,0
1.71271,3526.96,28.5619,56.8856,5.65998,71841.5,0
1.85921,3529.2,32.4602,77.603,4.80933,64973.8,0
2.0067,3543.97,18.9657,70.216,4.26796,52838.5,0
2.14855,3548.34,13.8805,71.5724,3.9866,47317.8,0
2.30311,3555.33,5.06719,86.9772,3.29049,41105,0
2.38339,3539.73,-0.233096,100.347,3.73775,46268,0
