0.00599801,0.10295,-0.0601154,0.00580358,0.0333609,17164,0
0.00820132,0.140363,-0.102192,-0.0196739,0.050479,17114.7,0
0.0103306,0.109232,-0.0642357,-0.0473627,0.0378672,10573.6,0
0.012286,0.176936,-0.0564394,0.0402539,0.0576654,14401.5,0
0.014162,0.198544,-0.122631,0.102912,0.0635578,14019.6,0
0.0158847,0.212863,-0.123068,0.0100629,0.0696152,13400.5,0
0.0175309,0.284565,-0.0633795,-0.00515262,0.0863117,16232.2,0
0.018905,0.357258,-0.0994333,-0.0197715,0.111174,18897.6,0
0.0202693,0.362484,-0.0746753,-0.0325862,0.11175,17883.4,0
0.0216449,0.367819,-0.0610619,0.0402577,0.10975,16993.3,0
0.0230443,0.309926,0.0118511,0.154645,0.0885479,13449.1,0
0.024482,0.331069,0.0516704,0.0225038,0.0950306,13523,0
0.0258888,0.288357,-0.0150143,0.00588791,0.0847001,11138.3,0
0.0273816,0.278582,-0.102006,-0.0124154,0.0824136,10174.1,0
0.0287599,0.361027,-0.060385,0.0387125,0.106156,12553.1,0
0.0300605,0.426978,-0.00687604,0.0825844,0.128618,14204,0
0.0312319,0.474438,-0.00141838,0.186626,0.146708,15190.8,0
0.0323922,0.436864,-0.0346738,0.118433,0.130452,13486.7,0
0.033609,0.415054,0.0747919,0.0758994,0.110968,12349.5,0
0.0348918,0.409955,0.0561364,0.0470006,0.108674,11749.3,0
0.0363641,0.43109,0.0994505,-0.0423592,0.103076,11854.8,0
0.0376934,0.457899,0.140972,0.0515111,0.108491,12148,0
0.0391109,0.413922,0.292529,0.0736056,0.0919093,10583.3,0
0.0405561,0.404379,0.256344,0.118395,0.0903432,9970.86,0
0.0420705,0.382102,0.303504,0.0220385,0.0860723,9082.44,0
0.0435013,0.426357,0.312945,-0.0171352,0.0984608,9801.01,0
0.0450005,0.387708,0.33668,-0.0078057,0.0869697,8615.64,0
0.0464209,0.434879,0.2917,-0.0155261,0.109783,9368.18,0
0.0477901,0.470172,0.312618,-0.0639298,0.112436,9838.27,0
0.0491156,0.478111,0.332845,-0.151455,0.11689,9734.39,0
0.0505413,0.415871,0.412068,-0.110686,0.0836179,8228.34,0
0.0521343,0.375934,0.377365,-0.0907301,0.0689693,7210.87,0
0.0537682,0.397726,0.375964,-0.0617818,0.0768318,7397.05,0
0.0556406,0.337819,0.437211,-0.0691223,0.0542172,6071.45,0
0.0575927,0.297992,0.360926,-0.178101,0.042672,5174.14,0
0.060175,0.245315,0.229812,-0.215458,0.0235402,4076.7,0
0.0627193,0.324683,0.292355,-0.154423,0.0508164,5176.75,0
0.0646469,0.302601,0.275948,-0.258505,0.0412967,4680.83,0
0.066971,0.318537,0.243337,-0.25582,0.0416457,4756.33,0
0.0691923,0.315643,0.1875,-0.360967,0.0388655,4561.82,0
0.0715933,0.282562,0.195142,-0.265577,0.0288511,3946.77,0
0.0743255,0.31065,0.238459,-0.337342,0.0416694,4179.59,0
0.0763732,0.311102,0.193178,-0.318848,0.0397158,4073.44,0
0.0796894,0.213922,0.182779,-0.402721,0.0102335,2684.44,0
0.0828994,0.245442,0.171719,-0.264814,0.0227866,2960.72,0
0.085897,0.246253,0.286735,-0.193808,0.0213254,2866.83,0
0.0893505,0.195324,0.244747,-0.222694,0.00360555,2186.04,0
0.0929086,0.277391,0.162328,-0.256484,0.0297535,2985.64,0
0.0953831,0.284515,0.184908,-0.23926,0.0323906,2982.87,0
0.099708,0.200345,0.221761,-0.231214,0.005701,2009.31,0
0.102895,0.270704,0.27038,-0.269802,0.027644,2630.87,0
0.105087,0.370578,0.368738,-0.220122,0.0551509,3526.4,0
0.107021,0.315194,0.395467,-0.360563,0.0403816,2945.17,0
0.10899,0.380779,0.417909,-0.340598,0.0576879,3493.71,0
0.111279,0.293643,0.349121,-0.279335,0.0292919,2638.81,0
0.115813,0.244405,0.386616,-0.326887,0.0149233,2110.34,0
0.119574,0.263417,0.415735,-0.371233,0.0184561,2202.95,0
0.122118,0.36621,0.449364,-0.352547,0.0507218,2998.83,0
0.124027,0.374596,0.413036,-0.36164,0.0488004,3020.28,0
0.126539,0.293438,0.433384,-0.405412,0.0261797,2318.95,0
0.130379,0.244053,0.523608,-0.402997,0.00970318,1871.87,0
0.135269,0.294731,0.576176,-0.452749,0.0273305,2178.85,0
0.13908,0.233156,0.633335,-0.439454,0.0048958,1676.42,0
0.145315,0.216557,0.719835,-0.408932,0.00164014,1490.26,0
0.149272,0.326869,0.759962,-0.398919,0.0386354,2189.76,0
0.153125,0.233415,0.759007,-0.392971,0.0110219,1524.34,0
0.157917,0.246541,0.804443,-0.37154,0.0149179,1561.2,0
0.160821,0.277243,0.85159,-0.442452,0.0270508,1723.93,0
0.163278,0.304391,0.88973,-0.405302,0.0364628,1864.25,0
0.165963,0.224083,0.962281,-0.383108,0.0112819,1350.2,0
0.170498,0.261242,1.00062,-0.570934,0.0233639,1532.23,0
0.173307,0.287775,0.996239,-0.571769,0.0318238,1660.49,0
0.175402,0.364319,0.91757,-0.475048,0.0535415,2077.06,0
0.178171,0.260978,0.848067,-0.472557,0.0179974,1464.76,0
0.18225,0.225319,0.85988,-0.473852,0.00846214,1236.32,0
0.187643,0.240346,0.810058,-0.374252,0.0149282,1280.87,0
0.191441,0.21614,0.7887,-0.335814,0.00872839,1129.02,0
0.196389,0.240736,0.876519,-0.315225,0.0191532,1225.81,0
0.199076,0.338392,0.916019,-0.268137,0.0507201,1699.81,0
0.201155,0.348649,0.903037,-0.238603,0.0574388,1733.24,0
0.203068,0.389768,0.903607,-0.214557,0.0637296,1919.4,0
0.20494,0.384556,0.937624,-0.319905,0.0606977,1876.43,0
0.206729,0.417829,0.933308,-0.437909,0.0697939,2021.14,0
0.208294,0.40271,0.932051,-0.469158,0.0663164,1933.37,0
0.209937,0.462756,0.968913,-0.420072,0.0886516,2204.26,0
0.211308,0.521497,1.0438,-0.379864,0.113327,2467.94,0
0.212539,0.63187,1.0122,-0.386328,0.148258,2972.96,0
0.213627,0.690128,1.03266,-0.381186,0.162824,3230.53,0
0.214687,0.72922,1.09015,-0.40432,0.171313,3396.67,0
0.215722,0.675152,1.14148,-0.477306,0.153775,3129.73,0
0.216854,0.684979,1.16801,-0.494397,0.142903,3158.71,0
0.218023,0.755914,1.12051,-0.525493,0.158633,3467.14,0
0.219079,0.82556,1.09491,-0.43777,0.174259,3768.33,0
0.220098,0.897464,1.00966,-0.399529,0.186026,4077.57,0
0.221113,0.929892,1.07702,-0.400331,0.1939,4205.5,0
0.222078,0.95784,1.03656,-0.456797,0.202699,4313.07,0
0.223024,1.00488,1.0294,-0.461368,0.214584,4505.7,0
0.223991,0.968121,0.907554,-0.444155,0.200445,4322.15,0
0.224959,1.02764,0.958762,-0.431776,0.216365,4568.11,0
0.225935,0.989929,0.982863,-0.515782,0.203862,4381.47,0
0.226896,0.997629,1.004,-0.537522,0.206019,4396.86,0
0.227885,1.00148,1.08379,-0.601613,0.210152,4394.67,0
0.228817,0.975181,1.07954,-0.617699,0.200064,4261.85,0
0.229855,0.933669,1.05854,-0.602345,0.18169,4061.98,0
0.230797,1.02569,0.985904,-0.586985,0.217868,4444.13,0
0.231758,1.05311,0.970544,-0.601559,0.224107,4544.01,0
0.232728,1.03849,0.889334,-0.677177,0.214522,4462.25,0
0.233702,1.02149,0.883828,-0.773279,0.218013,4370.91,0
0.234721,0.974375,0.869583,-0.815377,0.204912,4151.21,0
0.235728,1.05455,0.882786,-0.857857,0.225965,4473.58,0
0.236639,1.01448,0.905153,-0.859367,0.209249,4287.04,0
0.23762,0.920156,0.881497,-0.791538,0.177913,3872.39,0
0.238681,0.950227,0.844892,-0.808844,0.18708,3981.15,0
0.239678,0.987519,0.894485,-0.774867,0.196026,4120.18,0
0.240613,1.1216,1.00025,-0.784508,0.237133,4661.43,0
0.241462,1.2005,0.998044,-0.773791,0.258433,4971.79,0
0.242345,1.16349,0.919064,-0.709428,0.237003,4800.99,0
0.243254,1.16819,0.888797,-0.665418,0.244582,4802.35,0
0.244069,1.25987,0.83449,-0.737849,0.272353,5161.95,0
0.244943,1.27258,0.990234,-0.775549,0.27019,5195.41,0
0.245732,1.27125,0.983728,-0.840101,0.271194,5173.31,0
0.246588,1.27282,0.986274,-0.760334,0.260284,5161.73,0
0.247524,1.34846,0.996837,-0.832533,0.289636,5447.81,0
0.248315,1.34718,0.958721,-0.904103,0.28457,5425.28,0
0.249081,1.4454,0.876512,-0.857848,0.315556,5802.94,0
0.249886,1.43852,0.846207,-0.929636,0.304095,5756.71,0
0.250689,1.42482,0.906379,-0.888051,0.298921,5683.62,0
0.251457,1.47426,0.86372,-0.951981,0.322559,5862.85,0
0.252211,1.44716,0.873359,-0.866719,0.325325,5737.9,0
0.25297,1.4249,0.908336,-0.832786,0.305561,5632.68,0
0.253785,1.35557,0.92754,-0.931588,0.274492,5341.42,0
0.254629,1.42279,0.894684,-0.933533,0.301257,5587.69,0
0.255434,1.49267,0.827435,-0.968336,0.316534,5843.66,0
0.256202,1.51803,0.795234,-0.953422,0.327812,5925.14,0
0.256983,1.51298,0.826899,-0.83877,0.316322,5887.46,0
0.257731,1.58497,0.847506,-0.80722,0.340326,6149.7,0
0.258487,1.58442,0.869288,-0.863538,0.355248,6129.61,0
0.259232,1.63694,0.928863,-0.87467,0.365875,6314.57,0
0.259964,1.77781,0.912828,-0.829311,0.394047,6838.69,0
0.260663,1.78531,0.935774,-0.788442,0.406041,6849.12,0
0.261331,1.83187,1.08107,-0.822268,0.419516,7009.78,0
0.262005,1.77294,1.06728,-0.842353,0.399628,6766.82,0
0.262684,1.87429,1.07119,-0.874054,0.431101,7135.14,0
0.263389,1.91371,1.13488,-0.754875,0.438814,7265.7,0
0.264025,1.94428,1.07423,-0.840769,0.45504,7364.02,0
0.264661,1.97523,1.06696,-0.900255,0.461476,7463.26,0
0.265339,1.91059,1.1184,-0.838165,0.430351,7200.56,0
0.265999,1.93149,1.1793,-0.823596,0.435556,7261.28,0
0.266655,1.94024,1.10723,-0.827932,0.435837,7276.23,0
0.267348,1.91366,1.14758,-0.719377,0.415379,7157.95,0
0.268018,1.84156,0.988586,-0.660225,0.38896,6871.04,0
0.268759,1.84356,0.963701,-0.732802,0.372465,6859.53,0
0.26945,1.84039,0.969831,-0.771975,0.376849,6830.17,0
0.270167,1.83425,1.02357,-0.70545,0.365125,6789.3,0
0.270896,1.80341,1.02674,-0.783737,0.363163,6657.22,0
0.271634,1.81529,0.924564,-0.817081,0.35359,6682.87,0
0.272359,1.9286,1.03317,-0.872718,0.365534,7081.09,0
0.273056,1.9679,1.01204,-0.907741,0.375319,7206.96,0
0.273771,1.95102,0.986841,-0.912684,0.374892,7126.47,0
0.27447,2.07068,0.906299,-0.914336,0.405389,7544.29,0
0.275162,2.01055,0.865565,-0.913184,0.379266,7306.78,0
0.275875,1.9338,0.910097,-0.879327,0.33712,7009.68,0
0.276619,2.05311,0.862895,-0.909099,0.384292,7422.14,0
0.277328,2.04984,0.821421,-0.804156,0.396859,7391.38,0
0.278,1.99971,0.811397,-0.728756,0.3813,7193.2,0
0.27869,2.02804,0.86201,-0.699982,0.380132,7277.03,0
0.279415,1.98183,0.946039,-0.688025,0.364084,7092.79,0
0.280169,1.94284,0.919428,-0.65421,0.332493,6934.55,0
0.280948,1.91391,0.891845,-0.652737,0.331533,6812.33,0
0.281697,1.96463,0.840391,-0.69028,0.349445,6974.27,0
0.282456,1.94921,0.849475,-0.726871,0.35764,6900.93,0
0.28316,2.01356,0.883921,-0.704437,0.3923,7111.03,0
0.283869,2.00696,0.909461,-0.72146,0.385757,7070.03,0
0.284581,1.99356,0.856092,-0.691548,0.363717,7005.22,0
0.285303,1.97999,0.819234,-0.649034,0.350182,6939.97,0
0.286092,1.93623,0.764962,-0.679658,0.334763,6767.84,0
0.286887,1.85154,0.69819,-0.736018,0.306171,6453.92,0
0.287695,1.82923,0.694153,-0.714358,0.298803,6358.21,0
0.288491,1.94823,0.64032,-0.771761,0.338951,6753.17,0
0.289243,2.00518,0.608693,-0.832802,0.361805,6932.53,0
0.289968,2.07541,0.652713,-0.732882,0.386682,7157.36,0
0.290649,2.07571,0.618,-0.794771,0.380375,7141.65,0
0.291385,2.04534,0.581469,-0.795229,0.347559,7019.38,0
0.292127,2.06777,0.517082,-0.85212,0.34639,7078.34,0
0.292843,2.12769,0.484029,-0.856969,0.366439,7265.64,0
0.293573,2.08825,0.528019,-0.915299,0.356033,7113.2,0
0.294318,1.99928,0.534666,-0.80532,0.324832,6792.93,0
0.295111,2.0299,0.632208,-0.833494,0.342682,6878.43,0
0.295864,2.04059,0.596388,-0.912575,0.337892,6897.05,0
0.296646,2.0312,0.608981,-0.890069,0.337707,6847.24,0
0.297401,2.0546,0.614734,-0.806276,0.324882,6908.5,0
0.29817,2.07414,0.51888,-0.802984,0.341493,6956.23,0
0.298901,2.19754,0.523545,-0.807428,0.368998,7352.06,0
0.299611,2.21218,0.600331,-0.771119,0.376124,7383.51,0
0.30032,2.31469,0.543628,-0.890041,0.40937,7707.42,0
0.301016,2.4226,0.475467,-0.965122,0.429768,8048.08,0
0.301692,2.3544,0.443722,-0.916549,0.412058,7803.99,0
0.30238,2.34514,0.450139,-0.87798,0.398358,7755.62,0
0.303066,2.282,0.492135,-0.833372,0.373514,7529.73,0
0.303772,2.26671,0.44877,-0.828282,0.361593,7461.87,0
0.304478,2.32805,0.517105,-0.815508,0.388624,7646.02,0
0.305204,2.2942,0.503692,-0.854155,0.362358,7516.95,0
0.305958,2.29234,0.448202,-0.952684,0.364413,7492.34,0
0.30671,2.28506,0.52017,-0.873218,0.372006,7450.22,0
0.307456,2.3594,0.500964,-0.80367,0.39258,7673.95,0
0.308204,2.33785,0.513005,-0.794317,0.387663,7585.39,0
0.30891,2.36715,0.577118,-0.88244,0.394569,7662.93,0
0.309625,2.35127,0.61784,-0.877902,0.376871,7593.92,0
0.310362,2.30097,0.599455,-0.80354,0.360394,7413.82,0
0.311067,2.37784,0.514816,-0.839792,0.38093,7644.13,0
0.311772,2.31152,0.580541,-0.823312,0.347807,7414.15,0
0.312495,2.3192,0.512358,-0.891947,0.362004,7421.56,0
0.313208,2.32808,0.515189,-0.879264,0.374527,7433.02,0
0.313925,2.39114,0.552717,-0.852712,0.404017,7616.91,0
0.314613,2.29202,0.574751,-0.940558,0.382721,7285.22,0
0.315354,2.37998,0.508463,-0.995716,0.393075,7547,0
0.316051,2.33874,0.391645,-0.924166,0.380416,7399.88,0
0.316743,2.32041,0.340493,-1.03706,0.392844,7325.85,0
0.317454,2.34773,0.393394,-1.08025,0.401627,7395.51,0
0.31814,2.35976,0.464398,-0.999398,0.403279,7417.38,0
0.318853,2.36941,0.459738,-1.01062,0.417332,7431.04,0
0.319555,2.33925,0.470683,-0.970278,0.406173,7320.34,0
0.320285,2.24432,0.457053,-0.95232,0.35062,7007.24,0
0.321013,2.25307,0.509905,-0.99251,0.342106,7018.6,0
0.321753,2.29057,0.454861,-0.917321,0.342743,7119.04,0
0.322479,2.37263,0.41304,-0.841024,0.362627,7357.45,0
0.323221,2.35591,0.430685,-0.844345,0.351599,7288.87,0
0.323999,2.37932,0.370483,-0.985164,0.352532,7343.61,0
0.324727,2.32443,0.449809,-0.952574,0.331596,7158.11,0
0.325516,2.30957,0.492132,-1.12495,0.328943,7095.1,0
0.326266,2.31838,0.471792,-1.1198,0.321847,7105.77,0
0.327046,2.32501,0.447895,-1.1355,0.313317,7109.12,0
0.327842,2.31438,0.497365,-1.11901,0.31892,7059.46,0
0.328628,2.36784,0.476871,-1.06863,0.336574,7205.23,0
0.329372,2.41363,0.43326,-1.03328,0.348161,7327.97,0
0.330118,2.40041,0.474107,-0.999067,0.337571,7271.39,0
0.330883,2.40241,0.3513,-0.958601,0.328572,7260.6,0
0.331666,2.38393,0.423023,-0.945374,0.305576,7187.75,0
0.332483,2.39583,0.372631,-0.947943,0.308377,7205.89,0
0.333319,2.34028,0.347071,-0.930334,0.268903,7021.14,0
0.334152,2.42543,0.313687,-1.03571,0.300767,7258.47,0
0.334934,2.37828,0.259104,-1.01077,0.293218,7100.74,0
0.335724,2.5229,0.302225,-1.05226,0.338051,7514.79,0
0.33648,2.52766,0.464863,-1.14777,0.328355,7512.07,0
0.337241,2.51694,0.51024,-1.1975,0.319313,7463.32,0
0.337972,2.6085,0.493987,-1.2216,0.351668,7718.08,0
0.338737,2.51225,0.47494,-1.2593,0.320769,7416.51,0
0.339527,2.49035,0.432912,-1.30648,0.307422,7334.77,0
0.340326,2.54201,0.453638,-1.36777,0.332733,7469.33,0
0.341126,2.48182,0.460056,-1.33708,0.311094,7275.4,0
0.341922,2.39757,0.414202,-1.36188,0.276202,7012.02,0
0.342788,2.48501,0.471929,-1.35218,0.314272,7249.39,0
0.343563,2.51227,0.56736,-1.43642,0.326635,7312.4,0
0.344349,2.47067,0.600889,-1.43151,0.317307,7174.92,0
0.345112,2.44745,0.541794,-1.54018,0.314569,7091.77,0
0.345946,2.52695,0.626629,-1.46211,0.330303,7304.48,0
0.346688,2.63224,0.707717,-1.44942,0.366048,7592.51,0
0.347415,2.59458,0.697133,-1.47289,0.353531,7468.25,0
0.348161,2.58045,0.767923,-1.51167,0.343269,7411.67,0
0.348928,2.59572,0.829336,-1.57505,0.362721,7439.13,0
0.349637,2.66495,0.825316,-1.58094,0.378491,7622.05,0
0.350368,2.68614,0.823981,-1.5714,0.375428,7666.64,0
0.351093,2.7745,0.882397,-1.47054,0.4223,7902.45,0
0.351771,2.83404,0.806538,-1.51768,0.435503,8056.5,0
0.352419,2.85414,0.830419,-1.54487,0.442378,8098.7,0
0.353101,2.82374,0.788791,-1.56865,0.435179,7996.97,0
0.353794,2.80436,0.817757,-1.57408,0.413999,7926.51,0
0.354466,2.87032,0.821897,-1.59879,0.424319,8097.6,0
0.355133,2.88318,0.949711,-1.51648,0.422626,8118.6,0
0.355781,2.84536,0.958585,-1.5274,0.412745,7997.5,0
0.356512,2.77252,1.02013,-1.55233,0.386273,7776.78,0
0.357238,2.83105,1.18524,-1.55441,0.413758,7924.82,0
0.357929,2.85102,1.21418,-1.52809,0.415388,7965.33,0
0.358603,2.97044,1.2264,-1.58503,0.439502,8283.37,0
0.359268,2.96493,1.21409,-1.63103,0.420349,8252.68,0
0.359955,2.8343,1.27052,-1.67998,0.369402,7874.04,0
0.360687,2.77724,1.25609,-1.70049,0.348381,7699.87,0
0.36143,2.85834,1.27289,-1.73073,0.37762,7908.41,0
0.362163,2.83548,1.38716,-1.75436,0.374925,7829.31,0
0.362872,2.87774,1.45694,-1.63396,0.393801,7930.45,0
0.36362,2.74517,1.47405,-1.59155,0.347967,7549.55,0
0.364342,2.79064,1.4281,-1.53744,0.352537,7659.4,0
0.365084,2.76606,1.4668,-1.59843,0.337628,7576.51,0
0.365834,2.75278,1.52388,-1.5958,0.328114,7524.67,0
0.366602,2.71337,1.59988,-1.59869,0.321828,7401.4,0
0.367396,2.65272,1.58682,-1.62901,0.301052,7220.34,0
0.368199,2.69065,1.65377,-1.55283,0.308522,7307.58,0
0.369004,2.71521,1.74052,-1.543,0.308721,7358.22,0
0.369829,2.75127,1.79127,-1.52795,0.327698,7439.29,0
0.370638,2.76556,1.83735,-1.58578,0.325275,7461.62,0
0.371398,2.71545,1.84238,-1.69334,0.307313,7311.42,0
0.372192,2.66881,1.8945,-1.66011,0.296271,7170.52,0
0.372987,2.69733,1.88322,-1.61696,0.30707,7231.69,0
0.373772,2.77426,1.88666,-1.57366,0.314605,7422.32,0
0.374565,2.79287,1.94542,-1.50752,0.320282,7456.3,0
0.375362,2.72146,1.90006,-1.50161,0.295248,7250.23,0
0.376189,2.7434,1.95981,-1.58908,0.29427,7292.61,0
0.377004,2.78,2.03018,-1.65347,0.303829,7373.94,0
0.377762,2.82698,2.05958,-1.5999,0.312384,7483.5,0
0.378552,2.83917,1.99012,-1.71948,0.318987,7500.07,0
0.379337,2.80641,1.99672,-1.7588,0.309612,7398.2,0
0.380142,2.82719,1.99059,-1.83353,0.318591,7437.19,0
0.38093,2.84851,1.95473,-1.91741,0.327196,7477.77,0
0.381727,2.8369,1.92737,-1.9564,0.326015,7431.73,0
0.382483,2.87793,1.90315,-1.94185,0.352923,7524.35,0
0.383175,2.8713,1.83493,-1.95319,0.343536,7493.44,0
0.383919,2.9039,1.81379,-1.99475,0.362485,7563.84,0
0.384648,2.94538,1.86953,-1.93656,0.36468,7657.34,0
0.385339,3.06832,1.89189,-1.91711,0.39282,7962.63,0
0.386037,3.11835,1.80035,-1.90362,0.401035,8077.85,0
0.386711,3.14286,1.75288,-2.0033,0.411658,8127.15,0
0.387415,3.14375,1.7253,-1.97434,0.388748,8114.67,0
0.388154,3.14095,1.669,-2.00932,0.380291,8092.03,0
0.388885,3.08336,1.72713,-2.04301,0.345932,7928.71,0
0.389604,3.15355,1.69816,-2.20288,0.3619,8094.25,0
0.390345,3.08648,1.73411,-2.22517,0.335863,7907.06,0
0.391117,3.11524,1.6131,-2.13342,0.338473,7964.98,0
0.391857,3.00186,1.61187,-2.12724,0.305295,7660.58,0
0.392643,2.92135,1.60033,-2.10082,0.272173,7440.21,0
0.393479,2.94102,1.4965,-2.04903,0.269811,7474.39,0
0.39432,2.92919,1.53201,-2.0497,0.263759,7428.46,0
0.395178,2.90697,1.44618,-1.95607,0.250747,7356.1,0
0.396059,2.8657,1.54181,-2.00101,0.23075,7235.54,0
0.397025,2.78603,1.53036,-2.01089,0.207946,7017.26,0
0.398014,2.82313,1.45959,-1.93753,0.215865,7093.03,0
0.398967,2.80179,1.49577,-1.88563,0.211503,7022.63,0
0.399909,2.82623,1.44048,-1.81767,0.219372,7067.18,0
0.400823,2.85179,1.4792,-1.77989,0.230226,7114.84,0
0.401709,2.89221,1.49825,-1.83011,0.251236,7199.77,0
0.402597,2.85275,1.55727,-1.91636,0.233247,7085.87,0
0.403495,2.84864,1.5215,-1.91896,0.227918,7059.93,0
0.40441,2.86391,1.50599,-1.93505,0.250045,7081.7,0
0.405278,2.85134,1.55914,-1.92116,0.251752,7035.52,0
0.406165,2.8922,1.55178,-1.90294,0.259031,7120.74,0
0.407045,2.92842,1.53082,-1.83146,0.279122,7194.35,0
0.407848,2.96349,1.53429,-1.85514,0.290198,7266.16,0
0.40865,2.92109,1.5224,-1.86797,0.281477,7148.14,0
0.40943,2.96751,1.54099,-1.82116,0.291161,7247.9,0
0.410265,3.03058,1.54562,-1.76418,0.314456,7386.87,0
0.411045,3.09414,1.44968,-1.68013,0.327728,7527.51,0
0.411864,3.04145,1.49018,-1.56229,0.304982,7384.59,0
0.412644,3.08589,1.4575,-1.45595,0.320619,7478.33,0
0.41341,3.07367,1.4665,-1.47416,0.327458,7434.92,0
0.414155,3.03238,1.49482,-1.45156,0.316988,7321.85,0
0.414932,3.08348,1.41242,-1.49599,0.311781,7431.29,0
0.415728,3.03729,1.32177,-1.49608,0.307478,7305.97,0
0.416541,2.97542,1.38716,-1.56179,0.286694,7143.16,0
0.417378,2.93845,1.40382,-1.5749,0.274898,7040.26,0
0.41821,2.84709,1.43571,-1.52574,0.253158,6807.78,0
0.419133,2.78568,1.38189,-1.51947,0.236489,6646.28,0
0.420077,2.84091,1.30372,-1.56902,0.245217,6762.83,0
0.420939,2.8961,1.21329,-1.49059,0.248865,6880.1,0
0.42181,2.85888,1.19006,-1.52019,0.234784,6777.65,0
0.422713,2.93283,1.18007,-1.51922,0.258013,6938.12,0
0.423611,2.89648,1.15791,-1.46983,0.239475,6837.58,0
0.424538,2.94895,1.14887,-1.47987,0.248774,6946.26,0
0.425469,2.8617,1.13001,-1.49795,0.206741,6725.99,0
0.426397,2.85571,1.27858,-1.51044,0.200773,6697.31,0
0.427365,2.8591,1.36802,-1.39766,0.196156,6690.05,0
0.428341,2.88744,1.39232,-1.33317,0.191382,6740.98,0
0.429308,2.95059,1.42306,-1.28485,0.206184,6872.9,0
0.430247,3.01009,1.5112,-1.38835,0.228742,6996.2,0
0.431206,2.98048,1.39374,-1.42956,0.221797,6911.96,0
0.432115,2.95561,1.36237,-1.413,0.205874,6839.87,0
0.433053,3.01025,1.29495,-1.43465,0.219232,6951.23,0
0.433967,3.02215,1.27971,-1.5145,0.228664,6964,0
0.434939,2.97395,1.31347,-1.49977,0.211244,6837.63,0
0.43587,2.94513,1.20316,-1.58767,0.213891,6756.91,0
0.436827,2.99525,1.22214,-1.57461,0.219113,6856.83,0
0.437757,3.00022,1.26032,-1.54976,0.21615,6853.61,0
0.438661,2.99865,1.34904,-1.59121,0.221507,6835.92,0
0.439589,3.01679,1.27315,-1.59234,0.222993,6862.75,0
0.440576,2.98891,1.30183,-1.50611,0.217864,6784.11,0
0.441476,3.06865,1.30498,-1.51596,0.234497,6950.89,0
0.442371,3.04654,1.29006,-1.42714,0.22937,6886.86,0
0.443331,2.99705,1.27576,-1.50884,0.202371,6760.3,0
0.444302,3.00936,1.28253,-1.58758,0.196466,6773.22,0
0.44527,3.04729,1.2085,-1.47538,0.207619,6843.69,0
0.446206,3.04957,1.24176,-1.46748,0.206182,6834.45,0
0.447183,3.03031,1.2228,-1.49163,0.209679,6776.45,0
0.448138,2.98354,1.22272,-1.55058,0.191163,6657.64,0
0.449141,3.03462,1.26226,-1.59737,0.196745,6756.5,0
0.450115,3.05049,1.32949,-1.59247,0.202598,6777.14,0
0.451174,3.05421,1.36655,-1.66258,0.193472,6769.49,0
0.452186,3.04687,1.37027,-1.69413,0.189004,6738.08,0
0.453183,3.09866,1.31386,-1.8225,0.203919,6837.54,0
0.454128,3.11073,1.29946,-1.86582,0.218763,6849.91,0
0.45507,3.15447,1.34574,-1.83039,0.233668,6931.84,0
0.455925,3.20734,1.2652,-1.80537,0.264985,7034.8,0
0.45677,3.2073,1.28202,-1.7871,0.263979,7021.71,0
0.457656,3.23983,1.35261,-1.72247,0.266168,7079.17,0
0.458554,3.18324,1.3458,-1.76081,0.238675,6941.92,0
0.459436,3.14752,1.34702,-1.74368,0.22727,6850.82,0
0.460405,3.16006,1.36422,-1.69708,0.222423,6863.65,0
0.46143,3.08022,1.48337,-1.64197,0.189138,6675.36,0
0.462491,3.06726,1.41173,-1.67866,0.172684,6632.04,0
0.463549,3.13834,1.32827,-1.66085,0.192753,6770.25,0
0.464533,3.1141,1.33808,-1.63587,0.19287,6703.72,0
0.465517,3.08505,1.30052,-1.70187,0.177963,6627.14,0
0.466558,3.09447,1.28358,-1.67959,0.174086,6632.56,0
0.467631,3.08351,1.27243,-1.63114,0.162457,6593.9,0
0.46872,3.15021,1.19471,-1.60314,0.186572,6720.89,0
0.469794,3.08054,1.16951,-1.64399,0.161356,6557.22,0
0.470932,3.00569,1.14454,-1.68477,0.140534,6382.44,0
0.472131,3.01739,1.13692,-1.7774,0.144162,6391,0
0.473259,3.04693,1.13821,-1.77806,0.150893,6438.19,0
0.474318,3.19416,1.18933,-1.78747,0.199733,6734.22,0
0.475237,3.30447,1.24285,-1.69531,0.233271,6953.31,0
0.476114,3.31085,1.21244,-1.57799,0.232842,6953.91,0
0.477001,3.31651,1.17171,-1.55373,0.247299,6952.84,0
0.477866,3.39291,1.22617,-1.46351,0.268509,7100.14,0
0.478685,3.42158,1.31555,-1.40008,0.275712,7147.88,0
0.479549,3.32016,1.25722,-1.34126,0.242076,6923.5,0
0.480457,3.26767,1.27503,-1.367,0.233605,6801.17,0
0.481396,3.29464,1.27434,-1.34441,0.240747,6843.93,0
0.482323,3.3167,1.2842,-1.33686,0.241204,6876.52,0
0.483172,3.44814,1.32213,-1.2768,0.276483,7136.46,0
0.484012,3.44767,1.32268,-1.14838,0.263808,7123.1,0
0.484892,3.60623,1.37005,-1.16835,0.307308,7437.19,0
0.485666,3.68473,1.34056,-1.24329,0.328928,7586.98,0
0.486435,3.69352,1.20749,-1.14871,0.331531,7593.05,0
0.487252,3.6586,1.25113,-1.20567,0.305628,7508.65,0
0.488052,3.65089,1.26857,-1.10853,0.296268,7480.53,0
0.488854,3.68935,1.24983,-1.03277,0.296934,7546.93,0
0.489673,3.65934,1.22389,-1.03441,0.294223,7473.02,0
0.490448,3.74659,1.39615,-1.02278,0.327258,7639.11,0
0.491222,3.73915,1.346,-1.08074,0.313161,7611.92,0
0.491975,3.73857,1.3247,-1.04835,0.326708,7599.1,0
0.492744,3.70055,1.34313,-1.09543,0.307169,7510.09,0
0.493509,3.69817,1.39736,-1.0057,0.298355,7493.63,0
0.494296,3.76977,1.38753,-0.944209,0.327945,7626.55,0
0.495051,3.77618,1.46468,-0.922691,0.320096,7627.86,0
0.495829,3.79086,1.42818,-0.913577,0.309851,7645.51,0
0.496613,3.80129,1.48444,-0.847017,0.31366,7654.42,0
0.49737,3.75944,1.43268,-0.844787,0.297679,7558.63,0
0.498169,3.74678,1.40976,-0.904273,0.297388,7521.1,0
0.498957,3.75923,1.43089,-0.742955,0.302843,7534.16,0
0.49977,3.84785,1.4595,-0.865888,0.321884,7699.24,0
0.50053,3.94499,1.56357,-0.882754,0.355287,7881.61,0
0.501276,4.01112,1.63721,-0.968717,0.365008,8001.81,0
0.50204,4.04809,1.67139,-1.0647,0.355423,8063.29,0
0.50277,4.03914,1.66385,-1.0455,0.341071,8033.77,0
0.503546,3.93058,1.71216,-0.9889,0.311931,7805.79,0
0.504293,4.11447,1.774,-0.947512,0.370405,8158.9,0
0.504995,4.10031,1.73501,-1.0175,0.355917,8119.51,0
0.505746,4.15199,1.80951,-1.02859,0.370911,8209.64,0
0.506516,4.14623,1.85797,-0.996117,0.358422,8185.78,0
0.507265,4.11372,1.9006,-1.00527,0.327831,8109.6,0
0.508044,4.08727,1.92927,-1.00574,0.330359,8045.11,0
0.508802,4.07767,1.91031,-0.980452,0.323075,8014.26,0
0.509585,4.12117,1.91538,-0.932346,0.337441,8087.29,0
0.51035,4.03481,1.89315,-1.03944,0.317256,7905.95,0
0.511147,4.04053,1.96663,-1.01698,0.314001,7904.84,0
0.511924,4.01002,1.98216,-1.04732,0.296106,7833.22,0
0.512717,4.00683,1.9152,-1.0719,0.287157,7814.89,0
0.513581,3.99046,1.93816,-1.01818,0.276316,7769.87,0
0.514445,3.9907,2.05852,-0.91888,0.262237,7757.29,0
0.515269,4.0723,2.01691,-0.882586,0.285018,7903.26,0
0.516084,4.12303,1.98107,-0.824968,0.301908,7989.07,0
0.516941,4.12428,1.97224,-0.876459,0.299787,7978.24,0
0.51772,4.06139,2.03329,-0.882941,0.279153,7844.78,0
0.51857,3.99695,2.02945,-0.963478,0.250851,7707.64,0
0.519431,4.05203,2.00661,-1.02709,0.269915,7800.91,0
0.520279,4.04367,1.96942,-1.03768,0.261404,7772.11,0
0.521075,4.10105,1.93543,-1.06754,0.27503,7870.37,0
0.521956,4.12244,1.91144,-1.09589,0.278408,7898.06,0
0.522783,4.13401,1.9467,-1.02104,0.280482,7907.71,0
0.52364,4.13302,2.01328,-1.03513,0.285915,7892.86,0
0.524469,4.14557,1.93456,-1.06355,0.286382,7904.33,0
0.525305,4.09749,1.99486,-1.06788,0.260354,7800.22,0
0.526177,4.04733,1.96396,-1.04277,0.242482,7691.95,0
0.527073,4.0423,1.89446,-1.07696,0.241071,7669.33,0
0.527965,3.98881,1.93802,-1.03709,0.222792,7555.05,0
0.528986,3.87851,1.82545,-1.01333,0.170939,7331.97,0
0.529987,3.91874,1.8288,-1.03151,0.190129,7394.04,0
0.530992,3.90629,1.79096,-1.05721,0.18577,7356.58,0
0.531934,3.95904,1.7511,-1.0145,0.203758,7442.72,0
0.532904,3.98363,1.71814,-0.959766,0.201836,7475.32,0
0.533855,3.95349,1.71403,-0.926947,0.183622,7405.56,0
0.53489,3.94761,1.66679,-0.96109,0.179162,7380.22,0
0.535857,3.9943,1.67241,-1.00419,0.192543,7454.04,0
0.536776,4.06998,1.6052,-0.923727,0.210291,7582.27,0
0.537755,4.02627,1.65571,-0.904377,0.197457,7487.18,0
0.538717,4.02776,1.59381,-0.903658,0.198895,7476.57,0
0.539672,4.04246,1.61944,-0.918888,0.20429,7490.58,0
0.540672,4.11094,1.61355,-0.9052,0.220209,7603.38,0
0.541581,4.17998,1.58548,-0.90137,0.244326,7718.11,0
0.542433,4.2094,1.63355,-0.926466,0.254005,7760.21,0
0.543342,4.15078,1.63776,-1.07186,0.240531,7639.35,0
0.544203,4.25572,1.67149,-1.06246,0.270543,7820.1,0
0.545096,4.21698,1.71281,-1.09696,0.247428,7736.21,0
0.546027,4.16034,1.73974,-1.04509,0.223261,7619.3,0
0.546954,4.24117,1.80996,-0.996792,0.251653,7754.16,0
0.547827,4.23281,1.80557,-0.942935,0.254086,7726.55,0
0.548711,4.13893,1.79375,-0.911962,0.231154,7543,0
0.54962,4.14832,1.84452,-0.832897,0.223194,7547.62,0
0.550507,4.14678,1.80931,-0.840544,0.224154,7532.65,0
0.551418,4.23236,1.76303,-0.728528,0.246222,7675.4,0
0.552265,4.31884,1.78985,-0.80779,0.268445,7820.23,0
0.553116,4.38747,1.75125,-0.857107,0.276546,7932.28,0
0.553946,4.38439,1.73803,-0.723989,0.286577,7914.84,0
0.554747,4.36822,1.74262,-0.772148,0.278439,7874.26,0
0.555555,4.43845,1.75798,-0.849898,0.305004,7989.23,0
0.556311,4.52675,1.79372,-0.865594,0.319081,8137.08,0
0.557054,4.61854,1.7193,-0.909597,0.347842,8291,0
0.557834,4.51758,1.69915,-0.920963,0.317983,8098.43,0
0.558599,4.56594,1.76849,-0.938234,0.333799,8173.9,0
0.55939,4.57588,1.7401,-0.930372,0.313452,8180.12,0
0.560194,4.66752,1.71983,-0.976769,0.334241,8331.98,0
0.561013,4.70228,1.70835,-0.952669,0.336703,8381.77,0
0.561806,4.62326,1.70998,-0.86527,0.30208,8229.29,0
0.562602,4.64299,1.83587,-0.874702,0.301015,8252.71,0
0.563395,4.7163,1.95391,-0.929966,0.317564,8371.22,0
0.564176,4.72369,2.02932,-0.905165,0.325511,8372.73,0
0.56492,4.73279,2.01516,-0.892638,0.329581,8377.81,0
0.565707,4.72643,1.97981,-0.842797,0.324825,8354.92,0
0.566469,4.72609,1.9292,-0.798899,0.320136,8343.08,0
0.567222,4.84218,1.96495,-0.828979,0.366984,8536.65,0
0.567955,4.87278,1.96558,-0.817519,0.380411,8579.51,0
0.568657,4.87176,1.8682,-0.823531,0.38103,8567.13,0
0.569357,4.96252,1.8808,-0.830447,0.405638,8716.01,0
0.570037,4.92195,1.87729,-0.892573,0.404666,8634.43,0
0.57073,4.97144,1.99312,-0.898337,0.41992,8710.66,0
0.571415,4.98976,2.0221,-0.822302,0.412695,8732.28,0
0.572134,4.94906,1.97429,-0.786839,0.397729,8650.17,0
0.572845,4.93456,1.93944,-0.705844,0.384448,8614.13,0
0.573556,4.99879,1.91442,-0.678124,0.412978,8715.44,0
0.574249,5.0834,1.90321,-0.621435,0.412186,8852.25,0
0.574927,5.05072,1.88007,-0.664767,0.379871,8784.98,0
0.575647,5.10726,1.85304,-0.760414,0.398168,8872.2,0
0.57635,5.11264,1.8472,-0.688581,0.402848,8870.73,0
0.577023,5.17103,1.85558,-0.708792,0.411991,8961.57,0
0.5777,5.11147,1.81261,-0.674253,0.385882,8847.96,0
0.578386,5.09068,1.83156,-0.629936,0.370796,8801.52,0
0.579097,5.05909,1.85637,-0.662975,0.360639,8736.17,0
0.579836,5.01179,1.82448,-0.736314,0.35261,8643.45,0
0.580617,4.96511,1.77029,-0.787695,0.321702,8551.44,0
0.581398,5.0815,1.76402,-0.780304,0.35539,8740.14,0
0.582168,5.06557,1.69745,-0.703249,0.345295,8701.23,0
0.582894,5.11725,1.78434,-0.737737,0.356528,8779.04,0
0.583625,5.1131,1.80581,-0.690116,0.353542,8760.94,0
0.584336,5.09403,1.77168,-0.696195,0.346919,8717.64,0
0.585106,5.16337,1.71712,-0.614416,0.361042,8824.69,0
0.58585,5.11756,1.69087,-0.653249,0.337293,8735.27,0
0.586581,5.10877,1.68827,-0.649817,0.335327,8709.4,0
0.587386,5.03766,1.50538,-0.604704,0.313853,8576.4,0
0.588106,5.09154,1.55759,-0.67066,0.331327,8657.51,0
0.588857,5.16297,1.53377,-0.726045,0.351099,8767.78,0
0.589644,5.12151,1.49385,-0.75883,0.32607,8685.77,0
0.590394,5.11419,1.57161,-0.811019,0.307822,8662.33,0
0.591189,5.07887,1.60034,-0.904941,0.282279,8590.94,0
0.592047,5.15996,1.67203,-0.916915,0.28722,8715.46,0
0.592908,5.16881,1.72153,-0.938889,0.286462,8717.73,0
0.593734,5.20299,1.70006,-0.949452,0.301543,8763.16,0
0.594526,5.2717,1.72474,-1.00452,0.320507,8867.06,0
0.595308,5.31907,1.7366,-1.06903,0.337088,8934.98,0
0.596051,5.35359,1.675,-1.106,0.339273,8981.76,0
0.596823,5.35259,1.6828,-1.16849,0.325534,8968.47,0
0.597588,5.33788,1.78284,-1.20538,0.314788,8932.38,0
0.598372,5.3885,1.83494,-1.19974,0.335316,9005.26,0
0.599148,5.32767,1.86426,-1.20938,0.309204,8892.09,0
0.599943,5.32425,1.98933,-1.27052,0.309616,8874.59,0
0.600726,5.35295,2.03718,-1.27195,0.315856,8910.81,0
0.601487,5.40734,2.00127,-1.24913,0.338306,8989.95,0
0.602304,5.39476,1.95022,-1.20194,0.328829,8956.88,0
0.603076,5.33405,1.93912,-1.23862,0.304614,8844.74,0
0.603866,5.45572,2.0334,-1.27246,0.334145,9034.66,0
0.604618,5.51695,1.97411,-1.26323,0.353451,9124.7,0
0.605355,5.51387,2.04505,-1.19695,0.333993,9108.49,0
0.606133,5.49374,2.06833,-1.23636,0.3138,9063.58,0
0.606919,5.49474,2.11362,-1.2336,0.299863,9053.49,0
0.607705,5.45098,2.11786,-1.2737,0.268895,8969.8,0
0.608556,5.48389,2.17978,-1.27548,0.266188,9011.31,0
0.609393,5.4111,2.23033,-1.18605,0.227535,8879.5,0
0.610351,5.38762,2.21538,-1.27529,0.205388,8827.08,0
0.611407,5.30884,2.22863,-1.20913,0.177758,8683,0
0.61242,5.33998,2.25402,-1.12326,0.19221,8719.48,0
0.613453,5.36278,2.33651,-1.1735,0.192096,8741.95,0
0.614425,5.38073,2.32229,-1.25975,0.19699,8757.34,0
0.615415,5.31161,2.35062,-1.32365,0.179369,8630.95,0
0.616491,5.29677,2.36567,-1.29071,0.172982,8591.81,0
0.617536,5.34549,2.339,-1.30011,0.190383,8656.16,0
0.61856,5.35673,2.25031,-1.33565,0.190802,8660,0
0.619498,5.39887,2.22989,-1.24398,0.21034,8714.91,0
0.620454,5.39281,2.28798,-1.16231,0.217842,8691.72,0
0.621412,5.40509,2.27515,-1.17261,0.224805,8698.07,0
0.622315,5.44928,2.29202,-1.19786,0.232912,8756.46,0
0.623233,5.40052,2.31599,-1.23738,0.210372,8665.32,0
0.624115,5.50479,2.36457,-1.23226,0.255963,8820.16,0
0.625002,5.42095,2.39244,-1.28726,0.240605,8673.5,0
0.625852,5.40284,2.34326,-1.23803,0.240227,8632.77,0
0.626777,5.38898,2.38066,-1.20436,0.237709,8597.92,0
0.627704,5.43255,2.26187,-1.29923,0.25915,8654.64,0
0.628609,5.40395,2.24983,-1.27308,0.253224,8596.68,0
0.629461,5.40691,2.28775,-1.28518,0.244999,8589.74,0
0.630362,5.35779,2.33531,-1.33071,0.23083,8499.55,0
0.631255,5.39364,2.35586,-1.40274,0.249351,8544.32,0
0.632149,5.35619,2.38565,-1.51564,0.233459,8472.98,0
0.633011,5.35634,2.37232,-1.5088,0.242562,8461.68,0
0.633913,5.41088,2.39957,-1.51913,0.254433,8535.68,0
0.634779,5.40264,2.38972,-1.59005,0.239106,8511.06,0
0.63569,5.31219,2.3529,-1.66799,0.205583,8356.59,0
0.636661,5.34955,2.35046,-1.71671,0.217253,8402.51,0
0.637623,5.30941,2.27914,-1.74432,0.193131,8326.88,0
0.638638,5.32482,2.32952,-1.85195,0.200292,8337.77,0
0.639586,5.35768,2.30066,-1.84076,0.202286,8376.79,0
0.640551,5.37528,2.35672,-1.79043,0.207245,8391.65,0
0.641473,5.45759,2.29639,-1.74281,0.231895,8507.91,0
0.642335,5.4892,2.241,-1.67182,0.234941,8545.7,0
0.643264,5.47072,2.23565,-1.6795,0.230951,8504.61,0
0.644191,5.44475,2.23521,-1.68372,0.206923,8452.07,0
0.645142,5.48602,2.28889,-1.69601,0.21638,8503.59,0
0.646083,5.48893,2.28203,-1.66195,0.221179,8495.7,0
0.647085,5.51526,2.28191,-1.64825,0.23464,8523.25,0
0.648017,5.48917,2.21409,-1.67477,0.223781,8470.72,0
0.648902,5.6296,2.09253,-1.57893,0.271497,8675.58,0
0.649788,5.62634,2.02635,-1.60923,0.254801,8658.73,0
0.650639,5.69084,2.01829,-1.54527,0.268401,8746.53,0
0.651487,5.68385,1.9603,-1.55016,0.26797,8724.44,0
0.652359,5.6989,1.96752,-1.58201,0.275064,8735.83,0
0.653187,5.73657,1.98276,-1.5594,0.294599,8782.44,0
0.653984,5.80067,1.88142,-1.47367,0.31465,8869.74,0
0.654784,5.80575,1.99615,-1.38939,0.309664,8866.67,0
0.655582,5.90723,1.87926,-1.27499,0.355685,9010.67,0
0.656327,5.93402,1.86173,-1.25269,0.373171,9041.24,0
0.657087,5.89409,1.85018,-1.18253,0.360793,8970.03,0
0.657809,5.96122,1.91462,-1.06048,0.374883,9062.24,0
0.658512,6.05169,1.80198,-1.05566,0.403283,9189.95,0
0.65922,6.07974,1.7628,-1.10538,0.390973,9222.63,0
0.659946,6.04168,1.74066,-1.06836,0.367904,9154.81,0
0.660671,6.05096,1.71777,-1.03423,0.373154,9158.81,0
0.661373,6.00585,1.75804,-1.00453,0.360168,9080.89,0
0.662081,6.08198,1.82389,-1.028,0.381554,9186.16,0
0.662821,6.06084,1.84038,-0.978451,0.372706,9144,0
0.663557,6.05613,1.78337,-0.971066,0.350403,9126.76,0
0.66432,6.05731,1.75057,-1.02535,0.345103,9118.06,0
0.665042,6.03918,1.76491,-1.01078,0.333842,9080.89,0
0.665797,6.06425,1.77526,-1.03731,0.346775,9108.25,0
0.666532,6.07193,1.64251,-1.02326,0.361558,9109.75,0
0.667254,5.99662,1.61394,-1.10284,0.335646,8987.02,0
0.668033,5.93811,1.58019,-1.1817,0.314508,8888.95,0
0.668796,5.96165,1.53565,-1.29498,0.318076,8914,0
0.669611,5.90709,1.51729,-1.27447,0.294153,8821.68,0
0.670389,5.80755,1.55017,-1.29794,0.275239,8662.96,0
0.671194,5.92327,1.54549,-1.35632,0.306789,8824.97,0
0.672008,5.91283,1.60164,-1.36356,0.307149,8798.75,0
0.672798,5.87721,1.57773,-1.37732,0.304311,8735.48,0
0.673634,5.84971,1.58088,-1.43437,0.290754,8683.81,0
0.674457,5.78821,1.5073,-1.51184,0.285128,8582.03,0
0.675269,5.79285,1.58102,-1.52227,0.284333,8578.58,0
0.676102,5.75467,1.61967,-1.56638,0.277892,8511.54,0
0.676979,5.70234,1.66215,-1.56179,0.26044,8423.21,0
0.677828,5.7274,1.62709,-1.59433,0.281686,8449.64,0
0.678654,5.71462,1.57205,-1.54014,0.270445,8420.51,0
0.679504,5.76994,1.52095,-1.47473,0.275777,8491.39,0
0.680299,5.75876,1.5614,-1.46363,0.277955,8465.04,0
0.681143,5.73373,1.54605,-1.51411,0.284005,8417.8,0
0.682005,5.63945,1.49972,-1.58958,0.25198,8268.93,0
0.682961,5.54671,1.54801,-1.66123,0.207234,8121.56,0
0.68395,5.57259,1.52085,-1.6473,0.213322,8147.65,0
0.684937,5.60773,1.50309,-1.69165,0.220738,8187.22,0
0.685889,5.5611,1.58563,-1.74964,0.204092,8107.87,0
0.686884,5.6119,1.62837,-1.68886,0.208662,8170.08,0
0.687881,5.51672,1.63027,-1.72777,0.176013,8019.87,0
0.688939,5.45585,1.64757,-1.72769,0.158037,7919.21,0
0.69005,5.40736,1.67329,-1.71819,0.153446,7836.19,0
0.69117,5.40652,1.66682,-1.65425,0.149534,7822.28,0
0.69232,5.34144,1.64137,-1.71369,0.124271,7715.28,0
0.693574,5.34133,1.49612,-1.68961,0.111599,7701.18,0
0.694959,5.30824,1.37665,-1.61764,0.105118,7638.21,0
0.696367,5.25799,1.38869,-1.63917,0.0877054,7550.61,0
0.697961,5.22515,1.35498,-1.6393,0.0725797,7486.3,0
0.69955,5.26153,1.40311,-1.56139,0.0849538,7521.31,0
0.701097,5.21191,1.37497,-1.61746,0.0726401,7433.93,0
0.702552,5.26293,1.4337,-1.57155,0.096029,7491.16,0
0.70393,5.26566,1.36587,-1.67307,0.104378,7480.38,0
0.705291,5.31298,1.44099,-1.71555,0.121459,7533.02,0
0.706468,5.28403,1.54087,-1.67428,0.117812,7479.5,0
0.707724,5.28725,1.52145,-1.78799,0.118645,7470.78,0
0.709139,5.23631,1.55579,-1.76314,0.102161,7384.05,0
0.710536,5.23418,1.58568,-1.82545,0.0903724,7366.52,0
0.712004,5.28312,1.66094,-1.79471,0.106076,7420.08,0
0.713372,5.33266,1.64751,-1.9047,0.119068,7475.29,0
0.714541,5.38618,1.73932,-1.85886,0.131145,7537.95,0
0.715804,5.35412,1.81087,-1.80576,0.120744,7479.87,0
0.717239,5.28317,1.76104,-1.92651,0.0969985,7365.97,0
0.718564,5.26337,1.79944,-1.83148,0.0921813,7324.84,0
0.720053,5.25018,1.75391,-1.91363,0.0835423,7291.38,0
0.72152,5.23654,1.73691,-1.86734,0.0856874,7257.66,0
0.722922,5.28092,1.74499,-1.85683,0.0962141,7304.96,0
0.724343,5.2172,1.80497,-1.80411,0.0738967,7202.67,0
0.725949,5.28049,1.79588,-1.83348,0.0898401,7273.91,0
0.727447,5.22754,1.78131,-1.78414,0.0682888,7186.15,0
0.729153,5.21149,1.85281,-1.74306,0.0668642,7147.33,0
0.730783,5.30242,1.92301,-1.85024,0.0910588,7255.8,0
0.732433,5.16478,1.89813,-1.85911,0.0462428,7051.54,0
0.734383,5.20847,1.83956,-1.8665,0.0648445,7092.31,0
0.736232,5.22658,1.87455,-1.85743,0.0717766,7099.1,0
0.737913,5.2108,1.87411,-1.92391,0.0673768,7061.53,0
0.739648,5.16447,1.92299,-2.00491,0.0517384,6982.34,0
0.74164,5.16243,1.88701,-1.98001,0.0491474,6960.83,0
0.743471,5.17535,1.9297,-1.92884,0.0540481,6961.06,0
0.745279,5.18723,2.03683,-1.96497,0.0615167,6960.12,0
0.746887,5.31044,2.09617,-1.96528,0.100438,7110.1,0
0.748324,5.28734,2.0971,-1.92897,0.0989606,7065.58,0
0.749739,5.27229,2.09839,-1.93719,0.0865898,7032.16,0
0.751231,5.23038,2.1473,-1.94015,0.0718909,6962.41,0
0.752892,5.24396,2.13374,-1.88776,0.071188,6965.1,0
0.754678,5.22571,2.0659,-1.94372,0.0628044,6924.43,0
0.756368,5.24283,2.09255,-1.98889,0.0645436,6931.58,0
0.758147,5.27033,2.09848,-2.0998,0.0644197,6951.59,0
0.759778,5.27419,2.01245,-2.08363,0.0677977,6941.75,0
0.761482,5.28556,1.98023,-1.98066,0.0661025,6941.15,0
0.763089,5.32628,1.8482,-1.97007,0.080008,6979.9,0
0.764742,5.28154,1.74407,-2.00141,0.0649214,6906.3,0
0.766325,5.36451,1.71487,-2.0167,0.0911242,7000.31,0
0.767766,5.38801,1.69718,-2.04218,0.100407,7017.78,0
0.769344,5.32425,1.7436,-2.03683,0.0747188,6920.51,0
0.77088,5.406,1.73973,-2.09486,0.0906645,7012.77,0
0.772446,5.30789,1.74664,-2.10907,0.0621082,6871.53,0
0.774298,5.31202,1.64914,-2.12172,0.0668272,6860.43,0
0.775903,5.34327,1.57178,-2.17853,0.0726831,6886.53,0
0.777387,5.41979,1.52806,-2.19268,0.0960214,6971.81,0
0.778723,5.42499,1.51362,-2.22648,0.09792,6966.53,0
0.780177,5.39029,1.47814,-2.21745,0.0844954,6909.06,0
0.78178,5.36123,1.57454,-2.13487,0.0770853,6857.72,0
0.783445,5.35712,1.59417,-2.19453,0.0731154,6837.91,0
0.785029,5.37783,1.602,-2.24045,0.0747612,6850.48,0
0.786747,5.33389,1.55105,-2.30567,0.0613932,6779.68,0
0.788491,5.33948,1.57284,-2.37244,0.0620255,6771.77,0
0.790097,5.43555,1.6882,-2.36525,0.0951155,6879.6,0
0.791488,5.44168,1.74244,-2.44314,0.0912074,6875.25,0
0.792944,5.40672,1.69828,-2.41244,0.0752772,6818.53,0
0.79453,5.41787,1.69993,-2.35857,0.0803679,6818.96,0
0.796148,5.39613,1.7054,-2.44112,0.0765706,6777.8,0
0.797739,5.34288,1.71458,-2.40788,0.0576419,6697.53,0
0.799625,5.34656,1.61847,-2.39117,0.057721,6686.34,0
0.801686,5.31057,1.71213,-2.44751,0.0439358,6624.26,0
0.803687,5.33858,1.70888,-2.44801,0.0557621,6642.61,0
0.805417,5.39118,1.69101,-2.57456,0.0728922,6693.66,0
0.806936,5.39416,1.67179,-2.60204,0.082356,6684.75,0
0.808481,5.34851,1.70049,-2.64808,0.0691393,6615.5,0
0.810288,5.32134,1.78396,-2.6588,0.0578557,6567.22,0
0.811964,5.36467,1.78303,-2.63857,0.0740101,6607.03,0
0.813406,5.47988,1.72364,-2.67463,0.118145,6736.96,0
0.814611,5.58437,1.68895,-2.76233,0.147787,6855.26,0
0.815865,5.51805,1.72741,-2.82611,0.113204,6763.44,0
0.817213,5.47304,1.74704,-2.78397,0.0949223,6697.2,0
0.818579,5.58072,1.70671,-2.6523,0.133776,6817.57,0
0.819751,5.59679,1.83756,-2.722,0.144488,6827.43,0
0.820835,5.63965,1.81595,-2.70475,0.151585,6870.62,0
0.821954,5.58699,1.9101,-2.71273,0.137762,6797.21,0
0.823253,5.50046,1.91383,-2.74198,0.10196,6681.37,0
0.824608,5.49648,1.96913,-2.7581,0.0947346,6665.58,0
0.826185,5.49616,1.93797,-2.74786,0.0882265,6652.46,0
0.827697,5.51483,1.96993,-2.70318,0.0889794,6662.85,0
0.829029,5.60411,1.91121,-2.64684,0.119048,6759.85,0
0.830225,5.62716,1.8479,-2.58572,0.121119,6777.88,0
0.831539,5.6018,1.96399,-2.5753,0.113935,6736.66,0
0.832816,5.61005,2.07352,-2.47226,0.113096,6736.25,0
0.834113,5.6557,2.17224,-2.49335,0.120625,6780.5,0
0.835405,5.57761,2.22701,-2.44507,0.0933071,6676.54,0
0.836819,5.58693,2.26017,-2.48176,0.0944342,6676.38,0
0.83828,5.58497,2.33728,-2.49614,0.0873426,6662.42,0
0.839691,5.56369,2.32343,-2.40989,0.0847594,6625.88,0
0.841268,5.54638,2.37615,-2.33533,0.0743209,6592.88,0
0.842851,5.57127,2.38757,-2.34067,0.0836663,6610.02,0
0.844575,5.5049,2.35265,-2.35192,0.0633006,6517.95,0
0.846225,5.53541,2.37039,-2.41852,0.0718637,6541.3,0
0.84765,5.57668,2.35596,-2.46462,0.0918924,6578.99,0
0.84912,5.54249,2.42848,-2.45475,0.075534,6527.34,0
0.85083,5.52342,2.42373,-2.41021,0.0668438,6491.81,0
0.85284,5.4569,2.41847,-2.42241,0.0440475,6398.51,0
0.854855,5.44955,2.46365,-2.4726,0.03937,6374.82,0
0.856592,5.56259,2.45456,-2.53466,0.0806544,6493.86,0
0.858055,5.63084,2.54631,-2.57534,0.0972328,6562.33,0
0.859386,5.66764,2.63971,-2.62418,0.109879,6594.98,0
0.860631,5.71633,2.45936,-2.62358,0.124272,6642.02,0
0.861874,5.75721,2.47884,-2.62966,0.13585,6679.87,0
0.863006,5.83909,2.4921,-2.60759,0.160422,6766,0
0.86409,5.84985,2.48952,-2.61873,0.172516,6769.96,0
0.865212,5.85747,2.47942,-2.59558,0.171942,6769.98,0
0.86628,5.93203,2.4741,-2.66154,0.184911,6847.7,0
0.867311,5.87204,2.47486,-2.68708,0.169439,6770.4,0
0.868369,5.86312,2.48851,-2.68461,0.160089,6751.88,0
0.869494,5.95572,2.41924,-2.76165,0.184052,6849.64,0
0.870546,6.03253,2.37321,-2.72411,0.201937,6929.59,0
0.871576,5.93806,2.39862,-2.71964,0.16917,6813.01,0
0.872748,5.91174,2.44457,-2.718,0.172526,6773.71,0
0.873726,5.90745,2.44498,-2.73615,0.171008,6761.21,0
0.874706,5.96031,2.46849,-2.73326,0.194087,6814.07,0
0.875737,5.93727,2.47867,-2.71832,0.179085,6779.74,0
0.876767,5.94504,2.44428,-2.69589,0.195793,6780.64,0
0.8778,5.90105,2.45054,-2.73673,0.175679,6722.54,0
0.878859,5.93148,2.46822,-2.7828,0.1849,6749.07,0
0.879874,5.94748,2.39261,-2.79093,0.186319,6759.47,0
0.880857,5.97608,2.3424,-2.77292,0.207468,6784.39,0
0.881782,6.13156,2.31141,-2.76996,0.26938,6953.6,0
0.882612,6.08833,2.29567,-2.80388,0.252411,6898.08,0
0.883461,6.1552,2.33156,-2.87257,0.268576,6967.14,0
0.884318,6.1322,2.36431,-2.89523,0.260644,6934.39,0
0.88515,6.18847,2.37825,-2.88081,0.277619,6991.44,0
0.886005,6.18231,2.37433,-2.85848,0.285341,6977.73,0
0.886848,6.17496,2.41088,-2.83956,0.284333,6962.82,0
0.887694,6.13539,2.36833,-2.85429,0.271169,6911.61,0
0.888553,6.18665,2.30283,-2.85958,0.290554,6962.61,0
0.889315,6.21382,2.28196,-2.88708,0.297783,6987.2,0
0.890141,6.21123,2.256,-2.82856,0.292261,6977.8,0
0.890955,6.15565,2.25304,-2.72734,0.271583,6909.05,0
0.891809,6.10685,2.18799,-2.78393,0.241049,6847.71,0
0.892681,6.13955,2.14987,-2.80051,0.25025,6877.64,0
0.89362,6.12474,2.12449,-2.8035,0.241493,6853.85,0
0.894547,6.06238,2.05813,-2.81896,0.215729,6777.03,0
0.895516,6.05444,2.06244,-2.83648,0.210612,6760.84,0
0.896524,5.99319,1.90201,-2.94894,0.18556,6684.92,0
0.897591,6.016,1.79773,-3.11285,0.185822,6702.38,0
0.898611,5.97169,1.74247,-3.15686,0.167017,6645.47,0
0.89968,5.98414,1.79028,-3.16559,0.16979,6651.41,0
0.900768,5.97778,1.86359,-3.18237,0.162601,6636.32,0
0.901839,6.07409,1.8542,-3.20216,0.19423,6735.22,0
0.902803,6.0872,1.90306,-3.27657,0.205455,6742.55,0
0.903713,6.08276,1.86048,-3.32222,0.208123,6730.85,0
0.904731,6.10471,1.83639,-3.30229,0.205871,6747.54,0
0.905659,6.11126,1.8723,-3.27357,0.203325,6747.86,0
0.9066,6.13922,1.97219,-3.28574,0.203378,6771.7,0
0.907585,6.17494,1.92809,-3.33173,0.210605,6803.7,0
0.908577,6.22263,1.96564,-3.3296,0.227818,6848.76,0
0.909492,6.19308,1.97434,-3.362,0.20549,6809.38,0
0.910512,6.09408,1.93714,-3.34925,0.178084,6693.03,0
0.911609,6.04112,1.90898,-3.40241,0.164128,6626.88,0
0.912754,5.96874,1.82854,-3.35245,0.146692,6539.27,0
0.913919,5.9666,1.8472,-3.33351,0.140075,6528.59,0
0.915026,6.02673,1.85032,-3.33371,0.161994,6586.4,0
0.916215,6.00674,1.77113,-3.32521,0.154088,6556.03,0
0.917324,6.08081,1.84718,-3.33742,0.170568,6628.86,0
0.918379,6.07335,1.86363,-3.39597,0.159434,6613.13,0
0.919476,6.1036,1.87499,-3.44184,0.164296,6638.13,0
0.920472,6.10975,1.84562,-3.41095,0.170564,6637.63,0
0.921528,6.09469,1.91154,-3.45101,0.171734,6613.67,0
0.922671,6.03686,1.95155,-3.36365,0.153982,6542.81,0
0.923724,6.07342,1.93106,-3.32255,0.165432,6574.93,0
0.924823,6.10819,1.93408,-3.32068,0.170443,6604.72,0
0.925929,6.11882,1.93727,-3.26436,0.155273,6608.31,0
0.926981,6.11301,1.97113,-3.23329,0.160166,6594.54,0
0.928062,6.1361,2.0183,-3.26176,0.15704,6611.73,0
0.929295,6.07197,1.94795,-3.31462,0.136159,6533.95,0
0.930494,6.0169,1.9237,-3.30552,0.123648,6466.34,0
0.931768,6.04901,1.92042,-3.27588,0.135899,6491.97,0
0.932972,6.0211,2.0137,-3.34102,0.128066,6453.68,0
0.934197,6.02196,1.9414,-3.37579,0.124872,6446.13,0
0.935411,5.96911,1.89777,-3.48734,0.108555,6381.27,0
0.936761,6.00645,1.94183,-3.47681,0.114787,6411.94,0
0.938011,6.10456,1.93385,-3.45812,0.140514,6507.99,0
0.939146,6.21234,1.94335,-3.49399,0.168141,6614.89,0
0.940191,6.16267,1.98172,-3.49232,0.151877,6554.7,0
0.941357,6.14703,2.01425,-3.40913,0.144122,6529.97,0
0.942568,6.15552,1.94287,-3.37224,0.142262,6530.58,0
0.943806,6.16078,1.95234,-3.41143,0.134797,6527.59,0
0.945008,6.11145,1.95614,-3.44305,0.119339,6467.09,0
0.946345,6.05217,2.04542,-3.4424,0.0979624,6395.31,0
0.947826,6.06488,2.07651,-3.45095,0.0957328,6398.73,0
0.949283,6.0668,2.07089,-3.50724,0.0884776,6390.92,0
0.950784,6.06227,2.07218,-3.50552,0.0889139,6376.07,0
0.952227,6.06663,2.0697,-3.49527,0.0909113,6370.99,0
0.953914,5.96641,2.14367,-3.56208,0.0592442,6254.66,0
0.956037,5.90634,2.22415,-3.56493,0.0378049,6177.95,0
0.95855,5.86097,2.22631,-3.63008,0.0223245,6114.41,0
0.960788,5.9468,2.27408,-3.66586,0.0520573,6189.51,0
0.962684,5.97096,2.27068,-3.63392,0.060289,6202.41,0
0.964539,5.99124,2.18614,-3.61373,0.0668908,6211.5,0
0.966388,5.9838,2.22659,-3.53651,0.0584398,6191.92,0
0.967998,6.03958,2.1803,-3.48526,0.0777239,6239.25,0
0.969689,5.99693,2.19753,-3.59609,0.0684613,6184.38,0
0.971394,5.91696,2.24608,-3.54865,0.0430622,6091.21,0
0.973321,5.95799,2.2487,-3.61225,0.057819,6121.3,0
0.975118,5.99734,2.29743,-3.57357,0.067814,6150.37,0
0.976676,6.06255,2.20449,-3.48356,0.0893856,6207.33,0
0.978309,5.99568,2.22419,-3.48239,0.0657835,6128.62,0
0.979986,5.98977,2.17183,-3.50579,0.0669004,6112.09,0
0.98163,5.95302,2.08451,-3.53263,0.0571862,6064.43,0
0.983478,5.9595,2.17917,-3.56893,0.0610049,6059.62,0
0.985187,5.9632,2.15307,-3.64568,0.0585104,6052.86,0
0.986946,6.00446,2.22253,-3.65863,0.069939,6083.89,0
0.98883,5.99918,2.1979,-3.67964,0.0662466,6066.95,0
0.990401,6.1168,2.18939,-3.5711,0.10593,6176.09,0
0.991781,6.12161,2.19353,-3.52725,0.105305,6172.34,0
0.993206,6.1897,2.19036,-3.5322,0.118661,6232.04,0
0.994465,6.18914,2.17241,-3.46659,0.119449,6223.59,0
0.995797,6.19341,2.16542,-3.37169,0.113707,6219.55,0
0.997063,6.21621,2.20625,-3.5207,0.122259,6234.52,0
0.998289,6.29712,2.22163,-3.48218,0.147677,6307.92,0
0.999481,6.25611,2.26004,-3.43142,0.134535,6259.36,0
1.00072,6.26989,2.39759,-3.51083,0.134272,6265.35,0
1.00193,6.28893,2.33902,-3.49421,0.134968,6276.85,0
1.00308,6.38534,2.3485,-3.56653,0.158622,6365.73,0
1.00418,6.35818,2.32075,-3.49002,0.150389,6331.72,0
1.00526,6.44088,2.18065,-3.51725,0.169395,6407.16,0
1.00632,6.42773,2.19262,-3.56369,0.163214,6387.38,0
1.0074,6.46939,2.01165,-3.57825,0.169666,6421.85,0
1.00847,6.40448,2.09122,-3.58961,0.145762,6350.68,0
1.00958,6.49806,2.09171,-3.60645,0.176967,6436.37,0
1.01066,6.49284,2.13195,-3.68092,0.169091,6424.38,0
1.0117,6.49594,2.18842,-3.66408,0.16196,6420.84,0
1.01278,6.45749,2.12437,-3.68272,0.154271,6375.98,0
1.01391,6.45378,2.13699,-3.6775,0.142801,6365.27,0
1.01506,6.50049,2.14187,-3.70967,0.155807,6404.07,0
1.01614,6.51201,2.11503,-3.68315,0.153244,6408.58,0
1.01718,6.53961,2.19674,-3.63417,0.153876,6429.15,0
1.01824,6.56395,2.1341,-3.62524,0.152955,6446.34,0
1.01939,6.44942,2.09214,-3.67163,0.113043,6326.73,0
1.02087,6.42935,2.12919,-3.72559,0.102464,6297.93,0
1.02238,6.39533,2.14736,-3.75156,0.0861358,6255.34,0
1.02378,6.44952,2.18299,-3.75644,0.106392,6299.73,0
1.02517,6.4419,2.18177,-3.67111,0.108472,6283.75,0
1.02651,6.45532,2.24382,-3.71997,0.119993,6288.6,0
1.02773,6.50664,2.1385,-3.72445,0.13127,6331.1,0
1.02891,6.5837,2.17913,-3.70359,0.146112,6398.71,0
1.03005,6.54493,2.17933,-3.65183,0.136436,6354.01,0
1.0312,6.56136,2.08803,-3.69291,0.140648,6362.81,0
1.0324,6.59348,2.05638,-3.68186,0.146155,6386.53,0
1.03355,6.61656,2.06048,-3.68138,0.151128,6401.77,0
1.03469,6.65484,1.9876,-3.78601,0.157217,6431.73,0
1.03579,6.69315,1.99086,-3.772,0.166883,6461.89,0
1.03688,6.67907,1.95256,-3.67729,0.151956,6441.54,0
1.038,6.64539,1.96808,-3.64462,0.133765,6402.12,0
1.0392,6.59016,1.99419,-3.58294,0.107785,6341.56,0
1.0406,6.58585,2.01216,-3.60594,0.0966217,6328.91,0
1.04202,6.63623,2.01083,-3.59988,0.107473,6368.59,0
1.04338,6.67717,2.12643,-3.59056,0.11201,6399.53,0
1.04462,6.71488,2.10059,-3.60886,0.124589,6428.05,0
1.04584,6.70416,2.10722,-3.67577,0.127134,6410.32,0
1.04705,6.68328,2.18221,-3.72203,0.123281,6382.95,0
1.04829,6.70193,2.26058,-3.72055,0.122285,6393.17,0
1.04944,6.70978,2.24657,-3.73899,0.127634,6393.64,0
1.05058,6.81135,2.26802,-3.80199,0.165528,6483.41,0
1.05166,6.81937,2.19528,-3.7308,0.163214,6484.36,0
1.05277,6.81106,2.30494,-3.73551,0.161744,6469.65,0
1.05388,6.85751,2.29471,-3.79861,0.174174,6506.94,0
1.05492,6.90683,2.30694,-3.7449,0.183456,6547.26,0
1.05595,6.87543,2.37108,-3.74122,0.166203,6511.14,0
1.05707,6.90816,2.43092,-3.68589,0.174596,6535.22,0
1.05804,6.99483,2.48232,-3.79722,0.191099,6611.11,0
1.05903,6.95193,2.36463,-3.75811,0.180028,6564.45,0
1.06007,6.92254,2.31623,-3.7816,0.170933,6530.27,0
1.06115,6.93026,2.33801,-3.72407,0.163875,6530.92,0
1.06226,6.89614,2.3974,-3.7076,0.152887,6491.95,0
1.0634,6.90526,2.40653,-3.83801,0.153471,6493.58,0
1.06456,6.94049,2.3868,-3.77636,0.159552,6519.59,0
1.06558,6.98402,2.41241,-3.74253,0.182744,6554.18,0
1.06664,6.90704,2.44411,-3.83795,0.162622,6475.51,0
1.06773,6.88083,2.42584,-3.84252,0.159729,6444.37,0
1.06879,6.90728,2.47474,-3.95183,0.172866,6462.7,0
1.06984,6.84884,2.48311,-3.91596,0.156447,6401.74,0
1.07092,6.90467,2.51369,-3.87315,0.173475,6447.44,0
1.072,6.91498,2.57371,-3.84581,0.190016,6450.57,0
1.07301,6.93431,2.61684,-3.8825,0.192046,6462.48,0
1.07398,6.97596,2.67166,-3.89505,0.200316,6495.43,0
1.07498,6.97578,2.6582,-3.92372,0.199518,6489.21,0
1.07598,7.02091,2.73944,-3.92428,0.196449,6525.11,0
1.07695,7.02514,2.70645,-3.90652,0.20335,6523.16,0
1.07793,7.01544,2.71943,-3.94306,0.191954,6508.28,0
1.07897,7.00674,2.70843,-4.01188,0.184806,6493.93,0
1.08002,6.97975,2.61213,-3.88463,0.180622,6462.59,0
1.08107,6.94926,2.58791,-3.77527,0.170205,6428.1,0
1.0822,7.00902,2.58203,-3.71453,0.180655,6476.63,0
1.0832,7.0768,2.52232,-3.71178,0.207873,6533.25,0
1.08413,7.0888,2.48823,-3.66187,0.199259,6538.71,0
1.08506,7.16971,2.46744,-3.66387,0.225177,6607.66,0
1.08601,7.20119,2.35604,-3.70413,0.230273,6630.88,0
1.08692,7.29987,2.38367,-3.70973,0.266623,6716.13,0
1.08776,7.29794,2.34318,-3.63749,0.265202,6709.13,0
1.08862,7.26978,2.37618,-3.51394,0.256215,6677.99,0
1.08949,7.27608,2.37579,-3.49081,0.254776,6678.4,0
1.09035,7.29253,2.39142,-3.4777,0.265838,6688.27,0
1.09119,7.2487,2.27107,-3.52062,0.247171,6642.96,0
1.09212,7.20695,2.20856,-3.51698,0.249027,6599.05,0
1.093,7.26672,2.19345,-3.58746,0.244762,6648.4,0
1.09394,7.23105,2.19942,-3.50302,0.236332,6610.11,0
1.09489,7.13901,2.19708,-3.49643,0.202326,6520.3,0
1.09591,7.19984,2.22867,-3.47488,0.221202,6569.77,0
1.09683,7.16553,2.17334,-3.53067,0.21365,6532.92,0
1.09784,7.13727,2.16268,-3.5338,0.2022,6501.19,0
1.0988,7.19318,2.11222,-3.51588,0.218721,6546.38,0
1.09974,7.14497,2.17309,-3.51152,0.200027,6496.98,0
1.10076,7.12542,2.21031,-3.48991,0.192915,6473.18,0
1.10174,7.25308,2.21661,-3.56975,0.235183,6583.31,0
1.10271,7.10435,2.19401,-3.53176,0.195718,6442.65,0
1.1037,7.07949,2.16741,-3.53381,0.190657,6414.29,0
1.10479,7.00493,2.15616,-3.5628,0.153668,6340.51,0
1.10587,7.02983,2.24417,-3.45971,0.162625,6356.81,0
1.10702,6.99273,2.21399,-3.40555,0.153132,6316.74,0
1.10813,6.99659,2.18733,-3.35432,0.160611,6313.9,0
1.10925,6.949,2.21909,-3.38348,0.141925,6264.58,0
1.11051,6.87624,2.25938,-3.28594,0.116321,6191.96,0
1.11182,6.85201,2.32899,-3.36074,0.10789,6162.86,0
1.11309,6.90423,2.29644,-3.37247,0.114165,6202.75,0
1.11439,6.97279,2.24788,-3.30472,0.13285,6257.04,0
1.11557,7.03926,2.17809,-3.3721,0.161721,6310.03,0
1.11667,7.07571,2.22158,-3.37124,0.175052,6336.44,0
1.11774,7.05813,2.24009,-3.30442,0.157805,6314.62,0
1.11883,7.03246,2.21168,-3.28325,0.143771,6285.54,0
1.12006,6.98929,2.24393,-3.33689,0.128511,6240.08,0
1.12132,6.98898,2.28828,-3.37879,0.129606,6232.85,0
1.12252,7.06449,2.29778,-3.40357,0.151891,6293.44,0
1.12362,7.09492,2.27025,-3.44991,0.149323,6314.35,0
1.12478,7.13237,2.30432,-3.40589,0.165007,6341.12,0
1.1258,7.14803,2.25907,-3.47802,0.163621,6349.28,0
1.12694,7.2059,2.33383,-3.47653,0.176808,6394.19,0
1.128,7.25688,2.44165,-3.55502,0.204671,6433.41,0
1.129,7.33551,2.47174,-3.44643,0.228215,6497.35,0
1.12991,7.43079,2.53814,-3.51818,0.261277,6576.43,0
1.13078,7.42727,2.6087,-3.46866,0.25948,6568.27,0
1.13168,7.42835,2.61082,-3.47606,0.252442,6564.02,0
1.13256,7.37657,2.55553,-3.54902,0.237985,6513.16,0
1.13351,7.39963,2.59446,-3.64496,0.239611,6528.05,0
1.13443,7.40747,2.56955,-3.5418,0.240525,6529.68,0
1.13533,7.41888,2.63323,-3.59281,0.251397,6534.58,0
1.13625,7.31122,2.74776,-3.64923,0.214742,6434.52,0
1.13721,7.28513,2.8392,-3.69045,0.209737,6406.12,0
1.13814,7.27206,2.80849,-3.68322,0.209525,6389.45,0
1.13912,7.19,2.79128,-3.61344,0.175779,6311.88,0
1.14016,7.2805,2.87031,-3.52579,0.211959,6385.51,0
1.14116,7.15029,2.84879,-3.64918,0.173126,6265.81,0
1.14217,7.19071,2.75969,-3.69773,0.179079,6295.66,0
1.14324,7.21017,2.74743,-3.68,0.181852,6306.76,0
1.14428,7.18584,2.756,-3.70929,0.161725,6279.78,0
1.14545,7.0642,2.83407,-3.65724,0.116583,6167.18,0
1.14682,6.99334,2.84027,-3.69664,0.0888346,6098.05,0
1.14831,7.00169,2.83724,-3.67261,0.100661,6097.39,0
1.14967,7.03454,2.82304,-3.51488,0.11823,6118.76,0
1.15098,7.07532,2.76614,-3.47538,0.140767,6147.24,0
1.15215,7.0877,2.8576,-3.48971,0.148306,6151.72,0
1.15331,7.10376,2.80636,-3.49016,0.149984,6159.45,0
1.15442,7.12265,2.77527,-3.52419,0.150124,6169.91,0
1.15558,7.07511,2.79624,-3.48904,0.144011,6122.55,0
1.1567,7.06063,2.72902,-3.44874,0.150296,6104.1,0
1.1579,6.94001,2.69586,-3.45934,0.114125,5993.6,0
1.15923,6.93611,2.71781,-3.40257,0.106698,5983.4,0
1.16059,6.98569,2.72155,-3.42442,0.114433,6019.11,0
1.16194,6.94407,2.73966,-3.4096,0.0988749,5976.29,0
1.16352,6.82348,2.8115,-3.40706,0.0594214,5864.52,0
1.16516,6.9216,2.73076,-3.42095,0.0870582,5940.49,0
1.16684,6.8731,2.61906,-3.43076,0.0686863,5890.35,0
1.1684,6.93811,2.69909,-3.4939,0.0896314,5938.14,0
1.16975,7.01649,2.69871,-3.48644,0.119424,5998.27,0
1.1711,6.9824,2.71661,-3.36732,0.109408,5962.27,0
1.17238,6.95749,2.73913,-3.41149,0.100106,5934.51,0
1.1737,6.98045,2.78342,-3.41466,0.107231,5947.37,0
1.17503,7.02558,2.72271,-3.53048,0.117492,5979.07,0
1.17641,6.94442,2.82217,-3.60765,0.0922241,5903.06,0
1.17777,6.98245,2.733,-3.51077,0.105528,5928.52,0
1.17918,6.9345,2.82647,-3.51187,0.0935492,5880.77,0
1.18068,6.90983,2.81614,-3.50208,0.08671,5852.4,0
1.18227,6.83661,2.76371,-3.44677,0.0566295,5782.6,0
1.18411,6.84613,2.77174,-3.48733,0.0561281,5781.67,0
1.18615,6.81347,2.76773,-3.52541,0.0416875,5744.17,0
1.18954,6.72733,2.75888,-3.61144,0.0122651,5655.39,0
1.19227,6.8163,2.71803,-3.70367,0.0392323,5717.07,0
1.1942,6.90448,2.76466,-3.67661,0.0669536,5781.69,0
1.19588,6.93351,2.7343,-3.6307,0.0756779,5797.81,0
1.1973,6.99569,2.76014,-3.60092,0.0912145,5842.89,0
1.19861,7.05544,2.7003,-3.64239,0.119593,5886.36,0
1.19998,7.07698,2.82619,-3.66084,0.130729,5897.59,0
1.20125,7.02239,2.79733,-3.61951,0.108639,5845.88,0
1.20262,6.94133,2.80352,-3.55599,0.0873525,5771.84,0
1.20414,6.88732,2.82469,-3.60892,0.0685282,5719.7,0
1.20588,6.8297,2.81015,-3.64096,0.0487413,5663.69,0
1.20785,6.77864,2.83675,-3.54357,0.0328468,5612.13,0
1.21051,6.7749,2.73667,-3.58209,0.0315098,5596.74,0
1.21397,6.72729,2.80079,-3.56031,0.0186807,5541.58,0
1.21638,6.79438,2.7997,-3.59564,0.0456585,5585.76,0
1.21817,6.87315,2.7811,-3.61909,0.069539,5642.17,0
1.21984,6.89841,2.70081,-3.4905,0.0792183,5655.18,0
1.22126,6.95106,2.74344,-3.46385,0.0951758,5691.72,0
1.22266,7.00572,2.7113,-3.39008,0.106745,5729.88,0
1.22393,7.03351,2.69383,-3.39778,0.117804,5746.64,0
1.22518,7.0758,2.83153,-3.33026,0.126945,5775.3,0
1.22645,7.02917,2.90147,-3.3396,0.101711,5731.31,0
1.22781,7.00177,2.95167,-3.36146,0.092211,5702.67,0
1.2293,6.93973,2.98625,-3.23678,0.0696349,5645.29,0
1.23097,6.94858,2.96996,-3.21035,0.0655774,5644.79,0
1.23262,6.97797,2.95397,-3.16062,0.0751112,5661.07,0
1.23418,6.99244,2.84269,-3.25245,0.0784139,5665.66,0
1.23575,6.98237,2.90978,-3.30173,0.0761578,5650.3,0
1.23738,7.01688,2.85023,-3.26772,0.0868746,5670.73,0
1.23888,7.01919,2.81882,-3.28248,0.0928584,5665.75,0
1.24022,7.0674,2.81194,-3.24764,0.111198,5698.52,0
1.24159,7.05534,2.73847,-3.212,0.107563,5682.5,0
1.24294,7.13332,2.64094,-3.13097,0.13285,5739.08,0
1.24417,7.08454,2.64085,-3.15891,0.121072,5694.19,0
1.24553,6.95708,2.673,-3.15497,0.0880026,5585.64,0
1.24704,6.96735,2.70098,-3.18259,0.0973087,5587.13,0
1.24851,6.9993,2.794,-3.16473,0.105301,5606.13,0
1.2499,7.01932,2.78562,-3.15559,0.117584,5615.91,0
1.2512,7.00391,2.71862,-3.14832,0.119371,5597.78,0
1.25258,6.8933,2.78403,-3.23482,0.0779114,5503.3,0
1.25412,6.86942,2.80076,-3.17892,0.0692488,5477.49,0
1.25571,6.87247,2.8934,-3.16306,0.073754,5472.97,0
1.2574,6.87979,2.92643,-3.21446,0.0773053,5471.43,0
1.25878,7.018,2.91887,-3.23427,0.115766,5575.25,0
1.26002,7.10418,2.92116,-3.31067,0.137956,5638.16,0
1.26114,7.17744,2.89122,-3.32635,0.157749,5691.23,0
1.26218,7.26446,2.84404,-3.35774,0.196642,5755.47,0
1.26316,7.23939,2.8504,-3.17993,0.186764,5731.17,0
1.26424,7.20224,2.78582,-3.08688,0.169562,5696.87,0
1.26536,7.10714,2.77552,-3.0949,0.136711,5616.7,0
1.2666,6.9384,2.74411,-3.07613,0.0920028,5477.98,0
1.26819,6.87252,2.75035,-3.0381,0.0707633,5419.17,0
1.26961,7.00594,2.74006,-3.05125,0.117716,5518.17,0
1.27083,7.10308,2.70989,-3.07489,0.139073,5589.33,0
1.27191,7.12009,2.66122,-3.14837,0.157486,5597.95,0
1.27297,7.2105,2.67777,-3.19078,0.178523,5664.33,0
1.27408,7.1582,2.6779,-3.07691,0.16015,5618.32,0
1.2752,7.15616,2.62148,-3.12776,0.162524,5611.8,0
1.27627,7.18059,2.60975,-3.0789,0.170395,5626.23,0
1.2773,7.15096,2.53394,-3.13492,0.161348,5598.5,0
1.27837,7.15105,2.50612,-3.09987,0.163905,5593.87,0
1.27941,7.22098,2.43518,-3.11731,0.183527,5644,0
1.28048,7.21474,2.46036,-3.11164,0.169301,5634.42,0
1.2815,7.29957,2.57931,-3.03106,0.19279,5696.12,0
1.28252,7.2095,2.60488,-2.99018,0.16821,5621.36,0
1.28366,7.12686,2.67243,-2.95564,0.146913,5551.99,0
1.28481,7.04182,2.61166,-3.01144,0.128018,5480.85,0
1.28602,7.10309,2.57639,-2.99301,0.150287,5523.31,0
1.28719,6.99417,2.64067,-3.01191,0.116303,5433.66,0
1.28843,7.09025,2.60654,-3.01833,0.147646,5503.03,0
1.28965,7.11435,2.59666,-3.06948,0.153104,5516.48,0
1.2907,7.20838,2.55616,-3.1508,0.173454,5584.86,0
1.29178,7.21782,2.68665,-3.30966,0.173894,5587.49,0
1.29281,7.22493,2.70161,-3.28444,0.17843,5588.53,0
1.29385,7.28076,2.69284,-3.32507,0.195967,5627.19,0
1.29491,7.21378,2.74007,-3.27418,0.176874,5570.87,0
1.29602,7.08802,2.72456,-3.24276,0.13609,5469.06,0
1.29723,7.05163,2.67662,-3.28669,0.130584,5435.9,0
1.2985,6.9927,2.66369,-3.26608,0.113934,5385.2,0
1.29979,6.94512,2.59787,-3.28726,0.0988583,5343.27,0
1.30132,6.89525,2.646,-3.28119,0.0819149,5298.68,0
1.30287,6.8689,2.65914,-3.38078,0.0831802,5272.15,0
1.30447,6.86751,2.68247,-3.35032,0.0780116,5264.6,0
1.30631,6.77871,2.62337,-3.29161,0.048927,5189.21,0
1.30831,6.78301,2.65602,-3.2575,0.0440511,5184.56,0
1.31026,6.78182,2.63392,-3.2693,0.0433275,5175.94,0
1.3133,6.73188,2.66528,-3.27769,0.0230941,5125.95,0
1.31588,6.76872,2.70833,-3.30991,0.033216,5143.89,0
1.31841,6.73996,2.60328,-3.38379,0.0249438,5112.2,0
1.32076,6.77,2.57051,-3.33012,0.0381519,5125.83,0
1.32281,6.84253,2.561,-3.28953,0.0634589,5172.74,0
1.32454,6.87192,2.61607,-3.23688,0.0712392,5188.15,0
1.32622,6.93132,2.64353,-3.30046,0.0868964,5226.37,0
1.32756,6.97975,2.67731,-3.38625,0.108499,5257.57,0
1.32888,6.94464,2.6889,-3.47827,0.0957057,5225.92,0
1.3303,6.94873,2.68255,-3.54961,0.0953362,5223.43,0
1.33185,6.92475,2.62094,-3.58875,0.0806061,5199.35,0
1.33349,6.85299,2.7153,-3.62243,0.0589591,5139.15,0
1.33539,6.83859,2.72797,-3.52879,0.0559301,5121.04,0
1.3377,6.7733,2.81776,-3.58078,0.0296755,5063.41,0
1.34059,6.73804,2.80869,-3.56517,0.0146417,5026.19,0
1.34486,6.7681,2.8269,-3.49772,0.0240757,5032.55,0
1.34752,6.80438,2.8627,-3.43334,0.0363105,5049.55,0
1.34986,6.79741,2.80173,-3.39039,0.03506,5035.65,0
1.35222,6.84556,2.69267,-3.41868,0.0462664,5062.47,0
1.35435,6.80713,2.60364,-3.4565,0.037495,5026.12,0
1.35664,6.82317,2.56392,-3.40614,0.0431012,5029.48,0
1.35871,6.83954,2.59185,-3.4506,0.0509867,5033.83,0
1.36041,6.89061,2.44437,-3.48182,0.0733992,5065.09,0
1.36202,6.86363,2.47674,-3.49868,0.0702979,5039.29,0
1.36365,6.8306,2.41499,-3.47019,0.0609549,5009.05,0
1.36535,6.90781,2.47655,-3.48761,0.0873725,5059.39,0
1.36684,6.89198,2.50491,-3.47902,0.0773517,5042.27,0
1.36851,6.86521,2.48924,-3.50072,0.0660522,5016.55,0
1.37018,6.91141,2.48715,-3.46479,0.0818796,5044.15,0
1.37172,6.86623,2.53735,-3.40945,0.0709137,5005.57,0
1.37351,6.84441,2.52439,-3.45872,0.0594056,4983.16,0
1.37544,6.74916,2.55603,-3.50518,0.0321121,4906.92,0
1.37804,6.73288,2.52583,-3.50353,0.0270757,4885.82,0
1.38055,6.77414,2.48464,-3.47329,0.0376404,4906.86,0
1.38322,6.78724,2.53348,-3.44364,0.0420174,4906.84,0
1.3858,6.71483,2.51227,-3.50726,0.0180259,4845.47,0
1.3894,6.72303,2.53009,-3.45047,0.0183638,4838.78,0
1.39196,6.78616,2.52987,-3.40184,0.037848,4875.26,0
1.39427,6.77318,2.58785,-3.35884,0.0306327,4857.88,0
1.39635,6.8329,2.59848,-3.37549,0.0516206,4893.4,0
1.39856,6.7679,2.59849,-3.29925,0.0323045,4839.21,0
1.40086,6.80219,2.62208,-3.36204,0.048732,4855.72,0
1.4029,6.7326,2.58797,-3.42712,0.0288222,4799.06,0
1.40505,6.77277,2.64545,-3.38316,0.0465574,4820.3,0
1.40736,6.75764,2.61165,-3.44816,0.0431386,4801.63,0
1.40936,6.80691,2.68642,-3.49196,0.05964,4829.81,0
1.41108,6.78513,2.79437,-3.45248,0.0543117,4808.46,0
1.41294,6.82584,2.82344,-3.48783,0.0722475,4830.96,0
1.41452,6.8535,2.8417,-3.45016,0.0783987,4845.1,0
1.41624,6.7862,2.82995,-3.49941,0.0544198,4791.69,0
1.41814,6.79377,2.92486,-3.42844,0.0607307,4790.62,0
1.41972,6.88697,2.95145,-3.39325,0.090534,4850.95,0
1.42116,6.89699,2.91492,-3.41279,0.0915722,4853.09,0
1.42251,6.92498,2.82172,-3.44174,0.0976086,4868.14,0
1.42403,6.86565,2.76352,-3.43796,0.07947,4821.28,0
1.42557,6.88351,2.77677,-3.42564,0.080482,4828.59,0
1.42699,6.8991,2.8742,-3.40128,0.0930989,4834.73,0
1.42836,6.94071,2.89674,-3.35014,0.10256,4859.23,0
1.42971,6.95669,2.80521,-3.38676,0.104932,4865.8,0
1.43108,6.9384,2.86521,-3.33255,0.100732,4848.38,0
1.43236,7.05095,2.80791,-3.36142,0.139765,4922.6,0
1.43348,7.12789,2.79563,-3.3172,0.171349,4972.46,0
1.43449,7.12124,2.84752,-3.28402,0.172317,4964.28,0
1.4356,7.08897,2.87917,-3.17982,0.162939,4938,0
1.43666,7.09459,2.78136,-3.17812,0.157976,4938.25,0
1.43783,7.03349,2.74873,-3.12857,0.124456,4891.75,0
1.43903,7.1011,2.768,-3.05851,0.134391,4934.65,0
1.44019,7.19959,2.68055,-2.98382,0.156966,4999.06,0
1.44132,7.23096,2.7086,-3.01193,0.160036,5016.9,0
1.44242,7.20788,2.71902,-2.87101,0.152194,4997.09,0
1.44357,7.16145,2.709,-2.83142,0.135333,4960.93,0
1.4447,7.13798,2.61696,-2.79775,0.132556,4940.79,0
1.44592,7.13962,2.51827,-2.83513,0.131977,4937.77,0
1.44717,7.16391,2.45889,-2.86642,0.138888,4950.28,0
1.44832,7.14218,2.40881,-2.84619,0.129303,4931.35,0
1.4496,7.11638,2.40774,-2.86298,0.113389,4909.22,0
1.45089,7.1226,2.39531,-2.91331,0.110833,4909.13,0
1.45216,7.16303,2.38446,-2.86736,0.119456,4932.65,0
1.45348,7.11332,2.48812,-2.83209,0.10075,4893.98,0
1.45477,7.18818,2.51499,-2.87058,0.121399,4941.1,0
1.45608,7.23321,2.5443,-2.91819,0.130931,4967.6,0
1.45724,7.177,2.49535,-2.89001,0.113948,4925.08,0
1.45849,7.10651,2.50433,-2.87725,0.0965156,4872.51,0
1.45993,7.16623,2.46187,-2.84341,0.117059,4908.61,0
1.46116,7.21735,2.4635,-2.92973,0.135555,4939.46,0
1.46238,7.18113,2.44181,-2.96642,0.112984,4910.57,0
1.46371,7.16499,2.42509,-2.95955,0.107422,4895.09,0
1.46505,7.15373,2.44852,-2.95998,0.104789,4882.91,0
1.46632,7.14962,2.4004,-3.02669,0.104662,4875.9,0
1.46768,7.14025,2.41689,-3.057,0.0944616,4864.99,0
1.46903,7.19151,2.37309,-2.94154,0.113482,4895.42,0
1.47032,7.19836,2.30923,-2.90111,0.111388,4895.78,0
1.47169,7.17028,2.33831,-2.92407,0.100651,4872.15,0
1.47309,7.13857,2.32564,-2.94038,0.0952776,4845.99,0
1.47463,7.08987,2.32325,-2.96256,0.0771953,4807.9,0
1.47615,7.08817,2.32495,-2.98366,0.0724377,4801.78,0
1.47789,7.05358,2.30468,-3.01869,0.0616115,4772.75,0
1.47973,7.00522,2.29355,-2.97935,0.0429761,4734.12,0
1.48205,6.95563,2.31494,-3.0202,0.0276233,4693.24,0
1.48442,6.99846,2.32483,-3.08043,0.0392297,4714.61,0
1.48654,7.04412,2.32989,-3.09469,0.0498001,4738.61,0
1.48853,7.04736,2.33634,-3.14028,0.0491943,4734.45,0
1.49047,7.05675,2.35674,-3.01364,0.0523056,4734.57,0
1.49244,7.11351,2.41798,-2.93355,0.0643078,4766.36,0
1.49411,7.17748,2.43256,-3.03232,0.0856573,4803.84,0
1.4957,7.1315,2.37805,-3.12625,0.0691487,4768.01,0
1.49729,7.21152,2.30622,-3.15866,0.0900654,4816.37,0
1.49885,7.19859,2.38841,-3.18822,0.0789274,4802.73,0
1.50032,7.26265,2.49591,-3.20585,0.106143,4840.73,0
1.50165,7.36764,2.42079,-3.11057,0.135932,4906.37,0
1.50282,7.32028,2.40612,-3.11374,0.121184,4871.04,0
1.50408,7.31009,2.35252,-3.22267,0.122238,4860.19,0
1.50534,7.31145,2.34084,-3.25389,0.124639,4857.01,0
1.50656,7.3643,2.41883,-3.2105,0.141312,4888.14,0
1.50775,7.34994,2.4193,-3.17534,0.128952,4874.78,0
1.50904,7.29073,2.41991,-3.12047,0.106313,4831.38,0
1.51046,7.2843,2.27877,-3.12834,0.0978113,4822.58,0
1.51181,7.33092,2.36744,-3.15198,0.112459,4849.1,0
1.51304,7.3375,2.43094,-3.15875,0.114494,4849.49,0
1.51425,7.40269,2.3952,-3.07645,0.132253,4888.69,0
1.51541,7.45343,2.46584,-3.10314,0.150773,4918.44,0
1.51656,7.35238,2.47976,-3.1432,0.116503,4848.07,0
1.51784,7.37894,2.46093,-3.16833,0.113956,4861.46,0
1.51917,7.41467,2.61158,-3.23203,0.116468,4880.74,0
1.52056,7.32269,2.63743,-3.28223,0.0836827,4815.8,0
1.52216,7.27907,2.51872,-3.25547,0.0717198,4782.06,0
1.5238,7.27949,2.59116,-3.34325,0.0646587,4777.19,0
1.52545,7.24716,2.47626,-3.3521,0.0516081,4750.85,0
1.52728,7.291,2.54874,-3.37781,0.0658897,4773.83,0
1.52903,7.29173,2.48716,-3.36713,0.0600486,4768.85,0
1.5306,7.36065,2.45677,-3.42322,0.0786427,4809,0
1.53222,7.32018,2.44441,-3.38928,0.0697863,4777.49,0
1.53412,7.27668,2.38176,-3.40622,0.0623012,4743.22,0
1.53597,7.24534,2.40533,-3.3262,0.052934,4717.11,0
1.5381,7.18593,2.40763,-3.32389,0.0353927,4671.94,0
1.54008,7.25842,2.45711,-3.34482,0.0681389,4713.02,0
1.54177,7.28579,2.45394,-3.32638,0.0716955,4725.6,0
1.54328,7.29987,2.36895,-3.30831,0.0796457,4730.09,0
1.54489,7.33697,2.39184,-3.34194,0.0918075,4749.19,0
1.54623,7.41832,2.47842,-3.3981,0.114454,4797.67,0
1.54752,7.40215,2.55717,-3.48487,0.109718,4783.24,0
1.54881,7.34678,2.60784,-3.51551,0.102888,4743.51,0
1.55016,7.36406,2.66713,-3.49818,0.0979864,4750.52,0
1.55156,7.31527,2.72237,-3.51308,0.078979,4714.77,0
1.553,7.39511,2.72127,-3.55168,0.0989034,4761.82,0
1.5544,7.43047,2.77542,-3.50243,0.11571,4780.28,0
1.55574,7.38308,2.79471,-3.43222,0.0990321,4745.7,0
1.55705,7.47824,2.84719,-3.50072,0.135495,4802.82,0
1.5583,7.48513,2.88086,-3.61358,0.135556,4803.4,0
1.55956,7.48697,2.88158,-3.67471,0.129296,4800.68,0
1.5607,7.56876,2.95029,-3.70143,0.148749,4849.59,0
1.56193,7.49663,2.99553,-3.80012,0.122669,4799.59,0
1.56321,7.45304,3.06725,-3.78551,0.108358,4767.77,0
1.56456,7.47182,3.15754,-3.69728,0.112292,4775.68,0
1.56606,7.38938,3.11597,-3.71877,0.0825405,4718.47,0
1.56761,7.33835,3.11689,-3.67516,0.0702434,4681.24,0
1.56954,7.2658,3.19363,-3.64761,0.0473593,4629.26,0
1.57141,7.27951,3.15735,-3.58829,0.0493478,4632.47,0
1.57409,7.23654,3.13665,-3.62559,0.0315167,4597.28,0
1.57786,7.17845,3.04892,-3.71411,0.0101118,4549.48,0
1.58161,7.23577,3.1175,-3.70668,0.029431,4574.95,0
1.58396,7.24966,3.08042,-3.75361,0.0359661,4576.92,0
1.58681,7.22168,3.1057,-3.71136,0.0259041,4551.07,0
1.58924,7.29254,3.13805,-3.71941,0.0497339,4588.69,0
1.59108,7.32165,3.06687,-3.74614,0.0600159,4601.68,0
1.59299,7.30128,3.13103,-3.86839,0.0521361,4583.38,0
1.595,7.29525,3.16793,-3.83541,0.0522172,4573.83,0
1.59753,7.23376,3.2339,-3.82744,0.0324531,4528.1,0
1.59965,7.28436,3.1964,-3.80864,0.045569,4553.71,0
1.60159,7.35268,3.25153,-3.83085,0.0670495,4590.87,0
1.60319,7.35447,3.30739,-3.86244,0.0669823,4587.41,0
1.60485,7.38782,3.35143,-3.79962,0.0752178,4603.43,0
1.60623,7.51611,3.38182,-3.79841,0.117872,4679.34,0
1.60742,7.59967,3.38094,-3.78569,0.13815,4727.86,0
1.60857,7.65734,3.30089,-3.76591,0.15617,4760.35,0
1.60968,7.65406,3.19676,-3.77063,0.14692,4755.01,0
1.61088,7.66135,3.15172,-3.82526,0.151417,4756.01,0
1.61207,7.61129,3.20979,-3.84066,0.136287,4721.45,0
1.61331,7.58159,3.19677,-3.84399,0.121677,4699.39,0
1.61458,7.56265,3.14534,-3.82547,0.114725,4683.97,0
1.61583,7.60012,3.14063,-3.97905,0.124254,4703.55,0
1.61697,7.68611,3.13568,-3.995,0.153938,4753.4,0
1.61804,7.76755,3.08691,-4.06994,0.174179,4800.58,0
1.61908,7.80822,3.01837,-4.1583,0.194828,4822.61,0
1.62008,7.77985,2.99668,-4.13414,0.184414,4802.14,0
1.62115,7.72003,3.08038,-4.1204,0.159143,4762.06,0
1.62228,7.78414,3.07801,-4.10937,0.175179,4798.29,0
1.62331,7.80106,3.09732,-4.13699,0.17232,4805.65,0
1.62434,7.81435,3.14403,-4.12322,0.176103,4810.79,0
1.62546,7.79611,3.22525,-4.00093,0.16623,4796.25,0
1.62656,7.74429,3.13314,-3.97179,0.150851,4761.15,0
1.62779,7.66677,3.11701,-3.95996,0.112399,4709.93,0
1.62905,7.69108,3.12363,-3.9558,0.126848,4721.21,0
1.63027,7.78145,3.18735,-3.7999,0.151792,4773.1,0
1.63141,7.74092,3.23228,-3.72336,0.130077,4744.93,0
1.63264,7.76377,3.26042,-3.79621,0.141118,4755.35,0
1.63388,7.68082,3.32504,-3.71187,0.122115,4700.98,0
1.63516,7.74833,3.3438,-3.69599,0.140381,4738.57,0
1.63645,7.70054,3.26663,-3.62722,0.118586,4705.65,0
1.6377,7.66921,3.22317,-3.64044,0.112623,4682.92,0
1.63911,7.60483,3.16017,-3.6781,0.0804849,4639.62,0
1.6409,7.50817,3.18384,-3.65659,0.048742,4575.65,0
1.64281,7.54438,3.22386,-3.63292,0.0582434,4592.37,0
1.6445,7.56859,3.20613,-3.62153,0.0620163,4602.36,0
1.64644,7.49073,3.23706,-3.58795,0.0345133,4549.65,0
1.64897,7.48015,3.21151,-3.64176,0.0310912,4536.27,0
1.65179,7.47819,3.24685,-3.60634,0.0311322,4527.33,0
1.65469,7.49314,3.26809,-3.61565,0.03974,4528.44,0
1.65659,7.5623,3.29395,-3.51016,0.0582022,4564.97,0
1.65833,7.62956,3.32064,-3.4922,0.0771812,4600.76,0
1.65972,7.68168,3.42277,-3.43595,0.0917999,4628.29,0
1.66115,7.71885,3.40361,-3.35127,0.100169,4646.69,0
1.66255,7.73401,3.36627,-3.22822,0.106009,4651.9,0
1.66392,7.69525,3.32165,-3.21438,0.0954117,4624.76,0
1.66532,7.71278,3.29986,-3.27974,0.100006,4631.4,0
1.66673,7.74031,3.32324,-3.28983,0.104382,4644.01,0
1.66818,7.71778,3.19635,-3.3165,0.0984372,4626.48,0
1.66969,7.68701,3.18205,-3.29426,0.0881337,4603.85,0
1.67109,7.73727,3.1837,-3.29718,0.101818,4630.08,0
1.67253,7.69358,3.24278,-3.32388,0.0807417,4599.96,0
1.67441,7.60227,3.18533,-3.29823,0.0473534,4540.28,0
1.67631,7.59043,3.24132,-3.26016,0.0464834,4528.06,0
1.67847,7.59413,3.17774,-3.22139,0.0517357,4524.44,0
1.68095,7.48998,3.12268,-3.2765,0.016632,4455.79,0
1.68418,7.50178,3.21833,-3.28161,0.0194366,4454.26,0
1.68642,7.65013,3.25678,-3.32878,0.0603248,4536.33,0
1.68832,7.61715,3.31808,-3.24675,0.0508337,4511.69,0
1.69006,7.65329,3.25205,-3.21175,0.0632777,4528.41,0
1.69188,7.67447,3.22899,-3.15968,0.065367,4536.05,0
1.69339,7.6993,3.14595,-3.23835,0.0752486,4546.67,0
1.6949,7.6776,3.22537,-3.20982,0.070283,4529.84,0
1.69644,7.68825,3.21304,-3.23774,0.0748263,4531.98,0
1.69839,7.59659,3.15643,-3.2357,0.0394354,4472.83,0
1.70116,7.52436,3.16488,-3.27567,0.0179924,4423.07,0
1.70593,7.51302,3.10037,-3.41004,0.0150769,4404.05,0
1.709,7.56099,3.12761,-3.42625,0.032201,4424.21,0
1.71179,7.52259,3.10133,-3.4028,0.0220413,4394.58,0
1.71482,7.53387,3.10077,-3.31432,0.0245666,4393.38,0
1.71727,7.53861,3.07718,-3.3287,0.0288248,4389.88,0
1.71982,7.60516,3.02176,-3.32392,0.0511452,4422.07,0
1.72168,7.59002,3.05192,-3.42419,0.0504217,4408.51,0
1.72372,7.60314,3.00778,-3.3731,0.056424,4410.89,0
1.72575,7.54552,3.01357,-3.31267,0.0385047,4372.32,0
1.72771,7.62,2.97098,-3.37578,0.0593895,4410.46,0
1.72961,7.61679,2.95743,-3.46296,0.062328,4403.75,0
1.7313,7.61172,2.91844,-3.48382,0.0607789,4396.52,0
1.73287,7.69929,2.93904,-3.40501,0.0887836,4443.1,0
1.7344,7.65789,2.98379,-3.44725,0.0756647,4415.29,0
1.73595,7.62656,2.93825,-3.50893,0.0676359,4393.31,0
1.73781,7.58359,2.99582,-3.53385,0.0549164,4363.88,0
1.73962,7.5907,3.02388,-3.4108,0.055739,4363.43,0
1.74142,7.64371,2.96038,-3.47721,0.0727056,4389.37,0
1.74327,7.6021,2.99079,-3.45844,0.0589464,4360.83,0
1.74548,7.48953,3.0134,-3.4433,0.0270533,4290.81,0
1.74808,7.55266,3.05056,-3.44084,0.0456728,4320.54,0
1.75015,7.53336,3.11148,-3.36517,0.03762,4304.42,0
1.75247,7.53186,3.09301,-3.41884,0.0342227,4297.86,0
1.7548,7.54586,3.10818,-3.50294,0.0412264,4300.12,0
1.75697,7.57321,3.14739,-3.42142,0.0457833,4310.39,0
1.75891,7.62292,3.18598,-3.35445,0.051074,4333.88,0
1.76111,7.6264,3.24535,-3.29253,0.0473129,4330.45,0
1.76317,7.66661,3.21741,-3.28686,0.0565786,4348.2,0
1.76506,7.69529,3.15631,-3.32774,0.0613951,4359.79,0
1.76716,7.60698,3.15671,-3.43239,0.0309716,4304.65,0
1.76951,7.67615,3.17693,-3.50147,0.0535232,4338,0
1.77143,7.63594,3.10277,-3.48324,0.0415538,4310.61,0
1.77379,7.63098,3.10896,-3.5602,0.0375454,4302.07,0
1.7763,7.6364,3.0726,-3.5317,0.0419247,4299.06,0
1.77829,7.65957,3.08524,-3.55709,0.0469213,4307.27,0
1.78044,7.6708,3.00785,-3.61927,0.0479447,4308.37,0
1.78289,7.63707,2.89224,-3.73245,0.0327676,4283.54,0
1.7853,7.65815,2.87221,-3.7335,0.0396799,4289.55,0
1.78749,7.63453,2.89062,-3.67518,0.0348978,4271.1,0
1.78947,7.72188,2.86697,-3.72118,0.058068,4315.19,0
1.7918,7.59897,2.88741,-3.69579,0.0156568,4240.97,0
1.79439,7.66096,2.85819,-3.738,0.0390596,4269.39,0
1.79673,7.58605,2.91022,-3.73611,0.0125042,4222.15,0
1.80116,7.58999,2.84565,-3.79783,0.0133105,4213.96,0
1.80383,7.66243,2.77351,-3.81329,0.0381905,4247.86,0
1.80607,7.60653,2.87306,-3.81004,0.0225111,4211.64,0
1.80972,7.55527,2.84546,-3.8416,0.00515133,4174.84,0
1.81313,7.66262,2.78673,-3.84217,0.04111,4226.18,0
1.81521,7.67577,2.74644,-3.84405,0.0492974,4228.59,0
1.81734,7.67048,2.76036,-3.86919,0.0414184,4220.71,0
1.81961,7.71941,2.72142,-3.91172,0.053787,4242.33,0
1.82212,7.65286,2.71146,-3.93971,0.0302743,4199.98,0
1.82512,7.62153,2.77677,-3.84909,0.0238228,4175.9,0
1.82783,7.68904,2.78656,-3.89097,0.0462365,4206.65,0
1.82975,7.73153,2.82453,-3.8624,0.0530612,4225.47,0
1.83164,7.70828,2.76884,-3.91818,0.0411238,4208.4,0
1.83388,7.70198,2.82832,-3.82516,0.0442126,4199.84,0
1.83627,7.66262,2.80818,-3.8254,0.031693,4172.92,0
1.83965,7.60071,2.8253,-3.88994,0.0104716,4131.62,0
1.84249,7.67463,2.87042,-3.78828,0.035361,4165.36,0
1.84454,7.71601,2.83678,-3.78608,0.04652,4183.16,0
1.8464,7.75553,2.90202,-3.77127,0.0591453,4200.35,0
1.84801,7.81106,2.88909,-3.7433,0.075164,4226.75,0
1.84964,7.77626,2.83048,-3.75632,0.0577157,4204.19,0
1.85135,7.81939,2.8681,-3.80758,0.0693504,4223.62,0
1.85306,7.80112,2.86988,-3.83527,0.064533,4209.87,0
1.85484,7.77172,2.88601,-3.79592,0.0557269,4189.97,0
1.85675,7.78003,2.95609,-3.86243,0.058483,4190.13,0
1.85826,7.88715,2.94314,-3.92437,0.0980011,4244.37,0
1.85972,7.88322,2.88304,-3.96176,0.0925022,4238.92,0
1.86108,7.96574,2.86564,-3.98804,0.106045,4280.18,0
1.86246,7.96528,2.86648,-3.95444,0.099962,4276.75,0
1.86387,7.94505,2.83492,-3.83225,0.0922976,4262.67,0
1.86531,8.02006,2.81764,-3.80993,0.116892,4299.59,0
1.86653,8.05559,2.84408,-3.80829,0.131335,4315.81,0
1.86772,8.05131,2.81228,-3.72664,0.122659,4310.77,0
1.86892,8.01796,2.76273,-3.66892,0.115025,4290.15,0
1.87016,8.03194,2.81225,-3.64286,0.128006,4294.79,0
1.87136,8.08679,2.79164,-3.60935,0.144373,4321.35,0
1.87252,8.05801,2.83313,-3.64134,0.130397,4303.29,0
1.87368,8.12407,2.84787,-3.64672,0.151433,4335.88,0
1.87476,8.2279,2.88065,-3.61743,0.179184,4388.77,0
1.87578,8.26262,2.73747,-3.59597,0.202723,4404.91,0
1.87675,8.28692,2.73605,-3.60957,0.203265,4415.57,0
1.8778,8.22512,2.82759,-3.64333,0.17169,4380.19,0
1.87884,8.23736,2.81128,-3.65951,0.173418,4384.27,0
1.87993,8.20132,2.82365,-3.71693,0.157118,4362.58,0
1.88108,8.20429,2.86938,-3.663,0.15873,4361.47,0
1.88226,8.1212,2.83416,-3.61779,0.140397,4314.59,0
1.88342,8.19166,2.77302,-3.67977,0.167536,4349.35,0
1.88462,8.06584,2.81371,-3.68789,0.125229,4279.83,0
1.88599,7.94499,2.75479,-3.79618,0.0869248,4212.63,0
1.88762,7.88712,2.69416,-3.74735,0.073046,4178.34,0
1.88908,7.9917,2.74778,-3.75236,0.111983,4230.47,0
1.89039,8.01993,2.67957,-3.77456,0.119515,4242.48,0
1.89181,7.90526,2.63798,-3.79623,0.0868594,4178.68,0
1.89336,7.92165,2.60883,-3.85851,0.0955856,4183.9,0
1.89474,7.8765,2.57055,-3.84076,0.0858653,4157.03,0
1.89627,7.85561,2.60236,-3.7677,0.0756593,4142.65,0
1.89797,7.8007,2.64395,-3.8004,0.0638226,4110.02,0
1.89964,7.85841,2.71267,-3.84413,0.0757223,4136.79,0
1.90143,7.80083,2.71532,-3.7894,0.0575758,4102.6,0
1.90322,7.80593,2.81177,-3.83331,0.0591479,4101.44,0
1.90493,7.86773,2.73995,-3.7415,0.0739899,4130.2,0
1.90635,7.93782,2.74336,-3.72553,0.0925241,4163.88,0
1.90772,7.98984,2.68727,-3.67172,0.108523,4188.16,0
1.90893,8.05678,2.69397,-3.79039,0.128394,4220.57,0
1.91009,8.0995,2.62899,-3.79143,0.142715,4240.37,0
1.91129,8.03284,2.59116,-3.84539,0.113765,4202.83,0
1.91259,8.04439,2.5426,-3.84085,0.113178,4206.01,0
1.91397,7.9617,2.55449,-3.77379,0.0903765,4159.78,0
1.9155,7.93846,2.66561,-3.72244,0.0784023,4144.33,0
1.91707,7.91167,2.6403,-3.74046,0.0770738,4126.95,0
1.91854,7.92766,2.59816,-3.74346,0.0818777,4132.14,0
1.92022,7.92087,2.4745,-3.78957,0.0770396,4124.98,0
1.92199,7.85719,2.51066,-3.78705,0.0564105,4088.06,0
1.92388,7.85488,2.49459,-3.67808,0.0555713,4082.83,0
1.92572,7.81178,2.52446,-3.61394,0.0414633,4056.54,0
1.92792,7.82141,2.60207,-3.58279,0.0438479,4056.91,0
1.93011,7.81342,2.58203,-3.55375,0.0424333,4048.17,0
1.93231,7.82417,2.47438,-3.55115,0.0446629,4049.12,0
1.93424,7.8564,2.43823,-3.49471,0.0548772,4061.75,0
1.93596,7.93462,2.48022,-3.45383,0.0782049,4098.55,0
1.93772,7.90188,2.58977,-3.45203,0.0713589,4077.92,0
1.93939,7.90419,2.57081,-3.45395,0.0698299,4075.61,0
1.94097,7.96437,2.48882,-3.47918,0.0861967,4103.3,0
1.94239,7.96674,2.50749,-3.51279,0.0884817,4101.51,0
1.94385,7.93497,2.50911,-3.54117,0.068954,4082.09,0
1.94543,8.00127,2.55077,-3.43759,0.0879999,4112.85,0
1.94688,8.03059,2.57675,-3.45445,0.0931959,4124.85,0
1.94828,8.09652,2.46504,-3.45455,0.110618,4155.72,0
1.94961,8.09191,2.45943,-3.43062,0.111098,4150.53,0
1.95097,8.10538,2.54589,-3.36466,0.118273,4154.55,0
1.95237,8.07647,2.59955,-3.35738,0.106813,4136.75,0
1.9536,8.11151,2.59608,-3.31103,0.122463,4152.09,0
1.95491,8.11205,2.64078,-3.34844,0.114332,4149.58,0
1.95618,8.10925,2.64363,-3.34839,0.111694,4145.45,0
1.95745,8.10682,2.62451,-3.30997,0.109781,4141.52,0
1.95877,8.09688,2.61381,-3.31229,0.110465,4133.65,0
1.96016,8.02117,2.6383,-3.37166,0.0812644,4092.1,0
1.96165,8.08081,2.64436,-3.41799,0.0940659,4119.39,0
1.96296,8.18529,2.63647,-3.37149,0.128932,4169.87,0
1.96418,8.16141,2.62678,-3.33517,0.123482,4155.12,0
1.96538,8.17691,2.6452,-3.37817,0.132043,4160.47,0
1.96664,8.18738,2.57382,-3.22777,0.127575,4163.14,0
1.96781,8.20417,2.45185,-3.31442,0.144782,4169.2,0
1.9689,8.26699,2.46859,-3.34183,0.167318,4198.78,0
1.97002,8.25204,2.48879,-3.2607,0.159392,4188.81,0
1.97108,8.33644,2.55031,-3.24768,0.173777,4229.37,0
1.97213,8.37522,2.5537,-3.27539,0.181846,4246.8,0
1.97321,8.33591,2.59332,-3.20369,0.166293,4224.54,0
1.97421,8.37535,2.54312,-3.2695,0.182557,4242.38,0
1.97529,8.33848,2.55245,-3.27836,0.161384,4221.4,0
1.97641,8.35954,2.48716,-3.16831,0.156807,4229.67,0
1.97756,8.39372,2.5224,-3.25932,0.162454,4244.49,0
1.97869,8.35759,2.45211,-3.22031,0.15454,4223.79,0
1.97984,8.3504,2.55967,-3.15031,0.14661,4217.71,0
1.981,8.4676,2.67221,-3.15729,0.181373,4274.4,0
1.98201,8.54702,2.61751,-3.13322,0.211137,4312.29,0
1.983,8.47921,2.5771,-3.16139,0.189077,4275.96,0
1.98396,8.5342,2.49933,-3.16931,0.213532,4301.6,0
1.98495,8.53562,2.48129,-3.13883,0.218273,4300.17,0
1.98591,8.55173,2.49883,-3.12333,0.216719,4306.19,0
1.98691,8.53475,2.54469,-3.03697,0.206915,4295.49,0
1.98791,8.5827,2.4862,-2.98028,0.212896,4317.46,0
1.98886,8.57806,2.46434,-2.93849,0.220497,4313.06,0
1.98982,8.62584,2.49933,-2.99693,0.232915,4334.97,0
1.99072,8.59536,2.50727,-2.99481,0.216883,4317.72,0
1.99171,8.53642,2.52177,-3.0159,0.199835,4285.98,0
1.99268,8.53314,2.4563,-3.07645,0.203149,4282.23,0
1.99369,8.51277,2.46346,-3.09992,0.187023,4269.85,0
1.99466,8.56577,2.48894,-3.08306,0.196436,4294.36,0
1.99564,8.64716,2.41615,-3.12715,0.216797,4333.02,0
1.99659,8.59696,2.45623,-3.13409,0.211401,4305.83,0
1.99753,8.57608,2.37055,-3.16731,0.205064,4293.34,0
1.99838,8.61639,2.39293,-3.13188,0.227571,4311.7,0
1.99933,8.63597,2.29768,-3.05016,0.225132,4319.44,0
2,8.67518,2.29126,-3.09212,0.235621,4337.58,0
