0.00650227,0.0135026,0.000538055,-0.00504142,8.08694e-05,2076.6,0
0.0129806,0.0301163,0.0161296,0.00404295,0.000180278,2320.09,0
0.0194946,0.0238237,-0.00287371,0.0237876,0.000142269,1222.07,0
0.0260062,0.0279879,-0.00961815,-0.0179966,0.000167061,1076.2,0
0.0325242,0.0132389,-0.0333843,-0.0403739,7.84747e-05,407.047,0
0.0390446,0.0119411,-0.0600479,-0.0519171,7.05754e-05,305.832,0
0.0455472,0.0434059,-0.0911231,-0.0523539,0.000258907,952.987,0
0.0520357,0.0448192,-0.10327,-0.029076,0.000266949,861.316,0
0.0585253,0.0492258,-0.137007,0.0200448,0.000292796,841.103,0
0.0650719,0.0501848,-0.159411,0.0424168,0.000297843,771.221,0
0.0715474,0.0300678,-0.176911,0.0308702,0.000176783,420.249,0
0.078065,0.0434918,-0.152287,0.0341849,0.000256993,557.123,0
0.084538,0.0366735,-0.135886,0.00510644,0.000215766,433.811,0
0.0910705,0.0563997,-0.121058,3.82441e-05,0.000333314,619.297,0
0.0976102,0.0684581,-0.151941,-0.0118017,0.00040448,701.342,0
0.104117,0.0767505,-0.128912,0.0193051,0.000453081,737.157,0
0.110589,0.120244,-0.112543,0.00940701,0.000711896,1087.31,0
0.117114,0.161278,-0.101579,0.0367406,0.000954296,1377.1,0
0.123657,0.201806,-0.1267,0.0219598,0.00119285,1631.98,0
0.130198,0.222207,-0.148431,0.0589445,0.00130878,1706.68,0
0.136753,0.19791,-0.173525,0.0374078,0.00115702,1447.21,0
0.143255,0.201196,-0.135178,0.118576,0.00117183,1404.47,0
0.149789,0.216665,-0.157637,0.0999063,0.00125841,1446.47,0
0.156304,0.274488,-0.114102,0.0554026,0.00159798,1756.12,0
0.162836,0.27366,-0.118657,0.0463518,0.00158464,1680.59,0
0.169316,0.300955,-0.111573,0.0421991,0.0017409,1777.48,0
0.175826,0.284747,-0.0904513,0.0292901,0.00163428,1619.48,0
0.182375,0.277748,-0.15276,-0.014335,0.00158383,1522.95,0
0.188898,0.325266,-0.157931,-0.0085655,0.00186102,1721.92,0
0.195366,0.370769,-0.152645,-0.0196554,0.00212222,1897.81,0
0.201861,0.390925,-0.203757,-0.0969794,0.0022299,1936.61,0
0.208355,0.320934,-0.133795,-0.136383,0.00179931,1540.32,0
0.214836,0.346114,-0.120557,-0.179614,0.00194052,1611.06,0
0.221329,0.345105,-0.157578,-0.100159,0.00192182,1559.24,0
0.22788,0.315818,-0.192584,-0.0682178,0.00173596,1385.89,0
0.234416,0.351751,-0.204127,-0.075073,0.00194073,1500.55,0
0.240912,0.314703,-0.25786,-0.0921674,0.00170913,1306.3,0
0.247429,0.297056,-0.305826,-0.0666274,0.00159525,1200.57,0
0.253916,0.238064,-0.293642,-0.0973111,0.0012358,937.57,0
0.260421,0.32198,-0.318271,-0.0899528,0.0017312,1236.38,0
0.266957,0.271079,-0.343629,-0.114716,0.00141764,1015.44,0
0.273434,0.293038,-0.385706,-0.17619,0.00154076,1071.69,0
0.279917,0.276248,-0.391234,-0.172702,0.00143285,986.892,0
0.286426,0.291916,-0.402073,-0.147536,0.00151904,1019.17,0
0.292926,0.286939,-0.419107,-0.193087,0.00148315,979.562,0
0.299393,0.291354,-0.391,-0.248029,0.00150312,973.148,0
0.305913,0.287012,-0.411866,-0.248291,0.0014711,938.213,0
0.312438,0.3779,-0.368349,-0.256886,0.00200621,1209.52,0
0.318928,0.330603,-0.33889,-0.305981,0.00171207,1036.61,0
0.325445,0.336981,-0.35134,-0.276897,0.00173995,1035.45,0
0.331981,0.322526,-0.392625,-0.279843,0.0016435,971.518,0
0.33843,0.292166,-0.451239,-0.367794,0.00145419,863.297,0
0.34493,0.279025,-0.456955,-0.387194,0.00136815,808.931,0
0.351432,0.222429,-0.453924,-0.421868,0.00102275,632.923,0
0.357921,0.212879,-0.520126,-0.366364,0.000961977,594.764,0
0.364411,0.210148,-0.504353,-0.382893,0.000942429,576.679,0
0.370918,0.267808,-0.540773,-0.358229,0.00128298,722.013,0
0.377438,0.230197,-0.57019,-0.340006,0.00105169,609.893,0
0.383969,0.240818,-0.595727,-0.369542,0.00111216,627.182,0
0.390518,0.199789,-0.618936,-0.379254,0.000862435,511.6,0
0.39705,0.174618,-0.587571,-0.392196,0.0007083,439.789,0
0.403571,0.143655,-0.638697,-0.383187,0.0005212,355.96,0
0.410003,0.139731,-0.644568,-0.376558,0.000496026,340.805,0
0.416496,0.142264,-0.666777,-0.348533,0.000509857,341.574,0
0.422988,0.135109,-0.671833,-0.308332,0.00046579,319.417,0
0.429467,0.106418,-0.639571,-0.307672,0.000292921,247.791,0
0.435993,0.103374,-0.682419,-0.326814,0.000274018,237.101,0
0.442497,0.096933,-0.705551,-0.305174,0.000234967,219.059,0
0.448983,0.132759,-0.7263,-0.274961,0.000448633,295.687,0
0.455505,0.131847,-0.744251,-0.290424,0.000441421,289.451,0
0.46202,0.0837207,-0.731302,-0.296576,0.000152359,181.206,0
0.468526,0.0676678,-0.732821,-0.306619,5.60847e-05,144.427,0
0.475015,0.089663,-0.746601,-0.304043,0.000187662,188.758,0
0.481516,0.108314,-0.777114,-0.313136,0.000298978,224.944,0
0.488026,0.101504,-0.78866,-0.343725,0.000257849,207.988,0
0.4945,0.122935,-0.820951,-0.364199,0.000385443,248.605,0
0.501016,0.135691,-0.854869,-0.354312,0.000461069,270.832,0
0.507511,0.183474,-0.890623,-0.349147,0.000745682,361.517,0
0.514017,0.257306,-0.885907,-0.378289,0.00118418,500.579,0
0.520558,0.287944,-0.900076,-0.422549,0.00136355,553.145,0
0.527031,0.228665,-0.880317,-0.415453,0.00100335,433.874,0
0.533597,0.207079,-0.848575,-0.358132,0.000870547,388.081,0
0.54012,0.231993,-0.800141,-0.347923,0.00101665,429.522,0
0.546668,0.230078,-0.800559,-0.351702,0.00100063,420.873,0
0.553165,0.246531,-0.771794,-0.345484,0.00109531,445.673,0
0.559632,0.263497,-0.781884,-0.336102,0.00119175,470.839,0
0.566129,0.209238,-0.769011,-0.354566,0.000862561,369.594,0
0.572664,0.176256,-0.713991,-0.384665,0.000661913,307.782,0
0.579213,0.184811,-0.704851,-0.399339,0.000711215,319.073,0
0.585707,0.203452,-0.669232,-0.434083,0.000820846,347.362,0
0.592242,0.203904,-0.647468,-0.487286,0.000820818,344.292,0
0.598706,0.145823,-0.688134,-0.522831,0.000470694,243.563,0
0.605203,0.117335,-0.696634,-0.559961,0.000298806,193.877,0
0.611698,0.122002,-0.730762,-0.602056,0.000326252,199.449,0
0.618201,0.159036,-0.739578,-0.659831,0.000546864,257.256,0
0.624669,0.193183,-0.74972,-0.71226,0.000749413,309.258,0
0.631121,0.186176,-0.797237,-0.662572,0.000704947,294.993,0
0.637645,0.136229,-0.806249,-0.677781,0.000403842,213.644,0
0.644139,0.135741,-0.805982,-0.701778,0.000400175,210.733,0
0.650687,0.113538,-0.808096,-0.710722,0.000266036,174.49,0
0.657197,0.0905521,-0.783164,-0.719517,0.000128016,137.785,0
0.66369,0.132065,-0.780692,-0.708951,0.000376301,198.986,0
0.670222,0.116783,-0.765625,-0.67861,0.00028389,174.245,0
0.676732,0.0815808,-0.786198,-0.698282,7.27238e-05,120.551,0
0.683222,0.0909129,-0.768064,-0.696249,0.000128521,133.065,0
0.689781,0.0937025,-0.79397,-0.67812,0.000145013,135.844,0
0.696278,0.0958256,-0.811091,-0.688743,0.00015752,137.625,0
0.702719,0.12541,-0.82008,-0.721117,0.000334346,178.464,0
0.709236,0.141825,-0.807292,-0.775397,0.000431686,199.968,0
0.715734,0.108379,-0.846974,-0.800764,0.000230382,151.423,0
0.722235,0.114991,-0.852323,-0.778672,0.000269718,159.216,0
0.728776,0.141869,-0.859719,-0.79165,0.000429714,194.667,0
0.735325,0.121841,-0.828082,-0.818802,0.0003089,165.697,0
0.741813,0.161722,-0.809298,-0.78247,0.000546578,218.008,0
0.748319,0.184862,-0.823882,-0.789265,0.000683573,247.037,0
0.754815,0.275027,-0.828772,-0.797415,0.00122086,364.364,0
0.761311,0.32334,-0.831419,-0.764374,0.00150307,424.715,0
0.767841,0.265595,-0.854677,-0.799587,0.00115131,345.898,0
0.774316,0.242243,-0.81931,-0.726447,0.0010065,312.848,0
0.780838,0.270305,-0.871144,-0.692962,0.00116937,346.172,0
0.787323,0.324953,-0.85685,-0.663716,0.00149113,412.732,0
0.793849,0.364513,-0.876979,-0.641463,0.00171921,459.172,0
0.800348,0.404855,-0.934367,-0.681369,0.00195191,505.849,0
0.806873,0.389943,-0.970316,-0.702128,0.00185213,483.276,0
0.813364,0.390318,-0.94117,-0.734313,0.00184476,479.881,0
0.819911,0.38036,-0.919354,-0.667503,0.00177474,463.903,0
0.826438,0.366889,-0.956916,-0.675085,0.00168549,443.941,0
0.832916,0.406114,-1.00344,-0.659583,0.00191131,487.581,0
0.839421,0.434624,-1.03989,-0.732117,0.00206977,517.766,0
0.845885,0.416164,-1.02297,-0.733362,0.00194765,491.986,0
0.852391,0.508585,-1.0077,-0.728058,0.00248637,596.657,0
0.858875,0.484621,-1.03783,-0.664133,0.00232654,564.251,0
0.865389,0.480201,-1.09165,-0.621136,0.00228624,554.896,0
0.87188,0.470415,-1.02728,-0.642801,0.00221292,539.541,0
0.878381,0.558162,-1.10835,-0.568842,0.00272256,635.444,0
0.884893,0.525845,-1.03197,-0.533059,0.0025101,594.247,0
0.891414,0.50258,-1.03962,-0.494464,0.0023564,563.801,0
0.897926,0.599055,-1.03882,-0.417264,0.0029168,667.154,0
0.904378,0.548214,-1.16862,-0.424268,0.00259348,606.178,0
0.910903,0.566865,-1.16851,-0.3643,0.00268965,622.311,0
0.917402,0.547037,-1.16142,-0.348238,0.0025535,596.289,0
0.923874,0.601367,-1.21943,-0.299121,0.00285973,650.918,0
0.930351,0.542585,-1.15599,-0.302157,0.00248744,583.204,0
0.936882,0.562311,-1.14905,-0.310365,0.00258798,600.194,0
0.943405,0.50003,-1.16588,-0.28363,0.00220176,530.026,0
0.949932,0.453512,-1.07133,-0.230402,0.00191274,477.416,0
0.956422,0.517833,-1.05129,-0.21295,0.00228667,541.428,0
0.962931,0.528492,-0.995597,-0.189515,0.00233399,548.837,0
0.969426,0.561838,-0.992648,-0.220317,0.00251982,579.557,0
0.975978,0.533486,-0.940071,-0.143791,0.00233172,546.617,0
0.982513,0.507592,-0.971896,-0.197697,0.00216132,516.626,0
0.988994,0.556567,-0.939688,-0.153662,0.00243939,562.761,0
0.995521,0.565585,-0.932323,-0.122101,0.00247697,568.129,0
1.00206,0.66207,-0.892854,-0.142137,0.00303616,660.706,0
1.00859,0.656988,-0.850968,-0.198053,0.0029841,651.395,0
1.01512,0.753974,-0.821737,-0.145261,0.0035428,742.745,0
1.02162,0.659869,-0.775669,-0.105508,0.00295769,645.907,0
1.02813,0.630027,-0.79316,-0.123098,0.00275813,612.79,0
1.03465,0.64255,-0.775697,-0.0886867,0.00281654,621.034,0
1.04117,0.641453,-0.770688,-0.0726971,0.00279089,616.088,0
1.0477,0.667428,-0.756076,-0.0553667,0.00292491,637.041,0
1.05424,0.629467,-0.72107,-0.0331832,0.00267935,597.079,0
1.0607,0.621926,-0.682337,-0.00660791,0.00261758,586.337,0
1.06721,0.653405,-0.69688,0.0486311,0.00278788,612.257,0
1.07369,0.640586,-0.636018,0.0503941,0.00269143,596.62,0
1.08017,0.602824,-0.579927,0.0693883,0.00244933,558.081,0
1.08669,0.570068,-0.55054,0.132117,0.0022387,524.593,0
1.09322,0.595508,-0.541684,0.164373,0.00237798,544.729,0
1.09967,0.625183,-0.500972,0.134225,0.00254085,568.517,0
1.10616,0.708918,-0.54121,0.0735175,0.00302281,640.881,0
1.11268,0.719431,-0.535484,0.136508,0.00306384,646.575,0
1.1192,0.738657,-0.453028,0.169524,0.00315791,659.989,0
1.12569,0.740707,-0.4139,0.208789,0.00314966,658.003,0
1.13218,0.7483,-0.376054,0.197134,0.00317429,660.936,0
1.13868,0.768149,-0.420106,0.18881,0.00326988,674.596,0
1.14518,0.749562,-0.454296,0.239309,0.00313439,654.535,0
1.15163,0.840164,-0.563652,0.297631,0.00365149,729.541,0
1.15812,0.867846,-0.631824,0.281838,0.00378917,749.36,0
1.16464,0.959672,-0.602213,0.261418,0.00430914,824.009,0
1.17113,0.836568,-0.624473,0.280478,0.00353476,714.324,0
1.17764,0.932901,-0.693282,0.289478,0.00408117,792.178,0
1.18412,0.907866,-0.72291,0.212709,0.00390091,766.704,0
1.19066,0.919513,-0.73447,0.0993841,0.00393987,772.275,0
1.19718,0.995619,-0.62755,0.126044,0.00436394,831.633,0
1.20367,0.969221,-0.636481,0.123293,0.00416738,805.22,0
1.21015,0.966513,-0.520775,0.0874167,0.00412092,798.672,0
1.21667,0.975264,-0.50898,0.0532787,0.00413956,801.586,0
1.22316,0.928349,-0.517307,0.0981525,0.00383026,758.975,0
1.22966,0.99567,-0.469986,0.157894,0.00419909,809.71,0
1.23624,1.0467,-0.406815,0.166,0.00446347,846.677,0
1.24275,1.02711,-0.491464,0.114747,0.00431048,826.48,0
1.24926,0.99967,-0.425648,0.125962,0.00410969,800.209,0
1.25578,1.05864,-0.398584,0.0523424,0.00443061,843.014,0
1.2623,1.16051,-0.515891,0.076703,0.00499839,919.364,0
1.26881,1.21853,-0.487837,0.0878436,0.00529357,960.373,0
1.27536,1.16803,-0.461338,0.158405,0.00493968,915.844,0
1.28185,1.2431,-0.403014,0.238415,0.00534643,969.776,0
1.28837,1.21371,-0.465405,0.234435,0.00512028,942.055,0
1.29488,1.2065,-0.490324,0.317089,0.00502881,931.742,0
1.30143,1.10489,-0.551779,0.303255,0.00438041,848.981,0
1.30792,1.2094,-0.508397,0.383104,0.00496417,924.671,0
1.31445,1.14258,-0.484446,0.468113,0.00451135,869.243,0
1.32095,1.09893,-0.448947,0.507993,0.00420967,831.925,0
1.32747,1.12532,-0.431911,0.489126,0.00433534,847.721,0
1.33397,1.18312,-0.421449,0.452327,0.00464249,886.922,0
1.34047,1.22694,-0.373227,0.445064,0.0048628,915.303,0
1.34699,1.24712,-0.417137,0.423946,0.00493471,925.86,0
1.35352,1.28614,-0.399706,0.494398,0.00511985,950.222,0
1.36009,1.28079,-0.317354,0.454689,0.00503933,941.694,0
1.36659,1.20652,-0.336736,0.463352,0.00454857,882.868,0
1.37313,1.26501,-0.4058,0.481319,0.00485664,921.261,0
1.37967,1.29108,-0.42881,0.465962,0.00496447,935.79,0
1.38616,1.30532,-0.403685,0.432389,0.00500502,941.681,0
1.39269,1.35798,-0.433359,0.464223,0.00527726,975.079,0
1.39919,1.33057,-0.398677,0.491181,0.00506253,950.957,0
1.40566,1.40716,-0.413366,0.497434,0.00546963,1001.06,0
1.41221,1.41543,-0.375165,0.569649,0.00546501,1002.28,0
1.41868,1.38035,-0.379722,0.419021,0.00520563,972.984,0
1.4252,1.4018,-0.363464,0.449963,0.0052884,983.584,0
1.4317,1.42164,-0.414118,0.356358,0.00535639,992.971,0
1.43824,1.45643,-0.529852,0.391539,0.00550839,1012.65,0
1.44477,1.51427,-0.510921,0.444848,0.00580029,1048.11,0
1.4513,1.57742,-0.595734,0.457575,0.00611639,1086.9,0
1.45782,1.52955,-0.560636,0.405962,0.0057772,1049.2,0
1.46433,1.54283,-0.638349,0.370555,0.00579344,1053.6,0
1.47081,1.51651,-0.59085,0.39637,0.00557057,1031.07,0
1.47734,1.57394,-0.496591,0.401862,0.00585709,1065.39,0
1.48387,1.56274,-0.45161,0.44476,0.00573196,1053.15,0
1.49041,1.49744,-0.427313,0.412889,0.00528576,1004.72,0
1.49696,1.56449,-0.561948,0.386875,0.00563826,1045.11,0
1.50348,1.51231,-0.520986,0.30497,0.00527391,1005.87,0
1.51,1.48333,-0.57045,0.356922,0.005052,982.342,0
1.5165,1.4663,-0.547362,0.355233,0.00490391,966.898,0
1.52301,1.47715,-0.591591,0.330847,0.00491888,969.889,0
1.52952,1.47342,-0.633603,0.265355,0.00484672,963.321,0
1.53606,1.53221,-0.66454,0.222226,0.00515391,997.497,0
1.54253,1.45627,-0.665457,0.243988,0.0046515,944.077,0
1.54902,1.47892,-0.601839,0.2083,0.00474722,954.742,0
1.55554,1.57332,-0.601565,0.264844,0.00526583,1011.43,0
1.56206,1.49479,-0.574185,0.196943,0.00474624,956.933,0
1.56858,1.49484,-0.472755,0.163196,0.00470779,952.989,0
1.57507,1.46729,-0.502819,0.24502,0.00449985,931.57,0
1.58161,1.45165,-0.490968,0.235758,0.00436901,917.827,0
1.58807,1.5086,-0.553329,0.231071,0.00467065,949.958,0
1.59457,1.43476,-0.543387,0.288688,0.00419157,899.776,0
1.6011,1.48203,-0.442703,0.303436,0.00443859,925.634,0
1.60761,1.51012,-0.452511,0.200208,0.00456845,939.356,0
1.61414,1.5829,-0.379211,0.143055,0.00496273,980.65,0
1.62061,1.60779,-0.472051,0.172001,0.00506641,992.088,0
1.62713,1.69721,-0.492974,0.23425,0.00555406,1043.07,0
1.63358,1.71116,-0.508669,0.222694,0.00558258,1047.49,0
1.64006,1.69714,-0.491738,0.215502,0.00544781,1034.8,0
1.64653,1.67697,-0.429826,0.188072,0.00527759,1018.48,0
1.65303,1.65698,-0.333024,0.110555,0.00510505,1002.39,0
1.65951,1.60573,-0.252294,0.00573023,0.00475625,967.595,0
1.66602,1.6904,-0.228566,0.00657246,0.00522219,1014.64,0
1.6725,1.69862,-0.198581,-0.0587059,0.00522294,1015.61,0
1.67899,1.62324,-0.265203,-0.0645202,0.00472713,966.791,0
1.6855,1.60522,-0.290791,-0.150347,0.00457924,952.369,0
1.69207,1.56042,-0.225417,-0.0951464,0.00426693,922.198,0
1.69856,1.54911,-0.228788,-0.142742,0.00416158,912.016,0
1.70506,1.64428,-0.248695,-0.117034,0.00469473,964.354,0
1.7116,1.65841,-0.279549,-0.0941226,0.00473898,968.925,0
1.71811,1.73151,-0.199689,-0.0933464,0.00513434,1007.8,0
1.7246,1.67819,-0.192529,-0.112402,0.00476563,973.092,0
1.73112,1.66849,-0.253989,-0.104909,0.00466628,963.821,0
1.73763,1.64788,-0.20719,-0.0762871,0.00450144,948.35,0
1.74411,1.63126,-0.280082,-0.0502276,0.00435642,935.296,0
1.75061,1.4831,-0.250728,0.00646086,0.00343769,847.192,0
1.7571,1.39046,-0.232515,-0.111851,0.00286019,791.34,0
1.76357,1.36446,-0.252226,-0.176499,0.00268584,773.693,0
1.77011,1.38063,-0.164293,-0.13761,0.00276664,779.972,0
1.77665,1.40107,-0.132727,-0.0563312,0.00286865,788.602,0
1.78312,1.41679,-0.159896,-0.0797355,0.00294509,794.557,0
1.78967,1.44828,-0.0798147,-0.131045,0.00311252,809.244,0
1.79615,1.53028,-0.222452,-0.184736,0.00358018,851.975,0
1.8026,1.57165,-0.259834,-0.197875,0.00379956,871.88,0
1.80914,1.62227,-0.26911,-0.167413,0.00406943,896.709,0
1.81568,1.62576,-0.242743,-0.17291,0.00405577,895.401,0
1.82218,1.69576,-0.223742,-0.153911,0.00443813,930.626,0
1.82865,1.60869,-0.297088,-0.10313,0.0038792,879.717,0
1.8352,1.60832,-0.362638,-0.0899738,0.00384136,876.372,0
1.84166,1.6482,-0.433551,-0.0305516,0.00405148,894.957,0
1.8482,1.66373,-0.40616,-0.0757435,0.00411085,900.193,0
1.85472,1.62523,-0.420028,-0.0945928,0.00384673,876.263,0
1.86129,1.54006,-0.36568,-0.0308821,0.00330747,827.416,0
1.86776,1.53044,-0.334474,0.0133953,0.00322912,819.397,0
1.87433,1.53381,-0.364393,-0.0318737,0.00322621,818.325,0
1.88085,1.51729,-0.353964,-0.0239622,0.00310672,806.703,0
1.88736,1.51352,-0.40158,-0.0627545,0.00305575,801.924,0
1.89384,1.55374,-0.32702,-0.0485406,0.00327318,820.42,0
1.90041,1.5168,-0.358426,-0.0660418,0.0030281,798.141,0
1.90695,1.49022,-0.357425,-0.067162,0.00284896,781.47,0
1.91345,1.44033,-0.411019,-0.0840134,0.00253104,752.74,0
1.91994,1.39329,-0.483704,-0.143856,0.00223573,725.696,0
1.92639,1.42315,-0.503732,-0.143661,0.00240006,738.761,0
1.93291,1.37745,-0.49082,-0.143762,0.00211343,712.631,0
1.93945,1.39732,-0.548687,-0.196486,0.0022211,720.473,0
1.94593,1.47093,-0.638229,-0.206286,0.0026445,755.9,0
1.95247,1.43254,-0.672409,-0.178396,0.00240008,733.705,0
1.95898,1.45811,-0.681414,-0.149898,0.00253754,744.321,0
1.96551,1.47948,-0.624579,-0.112891,0.00264961,752.722,0
1.97205,1.56486,-0.690692,-0.0910184,0.00314165,793.518,0
1.97856,1.54678,-0.63053,-0.0619608,0.00301223,781.771,0
1.98512,1.53725,-0.65186,-0.119068,0.00293447,774.387,0
1.99164,1.54812,-0.554086,-0.059624,0.00297708,777.31,0
1.99814,1.52606,-0.505984,-0.0834915,0.0028236,763.739,0
2.00466,1.52648,-0.484641,-0.0344114,0.00280861,761.466,0
2.01115,1.5468,-0.548593,-0.0466677,0.00290983,769.112,0
2.01765,1.55728,-0.531902,0.00190364,0.00295321,771.831,0
2.0242,1.55643,-0.535379,-0.0368375,0.00292529,768.909,0
2.03074,1.56042,-0.420673,-0.0481103,0.00292528,768.4,0
2.03723,1.59847,-0.334775,0.0121182,0.00313024,784.629,0
2.04374,1.52908,-0.346663,0.00769146,0.00269379,748.176,0
2.05025,1.52589,-0.391742,-0.0471016,0.00265761,744.246,0
2.05673,1.46462,-0.446316,-0.10602,0.00227722,712.109,0
2.06324,1.4811,-0.434738,-0.12603,0.00236084,717.853,0
2.0697,1.5261,-0.470521,-0.136819,0.00261441,737.352,0
2.07621,1.48935,-0.488597,-0.141794,0.00237591,717.34,0
2.08268,1.51429,-0.485462,-0.0797321,0.0025075,727.089,0
2.08918,1.52289,-0.44004,-0.0591726,0.00254123,728.941,0
2.09565,1.46615,-0.489658,-0.0625697,0.00218667,699.616,0
2.10214,1.44516,-0.503622,-0.120577,0.00204848,687.469,0
2.10865,1.48985,-0.572857,-0.0855472,0.00230345,706.542,0
2.11514,1.52388,-0.578685,-0.0693075,0.0024904,720.463,0
2.12167,1.54022,-0.518332,-0.0471179,0.00257397,725.945,0
2.12821,1.51078,-0.540144,-0.0664621,0.00238109,709.882,0
2.13473,1.48344,-0.466834,-0.113479,0.00220405,694.91,0
2.14126,1.55532,-0.461037,-0.191845,0.00261998,726.356,0
2.14774,1.51228,-0.501938,-0.237811,0.00234535,704.126,0
2.15423,1.53666,-0.562378,-0.262314,0.00247664,713.323,0
2.16076,1.58744,-0.591671,-0.241558,0.00276592,734.666,0
2.16728,1.65571,-0.569257,-0.212494,0.00315585,763.957,0
2.17381,1.63682,-0.625343,-0.119633,0.00302144,752.973,0
2.1803,1.73557,-0.707793,-0.177714,0.00359092,796.024,0
2.18683,1.80735,-0.745014,-0.0880433,0.00398926,826.47,0
2.19328,1.78839,-0.679051,-0.144977,0.00384606,815.394,0
2.19975,1.80143,-0.673282,-0.15593,0.00388914,818.926,0
2.20625,1.82028,-0.679647,-0.221449,0.0039676,825.053,0
2.21276,1.79513,-0.651606,-0.199017,0.00379018,811.263,0
2.21925,1.85868,-0.706821,-0.235132,0.00414268,837.526,0
2.22575,1.87668,-0.772731,-0.237837,0.00421464,843.168,0
2.2323,1.81783,-0.70082,-0.239406,0.00383227,814.329,0
2.23885,1.85136,-0.721136,-0.214754,0.00400409,826.926,0
2.24535,1.80965,-0.853838,-0.170399,0.00372538,805.954,0
2.25187,1.75304,-0.806047,-0.157782,0.00335985,778.48,0
2.25842,1.65146,-0.833857,-0.186471,0.00273248,731.247,0
2.26492,1.6602,-0.809632,-0.216717,0.00276489,733.006,0
2.27143,1.62601,-0.806375,-0.229628,0.00254243,715.853,0
2.27791,1.61672,-0.787091,-0.19197,0.00247212,709.738,0
2.28441,1.59086,-0.751765,-0.225932,0.00230234,696.4,0
2.29088,1.70359,-0.730622,-0.248235,0.00296223,743.641,0
2.29744,1.7273,-0.742864,-0.274574,0.00308269,751.836,0
2.30393,1.71342,-0.704512,-0.238008,0.00297667,743.693,0
2.31045,1.70936,-0.743744,-0.229493,0.00292927,739.84,0
2.31699,1.71817,-0.721496,-0.265472,0.00296283,741.551,0
2.3235,1.64657,-0.688298,-0.243334,0.00251624,708.659,0
2.33002,1.70905,-0.634076,-0.218191,0.00287244,733.495,0
2.33656,1.74335,-0.624054,-0.208448,0.00305739,746.12,0
2.34309,1.73199,-0.683436,-0.213327,0.00296803,739.189,0
2.34963,1.72285,-0.630431,-0.177411,0.00289051,733.243,0
2.35611,1.73119,-0.634629,-0.19804,0.00292099,734.768,0
2.36263,1.67463,-0.598029,-0.188652,0.00255991,708.799,0
2.36915,1.63533,-0.522313,-0.193439,0.0023093,690.258,0
2.37565,1.60532,-0.528458,-0.144833,0.00211693,675.74,0
2.38215,1.61405,-0.560936,-0.220485,0.00215603,677.56,0
2.38867,1.68321,-0.527803,-0.238727,0.00255499,704.665,0
2.39518,1.73185,-0.560381,-0.195337,0.00283002,723.055,0
2.40166,1.70465,-0.666284,-0.13074,0.00265091,709.779,0
2.40819,1.70546,-0.679034,-0.177606,0.00263892,708.193,0
2.41469,1.72433,-0.667784,-0.121789,0.00273247,714.099,0
2.42122,1.69214,-0.607281,-0.117991,0.00252149,698.88,0
2.42771,1.67571,-0.551348,-0.0968916,0.00240637,690.243,0
2.43418,1.7267,-0.547841,-0.0609757,0.00269399,709.359,0
2.44069,1.77082,-0.587004,0.0429644,0.00294132,725.543,0
2.44718,1.76491,-0.587218,0.0193611,0.00288834,721.201,0
2.45369,1.79665,-0.621348,0.0190424,0.00305628,732.224,0
2.46021,1.83975,-0.63018,-0.00427219,0.00328835,747.804,0
2.46676,1.86314,-0.625571,-0.0254713,0.00340405,755.302,0
2.4733,1.91918,-0.648008,-0.0487225,0.00370932,775.958,0
2.47981,1.87639,-0.763046,0.00569596,0.00342573,756.665,0
2.4863,1.82105,-0.733529,-0.0120119,0.00306994,732.434,0
2.4928,1.86597,-0.73417,-0.015366,0.00331621,748.542,0
2.49928,1.82622,-0.780253,-0.0186667,0.00305285,730.698,0
2.5058,1.86114,-0.710728,-0.121403,0.00323884,742.733,0
2.51231,1.80809,-0.728792,-0.153828,0.00289983,719.695,0
2.51881,1.81592,-0.713237,-0.17484,0.00292682,720.943,0
2.52531,1.78178,-0.694961,-0.09801,0.00270333,705.57,0
2.53184,1.70315,-0.698204,-0.117567,0.00221683,672.691,0
2.53835,1.71537,-0.696274,-0.181296,0.00227719,675.782,0
2.54487,1.66283,-0.725689,-0.227145,0.00194994,653.406,0
2.55138,1.63573,-0.703282,-0.184451,0.00177873,641.117,0
2.55787,1.62186,-0.67443,-0.204144,0.00168857,634.069,0
2.56438,1.73288,-0.688219,-0.192866,0.00234215,675.749,0
2.57085,1.78049,-0.669076,-0.119543,0.00261241,692.57,0
2.57736,1.85858,-0.662857,-0.16213,0.00306151,721.119,0
2.58383,1.8548,-0.667278,-0.240505,0.00301857,717.847,0
2.59034,1.83843,-0.628786,-0.149818,0.00289715,709.724,0
2.59685,1.77834,-0.533317,-0.113808,0.00251959,684.806,0
2.60334,1.86139,-0.524659,-0.128787,0.00299793,715.002,0
2.60979,1.91057,-0.53521,-0.0584735,0.00327075,732.078,0
2.6163,1.93909,-0.449263,-0.0374414,0.00341639,741.158,0
2.62285,1.92571,-0.468714,0.0083932,0.00331075,734.205,0
2.62934,1.93271,-0.455686,0.00941678,0.00332819,735.055,0
2.63586,1.89952,-0.498636,-0.0321477,0.00310386,720.642,0
2.64234,1.90603,-0.426346,0.0412319,0.00312187,721.343,0
2.6489,2.00426,-0.370035,0.10852,0.00368261,756.64,0
2.65546,2.00221,-0.341135,-0.0127244,0.00364061,753.999,0
2.662,1.90104,-0.352977,-0.0478858,0.00300974,714.143,0
2.66853,1.84504,-0.399145,-0.028804,0.0026546,691.406,0
2.67505,1.86099,-0.355871,-0.00446209,0.00273101,695.687,0
2.68153,1.91356,-0.297094,-0.0544444,0.00302626,713.607,0
2.68804,1.92109,-0.337776,-0.0806564,0.00304974,714.68,0
2.69456,1.87637,-0.326822,-0.0640744,0.00276117,696.354,0
2.70106,1.87405,-0.338019,-0.0572591,0.00273093,693.819,0
2.70758,1.91061,-0.322072,-0.0520145,0.00293005,705.654,0
2.71409,1.93497,-0.326492,-0.103034,0.0030556,712.933,0
2.72059,1.97056,-0.365627,-0.0337731,0.00324589,724.313,0
2.72716,2.0422,-0.478857,-0.0212295,0.00365107,748.838,0
2.73365,2.07186,-0.456107,-0.0463638,0.00379662,757.911,0
2.74016,2.00059,-0.513596,-0.0156659,0.00333864,730.099,0
2.7467,1.95714,-0.501518,-0.0102796,0.00305595,712.54,0
2.75324,1.98158,-0.49588,-0.00928311,0.00317808,719.729,0
2.75971,1.91521,-0.460984,0.0302639,0.00275868,693.989,0
2.76619,1.91601,-0.511737,-0.0339394,0.00274647,692.652,0
2.77266,1.93621,-0.552091,0.0075364,0.00284967,698.322,0
2.77916,1.96627,-0.556096,-0.020105,0.00301055,707.506,0
2.78567,1.94591,-0.646004,0.0142989,0.00286518,698.543,0
2.79218,1.98987,-0.628022,0.0514886,0.00310912,712.658,0
2.79871,1.93566,-0.711361,0.0319493,0.00276654,691.626,0
2.8052,1.94046,-0.671111,-0.0391546,0.00277652,691.736,0
2.81172,1.99,-0.736213,-0.0513647,0.00305391,707.752,0
2.81826,2.05016,-0.719716,-0.147824,0.0033909,727.454,0
2.82474,2.01432,-0.69936,-0.195485,0.00315132,713.099,0
2.83125,1.96992,-0.769843,-0.162237,0.00286414,695.777,0
2.83774,1.98737,-0.72762,-0.178195,0.00294961,700.333,0
2.84421,2.03023,-0.772399,-0.281905,0.00318377,713.811,0
2.85073,1.94997,-0.767607,-0.321058,0.00268012,684.027,0
2.8572,1.98155,-0.788842,-0.299038,0.00284911,693.529,0
2.86373,2.02087,-0.824534,-0.283064,0.00306504,705.678,0
2.8702,2.03498,-0.824433,-0.242659,0.00312641,709.003,0
2.87671,2.04819,-0.809032,-0.248066,0.00318006,711.991,0
2.88322,2.02318,-0.817991,-0.196839,0.00300655,701.71,0
2.8897,2.04846,-0.848427,-0.2126,0.00313418,708.882,0
2.89621,2.11554,-0.816466,-0.253319,0.00350907,730.451,0
2.90274,2.08005,-0.842314,-0.357741,0.00326924,716.583,0
2.90922,2.09166,-0.864773,-0.358978,0.00331602,718.976,0
2.91574,2.05149,-0.831235,-0.229051,0.00304883,703.592,0
2.92228,1.9618,-0.763259,-0.231758,0.00249246,671.326,0
2.92881,1.88437,-0.767041,-0.220663,0.00201278,643.393,0
2.93533,1.89394,-0.730266,-0.271779,0.00205927,645.223,0
2.94182,1.8573,-0.785338,-0.26155,0.00182836,631.343,0
2.94833,1.86891,-0.827792,-0.282638,0.00188774,633.888,0
2.95487,1.79162,-0.800329,-0.236294,0.00141607,606.327,0
2.96138,1.83536,-0.793572,-0.270345,0.00167064,619.766,0
2.9679,1.81466,-0.739884,-0.320464,0.00153866,611.429,0
2.97442,1.83661,-0.765095,-0.320869,0.00166105,617.468,0
2.98091,1.84563,-0.734928,-0.295721,0.00170576,619.151,0
2.98745,1.84397,-0.742844,-0.376774,0.00168796,617.24,0
2.99403,1.78208,-0.738911,-0.397351,0.00131073,595.209,0
3.00052,1.76405,-0.787723,-0.397829,0.00119641,587.913,0
3.00703,1.71664,-0.770642,-0.413836,0.00090696,570.878,0
3.01354,1.7123,-0.789777,-0.475253,0.000877699,568.201,0
3.02002,1.68362,-0.776081,-0.453321,0.000702784,557.486,0
3.02656,1.72283,-0.836773,-0.477221,0.000934241,569.238,0
3.0331,1.76753,-0.894007,-0.510724,0.00119661,582.747,0
3.03959,1.79192,-0.907749,-0.545202,0.00133745,589.527,0
3.04611,1.77893,-0.919406,-0.633532,0.00125373,584.001,0
3.05262,1.76956,-0.955659,-0.676647,0.00119197,579.686,0
3.0591,1.8092,-0.977338,-0.750911,0.00142446,591.415,0
3.0656,1.83279,-0.997581,-0.737304,0.001558,597.857,0
3.07212,1.84635,-0.942649,-0.742196,0.00163133,601,0
3.07863,1.90904,-0.929131,-0.741751,0.00199762,620.094,0
3.08512,1.85959,-0.801391,-0.694145,0.00169322,602.761,0
3.09162,1.90269,-0.821298,-0.739498,0.00194271,615.435,0
3.09814,1.92085,-0.755838,-0.699367,0.00203807,620.001,0
3.10464,1.95758,-0.819774,-0.686509,0.00224622,630.533,0
3.11111,1.91898,-0.781341,-0.705339,0.00200303,616.816,0
3.11758,1.88281,-0.781974,-0.729971,0.00177501,603.934,0
3.1241,1.88929,-0.731527,-0.784496,0.00180334,604.746,0
3.13058,1.82174,-0.734718,-0.776957,0.00138901,581.916,0
3.13714,1.83727,-0.770268,-0.859257,0.00147615,585.651,0
3.14371,1.80737,-0.789866,-0.904793,0.00129001,574.916,0
3.15023,1.83301,-0.791034,-0.931605,0.0014367,581.865,0
3.15672,1.84563,-0.768801,-0.897698,0.00150467,584.667,0
3.16322,1.85415,-0.747324,-0.92458,0.00154931,586.16,0
3.16972,1.85833,-0.752337,-0.931216,0.00156683,586.277,0
3.1762,1.87624,-0.763396,-1.00456,0.00166631,590.717,0
3.18272,1.93187,-0.757915,-0.990456,0.00199102,606.986,0
3.18922,1.93216,-0.735976,-1.01591,0.00197892,605.841,0
3.19575,1.94857,-0.762397,-1.07475,0.00206576,609.739,0
3.20227,1.90853,-0.807163,-1.08792,0.00181421,595.994,0
3.20879,1.90076,-0.766104,-1.05739,0.00175687,592.362,0
3.21527,1.89977,-0.766236,-0.989864,0.00174,590.859,0
3.22173,1.87194,-0.782755,-0.994458,0.00156422,581.038,0
3.22828,1.88969,-0.718689,-1.00413,0.00166221,585.356,0
3.23479,1.85112,-0.705823,-0.966458,0.00142318,572.254,0
3.24133,1.88705,-0.701637,-0.963488,0.00163016,582.183,0
3.24777,1.9616,-0.663401,-1.01645,0.0020684,603.984,0
3.2543,2.02719,-0.684443,-0.98721,0.00244819,622.926,0
3.26083,1.96364,-0.714573,-0.954013,0.00205431,602.191,0
3.26736,1.91261,-0.726487,-0.964178,0.00173859,585.369,0
3.27383,1.93815,-0.752298,-1.03792,0.00188197,592.011,0
3.2803,1.93524,-0.793827,-1.10233,0.00185567,589.96,0
3.28677,1.91188,-0.77971,-1.091,0.00170603,581.689,0
3.29331,1.87715,-0.787884,-1.06056,0.00148977,569.99,0
3.29981,1.88627,-0.805568,-1.08882,0.00153555,571.63,0
3.30636,1.83214,-0.714936,-1.08711,0.00120614,554.128,0
3.31283,1.82543,-0.747761,-1.10309,0.00116048,551.017,0
3.31936,1.7797,-0.73702,-1.17328,0.00088178,536.158,0
3.32583,1.76295,-0.695173,-1.19273,0.000779133,530.078,0
3.33233,1.7463,-0.689126,-1.17882,0.000677208,524.047,0
3.33887,1.74989,-0.679897,-1.21269,0.000696262,524.097,0
3.3454,1.73225,-0.706226,-1.19978,0.000588815,517.801,0
3.3519,1.7163,-0.739252,-1.20504,0.000491618,512.039,0
3.3584,1.73585,-0.705823,-1.16572,0.000607081,516.869,0
3.36489,1.73968,-0.659566,-1.12536,0.00062838,517.01,0
3.37139,1.79588,-0.61664,-1.0985,0.000962217,532.684,0
3.37787,1.79844,-0.598712,-1.1252,0.000973762,532.418,0
3.38437,1.78453,-0.655978,-1.03023,0.000886742,527.286,0
3.39086,1.76947,-0.634897,-1.01736,0.000793024,521.836,0
3.39735,1.75191,-0.559899,-1.01351,0.000685175,515.669,0
3.40387,1.74895,-0.569788,-1.02453,0.00066563,513.81,0
3.41038,1.73058,-0.544261,-1.07771,0.000553821,507.444,0
3.41688,1.71911,-0.566342,-1.05127,0.000483879,503.122,0
3.42337,1.70684,-0.607442,-1.03662,0.000409171,498.586,0
3.42983,1.71316,-0.679546,-1.01282,0.000445852,499.489,0
3.43628,1.72664,-0.737769,-0.996474,0.000525301,502.473,0
3.4428,1.73918,-0.780208,-1.0107,0.000598904,505.165,0
3.44929,1.80774,-0.761246,-1.00832,0.00100693,524.091,0
3.45579,1.87332,-0.735011,-1.01269,0.00139418,542.083,0
3.4623,1.8709,-0.690327,-0.962862,0.00137297,540.364,0
3.46886,1.81982,-0.685405,-1.06132,0.00106184,524.617,0
3.47536,1.87198,-0.72428,-1.07459,0.00136871,538.644,0
3.48185,1.87858,-0.697643,-1.03018,0.00140206,539.535,0
3.48835,1.83847,-0.696253,-1.02773,0.00115589,527.032,0
3.49482,1.85972,-0.674562,-1.08637,0.00127759,532.135,0
3.50131,1.85774,-0.711712,-1.13884,0.00126095,530.584,0
3.50786,1.92036,-0.644181,-1.18119,0.00162863,547.446,0
3.51437,2.0057,-0.661302,-1.15905,0.00212997,570.713,0
3.52089,2.02968,-0.630326,-1.1608,0.00226149,576.468,0
3.52741,1.97866,-0.674247,-1.14182,0.00194222,560.94,0
3.53391,1.98163,-0.636109,-1.14574,0.00195016,560.747,0
3.54039,2.04551,-0.56813,-1.09482,0.0023184,577.764,0
3.54689,2.04386,-0.535835,-1.0395,0.00229392,576.241,0
3.55335,2.01623,-0.513552,-0.965571,0.00211454,567.416,0
3.55987,2.03905,-0.525071,-0.952192,0.00223777,572.788,0
3.56638,2.05577,-0.51353,-0.970715,0.00232374,576.43,0
3.57293,2.07525,-0.531754,-1.00016,0.00242558,580.824,0
3.57947,2.11977,-0.51849,-1.05724,0.00267631,592.201,0
3.58599,2.16324,-0.481283,-1.04401,0.00291936,603.248,0
3.59249,2.29867,-0.563636,-1.13096,0.00370594,639.854,0
3.59902,2.30334,-0.589265,-1.18886,0.00370027,639.992,0
3.60551,2.30232,-0.691949,-1.14694,0.00366318,638.555,0
3.61199,2.26744,-0.791608,-1.09399,0.00342363,627.753,0
3.61855,2.24316,-0.78305,-1.14705,0.00325438,619.907,0
3.62504,2.2764,-0.743249,-1.07617,0.00342768,627.965,0
3.63153,2.2156,-0.663657,-1.1724,0.00303933,610.102,0
3.63806,2.25441,-0.636278,-1.21084,0.0032502,619.674,0
3.64463,2.33696,-0.604276,-1.28424,0.00371536,641.206,0
3.65118,2.3519,-0.648615,-1.19274,0.00377908,644.146,0
3.65768,2.38933,-0.64284,-1.06168,0.00397027,653.237,0
3.66418,2.37905,-0.593185,-1.15691,0.00387548,649.27,0
3.67068,2.40192,-0.61033,-1.01365,0.00398226,654.354,0
3.67719,2.42448,-0.654268,-0.930628,0.0040828,659.331,0
3.68369,2.43355,-0.668471,-0.848202,0.00410319,660.629,0
3.69016,2.54038,-0.636335,-0.7311,0.00470575,688.421,0
3.69669,2.54827,-0.63843,-0.795245,0.00470849,689.338,0
3.70321,2.54058,-0.666106,-0.778159,0.00461896,686.049,0
3.7097,2.57086,-0.559412,-0.811386,0.00475655,693.009,0
3.71618,2.59409,-0.566002,-0.865277,0.00485516,698.053,0
3.72269,2.5938,-0.583227,-0.782033,0.00481562,696.754,0
3.72918,2.58386,-0.530574,-0.793371,0.00471055,692.877,0
3.73564,2.55673,-0.539578,-0.889085,0.00450605,684.416,0
3.74215,2.51563,-0.490341,-0.841619,0.00422139,672.241,0
3.7487,2.55677,-0.514251,-0.816427,0.0044362,682.042,0
3.75521,2.50948,-0.576188,-0.796233,0.004112,668.266,0
3.76169,2.46682,-0.607533,-0.823421,0.00381593,655.774,0
3.7682,2.44461,-0.650993,-0.836308,0.00364945,648.748,0
3.77471,2.49483,-0.609473,-0.771191,0.00391918,660.933,0
3.78122,2.43881,-0.651641,-0.737687,0.00355577,644.98,0
3.78775,2.4979,-0.741817,-0.756872,0.00387663,659.467,0
3.79425,2.4357,-0.787847,-0.661275,0.00347299,641.943,0
3.80077,2.42721,-0.759605,-0.694206,0.00339549,638.611,0
3.80727,2.40357,-0.74062,-0.604238,0.00322862,631.309,0
3.81378,2.3907,-0.726725,-0.543444,0.00312738,626.859,0
3.82028,2.4583,-0.729006,-0.522012,0.00350789,643.487,0
3.82676,2.4475,-0.774671,-0.414124,0.00341595,639.574,0
3.83333,2.49029,-0.759455,-0.471422,0.00364536,649.641,0
3.83978,2.54642,-0.723494,-0.515118,0.00395106,663.168,0
3.84625,2.5678,-0.663214,-0.431053,0.00404858,667.611,0
3.85274,2.55861,-0.711445,-0.465043,0.0039655,664.101,0
3.85927,2.55393,-0.758897,-0.440072,0.0039051,661.765,0
3.86577,2.54034,-0.709923,-0.392426,0.00379088,657.138,0
3.87231,2.48612,-0.566576,-0.350632,0.00343759,642.025,0
3.87882,2.48881,-0.509363,-0.409809,0.00342964,641.642,0
3.88534,2.46521,-0.484653,-0.42902,0.00326013,634.489,0
3.89183,2.46017,-0.562496,-0.467798,0.00320619,632.137,0
3.89831,2.48113,-0.572077,-0.607264,0.00330948,636.464,0
3.90481,2.39841,-0.559472,-0.605716,0.00278917,614.219,0
3.9113,2.41725,-0.58335,-0.615041,0.00288181,618.015,0
3.91786,2.45749,-0.597165,-0.608128,0.00310476,627.255,0
3.9243,2.44036,-0.521203,-0.651343,0.00297999,621.859,0
3.93082,2.36378,-0.517995,-0.613847,0.00250097,601.346,0
3.93734,2.34138,-0.420556,-0.630779,0.00235089,594.661,0
3.94386,2.2814,-0.370976,-0.659672,0.00197915,578.468,0
3.95036,2.25331,-0.386184,-0.652127,0.00179975,570.406,0
3.95683,2.20091,-0.426143,-0.602919,0.00147676,556.229,0
3.96337,2.17793,-0.412334,-0.545693,0.00133147,549.515,0
3.96989,2.16414,-0.397896,-0.501944,0.00124349,545.138,0
3.97639,2.23248,-0.473848,-0.478094,0.00164493,561.433,0
3.9829,2.19119,-0.440925,-0.473577,0.00139116,550.15,0
3.98944,2.16745,-0.46853,-0.405377,0.00124154,543.296,0
3.99595,2.24757,-0.452734,-0.367758,0.00171412,562.463,0
4.00249,2.23448,-0.43138,-0.348411,0.00162526,558.274,0
4.009,2.20252,-0.394303,-0.334149,0.00142672,549.393,0
4.01552,2.21547,-0.357581,-0.322771,0.00149586,551.727,0
4.02205,2.25151,-0.313859,-0.394254,0.00170429,559.793,0
4.02852,2.22671,-0.291808,-0.407595,0.00154654,552.736,0
4.03501,2.25702,-0.275905,-0.402315,0.00171932,559.359,0
4.04151,2.22238,-0.205415,-0.372477,0.00150303,549.889,0
4.04798,2.23123,-0.236798,-0.379855,0.00154914,551.196,0
4.05449,2.18929,-0.22004,-0.313185,0.00129142,539.966,0
4.06101,2.17537,-0.240326,-0.271451,0.00120347,535.673,0
4.06752,2.1729,-0.212112,-0.286589,0.00118305,534.207,0
4.07402,2.12434,-0.291354,-0.327021,0.0008876,521.435,0
4.08047,2.19236,-0.28259,-0.281371,0.00129048,537.283,0
4.08692,2.18984,-0.312787,-0.283422,0.00126928,535.817,0
4.09346,2.19054,-0.289673,-0.279219,0.00126767,535.132,0
4.09991,2.24114,-0.238978,-0.378962,0.0015631,546.631,0
4.10642,2.29274,-0.271375,-0.383204,0.00186417,558.33,0
4.1129,2.3286,-0.273961,-0.36369,0.00206529,566.17,0
4.11941,2.38898,-0.228265,-0.315964,0.00241415,579.933,0
4.1259,2.40038,-0.254882,-0.296351,0.00246561,581.784,0
4.13241,2.40688,-0.311278,-0.309085,0.0024876,582.44,0
4.13893,2.40418,-0.327364,-0.347111,0.00245438,580.871,0
4.14549,2.38321,-0.327763,-0.39491,0.00231162,574.891,0
4.15201,2.43416,-0.34082,-0.418346,0.0026021,586.261,0
4.15853,2.39384,-0.359398,-0.3981,0.00234391,575.646,0
4.16505,2.36873,-0.378575,-0.354513,0.0021795,568.717,0
4.17159,2.40808,-0.412192,-0.340659,0.00240233,577.258,0
4.17813,2.46654,-0.474989,-0.29098,0.00273745,590.344,0
4.18466,2.47055,-0.485691,-0.273115,0.00274383,590.382,0
4.19117,2.53268,-0.439411,-0.277248,0.0030932,604.289,0
4.19768,2.55953,-0.45764,-0.288199,0.00323201,609.748,0
4.20417,2.56657,-0.398918,-0.19927,0.0032506,610.483,0
4.21071,2.55931,-0.407384,-0.209191,0.0031823,607.81,0
4.21722,2.58957,-0.373721,-0.21319,0.00333841,614.047,0
4.22373,2.60625,-0.280195,-0.199251,0.00341373,617.049,0
4.23022,2.54049,-0.246961,-0.175425,0.00299746,600.556,0
4.23675,2.57318,-0.331719,-0.150755,0.00317255,607.348,0
4.24326,2.58131,-0.352159,-0.245198,0.00320037,608.33,0
4.2498,2.56855,-0.406222,-0.293896,0.00310508,604.394,0
4.2563,2.57052,-0.387409,-0.249921,0.00309356,603.932,0
4.26279,2.59447,-0.31823,-0.16348,0.00321329,608.633,0
4.26929,2.54646,-0.252331,-0.135078,0.00290478,596.458,0
4.27579,2.60072,-0.29703,-0.139507,0.00321024,608.243,0
4.28231,2.62429,-0.202677,-0.134146,0.00332566,612.821,0
4.28881,2.6366,-0.13446,-0.160169,0.00337279,614.763,0
4.29527,2.62041,-0.110041,-0.158477,0.00325264,610.069,0
4.30177,2.65428,0.0189564,-0.139142,0.003432,617.019,0
4.30826,2.68217,0.118281,-0.151112,0.00357455,622.565,0
4.31477,2.78572,0.20988,-0.116486,0.00416298,645.625,0
4.3213,2.81621,0.12595,-0.0657994,0.00430987,651.703,0
4.32777,2.87519,0.173845,-0.0490451,0.00462568,664.359,0
4.33424,2.88863,0.197463,0.00980607,0.00466166,666.468,0
4.34078,2.92109,0.27104,0.0362657,0.00480777,672.942,0
4.34726,2.9769,0.349356,0.063854,0.00509449,684.775,0
4.35377,2.98573,0.37951,0.0356908,0.00510501,685.782,0
4.36027,2.96259,0.32618,0.0767791,0.00491989,679.452,0
4.36679,3.05851,0.316434,0.068162,0.0054499,700.402,0
4.3733,3.04038,0.369397,0.027618,0.00528496,695.215,0
4.37981,2.97339,0.380115,-0.0556956,0.00484367,678.886,0
4.38626,2.93885,0.379652,-0.0732929,0.00459385,670.012,0
4.39278,2.88898,0.370764,0.0319205,0.00425462,657.664,0
4.3993,2.871,0.391114,0.10403,0.0041114,652.604,0
4.40585,2.92838,0.390879,0.117733,0.0044204,664.658,0
4.41234,2.94916,0.423583,0.113236,0.00450905,668.388,0
4.41885,2.96043,0.45675,0.201699,0.00453483,669.953,0
4.42536,2.9447,0.482244,0.244335,0.0044026,665.415,0
4.43193,3.01503,0.502778,0.312812,0.00478341,680.297,0
4.43843,3.01325,0.376784,0.3813,0.00473498,678.9,0
4.44495,3.04963,0.375413,0.432387,0.00491317,686.088,0
4.45149,3.06402,0.344558,0.479102,0.00495469,688.314,0
4.458,2.98315,0.330541,0.457326,0.00442657,669.169,0
4.46453,3.09711,0.398814,0.518563,0.00506792,693.715,0
4.47107,3.11851,0.496539,0.517588,0.00515044,697.487,0
4.47757,3.08473,0.441882,0.581637,0.00489836,688.93,0
4.48409,3.1132,0.549535,0.609098,0.00501994,694.276,0
4.49057,3.0621,0.618832,0.666889,0.00467461,681.896,0
4.49708,3.18199,0.570328,0.603964,0.00535173,707.569,0
4.5036,3.23402,0.516353,0.635774,0.00561156,718.097,0
4.51007,3.32474,0.438304,0.664598,0.00609467,737.182,0
4.51656,3.39581,0.365174,0.71348,0.00644995,751.858,0
4.52304,3.34054,0.274192,0.686501,0.00606052,738.561,0
4.52955,3.33972,0.28543,0.627601,0.00599083,737.319,0
4.53605,3.36827,0.278762,0.644451,0.00609756,742.556,0
4.54254,3.48953,0.297111,0.756657,0.00676214,768.189,0
4.54909,3.50481,0.290883,0.828882,0.00677569,770.441,0
4.55557,3.50152,0.270735,0.843377,0.00668057,768.623,0
4.56209,3.51594,0.237586,0.904739,0.0066937,770.685,0
4.5686,3.48827,0.128024,0.816894,0.0064623,763.532,0
4.57511,3.4742,0.117676,0.82859,0.00630792,759.37,0
4.5816,3.40361,0.0106913,0.77701,0.00582238,742.887,0
4.58809,3.37305,-0.0156487,0.741414,0.00558393,735.175,0
4.59461,3.31229,-0.00978361,0.692145,0.00516868,720.908,0
4.60115,3.29561,-0.0438,0.669772,0.00501913,716.259,0
4.60764,3.32238,0.00881266,0.674729,0.00513214,721.06,0
4.61411,3.29244,-0.0921845,0.705018,0.00490865,713.559,0
4.62062,3.22212,-0.100014,0.758716,0.00444668,697.335,0
4.62711,3.25512,-0.068589,0.777465,0.00461011,703.489,0
4.63362,3.20887,-0.0293532,0.816464,0.00429185,692.518,0
4.64013,3.3013,-0.0700439,0.804048,0.00480477,711.467,0
4.64659,3.36129,-0.177806,0.884285,0.00512204,723.39,0
4.65311,3.33226,-0.205047,0.892508,0.00490281,716.137,0
4.65965,3.21896,-0.209556,0.942142,0.00418686,690.816,0
4.66616,3.30311,-0.229739,0.950526,0.0046546,707.887,0
4.67268,3.2699,-0.257856,0.90315,0.00441959,699.792,0
4.67919,3.38119,-0.267987,0.863837,0.00504392,722.602,0
4.68567,3.37252,-0.296838,0.80624,0.0049407,719.751,0
4.69219,3.35644,-0.353771,0.859311,0.00479721,715.324,0
4.6987,3.40193,-0.376217,0.862727,0.00502655,724.015,0
4.70523,3.43268,-0.314981,0.930637,0.00515757,729.546,0
4.71176,3.39638,-0.405013,0.867062,0.0048901,720.831,0
4.71824,3.42584,-0.382237,0.843523,0.00502765,726.085,0
4.72476,3.40023,-0.365286,0.821769,0.00482509,719.663,0
4.73121,3.27198,-0.445832,0.947307,0.00401922,691.574,0
4.73771,3.36048,-0.372217,0.952139,0.00451208,709.305,0
4.74426,3.30444,-0.38639,1.00256,0.00413706,696.514,0
4.75079,3.32014,-0.350247,1.03487,0.00419886,698.861,0
4.75732,3.36868,-0.337426,1.01235,0.00445076,708.104,0
4.76381,3.41524,-0.321753,0.974644,0.00469251,716.914,0
4.7703,3.42039,-0.281729,0.973603,0.00468218,717.018,0
4.77684,3.33827,-0.215738,0.919282,0.00415409,698.846,0
4.7833,3.311,-0.267434,0.886122,0.00395739,692.2,0
4.78984,3.25649,-0.244004,0.848751,0.00360172,679.874,0
4.79638,3.2485,-0.171226,0.846616,0.00352627,677.281,0
4.80291,3.25697,0.00714835,0.95174,0.00355127,678.124,0
4.80942,3.27076,0.00941065,1.03503,0.00360463,680.074,0
4.81593,3.22693,-0.00559708,1.05679,0.00331561,670.053,0
4.82246,3.22514,0.0381815,1.09573,0.00327884,668.775,0
4.82896,3.23085,0.0870084,1.0693,0.00329122,669.057,0
4.83548,3.20886,0.095132,1.13651,0.00313647,663.608,0
4.84192,3.15723,0.0339369,1.10507,0.0028056,652.062,0
4.84841,3.1027,0.0541554,1.08372,0.00246128,639.942,0
4.85493,3.09055,0.120684,1.06701,0.00237483,636.58,0
4.86151,3.21716,0.0887972,1.06975,0.00311385,661.762,0
4.86798,3.2671,0.151471,1.02581,0.00338977,671.141,0
4.87452,3.24495,0.123692,1.0415,0.00323168,665.697,0
4.88104,3.31694,0.0536803,0.985278,0.00363907,679.555,0
4.88753,3.28604,0.0780868,1.04953,0.00342774,672.331,0
4.89403,3.33769,0.0591437,1.03945,0.00371011,681.992,0
4.90051,3.40992,0.0423277,1.01449,0.00410965,695.83,0
4.90701,3.38805,-0.0197716,0.998151,0.00394927,690.45,0
4.91351,3.2995,-0.110013,0.918994,0.00338902,671.517,0
4.92002,3.20326,-0.0668095,0.857181,0.00279256,651.065,0
4.92651,3.1455,-0.0520428,0.947243,0.00242751,638.484,0
4.93301,3.19504,-0.0190538,0.977535,0.00270795,647.686,0
4.93948,3.2534,0.0186394,0.980705,0.00303752,658.653,0
4.94604,3.26913,-0.0612146,1.03098,0.00311047,660.958,0
4.95253,3.37851,-0.0873384,0.989109,0.00373908,682.178,0
4.95902,3.23329,-0.145928,0.968401,0.00284587,652.001,0
4.96551,3.25497,-0.163038,0.958976,0.00295578,655.515,0
4.972,3.23723,-0.0900258,0.985655,0.00282962,651.093,0
4.97848,3.19221,-0.132081,0.954852,0.00254198,641.201,0
4.98501,3.21195,-0.152339,0.997121,0.00264453,644.322,0
4.99151,3.20609,-0.214798,0.979433,0.00258998,642.31,0
4.99796,3.12063,-0.223661,0.934407,0.00206233,624.379,0
5.00447,3.16171,-0.267883,0.988291,0.00229623,631.777,0
5.011,3.24291,-0.254427,0.986669,0.00276775,647.16,0
5.01754,3.19912,-0.257945,0.966543,0.00248785,637.588,0
5.02405,3.15131,-0.273241,1.01399,0.00218726,627.245,0
5.03053,3.15214,-0.347426,1.08329,0.00217972,626.602,0
5.03699,3.12719,-0.367524,1.06898,0.00201688,620.844,0
5.0435,3.18729,-0.312276,1.10224,0.00236377,631.96,0
5.04995,3.21449,-0.291099,1.08565,0.00250942,636.539,0
5.05645,3.16782,-0.299219,1.03652,0.00221527,626.492,0
5.06297,3.13873,-0.259821,0.973703,0.00202686,619.939,0
5.06946,3.13412,-0.281143,0.940305,0.00198794,618.235,0
5.07595,3.19671,-0.295329,0.913879,0.00235029,629.775,0
5.08247,3.27953,-0.330941,0.850374,0.00283062,645.264,0
5.08897,3.32916,-0.312008,0.889518,0.00310413,654.191,0
5.09546,3.30479,-0.363693,0.883719,0.00293914,648.575,0
5.10199,3.37464,-0.365196,0.941663,0.00333317,661.436,0
5.10848,3.41308,-0.28906,0.921655,0.00353868,668.12,0
5.11496,3.38676,-0.266787,0.918077,0.00335552,662.129,0
5.12145,3.39708,-0.302274,0.945622,0.00339076,663.305,0
5.12795,3.41275,-0.266881,0.857354,0.00345744,665.52,0
5.13443,3.36132,-0.345209,0.870434,0.00312129,654.663,0
5.14092,3.34478,-0.312488,0.877691,0.00299811,650.618,0
5.14743,3.43315,-0.403599,0.827723,0.00350252,666.964,0
5.15396,3.41867,-0.450221,0.77107,0.00339453,663.31,0
5.16043,3.39904,-0.406257,0.807278,0.00325122,658.673,0
5.16694,3.394,-0.334303,0.800558,0.00319593,656.867,0
5.17345,3.37216,-0.260571,0.850189,0.00304119,651.821,0
5.17994,3.34041,-0.212392,0.834089,0.00283118,644.875,0
5.18646,3.39258,-0.150383,0.969156,0.00312009,654.122,0
5.19296,3.35907,-0.171003,0.975937,0.00289742,646.851,0
5.19949,3.39128,-0.206123,1.03109,0.00306819,652.234,0
5.20595,3.34846,-0.199781,1.07954,0.00279383,643.199,0
5.21245,3.31456,-0.140713,1.08925,0.00257241,635.892,0
5.21895,3.2733,-0.1684,1.13211,0.00230967,627.195,0
5.22544,3.2136,-0.153628,1.09595,0.00193831,614.991,0
5.23193,3.26039,-0.118333,1.05211,0.00220813,623.172,0
5.23845,3.22641,-0.0785677,1.05049,0.00199151,615.91,0
5.24496,3.22963,-0.0896801,1.02187,0.00199891,615.759,0
5.25149,3.2768,-0.0148761,1.07593,0.00226823,623.976,0
5.25804,3.36872,-0.00761476,1.13611,0.0028026,640.679,0
5.26458,3.3871,-0.0295585,1.05799,0.00289154,643.375,0
5.27111,3.36658,-0.0755001,1.01399,0.00275186,638.684,0
5.27762,3.40899,-0.0123048,1.00605,0.00298671,645.933,0
5.28413,3.40212,-0.0352968,0.964844,0.00292574,643.837,0
5.29064,3.40127,0.0851624,1.02842,0.00289882,642.884,0
5.29711,3.37035,0.113817,1.06785,0.00269223,636.261,0
5.30363,3.31085,0.0900101,1.11038,0.00231875,624.262,0
5.31014,3.31466,0.0485338,1.18368,0.00232528,624.214,0
5.31665,3.24579,0.0734327,1.19814,0.00189782,610.495,0
5.32316,3.23082,0.102105,1.15128,0.00179775,606.937,0
5.32968,3.27846,0.130623,1.21039,0.00207228,615.133,0
5.3362,3.31123,0.144038,1.28163,0.00225467,620.522,0
5.34268,3.36714,0.0701351,1.32389,0.00257464,630.235,0
5.34917,3.36191,0.0578161,1.39499,0.0025254,628.491,0
5.35569,3.42562,0.167727,1.4325,0.00288837,639.621,0
5.36219,3.38274,0.190462,1.47272,0.00261164,630.851,0
5.36868,3.38851,0.259389,1.48262,0.00262985,631.164,0
5.37519,3.3984,0.209274,1.44704,0.00267241,632.238,0
5.38168,3.37021,0.191039,1.47834,0.00248496,626.238,0
5.38817,3.3403,0.170814,1.49206,0.00229185,619.933,0
5.3947,3.40507,0.161916,1.55807,0.00266337,631.189,0
5.40124,3.43985,0.085406,1.51362,0.00285136,636.863,0
5.40777,3.42519,0.0815857,1.53937,0.00274469,633.384,0
5.41427,3.42917,0.109251,1.56126,0.00275047,633.358,0
5.42078,3.46112,0.12386,1.50059,0.00292153,638.49,0
5.42727,3.41318,0.225997,1.46136,0.00261627,628.894,0
5.43379,3.45047,0.214305,1.5629,0.00282092,635.002,0
5.4403,3.42098,0.22466,1.58839,0.00262632,628.821,0
5.44678,3.46218,0.266731,1.55998,0.00285487,635.638,0
5.45327,3.45571,0.223076,1.62861,0.00279477,633.695,0
5.45978,3.45555,0.29871,1.58956,0.00277693,632.91,0
5.46629,3.45519,0.225289,1.60355,0.00275503,632.09,0
5.47283,3.45271,0.158313,1.49858,0.0027229,630.881,0
5.4793,3.48601,0.171724,1.54196,0.00290548,636.215,0
5.48579,3.42834,0.24742,1.58573,0.00254532,624.95,0
5.49234,3.36798,0.302076,1.62272,0.00216702,613.214,0
5.49886,3.31865,0.334671,1.65303,0.00186069,603.515,0
5.50535,3.30652,0.337285,1.61265,0.0017773,600.601,0
5.51185,3.27198,0.316062,1.61927,0.00156132,593.625,0
5.51841,3.26959,0.417962,1.65294,0.00153951,592.487,0
5.52495,3.26032,0.447282,1.6009,0.00147735,590.108,0
5.53145,3.26193,0.46671,1.60506,0.00147934,589.706,0
5.53792,3.2516,0.452321,1.6148,0.00140977,587.152,0
5.54441,3.1845,0.406127,1.58432,0.00100222,574.362,0
5.5509,3.20005,0.426926,1.59362,0.00109147,576.491,0
5.55742,3.16113,0.447917,1.6264,0.00085524,568.813,0
5.56391,3.15685,0.401792,1.6802,0.000825808,567.38,0
5.57042,3.14415,0.396497,1.65349,0.000747093,564.437,0
5.5769,3.13168,0.382644,1.60743,0.000669552,561.546,0
5.58337,3.13937,0.360989,1.62032,0.000713035,562.271,0
5.58984,3.12456,0.383198,1.62482,0.000622263,558.97,0
5.59635,3.08527,0.347118,1.66096,0.000385429,551.3,0
5.60291,3.07458,0.339269,1.66518,0.000320539,548.747,0
5.60939,3.05522,0.35582,1.62994,0.000204065,544.662,0
5.61593,3.0383,0.339533,1.64511,0.000102494,541.015,0
5.62242,3.05655,0.327051,1.61635,0.000211622,543.637,0
5.62896,3.10682,0.336954,1.59177,0.000511906,551.935,0
5.63545,3.09258,0.375186,1.59148,0.000424912,548.773,0
5.64195,3.088,0.342248,1.61695,0.000396587,547.327,0
5.64851,3.09482,0.330368,1.63895,0.000436403,547.9,0
5.65506,3.15768,0.319723,1.65247,0.000811576,558.382,0
5.66158,3.15781,0.391802,1.64703,0.000809068,557.761,0
5.66809,3.21308,0.396738,1.71461,0.00113664,566.873,0
5.6746,3.2418,0.41636,1.70848,0.00130333,571.283,0
5.68111,3.23185,0.469502,1.69736,0.00123888,568.877,0
5.68761,3.33318,0.454411,1.73003,0.00183895,586.042,0
5.69411,3.3091,0.37648,1.6391,0.00168432,581.145,0
5.70064,3.29898,0.326568,1.60108,0.00161352,578.704,0
5.70713,3.28644,0.30085,1.53062,0.00153065,575.847,0
5.71366,3.33013,0.263789,1.54699,0.00178345,582.837,0
5.72019,3.33011,0.236376,1.58816,0.00177385,582.167,0
5.72668,3.38366,0.288962,1.51819,0.00208183,590.858,0
5.7332,3.34646,0.21949,1.52069,0.00184784,583.699,0
5.73971,3.38132,0.192195,1.49218,0.00204337,589.11,0
5.74619,3.37313,0.176695,1.5531,0.0019804,587.019,0
5.75269,3.41719,0.159224,1.4667,0.00223214,594.016,0
5.75918,3.39523,0.248591,1.46016,0.00208785,589.534,0
5.76565,3.38545,0.284794,1.51067,0.00201693,587.175,0
5.77217,3.39399,0.335289,1.56794,0.00205673,587.992,0
5.77868,3.41678,0.391412,1.53173,0.00218116,591.273,0
5.7852,3.39535,0.398664,1.48295,0.00204129,586.902,0
5.79172,3.38393,0.358978,1.51005,0.00196041,584.27,0
5.79825,3.39811,0.431378,1.51429,0.0020323,586.059,0
5.80473,3.44001,0.409243,1.53403,0.00227181,592.623,0
5.81122,3.38847,0.381169,1.57289,0.00195083,583.092,0
5.81771,3.35685,0.424669,1.54737,0.00175,577.005,0
5.82423,3.29807,0.42855,1.50568,0.00139029,566.267,0
5.83069,3.31259,0.388657,1.41682,0.00146997,568.129,0
5.83723,3.32264,0.393899,1.40233,0.00152283,569.214,0
5.84371,3.30314,0.382033,1.42897,0.00139925,565.247,0
5.85024,3.2881,0.339498,1.45504,0.00130296,562.045,0
5.85675,3.27365,0.379559,1.43687,0.00121056,558.953,0
5.86329,3.27838,0.363464,1.42953,0.00123261,559.137,0
5.86979,3.29669,0.375454,1.39107,0.00133517,561.637,0
5.87631,3.29205,0.328287,1.39942,0.00130005,560.224,0
5.88283,3.31106,0.3516,1.45703,0.00140795,562.834,0
5.88932,3.29854,0.362161,1.50635,0.00132648,560.089,0
5.8958,3.33085,0.446013,1.51986,0.00151305,564.952,0
5.90239,3.27772,0.439538,1.5303,0.00118912,555.32,0
5.90886,3.2531,0.463038,1.58022,0.00103729,550.546,0
5.91537,3.21248,0.4206,1.63372,0.00079033,543.072,0
5.92189,3.24554,0.470211,1.63033,0.000984391,548.059,0
5.92837,3.30062,0.478243,1.62767,0.00130839,556.75,0
5.93487,3.31984,0.55554,1.65307,0.00141703,559.379,0
5.9414,3.28735,0.504005,1.61252,0.00121646,553.297,0
5.94786,3.28275,0.520503,1.51809,0.00118314,551.92,0
5.95439,3.29673,0.587711,1.42345,0.00126161,553.663,0
5.96091,3.30136,0.571927,1.44372,0.00128389,553.836,0
5.96737,3.33837,0.633081,1.42749,0.0014987,559.437,0
5.9739,3.34693,0.66834,1.42711,0.00154092,560.259,0
5.9804,3.35178,0.690967,1.40554,0.00156223,560.461,0
5.98695,3.36908,0.733415,1.42221,0.00165659,562.737,0
5.99345,3.35775,0.714612,1.3828,0.00158173,560.237,0
5.99997,3.40355,0.708863,1.38487,0.001848,567.261,0
6.00648,3.4484,0.699126,1.36523,0.00210179,574.112,0
6.01299,3.44472,0.641422,1.42201,0.00206805,572.881,0
6.01952,3.36936,0.68019,1.43265,0.00160594,559.739,0
6.02602,3.40255,0.718013,1.40704,0.00179689,564.643,0
6.03254,3.48316,0.712451,1.44443,0.00226729,577.396,0
6.03899,3.52014,0.730016,1.4931,0.00247749,582.902,0
6.04555,3.55899,0.648778,1.55234,0.0026934,588.697,0
6.05204,3.55311,0.620286,1.52499,0.0026408,587.093,0
6.05852,3.56221,0.54075,1.53262,0.00267689,587.967,0
6.06502,3.54535,0.551218,1.51258,0.0025586,584.557,0
6.07151,3.49374,0.525832,1.48929,0.00223483,575.432,0
6.07803,3.41922,0.550591,1.53277,0.00177712,562.555,0
6.08449,3.41909,0.602091,1.55091,0.0017673,561.935,0
6.09103,3.40622,0.59373,1.60935,0.00168142,559.219,0
6.09758,3.40953,0.60466,1.57382,0.00169176,559.161,0
6.1041,3.41611,0.588145,1.55558,0.00172025,559.643,0
6.11058,3.41642,0.575394,1.59724,0.00171375,559.099,0
6.11708,3.40379,0.619346,1.63712,0.00162843,556.44,0
6.12358,3.34273,0.59806,1.6234,0.00125425,545.879,0
6.13011,3.3775,0.600076,1.59651,0.00145685,550.97,0
6.13658,3.40358,0.660276,1.60118,0.00160463,554.637,0
6.14308,3.38017,0.662784,1.62297,0.00145517,550.24,0
6.14959,3.33142,0.667088,1.63135,0.00115635,541.73,0
6.15614,3.28759,0.700863,1.62397,0.000889585,534.035,0
6.16264,3.25916,0.690441,1.5839,0.000716024,528.858,0
6.1692,3.26308,0.684619,1.56402,0.000737173,528.931,0
6.1757,3.324,0.70968,1.58636,0.00109784,538.239,0
6.18225,3.37204,0.709119,1.60074,0.00138002,545.438,0
6.18878,3.4189,0.727919,1.50592,0.00165338,552.435,0
6.19528,3.46411,0.778521,1.50072,0.00191592,559.153,0
6.2018,3.56004,0.798147,1.48494,0.00247952,574.033,0
6.20836,3.58318,0.819013,1.60959,0.00259959,577.153,0
6.21491,3.60919,0.866284,1.54282,0.00273519,580.731,0
6.22139,3.57366,0.952752,1.55656,0.00250452,574.415,0
6.22785,3.59249,0.959652,1.52003,0.00259948,576.843,0
6.23439,3.55931,0.930907,1.48936,0.0023855,570.915,0
6.24092,3.52827,0.940062,1.45852,0.00218528,565.344,0
6.24742,3.50253,0.867831,1.4627,0.00201926,560.637,0
6.25396,3.4735,0.916999,1.48811,0.00183619,555.408,0
6.26042,3.52498,0.891947,1.51578,0.00213456,563.058,0
6.26691,3.53149,0.949522,1.52275,0.00215815,563.514,0
6.27343,3.49495,0.977736,1.57214,0.00192735,557.103,0
6.27995,3.49178,1.00817,1.55086,0.00189734,556.021,0
6.28644,3.51865,0.982877,1.47793,0.00204804,559.72,0
6.29296,3.50318,1.02904,1.41459,0.00194304,556.683,0
6.29945,3.60895,1.05514,1.38943,0.00256255,572.899,0
6.30593,3.57547,1.02103,1.35598,0.00234419,567.001,0
6.31244,3.60163,0.94444,1.34251,0.00248451,570.561,0
6.31901,3.66631,0.89249,1.37402,0.00285426,580.203,0
6.32551,3.67936,0.926072,1.34069,0.00291301,581.67,0
6.33203,3.71974,0.986295,1.32213,0.00313481,587.448,0
6.33852,3.73431,0.96484,1.30445,0.00319849,589.145,0
6.34501,3.79732,0.905065,1.24867,0.00355416,598.473,0
6.35152,3.76063,0.807396,1.24312,0.00330886,592.084,0
6.35807,3.75088,0.754923,1.13166,0.00322363,589.94,0
6.36458,3.73952,0.627367,1.13859,0.00313408,587.552,0
6.37108,3.78339,0.62036,1.12113,0.00337523,593.838,0
6.37755,3.76461,0.641424,1.14905,0.00323651,590.291,0
6.38406,3.7298,0.588597,1.18744,0.00300568,584.237,0
6.39056,3.65851,0.633503,1.1871,0.00256193,572.486,0
6.39708,3.67581,0.575863,1.21294,0.00265125,574.609,0
6.40362,3.6922,0.643634,1.18729,0.00272999,576.58,0
6.4101,3.66441,0.623422,1.20091,0.00254767,571.662,0
6.4166,3.61042,0.601197,1.16587,0.00221079,562.669,0
6.42316,3.54939,0.629259,1.12285,0.001835,552.593,0
6.4297,3.57029,0.653232,1.07444,0.0019475,555.281,0
6.43616,3.55417,0.673267,1.09714,0.00184097,552.218,0
6.44273,3.47949,0.655916,1.1031,0.00138523,540.064,0
6.44925,3.52931,0.723695,1.08081,0.00167506,547.243,0
6.45577,3.49798,0.693565,1.04001,0.00147975,541.839,0
6.46225,3.46034,0.714002,1.02017,0.00124654,535.469,0
6.46876,3.46003,0.815175,1.03918,0.00123879,534.883,0
6.47528,3.43634,0.817831,1.0178,0.00109192,530.687,0
6.48178,3.43328,0.868793,0.977233,0.00106859,529.682,0
6.48823,3.43944,0.90254,0.990541,0.00110079,530.104,0
6.49477,3.44681,0.912302,0.981208,0.00114011,530.705,0
6.50126,3.49938,0.903579,0.995046,0.00144897,538.262,0
6.50777,3.48866,0.939178,1.03512,0.00137898,536.076,0
6.51425,3.50943,0.915162,1.06754,0.00149787,538.731,0
6.52078,3.48815,0.908111,1.0593,0.00136373,534.929,0
6.52729,3.48616,0.936637,1.08123,0.00134552,534.09,0
6.53377,3.44594,0.986017,1.07705,0.00109747,527.404,0
6.54027,3.43725,0.975687,1.07039,0.00104137,525.551,0
6.54679,3.41412,0.969339,1.10016,0.000899211,521.495,0
6.5533,3.38221,0.89562,1.13275,0.000705036,516.108,0
6.55982,3.4114,0.873953,1.0972,0.000877579,520.046,0
6.56634,3.36824,0.882204,1.10646,0.00061643,512.956,0
6.57284,3.33892,0.911418,1.12415,0.000438895,507.988,0
6.57932,3.29587,0.890398,1.08176,0.000180291,500.944,0
6.58586,3.27206,0.901178,1.08552,3.74743e-05,496.831,0
6.59237,3.27901,0.887631,1.07376,7.90966e-05,497.394,0
6.59888,3.32635,0.869519,1.06072,0.000362441,504.078,0
6.60538,3.34495,0.842192,1.04102,0.000472764,506.398,0
6.61188,3.31338,0.856081,1.0288,0.000282601,501.124,0
6.6184,3.31965,0.822207,1.00011,0.000319572,501.579,0
6.62489,3.29524,0.813179,1.01429,0.000172604,497.402,0
6.63141,3.33531,0.824617,1.00068,0.000412216,502.957,0
6.63792,3.32733,0.822686,1.02013,0.000363489,501.261,0
6.64444,3.32291,0.805113,1.02031,0.000336319,500.104,0
6.65097,3.38693,0.794662,1.04678,0.000718462,509.238,0
6.6575,3.41913,0.861086,1.01984,0.000908878,513.575,0
6.66399,3.42172,0.966861,0.979704,0.000921543,513.464,0
6.67047,3.45681,0.913833,1.0142,0.00112792,518.226,0
6.67702,3.47693,0.85341,1.04935,0.00124246,520.731,0
6.68355,3.40282,0.845836,1.05708,0.000794204,509.133,0
6.69006,3.43244,0.893387,1.03116,0.00096788,513.066,0
6.69653,3.47549,0.949517,1.06309,0.00122035,518.999,0
6.70309,3.4719,0.877334,1.08091,0.00119288,517.955,0
6.70961,3.60784,0.883977,1.08996,0.00199829,537.712,0
6.71614,3.68241,0.876982,1.0791,0.00243181,548.293,0
6.72264,3.69671,0.883864,1.03419,0.00250192,549.891,0
6.72914,3.71784,0.916845,1.05915,0.00261075,552.498,0
6.73567,3.63786,0.894543,1.00867,0.00211673,540.089,0
6.74214,3.59495,0.842714,0.991681,0.00185032,533.206,0
6.74869,3.64836,0.84438,0.957184,0.00215815,540.603,0
6.75517,3.65869,0.854286,0.905754,0.00220804,541.613,0
6.76169,3.62392,0.881983,0.821025,0.00198672,535.95,0
6.76816,3.64198,0.932418,0.821528,0.00208279,538.105,0
6.77464,3.57004,1.02413,0.834479,0.00164118,526.971,0
6.78114,3.57435,0.982586,0.916005,0.00165807,527.101,0
6.78766,3.64693,0.950633,0.862967,0.00208149,537.288,0
6.79416,3.68743,0.916407,0.786129,0.00231016,542.735,0
6.80072,3.64129,0.891571,0.750266,0.00201982,535.427,0
6.80726,3.70617,0.878802,0.687336,0.00239575,544.444,0
6.81382,3.76296,0.996033,0.655781,0.00271799,552.254,0
6.8203,3.84232,0.993562,0.572969,0.00317288,563.365,0
6.8268,3.82918,0.992874,0.586405,0.00307428,560.904,0
6.83332,3.88349,0.962101,0.53896,0.00337695,568.317,0
6.83986,3.90585,0.945297,0.471016,0.003482,571.042,0
6.84638,3.91419,0.993082,0.443762,0.00350579,571.717,0
6.85286,3.90596,0.971995,0.352057,0.00343385,569.976,0
6.85934,3.90369,1.00227,0.395847,0.00339382,569.106,0
6.86584,3.84063,1.00731,0.486401,0.00299671,559.382,0
6.87233,3.83641,1.07022,0.512517,0.0029486,558.24,0
6.87888,3.8089,1.10559,0.530801,0.00276253,553.709,0
6.88536,3.7883,1.0364,0.521058,0.00262101,550.197,0
6.89185,3.76514,1.07883,0.529474,0.00246609,546.318,0
6.89831,3.76932,1.04841,0.551728,0.00247426,546.412,0
6.90483,3.78613,1.05171,0.61119,0.00255887,548.331,0
6.91134,3.84156,1.01005,0.616014,0.00287061,555.835,0
6.91785,3.87202,1.10741,0.567434,0.00303257,559.714,0
6.92435,3.86322,1.13002,0.562273,0.00295803,557.918,0
6.93082,3.88874,1.15187,0.545765,0.00308828,561.08,0
6.93729,3.90592,1.15526,0.563365,0.00316834,563.032,0
6.9438,3.93239,1.20513,0.560765,0.00330218,566.316,0
6.95029,3.98858,1.12818,0.570416,0.00360885,573.873,0
6.95682,4.05397,1.09469,0.525831,0.00397131,582.733,0
6.96336,4.13987,1.09432,0.493103,0.00445006,594.522,0
6.96991,4.14968,1.15766,0.48769,0.00447106,595.371,0
6.97641,4.17346,1.15797,0.52048,0.00457585,598.225,0
6.98295,4.2021,1.24583,0.455156,0.00470591,601.765,0
6.98947,4.2178,1.2686,0.451693,0.00475702,603.451,0
6.99597,4.23108,1.3103,0.407396,0.00479163,604.789,0
7.00246,4.25721,1.34102,0.385484,0.00489996,607.958,0
7.009,4.27917,1.34132,0.346346,0.00498993,610.524,0
7.01551,4.29435,1.36799,0.263137,0.00503884,612.122,0
7.02201,4.28995,1.41887,0.289238,0.00495938,610.929,0
7.02847,4.29008,1.35888,0.30572,0.00491205,610.386,0
7.035,4.3621,1.42211,0.288115,0.00529329,620.058,0
7.0415,4.34755,1.41795,0.263381,0.00515241,617.419,0
7.04801,4.40811,1.40121,0.243364,0.00546396,625.44,0
7.05454,4.46455,1.38681,0.210784,0.00574974,632.862,0
7.06104,4.39365,1.44269,0.219956,0.00526886,622.237,0
7.06751,4.36811,1.37882,0.195683,0.00507302,618.055,0
7.07404,4.41335,1.34006,0.171294,0.0052986,623.879,0
7.08054,4.38457,1.37397,0.0830981,0.0050787,619.242,0
7.08704,4.32535,1.42467,0.12993,0.00468137,610.318,0
7.09355,4.38354,1.45646,0.192121,0.00499216,617.961,0
7.10003,4.32884,1.52171,0.128674,0.00461957,609.694,0
7.10656,4.30924,1.4649,0.173109,0.00446602,606.375,0
7.11309,4.30454,1.51656,0.189765,0.00440289,605.157,0
7.11959,4.37399,1.60685,0.187327,0.00478089,614.359,0
7.12612,4.48644,1.53202,0.255616,0.00540792,629.576,0
7.13262,4.5033,1.48137,0.262318,0.00545689,631.367,0
7.1391,4.50503,1.51202,0.364873,0.00542313,631.036,0
7.1456,4.46819,1.48835,0.375039,0.00515049,625.307,0
7.1521,4.41245,1.51327,0.363282,0.00476854,616.945,0
7.15858,4.37739,1.40821,0.44849,0.00451768,611.488,0
7.16508,4.37351,1.35763,0.45608,0.0044599,610.392,0
7.17159,4.34409,1.41881,0.435746,0.00424381,605.736,0
7.17808,4.38814,1.42626,0.486109,0.00447275,611.325,0
7.18458,4.44048,1.39532,0.529118,0.00474405,618.057,0
7.19107,4.39189,1.41861,0.532596,0.00441308,610.742,0
7.19763,4.36188,1.46648,0.531161,0.00419497,606.016,0
7.20414,4.41918,1.39408,0.594592,0.0045018,613.423,0
7.21063,4.38973,1.44903,0.587134,0.00429127,608.787,0
7.21712,4.36957,1.44013,0.664799,0.00413572,605.445,0
7.22364,4.46574,1.53606,0.619125,0.00467452,618.211,0
7.23006,4.38315,1.55114,0.679523,0.00413801,606.24,0
7.23655,4.37575,1.53051,0.705854,0.00406143,604.673,0
7.24303,4.40962,1.55396,0.67689,0.00423197,608.809,0
7.24956,4.34451,1.40685,0.554317,0.00380645,599.28,0
7.25602,4.31094,1.39681,0.565333,0.00357575,594.119,0
7.26252,4.29407,1.38086,0.65787,0.00344855,591.264,0
7.26901,4.33236,1.39902,0.849157,0.00364878,596.004,0
7.27552,4.31166,1.42701,0.893366,0.00349287,592.627,0
7.28205,4.2352,1.38232,0.904226,0.00301018,581.594,0
7.28861,4.25104,1.3629,0.960379,0.0030828,583.244,0
7.2951,4.37204,1.34353,0.951658,0.00378491,599.312,0
7.30164,4.38745,1.33266,0.970119,0.00384173,600.886,0
7.30812,4.42855,1.38075,0.988337,0.00405128,605.977,0
7.31466,4.39942,1.30954,1.05505,0.00384678,601.452,0
7.32114,4.49356,1.35609,1.01996,0.00438183,613.779,0
7.32765,4.47375,1.32081,0.970053,0.0042289,610.531,0
7.33413,4.41856,1.35666,1.01129,0.00386521,602.466,0
7.34061,4.34944,1.34536,1.05274,0.00342217,592.517,0
7.34715,4.28645,1.3753,1.07397,0.00302242,583.416,0
7.35368,4.34306,1.43994,1.03837,0.00333669,590.597,0
7.36021,4.30997,1.40004,1.11382,0.00311256,585.577,0
7.36671,4.25768,1.4203,1.094,0.00277969,577.962,0
7.37317,4.20129,1.46129,1.05878,0.00242303,569.808,0
7.37965,4.16409,1.48566,1.07277,0.00218695,564.266,0
7.38615,4.12498,1.4756,1.07627,0.00193924,558.474,0
7.39266,4.10546,1.42673,1.08174,0.00181193,555.343,0
7.39912,4.12289,1.40912,1.04596,0.001905,557.214,0
7.40566,4.14222,1.35721,1.00562,0.00200855,559.332,0
7.41216,4.12105,1.38716,0.994189,0.00187073,555.985,0
7.41868,4.12908,1.39498,1.01119,0.00190999,556.579,0
7.4252,4.13874,1.27124,1.01006,0.00195757,557.391,0
7.43173,4.17758,1.21287,1.02182,0.00217651,562.128,0
7.43827,4.16703,1.26495,1.06233,0.00209956,560.215,0
7.44483,4.14357,1.26177,1.0079,0.00194609,556.57,0
7.45137,4.16343,1.22748,1.00938,0.00205224,558.747,0
7.45788,4.20078,1.24887,0.977734,0.00226267,563.267,0
7.46438,4.18038,1.31946,0.993678,0.00212827,560.044,0
7.4709,4.2395,1.27568,0.977897,0.00246816,567.468,0
7.4774,4.31147,1.1883,0.976788,0.00288142,576.601,0
7.48391,4.29072,1.23397,1.02583,0.00273606,573.326,0
7.49043,4.25519,1.22722,1.0073,0.00250768,568.084,0
7.49694,4.25368,1.23436,1.0702,0.00248456,567.389,0
7.50343,4.23752,1.18203,1.10471,0.00237136,564.745,0
7.50997,4.24678,1.18805,1.07603,0.00241167,565.485,0
7.51647,4.18167,1.2521,1.00813,0.00200979,556.335,0
7.52298,4.14122,1.21547,0.921145,0.00175696,550.475,0
7.52948,4.13815,1.24417,0.956674,0.00173045,549.593,0
7.536,4.14855,1.22381,0.9388,0.00178284,550.498,0
7.54249,4.14455,1.27669,0.900873,0.00174825,549.493,0
7.54898,4.21863,1.21755,0.831088,0.00218051,558.834,0
7.55542,4.22373,1.23545,0.797041,0.00219622,559.032,0
7.56191,4.23828,1.21031,0.703444,0.00226948,560.477,0
7.56843,4.19679,1.21246,0.764711,0.00200806,554.512,0
7.57495,4.23543,1.20931,0.76678,0.00222901,559.136,0
7.58144,4.20454,1.27608,0.776033,0.00202862,554.583,0
7.58791,4.21658,1.28813,0.752498,0.00208693,555.697,0
7.59446,4.20164,1.34749,0.790028,0.00198423,553.25,0
7.60098,4.17501,1.34602,0.784975,0.00181368,549.273,0
7.60748,4.20367,1.28669,0.82775,0.00197486,552.571,0
7.61398,4.17607,1.25751,0.844391,0.00180058,548.475,0
7.62049,4.12555,1.24968,0.894764,0.00148853,541.376,0
7.62698,4.17054,1.32961,0.952314,0.00175011,546.814,0
7.63352,4.1825,1.30048,0.979431,0.00180984,547.912,0
7.64005,4.20437,1.34809,0.940811,0.00193032,550.307,0
7.64658,4.19841,1.38999,0.976564,0.00188374,549.057,0
7.65308,4.19731,1.36983,0.97114,0.00186697,548.447,0
7.65955,4.2582,1.36442,0.937627,0.00222112,555.933,0
7.66607,4.26228,1.33717,0.999399,0.00223121,555.992,0
7.67254,4.32643,1.34841,0.965357,0.00259974,563.884,0
7.67903,4.29256,1.27271,1.0062,0.00238276,558.998,0
7.68553,4.37519,1.22091,1.03433,0.00285867,569.276,0
7.69208,4.31954,1.24531,0.982181,0.00251021,561.557,0
7.69861,4.29632,1.23978,0.92808,0.00235535,558.064,0
7.70511,4.29852,1.21669,0.938345,0.00235188,557.88,0
7.71161,4.33907,1.29639,0.901657,0.00257809,562.667,0
7.71813,4.36345,1.36419,0.898457,0.00270598,565.35,0
7.72462,4.33498,1.33182,0.874227,0.00251531,561.19,0
7.73112,4.31343,1.35836,0.833072,0.00236983,557.93,0
7.73761,4.28926,1.37373,0.79803,0.0022106,554.34,0
7.74411,4.26604,1.28732,0.765125,0.00205846,550.876,0
7.75065,4.33705,1.29705,0.711585,0.00247061,559.572,0
7.75713,4.32744,1.28881,0.734364,0.00239701,557.867,0
7.76361,4.35816,1.3476,0.732651,0.00256476,561.357,0
7.77014,4.4444,1.33739,0.784754,0.00306465,571.985,0
7.77662,4.45031,1.29866,0.717737,0.00308072,572.268,0
7.78309,4.40808,1.31088,0.663041,0.00280416,566.367,0
7.78959,4.38201,1.25766,0.65457,0.00262854,562.548,0
7.79612,4.39259,1.32736,0.673767,0.00267407,563.433,0
7.80263,4.37391,1.28087,0.67257,0.00254368,560.568,0
7.80914,4.4144,1.34922,0.637208,0.0027707,565.286,0
7.81563,4.45407,1.34486,0.612582,0.00298964,569.893,0
7.82211,4.49652,1.32705,0.523228,0.003219,574.847,0
7.82861,4.53112,1.36868,0.513815,0.00340249,578.79,0
7.8351,4.54419,1.3558,0.479446,0.00345898,579.978,0
7.84158,4.54423,1.38512,0.513515,0.00343326,579.504,0
7.84809,4.51971,1.3696,0.552075,0.00325856,575.899,0
7.85461,4.50393,1.4002,0.500741,0.00314097,573.413,0
7.86112,4.5209,1.33432,0.541397,0.00322167,575.096,0
7.86765,4.63562,1.31859,0.567788,0.00388051,589.201,0
7.87418,4.7147,1.34454,0.518729,0.00431811,598.754,0
7.88071,4.63758,1.49226,0.474203,0.00382367,588.472,0
7.88719,4.75337,1.49664,0.429749,0.00448277,602.67,0
7.89366,4.76951,1.43339,0.581483,0.00453465,604.22,0
7.90014,4.76352,1.46949,0.599456,0.00445704,602.966,0
7.90666,4.67777,1.51997,0.599624,0.00390303,591.624,0
7.91319,4.69152,1.50332,0.593824,0.00395164,592.874,0
7.91971,4.6849,1.49844,0.581767,0.00387928,591.55,0
7.92618,4.72251,1.41128,0.590673,0.00406928,595.811,0
7.93268,4.77988,1.41845,0.636112,0.00437683,602.555,0
7.93921,4.79312,1.40631,0.677013,0.00442468,603.727,0
7.94571,4.83063,1.43891,0.683048,0.00461132,607.955,0
7.95221,4.80454,1.34988,0.586078,0.00441888,604.177,0
7.95871,4.83229,1.29125,0.62017,0.00454762,607.169,0
7.96526,4.72997,1.21796,0.656553,0.00389995,593.825,0
7.9718,4.6901,1.28091,0.696223,0.0036325,588.337,0
7.97831,4.67122,1.25715,0.657331,0.0034935,585.49,0
7.98477,4.64627,1.27894,0.635352,0.00331918,581.891,0
7.99125,4.73949,1.2589,0.609733,0.00384875,593.086,0
7.99774,4.78807,1.21019,0.587437,0.00410823,598.678,0
8.00423,4.73918,1.14829,0.563063,0.00378456,592.084,0
8.01073,4.697,1.24165,0.56881,0.00350168,586.339,0
8.01724,4.72219,1.23442,0.576347,0.00362311,589.005,0
8.02371,4.81642,1.31884,0.609445,0.00415583,600.273,0
8.03024,4.73478,1.32188,0.650516,0.0036355,589.618,0
8.03675,4.74321,1.31537,0.622919,0.0036563,590.19,0
8.04328,4.70737,1.29599,0.65161,0.00341391,585.255,0
8.0498,4.74613,1.26759,0.609035,0.00361734,589.596,0
8.0563,4.71133,1.28389,0.608698,0.00337898,584.801,0
8.06282,4.68658,1.33404,0.618273,0.0032079,581.258,0
8.06927,4.67206,1.39541,0.661394,0.00309622,578.994,0
8.07581,4.67765,1.44175,0.741114,0.00310544,579.218,0
8.08233,4.64224,1.4512,0.764343,0.00287109,574.369,0
8.08885,4.60694,1.46748,0.804636,0.0026411,569.542,0
8.09536,4.61975,1.48548,0.7675,0.0027006,570.666,0
8.10184,4.63594,1.47873,0.768639,0.002778,572.208,0
8.10836,4.63472,1.49554,0.758626,0.00275209,571.598,0
8.11484,4.63414,1.55658,0.792286,0.00273183,571.07,0
8.12136,4.64221,1.53625,0.830467,0.00276081,571.605,0
8.12784,4.60548,1.47264,0.841742,0.00252328,566.63,0
8.13436,4.61713,1.46051,0.828776,0.00257667,567.608,0
8.14083,4.56538,1.4201,0.765806,0.00225026,560.8,0
8.14735,4.58087,1.40295,0.781702,0.00233033,562.253,0
8.15381,4.59081,1.37619,0.744173,0.0023736,563.027,0
8.16028,4.61749,1.31823,0.741635,0.00251993,565.849,0
8.16681,4.65168,1.39649,0.752792,0.00270532,569.583,0
8.17331,4.70923,1.3668,0.746673,0.00303203,576.172,0
8.17986,4.68855,1.36014,0.753299,0.00288786,573.183,0
8.18634,4.71714,1.38832,0.794667,0.00303797,576.221,0
8.19285,4.70175,1.4761,0.760008,0.00292007,573.885,0
8.19938,4.66808,1.48346,0.760789,0.00270003,569.321,0
8.20592,4.7307,1.56954,0.765192,0.00305264,576.498,0
8.21244,4.77529,1.58775,0.71538,0.00329593,581.47,0
8.21893,4.79377,1.55021,0.701823,0.00337995,583.259,0
8.22545,4.84904,1.57366,0.717305,0.0036845,589.517,0
8.23189,4.93698,1.62965,0.731517,0.00418031,599.738,0
8.2384,4.87034,1.5883,0.699832,0.00374782,591.175,0
8.24492,4.87603,1.54838,0.677701,0.00374796,591.399,0
8.25141,4.91098,1.58025,0.556077,0.00392738,595.169,0
8.25796,4.81354,1.59029,0.482416,0.00331719,582.897,0
8.26446,4.81042,1.57268,0.463654,0.0032764,582.061,0
8.27095,4.90698,1.63604,0.388926,0.00382679,593.279,0
8.27743,4.92289,1.59248,0.33547,0.00389067,594.736,0
8.28394,4.89216,1.53021,0.272723,0.00367893,590.56,0
8.29046,4.87157,1.5873,0.25472,0.00352684,587.611,0
8.29698,4.86348,1.51834,0.31787,0.00345332,586.175,0
8.3035,4.91551,1.46409,0.289464,0.00374016,591.981,0
8.31003,4.9141,1.48867,0.171702,0.00370034,591.346,0
8.31653,4.95496,1.44811,0.193671,0.00391104,595.797,0
8.32297,4.91202,1.47905,0.110488,0.00362593,590.176,0
8.32948,4.79457,1.48225,0.141669,0.0028977,575.614,0
8.33597,4.69581,1.48005,0.115598,0.00228755,563.319,0
8.34241,4.72885,1.4956,0.156894,0.00247345,566.845,0
8.34893,4.72782,1.42133,0.139833,0.0024521,566.278,0
8.35543,4.71539,1.41841,0.191956,0.00236227,564.351,0
8.36197,4.69529,1.42225,0.21318,0.00222757,561.504,0
8.36847,4.67017,1.38861,0.282626,0.00206365,558.068,0
8.37506,4.67682,1.42698,0.3305,0.00209047,558.423,0
8.38158,4.673,1.46692,0.355722,0.0020556,557.532,0
8.38812,4.75611,1.54377,0.34356,0.00253868,567.005,0
8.39464,4.89826,1.50813,0.398279,0.00337199,583.498,0
8.40112,4.83126,1.62198,0.418657,0.00294876,575.073,0
8.40762,4.82311,1.58561,0.445141,0.00288096,573.66,0
8.41415,4.85835,1.58482,0.525115,0.00307031,577.402,0
8.42066,4.90663,1.64727,0.6222,0.00333645,582.69,0
8.42722,4.88908,1.64243,0.599005,0.00320755,580.153,0
8.43373,4.88799,1.66714,0.663508,0.00317934,579.576,0
8.44026,4.79007,1.56345,0.712532,0.00257263,567.526,0
8.44678,4.82072,1.55896,0.644418,0.0027397,570.717,0
8.45327,4.77882,1.57702,0.64406,0.00247169,565.323,0
8.45975,4.86091,1.60038,0.628162,0.00294486,574.592,0
8.46625,4.91857,1.64703,0.670268,0.00326742,580.962,0
8.47275,5.00766,1.66121,0.606435,0.00377802,591.031,0
8.47925,5.01606,1.62731,0.599906,0.00379585,591.569,0
8.48577,5.09885,1.61413,0.544028,0.00425348,600.87,0
8.49227,5.05123,1.70112,0.530112,0.00393423,594.803,0
8.49877,5.12552,1.7499,0.483617,0.00434485,603.089,0
8.50529,5.1549,1.65497,0.447344,0.0044887,606.082,0
8.51178,5.18039,1.70162,0.428425,0.00460412,608.614,0
8.51831,5.23356,1.60932,0.347382,0.00488313,614.39,0
8.52484,5.20165,1.50866,0.22976,0.00464896,610.176,0
8.53135,5.17407,1.47603,0.260223,0.00444845,606.478,0
8.53788,5.14277,1.42167,0.290404,0.00423126,602.348,0
8.54438,5.09701,1.40391,0.27596,0.00391241,596.534,0
8.55086,5.04037,1.38542,0.292369,0.00353827,589.458,0
8.55739,5.04194,1.39229,0.335954,0.00352017,589.191,0
8.56393,4.93858,1.5228,0.394657,0.0028772,576.672,0
8.57045,4.92831,1.56021,0.397728,0.00279721,575.035,0
8.57696,4.92995,1.45625,0.438981,0.00278948,574.791,0
8.58346,4.949,1.47228,0.336415,0.00288297,576.574,0
8.58996,4.92377,1.54434,0.248105,0.00271082,573.2,0
8.59647,4.84359,1.55179,0.270631,0.00221628,563.44,0
8.60297,4.765,1.56125,0.349999,0.00173232,553.879,0
8.60949,4.73544,1.57122,0.323109,0.00154692,550.026,0
8.61599,4.72569,1.52944,0.383254,0.00148164,548.478,0
8.6225,4.73913,1.57937,0.405617,0.00155522,549.623,0
8.62907,4.71271,1.61825,0.412452,0.00138958,546.143,0
8.63552,4.76826,1.58022,0.437437,0.00171346,552.168,0
8.64206,4.75367,1.55317,0.446046,0.0016162,550.062,0
8.64854,4.77428,1.58173,0.455002,0.00173107,552.033,0
8.65502,4.75717,1.65399,0.468516,0.00161914,549.643,0
8.66149,4.70326,1.68512,0.432724,0.00128998,543.008,0
8.66794,4.64821,1.68273,0.473587,0.000954636,536.253,0
8.67442,4.7066,1.67748,0.460193,0.00129924,542.583,0
8.68094,4.79721,1.70578,0.408076,0.00183537,552.614,0
8.68745,4.78287,1.78141,0.386536,0.00174034,550.549,0
8.69396,4.81462,1.76145,0.342751,0.00191998,553.789,0
8.7005,4.82827,1.74607,0.383207,0.00199189,554.942,0
8.70706,4.83901,1.81236,0.430401,0.00204466,555.757,0
8.71352,4.82081,1.78575,0.426686,0.00192382,553.257,0
8.72004,4.80593,1.79649,0.434946,0.00182379,551.136,0
8.72655,4.82179,1.7771,0.45692,0.00190944,552.543,0
8.73306,4.78878,1.77539,0.457374,0.00170133,548.35,0
8.73959,4.77917,1.78076,0.506881,0.00163583,546.842,0
8.74611,4.78904,1.79925,0.516792,0.00168401,547.563,0
8.75265,4.75431,1.7395,0.481611,0.00146822,543.185,0
8.75918,4.82644,1.76968,0.505816,0.00189138,551.015,0
8.76573,4.82352,1.75799,0.476056,0.00186414,550.27,0
8.77222,4.81563,1.76111,0.37921,0.00180711,548.963,0
8.77873,4.8387,1.7886,0.378156,0.00193358,551.184,0
8.78525,4.87895,1.75171,0.384737,0.00216181,555.358,0
8.79177,4.96372,1.76236,0.345614,0.00265402,564.587,0
8.79828,4.92383,1.71674,0.303281,0.0023992,559.636,0
8.80477,4.90784,1.74263,0.23715,0.00229273,557.406,0
8.81134,4.91959,1.75454,0.284352,0.00234896,558.325,0
8.81787,5.01569,1.74735,0.309742,0.00290612,568.81,0
8.82435,5.05574,1.80826,0.273099,0.00312418,572.93,0
8.83087,5.06313,1.8395,0.199849,0.00314511,573.344,0
8.83738,5.02968,1.80893,0.211151,0.00292006,569.136,0
8.84387,4.95624,1.83852,0.134389,0.00246302,560.416,0
8.85038,4.94233,1.82722,0.0829427,0.00236204,558.431,0
8.85684,4.9705,1.79119,0.0475153,0.00251653,561.205,0
8.86332,4.97036,1.81321,0.0768911,0.00249901,560.778,0
8.86985,4.9641,1.87288,0.0764008,0.00244503,559.66,0
8.87633,4.9805,1.84041,0.0403155,0.00252563,561.099,0
8.88284,5.05788,1.80344,0.0179305,0.00297012,569.399,0
8.88933,5.05859,1.77451,-0.0454017,0.00295363,569.063,0
8.89583,5.00802,1.79668,0.0117355,0.00262916,562.962,0
8.90231,5.00622,1.79118,-0.0036809,0.00260161,562.351,0
8.90879,5.03253,1.88181,-0.0118071,0.00274184,564.895,0
8.91528,5.02923,1.83266,0.0265826,0.00270525,564.113,0
8.92179,4.98032,1.84994,0.0823175,0.00239559,558.22,0
8.9283,4.98808,1.76059,0.159668,0.00242734,558.682,0
8.93479,5.00458,1.79783,0.14153,0.00251304,560.123,0
8.94127,5.01733,1.76887,0.129783,0.00257361,561.142,0
8.94777,5.03345,1.6968,0.134849,0.00265254,562.537,0
8.9543,5.04888,1.68674,0.162631,0.00272801,563.85,0
8.96083,5.01173,1.68054,0.0969067,0.00248898,559.293,0
8.96733,5.04886,1.66634,0.140873,0.00269381,563.028,0
8.97383,4.98659,1.70005,0.170348,0.00230303,555.682,0
8.98035,4.95066,1.71897,0.161121,0.00207652,551.277,0
8.98686,4.97302,1.74322,0.155259,0.00219621,553.366,0
8.99339,4.93124,1.68807,0.182565,0.00193495,548.318,0
8.99988,4.9481,1.70468,0.171815,0.00202464,549.796,0
9.00635,4.95052,1.6204,0.14723,0.00202653,549.67,0
9.0129,4.93475,1.54522,0.10611,0.00192251,547.521,0
9.01938,4.96494,1.55578,0.162657,0.00209005,550.474,0
9.0259,4.98717,1.48861,0.188609,0.00221042,552.54,0
9.03238,4.97603,1.42109,0.194968,0.00212903,550.91,0
9.03883,4.96785,1.43838,0.163012,0.00206744,549.612,0
9.04538,5.0244,1.38298,0.189645,0.00239282,555.466,0
9.05187,4.96265,1.30662,0.172019,0.00200737,548.246,0
9.05838,5.02541,1.28342,0.219503,0.00237113,554.78,0
9.06489,5.08512,1.25441,0.242554,0.00271025,560.969,0
9.07139,5.10889,1.19146,0.258846,0.00283519,563.187,0
9.07784,5.18123,1.19241,0.252725,0.00324696,570.756,0
9.08436,5.23507,1.1919,0.295929,0.0035419,576.273,0
9.09086,5.17642,1.27572,0.353685,0.00316526,569.409,0
9.09732,5.17523,1.2301,0.364814,0.00313602,568.874,0
9.10382,5.24484,1.24285,0.367474,0.00352613,576.114,0
9.11032,5.25401,1.30024,0.389713,0.00355326,576.71,0
9.11681,5.20564,1.3241,0.280653,0.00323905,570.994,0
9.1233,5.25136,1.25557,0.328254,0.00348764,575.599,0
9.12984,5.24582,1.20563,0.299516,0.00342427,574.579,0
9.1363,5.19588,1.24298,0.334009,0.00310139,568.707,0
9.14277,5.18803,1.22831,0.303463,0.00303314,567.446,0
9.14929,5.15309,1.23841,0.22245,0.0028054,563.223,0
9.15579,5.20645,1.33739,0.316602,0.00310356,568.651,0
9.16232,5.28596,1.3208,0.330317,0.00355609,576.924,0
9.16883,5.22924,1.31554,0.26467,0.00319244,570.328,0
9.17533,5.18772,1.3404,0.380638,0.00292094,565.399,0
9.18191,5.26277,1.34187,0.412598,0.00334874,573.168,0
9.18845,5.3721,1.28701,0.425541,0.00397796,584.658,0
9.19496,5.38386,1.31721,0.498581,0.00401473,585.522,0
9.20148,5.45556,1.32396,0.345326,0.00441149,592.9,0
9.208,5.4572,1.32409,0.307214,0.00438578,592.659,0
9.21453,5.36409,1.31374,0.272571,0.00379433,582.134,0
9.22103,5.36819,1.3138,0.308132,0.00378852,582.169,0
9.22757,5.38116,1.30715,0.247332,0.00383582,583.16,0
9.23406,5.40969,1.20436,0.227736,0.0039734,585.841,0
9.24053,5.42169,1.2022,0.260574,0.00401316,586.729,0
9.24704,5.3526,1.15813,0.296788,0.0035723,578.844,0
9.25352,5.45075,1.18869,0.28923,0.00412896,589.047,0
9.26001,5.47822,1.25148,0.213014,0.00425443,591.6,0
9.26652,5.57208,1.20036,0.0806065,0.00477724,601.313,0
9.27301,5.58481,1.24181,0.00560242,0.00480963,602.265,0
9.27954,5.64333,1.24907,-0.067952,0.00511392,608.148,0
9.28606,5.56061,1.26237,-0.178613,0.00457146,598.813,0
9.29259,5.56365,1.19226,-0.243004,0.00454692,598.719,0
9.29908,5.525,1.11734,-0.248403,0.00427513,594.145,0
9.3056,5.44275,1.15955,-0.2856,0.00375007,584.89,0
9.3121,5.40648,1.13863,-0.33604,0.00350164,580.586,0
9.3186,5.45649,1.23159,-0.325942,0.00377552,585.548,0
9.32506,5.36853,1.24854,-0.397258,0.00322309,575.709,0
9.3316,5.36333,1.20517,-0.437494,0.0031652,574.749,0
9.33812,5.43545,1.11285,-0.458881,0.00357605,582.071,0
9.34465,5.39081,1.07346,-0.484172,0.00328124,576.887,0
9.35119,5.3833,1.0973,-0.438004,0.00320776,575.681,0
9.3577,5.45313,1.08473,-0.322391,0.00360074,582.742,0
9.36426,5.43828,0.987438,-0.355277,0.00347951,580.748,0
9.37074,5.46548,0.988778,-0.365597,0.0036125,583.25,0
9.37724,5.48327,0.934468,-0.277419,0.00369438,584.743,0
9.38377,5.49223,0.927982,-0.249361,0.00371577,585.291,0
9.39028,5.58765,0.904951,-0.153936,0.00425653,595.047,0
9.3968,5.59629,0.829166,-0.173099,0.00426517,595.553,0
9.40334,5.6802,0.870462,-0.151224,0.00472985,604.062,0
9.40984,5.68911,0.845052,-0.170391,0.00474106,604.591,0
9.41639,5.62228,0.78826,-0.117804,0.00429492,597.074,0
9.42284,5.55498,0.795936,-0.153989,0.0038563,589.522,0
9.42941,5.57866,0.797305,-0.223391,0.00396877,591.623,0
9.43588,5.56477,0.749019,-0.22197,0.00384834,589.746,0
9.44242,5.47247,0.77809,-0.157772,0.00326805,579.562,0
9.44895,5.52603,0.869356,-0.0535119,0.00356352,584.83,0
9.45545,5.56792,0.951127,0.0245751,0.00378553,588.858,0
9.46197,5.59303,0.966203,0.0933396,0.00390408,591.107,0
9.46847,5.58526,1.00301,0.024741,0.00382349,589.88,0
9.47498,5.53564,0.910245,0.046787,0.00349547,584.237,0
9.48146,5.58048,0.814781,0.00505645,0.00373606,588.567,0
9.48797,5.59546,0.742248,-0.0470244,0.00379158,589.742,0
9.49447,5.56689,0.83426,-0.0399054,0.00358827,586.33,0
9.50097,5.58499,0.871103,0.000390171,0.00366915,587.833,0
9.50741,5.66259,0.935937,-0.0265628,0.00410416,595.597,0
9.51387,5.62905,0.965267,-0.0274746,0.00386881,591.667,0
9.52039,5.58196,0.96157,0.00795556,0.0035576,586.316,0
9.52691,5.60175,1.03392,0.0241837,0.00365087,587.992,0
9.53341,5.59866,1.02823,0.00955867,0.0036006,587.267,0
9.53993,5.65668,1.03501,-0.0140586,0.00391737,592.947,0
9.54646,5.6217,1.07522,-0.0318481,0.00367723,588.878,0
9.55296,5.693,1.07354,-0.0216941,0.00407426,595.941,0
9.55944,5.77965,1.04431,-0.0360666,0.00455368,604.602,0
9.56599,5.83911,1.01402,-0.0741454,0.00486061,610.403,0
9.57252,5.85702,1.01108,-0.0152056,0.00492139,611.858,0
9.57901,5.87619,0.928814,0.034716,0.0049896,613.445,0
9.58552,5.797,0.8976,0.0989739,0.00447551,604.767,0
9.59202,5.66778,0.914033,0.162308,0.00366537,590.885,0
9.59852,5.70367,0.908156,0.188556,0.0038517,594.225,0
9.60504,5.74801,0.866105,0.191022,0.004082,598.437,0
9.61158,5.74788,0.83128,0.292436,0.00405204,598.016,0
9.61814,5.76845,0.778896,0.43873,0.00414346,599.747,0
9.62462,5.76001,0.674675,0.411803,0.00406004,598.466,0
9.63117,5.77451,0.682149,0.440284,0.00411135,599.565,0
9.6377,5.87385,0.673838,0.307026,0.00466875,609.467,0
9.64416,5.89733,0.64083,0.32871,0.00476544,611.492,0
9.65068,5.89279,0.727793,0.29644,0.00469917,610.609,0
9.65718,5.92752,0.733255,0.273584,0.00486064,613.794,0
9.66372,5.91704,0.793426,0.332055,0.00475043,612.294,0
9.67022,5.92291,0.873739,0.411998,0.00473967,612.489,0
9.67675,5.95847,0.902628,0.389102,0.00491573,615.751,0
9.68326,5.86418,0.85406,0.288852,0.00430785,605.6,0
9.68976,5.86556,0.745979,0.301109,0.00427845,605.336,0
9.69628,5.89303,0.6684,0.27702,0.00440598,607.762,0
9.70275,5.85074,0.625138,0.261331,0.00411634,602.997,0
9.70929,5.85985,0.593481,0.255517,0.00414208,603.531,0
9.71578,5.87106,0.618336,0.252085,0.00417062,604.281,0
9.72225,5.84884,0.636077,0.191122,0.00400386,601.593,0
9.72872,5.94906,0.742146,0.209715,0.00456413,611.495,0
9.73526,5.97734,0.703417,0.235043,0.00469495,613.988,0
9.74174,5.99618,0.697837,0.272389,0.00476929,615.514,0
9.74826,5.97432,0.715116,0.319391,0.00459781,612.86,0
9.75478,5.92992,0.663833,0.347358,0.00429377,607.899,0
9.76132,5.85266,0.641168,0.30991,0.00379518,599.576,0
9.76781,5.88924,0.692983,0.356364,0.00397831,602.923,0
9.77427,5.90916,0.68655,0.39694,0.00406443,604.563,0
9.78075,6.02042,0.68691,0.28934,0.00469415,615.538,0
9.78731,6.03432,0.669926,0.223682,0.0047316,616.545,0
9.79384,5.9839,0.70158,0.173247,0.00439314,610.986,0
9.80037,6.06556,0.610446,0.204617,0.00484298,618.912,0
9.80691,6.02486,0.692619,0.15545,0.00455746,614.348,0
9.81341,6.00815,0.667328,0.184133,0.00441743,612.239,0
9.81989,5.98007,0.672052,0.1757,0.00421121,608.976,0
9.8264,5.94352,0.659122,0.175146,0.00395769,604.852,0
9.83289,5.96536,0.68931,0.165668,0.0040557,606.674,0
9.83936,5.91851,0.647403,0.10356,0.00374402,601.514,0
9.84589,5.86658,0.624914,0.0737923,0.00340445,595.841,0
9.85239,5.86,0.595271,0.0695313,0.00333777,594.78,0
9.85892,5.85753,0.589761,0.0557967,0.00329828,594.136,0
9.86537,5.91982,0.540793,0.0540871,0.00364425,600.06,0
9.87189,5.95464,0.608182,0.0416257,0.0038198,603.191,0
9.8784,5.91268,0.669087,0.0442409,0.00354105,598.547,0
9.88492,5.85416,0.64129,0.133064,0.00316398,592.232,0
9.89145,5.80185,0.666053,0.197863,0.00282716,586.551,0
9.89794,5.73171,0.683152,0.27306,0.00239033,579.081,0
9.90443,5.67983,0.677807,0.299991,0.00206547,573.464,0
9.91092,5.63182,0.69169,0.225521,0.00176724,568.244,0
9.91746,5.59703,0.758175,0.25637,0.00155003,564.361,0
9.92403,5.5446,0.673479,0.20229,0.0012285,558.704,0
9.93054,5.515,0.662524,0.214531,0.00104658,555.357,0
9.93704,5.44996,0.643933,0.155578,0.000653936,548.449,0
9.94356,5.4916,0.628252,0.192533,0.000900649,552.277,0
9.95007,5.55137,0.622076,0.18257,0.00125439,557.922,0
9.95654,5.54389,0.64478,0.175417,0.00120248,556.809,0
9.96304,5.56135,0.632359,0.211727,0.00130139,558.199,0
9.96956,5.52379,0.600193,0.202967,0.00107165,554.066,0
9.97609,5.54671,0.570597,0.216431,0.001203,556,0
9.98258,5.5445,0.523628,0.167721,0.00118444,555.418,0
9.98908,5.59155,0.476977,0.203021,0.00146019,559.767,0
9.99562,5.57297,0.519436,0.188939,0.0013431,557.542,0
10,5.52803,0.517699,0.172898,0.00107038,552.803,0
