0.0280987,2.84306,0,0,0.0708969,101181,0
0.0563791,8.92837,0,0,0.21068,158363,0
0.0841662,18.0577,0,0,0.420386,214548,0
0.111926,11.479,0,0,0.2688,102559,0
0.139445,4.54411,0,0,0.109502,32587.1,0
0.166967,0.97852,0,0,0.028156,5860.54,0
0.194517,1.07114,0,0,0.0306148,5506.68,0
0.222112,0.902096,0,0,0.0268995,4061.45,0
0.249477,0.990416,0,0,0.0286638,3969.96,0
0.275625,-0.259767,0,0,2.75596e-06,-942.467,0
0.304406,0.356386,0,0,0.0136489,1170.76,0
0.332694,-0.217202,0,0,0.000248358,-652.859,0
0.359215,0.0401444,0,0,0.00637965,111.756,0
0.386457,0.299105,0,0,0.0125088,773.967,0
0.412968,-0.0671671,0,0,0.00427082,-162.645,0
0.440152,-0.255098,0,0,9.03176e-06,-579.569,0
0.467833,-0.252841,0,0,2.25e-05,-540.451,0
0.495562,-0.215313,0,0,0.000896166,-434.482,0
0.522167,0.15055,0,0,0.00934205,288.318,0
0.549785,3.08475,0,0,0.0768945,5610.82,0
0.576457,8.91176,0,0,0.210744,15459.5,0
0.605321,14.138,0,0,0.332425,23356.3,0
0.632249,15.0854,0,0,0.35373,23859.9,0
0.659385,19.0438,0,0,0.441763,28881.1,0
0.687598,9.52629,0,0,0.223141,13854.4,0
0.714665,3.42086,0,0,0.0828952,4786.66,0
0.743481,3.55842,0,0,0.0854421,4786.16,0
0.771602,9.66459,0,0,0.225601,12525.3,0
0.797138,14.6683,0,0,0.340586,18401.2,0
0.825166,11.911,0,0,0.276987,14434.7,0
0.853456,22.3641,0,0,0.517101,26204.2,0
0.87964,26.8917,0,0,0.620637,30571.3,0
0.907425,31.5146,0,0,0.725397,34729.7,0
0.93248,31.7952,0,0,0.735834,34097.4,0
0.959551,32.9615,0,0,0.768256,34351,0
0.985801,32.5753,0,0,0.759611,33044.5,0
1.0146,35.4896,0,0,0.822876,34978.8,0
1.04373,28.6211,0,0,0.662785,27422,0
1.0705,27.5959,0,0,0.639832,25778.6,0
1.09859,31.8152,0,0,0.734669,28960.1,0
1.12567,28.1235,0,0,0.646173,24983.9,0
1.15261,33.1729,0,0,0.761055,28780.8,0
1.18057,22.6068,0,0,0.515758,19149,0
1.20748,32.7027,0,0,0.74831,27083.4,0
1.23449,39.2595,0,0,0.897208,31802.1,0
1.26084,37.1855,0,0,0.849957,29492.6,0
1.28811,40.1523,0,0,0.916168,31171.4,0
1.31622,41.9509,0,0,0.955807,31872.4,0
1.34231,46.088,0,0,1.05485,34334.9,0
1.36986,42.2623,0,0,0.965612,30851.5,0
1.39678,49.1815,0,0,1.12728,35210.5,0
1.4222,52.7896,0,0,1.21713,37118.3,0
1.44843,54.3699,0,0,1.25651,37537.2,0
1.4754,49.6392,0,0,1.14101,33644.5,0
1.50233,53.2734,0,0,1.21814,35460.5,0
1.52983,58.8574,0,0,1.33778,38473.2,0
1.55843,65.472,0,0,1.48906,42011.5,0
1.58484,69.3958,0,0,1.58398,43787.1,0
1.6121,76.0785,0,0,1.72841,47192.3,0
1.64064,66.9324,0,0,1.51964,40796.5,0
1.66769,66.8863,0,0,1.50949,40107.2,0
1.69422,68.0582,0,0,1.52865,40170.9,0
1.72103,73.2482,0,0,1.64012,42560.6,0
1.74778,72.5023,0,0,1.62406,41482.6,0
1.77481,72.6665,0,0,1.61446,40943.4,0
1.80293,68.5756,0,0,1.51961,38035.6,0
1.83069,69.0236,0,0,1.53941,37703.5,0
1.85848,79.7876,0,0,1.78104,42931.7,0
1.88514,82.9624,0,0,1.85172,44008.7,0
1.91184,79.9375,0,0,1.77528,41811.8,0
1.93908,77.8926,0,0,1.70863,40169.8,0
1.96716,73.7158,0,0,1.60898,37473.2,0
1.99523,70.2694,0,0,1.5217,35218.7,0
2.02153,69.2928,0,0,1.49144,34277.4,0
2.04602,71.1623,0,0,1.53334,34780.8,0
2.07474,70.8195,0,0,1.50912,34134.2,0
2.10279,66.5055,0,0,1.4062,31627.3,0
2.13003,68.0606,0,0,1.43404,31952.9,0
2.15735,65.809,0,0,1.37879,30504.6,0
2.18626,60.2476,0,0,1.25313,27557.4,0
2.21311,54.8514,0,0,1.13003,24784.7,0
2.24006,57.9633,0,0,1.20683,25875.8,0
2.2674,61.1642,0,0,1.27256,26975.6,0
2.29631,51.2481,0,0,1.04842,22317.6,0
2.32306,53.5177,0,0,1.10962,23037.6,0
2.34845,53.8344,0,0,1.11377,22923.4,0
2.37606,52.7998,0,0,1.08739,22221.6,0
2.40342,44.2417,0,0,0.889696,18407.8,0
2.42913,52.211,0,0,1.0744,21493.7,0
2.45647,56.6911,0,0,1.17206,23078.3,0
2.48269,52.5691,0,0,1.08014,21174.3,0
2.50862,58.3891,0,0,1.22117,23275.4,0
2.5354,64.7611,0,0,1.37166,25542.8,0
2.56276,65.8711,0,0,1.39197,25703.2,0
2.59076,64.5745,0,0,1.3581,24924.9,0
2.6183,64.3762,0,0,1.35551,24587.1,0
2.64346,65.1731,0,0,1.37411,24654.5,0
2.67107,70.1971,0,0,1.48535,26280.5,0
2.69823,75.463,0,0,1.60905,27967.6,0
2.72627,75.6646,0,0,1.61512,27753.9,0
2.75283,76.3536,0,0,1.63697,27736.4,0
2.7803,78.1452,0,0,1.67715,28106.8,0
2.8075,78.9053,0,0,1.70282,28105.2,0
2.83435,77.9181,0,0,1.67631,27490.6,0
2.8598,78.687,0,0,1.6888,27514.9,0
2.88739,78.3252,0,0,1.67971,27126.6,0
2.91489,71.8408,0,0,1.53148,24646.1,0
2.94399,82.4741,0,0,1.77594,28014.4,0
2.97117,78.4453,0,0,1.69241,26402.2,0
3.00011,73.654,0,0,1.58717,24550.4,0
3.02696,78.7987,0,0,1.71088,26032.3,0
3.05415,81.3299,0,0,1.77077,26629.3,0
3.08145,77.9243,0,0,1.68374,25288.2,0
3.11005,75.0053,0,0,1.61895,24117,0
3.13686,70.8995,0,0,1.5304,22602.1,0
3.16266,73.5278,0,0,1.59474,23248.8,0
3.18929,70.8827,0,0,1.53655,22225.2,0
3.21693,74.1191,0,0,1.6129,23040.4,0
3.24316,73.9662,0,0,1.60641,22806.9,0
3.2716,72.4101,0,0,1.57181,22132.9,0
3.29895,66.6262,0,0,1.43572,20196.2,0
3.32633,61.978,0,0,1.32786,18632.5,0
3.3553,66.3439,0,0,1.41594,19772.8,0
3.38265,62.4017,0,0,1.31722,18447.6,0
3.40868,58.5113,0,0,1.22543,17165.4,0
3.43674,48.1828,0,0,0.982309,14019.9,0
3.46309,52.283,0,0,1.07508,15097.2,0
3.49039,54.3827,0,0,1.11546,15580.7,0
3.51738,52.4307,0,0,1.07164,14906.2,0
3.54415,53.9861,0,0,1.11077,15232.4,0
3.5716,49.6607,0,0,1.0118,13904.3,0
3.60009,47.5097,0,0,0.968058,13196.8,0
3.62714,43.9706,0,0,0.888969,12122.7,0
3.65286,45.0195,0,0,0.911455,12324.5,0
3.67981,31.7753,0,0,0.607152,8635.04,0
3.70633,25.8731,0,0,0.472052,6980.78,0
3.73278,26.97,0,0,0.498729,7225.18,0
3.75957,26.3302,0,0,0.482502,7003.51,0
3.7856,30.0949,0,0,0.569556,7949.83,0
3.80967,31.6553,0,0,0.608939,8309.2,0
3.83611,39.4156,0,0,0.790911,10274.9,0
3.86337,35.9194,0,0,0.712693,9297.42,0
3.88991,31.2256,0,0,0.603205,8027.33,0
3.91752,39.6868,0,0,0.797658,10130.6,0
3.94389,37.923,0,0,0.75776,9615.62,0
3.97152,28.3044,0,0,0.5382,7126.85,0
3.99854,22.205,0,0,0.397125,5553.27,0
4.0253,13.6462,0,0,0.200526,3390.12,0
4.05259,7.90055,0,0,0.0685447,1949.51,0
4.07904,8.60443,0,0,0.0848841,2109.43,0
4.10649,14.8742,0,0,0.228903,3622.11,0
4.13314,20.2071,0,0,0.350784,4889.05,0
4.16086,12.0175,0,0,0.162662,2888.21,0
4.1873,7.32313,0,0,0.0540293,1748.89,0
4.21467,6.82771,0,0,0.0428324,1619.99,0
4.24192,6.18044,0,0,0.0273508,1456.99,0
4.27034,9.13826,0,0,0.0956394,2139.94,0
4.29981,7.2317,0,0,0.0514948,1681.86,0
4.32581,5.73019,0,0,0.0168615,1324.65,0
4.35463,5.76648,0,0,0.0175287,1324.22,0
4.3832,5.03588,0,0,0.000570717,1148.91,0
4.41015,5.79918,0,0,0.0178524,1314.96,0
4.43842,7.22181,0,0,0.0505951,1627.11,0
4.46546,12.3099,0,0,0.167472,2756.7,0
4.49162,14.6737,0,0,0.2228,3266.91,0
4.51803,23.4842,0,0,0.425182,5197.88,0
4.54701,30.5488,0,0,0.591684,6718.44,0
4.57421,24.9407,0,0,0.46207,5452.46,0
4.60196,15.3069,0,0,0.240775,3326.17,0
4.62683,9.31528,0,0,0.103145,2013.32,0
4.65476,9.65624,0,0,0.111242,2074.49,0
4.68232,16.6468,0,0,0.271818,3555.24,0
4.70929,19.6317,0,0,0.341023,4168.71,0
4.73635,11.7374,0,0,0.159688,2478.16,0
4.7637,7.96355,0,0,0.0733595,1671.72,0
4.78972,13.514,0,0,0.200856,2821.46,0
4.81701,16.2975,0,0,0.264652,3383.31,0
4.84467,22.1984,0,0,0.401207,4582.02,0
4.87227,15.5306,0,0,0.248581,3187.55,0
4.8997,8.93797,0,0,0.0971442,1824.19,0
4.9267,8.20225,0,0,0.0801598,1664.86,0
4.95339,7.15544,0,0,0.0567453,1444.55,0
4.98026,9.776,0,0,0.117283,1962.95,0
5.00664,6.40368,0,0,0.0394557,1279.04,0
5.03341,11.0067,0,0,0.145189,2186.72,0
5.06009,6.8983,0,0,0.0515807,1363.28,0
5.08748,6.59656,0,0,0.0442828,1296.62,0
5.11459,6.04377,0,0,0.0316784,1181.67,0
5.14207,4.84509,0,0,0.0041181,942.246,0
5.1708,4.7022,0,0,0.000801404,909.376,0
5.19895,5.40382,0,0,0.0170371,1039.41,0
5.22572,6.40992,0,0,0.0401036,1226.61,0
5.25274,6.19024,0,0,0.0348143,1178.48,0
5.27969,4.67502,0,0,8.75204e-06,885.473,0
5.30808,5.30594,0,0,0.0143717,999.597,0
5.33581,4.85865,0,0,0.00385555,910.574,0
5.36539,4.91566,0,0,0.00533817,916.18,0
5.39198,5.00793,0,0,0.00752215,928.774,0
5.42075,4.6936,0,0,0.000576872,865.859,0
5.44875,5.8934,0,0,0.0277966,1081.6,0
5.47575,4.70212,0,0,0.000223069,858.717,0
5.50261,4.7373,0,0,0.00111139,860.919,0
5.52955,6.37125,0,0,0.0387754,1152.22,0
5.5561,8.63908,0,0,0.0904329,1554.88,0
5.58366,12.6127,0,0,0.181579,2258.87,0
5.61137,7.99314,0,0,0.0752042,1424.45,0
5.63912,10.1906,0,0,0.125928,1807.13,0
5.66673,17.5441,0,0,0.294842,3095.98,0
5.69337,12.4638,0,0,0.177449,2189.18,0
5.72138,11.9513,0,0,0.165244,2088.88,0
5.74923,20.2364,0,0,0.355558,3519.85,0
5.77659,28.8268,0,0,0.554866,4990.28,0
5.8039,37.323,0,0,0.748813,6430.68,0
5.83089,45.115,0,0,0.929728,7737.24,0
5.85746,41.7361,0,0,0.842167,7125.29,0
5.88303,41.4484,0,0,0.835112,7045.42,0
5.90882,50.275,0,0,1.0398,8508.46,0
5.9363,56.4709,0,0,1.18657,9512.82,0
5.96382,53.4259,0,0,1.11972,8958.34,0
5.99058,58.9081,0,0,1.24038,9833.47,0
6.01609,67.5779,0,0,1.44358,11232.9,0
6.04184,73.0183,0,0,1.56717,12085.4,0
6.06881,71.6504,0,0,1.54191,11806.3,0
6.09538,68.3925,0,0,1.47322,11220.4,0
6.12209,69.8659,0,0,1.51077,11412.1,0
6.14777,73.5908,0,0,1.59391,11970.3,0
6.17333,79.8756,0,0,1.73337,12938.8,0
6.19993,87.166,0,0,1.90393,14059.2,0
6.22663,88.4662,0,0,1.91571,14207.7,0
6.2527,88.2478,0,0,1.90148,14113.5,0
6.27937,87.8135,0,0,1.87683,13984.4,0
6.30668,81.4642,0,0,1.7373,12917.1,0
6.33448,76.4096,0,0,1.61489,12062.5,0
6.36286,75.0419,0,0,1.5854,11793.7,0
6.39068,72.2359,0,0,1.51929,11303.3,0
6.41723,69.7273,0,0,1.46334,10865.6,0
6.44577,67.7715,0,0,1.42525,10514.1,0
6.47328,65.3535,0,0,1.3579,10095.9,0
6.50032,68.4669,0,0,1.42277,10532.9,0
6.53028,63.3832,0,0,1.30117,9706.04,0
6.55608,57.3454,0,0,1.16507,8746.9,0
6.58357,55.6721,0,0,1.12197,8456.22,0
6.61126,52.265,0,0,1.04158,7905.45,0
6.63912,48.9366,0,0,0.96461,7370.94,0
6.66686,49.2339,0,0,0.974299,7384.88,0
6.69311,50.819,0,0,1.00674,7592.74,0
6.72046,45.7992,0,0,0.891279,6814.9,0
6.74605,48.9899,0,0,0.962855,7262,0
6.77217,54.3384,0,0,1.08524,8023.78,0
6.79918,51.4293,0,0,1.01687,7564.04,0
6.82521,49.6016,0,0,0.975668,7267.41,0
6.85134,47.7989,0,0,0.934277,6976.58,0
6.87769,48.2477,0,0,0.948858,7015.1,0
6.90384,52.6696,0,0,1.05245,7629.03,0
6.93183,52.0931,0,0,1.04746,7515.06,0
6.95893,46.3529,0,0,0.913021,6660.92,0
6.98743,38.5339,0,0,0.73441,5514.75,0
7.01658,33.1725,0,0,0.607383,4727.73,0
7.04253,28.91,0,0,0.51186,4105.06,0
7.07161,26.2778,0,0,0.452004,3715.96,0
7.09743,20.0872,0,0,0.310912,2830.21,0
7.12472,12.5621,0,0,0.138057,1763.18,0
7.14995,9.2038,0,0,0.0613183,1287.25,0
7.17443,8.91517,0,0,0.0542491,1242.63,0
7.20319,7.18093,0,0,0.0138828,996.91,0
7.23125,6.58296,0,0,8.2243e-06,910.349,0
7.25663,6.81906,0,0,0.00545432,939.701,0
7.2827,7.64544,0,0,0.0243339,1049.81,0
7.31015,8.40953,0,0,0.0424048,1150.39,0
7.33619,9.75358,0,0,0.0730351,1329.52,0
7.36229,10.1426,0,0,0.0818473,1377.64,0
7.3881,10.4305,0,0,0.0888803,1411.8,0
7.41516,12.408,0,0,0.133826,1673.33,0
7.44122,18.4812,0,0,0.273442,2483.63,0
7.46875,14.3671,0,0,0.178194,1923.63,0
7.49477,9.21875,0,0,0.0599328,1230.02,0
7.52185,6.76748,0,0,0.00362573,899.709,0
7.54726,6.95556,0,0,0.00788195,921.601,0
7.57524,6.61219,0,0,0.000101027,872.869,0
7.60345,6.7956,0,0,0.00423112,893.752,0
7.62915,7.02974,0,0,0.00951314,921.431,0
7.65731,6.79152,0,0,0.0039523,886.933,0
7.68376,6.8303,0,0,0.00481543,888.926,0
7.71106,6.6614,0,0,0.00065344,863.875,0
7.73881,7.40117,0,0,0.0176178,956.369,0
7.76778,6.62003,0,0,5.94237e-05,852.242,0
7.79625,6.61985,0,0,1.00493e-05,849.107,0
7.82284,7.06471,0,0,0.010387,903.088,0
7.85,6.80987,0,0,0.00471878,867.499,0
7.87713,6.63306,0,0,0.000663438,842.066,0
7.90329,6.61112,0,0,4.09634e-05,836.503,0
7.92988,6.69842,0,0,0.00201505,844.706,0
7.95696,6.7134,0,0,0.00224249,843.714,0
7.98535,6.82771,0,0,0.00472986,855.03,0
8.01184,6.71155,0,0,0.00207267,837.705,0
8.03982,6.79472,0,0,0.00398315,845.134,0
8.06628,6.65633,0,0,0.000653451,825.204,0
8.09346,6.65912,0,0,0.000793197,822.778,0
8.12176,6.98697,0,0,0.008431,860.277,0
8.14973,8.63458,0,0,0.0459138,1059.49,0
8.17832,13.9219,0,0,0.167367,1702.3,0
8.20694,12.0397,0,0,0.123967,1467.01,0
8.23508,19.5211,0,0,0.29582,2370.48,0
8.2617,17.0698,0,0,0.240232,2066.13,0
8.28852,13.5961,0,0,0.160761,1640.36,0
8.31471,21.2167,0,0,0.335811,2551.71,0
8.34236,32.2691,0,0,0.58969,3868.1,0
8.37043,30.7381,0,0,0.554266,3672.22,0
8.39713,25.2371,0,0,0.427231,3005.44,0
8.42597,15.9922,0,0,0.213564,1897.96,0
8.4536,9.95812,0,0,0.074958,1177.97,0
8.48014,9.56367,0,0,0.0667828,1127.77,0
8.50819,11.5727,0,0,0.112794,1360.18,0
8.53544,18.5042,0,0,0.272015,2167.93,0
8.56346,27.452,0,0,0.478375,3205.72,0
8.59169,32.9074,0,0,0.603979,3830.15,0
8.61816,34.5934,0,0,0.642104,4014.01,0
8.64353,33.2759,0,0,0.610116,3849.8,0
8.67178,41.2906,0,0,0.791641,4761.49,0
8.69854,40.8937,0,0,0.7807,4701.22,0
8.72496,44.1518,0,0,0.856971,5060.4,0
8.75213,58.7273,0,0,1.18854,6710.05,0
8.77855,61.7904,0,0,1.26471,7038.8,0
8.8068,59.2527,0,0,1.19568,6728.07,0
8.83443,54.6748,0,0,1.08251,6188.83,0
8.86245,58.216,0,0,1.1675,6568.84,0
8.88952,61.4252,0,0,1.23837,6909.84,0
8.91643,50.8771,0,0,0.996438,5706,0
8.94343,51.9459,0,0,1.01967,5808.28,0
8.96949,56.9951,0,0,1.13533,6354.33,0
8.99585,61.9582,0,0,1.25049,6887.42,0
9.02326,60.5825,0,0,1.21943,6714.04,0
9.05048,61.127,0,0,1.23517,6754.01,0
9.07933,68.5254,0,0,1.3965,7547.41,0
9.10546,72.3078,0,0,1.49388,7941.15,0
9.13319,70.0531,0,0,1.44481,7670.17,0
9.162,69.3797,0,0,1.4339,7572.55,0
9.18891,74.664,0,0,1.55494,8125.45,0
9.21643,77.1036,0,0,1.60945,8365.88,0
9.2434,75.788,0,0,1.5704,8199.14,0
9.27032,76.94,0,0,1.60113,8299.61,0
9.29658,77.7797,0,0,1.61748,8366.49,0
9.32312,85.7564,0,0,1.78717,9198.25,0
9.35123,87.7806,0,0,1.8156,9387.07,0
9.38017,82.7003,0,0,1.70155,8816.51,0
9.40698,81.9648,0,0,1.68521,8713.18,0
9.43391,80.6474,0,0,1.64649,8548.67,0
9.46204,86.2477,0,0,1.75881,9115.12,0
9.48925,84.3254,0,0,1.72533,8886.41,0
9.51562,82.0886,0,0,1.67264,8626.72,0
9.54073,88.5104,0,0,1.81587,9277.1,0
9.56754,90.3357,0,0,1.85789,9441.89,0
9.59626,84.522,0,0,1.71265,8807.81,0
9.62317,75.1441,0,0,1.50539,7808.67,0
9.65174,77.8065,0,0,1.57018,8061.4,0
9.67873,84.3142,0,0,1.71843,8711.29,0
9.70602,84.077,0,0,1.70485,8662.36,0
9.73222,75.4036,0,0,1.49728,7747.83,0
9.75888,80.068,0,0,1.60763,8204.63,0
9.78728,75.8844,0,0,1.51423,7753.37,0
9.81443,70.0216,0,0,1.3786,7134.56,0
9.84254,76.656,0,0,1.53156,7788.24,0
9.87028,74.6041,0,0,1.49255,7558.46,0
9.89743,76.5439,0,0,1.5331,7733.72,0
9.92423,78.1285,0,0,1.55393,7872.5,0
9.95111,78.8009,0,0,1.5576,7918.8,0
9.97744,76.6204,0,0,1.51801,7679.36,0
10.0001,76.3325,0,0,1.51531,7633.2,0
