0.26973,3649.16,21.7046,-25.2827,0.0245452,3120.73,0
0.547783,3632.62,23.3984,-20.1172,0.178204,31735.7,0
0.812304,3626.38,20.7893,-40.3354,0.224893,29080.5,0
1.08184,3607.7,23.53,-48.2719,0.402182,39102.2,0
1.35276,3629.19,46.1093,-48.7526,0.168048,15382.2,0
1.63033,3623.32,62.4643,-27.7623,0.220164,16363.5,0
1.90242,3641.49,63.6139,-35.9455,0.0520214,4473.11,0
2.17478,3616.07,55.0364,-35.8008,0.294835,15602,0
2.44735,3599.34,53.8763,-21.1285,0.485481,20700,0
2.7236,3635.82,52.5001,-42.5274,0.110497,5206.44,0
2.9941,3616.33,78.2922,-40.0111,0.248935,11244.7,0
3.03757,3616.28,90.3467,-42.9714,0.221043,11099.4,0
