0.270274,3642.93,8.97575,16.7084,0.085656,26155.5,0
0.539918,3609.2,6.25076,7.35738,0.429794,75575,0
0.813037,3609.33,24.1369,2.79555,0.419835,50026.6,0
1.08605,3615.75,64.869,1.79954,0.29149,31538.7,0
1.35223,3597.85,62.84,19.6145,0.472745,38568.8,0
1.62744,3604.15,59.7564,19.9051,0.407423,28173.6,0
1.89858,3565.09,49.3779,21.5899,0.900271,44721.1,0
2.17526,3572.88,23.9017,19.7954,0.858758,35453.8,0
2.45291,3599.75,42.3301,12.4927,0.480757,20487.1,0
2.72814,3606.17,63.1995,51.6219,0.329127,16065,0
3.002,3604.39,28.9255,41.5014,0.420709,15194.8,0
3.27053,3620.72,15.7271,84.2948,0.185402,8952.1,0
3.54526,3606.01,-24.2434,68.4273,0.354912,12409.2,0
3.81374,3584.54,-29.0369,76.9515,0.552718,17163.5,0
3.93757,3591.96,-39.0164,92.1122,0.417312,14739.4,0
