0.275663,3649.51,-9.82985,-7.95571,0.0201136,1790.54,0
0.550843,3641.83,-11.8073,-0.295763,0.0897814,14832.5,0
0.829757,3640.8,-6.3081,-3.357,0.100852,11082.3,0
1.10526,3618.2,-2.65533,-16.3292,0.32212,28770.3,0
1.37271,3629.33,33.1305,-26.6273,0.188161,15054.8,0
1.65115,3586.54,29.3927,-42.1281,0.62773,38435.2,0
1.92607,3611.81,48.4848,-36.7084,0.326551,19826.7,0
2.19765,3612.03,36.511,-7.5008,0.36279,17278.2,0
2.47415,3630.44,33.1535,-37.5918,0.160994,7906.8,0
2.74685,3629.1,30.4674,-35.6329,0.178235,7607.98,0
3.02229,3618.76,-6.10623,-22.8603,0.303529,10337.8,0
3.30016,3594.09,10.5533,-18.3891,0.587356,16940.5,0
3.57448,3610.7,15.6635,-36.1523,0.374017,10993.8,0
3.8502,3612.12,-54.3419,-72.7773,0.257964,9837.43,0
3.89539,3605.71,-66.6304,-74.631,0.293527,11369.4,0
