0.27791,3638.64,6.12306,-22.4736,0.0880415,40894.2,0
0.551334,3623.74,31.4956,-10.3017,0.187785,47638.3,0
0.821765,3625.02,-10.5566,9.86671,0.188754,30402.3,0
1.09834,3614,4.76912,-5.69062,0.277073,32773.9,0
1.37337,3623.86,33.0314,29.8691,0.176809,19035.8,0
1.64817,3595.82,17.5444,47.9892,0.387256,32870.1,0
1.91687,3585.98,24.395,56.9887,0.452564,33398.8,0
2.19396,3611.71,-22.8506,30.7211,0.27647,17453.4,0
2.46637,3584.68,-21.5186,16.3301,0.524473,26485.3,0
2.73739,3564.06,-19.1861,14.0995,0.751741,31393.9,0
3.01002,3543.11,-13.2481,-1.38873,1.0658,35509.9,0
3.28702,3525.52,-5.94077,-5.38004,1.45496,37871.1,0
3.56435,3537.39,14.283,-7.90895,1.14746,31592.2,0
3.83872,3516.08,5.36318,-0.352942,1.73039,34887.4,0
4.1113,3510.79,5.03292,4.01886,1.96103,33861.4,0
4.31371,3499.84,-0.716181,-0.329961,4.25974,34809.2,0
