0.271045,3649.76,-10.2516,34.5756,0.018976,899.397,0
0.549235,3640.29,-8.63339,44.4003,0.0748547,17670.6,0
0.822308,3650.48,-5.82058,40.0227,0.0125299,-586.536,0
1.09899,3651.1,-3.12696,44.1242,0.00708503,-1005.41,0
1.37096,3645.32,-5.64144,48.0846,0.0410932,3416.86,0
1.6443,3639.31,2.86937,46.7739,0.0815433,6498.21,0
1.92091,3626.48,-11.0583,71.6306,0.14098,12244,0
2.19501,3641.35,-17.6126,71.3778,0.0423111,3939.33,0
2.47183,3646.73,-18.3257,69.1101,0.0106677,1320.97,0
2.74248,3643.85,-20.865,66.6996,0.0304533,2240.68,0
3.01966,3630.84,-11.8413,67.2793,0.113951,6344.91,0
3.29038,3625.25,-0.871022,50.9111,0.172348,7520.47,0
3.56853,3580.56,9.53471,56.129,0.521179,19458.8,0
3.84218,3582.05,29.7573,73.1741,0.457031,17684.4,0
4.1137,3596.13,25.7682,63.4431,0.367363,13096.4,0
4.38732,3567.27,29.0099,73.5126,0.581385,18856.3,0
4.5425,3596.14,42.2222,90.6941,0.303388,11856.2,0
