0.268955,3652.64,33.3649,59.0801,0.00852922,-9814.99,0
0.542235,3647.09,38.6533,55.0022,0.0447122,5366.67,0
0.81624,3645.62,44.6005,63.4032,0.043252,5371.26,0
1.08958,3649.63,42.7836,61.4092,0.0203041,342.773,0
1.36425,3643.09,45.5242,66.7315,0.0547155,5062.33,0
1.6334,3644.56,37.2746,70.4408,0.0459303,3329.81,0
1.91017,3644.97,34.8827,63.4439,0.0512742,2631.82,0
2.1839,3640,26.5822,53.1498,0.0946013,4579.12,0
2.4587,3635.25,27.6958,37.2685,0.138291,5998.06,0
2.73311,3634.66,36.0992,42.9474,0.132062,5613.64,0
3.00554,3612.58,34.4608,26.1758,0.304451,12450.3,0
3.27642,3612.67,16.5394,12.7122,0.32122,11393.7,0
3.55301,3636.12,-4.70693,29.9119,0.140785,3906.39,0
3.82404,3602.39,-16.4216,32.7834,0.392492,12449.8,0
4.09619,3592.43,-40.946,22.4613,0.465056,14053.8,0
4.3711,3627.34,-24.3369,-10.2445,0.206745,5185.06,0
4.64331,3598.93,10.3979,-68.1631,0.373937,10999.3,0
4.81102,3607.28,-5.32626,-99.898,0.2529,8878.91,0
