0.276731,3652.13,-3.97159,23.3706,0.00619675,-7688.13,0
0.553206,3649.83,-6.89831,19.2817,0.0230865,315.462,0
0.82295,3651.68,-14.4277,15.2613,0.0107945,-2046.58,0
1.09968,3651.03,-15.0008,17.2089,0.0139223,-938.142,0
1.37226,3647.35,-16.2508,13.7579,0.0394429,1931.23,0
1.64736,3644.55,-11.3393,4.44155,0.061559,3310.91,0
1.92434,3645.42,-25.5667,-6.31922,0.0487827,2380.24,0
2.19834,3651.48,-26.1149,-6.81843,0.00884602,-673.985,0
2.47107,3650.26,-23.4212,-4.92359,0.0176597,-105.088,0
2.74433,3648.01,-26.1751,-2.14361,0.0325085,725.227,0
3.01811,3639.69,-24.5352,-3.40069,0.0885221,3416.54,0
3.2933,3629.85,-9.71532,-0.210599,0.161809,6119.95,0
3.57143,3623.92,-6.20381,8.64028,0.20555,7301.3,0
3.84791,3624.15,7.99825,11.7429,0.203536,6718.42,0
4.11796,3602.33,25.9227,20.4498,0.364033,11576.6,0
4.39633,3598.4,54.8539,56.4991,0.324582,11737.6,0
4.67177,3549.68,48.484,32.1154,0.823048,21473.6,0
4.94763,3555.54,35.3459,5.54317,0.828457,19092.6,0
5.22336,3564.08,54.2191,-4.22121,0.678266,16448.8,0
5.50297,3551.36,55.4572,-5.57591,0.815256,17924.9,0
5.77963,3549.46,45.2454,-4.73883,0.873927,17395.2,0
6.05469,3534.84,31.4576,7.95503,1.14178,19020.6,0
6.32372,3538.43,18.0096,17.429,1.1243,17642.5,0
6.59748,3548.87,9.54365,-32.154,0.932537,15328.3,0
6.87434,3550.14,8.36414,-40.0185,0.882265,14527.1,0
7.14728,3545.09,35.2299,-41.1338,0.875722,14678,0
7.42253,3554.46,18.7644,-40.8821,0.79696,12871.3,0
7.69596,3537.05,4.66758,-36.4607,1.06512,14676.6,0
7.96804,3523.07,-5.58839,-19.3393,1.42127,15930.2,0
8.23864,3527.12,7.06969,-13.566,1.36832,14915.1,0
8.51973,3535.05,34.1449,-8.92081,1.11125,13492.1,0
8.7957,3540.08,29.2949,10.7288,1.06663,12496.5,0
9.06625,3526.05,19.162,2.43823,1.38467,13672,0
9.33246,3526.91,20.8579,2.23568,1.33408,13189.2,0
9.60653,3526.22,7.13111,-1.43358,1.41042,12885.5,0
9.88055,3510.51,28.8158,-25.0037,1.48934,14118,0
10.1586,3494.34,39.9698,-31.5237,1.60324,15323,0
10.4282,3509.87,42.5606,-27.5893,1.34934,13437.6,0
10.7028,3534.22,35.04,-39.6018,0.958553,10817.4,0
10.9725,3557.9,35.2192,-66.6896,0.593505,8393.57,0
11.2411,3554.93,42.0617,-64.7594,0.617438,8457.73,0
11.512,3550.28,57.2705,-79.4778,0.578695,8662.47,0
11.5847,3547.75,56.2778,-82.7232,0.590519,8825.86,0
