0.267432,3646.04,-25.415,-2.32563,0.0335859,14822.5,0
0.540471,3640.01,-25.2857,-7.80318,0.0731591,18477.3,0
0.81127,3637.78,-36.1239,-4.85769,0.0831258,15059.5,0
1.08546,3605.08,-28.9295,0.243152,0.33455,41383.4,0
1.35675,3578.01,-39.1211,-17.0634,0.559638,53059.4,0
1.62394,3564.84,-62.8946,-40.3138,0.599292,52438,0
1.89999,3571.84,-36.1297,-5.52405,0.632519,41138.2,0
2.17335,3565.35,-80.5317,-16.191,0.574582,38950.6,0
2.4421,3568.7,-52.1046,-14.6437,0.632138,33292.8,0
2.72105,3566.23,-42.2711,10.2316,0.68564,30784.1,0
2.99196,3568.47,-64.3262,44.1169,0.560668,27250.7,0
3.27045,3561.51,-58.5579,36.0294,0.650661,27057.9,0
3.54595,3573.08,-81.1538,53.0669,0.461686,21692.2,0
3.56249,3575.25,-86.5921,50.0772,0.435954,20982.9,0
