0.276923,3646.65,-56.8765,8.28671,0.0353317,12080.3,0
0.559458,3647.76,-51.5547,-2.85297,0.0324552,3995.62,0
0.828173,3650.85,-47.2845,-5.24328,0.0166886,-1023.67,0
1.0988,3639.84,-43.1401,-9.82955,0.0911588,9245.68,0
1.37095,3641.6,-50.3233,5.38828,0.0757021,6123.99,0
1.64046,3638.4,-34.1184,-6.23824,0.10941,7074.08,0
1.91149,3612.89,-8.02173,24.0062,0.304914,19412.6,0
2.1798,3622.92,2.4907,22.0792,0.229139,12422.3,0
2.45051,3589.7,-3.79142,64.0931,0.445338,24606.3,0
2.72386,3624.38,36.7995,82.6611,0.14518,9405.49,0
2.99415,3590.75,39.9254,79.1293,0.385681,19789.1,0
3.27056,3600.46,32.1236,43.6633,0.376518,15148.7,0
3.54709,3627.99,-22.2913,14.8749,0.191998,6206.01,0
3.81532,3636.32,-36.1864,14.0908,0.125509,3586.03,0
4.08685,3631.14,-5.70925,43.7063,0.157108,4613.68,0
4.36818,3646.74,10.9985,37.5165,0.0570815,747.132,0
4.64172,3617.45,18.6327,45.6675,0.253276,7013.3,0
4.9186,3624.38,26.0567,49.9977,0.19616,5208.73,0
5.19243,3612.84,-21.2732,64.3518,0.264068,7156.13,0
5.47026,3605.05,-18.2872,96.3916,0.265899,8216.74,0
5.48897,3606.87,-13.6848,99.0778,0.249691,7856.87,0
