0.276424,3636.04,-23.4002,19.9528,2.90499,50509.2,0
0.551669,3626.55,-22.7048,26.4893,4.72005,42509.2,0
0.832082,3626.99,-22.275,25.5807,4.52438,27654.9,0
1.09983,3616.06,-21.2948,10.3529,7.08095,30859.7,0
1.37481,3618.8,-29.1045,-4.34801,5.83246,22696.7,0
1.64894,3631.42,-28.4503,1.21184,3.01956,11267.2,0
1.9222,3630.91,-19.135,9.74737,3.17025,9933.48,0
2.19385,3641.1,-22.4972,8.37595,0.994382,4058.67,0
2.46136,3636.29,-21.3867,22.0288,1.85772,5571.53,0
2.73756,3640.23,-24.8962,29.5914,0.936175,3569.38,0
3.00836,3635.43,-33.2321,3.34816,2.00428,4843.51,0
3.27514,3626.9,-56.5419,4.97521,3.06546,7054.37,0
3.55499,3635.73,-44.3442,15.6156,1.56542,4013,0
3.83042,3640.42,-39.9994,12.634,0.76284,2500.8,0
4.09861,3618.56,-51.0534,7.05668,4.83913,7669.77,0
4.37288,3619.53,-59.3195,-5.84173,4.2778,6967.43,0
4.65399,3611.98,-63.31,-9.38121,5.51046,8169.86,0
4.93331,3607.02,-50.3233,-23.3701,6.68798,8712.67,0
5.20824,3611.96,-53.1266,-25.7756,5.07706,7303.67,0
5.47486,3614.84,-44.5477,-8.46392,4.73377,6422.26,0
5.7461,3618.98,-57.8191,6.38693,3.32191,5398.94,0
6.02782,3604.02,-64.8785,7.50073,6.1006,7628.1,0
6.30107,3608.85,-52.4894,10.939,5.2465,6530.28,0
6.57426,3612.33,-54.4477,16.4337,4.11753,5729.87,0
6.85372,3609.85,-67.1464,21.0756,3.94802,5857.76,0
7.12934,3604.89,-72.2278,12.4649,4.58006,6327.65,0
7.40679,3603.6,-78.6909,6.25156,4.37624,6264.12,0
7.68241,3605.34,-60.3413,-9.33058,4.8349,5813.51,0
7.9513,3604.36,-64.8918,-7.89246,4.67134,5740.1,0
8.22487,3601.14,-65.5268,-23.2613,5.06679,5940.6,0
8.49405,3611.18,-78.7028,-25.9534,2.19795,4570.43,0
8.66385,3617.05,-98.1015,-19.6039,0.16112,3802.98,0
