0.281855,3632.75,58.2127,5.18656,2.59125,61188.5,0
0.551727,3623.67,54.7352,10.2248,4.40674,47721.5,0
0.82684,3628.36,54.7486,4.53575,3.4496,26172.5,0
1.09736,3630.69,48.2386,19.9469,3.0079,17596.6,0
1.37884,3627.85,56.9617,18.9162,3.25464,16064.3,0
1.65157,3641.01,28.8988,31.5747,1.11665,5442.52,0
1.92497,3623.22,36.6774,35.9518,4.50084,13909.9,0
2.20095,3644.99,40.3022,31.4014,0.189392,2278.24,0
2.47305,3638.91,37.2659,33.5363,1.38491,4486.12,0
2.74859,3637.77,12.6987,20.7838,2.09899,4449.05,0
3.02293,3644.57,33.0796,4.93565,0.61761,1795.14,0
3.29502,3636.3,34.4602,-21.2839,2.09974,4158.21,0
3.57241,3632.12,44.2162,-33.8566,2.53172,5003.93,0
3.85294,3623.15,46.2105,-30.5813,4.25249,6967.66,0
4.13418,3610.44,51.367,-41.2116,6.38604,9568.57,0
4.40779,3608.52,55.0747,-44.7456,6.29773,9410.54,0
4.68405,3609.84,52.1546,-27.4187,6.20357,8573.24,0
4.96135,3602.24,56.0499,-24.8269,7.40385,9626.32,0
5.23671,3616.51,47.5004,-29.8661,4.15109,6395.79,0
5.51329,3605.51,55.6901,-30.9745,6.13473,8068.71,0
5.7853,3601.16,56.6309,-34.1822,6.5723,8442.27,0
6.05546,3597.46,62.1643,-35.2324,6.70218,8676,0
6.33144,3596.65,60.572,-33.5988,6.83345,8426.4,0
6.60383,3589.88,71.5314,-42.1762,7.10528,9103.11,0
6.88321,3584.95,63.0262,-53.9664,7.53013,9449.87,0
7.15115,3576.51,60.3708,-54.3517,9.03888,10276.7,0
7.4299,3574.53,74.2201,-59.586,7.75866,10158.2,0
7.70437,3581.28,69.0515,-52.2617,6.61286,8919.87,0
7.97741,3570.08,70.6673,-56.0417,8.40311,10017.8,0
8.10464,3573.86,78.9784,-61.5926,6.41286,9394.74,0
