0.274763,3640.63,-31.8252,35.3523,2.19798,34105.7,0
0.548364,3640.76,-22.4268,57.3169,1.80086,16842,0
0.814552,3641.03,-14.7269,60.5651,1.72703,11012.3,0
1.09353,3633.27,-6.73781,62.3332,3.18612,15302.9,0
1.36972,3629.94,-3.44839,78.8041,3.19587,14642.9,0
1.64897,3622.47,-0.345798,69.6445,4.92128,16693.9,0
1.92403,3627.54,15.6759,75.14,3.58225,11672.1,0
2.19246,3620.18,22.9656,74.6956,4.89927,13601,0
2.47216,3604.1,17.5094,93.0175,7.09705,18565.8,0
2.68648,3612.44,23.1759,97.368,4.91797,13980.8,0
