0.144312,3638.42,-20.092,0.24855,9.17122,80273,0
0.293445,3641.35,-29.3258,-9.06554,6.18987,29485.3,0
0.442476,3642.65,-26.5795,-16.7396,5.00039,16604.4,0
0.585602,3637.35,-45.6141,-24.6361,7.42082,21595.7,0
0.730621,3636.11,-70.469,-4.66511,5.99987,19007.1,0
0.884198,3618.3,-70.6338,-22.1435,7.83705,35846.8,0
1.03135,3627.61,-57.3783,-38.2249,1.06736,21710.6,0
1.17104,3622.85,-58.5099,-42.9942,4.2373,23181.3,0
1.31093,3616.11,-37.7941,-37.7722,1.09459,25850.2,0
1.45634,3600.44,-37.4856,-30.7265,16.2084,34030.1,0
1.59893,3592.26,-56.4497,-43.8296,5.97394,36113.7,0
1.73477,3575.04,-49.9956,-46.2354,12.276,43211.2,0
1.88086,3564.18,-30.3679,-42.6322,2.45474,45627.6,0
2.01817,3556.08,-36.8579,-51.7335,8.0497,46538.3,0
2.16685,3545.34,-51.3419,-52.4922,16.2269,48300.8,0
2.30907,3536.8,-55.4963,-56.8255,7.869,49022.3,0
2.46434,3517.34,-62.6287,-51.0528,3.64518,53831.7,1
2.6077,3520.6,-50.7214,-57.5028,2.59241,49622.3,1
2.74921,3510.09,-29.7297,-51.6812,6.09437,50891.8,2
2.88863,3492.2,-15.8528,-41.1591,9.56858,54629.5,3
3.02933,3467.3,-7.71323,-19.3949,1.81006,60311.8,4
3.06919,3463.64,1.48471,-7.48421,15.6064,60719.7,8
