0.132133,3628.99,18.6817,-37.5676,5.41504,158996,0
0.280072,3614.39,18.4323,-47.4353,5.20795,127133,0
0.419292,3607.58,20.2272,-50.092,10.8755,101168,0
0.556912,3587.58,7.83763,-50.0424,7.66413,112088,0
0.699383,3568.97,15.1071,-56.3585,0.987826,115861,0
0.849726,3543.5,8.19518,-65.5827,3.85144,125334,0
0.989116,3537.6,1.98467,-63.7011,12.9608,113638,0
1.13342,3516.54,-3.29286,-62.1844,7.33326,117754,0
1.28622,3504.59,-9.56128,-42.9654,8.12099,113053,0
1.42322,3492.88,1.4132,-37.2179,20.5709,110395,0
1.56249,3468.13,6.86425,-13.6871,10.7619,116396,3
1.57509,3466.33,4.31647,-6.12868,7.51007,116609,5
