0.141493,3638.88,-54.2413,-29.8136,8.2508,78607.3,0
0.286369,3623.41,-59.7328,-7.10087,7.47621,92862.4,0
0.431509,3618.85,-51.4756,-11.6027,0.709711,72187.3,0
0.567559,3602.29,-52.8945,6.39311,3.90607,84066,0
0.711679,3592.56,-59.5073,17.7586,11.4603,80716.8,0
0.856617,3586.21,-46.0042,11.0658,9.41558,74472.3,0
1.00129,3569.2,-42.0717,16.2099,3.57825,80696.6,0
1.14009,3556.53,-29.9753,23.4846,10.8343,81981.6,0
1.28119,3542.47,-26.4984,38.2185,3.0465,83930,0
1.42995,3525.56,-26.0251,26.9117,13.1173,87023.1,0
1.5694,3508.28,-13.4569,26.0484,6.34192,90304.6,2
1.6996,3471.12,-3.61279,6.57265,25.842,105246,9
