0.14814,3641.61,-11.4961,51.4025,5.87761,56620.6,0
0.29607,3631.13,-15.71,33.5446,3.99705,63738.9,0
0.432356,3622.84,-16.1114,30.9244,11.232,62820.8,0
0.57854,3632.07,-26.8835,37.2082,2.27108,30996.1,0
0.727393,3618.73,-31.7199,35.939,1.50781,42983,0
0.874707,3612.16,-30.0953,28.2142,8.18535,43265.2,0
1.02307,3609.2,1.34784,19.1388,12.9882,39882.1,0
1.16163,3579.91,11.7016,15.5561,4.79797,60333.9,0
1.30644,3581.5,-4.7628,15.1466,3.21032,52435.6,0
1.44543,3581.39,17.1193,9.87811,2.9148,47464.4,0
1.59191,3573.96,34.0409,13.9566,9.00601,47768.7,0
1.74084,3555.24,40.8413,27.4677,5.84475,54431.2,0
1.89092,3523.18,37.4284,26.1856,5.43507,67069.8,0
2.03602,3501.02,27.5451,9.56952,10.4393,73174.1,1
2.17849,3471.06,15.214,0.493086,4.92821,82141.5,6
2.19549,3469.48,1.45767,3.23555,40.573,82222.7,7
