0.138155,3644.23,7.21303,-38.0668,5.56142,41793.1,0
0.287996,3640.15,14.1749,-26.777,9.29194,34195.6,0
0.438801,3637.63,18.6872,-33.9178,10.6139,28184.3,0
0.585279,3633.75,13.1056,-33.9296,2.26407,27766.3,0
0.73916,3620.39,10.7028,-41.5366,12.8032,40060.7,0
0.894695,3603.04,-4.14454,-60.1622,2.32544,52490.3,0
1.03039,3594.1,1.60075,-48.0143,13.2036,54254.3,0
1.17111,3591.1,2.29921,-58.6256,2.28484,50294.2,0
1.3069,3578.89,6.74696,-50.243,2.79259,54414.4,0
1.44789,3580.93,14.2419,-38.2648,2.73083,47705.9,0
1.59728,3578.61,9.27895,-38.714,5.59123,44697,0
1.74322,3578.24,15.6269,-57.8857,0.877958,41163.1,0
1.88726,3565.35,17.5557,-49.1823,6.27455,44851.3,0
2.02933,3545.05,17.9975,-51.8569,1.78253,51714.1,1
2.16494,3538.98,-11.799,-51.9036,11.3823,51281.5,1
2.30995,3521.31,-17.3504,-35.2841,9.48403,55709.7,3
2.45516,3508.53,-24.2225,-29.6718,2.05982,57620,3
2.60657,3491.7,-6.16802,-15.1629,11.5823,60730.3,5
2.63761,3485.78,0.406291,-2.70365,10.616,62262.8,11
