0.13984,3640.25,22.1134,-0.750766,8.50242,69729.5,0
0.277966,3650.19,3.75285,-2.94058,0.999536,-698.002,0
0.426241,3635.84,9.00209,7.0049,12.3694,33219.2,0
0.560765,3623.69,-3.31857,14.724,10.9506,46910.3,0
0.715068,3612.6,9.30131,24.2688,8.57814,52298.1,0
0.857675,3589.47,3.63462,37.7216,4.70446,70578.5,0
1.01168,3577.69,-15.2075,20.0504,8.60544,71474.2,0
1.16236,3565.46,-11.8696,7.23148,8.6003,72733.6,1
1.30313,3544.37,-5.05361,8.63302,5.42183,81058.6,2
1.44613,3537.36,-17.7333,-9.32018,5.00315,77889.9,2
1.58708,3523.82,-5.39479,1.6096,18.0437,79504.7,3
1.66611,3494.48,-0.244575,1.46297,11.9059,93341.4,9
