0.145787,3632.98,-43.7076,41.1811,11.4211,116735,0
0.293822,3611.61,-45.7409,26.4417,3.13195,130662,0
0.433292,3600.59,-35.4011,0.230109,1.95156,114026,0
0.582552,3597.32,-33.0368,-5.94632,5.42982,90430.6,0
0.727598,3596.85,-22.4252,5.21692,7.03523,73046.8,0
0.879582,3597.95,-31.5217,-13.5586,4.56996,59171.2,0
1.02339,3597.79,-40.5036,-4.8747,3.82967,51013.5,0
1.16211,3591.82,-32.0138,-10.8551,10.9491,50063.4,0
1.30529,3583.51,-19.8802,-5.18371,10.2309,50939.7,0
1.45174,3576.63,-12.7802,-5.20342,5.07249,50541.8,0
1.58773,3574.92,-11.1142,-0.663105,7.39751,47285.7,0
1.72341,3574.99,-1.50676,-8.08449,7.46394,43523.7,0
1.86229,3561.54,-15.079,-19.4823,8.06254,47501.2,1
2.00486,3551.99,-20.3455,-10.5386,7.47715,48884.3,2
2.14328,3535.03,-37.6171,-13.2866,3.98685,53640.8,2
2.29511,3509.49,-30.909,-37.3009,4.72533,61222.1,2
2.44443,3489.87,-28.574,-18.2065,6.37383,65508.5,4
2.54329,3473.67,-5.51603,-0.773476,9.24004,69333.1,10
