0.137851,3640.62,-14.7605,4.02681,7.62615,68054,0
0.278223,3632.98,-20.6942,15.1001,13.3133,61158.7,0
0.415311,3629.94,-23.3782,32.6641,3.00667,48304.4,0
0.554065,3622.93,-32.1057,32.46,8.32747,48857.6,0
0.68717,3607.28,-47.3043,43.6028,3.42086,62166.5,1
0.833351,3599.54,-40.1995,34.4624,0.952457,60550.4,1
0.976214,3579.49,-33.0439,26.56,9.92422,72227.3,1
1.12167,3569.35,-29.7378,27.3738,6.69119,71904.1,2
1.26129,3557.62,-30.0469,17.3388,8.40524,73244.3,3
1.39534,3546.56,-15.8902,-6.85827,5.96044,74132.6,3
1.5369,3530.97,-4.94803,5.40593,3.95325,77445.2,4
1.68305,3496.51,-1.89206,-3.92149,40.3559,91199.5,11
1.68479,3494.45,-1.88553,-2.23218,59.8158,92327.8,12
