0.270538,3632.35,-38.7504,-60.7634,2.45627,65232.9,0
0.548488,3635.92,-30.6664,-75.3779,1.66037,25674.1,0
0.818023,3649.48,-49.2705,-45.7705,0.128914,640.612,0
1.09621,3630.53,-53.8724,-36.4097,2.87104,17757.1,0
1.36848,3622.66,-56.5033,-34.869,4.0287,19982,0
1.64449,3612.12,-51.5557,-26.9368,5.83243,23031.8,0
1.915,3614.36,-55.7156,-35.5909,5.02291,18613.2,0
2.19304,3610.53,-55.7844,-25.31,5.53428,18000,0
2.46811,3609.54,-52.1531,-25.4115,5.578,16394.3,0
2.7429,3607.32,-59.6176,-22.3989,5.5098,15561.9,0
3.02004,3607.93,-63.4934,-7.55571,5.27113,13931.7,0
3.29517,3613.45,-50.9673,-17.3354,4.46011,11090.8,0
3.56575,3605.17,-65.8155,-12.9651,5.29421,12572.1,0
3.83162,3608.85,-68.4487,-34.1782,4.19815,10738.3,0
4.09956,3611.73,-63.1561,-34.8174,3.76009,9334.87,0
4.36819,3603.54,-48.5541,-38.0163,5.38201,10635.5,0
4.64502,3608.54,-37.7112,-41.7755,4.50124,8925.39,0
4.92376,3613.48,-30.6851,-54.3272,3.49841,7417,0
5.19953,3615.25,-28.2095,-62.8667,3.01156,6683.55,0
5.4737,3614.99,-3.12733,-67.9023,3.04815,6396.49,0
5.74766,3615.49,-11.3981,-66.0432,3.00723,6004.21,0
6.02071,3605.84,-15.5198,-80.4296,3.89718,7334.44,0
6.28918,3616.72,-17.4098,-82.9825,2.00554,5291.47,0
6.5646,3618.02,-10.3638,-68.1265,2.35211,4870.88,0
6.84002,3603.57,-20.3772,-71.503,4.43224,6787.67,0
7.11272,3607.02,-23.0031,-68.9872,3.84469,6042.5,0
7.38986,3610.32,-9.16723,-65.5039,3.51497,5370.17,0
7.66665,3603.05,-9.7298,-69.1175,4.44971,6124.26,0
7.93612,3604.32,-14.9545,-74.5038,3.83033,5755.83,0
8.20665,3607.29,-11.8376,-67.6008,3.59605,5204.21,0
8.48714,3596.89,-13.1955,-57.9523,5.56395,6257.43,0
8.75556,3591.45,-7.45547,-59.2452,6.16517,6687.19,0
9.02561,3604.05,0.0668122,-63.9899,3.5933,5090.55,0
9.29941,3585.32,7.83421,-70.4714,6.42974,6955.07,0
9.57049,3584.24,21.2622,-61.3174,6.68781,6871.59,0
9.84658,3576.52,20.4048,-50.6892,8.11806,7462.67,0
10.1141,3598.76,35.9349,-38.0188,3.49769,5066.12,0
10.3907,3598.9,24.358,-26.6217,3.89505,4918.21,0
10.6682,3616.91,21.4527,-21.2966,0.653581,3101.75,0
10.9341,3611.48,19.8288,-2.05151,1.7212,3522.96,0
11.2068,3618.4,17.1313,-15.7082,0.468804,2819.43,0
11.4877,3596.27,22.7147,-21.646,4.15533,4677.38,0
11.7567,3583.02,20.5505,-18.7737,6.87257,5697.2,0
12.0305,3581.69,16.2338,-17.7607,6.73644,5678.26,0
12.3066,3573.51,19.088,-13.8315,7.98523,6215.06,0
12.582,3571.54,16.4466,-12.942,7.85554,6235.55,0
12.8488,3583.4,20.2943,-16.2453,4.68893,5183.42,0
13.124,3576.89,34.4334,-16.3263,5.44842,5571.01,0
13.3993,3568.23,51.8249,-24.6074,6.1214,6102.4,0
13.6793,3563.37,58.8659,-25.0796,6.49413,6332.82,0
13.9591,3558.4,60.5534,-28.0992,6.97749,6562.32,0
14.2331,3547.11,57.0069,-22.3032,9.69084,7228.69,0
14.5075,3562.57,49.5802,-33.0272,5.53571,6026.34,0
14.7767,3572.49,39.6775,-28.1298,3.91395,5245.61,0
15.0503,3572.88,35.9267,-42.1443,3.43336,5123.95,0
15.3263,3580.38,12.4234,-55.1581,1.80489,4542.78,0
15.5945,3583.32,23.4411,-55.4998,1.04671,4275.81,0
15.8614,3577.36,12.3223,-52.4495,2.55486,4579.38,0
16.1326,3582.11,4.91938,-71.9867,0.625719,4208.29,0
16.3995,3565.15,6.48263,-69.9933,4.04888,5173.75,0
16.6725,3577.24,17.2846,-80.6942,0.886161,4364.07,0
16.9456,3557.41,8.20796,-67.4718,5.82708,5464.01,0
17.2144,3567.33,6.03031,-74.1668,3.12797,4802.26,0
17.4902,3568.38,3.91512,-78.9905,2.62054,4666.33,0
17.767,3565.75,7.61082,-85.0728,2.67983,4741.85,0
18.0425,3546.8,9.68252,-86.9467,6.07717,5719.55,0
18.3217,3538.2,8.46008,-90.1368,7.34779,6102.34,0
18.5903,3548.92,8.04841,-75.2435,6.03973,5437.39,0
18.8683,3535.08,8.27901,-71.3015,9.02549,6090.88,0
19.1397,3531.53,15.977,-88.8857,7.07028,6189.51,0
19.4124,3529.27,8.06646,-90.064,7.05863,6219.08,0
19.6874,3519.66,0.121595,-86.9745,8.92263,6620.39,0
19.9499,3535.2,-10.0326,-92.1707,4.6016,5754.37,0
20.2287,3545.5,-2.45439,-93.7019,2.25338,5165.88,0
20.4107,3552.69,12.2247,-99.2772,0.303873,4767.56,0
