0.275907,3625.65,20.8718,46.8061,3.48884,88246.4,0
0.550908,3620.09,25.2457,45.163,4.28073,54297.4,0
0.82254,3621.91,35.3171,43.1607,3.80092,34153.8,0
1.10331,3640.53,30.0933,26.1058,1.19585,8586.82,0
1.37717,3627.18,38.6526,-3.67565,3.19758,16571.5,0
1.65932,3627.25,41.4679,-9.4015,3.01128,13709.5,0
1.93207,3626.67,42.2548,-21.8068,2.99716,12075.7,0
2.21147,3618.7,16.7129,-30.5561,4.49985,14154.1,0
2.48594,3627.41,17.9723,-21.3026,3.15762,9086.65,0
2.75855,3635.91,5.84882,-35.3812,1.69115,5109.38,0
3.03696,3624.89,14.3527,-34.3169,3.38316,8267.28,0
3.31012,3614.77,5.64781,-33.4511,4.9102,10642.7,0
3.58849,3627.51,-3.96067,-25.6919,2.72145,6267.75,0
3.85844,3644.33,-12.4126,-10.4768,0.217413,1470.66,0
4.12935,3632.59,21.1382,4.54236,1.95376,4216.91,0
4.40263,3638.32,36.6345,-6.12404,0.887757,2652.71,0
4.67202,3632.68,33.0021,4.99357,1.80439,3706.77,0
4.94966,3618.61,40.9052,10.0959,3.82964,6341.08,0
5.22765,3622.07,35.8084,7.92027,3.19486,5342.66,0
5.50591,3608.44,35.3413,2.25795,5.45609,7547.38,0
5.78357,3607.57,34.6395,-5.09574,5.52366,7335.99,0
6.05194,3614.83,38.0729,8.1799,3.96773,5811.77,0
6.3264,3609.57,37.1733,8.20796,4.75731,6390.78,0
6.6008,3607.39,38.689,-14.3762,4.90623,6455.43,0
6.87188,3601.7,30.2633,-9.95514,5.96159,7028.73,0
7.14415,3608.89,24.0653,-7.17355,4.52834,5753.7,0
7.42423,3609.69,10.7142,-11.7646,4.35472,5429.74,0
7.69345,3618.81,6.51871,-19.9024,2.53897,4054.34,0
7.97131,3633.45,10.4889,-12.6675,0.166191,2076.54,0
8.24687,3621.64,12.9753,0.939413,2.1081,3439.48,0
8.52373,3627.04,19.2371,3.27403,1.16748,2693.26,0
8.79744,3625.99,2.43374,22.9389,1.27964,2729.53,0
9.07078,3621.26,-6.97097,22.7874,2.02122,3168.24,0
9.34417,3631.43,-14.4528,23.1581,0.32788,1987.42,0
9.62034,3626.21,-10.8261,21.5991,1.18514,2472.92,0
9.89701,3621.82,3.21522,30.1854,1.79325,2847.15,0
10.171,3608.5,-9.08472,28.7318,4.07505,4080.71,0
10.4476,3611.93,-0.186499,17.1668,3.52607,3643.83,0
10.7245,3606.25,-4.87938,11.468,4.46559,4079.51,0
10.9966,3596.19,-7.26107,23.955,6.05713,4893.19,0
11.2729,3603.29,-19.6247,22.9972,4.42874,4143.65,0
11.5556,3597.3,-22.8285,35.3006,5.08457,4560.89,0
11.8315,3591.02,-33.9667,9.20748,6.35843,4985.11,0
12.1081,3593.42,-36.9032,3.50375,5.61445,4672.61,0
12.3853,3591.13,-29.5559,5.74685,5.89147,4753.34,0
12.6564,3597.61,-23.2577,4.38005,4.44043,4139.3,0
12.9221,3595.28,-19.4611,7.10732,4.89694,4234.87,0
13.2032,3595.48,-32.5106,2.39739,4.53979,4129.39,0
13.4849,3597.91,-33.2364,-10.4025,3.86069,3862.66,0
13.7558,3591.1,-32.7041,4.02916,5.23017,4281.56,0
14.0331,3603.2,-58.6037,6.27925,2.01978,3334.92,0
14.3101,3612.25,-58.6504,-15.8953,0.410917,2637.76,0
14.5847,3594.64,-78.7222,-27.4864,2.43725,3795.99,0
14.8533,3582.68,-80.6505,-31.5298,4.22676,4532,0
15.1313,3583.67,-84.0022,-36.1839,3.7349,4383.68,0
15.3213,3592.48,-90.8245,-41.9648,1.76258,3754.27,0
