0.273103,3631.81,25.6196,37.7292,2.97476,66589.3,0
0.550887,3630.83,29.9758,44.4268,2.91879,34793,0
0.829596,3634.97,26.0592,68.4539,1.81482,18116.2,0
1.10364,3622.66,30.3822,74.281,3.38018,24776.4,0
1.37303,3644.65,41.3874,63.8927,0.352238,3899.98,0
1.64485,3641.08,36.9328,53.6439,1.10145,5423.47,0
1.91869,3636.82,40.302,48.8252,1.78405,6869.23,0
2.1971,3633.74,36.2909,44.711,2.35416,7398.88,0
2.46474,3631.43,54.3946,51.8785,2.22718,7533.32,0
2.74003,3631.08,48.2115,53.8821,2.33491,6905.9,0
3.01386,3636.29,69.1435,51.0853,1.19136,4548.43,0
3.29017,3642.45,64.64,45.1433,0.529949,2294.8,0
3.42936,3633.26,78.0413,62.7031,1.15442,4880.92,0
