0.160741,3648.02,22.3986,36.1208,0.345897,12318.5,0
0.322451,3644.19,31.5047,39.9292,1.30029,18033.1,0
0.481839,3645.47,24.0356,34.9361,1.20719,9405.43,0
0.641307,3645.28,22.1155,37.2058,1.24213,7365.35,0
0.798116,3644.83,22.0361,31.6975,1.52771,6474.01,0
0.959129,3636.71,19.3071,27.3858,4.36938,13857,0
1.11653,3639.54,20.3602,24.0128,3.30545,9372.29,0
1.27361,3629.18,20.5545,23.9015,6.78878,16347.5,0
1.43183,3625.58,24.9234,20.9431,7.38067,17056.4,0
1.58736,3624.93,29.0906,24.4578,7.05654,15795,0
1.74751,3627.28,25.8969,26.5566,5.80939,13001.4,0
1.90504,3626.11,27.2565,22.7535,5.99172,12542.8,0
2.06438,3632.1,31.2752,18.6837,3.49651,8669.22,0
2.2257,3639.5,33.577,9.7402,0.895499,4719.48,0
2.38324,3637.97,33.7877,22.9041,1.21613,5047.66,0
2.54198,3639.51,32.9066,23.4618,0.702252,4126.07,0
2.69805,3633.35,32.1932,27.0533,2.80014,6172.39,0
2.85722,3622.52,42.1726,28.3502,6.1333,9617.29,0
3.01698,3621.11,39.7259,20.3257,6.5552,9576.56,0
3.17924,3616.58,41.2219,18.8338,7.70453,10512.6,0
3.34143,3619.73,40.2592,21.3829,6.04682,9058.46,0
3.49907,3621.41,40.9741,19.5889,5.1581,8169.59,0
3.66034,3623.82,37.7097,16.0347,4.23944,7151.92,0
3.81942,3620.89,42.106,6.70535,5.14612,7622.5,0
3.98201,3624.54,42.4059,6.66945,3.55134,6392.87,0
4.14189,3627.66,38.7645,8.57149,2.51737,5394.55,0
4.30194,3626.72,35.0926,13.8353,2.92069,5411.96,0
4.46476,3634.56,23.835,12.8778,0.425004,3458.73,0
4.625,3634.11,15.9823,7.94719,0.775455,3434.98,0
4.78443,3624.75,15.0043,4.84099,4.282,5278.24,0
4.94081,3620.55,18.7905,2.52634,5.70057,5960.32,0
5.09953,3616.2,22.5295,-2.94691,7.04612,6628.56,0
5.25685,3614.44,21.1441,-5.521,7.18012,6764.48,0
5.41606,3614.17,14.3313,-8.32274,6.92929,6616.17,0
5.57437,3617.59,15.419,-9.53,5.10016,5813.95,0
5.73203,3613.22,17.219,-10.1351,6.55791,6415.75,0
5.89145,3611.18,23.7427,-14.6862,6.65648,6589.85,0
6.04992,3614.85,28.9252,-4.52209,4.84272,5809.88,0
6.20936,3616.48,30.4199,-10.6442,3.98319,5398.67,0
6.36639,3611.5,37.7215,-4.02095,5.41287,6047.79,0
6.52736,3613,37.1885,-1.87408,4.54119,5668,0
6.69093,3610.92,35.2353,-4.44916,5.27663,5841.08,0
6.85392,3613.85,33.0063,-2.81875,4.00931,5273.93,0
7.014,3621.31,33.2145,0.0991084,0.973186,4090.13,0
7.17456,3618.7,33.0107,2.20152,1.97814,4362.08,0
7.33263,3615.46,37.8608,10.0758,2.92266,4710.55,0
7.49434,3615.25,41.5703,4.54079,2.76956,4636.81,0
7.65264,3620.13,44.049,3.52531,0.764457,3903.3,0
7.81355,3616.79,43.2713,7.55218,2.08601,4250.7,0
7.97273,3619.11,39.3938,1.92505,1.39598,3874.61,0
8.13278,3619.5,54.7892,-2.34124,0.40969,3750.01,0
8.29337,3621.17,41.0042,4.88313,0.500368,3475.86,0
8.4505,3615.84,40.881,6.87717,2.52033,4042.91,0
8.61109,3617.56,36.3633,7.20959,2.03614,3767.28,0
8.77416,3609.12,45.0874,10.5256,4.57736,4658.9,0
8.93143,3609.05,44.8949,8.78614,4.60616,4584.62,0
9.0917,3610.09,49.3806,7.20786,3.84662,4389.22,0
9.25184,3614.74,53.051,1.9147,1.80183,3810.72,0
9.41375,3609.74,48.6468,-1.97657,3.97547,4276.62,0
9.573,3613.1,47.3134,-11.9279,2.57897,3854.16,0
9.73029,3617.35,39.496,-13.9917,1.33098,3355.67,0
9.8919,3616.22,46.036,-18.0684,1.34241,3414.91,0
10.0503,3615.82,48.1418,-15.0659,1.43802,3400.96,0
10.2077,3611.02,50.5439,-7.58424,3.19859,3818.68,0
10.3651,3611.3,47.7945,-11.6323,3.11383,3733.97,0
10.5251,3616.16,44.6611,-5.72919,1.43528,3215.23,0
10.6863,3608.3,43.3724,-3.31343,4.56657,3902.35,0
10.8475,3609.75,43.1863,-8.97891,3.83392,3710.14,0
11.0089,3602.41,45.4267,-9.07179,6.47045,4322.99,0
11.1651,3605.72,42.096,-12.0115,4.89598,3965.8,0
11.3217,3600.77,38.4447,-15.4886,6.67766,4348.6,0
11.4783,3597.4,42.7558,-17.5427,7.10096,4582.93,0
11.6384,3599.68,43.0583,-19.4526,5.60877,4323.29,0
11.7985,3601.89,50.4197,-14.9205,4.09467,4077.53,0
11.9612,3603.43,68.245,-23.5869,1.83892,3893.7,0
12.1209,3603.24,68.9099,-13.9277,2.05704,3857.98,0
12.2782,3605.26,65.5941,-5.26943,1.64317,3643.67,0
12.4402,3603.57,63.4619,-3.31058,2.46433,3732.14,0
12.5987,3606.41,60.6191,-4.31461,1.59108,3459.88,0
12.759,3605.14,60.0187,1.88666,2.12508,3515.83,0
12.9182,3602.3,64.1613,0.301779,2.86287,3692.4,0
13.0778,3602.52,70.9764,-6.03778,2.12401,3630.64,0
13.2367,3603.01,77.6114,-6.95886,1.29635,3550.17,0
13.3981,3598.5,67.9288,-1.72465,3.94639,3843.96,0
13.558,3599.08,64.0125,1.61607,4.00629,3755.92,0
13.7151,3604.3,58.9731,-0.36802,2.21093,3332.32,0
13.8727,3606.64,52.7335,3.50368,1.71443,3125.42,0
14.0359,3607.35,48.437,-3.54823,1.70998,3038.61,0
14.1963,3607.47,51.6355,-7.52286,1.42481,2995.64,0
14.3562,3599.02,40.1626,-8.16067,5.59156,3551.05,0
14.5133,3591.64,44.9687,-10.4502,8.01736,4020.98,0
14.676,3594.32,48.0016,-8.96638,6.22773,3793.73,0
14.8378,3589.37,45.7987,-11.0529,8.05991,4086.15,0
14.9969,3586.07,45.0762,-11.5355,8.72304,4263.16,0
15.1581,3588.7,46.5706,-9.07195,6.83685,4044.35,0
15.3174,3590,51.3759,-9.4663,5.62093,3916.99,0
15.48,3587.73,48.3332,-16.1065,6.41951,4022.47,0
15.6414,3587.03,56.5323,-23.9736,5.45148,4025.61,0
15.8034,3592.34,56.0957,-26.4652,2.98646,3648.72,0
15.9633,3589.97,51.5075,-24.7508,4.36086,3760.36,0
16.1227,3586.73,52.4256,-25.6707,5.58986,3924.41,0
16.2837,3586.75,52.8494,-26.9515,5.38277,3884.11,0
16.4421,3589.3,59.2839,-35.3061,3.16581,3691.68,0
16.6007,3583.85,59.8066,-36.7996,5.19894,3984.8,0
16.7618,3582.51,54.6439,-37.0878,6.08559,4026.14,0
16.9238,3584.37,51.4408,-35.8309,5.36231,3877.71,0
17.0843,3587.35,46.6221,-28.3899,4.53846,3667.33,0
17.2424,3590.85,46.6358,-27.9388,2.8641,3430.4,0
17.4056,3590.52,38.9995,-21.6252,3.82891,3417.32,0
17.5692,3589.01,35.8239,-24.7693,4.53335,3471.52,0
17.7288,3584.4,29.9643,-22.9802,6.93037,3700.33,0
17.8876,3585.94,24.2987,-24.612,6.13674,3581.19,0
18.0482,3584.82,22.5951,-31.8654,5.98234,3611.17,0
18.2112,3588.41,22.2278,-32.5127,3.93298,3381.81,0
18.3707,3585.57,27.5638,-33.0663,4.80814,3507.35,0
18.5235,3583.43,28.7007,-34.8511,5.27985,3593.95,0
18.6856,3587.38,22.7574,-36.3621,3.29856,3351.15,0
18.8458,3585.87,25.4857,-27.2721,4.3564,3402.67,0
19.0031,3588.19,22.6918,-27.2729,3.289,3252.71,0
19.1638,3583.9,30.9286,-24.5163,4.92271,3449.16,0
19.3246,3590.23,31.459,-36.0403,1.1099,3092.83,0
19.4819,3580.08,30.9175,-27.4323,6.28975,3589.06,0
19.6406,3579.08,33.5811,-25.8094,6.28178,3610.93,0
19.7989,3580.87,41.2458,-25.3852,4.2979,3491.4,0
19.9597,3590.19,35.9817,-23.3926,0.386034,2996.44,0
20.1226,3589.41,32.8484,-16.7727,1.18339,3010.9,0
20.2797,3588.35,33.6124,-27.0094,1.20369,3040.06,0
20.4375,3588.82,29.5511,-28.0057,1.13377,2993.57,0
20.5946,3591.3,26.0001,-16.9224,0.629781,2850.06,0
20.7524,3590.4,21.7875,-22.4983,1.02838,2872.13,0
20.912,3590.51,23.7896,-9.73024,1.29579,2844.85,0
21.0756,3581.66,30.4397,-10.3438,4.97405,3242.81,0
21.2329,3582.98,27.2253,-10.2678,4.22749,3156.52,0
21.3946,3582.36,26.0373,-14.8908,4.37946,3161.66,0
21.5497,3575.75,26.4144,-11.6001,7.68527,3445.4,0
21.71,3572.58,21.7676,-9.78839,9.19168,3566.05,0
21.8658,3569.72,29.3779,-13.8315,9.15086,3671.46,0
22.0265,3569.6,29.1176,-5.11503,8.68856,3650.34,0
22.1867,3565.14,32.2718,-1.71765,10.2534,3824.96,0
22.3439,3565.23,36.0857,-4.3265,8.30615,3793.98,0
22.5047,3562.87,37.9366,-0.407485,8.65917,3871.78,0
22.6641,3561.67,34.5289,-5.73839,8.78905,3897.51,0
22.8221,3560.7,37.5056,-4.16062,8.4055,3913.02,0
22.9813,3563.93,32.673,-4.48088,6.41889,3745.16,0
23.14,3565.68,36.322,-1.22601,4.68355,3643.74,0
23.3001,3564.03,34.6945,-0.735923,5.56501,3689.55,0
23.4583,3563.34,35.3982,2.07162,5.64652,3694.02,0
23.6167,3563.99,39.5129,3.35147,4.51031,3641.8,0
23.7744,3562.69,28.6644,-1.09225,6.35479,3672.24,0
23.9319,3560.34,19.7531,-0.747045,8.21281,3746.46,0
24.0927,3557.34,20.6548,-7.79899,9.42323,3845.96,0
24.2528,3557.63,16.6701,-8.67285,8.51188,3808.61,0
24.4099,3559.39,13.966,-11.9281,6.47332,3712.2,0
24.5702,3561.3,10.7704,-9.12975,5.12155,3610.26,0
24.7323,3564.41,11.2477,-12.1512,2.82478,3460.72,0
24.8945,3568.38,2.49862,-14.9109,0.41605,3278.47,0
25.0544,3562.86,-2.07834,-13.8993,3.85949,3477.9,0
25.2107,3556.23,-1.80345,-15.0801,7.78197,3719.51,0
25.3702,3558.78,-0.44968,-9.48047,5.97814,3595.51,0
25.5304,3556.47,-2.89561,-8.49566,7.4379,3663.5,0
25.6912,3555.42,-3.63104,-6.61383,7.50745,3681.53,0
25.8493,3551.28,-9.24695,-8.87825,9.99969,3818.92,0
26.01,3554.91,-12.8827,-2.6485,6.66591,3655.71,0
26.1677,3553.14,-13.3788,-7.11731,7.33014,3701.5,0
26.3251,3547.49,-14.7203,-3.64607,10.7272,3893.99,0
26.4882,3549.04,-14.6541,3.81146,8.49869,3811.58,0
26.6495,3544.15,-6.11451,3.89626,1.11274,3972.05,0
26.8096,3542.92,-4.39301,2.45472,2.29041,3994.21,0
26.9672,3536.29,5.72077,-12.5901,7.50482,4216.59,0
27.126,3536.76,10.3916,-7.2912,6.6085,4174.76,0
27.2827,3532.98,17.29,-12.542,7.9363,4289.28,0
27.4401,3531.85,19.2967,-13.1724,8.02141,4305.76,0
27.5975,3528.24,24.1293,-12.0806,9.30448,4411.84,0
27.7615,3532.88,19.4741,-5.80596,6.27379,4218.67,0
27.9202,3537.35,10.7163,-1.12521,3.35162,4034.76,0
28.0819,3534.69,14.7797,-2.53919,5.22745,4106.28,0
28.2404,3534.11,18.4015,-8.22688,4.30031,4103.58,0
28.3988,3534.93,21.8849,-11.4299,2.31902,4052.03,0
28.5553,3529.9,21.6945,-15.5445,6.44484,4205.79,0
28.7147,3530.76,29.2814,-17.0091,3.20362,4152.59,0
28.8753,3533.96,26.9903,-16.4379,0.98854,4018.66,0
29.0329,3528.6,20.955,-14.5257,7.54457,4181.32,0
29.1934,3522.19,23.9552,-12.2077,1.49643,4378.06,0
29.3539,3521.32,18.454,-9.86242,4.81286,4383.86,0
29.5106,3523.28,19.2644,-10.6398,2.00083,4294.01,0
29.6709,3520.4,22.9009,-17.287,2.25021,4368.08,0
29.8311,3521.45,16.0436,-11.0544,5.10729,4309.4,0
29.9898,3525.24,12.2285,-11.7771,1.11368,4160.08,0
30.15,3516.9,12.3087,-9.98075,12.3889,4414.63,0
30.3109,3512.37,21.4422,-2.89247,3.20416,4540.63,0
30.4735,3506.72,18.9763,-7.96992,0.570451,4701.86,0
30.6341,3505.46,7.66286,-11.2223,11.2206,4718.31,0
30.7951,3506.11,3.26275,-10.3611,1.79939,4672.52,0
30.9169,3498.63,-0.533458,1.19501,18.9413,4895.9,0
