0.15819,3641.43,-26.8849,28.612,2.80751,54171.5,0
0.317928,3637.68,-26.1125,28.4579,3.97406,38740.3,0
0.474574,3639.23,-26.2636,37.0812,3.00563,22691.9,0
0.635974,3633.04,-26.4711,36.2841,5.08371,26665,0
0.795914,3633.97,-19.7888,29.3468,4.87152,20141.1,0
0.956162,3625.85,-20.9976,38.0111,6.97035,25259.6,0
1.11311,3629.05,-18.3599,44.6504,5.30516,18821.7,0
1.2719,3629.57,-20.1227,51.0672,4.63283,16065.8,0
1.43576,3627.36,-20.7903,55.6815,4.98889,15765.2,0
1.5972,3625.12,-24.9194,51.8187,5.72469,15577.6,0
1.75717,3632.72,-27.3357,55.2362,2.7075,9834.44,0
1.91607,3633.29,-26.5743,56.8331,2.37643,8719.19,0
2.07665,3625.54,-23.4773,53.1987,5.31655,11778.5,0
2.23931,3621.8,-20.4347,52.7649,6.35117,12594.9,0
2.39827,3624.08,-18.3315,54.6123,5.24196,10808.5,0
2.55407,3619.06,-21.9818,55.5506,6.69505,12115.4,0
2.7146,3622.11,-19.1805,50.4681,5.4566,10273.1,0
2.87375,3616.04,-19.9505,45.0851,7.65291,11818.6,0
3.03293,3617.58,-21.5494,38.4652,6.82336,10689.8,0
3.19139,3616.39,-23.2821,39.1924,6.64926,10530.5,0
3.35252,3611.34,-23.0128,41.9002,7.81373,11530.4,0
3.51438,3613.46,-23.9486,45.0437,6.40627,10398.3,0
3.67501,3613.28,-25.4948,48.0191,5.71011,9990.99,0
3.83731,3610.37,-25.9133,43.5873,6.49334,10328.2,0
3.99761,3611.91,-33.7618,47.8811,4.95331,9528.54,0
4.15775,3614.73,-35.4815,43.3308,3.79649,8482.24,0
4.31828,3615.48,-43.7752,40.7786,3.1843,7994.36,0
4.47726,3615.5,-36.1139,43.0305,3.34583,7704.83,0
4.63581,3614.14,-33.899,39.0975,4.03887,7735.12,0
4.79525,3614.94,-26.4631,43.0799,3.64227,7312.41,0
4.95404,3609.94,-21.7166,51.4131,5.11239,8086.94,0
5.11391,3613.69,-19.777,51.3561,3.64195,7100.25,0
5.26934,3610.84,-19.3169,48.6234,4.8255,7431.29,0
5.43094,3607.32,-17.623,50.0857,5.85446,7859.23,0
5.58914,3601.07,-16.9714,45.3545,7.98717,8755.18,0
5.74633,3600.53,-20.7389,38.5441,7.80318,8608.83,0
5.90646,3604.3,-18.1661,32.3888,6.13424,7737.93,0
6.06351,3605.96,-23.3267,37.1636,4.72428,7262.7,0
6.22382,3605.51,-23.9583,35.5991,4.72371,7148.54,0
6.38448,3604.87,-22.9984,34.1533,4.92926,7068.3,0
6.54698,3601.52,-24.5301,34.5019,6.03459,7405.1,0
6.70511,3601.01,-19.7492,28.7317,6.39206,7306.25,0
6.86976,3602.88,-17.0618,27.7755,5.34296,6858.75,0
7.03085,3601.61,-11.5229,31.7207,5.51688,6883.08,0
7.19311,3602.97,-9.3364,22.7672,5.00655,6538.14,0
7.35474,3597.99,-9.87141,19.6778,7.01073,7071.54,0
7.51481,3598.31,-7.66398,18.7668,6.54244,6878.69,0
7.67788,3598.41,-5.19313,15.7728,6.3857,6718.88,0
7.83634,3600.2,1.84557,13.8966,5.46578,6354.56,0
7.99737,3606.25,-4.51961,14.1949,2.67797,5470.58,0
8.15655,3605,-9.96518,8.76703,3.21353,5517.42,0
8.31735,3609.87,-12.8088,6.55027,1.10038,4824.46,0
8.47558,3608.23,-5.11444,13.2362,1.78976,4927.95,0
8.63756,3609.47,-10.5947,12.4622,1.21882,4691.83,0
8.79684,3600.6,-19.2629,14.2244,4.77788,5615.26,0
8.95707,3605.92,-29.7331,4.61016,2.20651,4921.09,0
9.11882,3600.15,-36.9742,8.38734,4.23936,5467.04,0
9.27711,3600.49,-38.5467,11.813,3.86193,5336.44,0
9.44101,3601.24,-42.4299,18.0973,3.06233,5164.83,0
9.60208,3605.95,-41.3675,14.239,1.24307,4587.06,0
9.76198,3607.81,-32.668,7.89,1.01316,4322.03,0
9.92082,3604.08,-29.2703,10.01,2.71494,4628.76,0
10.0825,3609.51,-33.9513,13.7442,0.119081,4015.88,0
10.2428,3604.05,-32.1321,19.0441,2.36268,4485.92,0
10.401,3605.72,-31.1536,22.0785,1.57163,4257.26,0
10.5622,3605.22,-35.7394,29.4574,1.29165,4239.97,0
10.7218,3601.14,-44.7578,35.0142,2.15098,4556.59,0
10.8832,3588.74,-40.9373,44.5395,6.81024,5629.03,0
11.0395,3584.72,-46.5053,54.0164,7.0304,5912.98,0
11.2006,3584.44,-49.0996,59.0198,5.89972,5853.2,0
11.3619,3580.32,-47.2403,59.4721,7.16436,6132.64,0
11.5206,3583.02,-43.298,65.4722,5.3719,5813.95,0
11.6856,3581.97,-43.0037,70.1385,5.20909,5821.89,0
11.8457,3575.33,-43.2121,71.4185,7.40961,6303.22,0
12.0063,3569.16,-37.1914,70.7113,9.92567,6733.08,0
12.1651,3562.27,-39.0858,60.0962,1.80022,7211.98,0
12.327,3558.14,-34.5216,60.4712,3.96007,7451.64,0
12.4871,3555.2,-41.0897,61.0044,4.65219,7591.98,0
12.6469,3556.57,-41.0486,61.2782,3.59186,7387.57,0
12.8077,3564.7,-39.9531,50.0565,1.24885,6659.95,0
12.9692,3564.17,-32.2559,65.2895,0.0799822,6618.2,0
13.131,3554.14,-27.101,68.8785,4.70928,7300.29,0
13.288,3553.71,-21.1115,67.3645,5.31194,7246.73,0
13.4466,3557.63,-16.3571,67.9113,3.2247,6869.26,0
13.6055,3555.55,-17.0373,61.1876,5.32531,6941.98,0
13.7651,3559.31,-11.4256,65.453,2.64701,6588.35,0
13.9244,3561.17,-16.4033,61.8284,2.10576,6379.23,0
14.0846,3557.37,-23.4651,61.8752,3.62156,6576.45,0
14.2442,3556.34,-18.7999,63.3818,4.05206,6575.55,0
14.4065,3555.29,-20.6655,62.508,4.35963,6574.04,0
14.5633,3549.73,-30.429,63.2314,6.16815,6885.21,0
14.7222,3542.5,-28.5202,62.9129,9.48803,7302.2,0
14.883,3545.89,-30.3263,64.1311,6.65272,6994.97,0
15.0407,3552.32,-26.4802,63.1139,3.4964,6494.19,0
15.2002,3549.66,-18.3618,58.2914,6.17743,6601.47,0
15.3574,3545.29,-22.1005,62.5205,7.0398,6818.41,0
15.52,3552.93,-17.6272,56.457,4.10343,6254.33,0
15.6811,3555.08,-27.9842,45.6587,3.90669,6053.02,0
15.8422,3557.61,-32.517,47.1327,1.69092,5832.21,0
16.0041,3547.43,-25.38,48.6735,7.85125,6409.03,0
16.1653,3553.64,-22.8091,54.1312,2.86484,5961.07,0
16.3212,3551.04,-17.26,59.256,3.60735,6063.37,0
16.4816,3551.98,-5.1236,54.7264,4.31793,5946.94,0
16.6419,3553.99,-3.11156,61.7407,1.83617,5769.07,0
16.8018,3547.48,-0.591547,59.7506,5.71726,6101.54,0
16.9635,3547.77,0.510432,59.188,5.37922,6026.28,0
17.1208,3540.08,1.53076,62.2704,8.56781,6420.22,0
17.2835,3540.66,5.42463,62.7748,7.20144,6326.54,0
17.445,3543.51,13.4941,61.308,5.39531,6104.29,0
17.6011,3544.18,17.3029,66.8013,3.49349,6011.88,0
17.7618,3543.36,17.302,69.4195,3.21886,6004.17,0
17.9223,3540.06,28.8914,65.0591,4.9983,6134.43,0
18.0815,3544.67,28.1815,64.7529,2.62972,5825.4,0
18.2425,3541.39,30.2414,71.8656,2.54066,5953.5,0
18.4001,3543.3,23.3016,72.5618,1.96295,5798.71,0
18.5583,3544.35,31.669,68.945,1.49616,5693.03,0
18.7158,3540.29,38.6721,70.4305,2.51844,5862.05,0
18.8759,3537.56,31.9748,83.5433,1.63455,5956.55,0
19.0355,3531.44,18.3575,84.0826,5.49382,6228.52,0
19.1934,3534.24,19.583,83.4938,3.94003,6031.4,0
19.3516,3532.89,36.959,84.7353,2.81645,6051.52,0
19.5158,3536.84,31.4674,84.3566,1.51406,5798.34,0
19.6791,3529.53,30.354,83.8694,5.20547,6121.63,0
19.8385,3520.42,26.8883,89.7521,8.01903,6531.65,0
19.9373,3519.59,26.1802,96.502,6.1617,6540.93,0
