0.158906,3648.02,8.25663,21.2387,0.719358,12452,0
0.318038,3643.27,-6.11291,23.8806,2.29876,21145.3,0
0.476098,3645.7,-8.20853,20.5218,1.50846,9026.94,0
0.637465,3644,0.219119,20.0527,2.12541,9411.22,0
0.79764,3640.97,-0.698287,18.4574,3.19966,11322.5,0
0.957016,3634.96,6.39053,15.8596,5.2157,15712.9,0
1.11656,3643.48,9.41207,10.7685,2.11555,5842.68,0
1.27493,3643.43,9.21171,16.8301,2.05638,5155.61,0
1.43255,3643.71,9.72773,14.4128,2.004,4390.69,0
1.58995,3646.61,9.14767,-0.206725,1.09146,2133.57,0
1.75026,3645.57,15.6922,-0.232467,1.36556,2530.16,0
1.91072,3642.62,13.9351,-10.6983,2.3296,3861.12,0
2.07291,3640.55,10.8207,-4.06199,3.06619,4556.71,0
2.23289,3635.45,13.7903,-5.63075,4.70417,6516.21,0
2.39248,3636.48,14.509,-2.04312,4.08381,5649.49,0
2.55115,3635.88,12.8193,-3.353,4.23724,5535.11,0
2.71168,3638.33,0.824179,-10.7594,3.34867,4304.34,0
2.86652,3637.45,5.45282,-13.136,3.61304,4379.3,0
3.02667,3643.21,0.728846,-13.5858,1.5078,2242.74,0
3.18851,3643.69,-2.90303,-18.759,1.27898,1979.34,0
3.34782,3638.85,7.54625,-16.9621,2.93943,3330.19,0
3.51148,3626.06,1.62414,-18.0207,7.34957,6817.8,0
3.67487,3625.52,-1.98864,-16.599,6.92866,6661.59,0
3.83463,3620.64,2.45995,-20.3442,8.00615,7655.24,0
3.99452,3619.46,7.47385,-19.0496,7.91443,7644.71,0
4.15488,3619.06,7.76305,-11.0124,7.50037,7447.55,0
4.31348,3619.64,13.0185,-16.2545,6.53573,7038.52,0
4.47182,3627.56,13.6699,-6.72599,3.28954,5017.6,0
4.63319,3622.08,7.3765,-9.76829,5.20325,6025.46,0
4.79488,3623.18,4.95204,-5.65839,4.7217,5593.16,0
4.95266,3632.82,6.83771,-8.72152,1.03421,3469.83,0
5.10859,3633.72,2.79071,0.921553,0.737534,3187.43,0
5.26825,3626.87,0.257722,0.962056,3.23888,4390.26,0
5.42618,3623,1.19533,-1.81596,4.61342,4975.7,0
5.58229,3627.11,9.87372,0.971437,2.86821,4100.94,0
5.74042,3622.37,6.87889,3.38123,4.60472,4813.16,0
5.8987,3624.58,7.83451,9.17255,3.58342,4309.85,0
6.05554,3622.01,8.67887,9.82633,4.48964,4622.15,0
6.2164,3627.67,17.4026,15.6995,2.03873,3592.76,0
6.37681,3628.06,6.89581,7.78476,1.98568,3440.05,0
6.53786,3626.28,3.75521,10.139,2.56542,3627.46,0
6.69307,3621.79,1.09393,9.76239,4.26192,4214.28,0
6.85325,3618.42,4.20698,4.16763,5.5012,4608.27,0
7.01073,3615.23,0.388502,8.64158,6.3915,4960.22,0
7.17113,3614.87,2.37191,7.62942,6.1174,4899.09,0
7.33267,3621.36,0.247354,3.51091,3.17334,3906.09,0
7.49534,3622.95,1.93982,1.56951,2.52049,3608.94,0
7.65481,3623.7,-4.37344,3.10305,2.19962,3436.24,0
7.81384,3619.9,-1.32223,4.79681,3.63022,3852.61,0
7.97313,3618.56,-7.84992,6.1622,4.05598,3943.65,0
8.13495,3620.37,-4.75848,2.54761,3.32501,3641.72,0
8.29687,3622.44,-8.06294,-5.03713,2.48125,3322.13,0
8.4554,3619.78,-2.27203,-10.3165,3.42322,3573.5,0
8.61872,3622.78,-2.31041,-5.32665,2.26112,3158.22,0
8.77571,3618.71,-6.36715,4.09706,3.74941,3565.68,0
8.93825,3623,-8.17108,7.67243,1.91251,3021.13,0
9.09806,3624.06,-5.31148,8.79859,1.49754,2850.67,0
9.25732,3619.84,-3.74723,0.945722,3.13563,3257.88,0
9.41653,3626.28,-9.19003,-5.24716,0.581534,2519.27,0
9.57738,3622.88,-9.00905,-14.4168,1.77997,2831.76,0
9.73782,3620.13,-6.49526,-13.7123,2.85454,3067.24,0
9.90281,3617.32,-2.89915,-16.049,3.88864,3299.74,0
10.0606,3611.15,-1.84829,-15.7555,6.02823,3861.59,0
10.2184,3611.73,-8.92233,-16.171,5.4313,3744.87,0
10.378,3620.25,-8.56614,-13.5006,1.89397,2866.73,0
10.5346,3619.27,-11.5977,-24.945,1.86663,2917.22,0
10.6943,3622.46,-15.5808,-30.8713,0.387246,2574.79,0
10.857,3620.13,-17.3507,-18.4973,1.61363,2751.33,0
11.0218,3619.01,-21.4447,-17.4293,1.97765,2811.82,0
11.1853,3621.49,-20.4977,-23.5591,0.904869,2548.74,0
11.3417,3614.09,-31.8304,-23.364,3.3849,3165.92,0
11.5035,3615.75,-35.3194,-17.0257,2.65205,2977.12,0
11.6627,3616.05,-28.4196,-10.4274,2.86493,2911.19,0
11.8237,3617.33,-35.205,-13.385,1.92149,2762.93,0
11.9836,3615.29,-32.6759,-5.75245,2.89357,2896.53,0
12.1449,3612.66,-37.3774,-3.23805,3.67308,3074.66,0
12.3061,3619.56,-36.3466,-2.05183,0.879259,2473.18,0
12.4658,3618.79,-48.6188,-20.2655,0.333099,2503.68,0
12.6247,3613.72,-46.1614,-15.5478,2.51751,2874.09,0
12.7808,3616.1,-41.5287,-13.8226,1.88649,2652.4,0
12.9434,3615.7,-40.0616,-6.5224,2.18035,2649.62,0
13.1018,3618.24,-37.6274,-10.9655,1.18157,2424.44,0
13.2637,3614.28,-43.8892,-13.5543,2.36183,2693.08,0
13.4228,3615.71,-32.5152,-15.0625,2.29875,2554.96,0
13.5793,3610.03,-33.219,-13.945,4.48572,2943.38,0
13.7409,3612.71,-30.549,-6.41548,3.55371,2713.88,0
13.9024,3619.51,-28.2578,-2.19321,0.913666,2193.09,0
14.0623,3618.1,-23.5525,-1.78255,1.62612,2268.81,0
14.222,3609.82,-24.4348,0.544309,4.9204,2825.29,0
14.3837,3612.68,-21.3093,2.03806,3.73955,2594.4,0
14.5435,3618.51,-9.58481,5.85761,1.59011,2165.3,0
14.706,3618.95,-15.8929,15.8567,1.1586,2111.4,0
14.8647,3615.78,-14.5419,23.6779,2.23323,2302.18,0
15.0213,3613.81,-15.916,19.9574,3.06807,2409.06,0
15.18,3615.77,-19.065,20.7222,2.08085,2254.89,0
15.3378,3612.84,-20.4488,20.319,3.14544,2422.65,0
15.4997,3615.34,-27.5688,22.3512,1.84218,2236.21,0
15.6593,3619.21,-29.8236,20.146,0.270498,1966.53,0
15.8187,3611.23,-24.2661,22.4368,3.52323,2450.72,0
15.9796,3611.11,-29.4765,28.0366,3.15177,2434.01,0
16.1385,3603.97,-30.6555,30.2632,5.58264,2852.04,0
16.297,3609.75,-29.7095,39.6277,2.65673,2469.62,0
16.4573,3601.9,-24.8913,37.7901,6.06976,2922.81,0
16.6201,3600.93,-25.6607,34.0362,6.34151,2952.65,0
16.7775,3610.39,-22.096,29.3342,2.60116,2360.91,0
16.9359,3610.33,-19.385,34.2321,2.48455,2342.14,0
17.0969,3615.76,-31.405,22.131,0.376765,2002.9,0
17.2562,3604.76,-32.1866,23.3198,4.69277,2621.58,0
17.4145,3600.65,-33.4861,23.4762,6.17157,2833.77,0
17.5753,3599.17,-29.2374,26.7168,6.69884,2892.17,0
17.7335,3602.25,-24.3068,25.4494,5.25316,2692.61,0
17.8952,3609.32,-19.7277,36.2214,1.96555,2272.97,0
18.0552,3610.14,-27.0278,37.3466,1.34214,2207.82,0
18.2158,3604.01,-28.0574,23.6551,4.30554,2524.52,0
18.3775,3593.65,-21.8492,21.0968,8.73608,3066.49,0
18.5378,3591.99,-22.131,20.9498,8.66476,3129.51,0
18.7002,3593.11,-17.2959,22.2915,7.14889,3042.18,0
18.8594,3593.27,-14.8632,17.3513,6.83686,3008.26,0
19.0172,3591.36,-16.0473,19.0431,7.24362,3083.42,0
19.1759,3588.84,-13.6334,20.991,8.00158,3189.36,0
19.336,3583.83,-7.74506,28.7757,9.24103,3422.18,0
19.4967,3582.72,-12.8874,37.018,8.30799,3450.87,0
19.6597,3587.14,-15.8361,36.7985,5.76007,3197.6,0
19.8228,3587.56,-16.0936,40.5339,5.02178,3150.05,0
19.9879,3592.05,-7.72143,41.5464,2.79356,2899.46,0
20.1482,3588.56,-14.9206,45.0792,3.84953,3049.51,0
20.3098,3587.2,-12.1703,48.4409,4.15035,3092.04,0
20.4684,3584.99,-5.6405,54.1198,4.43438,3176.04,0
20.6299,3582.42,-3.54847,45.9517,6.07606,3275.87,0
20.7895,3582.98,-3.46141,48.4839,5.28415,3223.61,0
20.95,3588.88,6.94319,42.2113,2.82081,2917.23,0
21.1094,3585.84,9.02078,47.3771,3.78603,3039.19,0
21.2687,3586.91,4.64451,40.6994,3.70955,2966.32,0
21.4274,3582.56,10.9908,41.7973,5.4315,3147.49,0
21.5866,3587.27,11.6871,44.1756,2.83987,2906.09,0
21.749,3579.84,18.9936,49.8233,5.42078,3225.83,0
21.9095,3578.75,21.186,55.116,5.14528,3252.08,0
22.0703,3571.83,22.0426,59.0249,7.38447,3541.68,0
22.2317,3571.45,23.6974,57.2865,7.21349,3533.05,0
22.3918,3570.96,21.3594,56.0864,7.17751,3529.97,0
22.553,3568.18,22.4862,58.6466,7.46986,3628.01,0
22.7106,3569.79,26.7218,59.5301,5.83859,3531.95,0
22.8674,3575.54,29.8824,55.0636,3.19616,3256.19,0
23.0294,3571.79,32.424,47.997,5.434,3396.1,0
23.1876,3564.88,33.415,42.3134,8.64299,3671.1,0
23.351,3559.05,38.8399,48.7896,9.34519,3895.09,0
23.5061,3552.62,35.0439,42.6607,1.70793,4142.73,0
23.6664,3544.23,32.77,38.8692,7.38401,4469.04,0
23.8314,3545.84,37.4814,38.0355,5.03212,4370.61,0
23.9958,3553.35,38.1421,35.6889,0.683568,4027.95,0
24.155,3548.66,43.1337,32.274,3.07872,4195.39,0
24.316,3549.99,34.4405,32.8033,3.50553,4113.12,0
24.4741,3546.13,30.384,40.9136,5.12199,4244,0
24.6367,3547.89,34.1047,39.6114,3.58212,4144.81,0
24.8007,3546.5,39.1163,45.3044,2.63777,4173.15,0
24.9638,3542.12,32.4586,41.1661,6.6904,4321.51,0
25.1234,3537.63,27.9275,47.2145,8.2425,4472.86,0
25.2855,3541.85,33.5026,47.223,4.32956,4277.33,0
25.4477,3540.25,30.0807,50.4003,4.85734,4312.74,0
25.6063,3533.6,30.5046,51.1206,8.18555,4545.63,0
25.7676,3527.13,26.7275,47.182,1.33556,4768.54,0
25.9236,3521.7,16.3197,49.6538,5.88361,4949.33,0
26.0823,3526.05,25.6476,45.5967,2.58336,4752.08,0
26.242,3523.93,26.4098,44.52,4.21984,4804.12,0
26.4038,3523.29,30.6528,48.6276,2.54139,4798.86,0
26.563,3522.02,25.4381,45.8147,5.21822,4817.98,0
26.7238,3520.48,22.9228,44.8936,6.89681,4846.69,0
26.886,3518.99,21.9839,43.8785,7.91979,4872.87,0
27.0445,3524.18,25.7242,42.869,3.05413,4652.37,0
27.2052,3524.05,24.9013,33.5441,6.01719,4629.67,0
27.3671,3524.73,21.5305,39.8681,3.85147,4577.32,0
27.5277,3521.7,17.8661,39.3469,6.85691,4660.91,0
27.6871,3520.28,17.9816,38.1192,7.74947,4685.21,0
27.8484,3519.42,26.5201,33.634,7.64797,4688.89,0
28.0073,3514.79,22.0846,33.6653,0.41611,4827.53,0
28.1645,3510.09,29.177,31.7284,3.14318,4967.53,0
28.3284,3504.93,34.0963,28.9443,6.55407,5121.07,0
28.4912,3496.16,33.3563,28.122,3.3507,5399.64,0
28.65,3491.07,42.8967,25.8904,2.51961,5547.18,0
28.8091,3491.77,42.1529,22.7418,3.53584,5492.41,0
28.9658,3489.98,47.1685,16.9444,3.25507,5524.43,0
29.128,3486.02,50.4001,24.694,1.80485,5629.64,0
29.2844,3483.6,42.2242,31.3366,6.27264,5682.35,0
29.4445,3484.13,40.0534,30.6446,6.96598,5633.42,0
29.6004,3481.28,36.6732,34.7633,9.11288,5700.01,0
29.7587,3481.82,35.7071,24.0222,3.71492,5651.57,0
29.919,3483.22,28.3435,26.4697,7.05121,5574.42,0
30.0735,3480.18,24.1881,24.5602,3.58838,5646.82,0
30.2325,3475.9,19.7809,31.3232,4.40574,5758.69,0
30.3953,3474.78,18.5537,31.105,6.41342,5764.64,0
30.5554,3475.95,15.8861,32.0704,5.41958,5696.31,0
30.7172,3471.67,6.00089,34.061,11.0475,5805.7,0
30.8763,3470.78,5.02896,29.1707,8.47695,5804.31,0
31.0333,3467.07,9.30179,33.4276,3.1313,5894.73,0
31.1963,3470.19,1.14024,26.7238,2.11141,5763.95,0
31.3572,3468.68,1.55445,10.6615,7.23616,5782.25,1
31.4444,3467.71,1.85311,7.15986,7.90685,5797.07,1
