0.158663,3644.03,33.3433,54.4668,1.99772,37625.8,0
0.315866,3642.37,28.1606,50.8526,2.73744,24144.4,0
0.474218,3639.03,26.9917,51.3004,3.85002,23139.1,0
0.630087,3641.95,27.1663,54.3071,2.67332,12768.8,0
0.792593,3645.3,31.3744,52.5759,1.53537,5931.59,0
0.955984,3640.28,33.5643,49.792,3.18348,10167.8,0
1.11974,3644.4,30.0685,39.434,2.2403,5001.85,0
1.2794,3646.79,38.9262,39.3256,1.21338,2507.75,0
1.43955,3647.75,26.6711,34.0994,1.32773,1562.2,0
1.60091,3650.74,25.4747,33.8222,0.393095,-461.026,0
1.76341,3638.75,25.913,26.3736,4.49557,6378.03,0
1.92524,3633.19,32.579,33.5681,5.80525,8733.05,0
2.08803,3639.51,26.7954,31.8801,3.55457,5025.68,0
2.24579,3647.91,31.2482,25.8166,0.757204,931.377,0
2.40555,3642.73,32.3419,23.2335,2.48392,3021.41,0
2.56557,3636.31,35.7012,26.0372,4.45466,5334.39,0
2.72337,3633.72,34.9426,28.5873,5.02575,5979.57,0
2.88663,3632.36,31.64,22.6295,5.32772,6112.42,0
3.051,3630.22,22.2273,19.6176,5.99764,6484,0
3.2134,3631.27,18.7693,20.5309,5.51323,5828.22,0
3.37273,3626.11,16.8734,18.8665,7.10151,7083.8,0
3.53177,3628.77,17.7596,20.2076,5.6433,6011.52,0
3.69089,3627.19,14.7277,25.8442,5.93702,6179.81,0
3.84981,3625.64,12.1977,23.4544,6.24384,6328.09,0
4.00778,3629.3,9.1854,25.7054,4.53694,5165.74,0
4.16941,3639.63,7.84543,35.7622,0.567269,2487.32,0
4.32858,3633.77,8.21267,33.4835,2.6771,3748.39,0
4.48846,3625.54,2.78481,22.3049,5.89857,5450.28,0
4.64586,3623.97,0.559074,20.4482,6.33336,5602,0
4.80387,3624.47,8.9543,26.6341,5.6315,5314.66,0
4.96086,3621.8,11.7688,25.7074,6.2416,5684.79,0
5.11977,3627.14,14.2445,24.8125,3.98259,4465.76,0
5.27905,3624.09,13.099,26.1447,4.94388,4907.14,0
5.43911,3623.51,15.6142,25.6038,4.89635,4870.73,0
5.59973,3621.7,23.2484,24.6049,5.02674,5054.16,0
5.75897,3622.65,24.0617,25.7599,4.47027,4749.09,0
5.91915,3620.28,20.3763,24.9048,5.38674,5021.61,0
6.07797,3622.58,26.9046,31.8949,4.04141,4511.79,0
6.23729,3620.68,23.3814,24.9709,4.88942,4700.33,0
6.39494,3627.34,19.519,26.3907,2.40037,3543.06,0
6.55477,3632.63,16.9688,19.7148,0.692486,2650.64,0
6.71402,3627.04,7.81099,21.9502,2.77228,3420.12,0
6.87456,3612.31,0.221818,20.7405,8.30637,5482.17,0
7.03365,3611.16,1.06146,27.8706,7.61851,5521.93,0
7.19551,3613.72,7.35129,24.2708,6.20006,5041.83,0
7.35647,3607.9,4.90884,22.7131,8.17796,5722.54,0
7.51463,3610.15,-0.187872,20.0051,6.79162,5302.83,0
7.67643,3609.47,5.74287,26.7081,6.40323,5280.14,0
7.83518,3612.44,12.0027,29.2403,4.75629,4794,0
7.99465,3615.25,14.7253,31.1418,3.27479,4346.93,0
8.15204,3621.78,20.3526,24.6598,0.777322,3462.04,0
8.3105,3616.18,19.2571,2.49459,3.36719,4069.3,0
8.47167,3605.28,13.4818,-3.45191,7.7265,5278.26,0
8.63,3600.42,11.3711,-3.80809,9.23968,5745.16,0
8.78894,3595.59,10.9912,3.80421,10.5127,6190.2,0
8.94752,3596.41,4.63611,0.983201,9.12479,5989.31,0
9.10381,3594.3,2.68151,3.32196,8.99124,6117.8,0
9.26584,3593.51,9.10253,-0.567312,8.50337,6096.39,0
9.42535,3594.84,11.3493,-0.358284,7.17063,5852.63,0
9.58547,3603.09,9.45547,2.11936,3.19534,4894.16,0
9.74512,3595.82,2.90307,5.30183,6.47828,5559.94,0
9.90534,3593.15,3.69682,10.4901,7.20731,5739.07,0
10.0686,3598.84,-2.86067,5.91717,4.44921,5080.84,0
10.2285,3608.3,-5.26777,3.44228,0.210462,4076.91,0
10.3855,3600.57,-7.7157,3.75367,3.56351,4759.95,0
10.5461,3600.69,-2.52265,4.75505,3.40491,4675.67,0
10.7064,3596.44,2.21833,10.5073,5.16803,5002.38,0
10.8644,3591.06,-2.51326,17.8889,7.09959,5425.1,0
11.0221,3590.89,6.196,14.482,6.90426,5363.05,0
11.1806,3588.38,13.5756,10.5956,7.54793,5511.61,0
11.3407,3588.68,11.2822,14.773,6.90177,5407.36,0
11.4984,3594.2,17.9664,9.7477,3.95033,4853.15,0
11.6582,3598.75,18.1851,11.4792,1.7529,4395.98,0
11.8227,3596.94,16.2312,17.8151,2.47307,4487.65,0
11.9798,3596.27,18.344,20.0048,2.58784,4485.36,0
12.1413,3594.26,13.8107,26.4608,3.37251,4590.79,0
12.3028,3598.63,-1.0357,22.7606,1.67458,4175.09,0
12.461,3594.51,-6.31845,11.9434,3.807,4452.77,0
12.6209,3597.37,-9.96711,11.7941,2.38775,4169.88,0
12.7783,3598.73,-7.66238,7.75443,1.91228,4012.58,0
12.9331,3598.85,-0.41671,4.94911,1.96439,3954.76,0
13.0899,3590.69,2.09517,1.89013,5.75137,4530.98,0
13.2503,3590.4,5.71793,11.4105,5.57861,4497.92,0
13.4096,3585.13,12.9311,7.71964,7.50587,4837.95,0
13.5697,3585.4,16.8451,7.33864,6.9405,4760.62,0
13.7283,3585.65,23.9976,4.15207,6.07145,4687.41,0
13.8932,3589.2,28.6654,2.41394,3.86339,4376.15,0
14.0554,3585.07,23.1129,3.47641,5.89735,4619.54,0
14.2133,3584.29,25.3744,-6.4557,5.85065,4622.78,0
14.3766,3584.22,31.6588,-2.24352,5.31533,4575.24,0
14.5355,3582.28,27.0646,-6.81776,6.07745,4658.85,0
14.6947,3579.09,27.5208,-3.11921,7.13213,4825.54,0
14.8544,3578.56,32.0613,-4.59714,6.73854,4809.03,0
15.0164,3579.03,22.4665,-7.93333,6.62846,4726.03,0
15.1746,3584.72,30.839,-5.43578,2.93133,4302.01,0
15.3339,3587.99,23.6589,-4.11558,1.70671,4044.11,0
15.4912,3591.37,10.7534,0.410438,0.531865,3784.5,0
15.6532,3584.61,11.2457,3.73845,3.88332,4177.36,0
15.8108,3580.68,12.6941,0.46037,5.6681,4384.33,0
15.9706,3583.31,9.90777,-3.03628,4.21938,4175.67,0
16.1319,3590.07,19.9655,-4.70578,0.461287,3714.91,0
16.2937,3584.97,17.7972,-7.43834,2.99916,3991.41,0
16.454,3588.31,35.6249,-1.07142,0.407347,3749.1,0
16.613,3582.13,32.1998,3.31619,3.5834,4085.12,0
16.773,3585.34,31.1605,-2.32704,2.01995,3855.16,0
16.9331,3579.16,47.0773,-13.3072,3.48571,4183.55,0
17.0927,3580.46,53.4622,-12.2235,2.17382,4068.62,0
17.2577,3577.64,53.6311,-11.6929,3.43485,4193.2,0
17.4178,3577.28,54.3769,-7.93928,3.35363,4175,0
17.5763,3573.35,54.3736,-5.37588,5.09513,4360.92,0
17.735,3577.86,61.9143,0.135529,1.982,4067.43,0
17.8928,3573.61,61.4882,2.25803,4.00189,4269.29,0
18.0555,3578.96,60.4224,8.71445,1.52646,3934.54,0
18.2145,3575.99,60.1266,17.2769,2.68125,4063.02,0
18.3742,3577.12,50.202,28.6575,2.68282,3966.32,0
18.5368,3567.08,57.3702,23.5717,6.67068,4473.18,0
18.6979,3566.07,60.7164,15.2881,6.51739,4488.59,0
18.8555,3571.6,62.1179,17.3379,3.24468,4158.07,0
19.0181,3564.52,67.5685,22.8197,5.35179,4494.81,0
19.1773,3570.67,79.1339,22.4803,0.76336,4136.53,0
19.3357,3564.54,92.9819,25.1311,1.07739,4419.93,0
19.4702,3560.04,97.0304,24.2543,2.24434,4620.44,0
