0.159704,3644.78,47.4582,30.1506,1.57309,32665.7,0
0.317047,3641.62,49.6392,34.4333,2.40566,26420.1,0
0.476392,3641.6,57.1388,34.6564,2.05797,17637.2,0
0.63503,3646.18,51.9245,23.1212,1.01423,6008.51,0
0.798141,3635.95,49.4202,31.4217,4.31257,17604.4,0
0.957968,3635.4,48.5771,24.6682,4.67314,15242.8,0
1.1147,3630.65,44.1864,18.5667,6.20848,17355.1,0
1.27282,3629.05,46.3455,18.329,6.31009,16457.2,0
1.43274,3633.16,46.3851,19.275,4.46673,11754.2,0
1.5942,3629.06,48.5534,21.1219,5.59326,13132.3,0
1.75131,3634.37,59.8866,24.9486,3.03289,8926.02,0
1.91323,3630.01,54.0946,19.356,4.80729,10450.1,0
2.07409,3624.97,56.819,18.1493,6.17739,12070.2,0
2.23231,3620.57,53.6417,14.6751,7.5135,13182.1,0
2.39277,3622.24,55.8116,14.0849,6.2093,11600.1,0
2.55228,3612.21,57.4827,22.9479,9.22289,14805.5,0
2.7112,3615.59,59.6697,23.6604,6.96664,12690.9,0
2.86999,3619.46,55.7257,21.2635,5.45233,10639.7,0
3.02988,3618,63.517,28.1001,5.15763,10560.8,0
3.18966,3611.91,61.9347,27.6031,7.24624,11940.6,0
3.34906,3611.5,56.7355,30.4962,7.24028,11496.5,0
3.50595,3609.21,56.5936,27.8512,7.64599,11635.4,0
3.66919,3609.43,54.6414,25.1808,7.0041,11057.2,0
3.83042,3608.44,57.663,30.0477,6.6576,10849.5,0
3.99157,3616.37,54.0395,42.1008,3.19686,8424.68,0
4.15183,3625.24,44.3744,32.2364,0.86692,5963.32,0
4.31041,3621.87,51.3986,27.3589,1.86954,6525.11,0
4.47084,3619.91,51.0197,29.7031,2.53168,6729.35,0
4.63132,3616.77,56.3679,26.8891,3.45183,7174.64,0
4.79077,3613.94,54.8451,25.5873,4.59137,7526.6,0
4.95251,3614.63,53.9134,20.7004,4.30142,7141.49,0
5.10699,3616.46,51.2186,29.2321,3.43462,6566.58,0
5.26487,3615.68,60.6808,24.2815,3.22164,6518.83,0
5.4283,3620.36,67.1645,20.8318,1.10467,5460.85,0
5.58704,3612.8,80.6985,16.3839,2.83845,6658.02,0
5.74833,3605.65,77.0383,22.3948,5.50395,7715.62,0
5.90249,3602.14,75.359,12.8522,6.94524,8107.85,0
6.06158,3600.8,80.0469,20.1566,6.47785,8116.45,0
6.22516,3600.26,73.1641,25.6815,6.67666,7990.85,0
6.38531,3600.48,65.5317,24.4388,7.00463,7755.57,0
6.54356,3599.17,61.3509,27.0292,7.29426,7768.27,0
6.70272,3606.85,56.2744,24.9269,4.3735,6438.3,0
6.8626,3610.04,65.5528,25.1117,2.27556,5822.37,0
7.02749,3602.76,59.255,30.6067,5.23028,6722.4,0
7.19256,3593.95,61.2085,29.1955,8.20105,7793.06,0
7.35142,3593.44,60.2208,30.9125,7.74609,7693.68,0
7.51084,3591.71,58.2834,36.4261,7.75618,7761.19,0
7.66958,3592.17,62.1575,32.5822,6.39268,7540.68,0
7.82725,3605.58,62.5363,24.9009,1.26502,5675.24,0
7.98696,3604.1,60.0361,33.6553,1.70105,5746.29,0
8.14657,3594.59,64.9343,27.265,5.29308,6801.55,0
8.31024,3596.81,65.5373,25.1427,4.32626,6400.12,0
8.47037,3595.85,61.0502,26.5118,5.02263,6392.97,0
8.63122,3600.32,58.7333,24.5735,3.40843,5755.9,0
8.79374,3594.22,51.7209,27.3972,6.13799,6342.97,0
8.95288,3589.71,53.545,31.6572,7.12491,6734.08,0
9.11106,3597.98,52.7199,28.9936,3.55719,5709.36,0
9.27253,3597.56,56.4453,27.4108,3.485,5654.9,0
9.43551,3604.74,55.4371,18.3544,0.937745,4796.67,0
9.59656,3598.67,63.7791,15.3928,2.71053,5348.96,0
9.75809,3592.32,59.2082,8.11689,5.6473,5910.83,0
9.91519,3590.4,63.8716,5.4967,5.73272,6011.04,0
10.0783,3594.47,69.6383,6.31686,3.22773,5509.61,0
10.2406,3592.12,65.6086,6.52659,4.56282,5651.86,0
10.4015,3592.54,60.99,9.51446,4.62839,5524.06,0
10.5621,3595.14,61.2719,15.1704,3.30368,5194.17,0
10.7175,3592.62,61.7595,12.3917,4.16327,5354.04,0
10.8788,3590.84,55.112,6.35668,5.55914,5438.33,0
11.0365,3587.35,56.2908,5.05961,6.534,5676.66,0
11.1955,3587.79,56.8295,11.4072,5.75804,5556.27,0
11.3546,3591.12,60.1528,10.1071,3.8718,5185.51,0
11.5178,3586.46,62.1176,11.4155,5.36584,5516.86,0
11.6782,3588.38,63.2007,6.79324,4.32338,5276.18,0
11.8391,3593.29,67.0519,6.34391,1.86736,4790.45,0
11.9951,3588.73,77.5858,1.82457,2.63609,5107.91,0
12.1553,3586.64,74.7035,-4.15562,3.63166,5212.66,0
12.3133,3590.49,73.6239,0.675681,2.15901,4833.26,0
12.4735,3588.59,68.8752,0.495792,3.46041,4923.26,0
12.6311,3587.46,60.1145,-6.62754,4.81768,4951.6,0
12.7924,3584.97,57.3593,-3.80286,6.13266,5083.84,0
12.9509,3590.16,56.8422,-9.645,3.56307,4620.82,0
13.1114,3589.14,46.1266,-6.16635,4.90399,4641.45,0
13.2714,3591.31,38.239,-5.08721,4.43441,4422.11,0
13.4306,3587.84,32.3877,-1.85274,6.17603,4628.49,0
13.5889,3589.53,28.1735,-2.08045,5.32091,4450.18,0
13.7484,3589.29,27.4112,-0.200253,5.24769,4415.44,0
13.9054,3589.13,27.728,-2.01785,5.05855,4377.12,0
14.0673,3591.49,20.3227,2.31,3.93324,4159.64,0
14.2293,3594.22,21.2994,8.34255,2.52607,3920.28,0
14.3887,3598.49,9.04437,3.07513,0.95541,3580.17,0
14.5491,3586.43,2.5486,3.13308,6.81188,4369.37,0
14.7072,3590.31,5.99744,5.05731,4.62328,4058.21,0
14.8665,3588.97,2.22608,3.07138,5.11531,4105.23,0
15.0238,3589.38,7.39463,9.82267,4.60725,4034.68,0
15.1876,3588.26,12.1034,10.6975,4.90792,4065.15,0
15.3481,3593.59,1.20344,15.0712,2.26789,3675.51,0
15.509,3591.17,2.54743,20.2582,3.19374,3793.53,0
15.6695,3596.32,1.37951,13.0594,0.896585,3425.66,0
15.8283,3589.87,2.30358,20.6155,3.66315,3798.92,0
15.984,3591.72,0.0591778,19.7144,2.73396,3646.44,0
16.1447,3594.44,3.00772,23.228,1.28012,3441.47,0
16.3062,3589.34,0.873249,22.3662,3.66663,3720.36,0
16.4637,3591,0.736655,19.0914,2.95866,3583.58,0
16.6259,3592.93,-9.6199,29.9811,1.4175,3432.41,0
16.785,3594.25,-1.4316,27.2357,1.03682,3321.55,0
16.9455,3586.17,-7.17252,29.5673,4.6234,3766.76,0
17.1053,3580.76,-8.31223,34.7748,6.56844,4047.67,0
17.262,3579.71,-6.5019,39.1667,6.26076,4071.76,0
17.4199,3579.24,-2.87457,33.9254,6.6287,4062.01,0
17.5809,3577.79,-2.5326,32.6924,6.94888,4107.26,0
17.7385,3585.21,-5.96594,32.1051,2.9796,3652.61,0
17.8973,3584.78,-13.7404,39.5878,2.38645,3643.94,0
18.055,3577.86,-20.5685,41.9701,5.20332,3995.49,0
18.2158,3580.58,-24.6822,33.5651,4.24465,3811.17,0
18.3778,3576.71,-21.627,35.4386,6.07385,3987.73,0
18.5372,3580.07,-14.9987,30.6881,4.88943,3772.54,0
18.6974,3579.52,-15.6446,18.7212,5.74207,3769.3,0
18.8567,3580.32,-8.88363,20.3847,5.12009,3695.46,0
19.0142,3579.52,-13.8872,22.8051,5.097,3706.63,0
19.1745,3581.06,-11.511,22.7539,4.21817,3595.18,0
19.3336,3582.63,-9.71425,24.8806,3.21601,3484.36,0
19.4932,3586.12,-6.23506,17.3067,1.89005,3277.14,0
19.6544,3579.43,-8.81218,19.2067,5.04458,3590.34,0
19.8131,3573.14,-5.50818,16.5448,8.40644,3879.01,0
19.9745,3575.31,-5.89285,10.9451,6.74206,3739.15,0
20.1359,3570.33,-8.45631,12.1138,9.1233,3956.55,0
20.2962,3568.26,-10.031,11.8341,8.93854,4027.28,0
20.4558,3564.97,-14.5837,9.71216,9.40631,4156.92,0
20.6144,3560.99,-17.9835,7.51985,11.0403,4317.64,0
20.7759,3563.52,-17.5554,7.02377,8.65966,4162.52,0
20.9341,3561.55,-13.3415,1.82798,8.97881,4225.26,0
21.0918,3563.15,-14.5942,-2.10001,7.33651,4117.79,0
21.2512,3560.87,-13.465,-3.88935,7.99905,4194.14,0
21.4121,3558.15,-8.75854,4.283,9.30775,4289.53,0
21.5711,3557.16,-5.67557,4.25243,9.43049,4304.12,0
21.7311,3551.26,-3.14663,-3.0686,1.50903,4543.49,0
21.8908,3549.71,-14.1074,3.70138,2.08918,4581.42,0
22.05,3551.66,-11.991,2.67542,0.729078,4460.03,0
22.2123,3549.1,-5.67566,-2.16132,3.04306,4542.58,0
22.3685,3545.02,-11.441,-12.3743,5.42706,4693.02,0
22.5294,3542.32,-11.1662,-11.7156,7.26863,4779.75,0
22.6912,3543.43,-13.8118,-10.3951,6.00357,4696.48,0
22.8519,3541.09,-15.9114,-8.32574,6.96776,4765.9,0
23.0123,3541.11,-17.6108,-13.9229,5.85674,4731.78,0
23.1731,3542.41,-12.1761,-12.4932,5.28402,4642.84,0
23.3356,3542.75,-11.4025,-12.0518,4.76702,4595.93,0
23.4937,3546.96,-8.21141,-10.3639,1.5305,4385.77,0
23.6531,3543.39,-12.1308,-12.8842,3.9267,4507.09,0
23.8115,3536.85,-13.0327,-23.6112,7.53178,4751.95,0
23.9735,3537.17,-11.6146,-20.4756,7.39489,4706.49,0
24.1328,3544.48,-15.5785,-14.2382,1.52565,4372.35,0
24.2933,3542.36,-26.0764,-15.4187,1.47549,4431.04,0
24.4523,3533.52,-37.1655,-22.9537,4.80603,4763.44,0
24.6139,3534.93,-37.066,-19.4849,4.09755,4674.88,0
24.7733,3530.23,-37.9365,-21.2533,6.96929,4834.75,0
24.9371,3523.92,-31.6715,-14.4847,3.34522,5055.84,0
25.0988,3519.34,-33.4899,-13.9281,6.83118,5205.97,0
25.2585,3512.38,-31.8146,-20.4454,0.639991,5448.52,0
25.4191,3509.45,-25.4199,-20.776,6.74743,5529.37,0
25.578,3509.27,-19.2477,-17.5513,11.059,5502.15,0
25.7356,3509.41,-18.9138,-24.3716,6.19892,5463,0
25.8988,3512.9,-21.8493,-18.7379,3.32583,5293.55,0
26.0628,3507.51,-25.1239,-14.5109,9.44165,5467.33,0
26.2209,3509.96,-24.0204,-19.8201,4.30796,5340.95,0
26.3814,3515.37,-18.8685,-12.18,3.27568,5103.34,0
26.5446,3517.88,-17.2422,-12.0525,0.70534,4977.33,0
26.7042,3515.22,-17.0487,-2.06319,6.71043,5047.27,0
26.8644,3508.19,-16.878,2.01711,6.25449,5278.88,0
27.0222,3508.7,-11.9829,0.128255,10.0165,5229.01,0
27.1841,3503.89,-12.9295,-2.11763,7.65087,5374.66,0
27.3429,3498.62,-7.79614,-0.965019,2.87832,5536.36,0
27.4538,3496.18,-1.75447,0.102679,7.80476,5602.89,0
