0.158444,3645.24,-37.9951,-77.1183,0.986572,30036.5,0
0.32116,3639.08,-40.066,-73.4708,3.06788,33994.2,0
0.480255,3640.53,-41.2655,-73.0807,2.51472,19727.5,0
0.637515,3644.25,-34.3405,-59.4694,2.16086,9016.66,0
0.7989,3643.45,-31.2639,-66.9229,2.10814,8201.07,0
0.960474,3644.82,-32.1342,-63.3164,1.82082,5393.28,0
1.1237,3645.74,-31.276,-64.5381,1.46368,3793.12,0
1.28059,3650.42,-19.0689,-62.3794,0.306181,-328.196,0
1.43785,3641.49,-10.5528,-64.7908,3.14598,5918.93,0
1.59736,3646.3,-11.0731,-58.3459,1.87235,2318.79,0
1.75785,3644.29,-12.7398,-53.9836,2.69246,3246.25,0
1.91923,3647.2,-14.0866,-58.1168,1.51324,1457.07,0
2.07835,3641.79,-13.9291,-49.2652,3.65706,3950.27,0
2.2397,3639.14,-15.2015,-42.6225,4.64395,4850.93,0
2.39963,3636.37,-11.8551,-43.1678,5.23056,5681.34,0
2.56021,3630.84,-10.9232,-44.0276,6.84919,7485.46,0
2.7188,3634.56,-13.4788,-35.1731,5.47614,5680.2,0
2.8824,3626.96,-12.0706,-27.9811,8.04639,7995.08,0
3.04086,3627.26,-16.8498,-27.7109,7.35745,7477.34,0
3.20244,3635.19,-23.1382,-31.1216,3.91133,4624.98,0
3.36197,3634.03,-13.6581,-34.256,4.34009,4748.9,0
3.52215,3623.33,-18.9972,-33.4313,7.76606,7573.39,0
3.68403,3626.63,-21.3657,-36.3113,5.85196,6344.25,0
3.84316,3625.58,-29.7578,-37.2517,5.62918,6354.15,0
4.00448,3629.73,-26.9372,-39.6978,3.91085,5063.06,0
4.16122,3623.85,-21.6163,-43.7943,5.83897,6284.1,0
4.32034,3626.59,-22.8083,-38.1854,4.87867,5419.41,0
4.48112,3621.57,-28.8633,-43.5566,5.9894,6343.88,0
4.64075,3612.45,-29.9363,-48.4086,8.53291,8090.57,0
4.80068,3612.46,-27.7356,-49.3818,7.83111,7819.81,0
4.96456,3616.52,-34.6567,-47.9346,5.65435,6743.6,0
5.12337,3610.93,-40.0586,-54.0121,6.6709,7626.09,0
5.27963,3604.43,-39.5887,-55.9437,8.47865,8630.53,0
5.43732,3603.46,-34.4517,-50.0289,8.68636,8559.83,0
5.59613,3610.78,-30.202,-55.3629,4.90623,7007.64,0
5.75279,3616.21,-42.7687,-52.8875,2.54203,5873.15,0
5.91129,3615.38,-49.7738,-41.4114,3.03154,5856.08,0
6.07065,3619.43,-48.3167,-35.0631,1.8491,5035.61,0
6.23005,3609.36,-45.0035,-30.2424,5.95476,6522.57,0
6.38917,3609.65,-47.6958,-32.091,5.51199,6314.93,0
6.55231,3609.76,-45.4916,-27.3707,5.62605,6141.5,0
6.71371,3614.03,-49.9705,-24.1803,3.63649,5357.34,0
6.87449,3608.76,-38.5061,-19.2636,6.24561,5999.14,0
7.03231,3612.37,-33.4127,-15.5845,4.67188,5350.44,0
7.1948,3609.24,-33.9563,-13.8275,5.68843,5665.71,0
7.35174,3614.31,-37.3708,-16.7318,3.24837,4855.3,0
7.50953,3609.27,-36.5806,-11.5374,5.28376,5423.34,0
7.67049,3612.1,-40.2087,-17.8626,3.63933,4940.99,0
7.8306,3614.78,-39.2056,-16.1463,2.67797,4497.22,0
7.99243,3608.39,-44.0008,-11.4068,4.97476,5205.76,0
8.15515,3612.65,-48.7402,-14.8722,2.83347,4579.93,0
8.31879,3619.39,-46.6249,-18.329,0.269637,3679.48,0
8.48007,3616.95,-45.2699,-11.3896,1.37207,3897.2,0
8.63635,3613.85,-35.9443,-8.55544,3.06345,4186.03,0
8.79457,3611.97,-40.0227,-12.2236,3.48379,4323.84,0
8.95441,3604.48,-43.724,-18.71,6.05616,5083.12,0
9.11207,3605.31,-37.7131,-20.5114,5.68825,4903.98,0
9.26975,3599.78,-39.1686,-27.787,7.32004,5417.77,0
9.42749,3598.76,-42.0843,-25.9648,7.01801,5435.48,0
9.59012,3600.35,-35.7614,-24.603,6.46718,5177.08,0
9.75159,3595.41,-32.4384,-21.2114,8.40399,5598.52,0
9.90972,3597.06,-35.4346,-18.2452,6.89821,5342.24,0
10.07,3601.51,-37.6225,-18.5292,4.60435,4815,0
10.2324,3607.96,-34.3467,-16.1195,1.98076,4108.9,0
10.3895,3610.08,-36.181,-5.55553,1.18461,3842.78,0
10.5495,3608.57,-30.7836,-10.7789,1.9898,3926.74,0
10.7097,3598.67,-24.804,-15.4445,6.30249,4793.25,0
10.8678,3595.84,-27.0859,-8.94783,7.02758,4983.63,0
11.0291,3602.41,-27.5292,-15.4705,3.6591,4314.56,0
11.1932,3604.72,-27.3989,-10.29,2.72418,4045.06,0
11.3527,3600.77,-23.2197,-4.9121,4.55566,4336.2,0
11.5123,3597.8,-22.5082,-7.96008,5.69964,4534.65,0
11.6708,3607.01,-32.1089,-9.40516,1.10045,3683.66,0
11.8317,3602.84,-32.5838,-9.37174,2.82199,3986.26,0
11.988,3603.88,-37.9624,-1.16714,2.12597,3847.56,0
12.1474,3603.41,-32.5078,-4.62776,2.54218,3835.67,0
12.3067,3596.95,-36.4063,-5.68912,5.0686,4310.28,0
12.4651,3600.19,-36.6474,-3.14393,3.59458,3996.29,0
12.6249,3596.66,-34.4565,-7.29216,5.15855,4225.24,0
12.7855,3594.15,-31.6551,-11.3254,6.12304,4368.62,0
12.9473,3596.4,-28.9409,-12.3996,4.93919,4139.8,0
13.1067,3590,-22.6603,-8.5787,7.83448,4577.94,0
13.2647,3584.55,-27.2457,-7.19908,9.34166,4934.15,0
13.4205,3580.37,-24.9275,-0.962649,10.299,5188.26,0
13.5783,3580.93,-27.9599,1.79662,8.87372,5087.04,0
13.7361,3586.67,-30.9399,-1.79591,5.36356,4610.83,0
13.9002,3583.46,-37.9253,3.08056,6.10458,4787.32,0
14.0604,3580.84,-40.5907,6.74316,7.05879,4918.99,0
14.2205,3577.37,-45.1201,10.434,7.80222,5107.29,0
14.3795,3578.81,-48.6547,9.7006,6.06741,4950.81,0
14.54,3574.09,-45.5922,5.15474,7.9876,5221.03,0
14.6979,3573.1,-44.639,11.0941,7.63603,5231.93,0
14.8569,3574.26,-49.0506,9.70572,5.92549,5097.89,0
15.0161,3575.67,-48.8706,16.2485,4.87865,4949.87,0
15.1772,3575.17,-41.1291,17.9718,5.67396,4930.66,0
15.3347,3570.89,-44.5993,17.419,6.90697,5158.97,0
15.4914,3575.96,-43.8886,14.9922,4.15332,4779.7,0
15.6533,3577.35,-49.5828,15.5716,2.74851,4641.19,0
15.8143,3573.23,-54.6197,13.8065,4.16741,4854.58,0
15.9709,3578.91,-58.9833,3.2763,0.985934,4451.45,0
16.131,3576.24,-59.0516,4.20783,2.21544,4572.82,0
16.2877,3573.46,-55.9344,0.963484,3.8673,4699.55,0
16.4457,3573.36,-51.3611,1.00997,4.46543,4660.38,0
16.605,3571.11,-57.3268,3.92032,4.54493,4751.16,0
16.7664,3561.18,-52.854,2.82103,9.87909,5297.72,0
16.9276,3562.58,-57.7325,1.17477,7.44495,5164.39,0
17.0852,3563.05,-57.8573,1.39717,6.82106,5089.4,0
17.2445,3567.03,-65.5014,0.707051,3.40504,4811.63,0
17.4079,3566.38,-60.6494,0.567484,4.35693,4803.85,0
17.5688,3571.43,-63.4607,-0.984538,1.3332,4472.24,0
17.7273,3568.17,-61.4638,-2.50097,3.14935,4616.29,0
17.8871,3575.25,-56.8952,-3.46276,0.244756,4178.93,0
18.0459,3569.64,-50.3493,7.96612,3.72086,4452.88,0
18.2089,3564.33,-55.1138,6.85986,5.64991,4704.8,0
18.3657,3570.1,-52.5528,1.08628,3.00429,4350.37,0
18.5261,3570.39,-57.9327,-0.778294,2.09399,4297.39,0
18.6884,3567.86,-49.6002,-0.927982,4.38027,4395.05,0
18.8479,3565.39,-45.787,2.81599,5.8629,4489.33,0
19.006,3564.14,-49.1167,4.03717,5.96223,4517.28,0
19.1658,3564.79,-48.5539,6.75966,5.25122,4446.1,0
19.323,3561.79,-55.3507,8.51918,5.56854,4565.02,0
19.4854,3558.44,-55.298,15.0072,6.76063,4699,0
19.6423,3552.56,-54.968,16.7713,9.09473,4960.74,0
19.8026,3560.98,-51.5735,8.11646,4.96551,4495.5,0
19.9597,3566.55,-49.4923,3.51028,2.24927,4181.15,0
20.1222,3568.59,-49.459,-3.01623,1.13443,4045.93,0
20.2814,3562.32,-42.3736,-8.68771,5.34437,4323.2,0
20.4402,3567.54,-41.6454,-6.22218,2.46459,4033.98,0
20.5994,3563.19,-38.3318,-9.1857,5.10963,4214.03,0
20.7612,3560.79,-42.0748,-10.237,5.6972,4297.11,0
20.9231,3564.13,-39.889,-7.33623,3.75734,4104.05,0
21.0866,3569.63,-34.9325,-8.1769,1.20428,3811.4,0
21.2496,3563.92,-29.8322,-6.948,4.97355,4051.13,0
21.411,3551.87,-28.8862,-12.7359,11.3213,4583.23,0
21.575,3546.99,-35.6293,-13.2949,1.70854,4774.57,0
21.7356,3541.04,-40.6076,-20.3823,4.12264,5012.88,0
21.8941,3538.19,-38.4343,-24.8668,5.70107,5107.02,0
22.0527,3537.37,-35.9303,-27.406,5.9829,5107.33,0
22.2152,3537.98,-35.737,-24.0155,5.91046,5042.6,0
22.3759,3535.81,-34.2423,-23.7963,7.13874,5103.25,0
22.5368,3536.01,-32.82,-26.4965,6.40299,5057.97,0
22.7001,3534.63,-38.5065,-26.8661,5.81524,5082.44,0
22.8608,3542.41,-32.1084,-26.1408,1.72265,4706.45,0
23.0221,3536.81,-33.7961,-29.9946,4.67579,4916.48,0
23.1827,3535.58,-36.1675,-24.0247,5.85655,4935.39,0
23.3409,3540.54,-34.6746,-25.817,2.20324,4689.83,0
23.4966,3539.37,-35.5504,-31.7955,1.89817,4708.54,0
23.6594,3538.68,-32.9482,-31.9957,2.76102,4705.22,0
23.8223,3539.26,-23.5464,-38.1609,2.39166,4648.49,0
23.9821,3537.25,-17.7009,-42.0115,3.52597,4701.57,0
24.1413,3542.45,-12.5959,-34.1125,2.0017,4455.06,0
24.2997,3541.56,-13.0204,-33.9267,2.3491,4462.48,0
24.4587,3532.79,-17.0446,-37.9168,6.99198,4792.27,0
24.6191,3531.86,-22.2046,-41.0157,5.58857,4798.79,0
24.7793,3530.69,-26.346,-39.6358,5.93576,4815.08,0
24.9395,3537.8,-15.1101,-41.9728,1.61226,4498.85,0
25.0975,3533.96,-12.8353,-52.2136,1.63614,4623.75,0
25.2602,3531.61,-19.9583,-52.0196,2.59068,4686.84,0
25.4172,3534.94,-19.3944,-46.5143,1.89199,4526.75,0
25.5774,3537.14,-19.2397,-40.9731,1.62241,4412.61,0
25.7377,3533.52,-24.142,-48.7146,1.49322,4525.51,0
25.8981,3531,-18.7876,-47.5917,4.13217,4595.11,0
26.0577,3525.14,-24.724,-48.9154,6.87104,4791.63,0
26.2154,3523.42,-31.8779,-45.5646,7.2335,4828.45,0
26.3717,3522.67,-34.6095,-42.3896,7.6482,4828.25,0
26.5299,3524.67,-39.6518,-39.5666,5.3662,4724.11,0
26.6928,3527.55,-36.8537,-38.3347,4.18401,4587.21,0
26.8518,3527.7,-41.8511,-38.562,2.68855,4554.82,0
27.013,3527.26,-40.7658,-39.1884,3.00288,4543.88,0
27.1692,3526.42,-33.5347,-41.6098,4.42668,4548.5,0
27.3283,3522.88,-29.9644,-38.7694,8.41888,4651.51,0
27.4882,3514.98,-26.7858,-32.2131,5.93584,4912.02,0
27.647,3516.76,-32.3069,-31.884,2.55359,4819.34,0
27.8072,3519.67,-30.293,-27.6593,1.98535,4686.83,0
27.9689,3513.32,-31.8247,-26.8656,6.86083,4886.73,0
28.1296,3515.29,-28.8873,-28.4592,4.94727,4788.89,0
28.289,3516.68,-25.03,-36.7695,1.63122,4712.65,0
28.45,3519.27,-17.6491,-34.6293,1.92803,4595,0
28.6111,3518.42,-11.8854,-38.1142,2.17951,4598.94,0
28.7709,3515.94,-13.1305,-39.7089,3.44158,4659.71,0
28.9333,3511.81,-17.1014,-35.5288,8.39182,4776.24,0
29.0915,3516.7,-13.5363,-39.4621,2.15314,4582.05,0
29.2505,3511.71,-13.7665,-41.0754,5.3542,4727.79,0
29.412,3503.28,-19.1564,-52.5514,4.95192,4988.41,0
29.5727,3501.22,-11.682,-52.6371,7.21013,5031,0
29.7339,3501.47,-19.9256,-60.0244,1.67155,4995.29,0
29.8956,3495.05,-27.2876,-55.5951,6.84143,5183.19,0
30.0565,3498.2,-31.5159,-51.9994,4.84435,5050.64,0
30.2164,3496.42,-33.4276,-55.4364,3.8424,5082.52,0
30.3765,3489.96,-34.0476,-54.2275,7.92451,5268.5,0
30.536,3491.83,-33.9641,-52.6439,6.85734,5179.69,0
30.6966,3488.16,-34.8009,-44.7485,1.44314,5272.11,0
30.8564,3481.12,-34.3748,-50.7569,3.28359,5472.99,0
31.0142,3478.59,-38.2573,-45.5288,6.34713,5526.86,0
31.1762,3469.52,-40.0029,-48.3752,9.52315,5788.9,0
31.337,3471.22,-36.1174,-53.801,5.82397,5705.02,0
31.4961,3474.38,-37.1891,-51.9351,4.31329,5575.82,0
31.6576,3474.07,-38.1585,-49.9388,5.13972,5557.26,0
31.8165,3477.39,-34.7758,-44.0617,7.62947,5425.31,0
31.9788,3478.7,-41.6723,-39.6399,5.09744,5356.82,0
32.1356,3481.56,-42.9168,-38.8848,2.36024,5241.45,0
32.2966,3484.55,-35.6836,-44.7491,0.614701,5122.81,0
32.456,3484.6,-28.007,-41.7267,5.93556,5096.05,0
32.6143,3486.61,-33.1761,-37.403,4.11328,5009.69,0
32.7749,3487.99,-35.1985,-36.9262,2.14038,4943.24,0
32.9346,3489.43,-34.5985,-34.1032,2.85214,4875.34,0
33.0967,3487.88,-35.794,-32.4779,4.37336,4898.4,0
33.2535,3479.12,-32.9361,-27.9465,4.94962,5138.78,0
33.4129,3469.03,-27.2739,-26.6409,8.13118,5416.12,0
33.5772,3461.65,-26.7404,-20.4199,9.87377,5609.46,0
33.7357,3461.85,-31.9505,-22.5107,0.733032,5577.1,0
33.894,3453.61,-26.0737,-20.7055,5.82366,5794.32,0
34.052,3454.7,-18.4619,-20.9653,3.82255,5735.46,0
34.2111,3458.08,-17.4422,-16.3135,9.94685,5609.97,0
34.3748,3459.42,-17.8743,-18.5722,2.89826,5544.07,0
34.5308,3467.04,-11.1847,-18.3221,5.04221,5298.35,0
34.6874,3463.79,-6.9552,-14.5956,0.415269,5368.18,0
34.7943,3459.99,-3.92844,-7.87759,8.50846,5460.85,0
