0.162015,3641.7,-6.55622,-19.0126,2.79385,51210.1,0
0.321526,3638.38,-7.79712,-10.0875,4.01266,36141.4,0
0.476769,3633.81,-5.62018,-14.0085,5.57329,33961.6,0
0.63629,3635.08,-6.45107,-11.9154,4.92172,23446,0
0.797269,3629.45,-2.00057,-8.83533,6.70414,25774.9,0
0.955835,3624.96,0.16038,-5.46377,7.87835,26201.5,0
1.11889,3625.29,2.01233,-8.38048,7.26617,22085.3,0
1.27795,3626.61,5.35074,-6.70078,6.35716,18303,0
1.43606,3623.21,4.91665,-4.6366,7.32822,18657.9,0
1.59937,3629.18,10.3064,-9.29261,4.49265,13018.8,0
1.75904,3633.32,8.55589,-8.89176,2.91426,9479.78,0
1.91828,3633.52,6.31543,-3.70243,2.81861,8591.82,0
2.07635,3633.71,1.01458,6.60321,2.6967,7847.8,0
2.23536,3636.55,-3.63264,6.43356,1.66289,6016.79,0
2.39765,3624.06,-14.3,1.24499,6.17356,10818.3,0
2.55905,3623.25,-9.24661,-2.241,6.04544,10452.2,0
2.71797,3620.12,-5.52433,-4.54991,6.95029,10993.9,0
2.87873,3618.95,-9.16504,-2.50938,6.95426,10785,0
3.03877,3620.33,-17.8045,-0.690186,5.78827,9762.36,0
3.1976,3620.24,-19.2255,-6.75174,5.35184,9305.49,0
3.35714,3618.09,-23.3146,-5.08889,5.738,9506.22,0
3.51777,3620.95,-24.1243,-1.67553,4.23142,8257.7,0
3.6796,3615.69,-24.8403,-5.66391,5.91771,9323.25,0
3.84164,3617.64,-23.3062,-1.42364,4.98859,8422.68,0
4.00026,3619.96,-21.841,3.44961,3.93086,7508.78,0
4.15986,3620.25,-25.509,2.71521,3.63726,7150.72,0
4.32179,3616.93,-16.5433,8.54653,4.96125,7652.35,0
4.48234,3608.28,-20.12,8.5168,7.93494,9308.11,0
4.64246,3604.54,-18.2988,9.32588,8.75835,9793.29,0
4.80138,3605.81,-24.0347,13.9803,7.40827,9203.2,0
4.96097,3607.33,-28.4992,10.352,6.23557,8601.26,0
5.12013,3608.79,-28.5638,11.022,5.33559,8048.49,0
5.28066,3606.5,-30.3773,15.626,5.83745,8238.33,0
5.43864,3609.48,-27.0337,23.899,4.33048,7451.13,0
5.59791,3613.91,-21.6094,17.1602,2.88967,6447.17,0
5.75882,3613.45,-17.6294,9.50446,3.14202,6345.97,0
5.92049,3614.28,-12.9128,11.3379,2.82196,6033.74,0
6.0766,3613.15,-11.2276,11.6004,3.31765,6063.77,0
6.23641,3616.86,-4.84448,17.1942,1.72624,5314.48,0
6.39666,3617.12,-13.1742,17.1744,1.51992,5139.62,0
6.55971,3617.18,-9.8317,24.8489,1.32931,5003.04,0
6.71821,3608.83,-9.8442,15.1877,4.98041,6127.52,0
6.88098,3618.84,-15.7103,15.4222,0.743411,4528.54,0
7.03759,3618.76,-15.9774,16.4777,0.725564,4439.24,0
7.19638,3615.14,-27.0964,23.1751,1.66489,4844.14,0
7.35519,3613.3,-26.3651,17.3014,2.57803,4989.99,0
7.51258,3608.89,-25.3793,18.2855,4.31488,5471.74,0
7.6738,3612.57,-22.4287,22.0389,2.64111,4877.88,0
7.8351,3615.13,-25.9193,29.9353,1.21663,4450.8,0
7.9933,3610.16,-24.987,24.5064,3.33732,4984.24,0
8.15283,3611.34,-34.5104,19.7744,2.58294,4742.48,0
8.31267,3609.1,-45.0743,13.5796,3.03226,4920.76,0
8.46817,3608.87,-32.0448,20.4726,3.54142,4857.49,0
8.63056,3613.4,-28.2379,25.7121,1.69758,4240.63,0
8.79024,3606.38,-42.7068,20.9406,3.92477,4961.76,0
8.95186,3609.96,-44.7782,17.8677,2.37714,4473.04,0
9.11092,3613.29,-54.5614,17.3768,0.480947,4029.25,0
9.27745,3604.72,-51.6384,14.1526,4.03385,4880.71,0
9.43993,3602.44,-58.2016,8.11087,4.51238,5037.9,0
9.60323,3599.8,-49.8546,5.56368,5.94052,5227.05,0
9.76066,3594.06,-51.9999,7.27677,7.6166,5731.24,0
9.92061,3595.46,-49.0104,7.85091,6.67866,5497.57,0
10.0807,3592.89,-52.7966,10.8707,7.03294,5665.12,0
10.2385,3591.52,-49.465,9.96231,7.48805,5711.77,0
10.3955,3594.36,-50.0404,9.70917,5.5967,5352.63,0
10.5574,3595.47,-51.1515,12.4074,4.51597,5165.38,0
10.716,3589.4,-52.0745,15.1481,6.54591,5655.35,0
10.8792,3585.91,-58.1697,12.3266,7.18886,5890.83,0
11.0384,3585.35,-58.6892,10.9926,6.75626,5856.88,0
11.1987,3592.13,-55.6286,10.6655,3.85861,5167.49,0
11.3612,3589.88,-50.038,6.06238,5.255,5291.43,0
11.5176,3585.35,-46.5214,7.57027,7.20749,5612.88,0
11.6793,3585.24,-43.1219,15.6499,7.10329,5544.43,0
11.8396,3593.41,-43.4841,14.9096,3.2298,4779.6,0
12.0005,3589.09,-47.5778,18.6147,4.67529,5075.69,0
12.1594,3584.14,-47.2707,18.606,6.5972,5416.21,0
12.321,3585.76,-44.4714,19.5587,5.72466,5213.65,0
12.4827,3579.77,-49.5386,17.9116,7.4005,5626.5,0
12.6437,3584.31,-49.8535,18.4808,4.90682,5195.69,0
12.8001,3583.57,-47.6647,13.2084,5.45463,5190.13,0
12.9572,3587.19,-47.5903,9.41582,3.57896,4847.61,0
13.1187,3585.86,-46.9908,12.8829,4.05117,4888.83,0
13.2795,3586.9,-43.4165,15.7139,3.7584,4751.98,0
13.4388,3582.56,-39.3687,11.5921,5.8928,5018.12,0
13.6002,3586.31,-41.7268,9.15701,3.71623,4682.69,0
13.7584,3593.86,-37.4824,10.1693,0.547757,4080.31,0
13.9199,3586.51,-42.9331,10.3703,3.40115,4561.07,0
14.0777,3586.7,-53.2927,6.78499,2.40105,4496.21,0
14.2364,3589.87,-48.556,11.9491,1.32828,4223.66,0
14.3979,3586.15,-41.65,10.5586,3.65596,4434.95,0
14.5617,3583.94,-25.7159,18.3304,5.53814,4536.65,0
14.722,3581.59,-25.8663,16.6306,6.51665,4646.61,0
14.8863,3575.6,-28.9163,14.7425,8.52872,4997.57,0
15.0441,3576.28,-28.6043,14.8283,7.36311,4900.07,0
15.2031,3569.06,-23.0888,19.9386,10.8798,5323.68,0
15.3622,3561.88,-35.794,16.5765,1.9507,5736.26,0
15.5242,3562.99,-32.6715,15.2897,1.64655,5604.99,0
15.6866,3557.54,-32.8925,17.6257,4.53334,5894.24,0
15.8478,3554.38,-37.7075,16.3514,5.62063,6033.86,0
16.0049,3552.04,-41.3183,12.9721,6.35787,6120.55,0
16.162,3547.02,-42.8846,9.09132,8.9219,6371.88,0
16.3208,3542.74,-41.4283,5.74195,11.0764,6572.3,0
16.4781,3536.92,-38.2693,9.15955,4.01267,6862.23,0
16.641,3535.8,-36.064,-0.181255,5.73189,6862.66,0
16.802,3540.57,-32.5914,-3.88625,2.76995,6513,0
16.9595,3539.19,-34.0521,-10.7882,3.0831,6533.83,0
17.1182,3534.01,-31.3265,-17.2291,6.94113,6775.95,0
17.2783,3540.38,-28.1222,-14.257,2.67318,6344.17,0
17.4371,3533.2,-23.9682,-13.167,9.40124,6698.66,0
17.593,3526.4,-28.4366,-8.38015,2.57854,7025.27,0
17.7519,3525.41,-23.146,-11.3542,4.84219,7018.53,0
17.9164,3528.72,-18.4722,-5.71879,3.27913,6769.15,0
18.0735,3529.76,-22.935,-9.86589,0.513503,6652.8,0
18.2312,3525.84,-17.7145,-20.148,3.7545,6810.14,0
18.3909,3524.8,1.53516,-24.9882,5.48347,6807.45,0
18.5501,3519.7,-1.65285,-24.3991,10.8376,7024.05,0
18.7082,3514.16,0.436575,-22.7209,6.82134,7261.09,0
18.8672,3517.7,-2.98105,-23.309,1.32012,7012.16,0
19.0259,3511.56,-0.732333,-24.1357,8.77937,7276.22,0
19.1879,3509.54,4.33683,-27.7179,7.89339,7320.41,0
19.3456,3506.07,-0.7682,-31.8725,8.89091,7439.75,0
19.5047,3503.45,-0.260902,-32.1596,11.0554,7513.66,0
19.6635,3502.95,2.42461,-32.1634,10.5175,7478.15,0
19.8248,3503.8,11.689,-35.2122,4.60619,7374.69,0
19.9872,3501.2,17.0369,-30.6814,8.46155,7444.81,0
20.1475,3494.18,11.1467,-34.2059,2.96374,7734.06,0
20.3069,3493.95,12.4686,-33.1127,3.71673,7684.68,0
20.4674,3498.04,10.4006,-32.223,0.426603,7424.25,0
20.6248,3498.88,3.2441,-29.489,3.63178,7327.14,0
20.7812,3486.9,7.4892,-34.4227,10.8681,7848.3,0
20.9387,3484.7,4.6014,-31.8907,5.49252,7894.45,0
21.0995,3482.96,7.02842,-26.0829,3.81112,7916.75,0
21.2603,3475.16,0.186468,-19.0699,5.68328,8223.69,0
21.4201,3467.4,2.01716,-15.4189,3.1918,8524.91,0
21.5791,3465.81,-0.675681,-10.632,5.30844,8535.54,0
21.7111,3465.32,-1.94717,-7.60158,12.9644,8506.22,0
