0.0276617,-0.555746,0,0,0.00161504,-20090.8,0
0.0554012,0.231861,0,0,0.00946677,4185.11,0
0.0836078,2.55978,0,0,0.0327162,30616.5,0
0.111602,6.25323,0,0,0.0696034,56031.7,0
0.139533,11.3056,0,0,0.120482,81024.3,0
0.166169,17.2506,0,0,0.179082,103814,0
0.192068,24.3436,0,0,0.249921,126745,0
0.219299,33.0735,0,0,0.337108,150815,0
0.24662,24.9736,0,0,0.256417,101264,0
0.273571,17.5141,0,0,0.181917,64020.3,0
0.300034,21.9958,0,0,0.227276,73311,0
0.328146,30.6429,0,0,0.313636,93382,0
0.354931,35.2967,0,0,0.358555,99446.6,0
0.381431,26.4985,0,0,0.270686,69471.5,0
0.409072,18.6369,0,0,0.19217,45558.9,0
0.435772,12.3182,0,0,0.129064,28267.6,0
0.462515,17.2907,0,0,0.178289,37384.2,0
0.489494,14.9774,0,0,0.155235,30597.8,0
0.515492,21.6496,0,0,0.221871,41998,0
0.542067,29.6983,0,0,0.302255,54787.1,0
0.56976,39.4068,0,0,0.399216,69163.9,0
0.594825,44.2924,0,0,0.448273,74463,0
0.620732,34.5898,0,0,0.351371,55724.1,0
0.647212,25.8924,0,0,0.264509,40006.1,0
0.674131,22.8868,0,0,0.235072,33950.1,0
0.699994,28.2636,0,0,0.28834,40376.9,0
0.72679,20.3569,0,0,0.209374,28009.3,0
0.754138,15.551,0,0,0.162107,20621,0
0.780064,22.3358,0,0,0.229867,28633.3,0
0.807634,30.8477,0,0,0.314878,38195.2,0
0.83302,32.1019,0,0,0.328027,38536.8,0
0.860615,26.3861,0,0,0.271358,30659.6,0
0.888203,33.119,0,0,0.339035,37287.7,0
0.915039,26.7213,0,0,0.274608,29202.3,0
0.941406,35.5313,0,0,0.362595,37742.7,0
0.969272,36.2404,0,0,0.368464,37389.3,0
0.996391,27.1191,0,0,0.277369,27217.3,0
1.02336,30.658,0,0,0.31297,29958.3,0
1.05029,40.0353,0,0,0.406567,38118.3,0
1.07864,51.4704,0,0,0.520772,47717.7,0
1.10643,53.4102,0,0,0.539321,48272.8,0
1.1338,57.8241,0,0,0.586139,51000.3,0
1.16182,53.9439,0,0,0.546123,46430.5,0
1.19084,44.4389,0,0,0.451956,37317.3,0
1.21891,33.9899,0,0,0.346164,27885.5,0
1.24589,31.677,0,0,0.322142,25425.2,0
1.27338,26.7479,0,0,0.27375,21005.5,0
1.30086,35.9431,0,0,0.365583,27630.3,0
1.32756,29.2189,0,0,0.297881,22009.5,0
1.35555,23.3181,0,0,0.238656,17201.9,0
1.38173,31.5076,0,0,0.320446,22803.1,0
1.4078,30.1164,0,0,0.306558,21392.6,0
1.43645,40.2514,0,0,0.407778,28021.4,0
1.46311,35.7658,0,0,0.361726,24445.1,0
1.49141,39.6107,0,0,0.400779,26559.2,0
1.51838,40.7914,0,0,0.411838,26865.1,0
1.54609,30.9122,0,0,0.313173,19993.7,0
1.57348,22.4775,0,0,0.228933,14285.2,0
1.60016,15.5282,0,0,0.15953,9704.16,0
1.62493,12.8514,0,0,0.132991,7908.9,0
1.65254,19.4963,0,0,0.199356,11797.8,0
1.67979,27.3692,0,0,0.277983,16293.2,0
1.7061,36.2083,0,0,0.366261,21222.9,0
1.73433,42.319,0,0,0.426325,24400.8,0
1.76125,32.5252,0,0,0.328512,18467.1,0
1.78948,28.9977,0,0,0.292815,16204.6,0
1.81767,38.7505,0,0,0.390218,21318.7,0
1.84402,45.7611,0,0,0.459689,24815.9,0
1.87117,38.8077,0,0,0.389578,20739.8,0
1.8992,44.9161,0,0,0.451165,23650.1,0
1.92789,38.7416,0,0,0.38881,20095.3,0
1.95355,29.8282,0,0,0.299789,15268.8,0
1.97933,22.0345,0,0,0.221952,11132.3,0
2.00658,17.1896,0,0,0.173293,8566.6,0
2.0348,19.6484,0,0,0.19749,9656.19,0
2.0615,13.884,0,0,0.139647,6734.89,0
2.08711,20.1396,0,0,0.202124,9649.52,0
2.11323,27.7069,0,0,0.2777,13111.2,0
2.14058,36.9183,0,0,0.369696,17246.9,0
2.16679,28.8278,0,0,0.28843,13304.4,0
2.19554,20.3911,0,0,0.204171,9287.49,0
2.22194,13.9256,0,0,0.139599,6267.31,0
2.24891,8.58523,0,0,0.0862633,3817.5,0
2.27579,8.07844,0,0,0.0810033,3549.72,0
2.30178,5.82865,0,0,0.0587166,2532.23,0
2.32875,2.9884,0,0,0.0300885,1283.26,0
2.35696,1.99347,0,0,0.0204725,845.78,0
2.3833,1.01804,0,0,0.0106366,427.156,0
2.41141,1.87848,0,0,0.0191907,778.996,0
2.44004,0.545579,0,0,0.00589848,223.595,0
2.46598,0.580162,0,0,0.00648243,235.266,0
2.49207,1.24363,0,0,0.0130441,499.034,0
2.5192,3.72899,0,0,0.0378659,1480.23,0
2.54582,1.53527,0,0,0.0161414,603.055,0
2.57294,1.1384,0,0,0.0120187,442.451,0
2.6008,1.78251,0,0,0.0184728,685.372,0
2.6279,3.05129,0,0,0.0309554,1161.11,0
2.65436,2.34201,0,0,0.0238995,882.325,0
2.68145,0.526529,0,0,0.00613853,196.36,0
2.70929,1.39691,0,0,0.0147613,515.601,0
2.73641,0.416799,0,0,0.00506066,152.316,0
2.76363,0.66813,0,0,0.00755731,241.758,0
2.79193,1.03496,0,0,0.0108541,370.698,0
2.82014,0.865074,0,0,0.00901227,306.749,0
2.84722,2.21423,0,0,0.022349,777.684,0
2.87318,2.30475,0,0,0.0229602,802.162,0
2.9,0.525645,0,0,0.00519184,181.257,0
2.92785,0.0168064,0,0,0.000109973,5.74017,0
2.95482,0.0242532,0,0,0.000307434,8.20798,0
2.98116,0.359912,0,0,0.00365972,120.729,0
3.00711,-0.00623783,0,0,9.35875e-05,-2.07436,0
3.03376,0.117666,0,0,0.00124019,38.7854,0
3.05973,0.143517,0,0,0.00146794,46.9053,0
3.0872,0.900244,0,0,0.00896425,291.605,0
3.11567,0.0133916,0,0,0.000107083,4.29816,0
3.1428,0.103908,0,0,0.00103022,33.0622,0
3.16994,0.019894,0,0,0.000110572,6.27582,0
3.19803,0.447751,0,0,0.00444643,140.009,0
3.22577,0.506633,0,0,0.00505983,157.058,0
3.25431,0.258701,0,0,0.00260102,79.4949,0
3.2802,0.140462,0,0,0.0015344,42.821,0
3.3071,0.151226,0,0,0.00164191,45.7278,0
3.33527,0.460018,0,0,0.00489517,137.925,0
3.36312,0.639045,0,0,0.00677753,190.015,0
3.39048,0.363336,0,0,0.00413994,107.164,0
3.41767,0.185749,0,0,0.00227643,54.3497,0
3.44452,0.0594265,0,0,0.00101482,17.2525,0
3.47111,-0.0277746,0,0,0.000257246,-8.00165,0
3.49868,0.377876,0,0,0.00430856,108.005,0
3.52431,1.2518,0,0,0.0132875,355.19,0
3.54986,1.28798,0,0,0.0138455,362.827,0
3.57662,0.294521,0,0,0.00398551,82.3461,0
3.60413,1.39263,0,0,0.0150375,386.397,0
3.62961,1.69381,0,0,0.0177259,466.664,0
3.65665,0.486291,0,0,0.00557303,132.988,0
3.68287,0.570291,0,0,0.00622096,154.85,0
3.71063,0.0486854,0,0,0.00119766,13.1205,0
3.73781,-0.0738582,0,0,4.94364e-05,-19.7597,0
3.76431,-0.0306668,0,0,0.00039702,-8.14674,0
3.79296,-0.0644716,0,0,7.95915e-05,-16.9977,0
3.81866,0.0135176,0,0,0.000820199,3.53989,0
3.84627,-0.0672677,0,0,2.94576e-05,-17.4891,0
3.87324,0.185794,0,0,0.00250084,47.9685,0
3.89975,-0.0286235,0,0,0.000373241,-7.33982,0
3.92559,0.579797,0,0,0.006321,147.697,0
3.95361,0.110183,0,0,0.00141123,27.869,0
3.97941,0.549362,0,0,0.00572302,138.051,0
4.00588,0.572554,0,0,0.00584365,142.929,0
4.0322,1.07269,0,0,0.0107007,266.031,0
4.059,2.08664,0,0,0.0207152,514.076,0
4.08496,2.28555,0,0,0.0229442,559.505,0
4.11372,0.539371,0,0,0.00572529,131.115,0
4.14072,0.301333,0,0,0.00354004,72.7732,0
4.16868,1.383,0,0,0.0143567,331.759,0
4.19473,0.466547,0,0,0.00571867,111.222,0
4.22135,-0.104998,0,0,1.05389e-05,-24.873,0
4.24698,0.521981,0,0,0.0062723,122.906,0
4.27371,0.622066,0,0,0.00753142,145.556,0
4.30002,0.916773,0,0,0.0108132,213.202,0
4.3266,0.200281,0,0,0.00368614,46.2906,0
4.3524,-0.143996,0,0,0.000247779,-33.0842,0
4.37855,0.701596,0,0,0.00869288,160.235,0
4.40446,-0.0754075,0,0,0.000839307,-17.1207,0
4.43178,0.110989,0,0,0.00270088,25.0439,0
4.45703,1.44349,0,0,0.0160505,323.868,0
4.48401,1.86869,0,0,0.0204932,416.746,0
4.5129,1.03254,0,0,0.0121272,228.798,0
4.53902,1.11589,0,0,0.0126219,245.844,0
4.56452,1.8077,0,0,0.0195778,396.033,0
4.59068,1.91129,0,0,0.0201852,416.341,0
4.61724,2.62381,0,0,0.0273791,568.263,0
4.64368,4.26176,0,0,0.0434387,917.756,0
4.6695,4.12847,0,0,0.0425926,884.136,0
4.69736,8.22271,0,0,0.0834825,1750.5,0
4.72354,13.3144,0,0,0.134334,2818.72,0
4.75076,19.885,0,0,0.199957,4185.66,0
4.77812,27.8043,0,0,0.279048,5819.08,0
4.80415,36.5596,0,0,0.366489,7610,0
4.83125,46.9401,0,0,0.47016,9715.92,0
4.85968,47.0573,0,0,0.470323,9683.22,0
4.88793,59.0167,0,0,0.590578,12074,0
4.91686,58.6361,0,0,0.587412,11925.5,0
4.94343,59.5884,0,0,0.596843,12054.1,0
4.97017,67.8928,0,0,0.681124,13660.1,0
4.99677,65.0943,0,0,0.65111,13027.3,0
5.02341,63.9739,0,0,0.641822,12735.1,0
5.05131,56.4902,0,0,0.569222,11183.3,0
5.07807,52.5267,0,0,0.529777,10343.8,0
5.10366,54.9083,0,0,0.554766,10758.6,0
5.13202,43.084,0,0,0.436675,8395.15,0
5.15836,42.244,0,0,0.428229,8189.42,0
5.18674,31.9313,0,0,0.325235,6156.33,0
5.21353,28.7727,0,0,0.294511,5518.85,0
5.23837,37.3127,0,0,0.379803,7122.97,0
5.26699,45.6294,0,0,0.462351,8663.28,0
5.29314,56.2481,0,0,0.567976,10626.6,0
5.31863,55.841,0,0,0.563453,10499.1,0
5.34559,56.5889,0,0,0.573009,10586.1,0
5.3724,56.6712,0,0,0.576293,10548.6,0
5.40081,57.4754,0,0,0.581222,10642,0
5.42734,57.5049,0,0,0.58152,10595.4,0
5.45356,60.0662,0,0,0.604833,11014.1,0
5.47894,58.0626,0,0,0.584681,10597.4,0
5.50669,52.8728,0,0,0.531459,9601.56,0
5.53445,44.8503,0,0,0.452181,8103.84,0
5.56046,49.5776,0,0,0.501173,8916.1,0
5.58722,58.6488,0,0,0.59352,10496.9,0
5.614,59.1575,0,0,0.600068,10537.5,0
5.6414,57.3917,0,0,0.58647,10173.3,0
5.66824,55.8508,0,0,0.572036,9853.28,0
5.69546,51.9415,0,0,0.531763,9119.82,0
5.72289,42.7707,0,0,0.438803,7473.61,0
5.74993,51.3411,0,0,0.523991,8928.99,0
5.77554,52.9047,0,0,0.540361,9160.14,0
5.80253,54.3604,0,0,0.556945,9368.4,0
5.82971,59.454,0,0,0.605321,10198.5,0
5.85714,57.1347,0,0,0.582063,9754.71,0
5.8845,56.4468,0,0,0.574656,9592.47,0
5.91164,50.3895,0,0,0.515784,8523.79,0
5.94005,56.7605,0,0,0.578378,9555.56,0
5.96865,53.2038,0,0,0.544972,8913.88,0
5.99502,48.5581,0,0,0.497697,8099.74,0
6.02044,42.8672,0,0,0.43946,7120.27,0
6.04586,33.514,0,0,0.345572,5543.3,0
6.07379,43.944,0,0,0.449739,7235.02,0
6.10016,46.371,0,0,0.472299,7601.6,0
6.12724,46.2263,0,0,0.469398,7544.39,0
6.15461,55.4213,0,0,0.561189,9004.84,0
6.18084,63.0595,0,0,0.638282,10202.4,0
6.20731,55.2331,0,0,0.56043,8898.08,0
6.2343,48.3248,0,0,0.490156,7751.44,0
6.26303,60.5766,0,0,0.612411,9672.09,0
6.29067,54.3164,0,0,0.549103,8634.44,0
6.31823,51.2789,0,0,0.517341,8116.03,0
6.34528,43.5876,0,0,0.440391,6869.29,0
6.37181,48.877,0,0,0.492644,7670.81,0
6.40053,47.4836,0,0,0.478406,7418.7,0
6.42744,56.6644,0,0,0.569481,8816.02,0
6.456,54.9883,0,0,0.552888,8517.4,0
6.48227,62.8572,0,0,0.633793,9696.8,0
6.50825,60.171,0,0,0.60527,9245.35,0
6.53492,62.0334,0,0,0.6235,9492.61,0
6.56261,49.7327,0,0,0.500649,7578.18,0
6.58961,50.3026,0,0,0.50461,7633.63,0
6.61577,41.7667,0,0,0.420395,6313.2,0
6.64375,39.1038,0,0,0.392478,5885.81,0
6.67073,35.5237,0,0,0.356061,5325.31,0
6.69673,30.5217,0,0,0.30705,4557.71,0
6.72509,34.2994,0,0,0.344413,5100.21,0
6.75165,38.129,0,0,0.38057,5647.35,0
6.77809,34.0798,0,0,0.341075,5027.94,0
6.80479,25.4522,0,0,0.254909,3740.34,0
6.8307,18.2814,0,0,0.183292,2676.35,0
6.85565,13.9671,0,0,0.139785,2037.32,0
6.88256,20.5725,0,0,0.205754,2989.07,0
6.90951,28.4647,0,0,0.284575,4119.64,0
6.93706,37.8547,0,0,0.378355,5456.88,0
6.96435,33.9099,0,0,0.338637,4869.07,0
6.99186,30.4481,0,0,0.303254,4354.78,0
7.02009,21.9265,0,0,0.218147,3123.4,0
7.04752,14.985,0,0,0.148821,2126.28,0
7.07658,11.9234,0,0,0.117751,1684.91,0
7.10457,18.3114,0,0,0.181549,2577.41,0
7.13134,22.6769,0,0,0.225785,3179.9,0
7.15795,15.7982,0,0,0.157086,2207.08,0
7.18522,16.7432,0,0,0.166961,2330.24,0
7.2115,11.8132,0,0,0.118131,1638.11,0
7.23895,6.87744,0,0,0.068836,950.06,0
7.26585,3.32522,0,0,0.0333594,457.651,0
7.29179,6.04061,0,0,0.0603295,828.413,0
7.31971,3.2504,0,0,0.0330926,444.061,0
7.34593,2.77976,0,0,0.0284623,378.409,0
7.37088,5.23581,0,0,0.0530783,710.337,0
7.39735,4.79551,0,0,0.0487542,648.275,0
7.42488,5.64811,0,0,0.0570153,760.7,0
7.44975,9.71457,0,0,0.0976279,1304.01,0
7.47755,8.41476,0,0,0.0836002,1125.34,0
7.50434,13.6409,0,0,0.135794,1817.73,0
7.5291,19.5941,0,0,0.195251,2602.46,0
7.55623,19.5638,0,0,0.1957,2589.1,0
7.58435,15.5424,0,0,0.155824,2049.27,0
7.6091,12.7923,0,0,0.129115,1681.18,0
7.63684,12.5557,0,0,0.126991,1644.09,0
7.66422,17.9732,0,0,0.180651,2345.08,0
7.69103,25.3664,0,0,0.254487,3298.17,0
7.71899,34.4217,0,0,0.344924,4459.35,0
7.74545,44.261,0,0,0.443191,5714.45,0
7.77363,49.2067,0,0,0.493052,6329.95,0
7.80148,61.1643,0,0,0.614252,7840.09,0
7.82747,61.3328,0,0,0.615318,7835.59,0
7.85539,50.5203,0,0,0.507367,6431.3,0
7.88405,49.7081,0,0,0.501082,6304.89,0
7.91021,53.4321,0,0,0.540104,6754.83,0
7.93595,44.7947,0,0,0.454836,5644.52,0
7.96382,40.3818,0,0,0.411153,5070.65,0
7.99052,30.8487,0,0,0.315944,3860.66,0
8.01681,25.7066,0,0,0.265017,3206.59,0
8.04371,18.1259,0,0,0.189307,2253.42,0
8.07027,11.8888,0,0,0.127016,1473.16,0
8.0979,7.8597,0,0,0.0868893,970.586,0
8.12466,13.1698,0,0,0.139922,1620.96,0
8.15003,19.366,0,0,0.201805,2376.19,0
8.1772,17.9267,0,0,0.187067,2192.28,0
8.2053,14.667,0,0,0.155201,1787.51,0
8.23272,21.739,0,0,0.22583,2640.56,0
8.25913,29.7999,0,0,0.306336,3608.12,0
8.28647,37.7664,0,0,0.384741,4557.59,0
8.31203,39.9024,0,0,0.404345,4800.57,0
8.33818,41.8743,0,0,0.424268,5021.99,0
8.36413,50.8649,0,0,0.515138,6081.31,0
8.39222,59.0857,0,0,0.595827,7040.53,0
8.41997,67.6975,0,0,0.680766,8040.11,0
8.4483,70.0221,0,0,0.703241,8288.3,0
8.4746,66.036,0,0,0.662543,7792.23,0
8.50086,67.7982,0,0,0.682078,7975.46,0
8.52669,64.1262,0,0,0.641559,7520.65,0
8.55315,64.8979,0,0,0.649923,7587.6,0
8.57944,57.4176,0,0,0.576286,6692.47,0
8.60613,46.0231,0,0,0.462487,5347.71,0
8.63405,38.1881,0,0,0.382875,4422.96,0
8.6605,46.8221,0,0,0.468476,5406.4,0
8.68815,38.248,0,0,0.383386,4402.31,0
8.71513,34.1818,0,0,0.342535,3922.12,0
8.74092,43.7232,0,0,0.437827,5002.13,0
8.76803,47.4479,0,0,0.473613,5411.47,0
8.79432,39.3085,0,0,0.392515,4469.76,0
8.82149,36.224,0,0,0.36114,4106.34,0
8.84851,27.2305,0,0,0.27132,3077.41,0
8.87586,19.4341,0,0,0.193456,2189.54,0
8.90382,16.278,0,0,0.161676,1828.21,0
8.93381,10.9432,0,0,0.108162,1224.92,0
8.96051,6.36007,0,0,0.0623894,709.789,0
8.98749,5.42317,0,0,0.0531778,603.413,0
9.01474,7.74324,0,0,0.0762775,858.954,0
9.04205,11.1173,0,0,0.110207,1229.51,0
9.06836,9.62003,0,0,0.0954908,1060.83,0
9.09444,6.70297,0,0,0.0660043,737.041,0
9.12152,3.75532,0,0,0.0368211,411.699,0
9.14777,5.33365,0,0,0.0528263,583.054,0
9.17508,9.71367,0,0,0.0965705,1058.7,0
9.20309,7.51075,0,0,0.0746618,816.112,0
9.22862,5.55003,0,0,0.0556982,601.393,0
9.25621,3.60273,0,0,0.0361258,389.223,0
9.28199,7.09473,0,0,0.0710011,764.354,0
9.3074,9.4512,0,0,0.0935135,1015.45,0
9.33644,7.24414,0,0,0.0707179,775.899,0
9.36238,4.53656,0,0,0.0433531,484.551,0
9.38953,2.75382,0,0,0.025399,293.286,0
9.41691,2.48631,0,0,0.0230164,264.026,0
9.44309,4.68244,0,0,0.0449124,495.859,0
9.47039,3.83153,0,0,0.03577,404.579,0
9.49747,5.57141,0,0,0.0532808,586.621,0
9.52258,6.10637,0,0,0.0580209,641.252,0
9.55068,3.84504,0,0,0.0348591,402.593,0
9.57788,2.19535,0,0,0.0182963,229.211,0
9.60563,1.06183,0,0,0.00717016,110.542,0
9.63427,1.80409,0,0,0.0143046,187.258,0
9.6616,1.11397,0,0,0.00712425,115.299,0
9.68935,2.00456,0,0,0.0160808,206.883,0
9.71615,4.65224,0,0,0.0425237,478.815,0
9.74343,2.92574,0,0,0.0254573,300.278,0
9.77174,3.23101,0,0,0.0286796,330.649,0
9.80108,6.93599,0,0,0.0656819,707.676,0
9.82807,8.94804,0,0,0.0864116,910.458,0
9.85635,14.5842,0,0,0.142701,1479.68,0
9.88299,21.1794,0,0,0.208568,2143.01,0
9.91002,29.1453,0,0,0.288125,2940.99,0
9.93927,20.7819,0,0,0.204154,2090.89,0
9.96656,14.1192,0,0,0.137612,1416.65,0
9.99226,9.04343,0,0,0.08692,905.044,0
10.0001,9.52124,0,0,0.0922324,952.118,0
