0.151316,3652.4,76.3403,22.549,0.0155543,-15881.2,0
0.298161,3641.27,78.3374,20.5075,0.054048,29283,0
0.43795,3619.8,79.3997,13.2021,0.137027,68968.2,0
0.584465,3588.66,55.1222,14.2153,0.300849,104959,0
0.731606,3554.17,24.3401,22.8229,0.544552,130986,0
0.874349,3557.95,1.22288,30.6285,0.521374,105275,0
1.01185,3555.04,36.3448,59.4285,0.46497,93848.1,0
1.15339,3547.43,18.9713,40.377,0.573095,88931.4,0
1.30112,3540.06,32.059,11.2295,0.656061,84496,0
1.456,3533.28,37.9694,-24.7797,0.679928,80166.1,0
1.59711,3534.31,30.8372,-17.0124,0.704903,72434.2,0
1.73719,3540.14,43.0473,-41.0952,0.580669,63242.3,0
1.87774,3504.17,32.4857,-46.68,0.873797,77660.9,0
2.01815,3489.75,8.99368,-45.3394,1.09317,79403.3,0
2.16043,3464.95,-11.4994,-21.5,1.76821,85653.7,0
2.30622,3469.82,-14.4507,-19.5456,1.70268,78128.9,0
2.45107,3494.96,-29.1283,-30.738,1.07381,63253.2,0
2.59518,3521.03,-40.7227,-47.7199,0.704084,49695.9,0
2.74334,3563.22,-46.3487,-34.5048,0.430673,31632.9,0
2.89119,3572.43,-56.5583,-65.5874,0.329738,26831.3,0
2.93529,3570.33,-60.6889,-79.6934,0.315747,27141.3,0
