0.14315,3655.16,6.70634,-0.701172,0.0238362,-36068.7,0
0.287703,3645.56,0.443431,4.91807,0.0610743,15446.1,0
0.434078,3639.63,5.30468,8.50746,0.0845934,23886.9,0
0.58104,3616.35,23.8003,15.8265,0.18045,57917.6,0
0.72167,3585.31,27.4795,0.776933,0.339091,89635.4,0
0.869622,3567.26,24.702,-41.9773,0.423352,95142,0
1.01077,3594.62,38.5408,-13.8863,0.278168,54786,0
1.15447,3590.94,54.6978,15.5339,0.281992,51155.1,0
1.29856,3557.42,67.3591,23.7946,0.439922,71296.4,0
1.45019,3551.43,26.0887,10.9734,0.568151,67969.4,0
1.59529,3542.16,11.5899,18.4969,0.66244,67599.6,0
1.7342,3544.44,-0.0376521,35.957,0.613971,60868,0
1.88231,3507.61,27.8451,49.0998,0.851758,75646.8,0
2.02043,3543.28,54.0736,38.6051,0.542502,52821.6,0
2.15935,3517.1,30.3461,25.68,0.85933,61547,0
2.30348,3509.02,29.717,55.0854,0.80525,61204,0
2.45053,3496.13,5.27672,43.8634,1.05362,62790.3,0
2.59833,3453.71,-3.55462,65.161,1.22596,75546.4,0
2.66946,3449.71,-17.1496,57.1295,1.31675,75030.9,0
