0.144072,3645.2,10.3507,-39.2282,0.0325224,33282.7,0
0.296399,3650.03,10.3572,-43.7599,0.012707,-95.2889,0
0.442854,3649.45,8.99431,-37.2798,0.0172764,1247.96,0
0.586098,3645.97,12.8849,-35.9362,0.0309778,6883.32,0
0.730309,3641,15.5075,-35.0384,0.0503718,12329.5,0
0.87921,3640.17,10.1882,-33.8023,0.0550242,11176.3,0
1.01146,3629.41,18.0769,-19.7487,0.102126,20361,0
1.15798,3619.34,39.3993,-2.4631,0.140327,26477.7,0
1.31217,3590.58,59.5467,15.8128,0.256822,45282,0
1.44931,3595.74,57.6046,21.197,0.232886,37436.3,0
1.595,3606.13,43.9716,-14.1238,0.197222,27504,0
1.73548,3601.91,68.7414,-24.8012,0.192093,27710.1,0
1.86354,3580.02,96.4438,-26.5426,0.253672,37550,0
