0.147748,3652.69,-11.7275,9.87527,0.00161103,-18240.5,0
0.29658,3652.04,-8.52419,10.3802,0.00432076,-6864.9,0
0.45066,3649.65,-8.7258,10.0141,0.0135603,765.901,0
0.585978,3645.78,-14.5531,1.6932,0.0284229,7203.28,0
0.731607,3641.25,-25.5986,-3.84054,0.044213,11962,0
0.874944,3645.17,-22.0516,-5.57639,0.0291565,5514.75,0
1.01418,3641.36,-16.0007,-6.87188,0.0454623,8523.47,0
1.1554,3638.29,-20.9131,-10.9817,0.0560185,10136.3,0
1.2963,3643.19,-26.2293,-22.9663,0.0329902,5252.38,0
1.44301,3644.35,-23.403,-20.1843,0.0292629,3915.58,0
1.58603,3645.78,-19.6589,-21.0894,0.0242039,2662.22,0
1.73147,3639.87,-9.2527,-11.7717,0.0506357,5847.95,0
1.87352,3643.31,-7.20387,-2.32985,0.038145,3570.76,0
2.01295,3648.28,-6.49007,-2.09651,0.0185801,854.39,0
2.15972,3652.22,-7.50807,-2.5838,0.00357477,-1029.53,0
2.29613,3650.81,-7.30974,-2.6773,0.00917301,-352.936,0
2.43646,3649.15,-13.1737,-1.55855,0.014935,348.598,0
2.58127,3646.06,-18.6073,5.93731,0.0260333,1527.65,0
2.73211,3638.52,-25.8845,3.30996,0.0545891,4201.46,0
2.88195,3616.5,-38.3201,-4.99067,0.143502,11625,0
3.01552,3581.8,-47.5438,-12.1387,0.307242,22616.9,0
3.16323,3544.32,-51.4244,-2.97422,0.541394,33410.1,0
3.3071,3522.4,-49.3776,-43.9131,0.649348,38583.5,0
3.46047,3521.36,-85.8069,-31.5314,0.564278,37173.3,0
3.4919,3524.42,-94.4097,-33.5128,0.518407,35963.9,0
