0.138557,3648.21,-29.3734,30.0416,0.0258708,12913.2,0
0.287857,3646.21,-30.9604,28.6524,0.0329557,13150.4,0
0.425625,3643.84,-32.4666,16.7986,0.0440509,14463.9,0
0.567479,3644.1,-35.6883,22.6794,0.0405375,10390.1,0
0.715221,3647.93,-36.6852,30.367,0.0233346,2894.99,0
0.865341,3640.48,-29.478,30.8249,0.0543696,10996.2,0
1.01224,3641.38,-35.1358,24.607,0.0507455,8519.91,0
1.15517,3627.08,-33.5959,29.9294,0.107556,19837.8,0
1.30238,3606.56,-12.9692,17.399,0.21137,33357.8,0
1.44753,3578.31,-10.2554,31.6261,0.357236,49528,0
1.58933,3544.12,13.6641,41.3973,0.574655,66618.4,0
1.73441,3513.3,-7.47129,36.6229,0.890665,78818.1,0
1.87789,3568.6,-13.2557,36.5804,0.409523,43347,0
2.01907,3533.71,-8.47165,37.7062,0.672889,57593.7,0
2.16403,3557.61,-4.01554,90.4125,0.374999,42692,0
2.19289,3560.35,-2.59856,100.177,0.341323,40882.3,0
