0.149614,3649.86,-45.7993,-9.93451,0.023399,941.068,0
0.285037,3645.6,-44.8746,-5.11371,0.0402439,15429.4,0
0.425708,3631.45,-40.3538,2.47508,0.0987123,43564.2,0
0.578129,3607.92,-40.1826,23.0032,0.198128,72779.3,0
0.721508,3608.82,-28.4932,45.2836,0.187838,57076.8,0
0.865292,3603.72,1.12867,66.4422,0.199289,53479.7,0
1.00817,3582.36,30.4892,83.848,0.268374,67087.5,0
1.14964,3567.45,16.9686,91.279,0.331954,71806.6,0
1.30177,3566.63,5.94054,99.2611,0.322337,64043.4,0
1.30967,3568.09,8.10391,99.6864,0.314462,62543.5,0
