0.150159,3654.61,19.5599,12.5253,0.0125674,-30683.7,0
0.292893,3655.14,18.2745,14.1023,0.0108034,-17533.6,0
0.432971,3653.98,22.1674,16.3122,0.0142749,-9197.86,0
0.583673,3656.59,20.119,20.8098,0.00388137,-11292.9,0
0.72085,3652.85,17.3449,17.6585,0.019182,-3960.18,0
0.866719,3648.48,15.6874,19.4672,0.0358635,1752.62,0
1.01113,3640.75,13.4128,31.05,0.0632795,9149.88,0
1.15474,3638.27,15.1502,29.0151,0.0726749,10157.2,0
1.29527,3637.32,10.2842,32.981,0.0754786,9791.88,0
1.43404,3633.79,10.4296,30.3416,0.0903946,11302.9,0
1.57329,3626.38,25.4703,49.1707,0.109298,15014.8,0
1.70749,3640.64,26.3465,53.8183,0.0494374,5483.85,0
1.84781,3640.66,29.187,59.7735,0.0450925,5054.68,0
1.979,3640.36,30.7216,59.4585,0.0460719,4873.64,0
2.12168,3634.6,29.1882,55.4688,0.0709861,7259.09,0
2.26085,3642.16,34.3241,62.7843,0.0362249,3468.92,0
2.40812,3636.27,31.0459,59.387,0.0616815,5702.53,0
2.54877,3627.69,31.3682,63.2363,0.09294,8753.58,0
2.69844,3622.63,18.5329,81.4576,0.10258,10143.8,0
2.84196,3608.93,-4.03509,93.9564,0.146621,14451.1,0
2.91488,3596.4,-15.4913,98.8274,0.190665,18387.9,0
