0.145782,3653.78,34.2404,5.92408,0.0059625,-25955,0
0.297967,3650.3,34.4038,4.34336,0.0192088,-996.425,0
0.443457,3652.91,33.0737,4.47093,0.00966745,-6554.09,0
0.594506,3655.27,31.4465,7.06538,0.000929217,-8859.08,0
0.739482,3654.34,32.6855,10.7781,0.00366907,-5875.23,0
0.878997,3653.41,32.4498,14.1882,0.00694425,-3873.82,0
1.02358,3641.48,30.5177,16.405,0.0531333,8324.15,0
1.16952,3628.61,19.2008,6.98709,0.109864,18290,0
1.31311,3615.4,19.3024,-20.6933,0.165972,26348.3,0
1.46046,3584.33,18.2958,-47.8106,0.30352,44967.9,0
1.60775,3534.49,12.0318,-69.9273,0.561765,71844.6,0
1.7513,3529.26,57.1238,-78.2305,0.511578,68943.5,0
1.75945,3529.07,60.0046,-80.1136,0.502806,68729.3,0
