0.276288,3643.77,-22.9413,29.7143,0.10988,22544,0
0.548949,3610.33,-13.0569,1.87582,0.722729,72261.6,0
0.824591,3644.96,9.65933,3.4308,0.118577,6116.28,0
1.10339,3634.99,19.81,6.65804,0.273915,13607.7,0
1.37551,3636.88,9.84624,18.4664,0.242382,9537.87,0
1.64427,3606.2,34.5012,-8.52094,0.766442,26635.5,0
1.92218,3609.1,60.7772,-21.3012,0.621546,21279.2,0
2.19782,3567.87,73.0193,-36.9643,1.30865,37371,0
2.46609,3584.65,80.4891,-27.5927,0.969914,26500,0
2.74252,3625.66,43.5424,-38.2814,0.353843,8876,0
3.01772,3625.11,29.2995,-13.2417,0.417128,8248.5,0
3.29589,3635.45,-3.57411,-34.374,0.242718,4414.15,0
3.57073,3639.74,-27.4399,-18.5265,0.173866,2873.26,0
3.84418,3636.21,-28.8611,-17.2601,0.230487,3587.85,0
4.11749,3614.53,-70.5811,-43.7594,0.451791,8613.86,0
4.39421,3604.84,-71.0764,-41.4339,0.611318,10277.4,0
4.67209,3569.07,-80.0616,-34.6272,1.2333,17321.6,0
4.94275,3565.34,-69.0641,-59.5218,1.29421,17127.2,0
5.21473,3562.47,-55.7192,-63.0413,1.38147,16785.1,0
5.48616,3576.65,-47.0248,-66.8117,1.12562,13369.3,0
5.75712,3575.7,-58.3754,-48.5825,1.18254,12905.7,0
6.02653,3590.68,-62.485,-25.1077,0.944131,9843.31,0
6.29626,3603.53,-71.729,-27.6095,0.667267,7380,0
6.5685,3613.3,-94.6708,-17.3123,0.420843,5587.72,0
6.839,3637.23,-83.7932,5.19969,0.101238,1867.76,0
7.10906,3625.55,-82.6475,-1.67947,0.28261,3438.82,0
7.38474,3638.36,-55.2264,20.1228,0.149944,1575.63,0
7.65945,3637.65,-54.9864,28.8156,0.154167,1612.22,0
7.93382,3632.05,-34.6131,41.1745,0.263391,2262.18,0
8.21089,3624.25,-63.9051,50.4842,0.305857,3136.05,0
8.27324,3621.6,-76.4326,64.5341,0.277641,3432.9,0
