0.266726,3630.2,10.0981,13.9966,0.328566,74232.3,0
0.539843,3628.82,-4.7143,14.0257,0.351847,39241,0
0.817207,3636.66,-41.0754,28.4325,0.170469,16318.2,0
1.09081,3597.84,-65.8145,34.96,0.752386,47819.1,0
1.36687,3610.53,-59.5766,29.1597,0.564619,28874.8,0
1.63857,3600.63,-75.4679,19.0014,0.689019,30127.7,0
1.91409,3629.92,-73.2669,47.3956,0.176625,10488.9,0
2.18114,3631.98,-69.8137,42.8118,0.163865,8262.21,0
2.45908,3606.18,-83.1775,53.7238,0.494379,17821.3,0
2.496,3609.63,-85.82,51.5133,0.433881,16173.1,0
