0.268123,3650.09,28.1184,-14.4843,0.0198882,-349.968,0
0.543799,3644.01,27.1802,-18.9098,0.11184,11020.9,0
0.819243,3628.53,36.6954,-36.6865,0.325265,26207.3,0
1.09084,3621.15,51.5388,-5.88086,0.445195,26450,0
1.36722,3621.85,36.8989,-8.21516,0.46436,20591.2,0
1.64571,3623.14,46.6368,-3.79711,0.421284,16324.1,0
1.91895,3611.63,43.1177,-9.64977,0.627807,19997.3,0
2.18622,3577.84,58.9832,5.52056,1.23769,33008.3,0
2.45955,3601.74,64.1382,29.0873,0.710919,19619.6,0
2.73083,3584.95,72.7611,-6.4507,1.01019,23820.6,0
3.00605,3597.34,49.3178,-22.0303,0.849068,17517.1,0
3.27694,3602.04,44.0881,-40.9242,0.740734,14636.9,0
3.55094,3593.49,19.551,-34.7694,0.981919,15914.9,0
3.82521,3595.66,16.6159,-57.6939,0.851799,14204.8,0
4.10142,3603.66,9.67792,-59.8458,0.701397,11299.1,0
4.37917,3609.96,5.1552,-50.7811,0.618734,9142.21,0
4.64816,3609.4,-26.3142,-78.1206,0.513578,8735.05,0
4.92464,3600.66,-22.1917,-86.2838,0.631878,10019,0
4.98414,3596.67,-26.5873,-96.4189,0.645435,10699.3,0
