0.159723,3648.84,13.979,-19.353,0.0572387,7268.1,0
0.321891,3635.89,-6.4024,-23.5821,0.535091,43835.4,0
0.482558,3636.33,13.1894,-11.2764,0.531136,28320.1,0
0.642201,3637.8,8.37008,0.00539635,0.482884,18995.6,0
0.802901,3634.91,12.7332,-1.25908,0.591616,18798,0
0.964964,3638.75,4.78667,-16.4323,0.438925,11659.5,0
1.12519,3626.85,11.9271,-9.96327,0.911499,20571.6,0
1.28612,3628.24,12.3286,2.67418,0.858634,16922.1,0
1.44343,3622.95,9.01614,6.1944,1.07724,18743.3,0
1.60142,3624.73,12.5619,8.87872,0.994112,15777.2,0
1.76517,3622.36,21.7139,4.84756,1.07365,15658.2,0
1.92592,3634.22,19.1384,19.3427,0.585023,8193.97,0
2.08534,3631.8,24.5727,48.9451,0.560526,8727.06,0
2.24381,3637.22,8.13235,44.2076,0.407906,5694.39,0
2.40457,3637.24,0.659382,52.2432,0.372477,5305.08,0
2.56138,3639.45,-4.09323,30.1992,0.373528,4119.01,0
2.72438,3630.01,-10.5454,33.4665,0.719098,7336.78,0
2.88335,3639.01,-5.60886,39.6164,0.360984,3811.72,0
3.04506,3638.85,1.89285,37.6147,0.377223,3661.83,0
3.20354,3643.07,-19.6577,35.1135,0.213781,2162.17,0
3.36727,3641.49,-30.8697,38.5231,0.234042,2528.46,0
3.52849,3630.88,-32.0611,15.2422,0.690879,5418.4,0
3.69008,3625.22,-32.147,34.6129,0.863877,6714.58,0
3.84726,3614.68,-48.6739,47.3481,1.15295,9181.52,0
4.00978,3608.83,-52.7409,53.2917,1.31441,10266.2,0
4.17044,3599.03,-49.1872,60.4554,1.67154,12220.9,0
4.33032,3602.97,-49.2447,69.2151,1.41217,10860.8,0
4.49224,3601.58,-47.8096,76.812,1.40027,10777.8,0
4.65324,3596.04,-46.7862,86.4751,1.51012,11597.3,0
4.66044,3598.57,-47.5767,87.9876,1.38625,11036,0
