0.158617,3645.1,34.7574,-13.8308,0.186781,30918.2,0
0.318148,3635.56,45.3236,-11.4448,0.497296,45392.3,0
0.473352,3645.11,45.2009,-19.5111,0.139999,10323.5,0
0.632954,3645.86,43.8394,-21.3311,0.115671,6541.14,0
0.791831,3643.43,53.1561,-13.556,0.172876,8299.09,0
0.950818,3621.11,49.0602,10.6791,1.02688,30379.4,0
1.10716,3620.37,42.9699,12.3944,1.07976,26759.4,0
1.27183,3615.05,40.7875,16.4019,1.29567,27482,0
1.43256,3615.7,52.4803,13.2953,1.19363,23945.5,0
1.59322,3612.31,37.663,15.052,1.39955,23658.3,0
1.75,3612.49,45.6744,11.377,1.35361,21434.9,0
1.91138,3613.01,38.1418,14.242,1.38037,19353,0
2.07139,3625.62,52.0094,17.6244,0.782488,11768.7,0
2.23324,3631.92,48.9159,9.22443,0.573067,8097.53,0
2.39328,3621.82,52.2602,-9.1383,0.924635,11776,0
2.55487,3634.46,53.6082,-13.1619,0.424316,6080.89,0
2.7117,3636.43,34.299,-33.2428,0.387232,5003.81,0
2.86879,3629.79,29.1878,-36.0671,0.64082,7045.22,0
3.02815,3628.43,37.7883,-38.9892,0.651749,7121.54,0
3.18877,3638.38,36.2066,-44.3786,0.266978,3643.56,0
3.34663,3634.41,32.5595,-36.5828,0.45765,4657.11,0
3.50721,3628.56,43.1309,-44.5644,0.607598,6113.5,0
3.66578,3626.95,44.8332,-61.8485,0.566051,6287.78,0
3.82666,3625.46,53.0991,-73.8329,0.50282,6414.2,0
3.98474,3628.56,61.7419,-72.8074,0.35076,5380.82,0
4.14309,3635.01,71.8674,-50.4532,0.187793,3617.68,0
4.30091,3632.41,78.7907,-43.7226,0.259734,4090.04,0
4.34441,3629.31,83.9799,-54.2955,0.28606,4763.44,0
