0.158943,3647.47,9.2545,-47.4052,0.102758,15918.8,0
0.319799,3646.38,26.3517,-42.1146,0.137618,11321.4,0
0.482166,3646.32,40.9181,-37.4194,0.114154,7622.04,0
0.644411,3645.57,39.3168,-49.7132,0.100645,6878.11,0
0.804315,3643.73,29.4226,-41.4812,0.22591,7798.69,0
0.961712,3629.17,29.962,-40.5096,0.764507,21655.9,0
1.12241,3633.92,18.0482,-44.5812,0.592243,14324,0
1.27929,3624,5.06645,-49.5086,0.96065,20319.9,0
1.44028,3611.56,20.9832,-56.2407,1.39736,26692,0
1.59635,3602.02,28.049,-60.8496,1.71543,30058,0
1.75859,3603.26,26.8237,-48.7854,1.74957,26580.6,0
1.91675,3595.6,31.6899,-52.0999,2.03066,28379.5,0
2.07923,3594.83,29.2565,-49.171,2.06782,26531.9,0
2.23786,3590.41,24.0868,-51.9269,2.22674,26626.4,0
2.40083,3596.1,33.7356,-41.6572,1.98848,22452.3,0
2.56192,3590.36,44.1486,-39.7346,2.16827,23277.5,0
2.72041,3592.53,52.4134,-36.7974,2.01306,21124.1,0
2.88204,3582.46,54.149,-42.7938,2.42353,23435,0
3.04185,3574.05,51.5347,-42.3566,2.82188,24967.4,0
3.20039,3572.54,50.9896,-34.6584,2.95883,24204.5,0
3.35911,3577.04,49,-34.158,2.7199,21721.4,0
3.51985,3568.9,44.9051,-36.5288,3.13191,23040,0
3.6809,3574.16,43.313,-36.8882,2.87396,20604.8,0
3.84047,3570.86,44.9467,-28.0534,3.03723,20607.6,0
4.00177,3565.85,47.5534,-24.5996,3.25034,21028.9,0
4.16305,3571.42,53.395,-18.7341,2.83825,18875.7,0
4.32439,3565.64,46.2974,-21.1888,3.18698,19507.2,0
4.48284,3563.7,46.9248,-20.0586,3.21965,19250.6,0
4.63851,3566.5,49.7548,-24.3753,2.92965,18001.3,0
4.79965,3563.91,41.2891,-33.9749,3.05097,17936.2,0
4.95813,3553.84,39.2953,-45.5521,3.36474,19394.4,0
5.11641,3562.09,31.7898,-45.3637,2.88143,17182.9,0
5.27538,3558.92,32.891,-51.766,2.88615,17265.8,0
5.43257,3558.27,29.1041,-44.4901,2.9761,16884.9,0
5.5952,3557.12,37.7828,-42.1613,2.93827,16600.4,0
5.752,3564.22,33.9481,-46.7656,2.44361,14912.5,0
5.91284,3562.48,24.3303,-39.9109,2.67509,14801,0
6.07263,3565.99,22.5482,-46.874,2.31553,13834.9,0
6.23586,3574.33,27.4082,-44.4948,1.85952,12135.3,0
6.39739,3588.84,19.229,-43.5964,1.16556,9560,0
6.55785,3584.31,16.6023,-34.5467,1.47056,10017.4,0
6.7148,3583.93,6.86597,-23.809,1.56182,9838.74,0
6.87292,3581.26,6.49663,-31.7313,1.64946,10001.8,0
7.03341,3567.22,8.42148,-22.406,2.52498,11769.5,0
7.19366,3573.1,3.99755,-21.1816,2.14415,10690.2,0
7.35534,3580.79,8.55006,-28.1581,1.63688,9409.94,0
7.51918,3584.7,4.03386,-29.8649,1.40273,8684.71,0
7.68081,3582.26,-3.2163,-43.8958,1.40739,8819.76,0
7.84231,3581.14,8.22758,-57.6326,1.30323,8780.27,0
8.00248,3589.76,-0.00736323,-51.5072,0.95631,7527.67,0
8.1648,3604.14,3.23727,-43.0719,0.356791,5616.36,0
8.32705,3595.23,0.555827,-44.3171,0.753287,6577.73,0
8.48484,3603.84,-6.47135,-44.8973,0.349808,5440.38,0
8.64628,3596.08,-1.20744,-28.3019,0.823739,6236,0
8.80321,3598.68,-6.5979,-23.8926,0.69917,5829.88,0
8.96189,3611.59,-17.4993,-9.43929,0.113746,4285.67,0
9.12187,3606.66,-4.67945,-3.20159,0.368604,4750.87,0
9.28225,3610.76,-24.3233,10.8194,0.127555,4227.93,0
9.44055,3601.72,-30.0689,12.4387,0.506241,5113.59,0
9.60174,3589.21,-31.1112,36.724,0.986586,6331.58,0
9.76557,3581.34,-29.9587,30.5425,1.42966,7031.2,0
9.92305,3573.22,-27.2859,35.1408,1.84289,7737.35,0
10.0843,3575.24,-27.2252,27.5772,1.76322,7413.59,0
10.2448,3571.3,-32.6585,31.1788,1.9167,7682.25,0
10.4066,3568.83,-38.2104,24.7467,2.03806,7799.69,0
10.5681,3565.13,-29.2085,30.1059,2.29902,8030.88,0
10.7288,3564.46,-22.6694,23.5232,2.44723,7973.18,0
10.8859,3564.28,-23.9963,20.5096,2.40584,7874.48,0
11.0437,3560.37,-28.2576,27.3497,2.56217,8115.5,0
11.2005,3555.68,-41.5276,28.5028,2.6302,8420.98,0
11.3597,3569.57,-38.088,25.4406,1.89278,7080.74,0
11.5191,3573.85,-28.0488,28.2558,1.73588,6611.04,0
11.6793,3563.76,-22.25,29.1037,2.39003,7383.86,0
11.8416,3564.4,-17.0897,21.0808,2.38249,7228.89,0
12.0018,3574.07,0.302807,20.4575,1.82064,6326.72,0
12.1641,3567.07,-10.7883,30.4507,2.13772,6817.78,0
12.3242,3564.92,-23.3233,32.9497,2.16103,6903.55,0
12.4861,3564.56,-26.0252,36.3945,2.12995,6842.46,0
12.6507,3567.59,-26.4328,27.7827,2.0207,6514.38,0
12.8148,3567.72,-29.1228,28.3842,1.94969,6420.34,0
12.9797,3566.05,-20.0767,31.3065,2.04355,6467.71,0
13.1401,3562.75,-17.9362,32.2478,2.26236,6639.81,0
13.2994,3568.99,-18.0359,36.1617,1.84157,6091.21,0
13.4622,3569.18,-28.3863,35.4419,1.7423,6003.61,0
13.6173,3564.36,-21.2231,41.7773,1.97807,6288.91,0
13.7781,3562.86,-10.9075,31.8639,2.19341,6324.73,0
13.9409,3561.84,-17.9785,34.8784,2.16456,6323.8,0
14.1009,3566.15,-19.043,37.533,1.80905,5946.37,0
14.2605,3574.33,-35.2347,25.4943,1.31457,5306,0
14.4229,3568.91,-36.147,29.1673,1.56445,5622.21,0
14.5865,3571.21,-37.9193,48.4916,1.21626,5401.46,0
14.7459,3568.57,-49.6452,49.0537,1.21818,5522.2,0
14.9066,3571.16,-59.8825,51.4001,0.956543,5288.68,0
15.0625,3569.41,-52.8469,51.3379,1.10813,5350.51,0
15.2188,3566.72,-51.6398,46.7736,1.31834,5472.08,0
15.3793,3560.83,-54.206,38.3009,1.6853,5798.26,0
15.5404,3561.67,-44.3292,33.2254,1.78644,5683.7,0
15.7,3559.39,-50.2514,44.384,1.69169,5771.33,0
15.8575,3563.5,-48.1827,36.8197,1.58397,5454.61,0
16.0158,3553.27,-51.4884,24.2832,2.19582,6039.62,0
16.1763,3559.71,-53.2009,19.696,1.73714,5581.73,0
16.3355,3555.68,-55.8752,24.638,1.85154,5773.63,0
16.4948,3549.78,-61.2968,21.5776,2.08301,6075.85,0
16.6566,3557.1,-59.1262,14.3927,1.73814,5577.27,0
16.8183,3555.3,-68.6223,17.5254,1.64714,5630.91,0
16.9789,3556.13,-69.8869,11.6182,1.59686,5528.63,0
17.1441,3560.28,-76.2022,19.6828,1.20724,5233.34,0
17.3035,3556.51,-69.5221,27.6747,1.4507,5402.86,0
17.4628,3555.47,-73.1612,34.5842,1.33126,5413.15,0
17.625,3561.25,-90.1562,18.9027,0.830117,5035.38,0
17.6915,3559.42,-96.0962,27.7914,0.751785,5120.1,0
