0.157531,3643.55,-17.9683,-7.16595,0.26936,40974.6,0
0.318556,3628.2,-11.7797,-13.3749,0.865045,68427.5,0
0.478303,3639.04,-16.1538,-16.1818,0.435607,22913.4,0
0.635557,3637.22,-0.393309,-28.7511,0.487552,20105.7,0
0.796394,3645.02,-2.95766,-52.0772,0.113709,6258,0
0.958779,3637.64,13.4974,-61.936,0.320303,12886.7,0
1.12026,3635.13,3.30689,-56.529,0.453825,13274.6,0
1.28356,3644.48,-10.7529,-62.226,0.0829476,4301.19,0
1.44377,3627.44,-21.8695,-60.3513,0.693972,15627.2,0
1.60846,3622.26,-28.2698,-61.5482,0.856896,17245.6,0
1.76724,3622.8,-17.0277,-59.105,0.871733,15390.7,0
1.93011,3622.23,-12.4574,-54.4987,0.920049,14385.8,0
2.09185,3623.04,-4.62828,-73.5766,0.754054,12889.7,0
2.24838,3641.46,5.67124,-62.0378,0.153468,3798.91,0
2.40899,3638.67,-8.90072,-59.0093,0.266678,4701.46,0
2.56903,3637.49,-25.1067,-57.9883,0.291096,4869.5,0
2.73016,3634.04,-13.7756,-73.654,0.342756,5845.1,0
2.89108,3630.73,-20.2106,-82.0644,0.389834,6665.65,0
3.04888,3629.23,0.629173,-80.1267,0.479679,6811.42,0
3.20901,3632.12,11.8935,-71.506,0.431403,5572.1,0
3.36865,3628.59,0.20452,-60.5538,0.639166,6355.13,0
3.52559,3627.21,9.75868,-46.3647,0.766891,6463.21,0
3.68474,3635.46,14.1797,-50.1363,0.425088,3945.03,0
3.84626,3645.34,9.4884,-49.1388,0.0782655,1210.84,0
4.00845,3643.51,13.8244,-58.5031,0.0969499,1620,0
4.16926,3645.03,18.3415,-58.2922,0.0385774,1191.83,0
4.33215,3630.86,9.79596,-45.401,0.621334,4418.29,0
4.49108,3627.45,0.409442,-33.6176,0.812687,5021.5,0
4.64759,3634.21,3.19422,-26.2413,0.570979,3396.5,0
4.80878,3623.83,-2.03706,-31.2153,0.970208,5443.12,0
4.96915,3618.61,-14.7038,-34.1584,1.13874,6317.04,0
5.12825,3622.33,-18.1814,-31.8612,0.988219,5396.05,0
5.28778,3621.97,-12.2906,-36.1578,0.985579,5301.17,0
5.4454,3614.3,-16.428,-28.107,1.32599,6556.24,0
5.60871,3615.96,-11.3849,-35.4931,1.22842,6068.43,0
5.76951,3619.17,-12.38,-40.5211,1.05328,5343.24,0
5.93005,3616.68,0.570222,-38.9279,1.16431,5619.08,0
6.09328,3629.85,-5.56112,-43.9672,0.614098,3307.43,0
6.2488,3629.47,13.306,-49.871,0.591705,3284.94,0
6.40749,3627.13,8.6807,-51.996,0.679385,3568.49,0
6.5696,3637.96,7.14782,-52.002,0.276388,1832.3,0
6.72865,3637.14,12.1307,-60.4059,0.255358,1911.53,0
6.88923,3626.53,9.40536,-59.1373,0.655865,3406.9,0
7.04809,3635.36,26.9316,-52.8901,0.326341,2077.7,0
7.20985,3640.65,45.592,-41.8685,0.122314,1296.78,0
7.3679,3621.36,69.4141,-49.4426,0.656262,3887.68,0
7.52497,3614.85,69.209,-47.4556,0.904218,4670.91,0
7.6868,3606.71,74.0511,-57.9959,1.10774,5631.58,0
7.74406,3607.09,77.0316,-63.8083,1.03031,5541.13,0
