0.155913,3638.16,-34.4464,3.24995,0.444811,75928.4,0
0.313372,3640.61,-16.9182,-3.14176,0.393437,29965,0
0.47869,3624.18,-23.3987,8.70807,1.0181,53929.2,0
0.638824,3624.21,-28.1447,10.8351,0.994574,40371.3,0
0.795822,3627.35,-21.6147,8.00072,0.89221,28461.6,0
0.958926,3639.54,-36.5753,13.2068,0.363266,10906.3,0
1.11946,3635.24,-46.756,5.01122,0.488936,13184.1,0
1.28329,3633.94,-40.062,-13.6575,0.567274,12518.5,0
1.44461,3631.75,-53.9141,-32.115,0.54304,12630.1,0
1.60426,3638.45,-42.5268,-27.6697,0.36041,7198.97,0
1.76409,3624.96,-66.0851,-18.8154,0.751541,14193.9,0
1.92624,3615.98,-71.1308,-7.93319,1.07216,17662,0
2.09086,3630.18,-64.644,-23.648,0.562295,9481.25,0
2.25284,3635.45,-44.2028,-37.591,0.43103,6459.27,0
2.41441,3636.85,-41.8299,-28.0316,0.419401,5446.22,0
2.57574,3641.6,-34.7796,-30.4924,0.261959,3260.21,0
2.73629,3632.5,-46.8607,-39.8254,0.520599,6393.96,0
2.89532,3634.24,-44.1031,-28.8167,0.510355,5443.3,0
3.05269,3629.18,-36.9326,-8.18828,0.774239,6820.09,0
3.21118,3637.51,-53.3576,-5.81874,0.389173,3889.47,0
3.37068,3638.79,-37.1478,-11.9434,0.414909,3325.74,0
3.53152,3630.47,-12.8511,-40.5569,0.71503,5529.55,0
3.68904,3626.16,-11.9382,-44.1149,0.86916,6461.15,0
3.85057,3623.04,3.92999,-42.974,1.0104,7002.65,0
4.00878,3627.92,5.47112,-37.4852,0.844972,5508.22,0
4.16877,3618.73,15.2519,-35.2546,1.21713,7500.52,0
4.32648,3623.59,15.7283,-31.024,1.04045,6103.62,0
4.48675,3636.61,12.0957,-18.7134,0.570943,2983.42,0
4.65132,3630.65,17.3929,-19.2614,0.792,4160.04,0
4.81022,3631.96,14.8621,-25.026,0.725248,3749.83,0
4.97165,3644.11,35.5693,-20.2142,0.225502,1185.29,0
5.13149,3628.68,29.6226,-37.4781,0.772661,4155,0
5.29043,3639.77,29.8273,-36.5153,0.357627,1933.67,0
5.44934,3635.92,47.7862,-14.9326,0.484746,2583.37,0
5.60977,3620.63,48.444,-20.6935,1.05455,5234.8,0
5.76879,3615.01,48.4213,-27.5396,1.27547,6065.41,0
5.92866,3610.18,57.5422,-41.2764,1.33292,6716.08,0
6.08531,3612.59,49.2458,-47.5165,1.25631,6148.15,0
6.24504,3612.31,40.5074,-59.9703,1.24059,6035.41,0
6.40522,3615.21,34.5477,-56.9722,1.18383,5432.18,0
6.56953,3619.11,29.1122,-53.0573,1.05293,4701.74,0
6.731,3625.68,23.8364,-60.6901,0.757942,3612.8,0
6.89273,3620.56,21.1359,-50.3122,1.02373,4271.73,0
7.05003,3621.66,17.3977,-52.3715,0.976546,4019.81,0
7.211,3629.2,13.4136,-44.6662,0.733317,2884.15,0
7.37103,3617.33,5.51377,-45.6454,1.19948,4432.04,0
7.52956,3618.44,9.51178,-43.3219,1.16193,4190.89,0
7.69093,3624.55,17.567,-36.9167,0.92181,3309.15,0
7.85218,3617.29,22.3022,-39.898,1.18078,4165.65,0
8.01063,3614.94,19.7367,-41.0745,1.27129,4376.32,0
8.1663,3617.39,25.0283,-43.4475,1.14054,3993.26,0
8.32539,3614,24.5015,-50.5701,1.23907,4324.32,0
8.48385,3621.02,31.3991,-44.7444,0.95049,3416.16,0
8.64327,3619.18,45.5591,-41.6717,0.98035,3565.98,0
8.80577,3610.46,48.9278,-38.3365,1.32804,4489.78,0
8.96548,3621.51,58.0383,-32.4053,0.83958,3177.67,0
9.12429,3611.62,55.1517,-41.1056,1.20914,4206.89,0
9.28566,3605.46,53.7299,-23.8112,1.54231,4796.36,0
9.44436,3599.44,46.8287,-20.02,1.86848,5353.8,0
9.60465,3586.96,50.973,-18.5979,2.38021,6563.16,0
9.7611,3592.59,48.8323,-13.8614,2.16838,5881.13,0
9.92487,3581.13,51.3751,-5.95334,2.65009,6939.48,0
10.0852,3581.9,60.6201,0.50644,2.51183,6752.61,0
10.2485,3574.84,62.8809,-1.26218,2.76208,7334.23,0
10.4052,3573.09,63.5885,3.28449,2.76686,7391.11,0
10.5682,3574.37,67.2028,-0.17369,2.57324,7156.85,0
10.7252,3571.64,67.6808,11.8333,2.61095,7306.42,0
10.886,3563.53,68.167,9.58112,2.96449,7943.43,0
11.0495,3560.39,73.5761,15.7084,2.94867,8110.22,0
11.2091,3550.96,84.1795,15.1312,3.13009,8835.24,0
11.3679,3553.97,80.4992,13.5404,3.01584,8447.45,0
11.5271,3560.65,80.7648,23.1849,2.603,7751.29,0
11.6845,3560.38,74.8959,21.5414,2.75569,7670.08,0
11.8461,3554.73,80.4424,28.0207,2.88391,8042.59,0
12.0071,3568.93,85.3484,24.7182,2.12183,6752.16,0
12.1669,3568.4,73.5363,17.7176,2.33024,6707.1,0
12.3249,3575.31,63.4014,19.2399,2.14682,6059.98,0
12.4861,3578.91,69.8052,13.2399,1.93567,5693.52,0
12.6468,3583.46,77.2398,6.66187,1.62884,5261.16,0
12.8044,3583.84,68.6908,10.067,1.68519,5167.12,0
12.9657,3581.68,66.1009,16.296,1.79372,5269.17,0
13.1262,3580.59,68.7396,14.1868,1.79995,5287.53,0
13.2834,3579.54,67.4535,16.1371,1.85827,5304.27,0
13.4428,3582.01,78.302,11.0141,1.60038,5057.89,0
13.6043,3584.44,77.2632,4.33784,1.47388,4818.94,0
13.7648,3583.44,70.6082,4.31676,1.58486,4835.27,0
13.9224,3593.07,64.2313,-2.81326,1.21135,4089.17,0
14.08,3591.18,70.467,-11.6334,1.2116,4177.33,0
14.238,3591.95,71.303,-15.2031,1.15941,4076.85,0
14.3963,3596.06,75.5733,-18.0025,0.92216,3747.05,0
14.5535,3587.8,85.3061,-14.7081,1.1731,4274.09,0
14.7088,3595.24,86.6907,0.556187,0.863854,3722.62,0
14.8682,3596.42,76.6593,8.88118,0.90979,3603.55,0
15.026,3611.73,66.7922,5.33331,0.387695,2546.69,0
15.186,3596.83,76.6419,-9.33747,0.890568,3500.94,0
15.3478,3591.36,67.153,-17.6041,1.22401,3821.03,0
15.5087,3594.77,78.3638,-26.0949,0.918161,3561.16,0
15.672,3578.92,75.4129,-14.9947,1.68543,4535.67,0
15.8352,3574.14,74.615,-15.1728,1.8896,4790.41,0
15.9976,3566.42,76.3994,-15.0734,2.19654,5224.24,0
16.1598,3564.4,70.5585,-6.33092,2.39147,5297.26,0
16.3202,3567.7,70.7067,-9.90663,2.21482,5042.72,0
16.4781,3561.93,60.4011,-13.6517,2.6498,5344.74,0
16.6371,3556.99,60.0697,-6.3677,2.97699,5590.34,0
16.7953,3550.79,73.2797,-14.1304,2.95903,5907.32,0
16.9558,3545.63,75.7519,-12.0232,3.10427,6155.39,0
17.1152,3553.8,79.3884,-19.8288,2.51713,5620.59,0
17.2748,3557.51,72.8437,-17.2004,2.44455,5354.27,0
17.4365,3554.89,70.4409,-22.3718,2.56855,5454.73,0
17.5942,3551.04,68.595,-22.9291,2.78271,5624.36,0
17.7549,3563.15,74.0288,-24.2385,2.01398,4891.71,0
17.9163,3571.7,77.3073,-25.6852,1.54067,4370.31,0
18.0775,3565.14,77.0542,-21.9323,1.86219,4694.16,0
18.2329,3566.52,73.0089,-20.1169,1.86153,4578.39,0
18.3923,3570.25,72.9587,-16.6138,1.7002,4336.3,0
18.5526,3564.24,79.3253,-17.6524,1.86584,4622.5,0
18.7099,3558.82,81.6038,-15.5673,2.0988,4873.25,0
18.8694,3561.38,80.2887,-17.1787,1.96447,4696.3,0
19.0298,3565.98,80.9547,-9.75257,1.7314,4415.01,0
19.1878,3550.47,79.1272,-4.59147,2.51344,5187.39,0
19.3466,3548.73,77.1777,-9.59304,2.63593,5234.28,0
19.5038,3550.91,74.1078,-2.33655,2.53494,5080.4,0
19.6663,3552.09,72.6759,-1.3348,2.42347,4978.55,0
19.8277,3551.56,74.9693,-4.92575,2.3285,4964.59,0
19.9884,3561.48,78.62,-1.91444,1.74492,4428.67,0
20.1463,3563.75,83.4036,-4.87942,1.51568,4281.11,0
20.3116,3560.3,86.7279,-12.3773,1.58412,4416,0
20.4725,3552.67,88.0601,-24.0099,1.84024,4754.1,0
20.6332,3541.35,86.7438,-13.9305,2.46541,5265.98,0
20.7921,3535,89.351,-9.12368,2.69346,5531.02,0
20.9519,3541.53,84.3722,-10.9922,2.42563,5177.09,0
21.1105,3541.33,90.0393,-12.2158,2.28287,5147.79,0
21.268,3541.07,95.4107,-8.10064,2.12975,5121.83,0
21.4263,3524.26,94.2827,-8.99189,2.99276,5868.38,0
21.5841,3530.33,93.3626,-7.25172,2.71916,5544.27,0
21.7414,3546.57,90.4939,-18.6692,1.91302,4757.26,0
21.855,3551.34,98.6204,-16.7485,1.51007,4514.39,0
