0.160713,3634.98,13.4144,3.14982,0.595829,93485.1,0
0.321359,3636.05,19.3266,-3.80705,0.544765,43408.6,0
0.481526,3648.15,20.5332,6.02682,0.0884221,3835.95,0
0.639795,3640.62,21.9002,8.33697,0.358596,14666.3,0
0.799488,3648.21,2.16101,25.7703,0.0771903,2237.7,0
0.958256,3631.06,9.02902,10.4485,0.748511,19760,0
1.11971,3627.1,8.48684,17.5336,0.896956,20451.6,0
1.2807,3615.78,8.70521,27.1753,1.3353,26723.3,0
1.44177,3602.36,7.56827,15.1319,1.97087,33044.9,0
1.60178,3601.35,6.90058,14.8206,2.01972,30375.2,0
1.76116,3604.25,7.2444,-0.201698,1.88676,25977.5,0
1.92071,3602.12,11.6332,11.2562,1.958,24927.4,0
2.07939,3607.27,8.55159,8.32333,1.69421,20549.5,0
2.23604,3609.22,17.2494,2.99585,1.55614,18239,0
2.39762,3587.97,15.7163,0.0574673,2.55845,25871.5,0
2.55656,3588.26,12.3163,-1.54177,2.50484,24150.6,0
2.71578,3585.2,12.8526,-2.85138,2.60639,23859,0
2.87343,3604.7,8.04071,-15.7117,1.62151,15766.3,0
3.03245,3606.18,15.4862,-21.5978,1.51198,14449.4,0
3.19296,3605.16,16.9121,-27.8264,1.51656,14044.1,0
3.35382,3612.32,14.0408,-20.8546,1.23652,11233.5,0
3.51288,3605.04,24.1296,-30.2,1.48619,12798.5,0
3.67278,3607.94,24.4754,-33.4843,1.33094,11451.9,0
3.83256,3613.54,30.9854,-33.3019,1.04231,9514.08,0
3.9944,3617.63,39.7699,-26.0981,0.858084,8102.85,0
4.15802,3607.65,34.0967,-13.5747,1.35031,10185.7,0
4.31817,3606.51,43.8378,-5.58575,1.34834,10072.4,0
4.47846,3620.2,46.9586,-8.05678,0.743796,6654.79,0
4.64099,3631.09,49.9299,-1.29402,0.306299,4073.86,0
4.8007,3634.59,43.0241,22.2091,0.181484,3209.2,0
4.96079,3620.98,36.5944,25.5704,0.72794,5849.48,0
5.12103,3623.02,34.5301,15.2081,0.671884,5268.83,0
5.28363,3630.27,33.6884,11.0539,0.393773,3734.37,0
5.44458,3625.58,28.5072,23.9897,0.572705,4485.69,0
5.60234,3622.91,17.066,11.9705,0.734816,4835.99,0
5.75708,3625.3,18.4065,6.66882,0.643822,4290.59,0
5.91565,3622.95,12.7744,7.38567,0.749318,4573.44,0
6.0773,3629.15,14.8835,8.39692,0.492669,3431.15,0
6.23329,3618.73,27.0778,12.4607,0.88182,5015.96,0
6.39216,3625.15,30.7347,23.1684,0.594845,3886.83,0
6.55274,3629.95,15.9178,12.9225,0.464998,3060.16,0
6.71302,3633.95,14.8011,8.69795,0.313565,2391.08,0
6.87386,3624.52,20.3794,24.543,0.644367,3706.94,0
7.03102,3633.73,13.5516,20.4987,0.307269,2313.79,0
7.19026,3635.47,14.3504,31.518,0.208198,2020.24,0
7.35106,3637.61,15.3376,25.6115,0.141956,1685.4,0
7.51248,3632.77,2.13678,31.9734,0.31477,2293.32,0
7.67211,3633.93,22.8513,35.1944,0.231344,2094.87,0
7.83332,3630.21,31.5268,24.3195,0.385263,2526.42,0
7.9974,3617.32,22.692,41.728,0.858614,4086.16,0
8.15694,3619.07,9.77804,38.1155,0.82136,3791.3,0
8.3149,3627.6,15.236,43.6291,0.442257,2693.57,0
8.47467,3632.59,18.5483,46.7148,0.232073,2054.48,0
8.63589,3627.28,7.76722,53.5859,0.411864,2631.34,0
8.79802,3611.87,-0.275196,45.6195,1.07174,4333.69,0
8.95547,3607.49,-1.55574,48.5224,1.24668,4746.51,0
9.11891,3612.09,7.53352,44.8699,1.06511,4157.53,0
9.27981,3609.72,9.15898,34.6815,1.21978,4341.1,0
9.43931,3608.01,6.17183,38.3178,1.28666,4448.01,0
9.5994,3612.75,13.8353,34.672,1.07513,3880.46,0
9.7606,3615.08,16.2552,35.3683,0.94955,3577.73,0
9.91962,3611.96,12.4073,43.4023,1.03621,3835.19,0
10.0787,3614.76,35.7087,36.9805,0.879213,3496.63,0
10.2398,3621.89,24.9744,35.8222,0.620365,2744.72,0
10.4031,3625.82,3.31671,42.2724,0.475986,2324.27,0
10.5649,3629,7.71041,54.9355,0.281847,1988.11,0
10.7279,3614.53,32.4449,70.2877,0.67576,3306.56,0
10.8894,3617.44,33.5377,61.8343,0.618315,2989.9,0
11.0459,3623.27,43.2735,63.7259,0.341712,2420.2,0
11.2057,3621.26,41.9081,76.6806,0.333102,2564.57,0
11.3677,3608.99,43.2389,82.4974,0.731505,3607.21,0
11.5263,3611.44,40.7559,85.8483,0.605563,3345.14,0
11.6846,3612.37,40.2477,85.371,0.579862,3220.78,0
11.7659,3611.79,38.9578,92.1264,0.544628,3247.1,0
