0.147592,3628.92,19.031,-4.97419,5.58272,142836,0
0.291213,3632.27,9.55606,13.8188,4.6795,60888.1,0
0.431675,3640.66,-4.25423,-11.5255,2.46086,21627.1,0
0.572794,3628.82,22.3587,-14.7631,5.49282,36983.2,0
0.712879,3602.77,18.7445,-19.4921,1.62531,66256.4,0
0.865552,3601.79,20.8843,-22.8035,1.80074,55694.3,0
1.00995,3588.08,32.5485,-22.0705,6.05122,61311.3,0
1.15319,3595.39,23.941,-23.1529,3.77436,47357.3,0
1.29291,3582.17,27.7415,-25.3065,8.2026,52460.9,0
1.42321,3576.39,14.688,-18.8282,11.1204,51722.7,0
1.55655,3569.41,24.2194,-24.066,1.67508,51772.9,0
1.70047,3565.02,14.0324,-17.1643,4.45298,49976.1,0
1.8377,3556.06,-8.12113,-11.3838,9.22681,51118.2,0
1.97897,3572.68,-14.2321,-8.4138,1.15117,39072.6,0
2.12245,3574.84,-10.7146,2.96676,0.422519,35413.4,0
2.26364,3559.66,-0.556717,4.45553,7.5913,39910.2,0
2.40696,3560.86,12.416,11.2753,6.50414,37033.9,0
2.54215,3569.78,34.5853,-5.84418,1.16258,31555.6,0
2.68694,3549.58,47.8535,6.31813,8.59346,37374.1,0
2.83426,3550.43,49.5274,4.26056,7.86902,35131.2,0
2.97505,3549.88,30.0211,-4.08515,10.6867,33653.7,0
3.11698,3546.24,33.4825,-8.03976,11.9907,33289.5,0
3.25762,3529.45,52.4712,5.82384,5.63033,37006.7,0
3.40608,3540,46.7045,-4.38876,1.41145,32295.2,0
3.5483,3525.09,49.4671,10.7741,8.46233,35202.4,0
3.69966,3531.88,33.1299,15.0001,8.0096,31927.2,0
3.8507,3531.51,48.5997,12.3798,4.92981,30770.6,0
3.99542,3531.1,54.5899,13.7629,3.67279,29760,0
4.14171,3522.37,62.7325,24.0925,5.17163,30816.9,0
4.28301,3517.46,42.889,15.3252,2.62466,30946.2,0
4.42027,3496.6,64.935,7.07099,6.80513,34704.7,0
4.56215,3479.21,51.1775,10.3089,9.34847,37436.9,0
4.70346,3475.6,43.465,6.04948,3.81593,37078.6,0
4.84716,3468.02,35.4973,-10.0457,4.32992,37543.6,0
4.98147,3467.06,30.9861,-3.58222,0.447124,36723.3,0
5.12521,3464.68,5.81933,-3.00856,13.0853,36159,0
