0.144787,3645.65,-20.0005,38.723,0.802589,30015.2,0
0.2859,3642.23,-0.87355,42.6102,1.69836,27187.9,0
0.427591,3644.29,8.91755,50.3234,0.91906,13346.9,0
0.568299,3628.87,21.9821,57.2611,4.48187,37187.2,0
0.717784,3643.31,1.54139,60.1204,0.826295,9317.35,0
0.854067,3638.65,-10.1046,63.0876,1.83003,13283.7,0
0.991686,3636.15,-4.55358,60.8189,2.57932,13969,0
1.13358,3633.09,16.4303,61.4184,3.24564,14915.7,0
1.27256,3622.04,26.9409,70.7919,5.47598,21973,0
1.42015,3637,44.7205,59.5847,1.70901,9151.08,0
1.57302,3632.72,61.2016,57.5876,2.30112,10985.8,0
1.60271,3633.27,77.8287,63.1773,1.27562,10437.1,0
