0.141938,3643.45,43.0187,31.0471,1.60225,46180.3,0
0.289755,3643.35,39.6735,30.4874,1.72242,22964.1,0
0.436259,3642.03,61.4718,46.7892,0.995744,18270.2,0
0.576471,3632.59,57.2365,49.7637,3.37795,30195.2,0
0.714799,3619.02,43.855,48.4678,7.424,43344.5,0
0.85491,3624.32,55.1981,31.9623,5.98772,30038.4,0
1.0016,3638.53,51.6426,14.2031,2.68663,11451.7,0
1.14631,3641.43,30.8664,11.0405,2.53105,7476.7,0
1.29505,3637.08,35.9026,20.961,3.44371,9975.25,0
1.44129,3624.08,39.9378,12.2077,6.93709,17984.2,0
1.57338,3624.33,49.7,-0.888857,6.53574,16315.2,0
1.72314,3598.5,56.297,-9.51992,1.9418,29887.2,0
1.87218,3591.93,72.858,-34.5567,2.16398,31016.1,0
2.00766,3581.93,88.854,-38.4187,3.61236,33907.4,0
2.01411,3582,92.489,-38.2038,3.25695,33763.4,0
