0.148248,3628.04,1.39228,15.8582,5.82673,148113,0
0.301299,3623.34,1.0099,10.869,7.13016,88470.6,0
0.440117,3622.45,-11.361,9.99164,7.23706,62597.3,0
0.584073,3619.62,-9.35273,15.6914,8.06316,52012.9,0
0.726428,3615.08,7.33604,11.1553,9.43096,48068.7,0
0.875902,3612.08,11.9749,11.1619,10.131,43292.9,0
1.02331,3619.88,17.8466,24.1268,7.31994,29438.2,0
1.16948,3614.05,16.5486,15.6297,9.12387,30741.9,0
1.313,3617.12,22.0506,4.54773,8.16334,25044.6,0
1.45432,3618.92,16.8711,-1.68801,7.67075,21371,0
1.59906,3637.48,22.4621,-2.67345,2.2934,7831.31,0
1.74656,3641.21,29.6049,0.622171,1.18439,5032.86,0
1.89028,3625.84,35.8035,22.1045,4.98457,12782.8,0
2.03732,3633.8,23.8495,0.223765,3.24978,7953.84,0
2.18991,3632.18,36.5779,-41.2329,2.75121,8136.05,0
2.33573,3616.62,27.7283,-45.7102,7.06529,14290,0
2.47766,3619.42,13.5393,-37.5425,6.73874,12341.5,0
2.62282,3630.49,4.73095,-48.1876,3.27393,7437.74,0
2.77285,3619.53,13.7678,-58.856,5.74029,10989,0
2.91986,3619.44,17.0185,-49.6231,6.11533,10464.7,0
3.06039,3612.67,22.3178,-40.5349,8.32669,12199.1,0
3.19566,3613.37,30.8149,-38.6946,7.85149,11461.7,0
3.33966,3613.23,27.3816,-42.6457,7.69666,11010,0
3.48611,3627.39,32.4488,-60.1791,2.93035,6486.99,0
3.63548,3629.99,20.4871,-27.4398,3.51729,5502.74,0
3.77225,3634.9,32.2933,-25.3492,1.97631,4002.39,0
3.91357,3632.17,50.1961,-42.5007,1.75862,4555.48,0
4.05569,3633.28,55.3441,-37.2238,1.45163,4123.36,0
4.19064,3622.96,62.6473,-22.1322,4.15603,6453.65,0
4.34197,3611.3,61.5202,-24.919,7.36811,8912.01,0
4.48812,3606.92,55.6472,-51.14,8.01312,9598.98,0
4.63271,3621.89,34.9097,-43.2455,4.87964,6067.44,0
4.77358,3634.46,30.3915,-45.7795,1.53183,3255.08,0
4.92074,3633.99,29.01,-42.2773,1.78835,3253.93,0
5.06851,3616.3,31.2243,-55.2633,6.04787,6649.32,0
5.21257,3608.79,28.454,-64.17,7.69603,7905.65,0
5.35908,3569.87,44.5304,-70.7163,6.7315,14951.8,0
5.50106,3582.72,36.8944,-68.9523,3.13326,12231,0
5.64499,3574.39,50.5101,-59.9164,5.77969,13394.2,0
5.78092,3576.11,52.1384,-61.7795,4.89943,12781.5,0
5.92113,3570.14,54.9187,-54.6831,7.21716,13487,0
6.06321,3577.98,48.408,-56.9127,4.82594,11877.8,0
6.21863,3577.74,51.1581,-37.7502,5.96659,11619.8,0
6.36161,3568.33,45.8624,-28.245,10.1871,12837.7,0
6.50361,3573.07,53.7383,-12.7841,8.08971,11828.9,0
6.64875,3576.32,64.4816,-1.63013,5.99424,11081.5,0
6.80072,3585.46,59.2674,-5.16328,3.26372,9489.92,0
6.93924,3592.72,63.6712,14.4848,0.432533,8253.85,0
7.08039,3584.62,56.4468,1.13491,3.77966,9234.09,0
7.2318,3593.7,43.9871,5.28991,1.52741,7785.58,0
7.38056,3593.56,43.5878,-28.8554,1.07549,7647.24,0
7.52132,3595.47,8.66884,-27.7718,1.64358,7250.22,0
7.66682,3579.81,-0.712819,-43.5074,6.44535,9155.28,0
7.79542,3579.76,4.94749,-47.7514,6.07007,9010.28,0
7.93894,3588.71,1.70473,-56.347,2.2605,7720.11,0
8.07372,3566.51,1.935,-81.9089,7.19472,10340.7,0
8.2241,3586.96,-10.8376,-78.4739,0.881838,7664.77,0
8.37053,3582.24,17.5953,-41.6749,5.25671,8094.54,0
8.51988,3569.86,30.9284,-44.4305,8.88431,9405.65,0
8.65486,3581.83,30.9632,-47.6716,4.19625,7876.82,0
8.79448,3574.93,29.689,-31.4412,7.80726,8536.4,0
8.93955,3577.41,51.6936,-53.5769,3.96406,8119.75,0
9.08493,3571.02,62.2041,-42.3546,6.01557,8693.59,0
9.22877,3571.52,74.9911,-11.123,5.792,8504.01,0
9.37934,3578.24,82.752,-19.7297,2.56388,7650.78,0
9.49788,3561.11,94.6573,-33.0878,6.11183,9358.43,0
