0.140869,3645.55,16.9943,-5.24934,1.3786,31606.7,0
0.288011,3632.65,25.93,2.75252,4.65185,60253,0
0.430728,3643.26,17.844,-17.8353,1.8268,15658.9,0
0.576114,3641.05,4.06767,-16.0502,2.51261,15538.4,0
0.722557,3640.76,0.00838578,-22.2928,2.50144,12786.3,0
0.866761,3623.47,-1.93717,-14.5751,7.37527,30611.6,0
1.00861,3626.26,-3.33173,1.11999,6.53998,23533.5,0
1.15513,3626.66,1.86522,29.2147,6.05353,20203.3,0
1.29764,3629.74,21.4302,40.7049,4.72157,15609.5,0
1.43632,3609.82,11.2943,66.5989,9.19377,27977.4,0
1.57036,3622.5,2.90814,66.2582,5.69141,17509.7,0
1.72025,3637.35,12.0573,71.9349,1.54215,7352.51,0
1.86544,3602.27,-12.0902,78.007,10.4275,25585.2,0
2.00575,3605.72,-18.1376,79.7881,9.11952,22074.8,0
2.148,3613.81,6.42887,76.5636,7.22782,16848.8,0
2.29442,3614.23,-0.910687,71.1486,7.39426,15591,0
2.44129,3623.38,-2.07234,66.8939,5.08513,10903.5,0
2.52742,3627.33,-15.2797,99.4491,2.18604,8968.6,0
