0.279227,3639.84,1.3003,-24.5323,0.787413,36383.9,0
0.551317,3623.34,6.22927,-29.3768,1.86097,48353.5,0
0.82484,3634.12,1.99016,-25.7922,1.11742,19251.2,0
1.09318,3639.28,9.47952,-4.24216,0.822409,9810.55,0
1.36893,3642.96,13.5721,6.41691,0.579812,5141.7,0
1.64106,3632.93,4.75449,-10.0092,1.25335,10399.5,0
1.91888,3632.7,24.8614,-17.3447,1.20935,9016.13,0
2.19689,3639.37,22.3075,-10.6625,0.789416,4840.08,0
2.47007,3633,31.7833,7.90272,1.16984,6880.47,0
2.74061,3633.26,21.4315,31.2066,1.12129,6109.79,0
3.00956,3600.97,16.5105,48.4263,3.28666,16290.7,0
3.28682,3590.85,24.6991,41.5246,4.05663,17997.3,0
3.56273,3595.21,21.296,41.2345,3.74403,15378.3,0
3.84432,3585.82,30.2879,38.8895,4.40056,16694.3,0
4.11677,3584.62,30.7142,52.2535,4.23507,15880.4,0
4.39543,3573.46,30.0679,46.3066,5.19373,17413.8,0
4.66926,3564.59,23.6107,45.6694,5.91516,18291.1,0
4.94964,3557.26,4.63717,54.9368,6.23538,18736.6,0
5.22555,3547.43,-1.32168,42.5116,7.37959,19627.9,0
5.49347,3547.32,9.28229,37.2042,6.98525,18692,0
5.76703,3541.11,11.3404,38.1561,7.24322,18880.7,0
6.04822,3543.29,26.253,39.8094,6.183,17643.7,0
6.31875,3544.53,36.0036,44.2915,5.333,16691.8,0
6.59656,3543.16,40.2573,42.3629,5.20233,16196.2,0
6.86642,3546.87,41.4598,45.5232,4.50784,15019.2,0
7.13607,3545.83,37.0563,42.4815,4.78504,14597.3,0
7.40805,3556.51,33.0875,36.0582,3.90646,12619.9,0
7.68335,3574.73,22.2211,34.3115,2.19984,9796.5,0
7.96176,3575.85,17.7673,23.1501,2.2868,9312.82,0
8.24011,3578.66,22.6379,16.1079,2.04511,8657.76,0
8.51222,3569.98,26.6404,23.529,2.75432,9400.71,0
8.79067,3556.77,22.802,15.0725,4.37235,10605.9,0
9.06314,3540.92,3.90153,9.68096,6.68847,12035.6,0
9.33647,3543.34,12.6311,20.5397,5.78759,11423.9,0
9.61086,3541.68,8.06045,27.7653,5.59706,11270.2,0
9.88349,3545.94,3.06514,42.4922,4.36982,10528.9,0
10.1636,3548.38,6.48562,46.0081,3.84139,9998.5,0
10.4449,3537.31,-10.0651,61.9975,4.29195,10789,0
10.7216,3540.09,-19.7501,77.16,3.13012,10251.3,0
10.9934,3552.8,-27.3104,77.89,1.81759,8841.28,0
11.2647,3543.43,-43.138,87.8976,2.00673,9460.39,0
11.5456,3528.09,-24.4187,83.1101,3.86633,10558.7,0
11.8136,3535.97,-24.0339,80.2574,3.11277,9652.77,0
12.0865,3533.21,-28.2685,78.0412,3.37534,9663.09,0
12.2148,3536.64,-26.1262,96.6861,2.23908,9280.74,0
