0.275924,3640.28,-12.2321,15.9766,0.640055,35237.7,0
0.555045,3635.83,-10.0891,30.5553,0.874973,25532.3,0
0.823538,3634.72,13.0142,36.0706,0.906258,18551.8,0
1.09165,3644.62,2.67239,20.5269,0.352849,4925.53,0
1.35992,3618.74,0.713802,32.4685,2.03865,22985.4,0
1.64111,3619.7,-19.5924,26.3897,1.94106,18462,0
1.90963,3606.71,-5.7421,28.241,2.92547,22670,0
2.18175,3627.76,-6.06077,41.4535,1.27127,10193.6,0
2.45042,3624.17,18.6572,45.4515,1.44004,10542.8,0
2.71878,3617.14,13.3396,40.7939,1.98202,12084.5,0
2.98936,3607.86,3.04252,37.0837,2.68128,14096.2,0
3.25772,3608.17,4.49164,28.4254,2.69051,12841.1,0
3.52723,3601.85,12.2492,20.3027,3.13157,13649.9,0
3.80166,3592.51,24.3232,21.0342,3.79521,15121.5,0
4.07422,3589.42,29.3385,22.2867,3.96835,14869.6,0
4.34616,3590.01,31.4598,20.4264,3.87076,13802.6,0
4.62081,3586.38,36.4693,16.9725,4.06038,13768.7,0
4.89685,3603.77,34.0514,33.392,2.51794,9440.35,0
5.17632,3603.28,39.7539,26.3758,2.52271,9025.16,0
5.45429,3579.92,54.9014,41.999,3.90834,12848.2,0
5.72132,3591.86,50.6055,46.4528,2.89376,10162.2,0
5.99341,3613.51,46.6093,64.1756,1.1175,6087.98,0
6.265,3625.64,50.1251,70.5853,0.22625,3887.6,0
6.53886,3623.37,31.7534,57.0694,0.653294,4073.3,0
6.80899,3613.56,33.6715,30.8809,1.56422,5351.69,0
7.08515,3605.01,33.2487,26.6961,2.20379,6350.28,0
7.36283,3588.74,29.0621,34.8488,3.45445,8320.53,0
7.64089,3586.49,19.8807,39.6598,3.53285,8311.74,0
7.91282,3590.35,29.093,27.2059,3.20073,7538.88,0
8.18438,3611.92,35.51,26.2283,1.38936,4652.48,0
8.46837,3620.62,28.9989,36.4541,0.723823,3469.33,0
8.74264,3605.04,40.4413,67.8138,1.3734,5142.5,0
9.01781,3592.69,24.9181,77.7263,2.20021,6355.03,0
9.29217,3582.2,29.2703,78.31,2.90932,7296.81,0
9.38475,3593.7,37.8716,92.5735,1.7058,5998.78,0
