0.141484,3645.89,11.8728,6.13067,1.84507,29016.5,0
0.283086,3641.1,25.0515,22.5704,3.46126,31449.4,0
0.425622,3601.8,10.5604,22.3365,12.2278,113250,0
0.571624,3605.01,9.04522,31.1753,9.86104,78713.8,0
0.711185,3588.33,20.0068,47.3402,6.01466,86711.6,0
0.866063,3594.62,15.7122,23.8697,4.40682,63943.5,0
1.0134,3573.61,37.6948,10.9104,5.28854,75376.8,0
1.159,3557.06,29.1758,14.4191,4.81452,80192,0
1.30692,3553.59,26.3833,27.5563,6.65507,73772.2,0
1.45304,3556.1,33.1283,15.8193,4.76271,64626,0
1.59507,3555.53,22.0421,36.6458,3.88069,59224.9,0
1.74296,3549.88,20.9172,47.1586,6.23838,57443.1,0
1.8885,3541.96,9.24745,34.366,5.94183,57210.2,0
2.02909,3547.14,10.1767,25.7283,2.79044,50693.7,0
2.17125,3540.78,11.9989,5.39377,12.4188,50300.8,0
2.31331,3532.46,24.1261,1.07307,8.18364,50810.1,0
2.44966,3525.4,12.5778,-10.0012,7.96241,50864.7,0
2.59577,3517.26,20.4057,-19.2784,0.688875,51138.3,0
2.74186,3482.68,15.1554,-10.7992,6.67632,61024,2
2.78714,3478.99,2.74207,-4.23095,19.1597,61355.5,3
