0.145791,3634.1,-3.87435,-15.7813,7.16741,109081,0
0.292625,3628.81,-21.0659,-16.5766,9.37393,72399.3,0
0.43473,3639.75,-28.3009,-28.0879,3.61556,23587.5,0
0.578818,3636.07,-11.8341,-18.7367,6.00541,24061.8,0
0.726328,3621.52,12.307,-26.7631,12.795,39211.9,0
0.862259,3599.02,28.8488,-39.257,9.31014,59128.1,0
1.00528,3582.64,20.4969,-44.6758,7.15164,67007.5,0
1.15625,3576.03,20.3444,-46.9924,11.068,63977.8,0
1.30071,3575.57,11.2876,-47.9771,11.4882,57224.1,0
1.44636,3561.05,-1.31058,-39.3569,11.6658,61500.4,0
1.59018,3551,25.2134,-42.2121,3.30286,62254,0
1.73318,3526.48,23.2024,-47.2775,11.6892,71267.6,0
1.87263,3516.74,11.4529,-55.6756,4.57906,71162.1,0
2.02534,3512.7,27.2019,-38.6257,1.30053,67793.5,0
2.17088,3485.21,16.0653,-40.0529,13.188,75911.2,0
2.3127,3475.19,13.7088,-47.221,5.17898,75588.8,0
2.45962,3462.01,7.97968,-35.1404,3.68347,76431.4,0
2.5626,3461.61,-2.35153,-7.66186,9.81808,73516.3,2
