0.152692,3638.07,-21.0356,-9.78189,5.20821,78114.8,0
0.298811,3639.92,-30.2869,4.34908,4.10282,33732.3,0
0.439544,3631.31,-27.7005,-2.20715,8.24783,42516.2,0
0.586652,3610.66,-31.9225,-4.29927,6.8178,67051.5,0
0.734729,3595.17,-40.5799,-0.299556,3.10371,74631.5,0
0.877785,3591.14,-35.0629,-9.50583,5.89848,67053.8,0
1.01969,3574.57,-30.6338,-30.516,2.45693,73973.9,0
1.16008,3569.15,-28.3228,-50.722,3.61801,69694.9,0
1.31596,3548.45,-15.26,-46.1578,5.06017,77170,1
1.47017,3554.39,-7.02541,-42.9627,1.45606,65031.8,1
1.61822,3530.98,-13.4403,-47.8205,5.95716,73548.1,1
1.76186,3510.77,-12.6961,-42.5666,18.4742,79023,1
1.90354,3504.85,1.37358,-51.0894,8.30429,76250.4,1
2.05635,3496.78,5.3575,-49.726,6.36309,74511.1,1
2.21069,3464.65,3.55857,-52.723,10.2236,83840.5,1
2.34864,3450.34,-2.67984,-45.0808,8.57475,85010,1
