0.142567,3640.12,5.94616,15.1849,4.50833,69300.8,0
0.280523,3638.01,4.19005,25.8399,5.23324,42733.3,0
0.416467,3636.86,5.79106,18.6933,5.88031,31550.1,0
0.559392,3637.43,-1.51192,13.3673,5.74294,22469.9,0
0.705298,3637.2,12.167,1.11469,5.84367,18152.6,0
0.851326,3634.17,16.9308,-4.2455,7.14305,18589.8,0
0.993018,3637.8,15.7413,-3.32664,5.44376,12281.4,0
1.14879,3612.96,11.4091,-4.52565,4.81017,32241.1,0
1.29702,3618.31,29.3075,17.918,1.04598,24434.6,0
1.44113,3617.53,33.2892,14.7149,1.33397,22531.4,0
1.58457,3614.29,36.518,-1.94475,2.99044,22537.5,0
1.72648,3602.99,36.0592,4.77273,9.10468,27231.3,0
1.85925,3604.58,46.4715,1.30546,7.38032,24429,0
2.0085,3601.76,36.6906,-12.1759,9.58572,24016,0
2.15277,3610.17,38.437,-13.0971,4.70561,18502.1,0
2.30189,3609.34,41.3726,-10.0864,4.87907,17665,0
2.45063,3608.31,55.3897,-27.2368,3.66175,17011.5,0
2.59464,3612.5,63.1234,-18.1297,1.17765,14452.3,0
2.73287,3602.24,53.0042,-28.8016,6.9786,17474.6,0
2.86445,3601.5,48.4354,-36.6917,7.27498,16932.6,0
3.00701,3608.51,54.04,-40.0937,2.92875,13796.9,0
3.14672,3600.41,66.131,-69.461,3.29011,15760.3,0
3.28745,3597.82,45.0636,-82.0285,4.83518,15871.7,0
3.43766,3603.6,40.7884,-87.5621,1.64535,13496.9,0
3.58504,3595.18,33.9664,-77.4243,7.37866,15292.1,0
3.73186,3579.61,34.0878,-87.1599,13.7958,18861.9,0
3.81352,3573.17,38.9183,-92.5318,1.7483,20147,0
