0.155945,3646.33,30.0262,-47.6875,0.896183,23555.7,0
0.300497,3615.54,12.0008,-57.8894,3.12687,114684,0
0.44372,3598.37,19.473,-47.2139,12.7819,116362,0
0.58956,3606.69,12.2646,-55.2058,7.59212,73463.8,0
0.732568,3603.63,15.0702,-44.7127,9.95084,63294.1,0
0.880116,3602.93,16.6426,-52.3675,9.35476,53483.4,0
1.0219,3593.33,28.6873,-39.4869,1.93401,55458,0
1.16033,3585.98,39.7649,-28.9642,6.2389,55174,0
1.31012,3594.01,32.1408,-18.5689,2.64413,42739.2,0
1.44995,3594.72,20.9395,-0.815968,3.37486,38125.7,0
1.60011,3590.89,-2.0949,12.4511,6.13406,36940.1,0
1.73717,3572.3,24.4979,-17.2807,5.89634,44726.2,0
1.88661,3566.52,19.6898,-23.4805,10.0752,44249.1,0
2.03751,3556.79,15.7376,-8.36097,8.13134,45747,0
2.18078,3546.24,0.746921,-10.607,7.68665,47577,0
2.32763,3527.23,5.52601,-3.56401,2.39224,52745.5,2
2.46779,3526.02,-14.5308,-12.9787,0.185086,50239.7,2
2.61233,3520.22,2.43185,3.04704,0.816758,49677.9,3
2.73167,3493.76,0.60765,-2.16248,8.41864,57196,6
