0.146198,3633.83,27.5835,25.2375,7.32111,110601,0
0.294954,3620.45,27.2734,14.9343,13.9856,100185,0
0.43985,3603.73,32.524,-15.2675,9.43402,105202,0
0.575548,3602.81,41.0651,-20.0576,9.14148,81987.6,0
0.726512,3594.06,41.1014,-35.2065,13.04,76995.7,0
0.863769,3591.48,43.0337,-29.4297,3.04777,67747.1,0
1.01137,3584.13,57.5787,-13.5457,6.36308,65128.5,0
1.15762,3549.96,58.7363,-2.63599,1.78096,86422.7,1
1.30249,3520.75,60.8004,4.00307,11.7121,99234.6,1
1.4421,3532.02,56.707,-0.312594,3.68217,81809.4,1
1.59822,3522.73,63.59,3.86288,8.57212,79633.6,1
1.74292,3515.08,87.4132,-7.41672,3.38473,77407.7,1
1.89208,3522.19,80.2536,-9.83,1.29179,67549.3,1
1.96653,3510.66,99.7339,-8.93257,0.881749,70856.4,1
