0.268785,3645.28,7.55499,13.1578,0.174754,17543.3,0
0.549651,3647.15,-0.215891,-7.32269,0.130094,5187,0
0.822461,3614.14,-10.7803,10.2904,1.114,43600.4,0
1.09953,3613.55,-4.307,20.4334,1.09503,33148,0
1.37394,3624.6,12.1268,14.7747,0.749652,18489.9,0
1.64652,3613.34,16.9216,9.03312,1.10635,22266.6,0
1.92106,3610.63,11.5454,-0.674128,1.20664,20495.8,0
2.19346,3644.01,-9.12835,4.91843,0.176377,2729.35,0
2.47091,3634.92,2.84929,-6.63823,0.441092,6102.31,0
2.74452,3640.37,-6.26221,5.52603,0.288088,3510.17,0
3.01778,3632.63,-17.4123,-3.65797,0.491659,5756.86,0
3.29068,3647.72,-16.8002,-21.4824,0.0493976,692.681,0
3.56941,3623.68,8.76563,-13.9674,0.763181,7373.16,0
3.84034,3616.96,28.254,-11.4413,0.929157,8603.61,0
4.11321,3638,2.05843,6.34833,0.327655,2916.69,0
4.3863,3626.61,-21.2096,-26.4232,0.612941,5332.38,0
4.66017,3644.75,-4.79421,-7.04555,0.131474,1126.07,0
4.93982,3624.47,-32.2056,31.075,0.636808,5167.59,0
5.21184,3630.55,-38.1069,41.368,0.418835,3732.05,0
5.49276,3630.45,-36.3081,44.6409,0.412571,3559.6,0
5.77289,3619.29,-32.3662,4.53567,0.840996,5319.13,0
6.04554,3616.84,-11.8566,16.5611,0.964743,5485.01,0
6.31604,3622.27,-7.6248,15.8352,0.791864,4390.31,0
6.58475,3615.55,-6.5685,30.2061,0.977001,5231.43,0
6.85923,3617.79,-1.91198,36.2302,0.882752,4695.27,0
7.13788,3629.86,1.29106,24.592,0.546118,2821.17,0
7.41662,3631.91,12.2834,33.8695,0.454523,2439.21,0
7.69212,3624.24,38.5372,40.6785,0.600673,3348.63,0
7.96446,3590.89,53.8267,10.5266,1.65989,7421.53,0
8.23445,3607.09,37.9902,7.70585,1.20123,5211.5,0
8.50875,3617.51,45.5848,6.80645,0.822119,3818.07,0
8.7813,3640.85,29.9513,-4.42336,0.180197,1042.37,0
9.05306,3626.96,39.7978,4.8,0.551644,2545.52,0
9.3243,3627.6,29.8984,9.17635,0.569675,2402.55,0
9.60036,3604.65,2.90634,44.5231,1.23911,4723.62,0
9.86556,3589.6,23.0045,59.7305,1.62596,6122.49,0
10.1404,3571.37,5.15677,44.5,2.46625,7753.71,0
10.4107,3566.33,2.87379,47.6407,2.62921,8037.24,0
10.6937,3537.4,17.9893,41.5296,4.09623,10529.5,0
10.9649,3539.26,3.47005,52.2943,3.77955,10099.1,0
11.2377,3541.57,-4.26844,59.8563,3.4392,9648.53,0
11.5066,3535.85,-2.32386,65.3002,3.49828,9920.54,0
11.7813,3526.83,-22.6965,59.4865,3.91494,10455,0
12.0606,3528.39,-30.4739,64.5695,3.52419,10083.2,0
12.3365,3546.44,-30.2053,73.769,2.5876,8394.98,0
12.6087,3520.27,-26.0808,77.4633,3.6323,10289.3,0
12.8856,3524.42,-30.0301,65.0311,3.62997,9745.82,0
13.1581,3509.03,-18.359,60.4495,4.68609,10713.4,0
13.4297,3504.79,-16.4688,58.1828,4.79555,10812.4,0
13.707,3511.16,-12.1932,50.8472,4.63074,10129.5,0
13.9871,3509.87,-4.17631,60.3736,4.21441,10018.8,0
14.2588,3518.44,-4.43603,74.314,3.28107,9226.68,0
14.5346,3500.57,1.49458,64.586,4.50504,10281.1,0
14.8104,3497.66,9.85065,67.4596,4.35864,10285.8,0
15.0838,3484.68,6.40105,83.8994,4.35317,10960.1,0
15.354,3485.4,11.8282,89.6057,4.03301,10720.6,0
15.4602,3477.61,21.6889,97.6272,3.97527,11150.3,0
