0.137788,3634.9,15.4467,-2.2897,2.95983,109600,0
0.279739,3642.47,9.97683,27.3437,1.26224,26909.6,0
0.422019,3621.1,18.979,26.3484,5.58705,68484.1,0
0.572773,3608.39,26.9955,30.2971,8.1428,72641.2,0
0.721763,3627.72,16.3562,25.1676,4.05104,30870.5,0
0.871261,3643.63,-0.898752,8.84852,1.023,7312.43,0
1.01431,3639.04,-2.69393,-11.6209,1.91697,10804.8,0
1.16303,3646.42,16.8286,-4.80047,0.411998,3079.94,0
1.31088,3637.48,11.8938,-15.0925,2.16522,9551.47,0
1.45146,3626.93,7.80924,-16.6101,4.37014,15893.2,0
1.5974,3626.64,-4.82995,-24.8926,4.28936,14624.5,0
1.74119,3620.42,-6.53353,-31.4946,5.49036,16987,0
1.89073,3630.21,-3.56953,-58.417,2.71877,10468.7,0
2.0298,3630.27,-21.6877,-54.7049,2.69199,9720.66,0
2.17458,3627.97,-20.0048,-53.5294,3.18816,10129.3,0
2.32985,3626.68,-5.43283,-57.6963,3.42587,10009.3,0
2.4804,3634.75,-22.8614,-31.7833,2.2869,6147.3,0
2.62081,3611.92,-19.4449,-25.8984,7.3478,14528.2,0
2.75773,3621.71,-34.4916,-26.5061,4.88236,10257.7,0
2.89991,3618.55,-30.3434,-1.69941,5.93837,10843.6,0
3.04328,3609.61,-34.2458,9.76251,7.81518,13272.9,0
3.18852,3612.54,-41.6832,6.73888,6.87794,11749.1,0
3.32252,3616.32,-41.0327,2.15574,5.98973,10135.6,0
3.46914,3604.73,-49.6847,-9.70837,8.1745,13048.2,0
3.60882,3601.65,-33.2701,-11.9094,9.33607,13397.1,0
3.75152,3597.68,-25.4384,-6.99971,10.3487,13947.3,0
3.89155,3576.63,-20.7455,4.69578,2.33424,18853.6,0
4.02982,3557.23,-18.1135,19.3281,8.73101,23020.2,0
4.16863,3563.52,-12.9603,3.8742,6.97647,20745.8,0
4.32045,3534.19,-16.8657,12.3659,5.31096,26805.3,0
4.45737,3532.58,-23.2459,8.21,5.60606,26342,0
4.60232,3520.43,-43.5052,37.0811,4.76706,28154.1,0
4.74414,3515.35,-59.1184,62.5764,0.485739,28381.5,0
4.89685,3515.32,-64.4756,37.0997,2.84975,27502.9,0
5.05895,3513.56,-73.0702,43.6103,1.19383,26970.8,0
5.20953,3519.91,-70.7934,36.9687,0.203991,24972.4,0
5.35003,3514.14,-64.4766,20.1843,4.73945,25394.3,0
5.49355,3512.67,-56.2573,16.8166,7.40965,24999.3,0
5.63616,3506.64,-55.1379,17.0747,10.1112,25435.6,0
5.78441,3513.96,-47.0546,3.58333,9.83831,23519.2,0
5.92882,3507.27,-45.9136,21.2107,0.212214,24074.2,0
6.0754,3493.71,-27.6758,9.38327,5.07318,25724.3,0
6.22443,3471.09,-23.3254,8.92101,11.6854,28743.6,0
6.37205,3458.53,-21.706,6.29044,9.24297,30047.7,0
6.42999,3449.78,-15.0749,6.90644,10.5774,31138.9,1
