0.144009,3619.2,-0.625338,15.9829,6.36529,213859,0
0.287992,3605.54,-13.0541,12.3869,9.49036,154385,0
0.433762,3609.67,-9.32902,1.50816,8.5008,92974.2,0
0.575798,3622.78,-9.62566,-1.73065,5.40681,47277.5,0
0.717754,3630.23,-9.47974,-4.56388,3.72609,27538.5,0
0.866902,3629.13,2.09476,0.630068,3.98568,24074.5,0
1.00976,3644.28,-29.0307,-19.1893,0.560462,5663.5,0
1.15012,3639.46,-25.9263,6.5874,1.62938,9163.85,0
1.29691,3626.32,-25.0681,13.7563,4.27415,18255.3,0
1.442,3612.73,-32.2883,17.9969,7.05752,25844.7,0
1.59612,3610.35,-43.3343,35.1942,6.91017,24841.6,0
1.73598,3621.13,-42.2194,40.6314,4.41242,16629.4,0
1.87844,3614.19,-45.0273,41.0404,5.80679,19062.1,0
2.03573,3611.33,-49.6857,45.9291,6.10804,18997.7,0
2.17854,3610.14,-36.9411,34.4228,7.07619,18297.8,0
2.32172,3620.89,-31.9448,17.46,5.12093,12536.7,0
2.46381,3623.17,-16.2739,16.3217,4.86343,10890,0
2.60227,3611.72,-28.8454,24.833,7.12531,14708.9,0
2.74406,3605.52,-25.0988,13.6195,8.67101,16208.2,0
2.89025,3594.41,-18.1945,11.3966,11.4839,19235.1,0
3.0408,3593.23,-4.6394,21.1844,11.6206,18667.8,0
3.17948,3596.98,-13.9673,9.27966,10.5326,16674.8,0
3.32537,3586.08,-21.9464,5.28681,1.67901,19221.3,0
3.46538,3580.42,-27.1796,4.52574,3.15387,20077.7,0
3.60864,3569.23,-40.2671,-8.15383,5.8331,22382.7,0
3.74562,3559.63,-28.8454,6.43353,9.73793,24127.2,0
3.89448,3559.91,-23.4493,-3.86744,9.97047,23131.7,0
4.02916,3545.65,-26.3169,5.26096,3.686,25899.5,0
4.17423,3534.56,-20.5591,-15.3627,8.94762,27656.4,0
4.31583,3523.59,-3.00471,5.15707,4.63902,29290.2,0
4.46178,3525.12,4.78694,6.17552,3.201,27988.9,0
4.60504,3514.95,7.60596,23.1389,7.2083,29326,0
4.74162,3516.01,6.90461,32.8847,3.34979,28258.8,0
4.88625,3505.89,13.4342,48.3369,3.30454,29493.8,0
5.02744,3493.38,14.2984,45.4202,10.2078,31152.2,0
5.17602,3497.02,6.31136,50.7757,6.99486,29556.4,0
5.32245,3489.75,1.48762,46.1213,12.824,30108.4,0
5.46684,3483.9,12.8278,36.2482,7.2009,30383.9,0
5.61234,3495.41,7.59085,14.1868,18.5735,27545.4,0
5.69373,3489.35,1.98183,0.82585,42.7201,28215.1,0
