0.139159,3645.23,-23.2034,-6.08595,0.819965,34242.6,0
0.275052,3629.57,-23.9408,-16.63,3.91339,74258.6,0
0.424577,3621.22,-29.7191,8.05555,5.6535,67796.1,0
0.563201,3617.66,-24.6614,-0.462128,6.51633,57430.5,0
0.707134,3622.36,-24.9181,10.7163,5.38213,39093.4,0
0.859159,3622.43,-47.5667,7.58718,4.87844,32091,0
1.00135,3633.25,-64.9382,10.1925,2.09712,16726,0
1.15433,3610.43,-81.4283,1.58785,6.0067,34280.7,0
1.29549,3621.37,-81.3815,-1.7698,3.80088,22099.9,0
1.43673,3631.98,-89.4233,-10.4087,1.40369,12542.8,0
1.57994,3623.76,-90.508,10.9223,2.89129,16609.4,0
1.61586,3627.19,-100.284,3.85914,1.83665,14118,0
