0.158048,3650.69,24.3276,59.9782,0.00349054,-4349.25,0
0.313477,3650.03,24.7404,59.1347,0.00660072,-91.3173,0
0.473142,3649.79,23.7189,57.5873,0.00910813,453.909,0
0.634658,3649.33,23.4644,53.8069,0.0132566,1056.16,0
0.796439,3647.97,25.1002,58.0013,0.0157002,2553.2,0
0.955653,3644.02,24.1489,58.7548,0.034032,6253.08,0
1.11814,3639.09,23.6793,58.8464,0.059999,9755.83,0
1.27877,3641.08,22.9848,59.6055,0.0497677,6971.74,0
1.43894,3637.91,28.5816,55.3515,0.0686581,8399.25,0
1.6028,3642.07,30.7741,52.5085,0.0499938,4948.86,0
1.76573,3640.08,32.3692,52.8443,0.0592717,5616.32,0
1.93022,3633.63,29.6946,41.9137,0.0999474,8482.22,0
2.09078,3630.95,29.4195,43.5452,0.113043,9113.67,0
2.25107,3623.92,20.1328,47.4573,0.153181,11586.4,0
2.40963,3620.28,22.7638,57.4426,0.163817,12335.7,0
2.56661,3625.8,12.7596,61.0213,0.134595,9427.84,0
2.72442,3634.46,11.8964,60.6718,0.0891244,5703,0
2.88707,3620.97,-4.02317,64.393,0.1559,10056.1,0
3.04641,3595.98,19.8493,71.231,0.28583,17733.6,0
3.17472,3588.81,22.7037,97.4234,0.283116,19274.6,0
