0.160686,3649,-7.50627,-7.48241,0.020536,6204.35,0
0.316567,3649.5,-8.64647,-8.4105,0.0181427,1569.15,0
0.477833,3644.2,-9.83644,-6.3704,0.0450889,12129.2,0
0.633704,3645.58,-10.232,-8.5678,0.0387819,6978.58,0
0.795749,3643.55,-11.2455,-5.45674,0.0484936,8104.69,0
0.959231,3646.58,-13.0728,-5.55507,0.033037,3568.59,0
1.11925,3648.36,-14.4441,-4.8461,0.0230733,1462.76,0
1.27694,3646.02,-11.7076,-0.595971,0.0350846,3119.99,0
1.43573,3644.75,-12.798,-2.24529,0.0402476,3656.98,0
1.59277,3648.07,-10.466,0.465018,0.0224836,1210.8,0
1.7523,3648.57,-10.2786,-0.693725,0.020613,814.211,0
1.91279,3648.8,-14.1499,0.822599,0.0189523,626.24,0
2.07574,3649.51,-13.9135,1.38137,0.0153367,236.535,0
2.2332,3651.56,-13.8151,2.14745,0.00430792,-700.011,0
2.39159,3651.13,-15.8793,3.41565,0.005983,-470.596,0
2.54789,3650.54,-17.3487,3.72327,0.00862079,-210.699,0
2.70579,3649.17,-16.8937,1.96192,0.0154842,306.019,0
2.86654,3647.88,-20.0278,4.0718,0.0219626,738.195,0
3.02639,3647.91,-17.0636,1.23431,0.0217215,692.025,0
3.18716,3648.06,-17.9164,2.12341,0.0209045,608.428,0
3.34689,3647.61,-18.8601,1.74542,0.0232075,713.095,0
3.50695,3649.98,-18.9425,1.18613,0.0112522,7.03279,0
3.66508,3649.05,-16.4816,1.63476,0.0161459,257.91,0
3.82386,3648.88,-15.4414,4.21491,0.0174048,294.114,0
3.98838,3649.83,-15.9857,5.36744,0.012046,41.744,0
4.14601,3649.79,-17.9636,7.42152,0.0121011,51.4561,0
4.30654,3648.21,-15.8812,7.30622,0.0204377,415.856,0
4.46574,3646.69,-16.3006,8.87547,0.0269452,740.727,0
4.62595,3647.12,-13.9999,7.62599,0.0252338,623.485,0
4.78526,3644.09,-14.454,7.66592,0.0387551,1235.94,0
4.9458,3641.91,-15.3628,6.591,0.050026,1635.43,0
5.10151,3646.13,-12.0736,10.584,0.0281572,757.779,0
5.26587,3640.55,-14.6098,10.1916,0.0565406,1795.25,0
5.42369,3640.05,-14.3324,6.91044,0.0583402,1833.75,0
5.58239,3641.6,-8.14449,4.15016,0.05106,1504.96,0
5.74242,3635.08,1.38329,7.6953,0.0858098,2597.46,0
5.89756,3635.03,6.1066,7.95346,0.0868523,2537.99,0
6.05987,3638.88,4.07369,13.3785,0.0658825,1834.94,0
6.2175,3631.74,2.61663,19.7573,0.102331,2937.18,0
6.37673,3634.36,5.05812,12.7645,0.0892055,2452.17,0
6.53705,3627.92,3.89405,4.2737,0.127162,3377.99,0
6.69645,3638.1,-8.45573,2.11912,0.0701926,1777.22,0
6.85607,3630.49,-9.39687,-2.118,0.11054,2845.28,0
7.01762,3638.73,-12.5899,4.43505,0.063901,1606.65,0
7.17717,3639.98,-11.8077,3.99073,0.0561665,1396.62,0
7.3371,3631.47,-12.91,7.78041,0.10186,2526.14,0
7.50063,3637.78,-15.493,6.57198,0.0672471,1629.77,0
7.66532,3637.26,-20.5476,8.1298,0.0697228,1662.06,0
7.82619,3638.03,-21.868,8.15144,0.0644642,1530.03,0
7.98521,3635.33,-20.4537,3.70104,0.0788994,1836.61,0
8.14387,3634.65,-20.1603,0.485734,0.0830385,1885.28,0
8.30362,3641.42,-12.3259,-2.16014,0.048967,1033.17,0
8.46345,3635.16,-11.7146,-0.0238838,0.0826337,1753.1,0
8.62403,3634.36,-8.02736,-4.18321,0.0861526,1813.45,0
8.78974,3639.9,-11.7929,-11.2378,0.0546225,1149.3,0
8.95269,3630.62,-8.7975,-16.7518,0.103978,2165.25,0
9.11598,3625.75,-5.65033,-20.8496,0.131927,2660.15,0
9.27513,3598.44,-29.1761,-17.6848,0.291929,5558.93,0
9.43592,3581.26,-41.0655,-24.0831,0.398662,7284.5,0
9.59407,3590.88,-42.2685,-26.0742,0.334086,6162.28,0
9.75255,3608.41,-19.7308,-44.5071,0.225052,4264.05,0
9.91278,3621.42,-27.8583,-49.4854,0.14352,2882.9,0
10.0711,3632.03,-28.141,-61.3147,0.0770463,1784.45,0
10.231,3631.75,-26.8451,-56.5216,0.0815082,1784.2,0
10.3916,3634.64,-29.2877,-50.3695,0.0687754,1478.48,0
10.5488,3633.48,-27.3554,-42.8192,0.0798153,1566.37,0
10.708,3633.13,-27.9737,-38.3324,0.0843207,1575.12,0
10.8668,3627.37,-34.1935,-38.7848,0.109852,2082.61,0
11.0257,3619.65,-31.4414,-26.7998,0.159367,2752.51,0
11.1845,3624.26,-41.1727,-37.7382,0.122001,2301.4,0
11.3455,3619.08,-51.8385,-38.1458,0.141071,2725.75,0
11.5059,3607.73,-53.2463,-40.6496,0.201755,3673.88,0
11.6639,3604.17,-21.3583,-33.9636,0.252081,3929.55,0
11.8237,3600.12,-27.0996,-21.408,0.28213,4218.28,0
11.9855,3594.13,-13.1302,-26.1809,0.326804,4661.1,0
12.1441,3617.69,-17.7077,-8.58785,0.182077,2660.51,0
12.3071,3627.31,-36.5971,-15.0259,0.114669,1843.26,0
12.4686,3628.91,-41.0703,-19.5094,0.101261,1691.8,0
12.6278,3626.8,-34.1049,-22.6505,0.114578,1836.89,0
12.7874,3615.95,-23.446,-37.5383,0.17221,2662.6,0
12.9471,3617.14,-41.0669,-26.1537,0.160858,2537.92,0
13.1067,3618.34,-52.8291,-17.9463,0.145803,2415.4,0
13.2679,3626.55,-45.2129,-27.5096,0.103339,1767.08,0
13.4277,3622.12,-36.5457,-35.1387,0.12925,2076.41,0
13.5855,3633.9,-31.2272,-45.8845,0.0626503,1185.24,0
13.7456,3633.99,-30.072,-52.8898,0.0584164,1164.82,0
13.9035,3623.56,-34.4751,-58.9176,0.103913,1901.9,0
14.0609,3611.63,-30.8615,-67.496,0.161816,2728.89,0
14.2226,3616.79,-35.686,-61.6241,0.136425,2334.77,0
14.3839,3603.46,-34.7333,-45.0135,0.229454,3235.79,0
14.5444,3594.17,-43.2385,-51.4401,0.273114,3838.54,0
14.7068,3591.17,-38.4984,-52.0841,0.295419,4000.35,0
14.8641,3605.25,-51.7688,-74.5509,0.173901,3010.41,0
14.9056,3601.77,-54.5003,-83.8612,0.178222,3235.75,0
