0.160997,3647.22,13.441,37.7509,0.0248584,17254.4,0
0.320005,3643.74,13.319,37.2685,0.0433937,19575.9,0
0.479599,3641.72,15.2362,37.9923,0.052033,17260.3,0
0.642197,3640.05,17.078,39.811,0.0590256,15495.4,0
0.801695,3632.53,20.1041,33.3565,0.101345,21793.3,0
0.960286,3634.06,17.1057,32.8171,0.0936159,16603.8,0
1.121,3634.98,20.4464,32.6095,0.0874951,13401.8,0
1.2796,3617.4,6.69221,30.2654,0.189495,25477.6,0
1.43677,3614.58,28.1873,13.0099,0.206806,24652.8,0
1.59694,3620.85,29.953,-3.22126,0.170538,18251.1,0
1.75942,3608.26,19.0899,8.05636,0.252276,23724.9,0
1.91769,3608.93,22.5557,-6.93659,0.248091,21417.2,0
2.07828,3598.69,38.9466,-30.7948,0.291432,24687.8,0
2.23739,3593.39,58.1889,-51.3253,0.284375,25303.5,0
2.40015,3602.43,66.0602,-37.7149,0.233923,19819.1,0
2.55995,3617.31,69.2102,-28.5778,0.152634,12769,0
2.72049,3598.9,76.5986,-26.7881,0.24417,18782,0
2.79216,3591.08,92.6188,-37.7303,0.256819,21103.7,0
