0.158651,3651.55,26.2077,4.78648,0.0131002,-9754.51,0
0.317,3651.49,26.3638,3.68481,0.0142105,-4684.81,0
0.475612,3652.77,29.3471,1.97539,0.00663525,-5820.84,0
0.635062,3652.45,28.1706,3.14617,0.00756287,-3860.09,0
0.796089,3652.81,26.8834,2.02598,0.00650725,-3532.04,0
0.954179,3651.61,28.9898,2.53081,0.011646,-1689.85,0
1.11626,3650.72,29.8383,4.83528,0.0157065,-646.533,0
1.27602,3647.81,28.3097,6.32869,0.0292502,1712.46,0
1.43742,3646.47,26.9268,4.32967,0.0350959,2459.04,0
1.59847,3645,32.8434,5.59874,0.0386514,3125.75,0
1.76062,3646.53,32.0304,5.574,0.0308405,1968.53,0
1.91842,3642.19,31.6236,3.48338,0.0539744,4068.52,0
2.07803,3640.42,33.4392,3.03046,0.0607889,4609.04,0
2.23759,3642.64,31.8894,1.39987,0.0492716,3289.61,0
2.39697,3641.12,32.844,3.27434,0.0565993,3706.66,0
2.55846,3641.49,34.1128,2.43438,0.0533443,3327.65,0
2.71708,3638.32,38.2921,2.35862,0.0679263,4299,0
2.87929,3633.55,27.0616,-1.54587,0.0999644,5713.78,0
3.03928,3628.5,30.2838,-2.39995,0.124384,7072.98,0
3.20022,3615.87,29.4202,1.97694,0.197465,10664.4,0
3.36214,3602.52,38.7575,1.38509,0.273701,14123.1,0
3.52323,3619.12,60.4942,-9.52364,0.153538,8764.78,0
3.68622,3625.51,68.6085,-9.04451,0.111112,6643.42,0
3.84415,3603.09,67.2629,-3.43939,0.237577,12203.4,0
4.00624,3603.59,78.8135,-9.2976,0.218534,11585.4,0
4.1672,3611.14,77.4828,-13.1962,0.177719,9325.97,0
4.32777,3606.15,67.2582,-29.4254,0.21178,10132.3,0
4.4871,3589.95,73.6954,-18.7496,0.301863,13381.8,0
4.65062,3578.22,64.0213,-25.9447,0.391644,15434.4,0
4.80902,3596.45,59.3139,-19.4573,0.285388,11135.6,0
4.96594,3573.2,49.9611,-32.5932,0.443454,15465.2,0
5.12826,3574.32,44.7792,-55.3073,0.413165,14757.3,0
5.28609,3565.66,36.0156,-59.326,0.481111,15955.7,0
5.44547,3573.83,33.876,-50.1808,0.437816,13987.5,0
5.60436,3592.11,30.987,-53.7918,0.310921,10329,0
5.76507,3590.95,13.1138,-51.8289,0.329649,10243.4,0
5.92203,3565.88,7.53593,-42.4094,0.526365,14204.7,0
6.08525,3571.67,13.5236,-49.1778,0.464148,12872.5,0
6.24542,3571.69,23.8866,-39.3114,0.473568,12539.6,0
6.40611,3563.94,21.9518,-41.2602,0.533323,13434.4,0
6.56743,3556.82,21.9349,-36.8866,0.606557,14187.7,0
6.72874,3558.58,19.5648,-33.186,0.602699,13586.2,0
6.89037,3563.28,26.2633,-34.7144,0.549966,12585.5,0
7.04809,3571.2,41.6605,-39.2628,0.454629,11180.6,0
7.20745,3560.13,32.4621,-48.2476,0.535221,12469.6,0
7.36921,3571.52,42.1068,-47.8042,0.434896,10649.6,0
7.52809,3577.03,31.2966,-33.9964,0.425252,9693.46,0
7.68803,3571.85,8.79764,-44.311,0.46854,10165,0
7.84641,3569.99,2.94632,-57.5539,0.462531,10196.9,0
8.00839,3581.12,-3.1526,-62.0974,0.373492,8601.38,0
8.1678,3585.15,11.0638,-53.8729,0.363173,7939.11,0
8.32631,3596.64,-5.56629,-54.1731,0.288144,6408.44,0
8.48636,3591.79,-9.59563,-69.1805,0.295664,6859.67,0
8.64678,3594.39,9.09727,-52.4686,0.304349,6431.65,0
8.80748,3604.41,12.3425,-52.2941,0.239813,5175.75,0
8.9641,3606.5,22.8975,-85.3695,0.183051,4853.19,0
9.12582,3606.37,7.41096,-92.8312,0.176856,4781.2,0
9.28512,3595.42,10.5303,-91.1779,0.237578,5877.76,0
9.44319,3606.68,-2.7207,-86.4153,0.184096,4587.32,0
9.50325,3599.21,-1.5943,-100,0.203198,5344.62,0
