0.154858,3647.83,4.34792,-3.19882,0.0254029,13996.6,0
0.313743,3646.86,6.19806,-1.35832,0.029991,10007.9,0
0.475208,3643.03,6.06331,-0.57771,0.0506923,14677.4,0
0.634201,3641.73,6.02153,-5.43712,0.0567248,13038.9,0
0.795187,3638.51,9.29193,-8.63748,0.0721192,14452.5,0
0.957606,3638.64,10.97,-10.4646,0.070563,11866,0
1.11755,3645.18,7.27616,-10.8792,0.0370102,4310.15,0
1.27999,3646.15,8.90305,-10.7323,0.031937,3008.88,0
1.43843,3646.84,8.16464,-13.4719,0.0273891,2199.57,0
1.59677,3649.17,6.65538,-14.1448,0.0158928,518.343,0
1.75741,3649.03,7.34995,-12.5085,0.016872,552.336,0
1.91933,3646.87,8.24476,-12.185,0.0267083,1629.57,0
2.0771,3645.51,7.22042,-14.0606,0.0342589,2164.04,0
2.23761,3644.08,8.97657,-14.0865,0.0425723,2647.34,0
2.39789,3641.1,11.5006,-18.8478,0.0565736,3710.32,0
2.56127,3634.46,19.8014,-13.5353,0.0923848,6066.44,0
2.7214,3635.1,21.0116,-18.5316,0.0887322,5475.58,0
2.88126,3629.52,21.4972,-26.6459,0.115548,7108.46,0
3.0403,3620.58,36.0175,-10.9068,0.164196,9676.5,0
3.20169,3608.83,49.583,0.989771,0.223157,12858,0
3.36203,3592.76,55.6429,36.5234,0.299309,17026.2,0
3.5209,3576.43,51.0896,39.6356,0.409764,20894.4,0
3.6821,3594.95,49.2036,49.0794,0.280702,14949.4,0
3.84047,3590.32,45.3244,48.7306,0.315802,15541,0
3.99818,3591.16,29.3681,66.1111,0.30308,14717.3,0
4.15623,3572.32,36.7859,80.674,0.389651,18690.2,0
4.31587,3583.2,33.5547,82.038,0.326291,15477.8,0
4.47496,3586.82,32.7376,80.3006,0.30568,14117.8,0
4.6345,3603.61,32.5553,77.8897,0.215064,10009.9,0
4.79582,3619.61,34.3105,80.7129,0.123425,6337.66,0
4.95484,3624.95,41.0468,84.7107,0.0885781,5054.82,0
5.11528,3621.29,39.4995,83.2503,0.109368,5613.48,0
5.27576,3623.26,37.0464,73.3706,0.11307,5068.03,0
5.4369,3619.62,38.3731,80.4992,0.121856,5588.44,0
5.59863,3619.57,42.6429,84.6822,0.114224,5435.76,0
5.75598,3619.42,46.2386,70.1534,0.127417,5312.03,0
5.9188,3607.52,48.2203,76.9794,0.179691,7176.48,0
6.07799,3621.75,37.8251,73.3202,0.115615,4648.23,0
6.23711,3621.17,43.0584,83.0571,0.104674,4622.32,0
6.34668,3622.04,43.5106,90.0498,0.09194,4405.8,0
