0.161105,3649.18,-4.4283,26.0393,0.0261678,5066.34,0
0.321012,3648.22,-5.85247,25.4223,0.0311282,5549.19,0
0.481698,3644.26,-7.60238,25.218,0.0513554,11917.8,0
0.637501,3644.8,-7.25742,22.9204,0.0494057,8160.29,0
0.79466,3642.99,-2.74748,23.6986,0.057595,8825.9,0
0.953378,3634.41,-7.43574,22.5514,0.102445,16355.3,0
1.11355,3643.58,-10.3074,24.7049,0.0533752,5765.23,0
1.27365,3637.35,-9.35845,24.0284,0.0861611,9929.06,0
1.43418,3634.49,-6.28964,26.8706,0.104022,10816.4,0
1.59535,3624.72,-4.22684,30.7965,0.155184,15845.3,0
1.75268,3624.06,-16.0462,32.5436,0.155784,14800.9,0
1.91245,3621.4,-12.9677,31.4266,0.17267,14954.7,0
2.07132,3608.21,-1.30327,55.3717,0.232464,20177.5,0
2.23163,3606.12,32.6692,60.1503,0.230192,19660.8,0
2.39435,3632.35,27.0043,50.1942,0.0977848,7370.29,0
2.55177,3633.58,29.9958,42.8921,0.0963876,6435.74,0
2.71319,3624.97,35.7592,35.9134,0.144813,9226.26,0
2.87709,3615.89,6.39305,50.416,0.196015,11855.1,0
3.04148,3613.51,8.50042,42.755,0.213597,11997.1,0
3.19667,3594.58,26.5959,64.1716,0.29798,17336.6,0
3.35968,3598.63,34.3522,46.8925,0.288203,15290.1,0
3.51915,3591.32,42.3723,49.073,0.323289,16674.6,0
3.67877,3595.24,53.6429,37.8409,0.299059,14886.3,0
3.84121,3625.04,80.1482,30.5846,0.107377,6498.75,0
4.00237,3628.71,78.5455,33.7739,0.088262,5320.52,0
4.16369,3627.86,84.9663,39.5622,0.0823747,5317.25,0
4.32451,3634.79,81.9389,40.4173,0.0483949,3517.34,0
4.48341,3639.21,77.2423,39.6205,0.0301573,2406.91,0
4.646,3634.87,74.7523,36.9612,0.0549425,3257.2,0
4.80359,3628.79,70.0247,39.2142,0.0887274,4416,0
4.96139,3630.91,69.7534,38.8169,0.0792762,3847.82,0
5.12224,3623.71,75.4937,34.6157,0.111554,5132.93,0
5.28503,3626.17,78.215,24.698,0.100486,4509,0
5.44522,3626.16,79.3688,30.2461,0.0981435,4378.53,0
5.60352,3605.04,75.8916,20.4192,0.218629,8023.87,0
5.76157,3599.97,30.1977,20.5334,0.299093,8683.24,0
5.92142,3589.28,3.23687,30.9266,0.375548,10255,0
6.08473,3601.02,-13.7444,38.9772,0.287503,8050.14,0
6.24149,3619.27,-25.7454,55.6114,0.16001,4922.99,0
6.40227,3633.67,-29.649,47.9033,0.0883521,2550.44,0
6.56126,3633.23,-22.3487,47.888,0.0926135,2555.9,0
6.72332,3635.63,-18.3109,49.3883,0.0801818,2137.27,0
6.88056,3623.33,-22.3335,46.5891,0.146374,3876.16,0
7.04172,3621.71,-15.8168,66.432,0.140135,4018.07,0
7.20481,3628.48,-15.4468,69.9974,0.101807,2986.94,0
7.36637,3636.44,-23.1894,55.3667,0.0692909,1840.36,0
7.52803,3640.87,-23.9083,53.7445,0.0467663,1212.32,0
7.68679,3641.07,-25.1679,59.1408,0.0423688,1162.35,0
7.84629,3640.75,-23.7266,56.8479,0.046289,1178.51,0
8.008,3639.99,-26.8763,59.0294,0.048045,1250.12,0
8.17024,3637.64,-22.6188,56.1459,0.0641305,1512.2,0
8.33304,3639.59,-16.8906,50.9537,0.0583614,1249.53,0
8.4932,3642.66,-16.9565,49.1102,0.0420335,864.665,0
8.65346,3641.46,-14.6364,50.6963,0.0468393,986.731,0
8.81384,3641.9,-15.2055,52.7303,0.0423663,918.56,0
8.97142,3644.45,-15.9081,53.2707,0.0288024,618.308,0
9.13058,3642.18,-13.1941,54.2272,0.0404167,856.621,0
9.29081,3641.54,-7.41934,53.5663,0.04422,910.171,0
9.45112,3637.01,-10.1246,49.0139,0.0682777,1373.93,0
9.61349,3640.92,-17.3646,45.2982,0.0504503,944.521,0
9.77696,3643.81,-19.647,45.4248,0.0336543,633.506,0
9.93466,3643.09,-17.8461,47.5427,0.036584,695.255,0
10.0954,3642.98,-15.1075,48.6858,0.036607,695.312,0
10.2558,3643.4,-16.7833,49.0506,0.0346543,643.398,0
10.412,3640.33,-17.1896,44.6705,0.053244,928.751,0
10.5693,3634.06,-23.5483,43.6894,0.0853269,1508.29,0
10.7267,3634.98,-27.7041,50.1126,0.0758603,1400.45,0
10.8864,3625.48,-28.9996,57.2228,0.119582,2252.2,0
11.0448,3628.63,-31.6113,57.7783,0.102984,1934.92,0
11.2046,3620.26,-31.1224,57.8649,0.146368,2654.41,0
11.3638,3617.06,-27.0867,57.4093,0.165066,2898.47,0
11.5199,3602.46,-24.737,53.4035,0.254471,4126.87,0
11.6811,3582.25,5.35603,23.7437,0.430944,5799.88,0
11.8404,3568.06,3.62038,8.79754,0.560323,6920.13,0
11.9963,3575.41,0.870361,18.8404,0.488917,6217.34,0
12.158,3560.89,-14.3696,25.923,0.600388,7329.25,0
12.3161,3581.8,-6.17277,16.7065,0.437592,5537.48,0
12.4759,3588.5,-18.4822,-6.93503,0.386711,4929.19,0
12.635,3613.82,-21.0977,1.48154,0.216261,2863.66,0
12.7942,3600.41,0.773545,13.3693,0.303263,3876.03,0
12.9565,3613.22,7.40353,34.8825,0.210734,2838.34,0
13.1172,3615.6,10.7788,34.2275,0.196925,2622.22,0
13.2759,3618.03,16.3279,47.3011,0.171327,2408.47,0
13.4338,3607.49,16.2574,8.87687,0.255815,3164.3,0
13.5944,3602.91,10.2044,-22.8693,0.281671,3464.28,0
13.7551,3627.89,35.1273,-11.5592,0.126098,1607.18,0
13.9151,3626.1,30.7122,-20.9229,0.135687,1717.69,0
14.0779,3633.17,30.4823,-29.2405,0.0943496,1195.41,0
14.2358,3637.06,29.4096,-17.3085,0.0779908,908.712,0
14.3971,3625.76,27.9418,-17.2488,0.139408,1683.59,0
14.5612,3628.4,25.2555,-14.849,0.125111,1483.1,0
14.7253,3605.27,14.4935,-28.6353,0.260271,3037.6,0
14.8828,3596.63,13.0748,-31.8028,0.314332,3585.86,0
15.0414,3581.64,23.7683,-72.6795,0.352602,4544.5,0
15.1991,3578.59,28.6638,-82.977,0.347315,4698.52,0
15.3578,3569.64,39.2811,-77.1998,0.404488,5232.76,0
15.5186,3582.24,45.5794,-83.5332,0.310011,4366.52,0
15.5524,3589.07,48.8253,-87.2882,0.262871,3917.56,0
