0.142839,3634.72,23.484,-13.6745,0.192166,106980,0
0.291126,3592.81,50.497,3.5614,0.724611,196442,0
0.433942,3589.36,71.8433,9.71202,0.698561,139732,0
0.57474,3554.23,70.8411,23.7647,1.23494,166640,0
0.713159,3551.67,78.6931,0.865079,1.24834,137877,0
0.867634,3532.85,80.6588,26.5682,1.52958,135026,0
1.01968,3547.7,75.1394,16.2232,1.33329,100326,0
1.16163,3557.11,72.8251,33.421,1.1539,79961.4,0
1.30602,3545.82,67.7888,51.401,1.29666,79771.4,0
1.44247,3537.56,58.3322,54.8126,1.48461,77949.1,0
1.59207,3547.29,29.4003,77.7214,1.29428,64510.7,0
1.73648,3518.36,32.5163,64.0247,1.94361,75806.8,0
1.87146,3529.76,32.7147,70.5318,1.64264,64247.8,0
2.00937,3552.35,21.8948,58.9429,1.3384,48595.6,0
2.16814,3560.71,38.4885,38.2072,1.24271,41183.4,0
2.30405,3575.78,38.7799,42.1318,0.960506,32211.1,0
2.44334,3594.14,38.7409,46.4477,0.66596,22860.2,0
2.592,3619.5,49.1399,23.3311,0.336956,11767.1,0
2.74434,3631.23,49.1665,28.7139,0.18609,6837.83,0
2.89597,3588.59,69.1101,50.906,0.651509,21206.5,0
3.03341,3565.25,86.8527,38.331,0.928146,27937.3,0
3.05188,3559.47,93.384,36.1042,0.981755,29663.7,0
