0.146625,3643.74,8.8143,-50.8628,0.0893619,42711.3,0
0.290338,3601.37,-6.33916,-44.3397,0.647782,167486,0
0.431906,3605.89,16.8809,-60.4564,0.536845,102120,0
0.566917,3593.68,37.4024,-65.5148,0.663187,99346.2,0
0.704971,3616.17,23.6811,-29.8608,0.452736,47988.3,0
0.854432,3633.19,-18.177,-4.24945,0.252027,19675.7,0
0.997675,3616.83,-29.4763,-10.3264,0.453906,33251.5,0
1.14313,3625.53,-56.3121,-16.9769,0.291937,21406,0
1.29253,3640.11,-49.7113,-13.1037,0.129526,7648.65,0
1.43453,3604.04,-22.5192,-2.16498,0.646358,32039.1,0
1.57707,3612.6,-35.0923,33.9423,0.479432,23714.6,0
1.72058,3610.82,-32.8063,43.0327,0.491726,22769.3,0
1.86396,3600.87,-65.5255,52.3677,0.537953,26357.4,0
1.90313,3598.37,-79.5199,61.0687,0.509319,27127.9,0
