0.144369,3651.32,-18.5249,-22.6654,0.0200856,-9117.11,0
0.281349,3624.51,-15.4309,-13.1959,0.355,90586.2,0
0.41712,3597.36,-2.00417,-29.378,0.734348,126197,0
0.55626,3586.32,-29.4809,-12.632,0.907247,114482,0
0.686917,3585.96,-21.9503,-43.7926,0.864086,93224.3,0
0.829028,3599.28,-7.41765,-18.8177,0.715471,61175.7,0
0.97533,3576.31,-8.59601,-7.92286,1.12036,75551.6,0
1.1138,3562.8,0.980029,-16.609,1.39018,78294,0
1.25533,3568.27,-7.24906,-29.7792,1.22353,65109.3,0
1.39707,3569.04,-3.54094,-34.2406,1.19632,57948.9,0
1.53414,3553.16,3.09025,-23.8947,1.57945,63122.1,0
1.68409,3593.87,-20.7148,1.1069,0.788961,33332,0
1.82917,3591.66,-35.3219,-9.17154,0.795977,31893.5,0
1.97749,3596.59,-68.723,-45.3431,0.577981,27010.4,0
2.11998,3590.51,-58.2672,-42.9774,0.699121,28059.8,0
2.26688,3626.96,-78.9182,-53.6307,0.167429,10163,0
2.32215,3632.09,-76.9999,-63.8157,0.0984612,7712.26,0
