0.0261744,0.358952,0,0,0.0610092,13713.9,0
0.0556416,11.0311,0,0,1.34125,198253,0
0.0827356,18.8536,0,0,2.27728,227878,0
0.110856,2.27192,0,0,0.288636,20494.3,0
0.136807,1.10352,0,0,0.148607,8066.23,0
0.167891,0.903557,0,0,0.123048,5381.82,0
0.199408,4.82259,0,0,0.59273,24184.5,0
0.221976,-0.00546983,0,0,0.0133577,-24.6415,0
0.247634,0.234157,0,0,0.0427732,945.578,0
0.271804,6.208,0,0,0.75865,22839.9,0
0.297686,-0.0968188,0,0,0.00395838,-325.238,0
0.32486,1.80478,0,0,0.231342,5555.56,0
0.352621,2.01167,0,0,0.256138,5704.92,0
0.383326,11.8635,0,0,1.43421,30948.8,0
0.407961,21.3442,0,0,2.57073,52319.2,0
0.437657,2.9164,0,0,0.359511,6663.67,0
0.458323,0.0692381,0,0,0.0182885,151.068,0
0.483328,2.34104,0,0,0.289979,4843.59,0
0.51151,1.7148,0,0,0.214927,3352.43,0
0.534756,2.07839,0,0,0.259786,3886.61,0
0.561983,1.66426,0,0,0.210154,2961.4,0
0.586358,5.47241,0,0,0.665098,9332.89,0
0.612606,6.71469,0,0,0.814962,10960.9,0
0.636036,-0.0448918,0,0,0.00485147,-70.5807,0
0.665335,7.79996,0,0,0.945029,11723.4,0
0.692957,8.35202,0,0,1.0122,12052.7,0
0.715781,0.221946,0,0,0.0378365,310.075,0
0.744304,5.5122,0,0,0.671855,7405.85,0
0.767748,-0.0869088,0,0,4.51098e-05,-113.2,0
0.794233,7.20707,0,0,0.874202,9074.26,0
0.821591,16.9517,0,0,2.0422,20632.7,0
0.846702,6.22151,0,0,0.757744,7347.93,0
0.874362,-0.0853134,0,0,0.0026752,-97.5721,0
0.896385,2.76084,0,0,0.344079,3079.97,0
0.921025,0.589306,0,0,0.0838288,639.837,0
0.951971,7.98139,0,0,0.969911,8384.08,0
0.98196,-0.0795681,0,0,0.0053313,-81.0299,0
1.0077,5.79479,0,0,0.709352,5750.51,0
1.03279,5.89617,0,0,0.720443,5708.99,0
1.0587,-0.0710641,0,0,0.00529074,-67.1236,0
1.08356,7.51755,0,0,0.914758,6937.84,0
1.10537,13.4637,0,0,1.62417,12180.3,0
1.13087,16.5474,0,0,1.98803,14632.5,0
1.15268,15.7482,0,0,1.89151,13662.3,0
1.17679,14.5799,0,0,1.75154,12389.6,0
1.20223,21.2339,0,0,2.54347,17662.1,0
1.2241,32.1355,0,0,3.85366,26252.3,0
1.25679,22.2074,0,0,2.66524,17669.9,0
1.28161,20.7648,0,0,2.49331,16202.1,0
1.3114,9.16495,0,0,1.10226,6988.7,0
1.33652,0.171737,0,0,0.0244547,128.495,0
1.35673,2.6028,0,0,0.315809,1918.44,0
1.37959,15.7426,0,0,1.89057,11411.1,0
1.40638,10.678,0,0,1.28338,7592.49,0
1.43186,10.6158,0,0,1.27701,7414,0
1.45963,3.18786,0,0,0.387945,2184.01,0
1.48394,0.437925,0,0,0.0583757,295.109,0
1.50808,10.043,0,0,1.20951,6659.45,0
1.53998,0.408895,0,0,0.0535733,265.519,0
1.56869,5.16111,0,0,0.623109,3290.08,0
1.59544,0.676507,0,0,0.0862572,424.027,0
1.62478,4.64775,0,0,0.562196,2860.54,0
1.64866,15.4899,0,0,1.85819,9395.46,0
1.67283,9.68969,0,0,1.16539,5792.4,0
1.69675,7.1301,0,0,0.8605,4202.2,0
1.72106,-0.0164962,0,0,0.00400629,-9.58487,0
1.74577,5.4978,0,0,0.664874,3149.2,0
1.77096,21.2039,0,0,2.5468,11973.1,0
1.79916,6.82558,0,0,0.817147,3793.75,0
1.82365,22.1874,0,0,2.64882,12166.5,0
1.85132,16.9851,0,0,2.02442,9174.58,0
1.87333,23.9391,0,0,2.86222,12778.9,0
1.89998,32.0366,0,0,3.82134,16861.5,0
1.92702,8.38565,0,0,0.986863,4351.62,0
1.95477,0.151628,0,0,4.48076e-05,77.5682,0
1.97989,6.70907,0,0,0.78593,3388.61,0
2.01138,29.0124,0,0,3.46322,14424.1,0
2.03395,17.8215,0,0,2.12474,8762.01,0
2.05779,6.8197,0,0,0.806042,3314.08,0
2.08157,12.4827,0,0,1.48201,5996.77,0
2.10637,2.55732,0,0,0.292688,1214.09,0
2.13,0.862971,0,0,0.089626,405.15,0
2.14938,8.26604,0,0,0.976857,3845.78,0
2.17348,4.4504,0,0,0.521198,2047.59,0
2.19577,0.143225,0,0,0.00499831,65.2276,0
2.22171,8.33088,0,0,0.98626,3749.76,0
2.24698,13.5623,0,0,1.61231,6035.81,0
2.27076,6.28342,0,0,0.739677,2767.1,0
2.29855,0.248895,0,0,0.0164617,108.283,0
2.32579,0.518505,0,0,0.0499746,222.937,0
2.34988,3.44495,0,0,0.400699,1466.01,0
2.37225,16.9505,0,0,2.01574,7145.33,0
2.39761,13.935,0,0,1.65935,5812.04,0
2.42456,0.997488,0,0,0.108837,411.41,0
2.44831,2.29835,0,0,0.264741,938.751,0
2.46961,13.5885,0,0,1.61783,5502.3,0
2.49731,4.09107,0,0,0.477395,1638.19,0
2.52265,0.476234,0,0,0.0441701,188.783,0
2.54681,9.64854,0,0,1.14344,3788.47,0
2.57073,13.1061,0,0,1.55485,5098.2,0
2.5981,0.757507,0,0,0.0749147,291.562,0
2.6245,1.97769,0,0,0.220315,753.548,0
2.64815,1.29117,0,0,0.138039,487.576,0
2.67386,13.9331,0,0,1.65313,5210.87,0
2.69915,4.26028,0,0,0.495947,1578.37,0
2.7223,0.240114,0,0,0.0141449,88.2024,0
2.74951,9.96616,0,0,1.17978,3624.71,0
2.77442,1.05819,0,0,0.111357,381.41,0
2.79888,2.52693,0,0,0.28738,902.833,0
2.82405,3.03792,0,0,0.348125,1075.73,0
2.84468,0.30542,0,0,0.0206448,107.365,0
2.86594,6.88675,0,0,0.809394,2402.96,0
2.88898,19.187,0,0,2.28445,6641.44,0
2.91619,6.69353,0,0,0.786214,2295.3,0
2.93964,1.83358,0,0,0.203081,623.742,0
2.96686,2.37096,0,0,0.267483,799.146,0
2.98979,12.6427,0,0,1.50112,4228.64,0
3.02233,20.0983,0,0,2.38455,6649.94,0
3.047,30.8743,0,0,3.67538,10132.7,0
3.07231,47.5415,0,0,5.65174,15474.2,0
3.09859,32.9932,0,0,3.90648,10647.8,0
3.1251,19.9154,0,0,2.33247,6372.72,0
3.14602,7.25576,0,0,0.816943,2306.33,0
3.16865,20.6337,0,0,2.41855,6511.82,0
3.19415,22.4439,0,0,2.63594,7026.56,0
3.21962,26.3239,0,0,3.10308,8176.09,0
3.24739,31.7865,0,0,3.7553,9788.32,0
3.27224,57.7319,0,0,6.87132,17642.9,0
3.29764,49.1238,0,0,5.82609,14896.7,0
3.32153,47.5625,0,0,5.64682,14319.5,0
3.34834,58.5694,0,0,6.9514,17492,0
3.37838,42.0952,0,0,4.94624,12460.2,0
3.40184,42.1329,0,0,4.94056,12385.3,0
3.42838,43.9535,0,0,5.14247,12820.5,0
3.46087,25.7614,0,0,2.9513,7443.63,0
3.48491,32.8934,0,0,3.79874,9438.82,0
3.5085,48.0903,0,0,5.61424,13706.8,0
3.53785,34.628,0,0,4.01774,9787.89,0
3.55671,45.8886,0,0,5.37514,12902,0
3.5815,45.9577,0,0,5.37774,12832,0
3.60821,42.0827,0,0,4.89494,11663.1,0
3.63542,29.4123,0,0,3.36531,8090.47,0
3.66259,30.0084,0,0,3.44449,8193.22,0
3.6853,34.4627,0,0,3.97594,9351.4,0
3.71384,15.0569,0,0,1.6487,4054.27,0
3.73819,2.75973,0,0,0.174927,738.252,0
3.76359,3.26316,0,0,0.235262,867.034,0
3.78908,17.4518,0,0,1.93572,4605.81,0
3.81224,9.10056,0,0,0.934279,2387.19,0
3.83597,1.43053,0,0,0.0150539,372.924,0
3.85867,5.21319,0,0,0.468392,1351.03,0
3.883,16.3778,0,0,1.8068,4217.81,0
3.90767,16.8659,0,0,1.86573,4316.1,0
3.93208,20.7715,0,0,2.32636,5282.58,0
3.95804,4.38355,0,0,0.362319,1107.51,0
3.98677,2.82992,0,0,0.176122,709.827,0
4.0159,10.3077,0,0,1.07544,2566.72,0
4.034,11.4931,0,0,1.21569,2849.07,0
4.05992,1.62249,0,0,0.0327288,399.637,0
4.0832,4.83959,0,0,0.418286,1185.24,0
4.11079,1.36255,0,0,0.000605287,331.458,0
4.13418,7.37059,0,0,0.71987,1782.84,0
4.15652,1.38847,0,0,0.00293563,334.047,0
4.17905,6.01891,0,0,0.557876,1440.26,0
4.20006,2.68004,0,0,0.156379,638.095,0
4.22406,3.12588,0,0,0.209812,740.018,0
4.25195,2.41783,0,0,0.124213,568.639,0
4.27502,3.20798,0,0,0.21891,750.401,0
4.30032,7.43458,0,0,0.726113,1728.84,0
4.32085,1.50054,0,0,0.0149411,347.28,0
4.34525,6.01264,0,0,0.555699,1383.73,0
4.36997,1.46066,0,0,0.0108338,334.251,0
4.3928,2.61728,0,0,0.149761,595.812,0
4.41915,3.89074,0,0,0.30238,880.427,0
4.44776,3.29831,0,0,0.232266,741.566,0
4.47028,2.20935,0,0,0.101759,494.231,0
4.49917,2.27801,0,0,0.10957,506.317,0
4.52732,5.10942,0,0,0.448905,1128.57,0
4.5563,2.24601,0,0,0.104529,492.946,0
4.57648,2.66841,0,0,0.155151,583.071,0
4.60238,15.4571,0,0,1.68818,3358.49,0
4.62658,30.5323,0,0,3.49624,6599.32,0
4.65248,43.6571,0,0,5.05317,9383.64,0
4.67646,47.499,0,0,5.52628,10157,0
4.701,35.8955,0,0,4.13294,7635.73,0
4.72307,26.2786,0,0,2.96696,5563.88,0
4.74665,17.2992,0,0,1.89261,3644.51,0
4.77121,18.4666,0,0,2.03897,3870.43,0
4.79878,3.12582,0,0,0.200434,651.379,0
4.82609,3.73886,0,0,0.273904,774.718,0
4.85064,1.52791,0,0,0.00986153,314.991,0
4.87349,8.37947,0,0,0.830996,1719.4,0
4.89844,26.6623,0,0,3.0256,5443.01,0
4.92476,33.7857,0,0,3.88187,6860.37,0
4.94603,42.0869,0,0,4.88117,8509.23,0
4.97081,45.5823,0,0,5.30484,9169.99,0
4.99569,41.3188,0,0,4.79133,8270.88,0
5.02392,26.5059,0,0,3.01297,5275.93,0
5.05523,15.2417,0,0,1.66181,3015.04,0
5.08063,6.8868,0,0,0.661181,1355.5,0
5.10769,1.55564,0,0,0.0222616,304.569,0
5.13721,6.48398,0,0,0.611927,1262.16,0
5.15957,1.37948,0,0,0.000171178,267.364,0
5.18702,1.65948,0,0,0.033333,319.929,0
5.21051,10.0266,0,0,1.0361,1924.3,0
5.23231,22.2229,0,0,2.4957,4247.25,0
5.25832,7.31276,0,0,0.710958,1390.7,0
5.28554,1.51078,0,0,0.0156108,285.832,0
5.3056,7.24104,0,0,0.702362,1364.79,0
5.3327,2.14932,0,0,0.0931132,403.044,0
5.35738,4.10361,0,0,0.327328,765.973,0
5.38034,17.4644,0,0,1.92857,3245.96,0
5.40383,26.9252,0,0,3.06576,4982.63,0
5.42893,17.09,0,0,1.88706,3147.94,0
5.45031,13.7482,0,0,1.4856,2522.46,0
5.47913,12.4633,0,0,1.32905,2274.68,0
5.50335,2.08292,0,0,0.0850076,378.483,0
5.52883,4.52194,0,0,0.377315,817.884,0
5.5571,1.75979,0,0,0.045845,316.675,0
5.58021,4.45906,0,0,0.369343,799.085,0
5.60361,1.47886,0,0,0.0126517,263.913,0
5.63137,11.4616,0,0,1.20905,2035.32,0
5.65753,5.13218,0,0,0.448948,907.141,0
5.68279,6.60395,0,0,0.624991,1162.1,0
5.71062,19.212,0,0,2.13343,3364.25,0
5.73657,23.2733,0,0,2.61803,4057.01,0
5.76178,36.8817,0,0,4.26898,6401.1,0
5.78644,29.0714,0,0,3.33165,5024.05,0
5.80975,28.8048,0,0,3.30262,4958.02,0
5.83257,20.5163,0,0,2.30779,3517.54,0
5.86312,21.3586,0,0,2.407,3642.87,0
5.88443,11.9823,0,0,1.28082,2036.27,0
5.90691,2.21801,0,0,0.110605,375.494,0
5.93349,4.42504,0,0,0.37511,745.774,0
5.9612,1.66467,0,0,0.0457679,279.251,0
5.98584,9.93713,0,0,1.03691,1660.11,0
6.00595,2.05948,0,0,0.0930453,342.906,0
6.0308,4.07697,0,0,0.334834,676.024,0
6.05726,20.5461,0,0,2.3086,3391.98,0
6.08094,29.3403,0,0,3.36203,4824.96,0
6.10665,27.7483,0,0,3.16954,4543.95,0
6.13289,28.9442,0,0,3.30835,4719.5,0
6.16269,16.7382,0,0,1.8431,2716.05,0
6.19001,22.9725,0,0,2.5889,3711.23,0
6.2152,6.66503,0,0,0.63427,1072.38,0
6.24122,24.7149,0,0,2.79664,3959.95,0
6.26746,16.1017,0,0,1.76512,2569.09,0
6.29827,2.10729,0,0,0.0835843,334.582,0
6.32333,4.43259,0,0,0.362263,700.99,0
6.34651,1.45114,0,0,0.00586683,228.652,0
6.3693,7.9672,0,0,0.786793,1250.88,0
6.39326,3.56786,0,0,0.260422,558.066,0
6.41697,2.3176,0,0,0.110583,361.168,0
6.43866,7.63582,0,0,0.746974,1185.93,0
6.46059,2.75372,0,0,0.162066,426.234,0
6.48499,13.7157,0,0,1.47499,2114.99,0
6.51533,14.8758,0,0,1.61031,2283.2,0
6.53903,4.69101,0,0,0.388054,717.387,0
6.56366,1.98596,0,0,0.063863,302.569,0
6.58719,11.356,0,0,1.18683,1723.95,0
6.61034,2.94795,0,0,0.181007,445.961,0
6.6354,3.24596,0,0,0.216723,489.189,0
6.66523,10.1527,0,0,1.04379,1523.23,0
6.69393,1.44332,0,0,1.82222e-06,215.616,0
6.72026,8.73533,0,0,0.873923,1299.85,0
6.74863,19.8765,0,0,2.20738,2945.26,0
6.77164,5.1765,0,0,0.445642,764.438,0
6.79908,2.25022,0,0,0.0949367,330.959,0
6.81928,10.2484,0,0,1.05349,1502.86,0
6.84813,26.4497,0,0,2.99726,3862.32,0
6.87606,30.9074,0,0,3.52414,4494.93,0
6.90105,45.8144,0,0,5.2932,6638.76,0
6.92214,44.6056,0,0,5.13698,6443.9,0
6.94755,43.076,0,0,4.94851,6200.17,0
6.96911,47.636,0,0,5.48925,6835.3,0
6.9935,42.8587,0,0,4.91234,6128.37,0
7.01926,40.3052,0,0,4.59387,5742.09,0
7.04246,31.7459,0,0,3.56064,4507.79,0
7.06991,17.4793,0,0,1.85693,2472.35,0
7.09566,3.65164,0,0,0.199739,514.63,0
7.12231,4.07528,0,0,0.250512,572.186,0
7.14876,19.3139,0,0,2.0768,2701.71,0
7.17908,3.12076,0,0,0.134899,434.702,0
7.20212,7.17492,0,0,0.619263,996.223,0
7.22379,2.01003,0,0,0.000269776,278.251,0
7.24525,4.43093,0,0,0.290329,611.564,0
7.27265,13.0663,0,0,1.32435,1796.63,0
7.29675,33.7397,0,0,3.80322,4623.93,0
7.32234,37.1683,0,0,4.21139,5076.01,0
7.34683,37.6585,0,0,4.27189,5125.81,0
7.37081,23.7779,0,0,2.60557,3225.95,0
7.4033,29.1096,0,0,3.24843,3931.97,0
7.43109,21.4256,0,0,2.32389,2883.24,0
7.45073,14.3712,0,0,1.47668,1928.84,0
7.4772,2.67664,0,0,0.0751256,357.973,0
7.49732,3.67406,0,0,0.194663,490.05,0
7.51848,10.5311,0,0,1.01783,1400.69,0
7.54341,11.1516,0,0,1.09288,1478.33,0
7.57428,7.7052,0,0,0.67884,1017.29,0
7.59871,2.05782,0,0,0.0020221,270.812,0
7.62915,6.09985,0,0,0.484596,799.544,0
7.65768,2.90152,0,0,0.101288,378.903,0
7.68774,18.1057,0,0,1.92345,2355.14,0
7.71238,20.6299,0,0,2.23371,2674.9,0
7.73647,18.3751,0,0,1.95961,2375.12,0
7.76138,4.2315,0,0,0.264549,545.2,0
7.78865,2.3251,0,0,0.0358024,298.524,0
7.81639,13.5583,0,0,1.38206,1734.6,0
7.83755,29.1086,0,0,3.23773,3714,0
7.86508,25.5371,0,0,2.8136,3246.9,0
7.89055,8.90044,0,0,0.819253,1127.99,0
7.91559,2.06635,0,0,0.000212228,261.049,0
7.93539,6.03026,0,0,0.475272,759.919,0
7.9621,21.4866,0,0,2.33107,2698.61,0
7.98702,23.701,0,0,2.59342,2967.44,0
8.01254,25.863,0,0,2.85433,3227.82,0
8.03867,16.8817,0,0,1.77584,2100.06,0
8.06297,3.89729,0,0,0.219702,483.357,0
8.08687,3.27678,0,0,0.145336,405.197,0
8.1126,16.0761,0,0,1.67929,1981.63,0
8.1367,5.94011,0,0,0.465565,730.04,0
8.16125,2.22886,0,0,0.0207745,273.103,0
8.18511,10.2755,0,0,0.985136,1255.39,0
8.21202,24.9191,0,0,2.74218,3034.47,0
8.2373,20.3093,0,0,2.18613,2465.53,0
8.26623,10.3547,0,0,0.99439,1252.66,0
8.29457,2.05847,0,0,0.000110931,248.17,0
8.32129,9.75675,0,0,0.922722,1172.5,0
8.34902,6.04353,0,0,0.480997,723.861,0
8.37062,2.07619,0,0,0.00552679,248.033,0
8.39576,9.85536,0,0,0.937831,1173.85,0
8.42097,21.8398,0,0,2.37324,2593.5,0
8.44372,43.7651,0,0,5.00982,5183.15,0
8.46653,27.1835,0,0,3.02147,3210.7,0
8.4934,23.5258,0,0,2.58245,2769.9,0
8.51914,8.06724,0,0,0.731249,946.955,0
8.54672,4.82575,0,0,0.342704,564.632,0
8.57126,3.75182,0,0,0.213251,437.72,0
8.59595,3.41629,0,0,0.173039,397.43,0
8.622,17.0061,0,0,1.80172,1972.4,0
8.64655,17.1447,0,0,1.81753,1982.83,0
8.67415,3.10238,0,0,0.134608,357.658,0
8.70008,4.55067,0,0,0.308181,523.06,0
8.72487,16.5165,0,0,1.74315,1893.04,0
8.75083,3.28615,0,0,0.15754,375.524,0
8.77682,4.29081,0,0,0.277945,488.879,0
8.8057,22.1167,0,0,2.41432,2511.64,0
8.82926,33.0972,0,0,3.71531,3748.59,0
8.85144,35.8806,0,0,4.04066,4053.64,0
8.87949,23.8339,0,0,2.5972,2684.15,0
8.90305,20.2041,0,0,2.17045,2269.35,0
8.92921,33.634,0,0,3.77624,3766.74,0
8.95919,51.2583,0,0,5.88996,5721.31,0
8.98237,40.4074,0,0,4.58614,4498.52,0
9.01243,41.9448,0,0,4.76467,4654.1,0
9.03899,28.2032,0,0,3.11929,3120.18,0
9.06854,36.1533,0,0,4.07125,3986.67,0
9.09608,31.3294,0,0,3.49743,3444.27,0
9.11709,44.7787,0,0,5.11218,4911.52,0
9.14298,32.4414,0,0,3.63928,3548.23,0
9.16473,38.2824,0,0,4.32886,4177.14,0
9.18987,32.4023,0,0,3.62259,3525.87,0
9.21764,41.0543,0,0,4.65974,4453.88,0
9.24381,47.3242,0,0,5.41348,5119.56,0
9.26812,46.5232,0,0,5.31798,5019.71,0
9.29304,41.2172,0,0,4.67842,4435.27,0
9.3228,33.6087,0,0,3.75818,3605,0
9.34929,35.9209,0,0,4.03184,3842.1,0
9.37337,40.7797,0,0,4.61889,4350.59,0
9.39729,34.5788,0,0,3.87573,3679.65,0
9.42435,50.8567,0,0,5.82421,5396.31,0
9.44798,52.5757,0,0,6.03132,5564.76,0
9.47539,50.9218,0,0,5.81333,5374.11,0
9.49818,63.8685,0,0,7.33013,6724.29,0
9.52195,67.003,0,0,7.6939,7036.7,0
9.54628,63.6637,0,0,7.29955,6668.95,0
9.57023,54.0777,0,0,6.1306,5650.62,0
9.59707,61.0197,0,0,6.96441,6358.16,0
9.6256,69.4691,0,0,7.9575,7217.12,0
9.65018,62.1977,0,0,7.09798,6445.24,0
9.67932,64.3321,0,0,7.32391,6646.34,0
9.6989,70.1908,0,0,8.00216,7236.99,0
9.72566,68.6391,0,0,7.81355,7057.52,0
9.74756,68.6898,0,0,7.81365,7046.87,0
9.77339,61.8173,0,0,6.98484,6325.06,0
9.79565,60.9671,0,0,6.88775,6223.89,0
9.81717,66.9282,0,0,7.61389,6817.47,0
9.83891,65.1546,0,0,7.39737,6622.14,0
9.86113,65.7923,0,0,7.45148,6671.89,0
9.88673,64.9384,0,0,7.34219,6568.24,0
9.91313,60.8025,0,0,6.83259,6133.53,0
9.93577,48.4243,0,0,5.34882,4873.73,0
9.95947,62.8799,0,0,7.10605,6313.58,0
9.97992,71.9069,0,0,8.2083,7205.16,0
10.0002,64.2692,0,0,7.25994,6426.8,0
10.0005,64.8645,0,0,7.33129,6486.1,0
