0.15181,3615.94,-13.1382,16.1937,3.99222,224370,0
0.29344,3604.9,-8.51588,3.48805,5.53821,153681,0
0.435887,3616.9,-29.8957,13.8443,3.66522,75947.2,0
0.579991,3628.71,-21.1291,4.00823,2.31924,36710,0
0.724611,3625.48,-11.1721,10.5301,2.77051,33833.9,0
0.873944,3624.13,-1.90793,-15.9841,2.9325,29603.4,0
1.0085,3642.09,-23.4303,-8.57408,0.751697,7848.25,0
1.15051,3636.2,-48.6226,-17.1436,1.119,11998.1,0
1.28267,3614.62,-60.5467,-20.5277,3.39068,27581.3,0
1.42819,3590.57,-81.8989,-18.8656,5.76934,41613.2,0
1.57111,3582.34,-87.2696,-26.8851,6.53599,43063.3,0
1.65106,3584.38,-94.6975,-32.2144,5.89677,39746.8,0
