0.142197,3646.65,-37.8352,-54.9885,0.18576,23540.9,0
0.290289,3636.19,-14.8947,-46.4317,1.59741,47571.7,0
0.431857,3622.31,-12.2879,-49.8144,3.17039,64119.3,0
0.578251,3627.51,-21.997,-46.8284,2.54025,38890.7,0
0.72016,3632.33,-31.7084,-31.7747,2.08301,24537.3,0
0.863548,3627.96,-45.0822,-29.9641,2.43511,25521.6,0
1.01116,3621.89,-52.9402,-30.6997,3.00383,27798.7,0
1.15341,3632,-59.8065,-20.2661,1.80518,15608.1,0
1.29431,3619.15,-62.1593,-23.1392,3.21829,23833.8,0
1.43983,3616.78,-77.0637,-13.229,3.22533,23071.5,0
1.58139,3616.71,-84.5079,-26.6734,2.94099,21051.1,0
1.72891,3618.23,-93.9374,-28.7725,2.48294,18378,0
1.7629,3612.26,-94.7084,-32.758,3.09366,21409,0
