0.153638,3639.85,6.46342,-73.6064,0.795602,66057.3,0
0.293946,3630.41,13.5143,-85.9003,1.51968,66651,0
0.438889,3605.1,2.79482,-80.9529,4.53973,102305,0
0.579177,3611.52,17.131,-76.5782,3.84423,66446.6,0
0.719045,3629.16,17.804,-75.7706,1.83171,28988.5,0
0.86236,3648.55,17.006,-57.9417,0.0745605,1684.29,0
1.0047,3643.54,5.88713,-53.0855,0.702434,6428.39,0
1.14855,3636.95,14.5494,-64.87,1.20343,11363.6,0
1.29713,3626.43,27.5873,-57.0643,2.4292,18172.8,0
1.44164,3607.75,31.6447,-61.3004,4.5164,29310.3,0
1.57862,3603.99,28.3433,-57.0947,5.10564,29145.8,0
1.7214,3605.52,29.3983,-42.801,5.18762,25839.1,0
1.86803,3595.91,9.71767,-27.2619,6.98614,28954.3,0
2.01824,3595.24,-8.46439,-27.2528,7.05922,27132.1,0
2.15969,3592.88,-15.0367,-23.603,7.38677,26447,0
2.30432,3597.44,-16.052,-23.7541,6.64126,22808,0
2.44788,3604.74,-12.4244,-25.5255,5.53937,18490,0
2.58239,3592.74,-9.4697,-20.2213,7.37328,22174.4,0
2.7328,3585.75,-7.89739,-15.661,8.51121,23509,0
2.87652,3581.05,4.05567,-14.4261,9.158,23970.6,0
3.01509,3563,15.6312,-13.3707,12.2838,28853.7,0
3.16165,3571.3,-2.89534,-4.81201,10.6072,24893,0
3.30257,3580.75,-15.4409,1.26977,8.67773,20968.3,0
3.449,3580.88,-5.58934,-4.05895,8.679,20040.9,0
3.58609,3572.79,-5.39275,-3.46781,10.007,21531.4,0
3.7248,3578.37,-4.78263,4.21599,8.8466,19230.9,0
3.86361,3578.57,6.85551,2.23615,8.71935,18488.8,0
4.00016,3574.09,8.82929,-1.02625,9.38096,18975.8,0
4.13927,3580.38,16.5313,3.37657,8.00585,16820,0
4.28033,3571.82,21.8223,0.362852,9.37436,18263.9,0
4.42748,3573.46,34.4206,8.76849,8.55465,17286.9,0
4.56852,3599.74,35.7836,23.8875,4.18331,11001.5,0
4.71001,3593.81,43.5739,10.2766,4.97897,11930.5,0
4.85505,3587.28,40.0692,16.1283,5.97617,12917.8,0
5.00421,3582.68,30.5309,26.984,6.70382,13453.5,0
5.14938,3584.55,16.8617,38.2563,6.33461,12710.4,0
5.29233,3581.26,24.7436,42.9622,6.57708,12987.9,0
5.43431,3590.25,11.8813,42.6254,5.39112,10994.6,0
5.5849,3619.49,11.6472,33.4967,1.54102,5463.73,0
5.73821,3612.71,13.2325,66.9331,1.73081,6499.32,0
5.88162,3618.7,17.7285,58.4445,1.16823,5321.1,0
6.02265,3608.36,24.8767,34.7174,2.84094,6914.11,0
6.16877,3599.21,23.8657,51.9815,3.73575,8234.18,0
6.30811,3602.79,21.4773,42.1277,3.45776,7483.64,0
6.44527,3615.31,19.4581,37.0658,1.92011,5381.61,0
6.59368,3603.66,47.1463,42.0407,2.94332,7028.33,0
6.73919,3583.14,60.3902,31.9231,5.5372,9921.07,0
6.88383,3577.77,75.9339,48.9441,5.31296,10492.6,0
7.03542,3585.81,76.1685,37.2778,4.42767,9124.09,0
7.17621,3593.86,85.9746,49.2791,2.83399,7823.22,0
7.17784,3593.18,87.1135,49.6236,2.87115,7915.91,0
