0.14098,3636.67,1.72708,-52.4285,1.6672,94542.4,0
0.287908,3634.01,28.4027,-48.9438,1.88969,55541.6,0
0.432831,3622.1,35.2899,-30.8375,3.45345,64470.4,0
0.579735,3638.72,36.7981,-29.3409,1.50368,19453.7,0
0.73029,3621.76,48.37,-48.0769,3.0423,38674.8,0
0.870629,3622.05,65.1731,-42.0574,2.79255,32100.7,0
1.01502,3618.38,75.451,-29.4851,3.1233,31150.9,0
1.16613,3621.14,62.7469,-22.916,3.12855,24747.6,0
1.30658,3630.33,84.907,-4.23725,1.67362,15055.1,0
1.45202,3640.66,84.1137,-20.4977,0.559548,6435.48,0
1.58985,3628.44,69.3773,-22.9897,2.15851,13562.5,0
1.72078,3619.09,39.9117,-30.2066,3.71871,17961.6,0
1.85972,3614.14,33.548,-35.6297,4.34563,19281.1,0
1.99973,3606.33,12.4896,-30.3981,5.64604,21837.7,0
2.1376,3615.65,22.9891,-22.952,4.37436,16067.8,0
2.27498,3610.43,15.7298,-25.5874,5.08665,17394.1,0
2.4173,3592.59,16.5452,-23.5293,7.63197,23747.9,0
2.56692,3598.14,27.1675,-19.5891,6.64238,20202.7,0
2.70798,3590.48,35.7309,-10.2213,7.66391,21977.8,0
2.852,3592.2,28.0206,-16.9029,7.37875,20266.6,0
2.99485,3586.71,42.8153,-0.0228494,7.88786,21132.5,0
3.13457,3589.51,42.0496,6.44905,7.41522,19299.3,0
3.27963,3602.49,43.0588,-0.946318,5.57001,14487.2,0
3.42787,3603.66,76.1651,16.1344,4.43884,13519,0
3.56826,3623.77,77.1767,20.5169,2.03539,7349.86,0
3.70676,3627.36,58.0823,37.1809,1.87742,6109.09,0
3.84883,3614.91,64.1202,42.8638,3.1103,9116.26,0
3.98998,3611.23,65.0276,68.2423,3.02941,9716.9,0
4.13894,3621.56,28.7876,64.2073,2.47408,6871.87,0
4.27988,3607.97,36.4607,47.6929,4.35993,9821.07,0
4.43376,3601.19,50.121,51.5408,4.90707,11009.8,0
4.58542,3614.46,65.8169,42.8994,3.10866,7751.39,0
4.7297,3596.2,52.2401,39.8704,5.74222,11375.2,0
4.87089,3596.93,43.0888,52.6543,5.56798,10894.9,0
5.01487,3583.04,58.8957,54.5829,6.90972,13351.7,0
5.15433,3605.73,40.196,57.8282,4.2744,8589.32,0
5.29871,3615.5,43.2376,46.5093,3.23761,6510.72,0
5.44735,3608.77,48.7164,75.54,3.30636,7569.06,0
5.50893,3614.36,50.5477,87.1189,2.32839,6469.49,0
