0.138065,3637.91,-4.91149,30.0092,1.63934,87595.9,0
0.285355,3605.5,-29.0226,28.792,5.51592,155957,0
0.426438,3599.08,-47.8904,30.3748,6.00002,119403,0
0.568533,3590.23,-44.7251,32.6808,7.17981,105125,0
0.705308,3605.29,-35.0895,39.0357,5.13585,63393.8,0
0.850637,3596.84,-32.2635,30.5593,6.4436,62493.8,0
0.998322,3593.9,-32.6669,9.06003,7.04533,56190.9,0
1.145,3589.91,-33.9924,16.3642,7.42011,52484.2,0
1.2898,3585.42,-40.6929,7.30753,7.89457,50069.8,0
1.43357,3571.37,-37.7832,16.9105,10.0543,54848.6,0
1.58161,3570.8,-32.1765,-2.07291,10.2794,50077.2,0
1.71825,3580.62,-42.1211,-11.9318,8.04041,40379.1,0
1.85353,3581.5,-56.56,-29.0171,7.11562,36954.4,0
1.99429,3570.63,-69.1553,-32.4962,8.00221,39799.7,0
2.13783,3580.59,-78.1673,-33.3705,6.14663,32468.7,0
2.29237,3575.59,-82.7004,-34.9284,6.53339,32460.5,0
2.44272,3568.91,-64.0049,-44.1791,7.97282,33197.5,0
2.58934,3566.43,-67.1015,-27.1234,8.52025,32275.5,0
2.73106,3561.09,-75.6484,-30.8887,8.75684,32555,0
2.87151,3540.65,-61.9707,-34.3804,1.03158,38081.3,0
3.01106,3528.31,-44.1997,-41.7305,4.31741,40415.6,0
3.15618,3521.96,-27.3109,-60.2763,4.99495,40569.1,0
3.29413,3527.57,-18.981,-49.4285,5.27403,37164.8,0
3.44369,3523.23,-17.8456,-35.8625,7.82525,36811.3,0
3.58353,3515.26,-29.4885,-32.6157,9.29915,37598.7,0
3.73304,3505.3,-26.6491,-28.2996,13.2062,38762.8,0
3.88433,3481.48,-29.7395,-9.46817,1.16508,43385.2,0
4.02718,3486.87,-15.2892,13.1512,5.54856,40506.5,0
4.17001,3481.41,-17.018,12.3528,7.49446,40429.4,0
4.31116,3480.51,-20.5715,14.04,5.04412,39314.8,0
4.45022,3467.86,-27.1095,5.89255,8.11129,40928.8,0
4.59578,3456.38,-17.5948,24.5803,10.1641,42130.9,0
4.62109,3449.84,-21.9093,26.5845,9.19496,43314.5,0
