0.157814,3640.18,20.758,-25.0994,0.890908,62251.1,0
0.316587,3636.5,13.0567,-12.5347,1.30591,42646.7,0
0.475153,3624.15,14.6962,-9.22695,2.42462,54410,0
0.635645,3627.77,21.1612,-17.0417,1.99826,34974.5,0
0.794499,3639.82,28.4361,-27.191,0.835274,12813.7,0
0.955973,3639.94,30.7414,-30.7107,0.778669,10518.4,0
1.11344,3642.14,37.244,-27.6716,0.560899,7058.68,0
1.27536,3637.13,29.5064,-18.968,1.08858,10090.4,0
1.43591,3634.15,19.6864,-5.48527,1.42739,11041.5,0
1.59573,3627.3,25.0554,0.689087,2.01144,14224.6,0
1.75395,3623.65,24.7381,6.05708,2.30858,15023.3,0
1.91554,3613.31,22.1916,10.0865,3.25644,19152.9,0
2.07719,3607.67,16.646,7.28542,3.79952,20379.6,0
2.23861,3616,20.8797,4.96108,2.84605,15189.4,0
2.39862,3610.77,21.1622,3.1217,3.3324,16356.5,0
2.55774,3612.86,19.5423,8.75189,3.12206,14521.3,0
2.71664,3622.91,19.7132,11.3136,2.14325,9970.83,0
2.87487,3623.7,23.7095,3.59689,2.03656,9148.73,0
3.03631,3618.41,17.0304,4.16982,2.52842,10405.5,0
3.19615,3609.55,19.2122,4.9989,3.27685,12656.5,0
3.3539,3608.06,13.6217,2.1744,3.36521,12506.1,0
3.51203,3608.88,14.0764,-4.79001,3.15156,11709.4,0
3.67215,3618.19,3.26502,-6.44939,2.19791,8662.22,0
3.83263,3611,-7.81461,-1.19124,2.85105,10175.6,0
3.9912,3604.7,-5.99132,-8.01672,3.4471,11348.8,0
4.1491,3605.64,-7.82197,-3.24412,3.25883,10691.7,0
4.30808,3598.74,-15.8977,-5.14767,3.88015,11898.3,0
4.46875,3604.04,-24.4803,3.59377,3.13965,10283.9,0
4.63047,3605.87,-26.4239,1.92008,2.89634,9529.95,0
4.79051,3606.56,-22.7649,-1.85784,2.78962,9068.1,0
4.95262,3605.56,-22.7357,-1.98374,2.88865,8973.34,0
5.11131,3611.76,-28.0465,5.45934,2.15419,7482.04,0
5.27023,3617.39,-18.4094,2.44584,1.67546,6187.05,0
5.4283,3609.82,-7.58926,-6.09939,2.47091,7401.27,0
5.59007,3622.34,-1.16077,-3.38523,1.20142,4948.66,0
5.74851,3621.9,-0.204912,-5.30073,1.23543,4888.14,0
5.90613,3624.27,9.79258,-6.14442,0.984195,4357.17,0
6.06627,3629.25,-1.38666,-13.6966,0.506979,3421.09,0
6.22458,3630.23,7.22779,-2.2312,0.430193,3176.07,0
6.3845,3626.68,14.9081,-13.187,0.706213,3651.99,0
6.5447,3631.73,10.4129,-10.668,0.26273,2791.66,0
6.70475,3622.44,9.39601,-21.1406,1.09256,4110.72,0
6.86389,3617.39,16.538,-17.3623,1.55937,4750.34,0
7.02273,3615.04,18.3265,-25.2384,1.70694,4978.13,0
7.18407,3620.25,25.6225,-36.5704,1.06401,4140.41,0
7.34349,3629,33.2439,-39.4656,0.186475,2859.86,0
7.50061,3630.17,17.8176,-44.9401,0.122154,2644.27,0
7.66334,3623.47,13.638,-49.4039,0.673693,3462.57,0
7.82023,3620.9,17.5543,-44.6919,0.948691,3721.55,0
7.98184,3614.61,32.7102,-46.4795,1.38882,4434.04,0
8.14233,3615.14,34.0681,-37.3366,1.43351,4281.73,0
8.3059,3616.79,28.9664,-35.8183,1.32013,3998.73,0
8.46113,3626.63,22.6825,-16.1634,0.586888,2761.67,0
8.61747,3627.53,26.3463,-3.90209,0.512518,2607.83,0
8.77792,3632.13,23.4256,1.56413,0.12243,2036.02,0
8.93756,3620.38,35.2693,-1.57491,1.11195,3314.08,0
9.09816,3613.95,30.9314,-2.7543,1.75444,3962.32,0
9.25675,3617.33,32.4898,-0.236111,1.39765,3529.52,0
9.41796,3622.63,34.1969,-7.18424,0.881197,2905.91,0
9.5772,3616.15,34.1181,-7.18121,1.4976,3534.81,0
9.7384,3620.46,34.17,-20.1018,1.03348,3033.22,0
9.90254,3607.44,28.9334,-21.1232,2.37308,4297.39,0
10.0602,3607.18,29.074,-23.6918,2.30719,4256.78,0
10.2176,3610.92,26.1403,-35.9234,1.80833,3824.72,0
10.3779,3606.64,24.162,-48.9134,2.02052,4177.64,0
10.5432,3606.16,27.8109,-49.5913,1.99039,4157.93,0
10.7036,3601.21,28.9225,-43.6676,2.52285,4558.21,0
10.8644,3613.72,28.0061,-48.1305,1.21916,3339.43,0
11.0266,3615.7,26.5695,-47.8764,1.03141,3110.54,0
11.1902,3609.72,24.0466,-48.4961,1.59332,3599.37,0
11.3496,3621.9,21.533,-58.3497,0.335514,2475.47,0
11.5123,3625.43,16.7129,-54.3173,0.101237,2134.54,0
11.6759,3613.03,11.8414,-45.8536,1.38559,3166.46,0
11.835,3608.05,19.0641,-43.5468,1.85448,3544.49,0
11.9925,3610.99,12.7735,-47.6429,1.53144,3252.68,0
12.1492,3608.98,13.1767,-52.9699,1.6546,3375.97,0
12.311,3612.77,-5.11046,-54.49,1.26206,3024.43,0
12.4654,3599.14,-13.0228,-55.948,2.48119,4080.5,0
12.6274,3598.65,-29.3866,-52.7196,2.40991,4066.76,0
12.7878,3583.3,-37.79,-60.9293,3.7109,5216.24,0
12.9488,3588.69,-44.4413,-59.7538,3.02433,4735.14,0
13.1119,3591.89,-43.4758,-65.023,2.57387,4431.98,0
13.27,3589.81,-47.1026,-53.5512,2.90364,4536.15,0
13.4294,3590.61,-48.5197,-47.9674,2.84047,4422.07,0
13.5882,3585.82,-45.1624,-49.1024,3.33231,4723.21,0
13.7468,3578.02,-45.2384,-51.2248,4.10333,5236.26,0
13.9075,3569.48,-51.3175,-45.5315,4.962,5789.69,0
14.0671,3568.26,-50.8415,-41.5376,4.95166,5810.86,0
14.2277,3558.1,-46.9799,-45.4841,5.85212,6458.89,0
14.3887,3556.23,-48.0961,-34.8376,6.21836,6517.2,0
14.5497,3556.04,-46.9687,-35.4381,5.8626,6458.06,0
14.7098,3552.16,-45.7663,-41.8876,5.9686,6651.27,0
14.8682,3546.79,-40.1918,-43.9712,6.36992,6941.48,0
15.0283,3548.21,-42.3105,-45.6464,5.75792,6773.13,0
15.1889,3553.93,-49.9851,-42.2853,4.52886,6325.06,0
15.3475,3552.62,-56.4196,-38.1723,4.41106,6345.05,0
15.5101,3560.85,-61.7941,-39.1145,2.97654,5747.89,0
15.6724,3555.18,-58.8089,-28.0209,4.00276,6050.16,0
15.8308,3549.49,-59.641,-25.4876,4.6877,6349.2,0
15.994,3556.66,-58.4027,-23.9799,3.65765,5835.94,0
16.1546,3557.24,-52.3834,-26.082,3.74139,5741.81,0
16.3114,3557.03,-55.7,-24.5566,3.60511,5699.97,0
16.4725,3568.82,-58.9061,-21.9955,2.08572,4928.29,0
16.6345,3572.98,-69.0856,-16.2188,1.30965,4630.13,0
16.7936,3569.32,-67.0188,-15.5766,1.80372,4803.94,0
16.9519,3569.68,-64.0412,-12.3479,1.87253,4738,0
17.1121,3556.32,-64.9281,-8.40928,3.49654,5474.59,0
17.2727,3559.67,-61.1028,-11.9095,3.08968,5229.48,0
17.4322,3558.27,-49.5611,-14.8388,3.67095,5262.16,0
17.5908,3561.27,-53.895,-12.2755,2.99758,5044.1,0
17.7467,3567.93,-44.4792,-17.4022,2.35185,4624.55,0
17.9063,3568.26,-40.9159,-12.4694,2.41706,4564.69,0
18.0627,3569.31,-42.0741,-14.2487,2.18786,4467.16,0
18.2229,3575,-39.1519,-18.8886,1.45882,4115.75,0
18.3796,3576.38,-34.4649,-22.5199,1.33115,4005.74,0
18.5407,3572.95,-32.7516,-15.0825,1.9153,4155.67,0
18.7022,3567.1,-36.1853,-20.8436,2.50868,4432.74,0
18.8627,3569.45,-34.6719,-21.7697,2.20391,4270.33,0
19.0221,3568.29,-29.9301,-17.1348,2.50652,4295.6,0
19.1796,3569.95,-34.0319,-19.8148,2.14034,4173.58,0
19.341,3561.09,-39.3084,-11.5759,3.24789,4596.81,0
19.4995,3566.16,-43.2388,-7.74383,2.41755,4299.5,0
19.6568,3566.51,-43.9367,-13.4156,2.25818,4247.39,0
19.8175,3566.7,-52.6067,-16.1165,1.94244,4203.55,0
19.9789,3566.47,-56.5355,-18.723,1.80312,4181.11,0
20.139,3562.38,-55.3692,-4.11702,2.45607,4351.01,0
20.2969,3562.54,-52.2856,1.6081,2.53658,4308.99,0
20.457,3569.32,-56.6228,0.783176,1.49746,3944.11,0
20.6137,3564.58,-57.2665,-0.779505,2.04892,4143.94,0
20.7734,3567.57,-54.4306,-17.7295,1.66132,3968.26,0
20.9289,3568.59,-50.2346,-8.90154,1.73413,3889.74,0
21.0869,3561.81,-58.4947,-13.1411,2.25208,4182.27,0
21.2485,3552.29,-59.9768,-12.7802,3.45391,4598.65,0
21.408,3552.25,-55.4404,-13.515,3.57988,4566.11,0
21.5698,3562.52,-59.1184,-8.30658,2.09263,4055.85,0
21.7296,3564.3,-56.0481,-3.59286,1.97897,3943.79,0
21.8855,3556.95,-61.9198,-5.87365,2.62019,4251.74,0
22.0472,3560.58,-71.1631,-14.5009,1.67583,4055.95,0
22.2067,3565.01,-78.6038,-7.76053,0.887411,3827.39,0
22.366,3561.78,-87.7234,-10.4265,0.852805,3944.18,0
22.526,3551.32,-88.8749,-4.9765,1.95407,4380.58,0
22.6929,3549.87,-83.6909,-6.14527,2.35134,4412.41,0
22.8571,3540.96,-80.3141,-1.96707,3.61815,4770.32,0
23.0147,3539.97,-75.1018,-2.63342,3.91897,4780.94,0
23.1739,3535.3,-75.4534,-16.2819,4.33428,4949.46,0
23.3315,3531.58,-82.8496,-15.8653,4.12173,5075.58,0
23.496,3533.46,-83.0597,-21.1952,3.78204,4960.19,0
23.6564,3528.15,-81.2295,-23.1404,4.32401,5150.86,0
23.8171,3523.49,-80.3242,-13.4484,4.99617,5311.85,0
23.9779,3530,-84.5636,-8.1516,3.74948,5004.58,0
24.1372,3540.23,-85.4125,-7.77822,2.31941,4547.56,0
24.2969,3540.85,-95.5549,-12.0616,1.61759,4492.32,0
24.4588,3553.19,-99.3868,-11.0755,0.0705395,3958.14,0
