0.157771,3648.25,44.1486,-27.0821,0.107893,11068.1,0
0.318141,3640.32,42.392,-30.7045,0.754099,30432.7,0
0.476268,3643.65,32.54,-43.0703,0.461735,13335.6,0
0.636617,3625.64,31.2091,-41.2489,2.02781,38266.4,0
0.794325,3632.61,28.2566,-49.1914,1.35383,21893.2,0
0.956616,3629.87,35.0974,-40.1645,1.61552,21045.6,0
1.11701,3641.22,26.7009,-43.2952,0.669335,7856.71,0
1.2777,3633.31,30.4035,-33.2415,1.38542,13066.3,0
1.44032,3644.76,20.4944,-24.9044,0.514348,3636.08,0
1.59985,3642.74,12.4514,-15.6971,0.752155,4534.97,0
1.75702,3634.65,22.5458,-12.7804,1.43545,8736.49,0
1.92006,3623.81,23.4503,-10.4695,2.41929,13641.2,0
2.08106,3619.09,27.0226,-18.4127,2.75791,14851.2,0
2.2433,3615.31,23.1554,-23.378,3.10902,15465.5,0
2.40242,3620.43,19.5715,-25.8854,2.50175,12308.5,0
2.56421,3629.47,17.7766,-20.4513,1.7256,8006.64,0
2.72429,3633.16,26.6482,-11.1439,1.37486,6182.62,0
2.88454,3633.87,25.914,-4.87254,1.3073,5590.43,0
3.04643,3630.59,30.9654,-7.98834,1.56214,6370.8,0
3.20938,3634.29,24.6692,-19.7547,1.22696,4896.18,0
3.37135,3630.36,23.5224,-11.3794,1.60516,5824.33,0
3.53058,3625.58,22.9973,-2.28379,2.06597,6915.4,0
3.68785,3619.47,25.2755,-10.1281,2.58344,8277.89,0
3.84843,3622.49,25.6661,-15.462,2.2784,7147.98,0
4.00889,3629.69,30.5442,-8.12968,1.5488,5066.77,0
4.16878,3632.96,21.5846,-8.82712,1.29112,4087.88,0
4.32793,3639.71,13.1611,-4.95629,0.740281,2378.26,0
4.49153,3634.41,9.79394,2.65607,1.20788,3471.71,0
4.65025,3620.22,17.3124,-2.27372,2.4871,6403.5,0
4.80951,3615.47,29.2616,-5.3592,2.84502,7179.18,0
4.96933,3614.2,26.3526,-11.1047,2.90089,7204.34,0
5.12867,3618.92,32.2994,-11.9885,2.34919,6059.91,0
5.28706,3626.03,36.3726,-13.2146,1.61938,4534.45,0
5.44816,3622.07,40.6353,-12.5148,1.92819,5125.69,0
5.60454,3624.07,41.3716,-6.559,1.7117,4627.17,0
5.76319,3626.62,41.8339,1.45607,1.47654,4056.12,0
5.9211,3631.57,38.7956,16.0797,1.03174,3112.27,0
6.08302,3631.35,27.8714,18.3323,1.14118,3065.91,0
6.23943,3630.6,25.9892,13.899,1.23597,3109.88,0
6.39973,3622.77,29.4839,7.67197,1.95304,4255.21,0
6.55989,3617.03,30.5799,6.86216,2.48599,5026.17,0
6.71963,3612.12,31.3569,0.868984,2.95956,5636.71,0
6.87849,3611.02,30.4558,-3.95736,3.05415,5667.59,0
7.03911,3620.36,28.0248,-4.03516,2.13535,4211.25,0
7.20231,3621.44,31.751,-2.3171,2.00465,3965.2,0
7.36563,3636.07,26.0367,-0.921379,0.713121,1891.39,0
7.52666,3634.83,31.0962,-10.2653,0.778079,2014.94,0
7.68659,3642.01,30.6514,-10.9612,0.169237,1039.64,0
7.84343,3637.74,30.6014,-8.51787,0.535836,1563.01,0
8.0062,3625.55,34.5765,-20.9828,1.53305,3054.2,0
8.16391,3620.11,31.5979,-27.5998,1.99388,3660.7,0
8.32525,3624.83,29.8321,-23.7501,1.58683,3023.26,0
8.48588,3623.94,42.8003,-23.5635,1.54077,3070.65,0
8.64657,3628.57,43.2286,-36.7227,1.01767,2478.85,0
8.80687,3635.24,36.4263,-41.2657,0.468746,1676.52,0
8.96684,3633.79,27.6212,-44.2075,0.627801,1808.26,0
9.12722,3629.4,27.5479,-40.1058,1.04471,2256.59,0
9.28839,3628.21,34.0125,-40.9756,1.084,2345.51,0
9.44754,3636.43,38.4047,-29.3742,0.432249,1436.29,0
9.60717,3623.96,52.0477,-25.879,1.39087,2710.2,0
9.76374,3622.13,49.4373,-39.6526,1.46455,2854.29,0
9.92277,3613.82,55.8088,-38.0912,2.08395,3646.08,0
10.0847,3606.94,70.2482,-40.0883,2.45321,4269.68,0
10.2458,3604.94,64.3356,-57.5619,2.4638,4398.35,0
10.4055,3603.58,67.5167,-63.7642,2.42232,4461.16,0
10.5649,3601.79,65.7479,-64.6064,2.52509,4563.28,0
10.7254,3604.14,62.991,-71.2022,2.23494,4275.61,0
10.8843,3611.18,55.5687,-62.846,1.88023,3566.18,0
11.043,3623.23,66.0273,-59.5812,0.749232,2423.86,0
11.2047,3620.9,70.5334,-57.2819,0.898672,2596.79,0
11.3652,3615.92,74.2416,-55.2453,1.26188,2998.81,0
11.5237,3623.35,69.0869,-51.2265,0.762253,2312.32,0
11.5775,3623.62,80.8797,-58.8296,0.461318,2278.66,0
