0.157913,3641.4,25.3964,8.37157,0.701246,54476.3,0
0.320431,3644.48,23.7004,-4.61086,0.458671,17222.3,0
0.481001,3637.4,16.5311,-13.1805,1.07885,26203.6,0
0.639151,3645.48,19.5692,-16.8283,0.361859,7073.78,0
0.799422,3642.21,21.9831,-19.9742,0.61237,9744.22,0
0.958082,3643.33,14.1555,-1.18454,0.594026,6963.33,0
1.1173,3644.96,14.8493,-7.83517,0.456173,4510.76,0
1.27615,3643.04,7.47831,-6.99798,0.641819,5454.28,0
1.43757,3644.37,19.9946,-13.4439,0.478504,3914.94,0
1.60197,3628.03,18.2117,-8.24799,1.92115,13713.5,0
1.75951,3634.02,20.9668,-5.1969,1.3352,9081.53,0
1.91826,3646.68,16.2392,-0.461015,0.274341,1730.3,0
2.0811,3636.79,18.0929,9.1212,1.09612,6346.35,0
2.2403,3632.14,32.4541,16.1982,1.41886,7972.82,0
2.40133,3639.99,36.1386,7.70583,0.714477,4166.65,0
2.55982,3636.03,50.0593,31.8192,0.816494,5458.82,0
2.71523,3638.94,61.0602,45.7741,0.344706,4071.84,0
2.87338,3643.56,54.655,32.1643,0.153732,2239.81,0
3.03316,3638.16,53.9462,13.502,0.694437,3904.68,0
3.18956,3630.79,47.2511,5.1534,1.41296,6022.09,0
3.34763,3628.64,42.8775,-10.6252,1.65005,6381.03,0
3.50607,3626.46,45.3481,-15.8337,1.77672,6713.58,0
3.66301,3618.12,55.5962,-11.0326,2.43058,8703.27,0
3.81748,3626.5,46.9701,-5.44077,1.79311,6156.11,0
3.97631,3622.62,42.6039,-13.7097,2.13856,6885.87,0
4.13665,3616.1,58.7747,-19.9945,2.47945,8195.52,0
4.29429,3611.27,58.5048,-21.7011,2.866,9020.12,0
4.45297,3603.41,66.8356,-25.5886,3.37753,10463.8,0
4.61148,3608.41,67.4901,-16.0655,2.86572,9018.21,0
4.7692,3611.5,59.9777,-20.2219,2.64606,8072.25,0
4.92851,3599.22,68.2973,-23.6143,3.56775,10302.3,0
5.0867,3596.93,66.0235,-25.6422,3.77605,10433.6,0
5.24639,3608.73,65.6439,-27.3981,2.55755,7866.82,0
5.40863,3612.72,58.1889,-30.0748,2.27185,6892.53,0
5.5698,3613.83,59.2343,-25.974,2.16248,6494.12,0
5.72992,3606.9,67.8441,-25.1693,2.60678,7521.89,0
5.89146,3608.05,61.2136,-14.7906,2.60713,7119.64,0
6.05105,3604.69,54.4192,-30.8417,2.92108,7488.4,0
6.2135,3605.27,54.8655,-31.2345,2.85434,7199.31,0
6.37056,3599.69,62.3566,-31.7563,3.19159,7896.91,0
6.53273,3592.89,61.2453,-25.4511,3.91627,8742.87,0
6.69076,3592.72,55.6701,-26.7358,3.86998,8560.9,0
6.84833,3586.97,55.5866,-31.8777,4.32219,9203.9,0
7.00907,3584.99,57.603,-36.1743,4.33197,9274.88,0
7.17026,3584.69,61.9648,-37.4693,4.17406,9108.01,0
7.33187,3580.48,54.7705,-28.4104,4.77775,9482.25,0
7.4924,3585.76,46.6698,-26.6138,4.35975,8573.86,0
7.65026,3587.21,43.9028,-31.2642,4.13011,8207.08,0
7.81108,3591.19,41.6103,-34.6547,3.60446,7528.8,0
7.97136,3596.46,48.9163,-40.1263,2.86294,6716.38,0
8.12946,3597.47,58.7714,-38.8081,2.51718,6461.7,0
8.29036,3596.69,53.8333,-39.5652,2.67137,6430.29,0
8.45021,3598.61,59.8764,-39.9077,2.33327,6081.48,0
8.6091,3590.14,64.8345,-44.2558,2.9309,6953.47,0
8.77068,3598.13,75.7074,-43.1289,1.84368,5913.66,0
8.92987,3593.87,71.4599,-48.1045,2.28506,6286.14,0
9.08914,3593.4,62.2474,-57.4453,2.32824,6227.09,0
9.25008,3587.2,61.8724,-58.5531,2.90858,6788.74,0
9.41049,3582.87,61.1828,-52.5083,3.43641,7133.06,0
9.56731,3578.23,68.087,-51.0316,3.65953,7501.94,0
9.72904,3580.22,67.6173,-42.7373,3.6083,7172.54,0
9.88542,3577.59,62.5637,-36.6884,4.08456,7324.55,0
10.0456,3576.36,70.419,-34.7595,3.93733,7330.67,0
10.2044,3571.85,83.0342,-36.1032,3.77968,7658.1,0
10.368,3571.23,73.8936,-33.8885,4.0759,7597.65,0
10.5279,3565.47,74.8944,-32.8131,4.67427,8029,0
10.6867,3565.12,75.3426,-24.2922,4.69562,7942.46,0
10.8458,3559.08,74.8023,-22.6769,5.17773,8383.4,0
11.0069,3555.45,78.082,-23.6796,5.1964,8589.8,0
11.1709,3551.74,70.6589,-20.1174,5.91944,8796.08,0
11.3296,3558.74,73.9896,-23.1065,4.57073,8054.88,0
11.4897,3564.71,67.7407,-19.1341,3.88863,7422.9,0
11.649,3567.6,65.5143,-20.7075,3.58374,7073.89,0
11.809,3567.17,72.0591,-21.4287,3.36977,7014.4,0
11.9674,3559.79,73.1002,-26.4306,4.01515,7537.96,0
12.1312,3554.29,70.8326,-30.0338,4.4961,7889.39,0
12.2911,3551.28,71.6007,-35.3217,4.63262,8031.74,0
12.4515,3549.69,76.8094,-39.0995,4.36683,8056.48,0
12.6109,3545.61,70.664,-31.1397,5.2738,8277.65,0
12.7703,3539,70.2653,-31.9154,5.95487,8692.32,0
12.9356,3539.61,69.4105,-35.0081,5.62579,8533.6,0
13.0944,3546.77,63.8309,-38.9636,4.5705,7883.42,0
13.2568,3542.44,63.7561,-41.6847,4.74968,8113.37,0
13.4148,3540.82,65.2812,-40.1748,4.66647,8138.49,0
13.5746,3542.91,64.4107,-34.103,4.48161,7888.63,0
13.7357,3541.33,63.3526,-41.122,4.41477,7911.84,0
13.8956,3545.38,60.4725,-31.9841,4.16185,7528.81,0
14.0553,3542.49,57.6619,-31.0749,4.56418,7648.88,0
14.2144,3537.88,68.7001,-26.7381,4.61629,7887.62,0
14.3756,3538.9,74.8709,-23.7851,4.03325,7728.22,0
14.5348,3541.18,82.0556,-27.1361,3.26949,7486.79,0
14.6933,3538.33,91.7579,-22.3347,3.11465,7600.16,0
14.8542,3531.32,93.322,-29.0475,3.63953,7989.61,0
14.8743,3533.61,95.7148,-28.9666,3.22206,7825.11,0
