0.160032,3640.07,20.6935,0.28589,0.805535,62069.5,0
0.321151,3642.62,17.5444,4.2173,0.599952,22989.7,0
0.484281,3634.8,17.4221,15.7622,1.25339,31379.6,0
0.642453,3634.66,25.0619,13.4931,1.21324,23878.9,0
0.798414,3637.12,18.3876,15.1445,1.03026,16137.4,0
0.958417,3642.55,8.61593,14.9953,0.596859,7770.71,0
1.11713,3637.96,35.7912,8.31245,0.873856,10781.4,0
1.27755,3629.7,46.869,12.771,1.46574,15889.2,0
1.43518,3623.71,52.918,14.6632,1.88321,18318,0
1.59627,3617.41,53.2263,7.1551,2.47236,20417.8,0
1.75321,3616.5,49.6462,9.93249,2.57952,19110.4,0
1.91202,3621.17,45.5322,2.92172,2.2088,15079.8,0
2.07089,3614.88,40.889,-2.12089,2.85277,16957.5,0
2.22694,3615.32,43.7379,-1.62174,2.74088,15573.6,0
2.38356,3616.72,45.8394,-10.5349,2.47215,13963.5,0
2.54401,3609.47,52.3972,-2.61803,3.03358,15931.7,0
2.69996,3606.2,49.9439,-0.356268,3.2327,16222,0
2.8606,3614.72,45.1617,9.06607,2.44384,12333.5,0
3.01831,3613.73,46.9643,13.7465,2.44258,12017.5,0
3.17962,3610.27,53.5913,17.8446,2.57829,12495,0
3.34048,3610.84,67.3228,23.3427,2.23277,11724.1,0
3.50172,3607.65,67.0781,15.1003,2.54104,12095.2,0
3.6631,3607.91,69.1339,15.1299,2.41991,11490.3,0
3.82704,3618.14,68.1586,15.7193,1.4927,8325.43,0
3.98816,3605.61,66.7944,12.3808,2.6782,11130.6,0
4.1473,3609.08,63.795,2.85367,2.41281,9865.47,0
4.30701,3614.6,57.5162,-5.22865,2.0005,8218.53,0
4.46887,3612.8,63.6392,-9.14234,2.0398,8324.88,0
4.62629,3622.19,57.5417,-14.9384,1.25707,6012.35,0
4.78583,3627.1,59.6766,-11.3804,0.795879,4784.74,0
4.94278,3630.25,65.3608,-7.21622,0.452777,3996.54,0
5.10166,3619.23,69.4372,-0.411785,1.34462,6030.93,0
5.26137,3619.64,70.1836,19.7398,1.24176,5770.14,0
5.42579,3630.46,75.5772,24.0692,0.215629,3600.49,0
5.58939,3630.96,65.5872,32.7965,0.270865,3406.82,0
5.75081,3616.54,66.4205,33.224,1.48279,5817.48,0
5.91388,3635.84,55.4222,23.0076,0.0456613,2395.02,0
6.07034,3624.11,65.5472,16.8519,0.936655,4264.41,0
6.23342,3621.27,74.2757,18.2159,1.02986,4609.53,0
6.39302,3626,77.818,23.2398,0.53897,3754.4,0
6.55476,3627.35,69.3715,27.641,0.53752,3456.27,0
6.71417,3616.21,75.0767,28.7198,1.37981,5031.94,0
6.87089,3615.47,76.2967,38.8005,1.31874,5024.9,0
7.02932,3604.57,63.6654,33.6537,2.57197,6463.09,0
7.19054,3606.66,63.686,34.2307,2.35641,6027.46,0
7.35052,3599.19,66.3908,39.2386,2.92489,6912.23,0
7.50935,3599.16,74.9963,30.572,2.8013,6770.89,0
7.671,3600.01,73.388,32.7475,2.66062,6516.99,0
7.83004,3608.98,75.7032,37.4754,1.73989,5239.16,0
7.98728,3602.15,78.1817,50.9192,2.10943,5991.33,0
8.08937,3601.86,83.4336,55.2692,1.94886,5951.46,0
