0.162447,3641.51,-0.15963,-5.00939,0.720911,52275.5,0
0.324872,3638.63,8.79254,11.2111,0.950572,34987.5,0
0.485978,3645.39,-10.9456,17.3213,0.340928,9476.71,0
0.645633,3636.77,-28.3788,21.4745,0.974054,20486.7,0
0.808249,3632.78,-18.5226,13.0944,1.39585,21306.4,0
0.968726,3641.95,-13.5029,14.4085,0.614562,8305.04,0
1.12917,3644.05,-32.8286,4.64539,0.358411,5266.06,0
1.28736,3631.42,-28.8272,10.7447,1.46833,14430.9,0
1.44974,3618.72,-37.6411,16.5932,2.49563,21577,0
1.6091,3613.62,-27.4576,22.5105,3.03586,22610,0
1.77091,3623.43,-30.1077,28.6636,1.99073,15003.1,0
1.93076,3617.64,-16.7708,31.7458,2.55319,16761.9,0
2.0886,3615.52,-13.6335,26.0935,2.73543,16509.5,0
2.24886,3618.09,-26.2125,24.5506,2.35297,14190.6,0
2.41282,3621.01,-25.9001,28.6817,2.02643,12015.3,0
2.57097,3613.41,-33.1329,31.0962,2.64291,14230.1,0
2.72992,3615.27,-32.569,28.331,2.43622,12722.3,0
2.89108,3618.53,-36.878,29.7933,2.03173,10884.8,0
3.05482,3618.2,-30.819,28.9624,2.12607,10409.1,0
3.21514,3611.99,-24.9009,23.4149,2.76491,11820.7,0
3.37532,3607.59,-21.116,20.9284,3.26619,12565.6,0
3.53611,3604.85,-29.3211,21.4417,3.46844,12768.7,0
3.69243,3601.33,-37.6769,26.0317,3.59741,13181.6,0
3.85521,3603.21,-37.8642,21.1305,3.51932,12136.2,0
4.01468,3600.39,-37.9795,14.5504,3.7529,12357.2,0
4.17326,3601.02,-39.6921,2.32898,3.60752,11736.6,0
4.33578,3608.47,-44.13,17.0701,2.61889,9578.94,0
4.49479,3608.25,-45.0709,13.8319,2.61903,9288.75,0
4.65519,3606.45,-44.9451,13.1144,2.80262,9356.06,0
4.81312,3606.58,-46.2441,9.30851,2.74116,9021.57,0
4.97412,3610.28,-43.0858,13.9448,2.29962,7984.5,0
5.13331,3612.34,-45.3574,2.17026,2.03275,7337.18,0
5.28865,3605.73,-44.06,1.09382,2.69563,8371.59,0
5.44897,3608.07,-49.2351,-5.92545,2.30984,7695.48,0
5.60804,3608.31,-49.7671,-3.98248,2.29596,7433.55,0
5.7693,3600.05,-46.3937,-12.244,3.11658,8657.09,0
5.92749,3593.91,-41.1535,-5.27707,3.8299,9463.32,0
6.08877,3594.72,-44.019,-11.0406,3.65065,9079.13,0
6.25319,3588.05,-40.0714,-18.9994,4.39565,9906.56,0
6.41224,3588.8,-29.7182,-15.9499,4.32791,9543.97,0
6.57153,3591.3,-29.1947,-18.25,3.95799,8932.47,0
6.7323,3581.19,-33.4683,-14.6622,4.84823,10221,0
6.89469,3582.58,-38.8115,-16.329,4.30152,9777.96,0
7.05255,3577.12,-44.0564,-11.5985,4.7325,10333.1,0
7.21395,3570.91,-44.5818,-8.36701,5.41965,10963.4,0
7.37331,3563.74,-42.7232,-7.83288,6.1694,11698.7,0
7.53296,3566.69,-43.1437,-8.6258,5.29029,11059.8,0
7.69206,3563.53,-38.281,-2.05832,5.58228,11241.5,0
7.84992,3560.55,-36.9758,-0.431595,5.69165,11394.8,0
8.00634,3563.66,-35.9616,-2.42666,5.01227,10783.7,0
8.16633,3561.85,-35.236,-10.3716,5.01112,10794.1,0
8.32458,3558.15,-38.8832,-15.2401,5.25455,11033.1,0
8.4854,3555.46,-43.9069,-14.3991,5.30102,11141.7,0
8.64392,3550.5,-39.5677,-14.0635,5.92941,11511,0
8.80422,3553.51,-36.8797,-13.8742,5.35959,10959.1,0
8.96459,3558.63,-38.3036,-22.5672,4.11639,10192.2,0
9.12765,3557.21,-34.3994,-18.1965,4.40126,10166.1,0
9.2878,3557.69,-24.1576,-22.2802,4.40663,9938.62,0
9.45106,3552.9,-20.3166,-31.0384,4.92499,10274.4,0
9.61046,3555.38,-27.9328,-31.9924,4.23877,9845.49,0
9.76931,3553.62,-29.6235,-39.1175,4.04932,9866.05,0
9.92887,3551.8,-39.6845,-36.1728,4.02256,9890.44,0
10.0887,3550.33,-33.9775,-31.9,4.4697,9879.25,0
10.2465,3551.11,-31.8614,-37.364,4.10767,9651.45,0
10.407,3549.18,-41.9417,-37.7985,3.96401,9687.36,0
10.5649,3546.25,-52.5323,-40.7812,3.69382,9820.39,0
10.7222,3548.75,-62.1116,-42.2757,2.75183,9443.3,0
10.8798,3542.87,-52.2924,-40.2983,3.95077,9846.65,0
11.0369,3542.59,-54.3836,-38.468,3.89675,9731.66,0
11.2012,3538.41,-64.72,-37.0094,3.86343,9961.88,0
11.3576,3538.14,-63.7667,-41.7906,3.61156,9848.5,0
11.5168,3536.06,-70.023,-43.8941,3.29382,9893.24,0
11.675,3545.17,-65.1755,-48.2936,2.26268,8978.63,0
11.8373,3546.12,-75.3076,-44.0004,1.81293,8775.41,0
11.9968,3553.63,-79.2746,-36.8297,0.93293,8032.92,0
12.1584,3549.12,-87.8189,-35.1238,1.09463,8297.27,0
12.1965,3547.16,-92.3974,-38.3588,1.02991,8432.12,0
