0.159973,3641.25,-1.05007,-12.6219,0.731147,54688.3,0
0.321482,3637.8,-3.88808,-11.2669,1.04454,37943.8,0
0.482014,3642.78,-12.1954,-3.22028,0.600653,14970.6,0
0.642803,3644.71,-14.2228,-3.9991,0.433065,8234.72,0
0.804051,3638.98,-7.2205,-2.50737,0.932854,13699.4,0
0.966143,3636.4,-1.3626,-1.36418,1.16117,14077.8,0
1.12415,3638.99,5.62187,2.49287,0.921177,9792.65,0
1.28177,3635.97,4.16369,-3.25158,1.18643,10948.3,0
1.4422,3635.97,6.76409,0.144229,1.16487,9730.07,0
1.60186,3642.99,9.81233,-9.89103,0.543742,4375.56,0
1.76189,3631.48,23.0055,-13.9505,1.47694,10510.6,0
1.9191,3623.87,26.2637,-9.13137,2.18359,13615.9,0
2.07859,3610.79,23.5252,-10.894,3.41477,18861.9,0
2.2359,3602.34,17.8411,-11.848,4.14242,21316.5,0
2.39586,3600.27,19.9827,-17.4006,4.23734,20754.9,0
2.55738,3605.9,23.8442,-24.4108,3.48382,17245.3,0
2.71688,3605.03,21.1895,-22.0645,3.51755,16553.7,0
2.87663,3599.82,15.6334,-26.5637,3.97053,17444.4,0
3.03734,3606.03,22.4736,-31.2343,3.06118,14477.3,0
3.19298,3606.38,33.4201,-24.2019,2.92587,13660.3,0
3.35054,3601.89,36.2381,-30.7763,3.19728,14357.9,0
3.51125,3602.53,35.3301,-26.2134,3.19799,13518.8,0
3.67256,3600.73,32.6271,-29.102,3.32437,13415.9,0
3.8357,3604.84,37.3629,-35.4024,2.7767,11773.7,0
3.99628,3609.71,44.9373,-44.7608,2.03069,10081.9,0
4.15612,3621.12,43.1775,-52.484,0.923647,6948.87,0
4.31558,3625.49,51.0089,-64.2759,0.296173,5678.65,0
4.47678,3622.8,53.1719,-54.6357,0.628796,6076.43,0
4.6394,3624.78,56.2457,-57.2118,0.390172,5435.83,0
4.79884,3623.49,49.2406,-47.0534,0.713809,5524.28,0
4.9584,3623.6,41.5642,-65.6443,0.541937,5325.16,0
5.11692,3623.27,32.3593,-76.6421,0.464662,5223.26,0
5.27883,3616.97,22.957,-80.9761,0.981358,6256.22,0
5.44016,3620.55,9.13167,-76.9494,0.802743,5414.35,0
5.60021,3623.3,3.30796,-72.6122,0.653242,4767.17,0
5.75967,3617.82,8.76979,-82.3309,0.93786,5586.56,0
5.92138,3616.39,20.8946,-80.9853,1.03545,5676.11,0
6.0816,3620.73,28.3031,-93.7493,0.365006,4812.59,0
6.24197,3625.64,23.295,-83.2778,0.193788,3902.71,0
6.40037,3619.63,22.2738,-80.06,0.764491,4744.29,0
6.563,3620.19,37.3695,-75.767,0.687402,4542.39,0
6.72078,3621.64,36.5833,-83.2322,0.440677,4219.23,0
6.76492,3620.36,33.7042,-94.1669,0.356194,4381.11,0
