0.161772,3641.63,42.7697,5.41637,0.73707,51713.6,0
0.321633,3645.59,23.1689,12.2465,0.532522,13725.8,0
0.481311,3641.65,28.3647,12.1477,0.83803,17357.4,0
0.641871,3635.41,22.2342,18.5619,1.38797,22727.5,0
0.803202,3631.96,14.5055,19.5144,1.73129,22456.3,0
0.95986,3615.98,15.4593,25.2801,3.12747,35446.4,0
1.12254,3622.49,11.5413,21.6025,2.43471,24508.9,0
1.27961,3618.3,5.46314,20.5924,2.82927,24776.6,0
1.43864,3618.64,1.36728,19.4825,2.73705,21796.5,0
1.6012,3617.18,-1.77767,19.2716,2.86551,20497.2,0
1.76016,3615.23,-1.00474,17.5265,3.03395,19752.6,0
1.91702,3614.48,10.0969,15.4196,3.03454,18530.6,0
2.07633,3612.05,6.94062,23.1204,3.13604,18276.1,0
2.23717,3609.86,-2.25944,25.2385,3.25579,17940.9,0
2.39886,3604.93,2.72584,29.6086,3.60148,18787.4,0
2.55904,3602.86,7.92874,21.4915,3.80056,18419.2,0
2.71875,3604.18,7.63363,26.5408,3.48528,16851.9,0
2.87565,3604.74,1.43903,17.7863,3.36631,15740,0
3.03723,3601.75,4.7997,14.4952,3.55697,15886.5,0
3.19879,3598.16,17.3187,14.1988,3.89593,16205.7,0
3.35679,3595.58,23.2961,21.021,3.96278,16210.8,0
3.5142,3591.44,27.1449,22.536,4.28947,16662.9,0
3.67372,3590.37,29.345,21.4868,4.286,16231,0
3.8314,3589.64,31.0139,17.7101,4.27725,15753.3,0
3.99017,3588.51,26.9341,4.77483,4.33411,15411.3,0
4.15048,3589.43,18.5039,10.9143,4.15876,14594,0
4.31106,3587.66,16.9988,6.19257,4.23401,14459.8,0
4.46965,3595.01,30.8392,11.3245,3.09541,12302.9,0
4.63063,3589.48,31.8963,7.62363,3.64584,13069.7,0
4.79001,3587.63,30.5888,3.68286,3.75373,13020.8,0
4.9472,3582.52,22.7547,7.86063,4.35415,13640.8,0
5.10741,3582.95,26.3549,0.768003,4.07333,13127.6,0
5.26401,3581.33,26.6941,1.23731,4.18854,13045,0
5.42464,3577.04,35.8874,2.92906,4.36294,13449.5,0
5.5883,3579.75,40.5576,-10.9995,3.78422,12570.4,0
5.74926,3582.34,38.5498,-12.989,3.40285,11767.7,0
5.91156,3578.99,41.7502,-6.8284,3.71683,12012.9,0
6.07146,3583.72,41.5886,-13.0569,3.08181,10917.1,0
6.22987,3569.87,38.295,-10.5789,4.80106,12862.9,0
6.39014,3577.66,41.2652,-9.87272,3.6101,11320.1,0
6.54771,3581.92,52.6729,-12.9318,2.73128,10397.4,0
6.70807,3583.3,58.1774,-11.8917,2.40124,9942.56,0
6.86857,3578.77,61.2549,-10.338,2.82299,10370.2,0
7.02839,3571.81,62.1765,-1.14128,3.52207,11125.2,0
7.19027,3574.77,61.8966,7.18992,3.16559,10462.9,0
7.34985,3582.9,64.6623,9.9452,2.15228,9129.21,0
7.51054,3593.19,76.6852,7.05566,0.763966,7564.48,0
7.66855,3583.82,91.4578,-18.0067,1.19695,8630.64,0
7.8279,3576.15,78.2645,-2.22736,2.43916,9434.81,0
7.98404,3568.47,84.4668,-6.96951,2.9508,10211.6,0
8.14479,3571.24,78.8627,-0.353086,2.81649,9670.36,0
8.30709,3584.67,81.5126,3.26811,1.30401,7864.33,0
8.46911,3581.53,76.9193,6.95572,1.75306,8085,0
8.62907,3580.1,85.3479,5.8711,1.6115,8100.33,0
8.78976,3572.5,87.0714,1.24948,2.31575,8816.78,0
8.9479,3572.88,87.1809,-3.15549,2.22164,8618.69,0
9.1087,3586.91,92.09,-7.27848,0.63022,6926.18,0
9.27572,3583.21,57.615,-2.94224,2.02605,7201.02,0
9.43516,3588.05,56.764,-11.3956,1.49888,6566.12,0
9.59592,3589.19,57.9196,-16.5111,1.32217,6336.99,0
9.75565,3591.64,49.1971,-21.9248,1.21145,5981.69,0
9.91613,3586.39,54.1728,-9.8569,1.76783,6415.06,0
10.0722,3586.23,49.5779,-12.2221,1.88357,6331.18,0
10.2357,3578.65,51.6499,-4.80328,2.71178,6970.53,0
10.3947,3579.02,49.0901,-9.28014,2.6882,6828.21,0
10.5588,3577.24,48.5161,-11.2556,2.86661,6890.72,0
10.7194,3581.09,49.4783,-14.3367,2.30784,6428.55,0
10.88,3581.23,45.8053,-7.9596,2.35646,6320.85,0
11.0411,3570.89,38.0296,-10.21,3.74708,7165.25,0
11.2026,3577.39,31.1377,-9.82178,2.98729,6481.95,0
11.3609,3580.54,38.5645,-8.23029,2.4143,6114.07,0
11.5207,3581.23,37.3759,-18.5411,2.27025,5969.7,0
11.6803,3596.72,40.1789,-23.7721,0.393256,4561.32,0
11.8393,3599.93,24.5347,-31.5187,0.161956,4228.76,0
12.0029,3589.09,43.1225,-40.6604,0.931076,5074.92,0
12.1651,3585.97,46.8412,-30.2301,1.3424,5263.69,0
12.3273,3582,52.9564,-21.3691,1.75166,5516.14,0
12.4853,3584.64,65.6405,-20.549,1.11348,5235.08,0
12.6481,3577.24,73.6683,-16.4187,1.69416,5752.69,0
12.8075,3581.63,83.3752,-20.4108,0.888489,5338.64,0
12.9685,3577.17,75.1454,-12.8454,1.64802,5616.27,0
13.1254,3571.38,71.3771,-13.2946,2.3802,5989.75,0
13.2842,3577.61,69.7738,-13.204,1.69987,5449.63,0
13.4459,3569.31,68.7591,-0.745359,2.69795,6000.89,0
13.6027,3573.74,64.3639,3.38916,2.30687,5606.23,0
13.7609,3569.95,65.2495,1.9751,2.73673,5817.19,0
13.9192,3571.05,58.8001,1.24865,2.7894,5672.31,0
14.0799,3580.55,57.7793,-8.28437,1.68693,4932.38,0
14.2402,3570.42,69.1685,-1.94572,2.48509,5588.29,0
14.3999,3571.83,67.1202,-5.26147,2.38362,5428.16,0
14.5584,3572.27,61.0271,-14.1026,2.46849,5339.05,0
14.7176,3580.98,48.4157,-15.6022,1.79654,4689.59,0
14.8783,3577.5,50.1172,-5.77478,2.19933,4872.63,0
15.039,3572.45,59.4305,1.77882,2.47706,5156.46,0
15.1984,3577.32,66.2791,-0.761936,1.6931,4782.31,0
15.3601,3579.5,71.4291,5.97579,1.26487,4589.72,0
15.5168,3577.86,63.8033,11.5304,1.66058,4649.14,0
15.6784,3573.4,65.9884,4.6814,2.12439,4885.87,0
15.8389,3578.84,66.0715,13.3721,1.42271,4493,0
15.9988,3578.44,68.352,23.5611,1.31408,4472.99,0
16.1534,3574.72,71.2078,11.1271,1.70463,4660.06,0
16.3168,3582.35,61.9295,-1.15353,1.19876,4146.22,0
16.4771,3586.72,62.5402,-1.78705,0.705255,3840.55,0
16.6353,3585.07,83.1238,-10.4432,0.262053,3903.37,0
16.7926,3587.24,83.6771,5.33183,0.0457985,3737.08,0
16.9559,3585.39,72.449,15.9012,0.523038,3810.24,0
17.1146,3578.8,63.6741,24.4598,1.38103,4160.05,0
17.2741,3577.26,66.7339,38.1908,1.25205,4210.95,0
17.4368,3578.19,76.8859,41.5009,0.798382,4118.5,0
17.5965,3565.98,78.9503,39.3579,2.04862,4774.62,0
17.7582,3569.71,84.9869,43.2404,1.39364,4521.13,0
17.8218,3563.42,87.6191,48.282,1.83757,4858.13,0
