0.164474,3640.81,60.6391,-33.6786,0.638256,55867.8,0
0.324108,3632.19,59.307,-41.048,1.29157,54951.5,0
0.479519,3628.13,75.9977,-32.8988,1.43916,45601.3,0
0.639341,3627.46,79.7105,-40.4245,1.35345,35255.6,0
0.796717,3625.61,80.6787,-37.0407,1.52147,30607.5,0
0.956981,3625.76,84.7933,-28.8524,1.4978,25332.7,0
1.12036,3630.51,83.2877,-23.4531,1.16155,17399.9,0
1.27708,3623.76,82.5879,-17.6791,1.72635,20548.2,0
1.43498,3625.5,83.4445,-22.3516,1.52044,17076.8,0
1.59462,3624.37,82.0895,-17.3601,1.65862,16073.3,0
1.7556,3623.63,73.3361,-14.2566,1.86458,15018.6,0
1.91544,3624.72,72.2608,-11.8469,1.78215,13199.1,0
2.07552,3629.82,70.7971,-15.6475,1.34558,9725.21,0
2.23237,3625.64,76.2015,-3.95113,1.62489,10914,0
2.39112,3618.31,83.8652,-3.02574,2.06377,13254.3,0
2.55143,3621.72,77.277,-1.12884,1.89797,11083.8,0
2.71144,3616.82,76.6775,3.65847,2.32273,12236,0
2.8703,3626.15,68.2408,10.1135,1.62827,8308.44,0
3.0306,3622.13,66.2439,7.13457,2.00569,9195.53,0
3.19288,3624.11,65.8791,6.87393,1.83938,8108.82,0
3.35236,3627.28,55.6524,-0.418034,1.70309,6776.93,0
3.51358,3628.82,61.1587,-2.44789,1.46958,6026.92,0
3.67613,3622.1,53.6634,-8.44062,2.1586,7589.26,0
3.834,3623.67,61.4381,-5.89369,1.91765,6868.25,0
3.99555,3623.16,62.6704,-6.97817,1.88082,6717.86,0
4.15277,3630.68,64.63,-8.81612,1.17877,4653.29,0
4.31158,3641.41,72.9039,-8.69398,0.170373,1992.05,0
4.47243,3634.75,66.7349,-7.07542,0.802122,3409.74,0
4.63068,3630.23,61.3259,8.05684,1.24246,4268.94,0
4.78917,3628.93,59.454,6.66369,1.35542,4399,0
4.95097,3641.18,47.4462,-0.264243,0.457249,1782.4,0
5.11236,3637.72,39.3077,14.8662,0.80027,2401.63,0
5.27098,3629.23,44.2109,14.1293,1.48646,3940.54,0
5.4316,3634.12,44.7185,5.48803,1.05356,2924.43,0
5.58958,3635.18,44.0499,8.81849,0.968846,2651.71,0
5.74808,3633.5,41.3818,19.4419,1.09771,2870.28,0
5.90608,3636.25,52.0469,24.0079,0.735208,2328.59,0
6.06912,3635.4,48.8568,24.3803,0.842427,2404.89,0
6.22956,3641.96,61.5089,27.6682,0.133887,1291.22,0
6.38971,3635.23,57.4026,29.6617,0.717133,2312.26,0
6.55304,3633.46,51.9636,36.3809,0.87627,2523.68,0
6.7108,3633.28,42.9031,23.4796,1.07921,2491.86,0
6.87025,3627.61,51.6806,14.6315,1.51167,3259.25,0
7.02916,3625.27,41.5493,16.0681,1.85492,3517.52,0
7.19286,3624.06,47.956,14.7771,1.8766,3606.03,0
7.35266,3621.62,48.2461,13.3793,2.08213,3859.69,0
7.51361,3614.23,47.0429,13.8744,2.72879,4760.98,0
7.67388,3612.31,56.0176,20.7848,2.69343,4911.6,0
7.83198,3612.02,54.23,33.7578,2.54562,4848.93,0
7.99125,3612.04,51.91,32.6176,2.57445,4750.75,0
8.1518,3619.09,45.6622,39.1928,1.91906,3791.6,0
8.31162,3620.4,52.0097,44.9661,1.65887,3561.53,0
8.47263,3622.78,57.8008,46.934,1.34594,3212.3,0
8.63374,3627.13,55.702,54.0746,0.917986,2649.39,0
8.79533,3630.34,67.0656,54.3027,0.502433,2235.59,0
8.95562,3633.37,57.2123,61.7783,0.292343,1856.79,0
9.11633,3629.27,56.9236,48.9338,0.780634,2273.95,0
9.27782,3628.9,49.677,40.8905,0.956173,2273.84,0
9.43471,3632.97,65.1037,25.6997,0.531043,1805.02,0
9.59663,3636.46,67.9877,25.1556,0.209465,1410.62,0
9.75488,3626.42,67.862,39.0924,0.948413,2416.88,0
9.91225,3627.46,75.7137,22.3912,0.866437,2273.92,0
10.0739,3629.79,88.4525,22.7824,0.457762,2006.42,0
10.2335,3631.78,95.2799,8.20727,0.218536,1780.72,0
10.3933,3621.6,86.2299,13.1756,1.19854,2732.94,0
10.5566,3616.4,94.2817,5.2583,1.48465,3183.23,0
10.7147,3605.97,94.9252,10.9237,2.29645,4108.95,0
10.8752,3600.28,96.3733,13.5452,2.69661,4572.02,0
10.9316,3598.49,99.3669,11.5984,2.75267,4712.4,0
