0.161762,3640.04,10.4025,-4.62284,0.852357,61594,0
0.319013,3645.85,8.92733,-0.837786,0.361113,13002.8,0
0.48037,3643.06,7.53784,-5.48132,0.595432,14452.3,0
0.643584,3621.53,4.04062,-9.87838,2.53192,44232.6,0
0.805822,3625.79,2.32243,-16.1409,2.10304,30042.5,0
0.963042,3624.7,-1.16298,-10.7146,2.21065,26268.1,0
1.12154,3624.91,3.90297,-3.47253,2.16139,22370.8,0
1.28238,3613.17,7.39976,-4.07968,3.28031,28719.7,0
1.444,3612.59,11.5221,-9.4623,3.21941,25909.5,0
1.6048,3619.01,8.37819,-1.11764,2.5647,19309.4,0
1.76395,3617.62,2.4614,-3.94302,2.69533,18355.9,0
1.9239,3622.09,9.18483,-12.2251,2.19697,14506.2,0
2.08309,3616.43,10.4861,-15.0504,2.70142,16113.2,0
2.24378,3614.76,3.84241,-18.9752,2.79368,15704,0
2.40405,3604.95,11.5295,-20.5841,3.71314,18737.6,0
2.56069,3606.01,12.947,-23.6672,3.45703,17180.1,0
2.72036,3610.63,13.8798,-20.2435,2.90705,14473.8,0
2.8758,3611.55,10.5251,-17.6867,2.80568,13371.5,0
3.03742,3625.3,6.3269,-19.5991,1.43792,8132.84,0
3.19905,3626.7,14.8852,-22.1025,1.25182,7283.22,0
3.36312,3619.13,19.9008,-25.3815,1.89645,9179.78,0
3.52491,3616.95,16.8677,-18.4164,2.18039,9376.13,0
3.68416,3606.62,23.6489,-23.9744,3.06591,11775.7,0
3.84258,3598.89,29.3988,-15.6657,3.82673,13299.9,0
4.00178,3600.9,32.7779,-10.0148,3.55117,12269.5,0
4.16029,3597.07,32.375,-12.6273,3.90664,12723.4,0
4.32392,3597.9,30.9384,-9.03563,3.73697,12049.9,0
4.48386,3601.55,29.2713,-9.37529,3.17886,10806.2,0
4.64185,3601.87,33.1002,-14.952,2.98658,10369.6,0
4.80559,3602.86,31.1575,-21.1098,2.79589,9810.07,0
4.9671,3601.97,35.61,-16.9167,2.82685,9670.06,0
5.12773,3609.4,51.7495,-20.219,1.79506,7918.07,0
5.28855,3615.96,54.3914,-24.6178,1.08914,6437.05,0
5.44816,3618.34,59.8608,-18.3627,0.820561,5810.44,0
5.60617,3618.48,57.2361,-16.0411,0.861475,5621.78,0
5.76462,3618.56,54.381,-20.0896,0.882302,5454.09,0
5.92453,3619.23,65.3463,-25.8682,0.613682,5193.64,0
6.08478,3620.13,60.0252,-36.5151,0.536126,4909.07,0
6.24594,3609.4,56.0121,-37.777,1.5595,6500.95,0
6.40601,3618.69,60.0959,-26.5064,0.742735,4886.93,0
6.56261,3621.92,52.9377,-35.2597,0.492169,4278.74,0
6.71938,3618.59,68.8127,-40.5873,0.484447,4674.42,0
6.88029,3617.76,72.4076,-34.9022,0.547595,4685.77,0
7.03956,3611.25,71.2864,-28.5302,1.17433,5504.18,0
7.2009,3613,72.7078,-33.0149,0.954002,5138.64,0
7.36139,3610.81,68.8815,-35.7243,1.19308,5324.01,0
7.52461,3608.41,73.0271,-47.283,1.18828,5527.24,0
7.68485,3604.14,76.1618,-44.6406,1.541,5967.9,0
7.84589,3602.2,80.1597,-49.1519,1.55891,6092.72,0
8.00445,3608.28,70.1595,-45.0958,1.26332,5212.09,0
8.16109,3611.21,66.9057,-51.0929,0.994431,4752.98,0
8.3201,3616.16,64.062,-42.978,0.710675,4067.81,0
8.48109,3618.48,62.0019,-45.0146,0.516858,3717.06,0
8.64023,3617.85,61.6524,-40.0062,0.628514,3720.92,0
8.80427,3614.88,74.7327,-34.5143,0.720377,3988.46,0
8.96376,3606.33,80.1086,-39.6149,1.31784,4871.52,0
9.12311,3610.88,70.4748,-26.9814,1.23339,4287.77,0
9.28562,3615.63,69.7874,-36.5696,0.735304,3701.48,0
9.4464,3609.67,70.1929,-32.4507,1.28742,4269.13,0
9.60513,3620.53,62.2134,-23.1329,0.52761,3067.98,0
9.76408,3612.12,69.2559,-21.7323,1.17196,3879.79,0
9.92787,3606.35,81.6182,-29.0332,1.3879,4396.74,0
10.0443,3605.51,96.638,-25.8292,1.13023,4429.68,0
