0.158273,3646.8,5.66417,16.6683,0.256432,20220.7,0
0.315524,3642.62,-5.56868,9.60988,0.621009,23400.8,0
0.47655,3648.26,-0.531104,5.59493,0.158789,3648.34,0
0.63481,3644.78,17.1175,-13.7082,0.405836,8219.03,0
0.795481,3644.27,24.7709,-14.2731,0.411298,7206.65,0
0.956702,3638.05,21.9616,-12.3533,0.961647,12486.3,0
1.11646,3644.9,16.4313,-15.7829,0.389154,4570.75,0
1.27869,3632.33,20.6217,-21.1029,1.43649,13819.6,0
1.43868,3635.65,16.5088,-17.3426,1.17961,9977.17,0
1.59833,3620.23,11.8067,-18.9143,2.57533,18624,0
1.75703,3612.51,9.66124,-16.13,3.29318,21336.1,0
1.91868,3614.35,9.69184,-8.81651,3.089,18579.3,0
2.07956,3616.93,12.6127,-6.9678,2.70845,15900.7,0
2.24074,3615.7,12.6158,-5.32293,2.80415,15307.2,0
2.4015,3629.45,8.73506,-7.55191,1.51014,8557.37,0
2.56258,3618.67,11.5592,-7.64118,2.5071,12224.9,0
2.72217,3618.85,8.87479,1.43467,2.46477,11443.7,0
2.88383,3618.83,7.06335,0.509246,2.47394,10807.1,0
3.04491,3623.61,4.23868,4.98661,1.98831,8667.93,0
3.20561,3623.73,1.50271,14.1623,1.94236,8194.36,0
3.36156,3616.71,7.50729,15.4936,2.59117,9902.04,0
3.51947,3615.85,9.24519,8.34286,2.69261,9703.22,0
3.68184,3615.39,6.95378,14.7893,2.65551,9399.9,0
3.84443,3615.42,-5.99453,3.54742,2.61425,8996,0
4.00736,3612.43,-0.00801275,3.48602,2.88417,9375.55,0
4.16648,3614.29,1.72504,0.878829,2.67551,8571.64,0
4.3243,3600.43,2.28518,-0.483232,4.10181,11463.7,0
4.48817,3596.69,-3.76987,-3.65634,4.46461,11876.8,0
4.64976,3594.51,0.860308,-11.8788,4.64667,11934.4,0
4.80988,3595.93,-0.20169,-18.7256,4.19892,11242.4,0
4.9697,3590.79,2.73448,-15.4004,4.63093,11914.8,0
5.12975,3591.95,-3.497,-18.5742,4.32277,11316.3,0
5.2891,3603.63,-1.9836,-25.0678,2.8457,8766.29,0
5.44577,3601.99,-3.85948,-29.0043,2.91369,8816.5,0
5.60589,3609.71,-13.114,-21.4903,2.11533,7186.68,0
5.76438,3606.74,-13.8641,-21.1801,2.43041,7505.53,0
5.92198,3603.09,-13.7198,-24.2822,2.75789,7921.57,0
6.08181,3608.14,-18.059,-25.5481,2.11527,6882.88,0
6.24057,3607.12,-29.2653,-21.2084,2.18786,6871.66,0
6.3982,3601.74,-23.8509,-15.1963,2.78567,7542.13,0
6.55896,3603.11,-25.3661,-10.7559,2.63036,7148.54,0
6.71854,3594.15,-26.0676,-13.3519,3.53639,8312.75,0
6.88107,3587.17,-26.6955,-23.383,4.27932,9131.21,0
7.03963,3583.51,-26.6973,-22.8889,4.56231,9445.39,0
7.19555,3581.09,-29.2762,-20.7128,4.71554,9576.94,0
7.35608,3577.46,-32.7926,-20.1859,4.89092,9861.66,0
7.51738,3586.16,-36.4384,-20.3681,3.62496,8492.44,0
7.67471,3586.97,-38.7555,-23.3022,3.30773,8213.01,0
7.83603,3596.67,-35.6119,-22.9501,2.20893,6805.46,0
7.99579,3602.56,-33.2759,-19.9081,1.60239,5933.65,0
8.15735,3607.44,-24.3534,-22.2247,1.18007,5217.16,0
8.31659,3609.3,-28.5857,-23.8819,0.935239,4894.35,0
8.47911,3602.16,-27.2419,-24.9011,1.67752,5642.11,0
8.63832,3604.94,-18.8336,-25.1443,1.44498,5216.08,0
8.80008,3597.19,-16.0187,-28.8335,2.26489,6001.15,0
8.95909,3593.51,-18.3037,-22.9554,2.74035,6305.39,0
9.12241,3611.04,-20.5008,-23.8594,0.814191,4270.71,0
9.28149,3616.68,-9.69081,-41.7026,0.117428,3589.74,0
9.4449,3613.05,7.80956,-43.8046,0.447273,3911.65,0
9.60387,3602.59,4.49418,-38.6849,1.58833,4936.67,0
9.76591,3601.03,-0.917059,-39.2345,1.73907,5014.12,0
9.92363,3596.66,-0.680286,-40.7567,2.14179,5375.02,0
10.0849,3590.97,-6.3801,-48.9978,2.57702,5853.22,0
10.2434,3586.12,-8.90493,-56.5676,2.84971,6236.69,0
10.402,3582.5,-1.58126,-51.728,3.37277,6488.87,0
10.5629,3580.31,1.46809,-43.0508,3.79607,6597.31,0
10.7268,3576.08,-6.81452,-41.9286,4.14865,6891.49,0
10.8878,3576.66,-7.91488,-42.5258,3.81867,6735.98,0
11.0449,3575.89,-4.68874,-41.9306,3.84662,6710.05,0
11.2045,3581.36,-14.047,-37.7077,3.16172,6126.53,0
11.3609,3578.86,-15.6646,-41.6496,3.3071,6261.81,0
11.5213,3580.03,-1.42074,-49.5294,3.00165,6072.85,0
11.6831,3587.15,2.02979,-53.7323,2.0305,5379.69,0
11.8452,3590.74,-2.598,-50.8718,1.69156,5003.13,0
12.0032,3583.66,-6.70676,-51.5533,2.41077,5526.93,0
12.1653,3591.59,-9.3957,-61.9835,1.23927,4801.2,0
12.3241,3594.69,-4.14469,-57.1336,1.0173,4487.58,0
12.4845,3598.51,1.35767,-60.6236,0.551305,4124.66,0
12.6455,3597.08,20.8621,-60.2939,0.623013,4185.19,0
12.8055,3594.24,13.5098,-62.857,0.893331,4354.17,0
12.9606,3588.3,17.3104,-61.4852,1.51742,4760.51,0
13.1215,3588.75,26.0809,-61.7579,1.39988,4667.83,0
13.2812,3583.87,29.8606,-62.1879,1.84759,4979.52,0
13.4443,3585.51,42.5113,-64.8177,1.41199,4796.92,0
13.6015,3594.71,38.4387,-57.646,0.704281,4065.34,0
13.7645,3590.13,43.207,-55.2164,1.12828,4349.65,0
13.9223,3591.45,47.4405,-61.6923,0.785108,4205.19,0
14.0819,3597.19,42.8131,-47.3034,0.564354,3750,0
14.2427,3586.97,49.7939,-56.4538,1.30524,4425.76,0
14.4068,3580.84,44.9016,-49.9469,2.20072,4800.35,0
14.5679,3578.74,46.8127,-50.4792,2.36337,4891.9,0
14.7295,3580.77,35.9266,-52.8798,2.26465,4700.41,0
14.8895,3576.1,42.9918,-44.5364,2.76753,4963.06,0
15.0462,3574.07,48.6664,-47.8387,2.73866,5046.54,0
15.2095,3575.75,51.3045,-41.1634,2.61402,4881.74,0
15.3678,3574.43,52.7445,-40.0946,2.7615,4917.3,0
15.5262,3569.34,48.214,-46.3192,3.28575,5194.9,0
15.687,3575.84,41.1115,-54.3879,2.44878,4727.48,0
15.8494,3575.32,44.6486,-56.0461,2.33442,4711.87,0
16.0107,3570.77,47.6876,-51.1643,2.82729,4948.41,0
16.1721,3576.16,46.3844,-54.424,2.20272,4565.68,0
16.333,3578.22,50.0891,-66.856,1.57107,4395.01,0
16.4933,3574.46,51.3149,-60.9498,2.09068,4579.95,0
16.6496,3582.46,49.6684,-60.984,1.26886,4056.82,0
16.8125,3584.65,62.4888,-59.9764,0.793915,3886.94,0
16.9739,3576.88,71.7539,-63.3729,1.25401,4307.7,0
16.9995,3578.58,74.6536,-66.5529,0.944493,4201.34,0
