0.00689409,-0.0391769,-0.0327637,-0.0268943,0.0142253,-5682.68,0
0.0138185,0.0329019,0.00286026,-0.0910468,0.0243462,2381.01,0
0.0207569,0.000614269,0.170136,-0.0571551,0.0193695,29.5935,0
0.0276664,-0.0745325,0.253142,-0.0607312,0.000543489,-2693.97,0
0.0345388,0.00776437,0.312207,0.0180673,0.0164562,224.802,0
0.041426,0.248605,0.373208,0.0874772,0.0606208,6001.18,0
0.0483874,0.303548,0.327892,0.196305,0.0684804,6273.28,0
0.0552485,0.295274,0.410531,0.204619,0.0595019,5344.46,0
0.0621479,0.244314,0.437834,0.148086,0.0447034,3931.17,0
0.0690499,0.236908,0.388116,0.156746,0.0344527,3430.96,0
0.0759742,0.291189,0.251761,0.178199,0.0375074,3832.73,0
0.0828805,0.308931,0.231576,0.2142,0.0370834,3727.42,0
0.0897784,0.2759,0.360801,0.272252,0.0358161,3073.12,0
0.0966357,0.182783,0.230034,0.358125,0.0145992,1891.47,0
0.103514,0.195298,0.274247,0.313156,0.0174429,1886.68,0
0.110373,0.364948,0.141828,0.44609,0.0498748,3306.51,0
0.117267,0.297649,-0.0665402,0.416948,0.0347404,2538.23,0
0.124154,0.522791,-0.180595,0.502958,0.0789977,4210.84,0
0.131058,0.56059,-0.172158,0.385885,0.0765028,4277.43,0
0.137982,0.685667,-0.0636967,0.419649,0.0902019,4969.25,0
0.144908,0.528667,0.149742,0.191259,0.0562304,3648.29,0
0.151741,0.525994,0.170546,0.153288,0.0510414,3466.4,0
0.158679,0.490185,0.165678,0.388402,0.0468102,3089.16,0
0.165641,0.631774,0.162109,0.453877,0.0711712,3814.11,0
0.172546,0.616036,0.110929,0.41249,0.0894475,3570.28,0
0.179416,0.743737,0.202693,0.388692,0.106026,4145.33,0
0.1863,0.666534,0.085706,0.300007,0.0795207,3577.74,0
0.193216,0.821861,0.165958,0.309016,0.112757,4253.59,0
0.200146,0.810238,0.184348,0.38217,0.100881,4048.23,0
0.207064,0.878892,0.147786,0.448463,0.115041,4244.54,0
0.213937,1.00475,0.0795949,0.436375,0.126856,4696.47,0
0.220883,1.05766,0.0769024,0.452379,0.13666,4788.36,0
0.227793,1.11315,-0.155677,0.397702,0.138295,4886.69,0
0.234727,1.29087,-0.0121241,0.518974,0.168502,5499.44,0
0.241636,1.06586,0.105299,0.212278,0.114651,4411.03,0
0.248561,1.19778,0.0138674,0.112902,0.144146,4818.83,0
0.255475,1.0377,-0.146421,-0.140079,0.112235,4061.84,0
0.262417,0.959585,-0.00384711,-0.0939865,0.0972095,3656.72,0
0.269353,0.948525,-0.17641,-0.0655754,0.0875483,3521.5,0
0.276303,0.970735,-0.277919,-0.171679,0.0932413,3513.3,0
0.283183,1.03312,-0.290934,-0.219873,0.0933214,3648.26,0
0.290065,1.11505,-0.224543,-0.0270289,0.0810743,3844.16,0
0.296964,1.06667,-0.218629,0.0279021,0.0613587,3591.93,0
0.303935,1.18582,-0.0862124,0.115548,0.0817258,3901.56,0
0.310857,1.30503,-0.114887,0.277383,0.0984501,4198.17,0
0.317758,1.24562,-0.0467001,0.260256,0.0787216,3920.03,0
0.324733,1.3026,-0.162565,0.361619,0.0961159,4011.32,0
0.331629,1.12408,-0.163446,0.565632,0.0607933,3389.59,0
0.338566,1.03298,-0.299882,0.546306,0.0455714,3051.06,0
0.345489,1.09605,-0.297831,0.735667,0.063701,3172.45,0
0.352346,1.2198,-0.378332,0.73874,0.0765971,3461.94,0
0.35928,1.21794,-0.199782,0.685124,0.0864912,3389.94,0
0.366154,1.15358,-0.373192,0.581686,0.0782741,3150.53,0
0.373085,0.919398,-0.321961,0.524926,0.0418126,2464.31,0
0.379973,0.957398,-0.277451,0.551458,0.0485234,2519.65,0
0.386873,1.0759,-0.344353,0.522481,0.0675757,2781.02,0
0.393725,1.18726,-0.33738,0.422599,0.094689,3015.46,0
0.400629,1.51229,-0.359248,0.361108,0.171831,3774.78,0
0.40748,1.78031,-0.401315,0.522369,0.196721,4369.07,0
0.414338,1.66649,-0.444699,0.563056,0.15737,4022.05,0
0.421276,1.71854,-0.388356,0.74279,0.169611,4079.38,0
0.4282,1.53341,-0.679942,0.544172,0.105938,3581.07,0
0.435156,1.72522,-0.634105,0.637599,0.145297,3964.59,0
0.44204,1.67206,-0.78973,0.641792,0.11833,3782.59,0
0.448942,1.68874,-0.839968,0.671492,0.111631,3761.61,0
0.455848,1.65343,-0.814826,0.801444,0.107849,3627.16,0
0.462748,1.58995,-0.837563,0.942688,0.0854294,3435.89,0
0.469627,1.37291,-0.779228,0.984883,0.0418733,2923.4,0
0.476558,1.36481,-0.629916,1.05123,0.0402215,2863.88,0
0.483445,1.60474,-0.619587,1.0888,0.0682078,3319.39,0
0.490322,1.55986,-0.506884,1.12676,0.0617006,3181.3,0
0.497176,1.58674,-0.367287,1.13193,0.065349,3191.51,0
0.504082,1.59293,-0.458421,1.18509,0.0610255,3160.06,0
0.511011,1.63874,-0.486907,1.38578,0.0620459,3206.85,0
0.517916,1.66913,-0.280308,1.4108,0.0639617,3222.78,0
0.524805,1.7872,-0.190593,1.36025,0.0835561,3405.47,0
0.531711,1.85229,-0.0350044,1.54444,0.0973108,3483.64,0
0.538622,1.67857,0.0676672,1.65812,0.0589725,3116.42,0
0.545551,1.87883,-0.000539447,1.74469,0.105447,3443.92,0
0.552436,1.9848,0.0311808,1.58152,0.125436,3592.82,0
0.55933,2.01515,-0.000563352,1.42151,0.136797,3602.8,0
0.566282,2.11149,0.0486033,1.422,0.159861,3728.69,0
0.57318,2.02345,-0.00872985,1.43272,0.129487,3530.22,0
0.58013,2.02982,-0.0847016,1.22114,0.12009,3498.9,0
0.587083,1.94796,-0.0848028,1.17683,0.103398,3318.04,0
0.593953,2.21273,0.000912377,1.04891,0.169271,3725.42,0
0.600874,2.09332,0.00823151,1.27388,0.137877,3483.78,0
0.607766,2.22498,-0.156923,1.2598,0.135192,3660.91,0
0.614724,2.3481,0.0563252,1.27717,0.169873,3819.76,0
0.621612,2.08237,0.118049,1.40773,0.101455,3349.95,0
0.628492,2.10633,0.0665919,1.27486,0.0886251,3351.39,0
0.635409,2.15023,0.257173,1.24991,0.0947164,3384,0
0.642314,2.09159,-0.0166918,1.35818,0.103585,3256.34,0
0.649243,2.16149,0.00226823,1.61883,0.115467,3329.24,0
0.656159,2.2085,0.0110667,1.59549,0.137451,3365.8,0
0.663144,2.35516,-0.0464613,1.83236,0.147363,3551.5,0
0.669984,2.55828,-0.0192052,1.97558,0.173181,3818.42,0
0.676922,2.67059,0.146183,2.139,0.194491,3945.19,0
0.683837,2.76911,0.0899807,2.36468,0.187435,4049.37,0
0.690805,2.69108,0.275459,2.11248,0.16094,3895.57,0
0.697749,2.71908,0.294972,2.19678,0.161188,3896.93,0
0.704682,2.67392,0.262089,2.09704,0.161042,3794.5,0
0.7116,2.53099,0.0826611,2.00699,0.1275,3556.76,0
0.718528,2.40722,0.00334126,2.17563,0.0918843,3350.21,0
0.725453,2.58343,0.134725,2.34393,0.12062,3561.12,0
0.732362,2.6354,0.208417,2.43499,0.131901,3598.49,0
0.739266,2.66585,0.274487,2.50529,0.121639,3606.07,0
0.746191,2.59422,0.113721,2.63914,0.0961249,3476.62,0
0.753037,2.79215,0.124507,2.62347,0.134839,3707.86,0
0.759995,2.83481,0.0612771,2.85884,0.139523,3730.04,0
0.766852,2.98679,0.0865875,2.98458,0.141784,3894.87,0
0.77376,3.11421,0.204628,3.34824,0.165103,4024.77,0
0.780694,3.21282,0.09852,3.41439,0.173555,4115.34,0
0.787583,3.28944,0.0304097,3.46571,0.201608,4176.63,0
0.794478,3.13681,0.113545,3.47858,0.174544,3948.26,0
0.801406,3.14405,-0.343317,3.7444,0.199204,3923.17,0
0.808304,3.36044,-0.124745,3.79126,0.229468,4157.39,0
0.815179,3.33363,-0.14671,3.49602,0.186717,4089.44,0
0.822098,3.14265,-0.139486,3.53745,0.128676,3822.71,0
0.829051,3.06708,-0.176338,3.59645,0.105273,3699.51,0
0.836,3.28477,0.150776,3.11322,0.139776,3929.15,0
0.842897,3.19242,0.310122,3.06006,0.108925,3787.44,0
0.849853,3.14991,0.211028,2.98991,0.111236,3706.41,0
0.856767,3.25769,0.278289,2.93068,0.12421,3802.3,0
0.863651,3.09734,0.0313819,2.83021,0.0766743,3586.33,0
0.870555,3.12767,-0.202039,2.65403,0.0918355,3592.74,0
0.877505,3.15158,-0.438656,2.41865,0.0907316,3591.53,0
0.884357,3.0786,-0.707042,2.39489,0.0777316,3481.17,0
0.891246,3.10496,-0.671789,2.22408,0.0684931,3483.85,0
0.898132,3.13537,-0.715865,2.17932,0.0711907,3490.99,0
0.905053,3.08035,-0.776655,2.1624,0.0668475,3403.5,0
0.911976,3.07343,-0.916843,2.07943,0.0581395,3370.08,0
0.918832,3.13354,-0.964977,2.23761,0.0695079,3410.36,0
0.925736,3.23388,-0.93674,2.13882,0.0924587,3493.31,0
0.932634,3.32672,-1.02236,2.062,0.107371,3567.02,0
0.939497,3.31893,-1.05707,1.92618,0.103006,3532.67,0
0.946366,3.40448,-0.993786,1.92245,0.110044,3597.43,0
0.953328,3.48976,-1.24829,1.93614,0.134022,3660.61,0
0.96023,3.6309,-1.11295,1.86093,0.176147,3781.28,0
0.967166,3.85333,-1.23383,1.82539,0.220684,3984.14,0
0.974076,3.74473,-1.26749,2.06031,0.194352,3844.39,0
0.980989,3.78194,-1.27281,2.22838,0.18316,3855.24,0
0.987933,3.7796,-1.08167,2.30668,0.179485,3825.77,0
0.994892,3.57617,-1.09285,2.51964,0.126382,3594.53,0
1.00176,3.49344,-0.973137,2.37353,0.109748,3487.31,0
1.00866,3.5095,-1.16506,2.40471,0.0994558,3479.37,0
1.01556,3.50401,-1.06988,2.40065,0.0907793,3450.33,0
1.02243,3.51993,-1.04813,2.5082,0.0790733,3442.7,0
1.02934,3.64164,-0.96258,2.42793,0.0831289,3537.84,0
1.03625,3.57863,-1.01338,2.33348,0.0642067,3453.46,0
1.0432,3.61898,-1.12007,2.34246,0.0752262,3469.11,0
1.05011,3.60002,-1.02289,2.52578,0.0696846,3428.23,0
1.05706,3.4043,-0.920613,2.61782,0.0277977,3220.54,0
1.06393,3.39409,-1.04356,2.57773,0.0187047,3190.16,0
1.07083,3.62406,-0.885933,2.54396,0.0556885,3384.34,0
1.07771,3.54853,-0.864582,2.54793,0.0393588,3292.65,0
1.08456,3.61851,-0.882352,2.5964,0.0451325,3336.39,0
1.09152,3.70654,-0.957021,2.49869,0.0671166,3395.76,0
1.09841,3.82327,-0.898663,2.53956,0.0835006,3480.71,0
1.10534,3.752,-0.824295,2.25951,0.0533912,3394.42,0
1.11227,3.71938,-0.728778,2.1961,0.0442939,3343.94,0
1.11914,3.78321,-0.661343,2.11016,0.0538089,3380.47,0
1.12608,3.87603,-0.659145,2.14058,0.0766643,3442.05,0
1.13301,3.86053,-0.82159,2.12321,0.0709272,3407.31,0
1.13998,4.10788,-0.672486,2.1382,0.120638,3603.48,0
1.14693,3.94074,-0.737707,2.36649,0.0850729,3435.91,0
1.1538,3.79826,-0.778528,2.4604,0.0471449,3291.94,0
1.16072,3.89025,-0.82077,2.67688,0.0733857,3351.59,0
1.16768,3.92936,-0.862301,2.50704,0.0914021,3365.1,0
1.17456,4.19291,-0.749924,2.61592,0.127082,3569.76,0
1.18149,4.22632,-0.652213,2.57236,0.144036,3577.1,0
1.18841,4.35629,-0.642717,2.81411,0.170275,3665.65,0
1.19529,4.34327,-0.631465,2.89869,0.152666,3633.64,0
1.20219,4.12242,-0.485681,2.91879,0.108444,3429.09,0
1.20913,4.33094,-0.507495,3.19112,0.128201,3581.87,0
1.21603,4.23916,-0.273075,3.23804,0.104069,3486.06,0
1.22294,4.31157,-0.40484,3.21532,0.102692,3525.59,0
1.22993,4.4121,-0.495929,3.32929,0.132815,3587.27,0
1.23683,4.51382,-0.302598,3.41152,0.15319,3649.51,0
1.24375,4.51189,-0.217418,3.59279,0.157319,3627.64,0
1.25065,4.53829,-0.04922,3.38978,0.167935,3628.76,0
1.25763,4.64867,-0.0854657,2.98865,0.160692,3696.38,0
1.26454,4.51728,-0.252112,3.19021,0.141838,3572.27,0
1.27148,4.64219,-0.253109,3.25261,0.170233,3651.01,0
1.27836,4.68231,-0.164189,3.27409,0.146145,3662.75,0
1.2853,4.53862,-0.158782,3.17495,0.125358,3531.19,0
1.29227,4.70912,-0.34435,3.02522,0.161478,3644.08,0
1.29914,4.8219,-0.455046,2.88347,0.185876,3711.6,0
1.30612,5.01184,-0.506322,3.07221,0.219012,3837.2,0
1.313,5.09132,-0.542141,3.03278,0.208782,3877.62,0
1.31991,5.32323,-0.550286,2.85732,0.247684,4033.02,0
1.32683,5.3102,-0.316597,2.69045,0.272555,4002.18,0
1.33379,5.61341,-0.62449,2.77261,0.31401,4208.61,0
1.3407,5.49353,-0.651179,2.63275,0.262598,4097.5,0
1.34764,5.3515,-0.588742,2.65995,0.224786,3971.02,0
1.35456,5.16497,-0.658127,2.93396,0.154548,3813.03,0
1.36149,5.03956,-1.00115,2.79087,0.114374,3701.51,0
1.36842,4.94115,-1.11359,2.61597,0.0817774,3610.84,0
1.3753,5.04857,-1.09655,2.62285,0.105036,3670.88,0
1.38221,5.04974,-1.00752,2.43464,0.108612,3653.38,0
1.38915,4.94131,-0.988493,2.31966,0.0884922,3557.07,0
1.39602,4.86436,-1.11201,2.42736,0.0591012,3484.44,0
1.40295,4.75172,-1.24292,2.4642,0.0426635,3386.94,0
1.40989,4.9366,-1.29022,2.343,0.0853964,3501.39,0
1.4168,4.82858,-1.23936,2.48471,0.0555402,3408.1,0
1.42374,4.736,-1.20971,2.45448,0.0381767,3326.46,0
1.43066,4.75157,-1.22565,2.59424,0.0408658,3321.25,0
1.43759,4.69575,-1.14933,2.40864,0.0272072,3266.41,0
1.44451,4.75054,-1.12993,2.40484,0.0364493,3288.69,0
1.4514,4.75649,-1.19573,2.33901,0.0357597,3277.17,0
1.45834,4.84207,-0.996453,2.45348,0.0488731,3320.27,0
1.46526,4.84867,-1.1503,2.44357,0.0507117,3309.08,0
1.47215,4.68495,-1.18152,2.4538,0.0178326,3182.38,0
1.47908,4.792,-1.08954,2.37102,0.045371,3239.85,0
1.48595,4.75673,-1.01676,2.36716,0.0337239,3201.14,0
1.49279,4.86301,-1.00397,2.46316,0.0612881,3257.65,0
1.4997,4.74673,-1.0536,2.12185,0.0492667,3165.12,0
1.50661,4.64978,-1.0126,2.17573,0.0322991,3086.26,0
1.51356,4.65608,-0.871546,2.01801,0.0314979,3076.25,0
1.52045,4.73161,-0.82975,1.98202,0.0448834,3111.97,0
1.52734,4.83949,-0.799514,1.94945,0.0727221,3168.58,0
1.53427,4.94464,-0.798144,1.86851,0.0792894,3222.79,0
1.54115,4.9311,-0.667923,1.88764,0.072307,3199.61,0
1.54811,4.78303,-0.503086,1.92831,0.0417103,3089.58,0
1.55502,4.77426,-0.66815,2.10725,0.0424734,3070.22,0
1.56197,4.76874,-0.470515,2.07983,0.0447605,3053.03,0
1.56886,4.71311,-0.483343,1.95089,0.0337459,3004.17,0
1.57574,4.84871,-0.406087,1.98926,0.051228,3077.1,0
1.58263,4.94405,-0.569602,1.86527,0.0671786,3123.95,0
1.58954,5.13056,-0.564396,1.67569,0.103334,3227.7,0
1.59648,5.22996,-0.546229,1.65051,0.128299,3275.94,0
1.60336,5.23566,-0.69569,1.80389,0.126223,3265.42,0
1.61026,5.08275,-0.780943,1.87268,0.0831778,3156.47,0
1.61724,4.89574,-0.807637,1.74342,0.050182,3027.23,0
1.62414,4.91809,-0.782502,1.69137,0.0568359,3028.11,0
1.63101,4.77846,-0.756048,1.71659,0.0240486,2929.76,0
1.63795,4.87489,-0.826229,1.68792,0.0465902,2976.21,0
1.64484,4.85566,-0.833042,1.75711,0.0374461,2952.07,0
1.65177,4.91839,-0.719134,1.74743,0.0511823,2977.64,0
1.65871,5.08517,-0.663949,1.68841,0.0912255,3065.75,0
1.66568,5.12724,-0.724054,1.67036,0.0905643,3078.17,0
1.67259,5.15883,-0.509177,1.79731,0.0855319,3084.33,0
1.67954,5.10504,-0.649343,1.87915,0.0832336,3039.55,0
1.68642,5.10682,-0.69267,1.88179,0.0791796,3028.2,0
1.69333,5.04426,-0.604078,1.9269,0.0498063,2978.89,0
1.70032,4.83674,-0.46611,2.03371,0.00859593,2844.61,0
1.70724,4.92833,-0.449206,2.03373,0.0277994,2886.73,0
1.71418,4.90607,-0.421018,1.87053,0.0253901,2862.05,0
1.72111,4.92636,-0.43199,1.63706,0.0363892,2862.31,0
1.72803,4.9334,-0.31446,1.66532,0.0296394,2854.93,0
1.73499,4.99964,-0.31748,1.76319,0.0422187,2881.65,0
1.74196,5.00691,-0.176142,1.86446,0.0506203,2874.3,0
1.74887,4.89461,-0.235342,2.02321,0.0245191,2798.72,0
1.75584,5.07363,-0.269392,1.99328,0.0595371,2889.57,0
1.76276,4.97714,-0.304568,2.1044,0.0388768,2823.49,0
1.76969,4.92813,-0.407812,2.15515,0.0320093,2784.74,0
1.77665,5.00772,-0.392847,2.05649,0.0562494,2818.63,0
1.78354,5.02964,-0.35548,1.99837,0.0604755,2820.03,0
1.7905,5.14007,-0.332007,2.10698,0.0843848,2870.75,0
1.7974,5.09276,-0.283173,2.06871,0.0826418,2833.41,0
1.80431,5.00152,-0.270648,2.16677,0.0593446,2771.98,0
1.81121,4.98223,-0.433798,2.10447,0.0688421,2750.77,0
1.81806,4.93982,-0.41077,2.21654,0.0555079,2717.08,0
1.82498,5.08153,-0.339723,2.10919,0.0956203,2784.43,0
1.83189,5.02031,-0.203663,2.02434,0.0765824,2740.51,0
1.83876,4.84902,-0.191833,1.7981,0.0422614,2637.12,0
1.84565,4.72625,-0.157316,1.82538,0.0194777,2560.75,0
1.85255,4.78263,-0.0836548,1.86126,0.0337171,2581.64,0
1.85941,4.83663,-0.204213,1.75795,0.0283935,2601.16,0
1.86637,4.77424,-0.118178,1.86382,0.0130219,2558.04,0
1.8733,4.88239,0.026535,1.92232,0.0404736,2606.3,0
1.88021,5.01911,-0.0387542,1.91974,0.0600728,2669.45,0
1.88714,4.95385,-0.0628253,2.04781,0.0412574,2625.06,0
1.89409,4.83778,0.0311391,2.11327,0.0195665,2554.14,0
1.90103,5.03388,-0.0689883,2.16862,0.0623167,2647.97,0
1.90789,5.03917,0.0625227,2.1976,0.0634267,2641.23,0
1.9148,5.15714,0.069784,2.10071,0.0735592,2693.3,0
1.92174,5.09609,0.0966636,2.03055,0.0661524,2651.81,0
1.92865,5.27767,0.115481,1.9269,0.0945426,2736.45,0
1.93555,5.22849,0.0936061,1.81821,0.0860758,2701.3,0
1.94241,5.20741,0.0612207,1.80201,0.0706758,2680.9,0
1.94929,5.14171,-0.224147,1.80631,0.05636,2637.74,0
1.95625,5.04899,-0.315037,1.76233,0.0443056,2580.95,0
1.96314,5.03061,-0.371644,1.69804,0.0389205,2562.54,0
1.97003,5.09387,-0.472254,1.66796,0.0492423,2585.67,0
1.97696,4.97734,-0.319886,1.61523,0.0299708,2517.67,0
1.98394,5.03915,-0.38646,1.63213,0.0418539,2539.97,0
1.99083,5.01938,-0.371046,1.76035,0.0315889,2521.25,0
1.99772,5.27216,-0.283179,1.7384,0.0872132,2639.08,0
2.00464,5.32094,-0.205463,1.90267,0.0901184,2654.32,0
2.0116,5.26913,-0.182351,1.79744,0.0823976,2619.37,0
2.01854,5.1592,-0.228672,1.77234,0.061496,2555.91,0
2.02543,4.98786,-0.317299,1.77331,0.0249731,2462.62,0
2.03235,4.96505,-0.35881,1.67512,0.0203368,2443.01,0
2.03921,5.06433,-0.303253,1.40409,0.0417933,2483.48,0
2.04617,5.04142,-0.286338,1.46342,0.028715,2463.84,0
2.05304,5.2481,-0.319147,1.52823,0.0769256,2556.26,0
2.06001,5.27677,-0.141525,1.5886,0.0654884,2561.52,0
2.06691,5.15611,-0.15332,1.55679,0.0457527,2494.59,0
2.07381,5.21928,0.0115241,1.65565,0.0535999,2516.76,0
2.08071,5.2728,-0.0274293,1.74977,0.0589932,2534.14,0
2.08757,5.26442,-0.140234,1.92219,0.0609778,2521.8,0
2.09452,5.16019,-0.248837,1.85447,0.0420118,2463.66,0
2.10144,5.16779,-0.190323,1.90224,0.0438022,2459.17,0
2.10832,5.27014,-0.114357,1.69674,0.0629861,2499.69,0
2.11523,5.33155,0.0864454,1.69623,0.0750827,2520.55,0
2.12213,5.359,0.0678337,1.69806,0.0784599,2525.3,0
2.12902,5.26552,0.0580756,1.65289,0.0600614,2473.22,0
2.13591,5.11113,0.00187523,1.64127,0.0337567,2392.95,0
2.14281,5.15259,-0.0571275,1.65417,0.0447111,2404.59,0
2.14975,5.45176,-0.208621,1.45461,0.11425,2536,0
2.15666,5.54651,-0.19435,1.58585,0.100959,2571.81,0
2.16354,5.78184,0.190251,1.54359,0.144308,2672.4,0
2.17051,5.77439,0.0638372,1.438,0.132598,2660.38,0
2.17747,5.47225,0.200398,1.199,0.0873158,2513.13,0
2.18441,5.70763,0.0968115,1.25817,0.13121,2612.89,0
2.19134,5.89046,-0.138283,1.20997,0.187864,2688.06,0
2.19828,5.78139,-0.259706,1.31003,0.144147,2629.96,0
2.20522,5.90896,-0.0740434,1.6124,0.167007,2679.53,0
2.21216,5.89613,-0.0612153,1.38223,0.147627,2665.33,0
2.21912,5.6988,-0.166999,1.41305,0.0952036,2568.04,0
2.22598,5.70957,-0.365266,1.30855,0.0960505,2564.97,0
2.23289,5.77318,-0.330655,1.22112,0.103021,2585.52,0
2.2398,5.93816,-0.115412,1.33269,0.131515,2651.2,0
2.24673,5.95955,0.0398901,1.32056,0.143811,2652.55,0
2.25366,5.92381,-0.0550394,1.35708,0.147626,2628.52,0
2.26053,5.99298,0.0477498,1.17034,0.132756,2651.14,0
2.26746,6.09193,0.105397,1.23099,0.140464,2686.68,0
2.27437,5.86892,0.0594345,1.14229,0.0915762,2580.46,0
2.2813,5.92012,0.0364017,1.10692,0.104005,2595.06,0
2.28819,5.93753,0.0472805,1.06902,0.11048,2594.86,0
2.29512,5.8851,0.174635,1.15691,0.0748777,2564.18,0
2.302,5.9759,0.20277,1.18912,0.0878243,2595.96,0
2.30891,5.99008,-0.0116179,1.33191,0.0920391,2594.34,0
2.31588,5.92364,0.110614,1.34458,0.0897193,2557.83,0
2.32275,6.00259,0.268379,1.40344,0.0942138,2584.25,0
2.32957,6.01269,0.0769061,1.41657,0.0968947,2581.03,0
2.33645,6.25154,0.182062,1.37887,0.120693,2675.66,0
2.34333,6.28766,0.142475,1.35351,0.122824,2683.21,0
2.35021,6.20904,0.263464,1.16563,0.105034,2641.91,0
2.35713,6.38683,0.326084,1.18544,0.155736,2709.58,0
2.36404,6.50982,0.26008,0.754557,0.181982,2753.68,0
2.37092,6.72,0.344931,0.480362,0.228532,2834.34,0
2.37784,6.67621,0.166664,0.33782,0.201201,2807.68,0
2.38468,6.79564,0.36666,0.20107,0.237586,2849.71,0
2.39157,6.77716,0.573441,0.130885,0.215625,2833.77,0
2.39846,6.8833,0.510847,0.100832,0.237423,2869.89,0
2.40532,6.82994,0.622862,0.0844137,0.204812,2839.51,0
2.41224,7.00365,0.286278,0.109945,0.244002,2903.39,0
2.41917,7.25649,0.41085,0.420656,0.270429,2999.57,0
2.42613,7.28927,0.0396712,0.290986,0.265409,3004.49,0
2.43307,7.2586,0.17278,0.183011,0.256338,2983.31,0
2.43995,7.37378,0.178505,0.283387,0.254784,3022.11,0
2.44688,7.54619,0.076306,0.296649,0.258167,3084.01,0
2.45376,7.40801,-0.197923,0.42985,0.201624,3019.04,0
2.46068,7.42801,0.0012245,0.418902,0.182494,3018.68,0
2.46761,7.34713,0.570468,0.406572,0.179458,2977.43,0
2.47452,7.26074,0.600592,0.303702,0.1481,2934.2,0
2.48145,7.30931,0.459985,0.01156,0.151293,2945.58,0
2.4883,7.14909,0.547171,0.141004,0.115254,2873.08,0
2.49519,7.11702,0.738281,0.220081,0.0965352,2852.29,0
2.50211,7.28686,0.696567,0.229608,0.118855,2912.28,0
2.50903,7.25122,0.844373,0.106814,0.118388,2890.05,0
2.51595,7.25015,0.713748,-0.0966967,0.118836,2881.67,0
2.52281,7.39361,0.829673,-0.00755311,0.154909,2930.71,0
2.52971,7.33627,0.880456,-0.000665931,0.132399,2900.05,0
2.53661,7.14997,0.989647,0.149102,0.0750345,2818.71,0
2.54355,7.12724,0.966944,0.170604,0.0765777,2802.08,0
2.55048,7.00057,0.962834,0.148687,0.0419677,2744.8,0
2.55744,6.94436,0.860716,0.222388,0.0311368,2715.36,0
2.56429,6.9053,0.750837,0.364096,0.0223198,2692.86,0
2.57118,6.90209,0.864662,0.429836,0.0145986,2684.4,0
2.57813,7.11682,1.06717,0.497407,0.0577203,2760.45,0
2.58506,7.21807,1.12954,0.338294,0.0751526,2792.23,0
2.59197,7.39471,1.29235,0.480011,0.112584,2852.93,0
2.5989,7.30848,1.17905,0.624189,0.0895528,2812.15,0
2.60582,7.46386,1.18555,0.726054,0.104323,2864.3,0
2.61277,7.39339,1.09836,0.601835,0.088777,2829.72,0
2.6197,7.52692,1.12521,0.556764,0.118288,2873.2,0
2.62664,7.39233,1.2866,0.676995,0.0941956,2814.36,0
2.63359,7.41754,1.36556,0.731451,0.113076,2816.52,0
2.6405,7.53218,1.30659,0.732724,0.13006,2852.56,0
2.64738,7.39561,1.14093,0.810464,0.0944822,2793.56,0
2.65428,7.35143,1.18526,1.01553,0.0825143,2769.65,0
2.66119,7.32642,1.25583,1.13864,0.0683723,2753.06,0
2.66814,7.35935,0.988128,1.13884,0.085434,2758.23,0
2.67502,7.32168,0.953009,1.09243,0.0603903,2737.05,0
2.68195,7.25626,0.955742,1.1288,0.0449536,2705.59,0
2.68885,7.26058,0.912297,1.20131,0.0455329,2700.25,0
2.6958,7.43788,0.934262,1.3025,0.0758127,2759.07,0
2.70268,7.39415,0.748983,1.47292,0.0727688,2735.85,0
2.70957,7.4006,0.922387,1.42882,0.0669988,2731.29,0
2.71642,7.38251,0.905658,1.38782,0.0632409,2717.73,0
2.72334,7.28613,0.781637,1.13019,0.0335492,2675.44,0
2.73026,7.33063,0.868916,1.04583,0.0434136,2684.95,0
2.73716,7.41943,0.717952,0.974798,0.0455382,2710.64,0
2.74411,7.49173,0.793122,0.946225,0.0652193,2730.11,0
2.75098,7.51409,0.853819,1.05271,0.0622849,2731.42,0
2.75798,7.47549,0.885764,1.07046,0.051787,2710.5,0
2.7649,7.34364,0.797215,1.14772,0.0284955,2656.03,0
2.77183,7.48314,0.741688,1.19761,0.0615581,2699.71,0
2.77874,7.51713,0.786055,1.16023,0.0685399,2705.23,0
2.78565,7.61341,0.669643,1.1788,0.0842307,2733.08,0
2.79259,7.86691,0.444458,1.13837,0.135776,2817.07,0
2.79954,7.71256,0.523138,1.35512,0.105575,2754.94,0
2.80642,7.51503,0.522185,1.37059,0.0646979,2677.8,0
2.81332,7.76537,0.635898,1.46922,0.109135,2760.22,0
2.8202,7.76532,0.642146,1.44077,0.102151,2753.46,0
2.82714,7.72451,0.564635,1.2157,0.104623,2732.27,0
2.83397,7.57401,0.507954,1.20825,0.0771049,2672.58,0
2.84087,7.59599,0.37656,1.03826,0.0826475,2673.83,0
2.84777,7.69908,0.565522,1.2038,0.0953645,2703.55,0
2.85469,7.69857,0.525554,1.27633,0.0801484,2696.82,0
2.86157,7.63451,0.382332,1.26423,0.0641021,2667.95,0
2.86849,7.43344,0.461923,1.31527,0.0249428,2591.41,0
2.87542,7.46283,0.460996,1.31283,0.0338074,2595.39,0
2.88236,7.56512,0.380058,1.27062,0.0567961,2624.63,0
2.88926,7.56156,0.383981,1.42668,0.0564656,2617.13,0
2.89617,7.57896,0.391107,1.34058,0.0617816,2616.89,0
2.90313,7.63394,0.269657,1.21769,0.0720199,2629.55,0
2.91005,7.5764,0.157927,1.28089,0.0453717,2603.53,0
2.91698,7.53047,0.119438,1.35484,0.0325415,2581.6,0
2.92395,7.43477,-0.0183872,1.39981,0.0113562,2542.72,0
2.93087,7.49844,0.0407611,1.44381,0.0230054,2558.44,0
2.93777,7.50605,-0.0972923,1.28227,0.0243128,2555.02,0
2.94466,7.45554,-0.0555171,1.22705,0.0130095,2531.89,0
2.95156,7.41811,-0.145444,1.20741,0.00595755,2513.28,0
2.95848,7.46925,-0.241618,1.29905,0.0162034,2524.69,0
2.96541,7.41092,-0.186253,1.44702,0.00642067,2499.12,0
2.97234,7.40701,-0.244824,1.57682,0.00576058,2491.98,0
2.97922,7.40406,-0.131508,1.63853,0.00411404,2485.23,0
2.9861,7.5107,-0.107773,1.63325,0.0256179,2515.23,0
2.99298,7.64551,-0.14633,1.75028,0.0472751,2554.49,0
2.99987,7.7099,-0.0756851,1.60439,0.0598642,2570.08,0
3.00679,7.73899,0.0226269,1.53408,0.0784791,2573.84,0
3.01366,7.70537,-0.150143,1.41935,0.0544636,2556.82,0
3.02058,7.77597,0.027443,1.40357,0.0637245,2574.33,0
3.02749,7.69795,-0.105311,1.49857,0.0539364,2542.69,0
3.03438,7.76246,-0.127677,1.47315,0.058641,2558.17,0
3.04126,7.6829,-0.173313,1.65331,0.0382273,2526.22,0
3.04815,7.84845,-0.21123,1.59403,0.0650959,2574.82,0
3.05511,7.89002,-0.0556408,1.56393,0.0766403,2582.57,0
3.06204,7.86894,-0.211541,1.59034,0.0758585,2569.83,0
3.06896,7.9592,-0.16856,1.70043,0.100189,2593.45,0
3.07588,7.85796,-0.466462,1.75655,0.0824156,2554.7,0
3.08276,7.73236,-0.555683,1.90279,0.0511035,2508.26,0
3.08967,7.57192,-0.438043,1.92756,0.0250986,2450.72,0
3.09651,7.4895,-0.54701,1.98727,0.00936601,2418.69,0
3.10343,7.46561,-0.572809,2.04765,0.00715097,2405.6,0
3.11031,7.46545,-0.675127,1.96866,0.00629452,2400.23,0
3.11721,7.45712,-0.686438,1.89698,0.00502218,2392.24,0
3.12414,7.55196,-0.673237,1.88388,0.0240357,2417.29,0
3.13101,7.62724,-0.742782,1.85251,0.035549,2436.03,0
3.13796,7.66633,-0.704997,1.91465,0.0349525,2443.1,0
3.14492,7.80597,-0.760694,2.05993,0.0669854,2482.09,0
3.15183,7.90192,-0.643455,2.01672,0.0754999,2507.09,0
3.15873,7.8939,-0.707047,1.98701,0.0922185,2499.07,0
3.1656,7.78866,-0.764212,2.01226,0.0560053,2460.41,0
3.17251,7.8791,-0.706588,2.04741,0.0620734,2483.55,0
3.17934,7.98314,-0.780572,2.20213,0.0730823,2510.94,0
3.18625,7.99544,-0.794523,2.3604,0.0706078,2509.36,0
3.19314,7.99114,-0.826094,2.53332,0.0693413,2502.6,0
3.20005,7.95124,-0.900733,2.63256,0.0533187,2484.73,0
3.20697,7.84,-0.762577,2.69353,0.0303401,2444.67,0
3.21381,8.06215,-0.931273,2.90873,0.0797252,2508.59,0
3.22078,8.26394,-0.836886,2.81785,0.117311,2565.82,0
3.22768,8.22063,-0.949547,2.9109,0.106152,2546.91,0
3.23455,8.26414,-0.989612,2.8739,0.101217,2554.95,0
3.24145,8.44465,-0.868749,2.77066,0.134064,2605.21,0
3.24831,8.40842,-0.875174,2.86004,0.12991,2588.55,0
3.25519,8.30435,-0.888329,2.81381,0.119399,2551.11,0
3.26208,8.27801,-0.912245,2.71816,0.127404,2537.65,0
3.269,8.39421,-1.10889,2.52479,0.140792,2567.82,0
3.27591,8.31933,-1.28573,2.69791,0.140486,2539.55,0
3.28281,8.26523,-1.16067,2.70125,0.137453,2517.73,0
3.28972,8.52033,-1.0095,2.84442,0.177964,2589.99,0
3.29664,8.46549,-0.979709,2.96621,0.141434,2567.92,0
3.30356,8.38283,-0.906754,3.1959,0.109951,2537.52,0
3.31049,8.34566,-0.9388,3.19638,0.104037,2520.97,0
3.3174,8.30227,-0.779871,3.19155,0.0868626,2502.64,0
3.32424,8.25698,-0.694218,3.09902,0.0759579,2483.87,0
3.33114,8.19096,-0.659774,3.01933,0.0621042,2458.91,0
3.338,8.21986,-0.733577,2.86967,0.0616996,2462.51,0
3.3449,8.19835,-0.76363,2.61538,0.0504678,2451,0
3.35182,8.21939,-0.800942,2.73322,0.0494906,2452.22,0
3.35867,8.17163,-0.660619,2.64237,0.0400074,2432.99,0
3.36555,8.1564,-0.676581,2.61215,0.0399929,2423.5,0
3.37252,8.09069,-0.703853,2.44076,0.0216816,2399.01,0
3.37941,8.01305,-0.520389,2.38631,0.0121957,2371.14,0
3.38637,8.18449,-0.508284,2.37235,0.042649,2416.89,0
3.39327,8.03708,-0.470402,2.33266,0.0241409,2368.53,0
3.40017,8.02974,-0.51056,2.38558,0.0208035,2361.57,0
3.40705,8.02641,-0.482234,2.38282,0.0194309,2355.82,0
3.41396,7.99313,-0.586678,2.44597,0.0117075,2341.31,0
3.42082,8.05347,-0.653795,2.47835,0.020338,2354.25,0
3.42771,8.12764,-0.596265,2.40967,0.0373689,2371.16,0
3.43464,8.2166,-0.435695,2.32284,0.0468376,2392.27,0
3.44156,8.46003,-0.402682,2.18642,0.0943884,2458.2,0
3.44843,8.40754,-0.420821,2.16994,0.0760852,2438.08,0
3.45535,8.28264,-0.31279,2.15932,0.0519548,2397.04,0
3.46225,8.42346,-0.176834,2.19335,0.0818113,2432.94,0
3.46914,8.33451,-0.267599,2.32081,0.0662331,2402.47,0
3.47605,8.29965,-0.15525,2.23105,0.0499237,2387.67,0
3.48298,8.32155,-0.0847812,2.16443,0.049354,2389.21,0
3.48992,8.2645,-0.260147,2.10361,0.0315353,2368.11,0
3.49677,8.24529,-0.123321,2.27419,0.0214896,2357.97,0
3.50367,8.21163,-0.187407,2.20541,0.0187253,2343.73,0
3.51054,8.23034,-0.210766,2.25339,0.0226694,2344.47,0
3.51739,8.29209,-0.187206,2.24053,0.0297634,2357.46,0
3.52428,8.247,-0.210588,2.3898,0.0147964,2340.05,0
3.53117,8.27742,-0.249115,2.3118,0.0205807,2344.1,0
3.5381,8.52349,-0.31906,2.2512,0.0671594,2409.06,0
3.54505,8.62469,-0.24502,2.31438,0.0717419,2432.88,0
3.55193,8.73301,-0.265612,2.30707,0.0942125,2458.67,0
3.5588,8.76844,-0.357942,2.3507,0.111521,2463.88,0
3.56572,8.86012,-0.233908,2.3165,0.110408,2484.81,0
3.57265,8.88008,-0.190011,2.10778,0.10986,2485.57,0
3.57951,9.04145,-0.116876,2.19099,0.123003,2525.89,0
3.58642,9.07392,0.104537,2.32929,0.13701,2530.08,0
3.59331,8.97707,-0.0563447,2.30551,0.112957,2498.27,0
3.60021,8.98763,-0.165673,2.32661,0.0972742,2496.42,0
3.60711,8.91394,-0.312955,2.28066,0.0801448,2471.22,0
3.61397,8.93858,-0.332712,2.1986,0.0957972,2473.34,0
3.62093,8.98884,-0.559457,2.27451,0.102014,2482.47,0
3.62782,9.05887,-0.775845,2.07497,0.102515,2497.06,0
3.63473,8.9435,-0.818931,2.13162,0.0820791,2460.57,0
3.64161,8.97738,-0.909203,2.18939,0.083628,2465.22,0
3.64853,9.00127,-1.00776,2.00973,0.0890006,2467.09,0
3.65543,8.94912,-0.973519,2.06084,0.0763928,2448.17,0
3.66229,8.84863,-1.08022,2.25722,0.0595958,2416.14,0
3.66913,8.88645,-0.954191,2.40503,0.0720105,2421.95,0
3.67604,8.81139,-0.945696,2.29788,0.0542334,2396.97,0
3.68298,8.87246,-1.0009,2.46919,0.0683434,2409.05,0
3.68982,8.92604,-0.959169,2.30991,0.0819635,2419.1,0
3.69676,9.00206,-0.907159,2.26724,0.0905851,2435.12,0
3.70371,9.01116,-0.916247,2.1918,0.0864315,2433.01,0
3.71066,9.09604,-1.33615,2.05288,0.102493,2451.32,0
3.71756,9.09318,-1.19673,1.822,0.091093,2446,0
3.72441,9.04404,-1.1162,1.74789,0.0844327,2428.31,0
3.73139,9.1211,-1.04078,1.70081,0.0995756,2444.43,0
3.73825,9.10919,-1.01816,1.5847,0.0820891,2436.75,0
3.74517,9.1727,-1.13985,1.53518,0.0935262,2449.21,0
3.75207,9.32374,-1.08977,1.68853,0.110892,2484.96,0
3.75897,9.5206,-1.13523,1.69133,0.158945,2532.77,0
3.76595,9.51006,-1.17023,1.5609,0.134151,2525.28,0
3.77288,9.29847,-1.19388,1.66772,0.0866878,2464.55,0
3.77978,9.32906,-1.30229,1.73182,0.0908641,2468.15,0
3.78669,9.33189,-1.16506,1.49411,0.0888095,2464.39,0
3.7936,9.36637,-1.24055,1.44164,0.0996402,2468.99,0
3.8005,9.3422,-1.02801,1.49116,0.0899633,2458.15,0
3.80743,9.20076,-0.96945,1.5399,0.0658658,2416.53,0
3.81431,9.05607,-0.996621,1.48606,0.0292106,2374.23,0
3.82126,9.2183,-1.15044,1.5425,0.0540294,2412.37,0
3.82817,9.36439,-1.08131,1.64711,0.0793152,2446.18,0
3.83508,9.23341,-1.05835,1.50811,0.0650346,2407.62,0
3.84198,9.08369,-1.17218,1.23935,0.0305643,2364.33,0
3.84891,9.16442,-1.1128,0.966792,0.0455366,2381.04,0
3.8558,9.34357,-1.01788,0.728949,0.0773889,2423.25,0
3.86271,9.42798,-0.960014,0.763671,0.0993518,2440.77,0
3.8696,9.44836,-0.91105,0.692897,0.0969742,2441.69,0
3.87649,9.41997,-0.975375,0.826874,0.0906376,2430.02,0
3.88339,9.34296,-1.1495,0.772133,0.0708483,2405.87,0
3.89029,9.53389,-0.987194,0.712706,0.118922,2450.69,0
3.89724,9.35743,-1.03501,0.632747,0.0889358,2401.04,0
3.90413,9.44202,-0.921513,0.497829,0.086807,2418.47,0
3.91103,9.54341,-0.959715,0.36723,0.102209,2440.13,0
3.91793,9.34407,-0.681136,0.370975,0.0572596,2384.95,0
3.92481,9.48114,-0.715574,0.366131,0.0855965,2415.69,0
3.93172,9.33065,-0.817505,0.39571,0.0512993,2373.17,0
3.9386,9.26801,-0.937948,0.4295,0.033658,2353.12,0
3.94553,9.36265,-0.928925,0.439478,0.0548867,2372.98,0
3.95246,9.48702,-1.03918,0.512317,0.0694318,2400.29,0
3.95939,9.43944,-1.17427,0.525831,0.0633341,2384.07,0
3.96629,9.52776,-1.26117,0.579301,0.0771355,2402.19,0
3.97321,9.70571,-1.28577,0.405544,0.10355,2442.79,0
3.98012,10.0804,-1.30806,0.391088,0.183899,2532.69,0
3.98705,9.97105,-1.25736,0.0266845,0.169847,2500.86,0
3.99395,10.2574,-1.27997,0.146889,0.227626,2568.24,0
4.00089,10.2261,-1.28673,-0.131105,0.198184,2555.97,0
4.00777,10.1666,-1.16387,-0.0144452,0.150955,2536.71,0
4.01473,10.2603,-1.47214,-0.0652014,0.165226,2555.66,0
4.02157,10.3696,-1.54698,0.303038,0.174,2578.49,0
4.02849,10.2058,-1.73452,0.397558,0.114201,2533.4,0
4.03537,10.2161,-1.64569,0.444695,0.117393,2531.64,0
4.04224,10.228,-1.45036,0.488807,0.0950722,2530.28,0
4.04913,10.0718,-1.3557,0.509577,0.0499147,2487.4,0
4.05608,10.1078,-1.23161,0.488793,0.0569385,2492.01,0
4.063,10.049,-1.1178,0.496403,0.0476433,2473.29,0
4.06993,10.307,-0.942962,0.441324,0.0873685,2532.47,0
4.0768,10.0827,-0.927262,0.518095,0.0592175,2473.19,0
4.08373,10.07,-0.843693,0.787681,0.0483299,2465.88,0
4.09065,10.1818,-0.779459,0.680043,0.0729811,2489.04,0
4.09754,10.1804,-0.813256,0.660467,0.0685865,2484.5,0
4.10445,10.2282,-0.709934,0.808933,0.0820206,2491.96,0
4.11133,10.2024,-0.646872,0.778587,0.0756004,2481.53,0
4.11822,10.2734,-0.501773,0.720801,0.0881306,2494.61,0
4.12502,10.2076,-0.586776,0.89496,0.070994,2474.55,0
4.132,10.2301,-0.624764,0.804128,0.0647883,2475.81,0
4.13893,10.1901,-0.578651,0.552335,0.0458337,2462.01,0
4.14587,10.1093,-0.457842,0.535634,0.0293797,2438.4,0
4.15272,10.1226,-0.472174,0.534469,0.0310544,2437.58,0
4.15961,10.2237,-0.419053,0.494427,0.0435721,2457.84,0
4.16648,10.4811,-0.294765,0.245548,0.0876631,2515.57,0
4.17339,10.7168,-0.00704748,0.236531,0.133693,2567.88,0
4.18031,10.6063,-0.0186123,0.269142,0.116763,2537.2,0
4.18726,10.7236,0.209663,0.32877,0.124681,2560.99,0
4.19423,10.6269,0.212966,0.289213,0.0914692,2533.7,0
4.20111,10.6412,0.324603,0.443113,0.0999959,2532.95,0
4.20805,10.6298,0.311192,0.398895,0.106437,2526.06,0
4.21496,10.7228,0.234329,0.49266,0.116772,2543.99,0
4.22187,11.0204,0.0721463,0.164481,0.171655,2610.3,0
4.22877,10.9655,0.104305,0.0905491,0.151664,2593.07,0
4.23564,10.7391,0.0382712,0.150204,0.099603,2535.4,0
4.24253,10.6658,-0.0354256,0.220804,0.0881772,2514.02,0
4.24944,10.7235,0.0270615,0.320667,0.0864881,2523.5,0
4.25634,10.7414,-0.153571,0.388734,0.0921772,2523.62,0
4.26321,10.697,-0.210116,0.476543,0.0900052,2509.14,0
4.2701,10.6131,-0.153346,0.58459,0.0616006,2485.45,0
4.27696,10.6227,-0.163825,0.566644,0.0576449,2483.71,0
4.28385,10.761,-0.172421,0.564802,0.0885188,2511.98,0
4.29074,10.6211,-0.428487,0.739877,0.0708042,2475.35,0
4.29767,10.4396,-0.303635,0.707812,0.0317998,2429.13,0
4.30458,10.3985,-0.375909,0.805458,0.019844,2415.69,0
4.31149,10.3094,-0.322897,0.728846,0.00339941,2391.14,0
4.31849,10.3667,-0.374685,0.708879,0.0139318,2400.54,0
4.3254,10.2919,-0.280865,0.730323,0.000925671,2379.4,0
4.33238,10.4397,-0.326751,0.693904,0.0319576,2409.68,0
4.33927,10.445,-0.343568,0.616562,0.0356138,2407.08,0
4.34619,10.5775,-0.342794,0.558048,0.0635423,2433.73,0
4.3531,10.6547,-0.356496,0.38221,0.0765214,2447.62,0
4.36,10.6164,-0.390272,0.376354,0.0745884,2434.96,0
4.36692,10.6038,-0.336527,0.353792,0.0651257,2428.2,0
4.37385,10.84,-0.313794,0.314553,0.0992195,2478.37,0
4.38073,11.1001,-0.385947,0.366119,0.139778,2533.85,0
4.38766,11.0185,-0.43406,0.309806,0.102327,2511.25,0
4.3945,11.0291,-0.477104,0.563321,0.10408,2509.76,0
4.40142,11.1418,-0.360998,0.494629,0.104597,2531.41,0
4.40831,11.2673,-0.368699,0.651519,0.129873,2555.92,0
4.41517,11.2942,-0.235899,0.540756,0.115591,2558.04,0
4.42206,11.3404,-0.285945,0.535104,0.111735,2564.5,0
4.42893,11.2762,-0.20348,0.660418,0.0826596,2546.04,0
4.43584,11.3301,-0.217462,0.509175,0.0903929,2554.21,0
4.4427,11.3408,-0.271729,0.632312,0.0847732,2552.68,0
4.44954,11.3539,-0.514912,0.608757,0.0779198,2551.71,0
4.45642,11.2709,-0.485799,0.837371,0.0577535,2529.14,0
4.46334,11.3883,-0.441731,0.740389,0.0895188,2551.51,0
4.47026,11.303,-0.430143,0.845005,0.0745941,2528.49,0
4.47717,11.1161,-0.476557,0.716565,0.0265924,2482.84,0
4.48414,11.1091,-0.435208,0.819871,0.0222828,2477.41,0
4.491,11.058,-0.342894,0.915293,0.0156434,2462.25,0
4.49788,11.0578,-0.367512,0.880434,0.0149066,2458.44,0
4.50478,11.1247,-0.292359,1.09179,0.0250276,2469.54,0
4.51173,11.1716,-0.458714,1.26216,0.0342893,2476.12,0
4.51862,11.2301,-0.45425,1.23454,0.0382733,2485.3,0
4.52551,11.1346,-0.536437,1.23955,0.014483,2460.41,0
4.53246,11.1311,-0.598741,1.19946,0.0138053,2455.86,0
4.53937,11.0794,-0.433611,1.20937,0.00701366,2440.72,0
4.54633,11.0606,-0.282546,1.15571,0.0050712,2432.87,0
4.55325,11.1717,-0.360209,1.19335,0.0260699,2453.57,0
4.56018,11.1799,-0.391933,1.00002,0.0307979,2451.64,0
4.5671,11.2403,-0.438775,1.06477,0.0362886,2461.14,0
4.57404,11.2572,-0.41055,0.965187,0.0406841,2461.1,0
4.58097,11.3367,-0.442721,0.875741,0.0507682,2474.75,0
4.58788,11.4134,-0.389345,0.794408,0.0794637,2487.74,0
4.5948,11.2439,-0.350934,0.791451,0.054217,2447.1,0
4.60168,11.3431,-0.32047,0.71883,0.071982,2464.99,0
4.60862,11.3106,-0.372337,0.604667,0.054742,2454.22,0
4.61551,11.2852,-0.350901,0.646789,0.0421002,2445.06,0
4.6224,11.1641,-0.416838,0.638293,0.0187859,2415.21,0
4.62929,11.1323,-0.503721,0.633048,0.0151801,2404.75,0
4.63614,11.1283,-0.440376,0.638423,0.011527,2400.34,0
4.64304,11.2633,-0.327209,0.686442,0.0365529,2425.85,0
4.64993,11.322,-0.237523,0.573917,0.0457707,2434.87,0
4.65687,11.4607,-0.194216,0.736547,0.0681912,2461.03,0
4.66375,11.5188,-0.468378,0.534172,0.0625777,2469.86,0
4.67064,11.4048,-0.406183,0.447142,0.0469324,2441.8,0
4.67757,11.3462,-0.372157,0.293044,0.0351636,2425.65,0
4.68449,11.3599,-0.496201,0.198495,0.0341851,2425.01,0
4.6914,11.5258,-0.41553,0.208888,0.066254,2456.8,0
4.69827,11.5122,-0.388201,0.038678,0.0605628,2450.3,0
4.70522,11.4219,-0.480321,0.0969182,0.0382327,2427.51,0
4.71213,11.3517,-0.599908,0.0584221,0.0277557,2409.03,0
4.71903,11.3212,-0.53193,0.0788615,0.0161102,2399.05,0
4.72597,11.33,-0.572608,-0.0849913,0.0178508,2397.39,0
4.73292,11.4462,-0.609012,0.0306486,0.0386678,2418.42,0
4.73986,11.5249,-0.724065,-0.137791,0.051643,2431.48,0
4.74679,11.3975,-0.772192,-0.0984915,0.0286393,2401.1,0
4.75371,11.3295,-0.773304,-0.10354,0.0172773,2383.29,0
4.76063,11.4934,-0.718808,0.0101998,0.0485983,2414.26,0
4.76751,11.4978,-0.727096,-0.0384127,0.0436412,2411.71,0
4.77441,11.3489,-0.702183,-0.115612,0.00970846,2377.04,0
4.78138,11.4135,-0.683327,-0.0883109,0.0243874,2387.07,0
4.78829,11.5644,-0.58093,-0.131347,0.053847,2415.14,0
4.79516,11.482,-0.525374,-0.0849827,0.0424203,2394.5,0
4.80207,11.4567,-0.442211,-0.127925,0.0436276,2385.79,0
4.80895,11.5203,-0.473568,-0.165251,0.0555739,2395.59,0
4.81589,11.7901,-0.467607,-0.219867,0.1007,2448.16,0
4.82282,11.6092,-0.653484,0.0232351,0.0591575,2407.13,0
4.82975,11.5919,-0.801985,0.0573441,0.0546635,2400.11,0
4.83666,11.5072,-0.879222,0.108915,0.0384982,2379.16,0
4.84362,11.5463,-0.943768,0.187521,0.0489607,2383.82,0
4.85055,11.5385,-0.96935,0.231442,0.0501247,2378.8,0
4.85743,11.5624,-0.93982,0.1651,0.0589169,2380.35,0
4.86431,11.4319,-0.952962,0.0859534,0.0375987,2350.16,0
4.87121,11.6514,-1.03184,0.206758,0.0750058,2391.88,0
4.87811,11.7293,-1.18104,0.177929,0.0853617,2404.47,0
4.88502,11.5414,-1.3796,0.179161,0.0378109,2362.6,0
4.89191,11.4836,-1.36824,0.163181,0.0208142,2347.46,0
4.89881,11.445,-1.32828,0.205517,0.0128337,2336.29,0
4.90573,11.4082,-1.32031,0.27548,0.00369645,2325.49,0
4.91264,11.4243,-1.44613,0.23507,0.0107357,2325.48,0
4.91951,11.4541,-1.47846,0.283212,0.0191218,2328.3,0
4.92643,11.3768,-1.52949,0.230679,0.00368653,2309.35,0
4.93327,11.4645,-1.46302,0.306907,0.0191974,2323.91,0
4.94018,11.5346,-1.43743,0.327142,0.0336202,2334.86,0
4.94708,11.432,-1.43697,0.342288,0.0158399,2310.86,0
4.954,11.4399,-1.35995,0.369618,0.0172376,2309.22,0
4.96089,11.5055,-1.24043,0.504038,0.0308706,2319.25,0
4.96782,11.6292,-1.1078,0.499193,0.0524303,2340.91,0
4.97475,11.6281,-1.10689,0.648025,0.0531905,2337.42,0
4.98169,11.643,-1.07236,0.602535,0.0620833,2337.15,0
4.98864,11.6037,-1.0756,0.721877,0.0623037,2326.02,0
4.99553,11.6515,-1.03884,0.725823,0.0641759,2332.38,0
5.00247,11.9001,-1.20026,0.743231,0.120805,2378.84,0
5.00936,12.0381,-1.25267,0.734199,0.135802,2403.11,0
5.01627,12.1564,-1.362,0.849502,0.156624,2423.39,0
5.02316,12.263,-1.61651,0.679228,0.173108,2441.3,0
5.03003,12.3086,-1.73561,0.72559,0.159378,2447.02,0
5.03699,12.1761,-2.01265,0.643799,0.101668,2417.33,0
5.04396,12.5739,-1.9698,0.870813,0.170152,2492.86,0
5.05085,12.4979,-2.12345,0.922933,0.161133,2474.41,0
5.05781,12.4617,-2.4348,0.896332,0.131205,2463.85,0
5.06472,12.515,-2.35884,0.973368,0.151063,2471.03,0
5.0716,12.3109,-2.50667,1.00612,0.107638,2427.43,0
5.07848,12.5968,-2.42618,0.79296,0.15096,2480.43,0
5.0854,12.6931,-2.38428,0.96292,0.162653,2495.98,0
5.09229,12.8665,-2.36797,1.05653,0.190326,2526.66,0
5.09926,12.7426,-2.49625,1.22423,0.186449,2498.91,0
5.10618,12.7274,-2.40379,1.06889,0.188181,2492.54,0
5.11308,12.7111,-2.68352,1.18222,0.167328,2486,0
5.12003,12.5868,-2.61685,1.15898,0.136078,2458.34,0
5.12694,12.7074,-2.61313,1.22513,0.153147,2478.57,0
5.13385,12.7948,-2.51464,1.63709,0.132616,2492.25,0
5.14073,12.7773,-2.39298,1.77526,0.136067,2485.51,0
5.14763,12.6833,-2.29429,1.84626,0.0991152,2463.91,0
5.15452,12.8411,-2.23994,1.78665,0.12809,2491.24,0
5.16145,12.7992,-2.44849,1.71918,0.132225,2479.76,0
5.16835,12.7007,-2.09528,1.91351,0.109468,2457.4,0
5.17523,12.4933,-2.03232,2.0086,0.0707057,2414.05,0
5.18214,12.4933,-1.95664,2.00968,0.0740489,2410.84,0
5.18901,12.561,-2.05538,2.18088,0.0685402,2420.7,0
5.19588,12.4644,-2.18194,2.18889,0.0359881,2398.89,0
5.20281,12.5536,-2.21955,2.03991,0.051839,2412.84,0
5.20972,12.6691,-2.07185,1.69598,0.0813133,2431.82,0
5.21663,12.6126,-2.37417,1.70306,0.0666394,2417.78,0
5.22349,12.6327,-2.41693,1.82415,0.0628812,2418.43,0
5.23043,12.6478,-2.39975,1.70213,0.0682452,2418.13,0
5.23735,12.5599,-2.37435,1.67683,0.0565128,2398.14,0
5.24426,12.5178,-2.37548,1.71861,0.0392575,2386.95,0
5.25117,12.5233,-2.32602,1.73738,0.0440774,2384.87,0
5.25804,12.5212,-2.28405,1.77615,0.0515874,2381.34,0
5.26495,12.3979,-2.3769,1.80647,0.0244726,2354.79,0
5.27189,12.4039,-2.36064,1.96362,0.0217867,2352.84,0
5.27876,12.3757,-2.32147,1.92797,0.0154317,2344.44,0
5.28566,12.3437,-2.40927,1.83466,0.00887879,2335.32,0
5.29257,12.2998,-2.45004,1.81243,0.0011575,2323.97,0
5.29948,12.3509,-2.46116,1.78766,0.0116095,2330.59,0
5.30635,12.3257,-2.48854,1.77333,0.00497816,2322.83,0
5.31332,12.3068,-2.49299,1.78104,0.00148899,2316.22,0
5.32022,12.3796,-2.451,1.70687,0.0162899,2326.9,0
5.32713,12.3941,-2.42731,1.72028,0.0190708,2326.6,0
5.33403,12.4697,-2.34415,1.89655,0.0395584,2337.75,0
5.34097,12.6929,-2.35669,1.88676,0.094723,2376.51,0
5.34785,12.6905,-2.34038,1.85544,0.102115,2373.01,0
5.35469,12.8867,-2.27684,1.78567,0.12717,2406.61,0
5.36164,12.9013,-2.45137,1.91538,0.139549,2406.22,0
5.36859,12.8807,-2.33174,2.11236,0.137622,2399.27,0
5.3755,13.1806,-2.506,2.17237,0.181089,2451.98,0
5.38237,13.4526,-2.67578,1.86804,0.219176,2499.38,0
5.38931,13.4476,-2.58286,2.09993,0.220099,2495.24,0
5.39618,13.5799,-2.68738,1.93678,0.242178,2516.57,0
5.40305,13.348,-2.80692,2.1589,0.183212,2470.46,0
5.40992,13.3382,-2.91071,1.94092,0.164999,2465.51,0
5.41682,13.2977,-2.87727,1.88147,0.165672,2454.89,0
5.42374,13.3035,-2.78439,1.80362,0.145107,2452.82,0
5.43067,13.2981,-2.78321,1.84092,0.131495,2448.7,0
5.43761,13.4746,-2.81433,2.06283,0.166285,2478.04,0
5.44452,13.4613,-2.99746,1.92692,0.168409,2472.45,0
5.45143,13.5813,-3.12566,1.84199,0.171361,2491.33,0
5.45827,13.7121,-3.34953,1.71331,0.189147,2512.17,0
5.46522,13.7344,-3.4273,1.60958,0.167571,2513.06,0
5.47214,13.8065,-3.52783,1.76136,0.17354,2523.06,0
5.47906,13.6516,-3.60856,1.64791,0.136661,2491.6,0
5.48602,13.7549,-3.59909,1.6034,0.139355,2507.27,0
5.49292,14.0157,-3.6648,1.33461,0.184511,2551.6,0
5.49982,13.993,-3.68066,1.51591,0.147534,2544.27,0
5.5067,14.1382,-3.81761,1.35746,0.163051,2567.46,0
5.51355,14.1565,-3.82134,1.43339,0.161508,2567.59,0
5.52052,14.2596,-3.8676,1.47833,0.151325,2583.01,0
5.52741,14.3442,-3.89568,1.52425,0.158624,2595.09,0
5.53431,14.4396,-3.89351,1.51842,0.170817,2609.1,0
5.54118,14.351,-3.97709,1.36861,0.148594,2589.89,0
5.54806,14.422,-3.91724,1.40841,0.135606,2599.47,0
5.55493,14.2058,-3.58406,1.17348,0.10007,2557.34,0
5.56184,14.2521,-3.62076,1.18368,0.107198,2562.48,0
5.5688,14.1208,-3.44596,1.36209,0.0742323,2535.69,0
5.57565,13.9507,-3.38677,1.32226,0.0545881,2502.07,0
5.58254,13.7693,-3.34566,1.37012,0.0179681,2466.49,0
5.5894,13.7798,-3.31152,1.32115,0.0188067,2465.35,0
5.59629,13.8896,-3.14385,1.31778,0.0362748,2481.93,0
5.60325,13.8657,-3.1255,1.1085,0.0386196,2474.58,0
5.61019,14,-3.07236,1.06114,0.067476,2495.46,0
5.61711,13.9003,-3.10841,0.854778,0.0433313,2474.64,0
5.624,13.9137,-3.24414,0.817475,0.045854,2473.99,0
5.63091,14.0372,-3.37331,0.820199,0.0777949,2492.88,0
5.63783,13.9088,-3.33028,0.777184,0.0476235,2467.05,0
5.64477,13.8573,-3.41819,0.594471,0.0351468,2454.9,0
5.65167,13.8104,-3.45482,0.489054,0.0297311,2443.59,0
5.65862,13.7689,-3.52162,0.503607,0.0237282,2433.26,0
5.66551,13.7799,-3.54378,0.61608,0.0263223,2432.24,0
5.67241,14.0088,-3.63571,0.568793,0.0759048,2469.63,0
5.6793,13.8672,-3.70555,0.750208,0.0520341,2441.71,0
5.68621,13.759,-3.77607,0.601161,0.0304622,2419.72,0
5.69312,13.7802,-3.80051,0.574422,0.0367572,2420.5,0
5.69999,13.8229,-3.78853,0.437275,0.0458469,2425.08,0
5.70691,13.8149,-3.76486,0.399628,0.0426138,2420.73,0
5.7138,13.8854,-3.84985,0.483965,0.0522442,2430.15,0
5.72064,13.8927,-3.76376,0.496401,0.0554953,2428.52,0
5.72752,14.1769,-3.64686,0.550705,0.10956,2475.23,0
5.73441,14.2011,-3.77618,0.578606,0.115915,2476.48,0
5.74136,14.1662,-3.77317,0.740811,0.117532,2467.39,0
5.74824,14.1468,-3.66599,0.589592,0.105257,2461.06,0
5.75513,14.2899,-3.64465,0.580986,0.151367,2482.98,0
5.76205,14.3376,-3.55824,0.63942,0.177522,2488.28,0
5.76895,14.3489,-3.61728,0.533991,0.185606,2487.26,0
5.77585,14.3239,-3.50155,0.452905,0.171765,2479.97,0
5.78271,14.6332,-3.60242,0.373199,0.23522,2530.52,0
5.78963,14.4999,-3.70599,0.373599,0.193802,2504.46,0
5.79652,14.5458,-3.876,0.42623,0.193232,2509.4,0
5.80343,14.577,-3.7219,0.428511,0.161839,2511.79,0
5.81032,14.5397,-3.62044,0.441516,0.143481,2502.39,0
5.81722,14.6348,-3.53154,0.510418,0.14908,2515.78,0
5.82419,14.5563,-3.57382,0.18948,0.117026,2499.28,0
5.83109,14.4596,-3.65168,0.540187,0.0881682,2479.75,0
5.83798,14.423,-4.05557,0.655863,0.0932962,2470.54,0
5.84491,14.6282,-3.95749,0.496965,0.123891,2502.72,0
5.85178,14.6222,-4.15148,0.351303,0.115722,2498.77,0
5.8587,14.7752,-4.18989,0.752667,0.147602,2521.93,0
5.86565,14.8574,-4.40989,0.627777,0.167216,2532.94,0
5.87254,14.9044,-4.39945,0.440739,0.143595,2537.98,0
5.87947,14.8734,-4.39461,0.60516,0.149425,2529.71,0
5.8864,14.8842,-4.42553,0.71637,0.159398,2528.58,0
5.8933,14.7508,-4.51421,0.685601,0.115683,2502.98,0
5.90019,14.9089,-4.50578,0.843674,0.129437,2526.85,0
5.90713,15.0704,-4.36502,0.813566,0.147755,2551.22,0
5.91402,15.0116,-4.17431,1.06003,0.12527,2538.3,0
5.92092,14.9707,-4.17328,1.01198,0.105184,2528.45,0
5.92783,14.803,-3.9761,0.932757,0.0569187,2497.21,0
5.93473,14.792,-3.82741,0.815137,0.0509313,2492.44,0
5.94168,14.7996,-4.03575,0.886446,0.0482221,2490.8,0
5.94864,14.874,-3.81842,0.90336,0.0571949,2500.4,0
5.95547,15.0668,-3.80647,0.810665,0.0915851,2529.9,0
5.96237,15.1652,-3.97356,0.825992,0.109753,2543.48,0
5.96927,15.2425,-4.01706,0.749083,0.115787,2553.49,0
5.97621,15.5645,-4.04512,0.613064,0.174719,2604.41,0
5.98315,15.6012,-4.15114,0.521489,0.181682,2607.51,0
5.99009,15.3706,-4.06431,0.704041,0.142565,2566.01,0
5.99701,15.554,-4.08288,0.511911,0.154666,2593.62,0
6.0039,15.6355,-4.21637,0.617898,0.168205,2604.22,0
6.01082,15.8965,-4.35437,0.753381,0.218125,2644.65,0
6.01776,15.7332,-4.40118,0.775633,0.160678,2614.46,0
6.02468,15.8672,-4.70189,0.67759,0.200025,2633.7,0
6.03164,15.9457,-4.70956,0.893677,0.181814,2643.67,0
6.0385,15.9243,-4.82734,1.01184,0.166877,2637.13,0
6.04542,15.8484,-4.63233,1.00053,0.154256,2621.55,0
6.05229,15.7232,-4.65099,0.945606,0.12006,2597.89,0
6.0592,15.7444,-4.52685,0.978135,0.103992,2598.43,0
6.06608,15.6898,-4.58771,0.946204,0.0972259,2586.49,0
6.07302,15.611,-4.56059,1.06831,0.0836993,2570.55,0
6.07996,15.5785,-4.47707,1.04372,0.0785966,2562.26,0
6.08684,15.5409,-4.47361,0.798716,0.0641414,2553.21,0
6.09375,15.5985,-4.4074,0.988483,0.0796738,2559.76,0
6.1006,15.6456,-4.63234,0.939201,0.0920345,2564.6,0
6.10753,15.7678,-4.50724,1.04573,0.110982,2581.7,0
6.11448,15.6957,-4.53132,1.03655,0.0847481,2566.97,0
6.1214,15.7822,-4.49216,1.35271,0.0916153,2578.21,0
6.1283,15.882,-4.41178,1.32211,0.107544,2591.59,0
6.13522,16.0317,-4.52705,1.37101,0.123993,2613.06,0
6.14212,16.0722,-4.53432,1.43079,0.119783,2616.71,0
6.14903,16.3561,-4.57114,1.09359,0.175151,2659.95,0
6.15591,16.3476,-4.4435,0.962352,0.140115,2655.59,0
6.16282,16.422,-4.16381,0.663251,0.161242,2664.7,0
6.16974,16.5298,-3.81836,0.742701,0.172298,2679.17,0
6.17671,16.7207,-3.95726,0.853681,0.198485,2707.06,0
6.1836,16.9303,-3.71643,0.777693,0.234994,2737.93,0
6.19051,16.9522,-3.88376,0.989991,0.23904,2738.42,0
6.19739,16.8414,-3.7389,0.781716,0.206373,2717.5,0
6.2043,16.9037,-3.7162,0.833421,0.217444,2724.51,0
6.21122,16.8236,-4.07011,0.721811,0.181757,2708.59,0
6.21814,16.7126,-3.97704,0.483375,0.153821,2687.71,0
6.22504,16.6684,-4.05641,0.580833,0.131916,2677.64,0
6.23196,16.4894,-4.21486,0.658063,0.100205,2645.95,0
6.23886,16.4421,-4.22755,0.645362,0.0708821,2635.43,0
6.24575,16.2968,-3.9566,0.625103,0.0477318,2609.27,0
6.25266,16.1113,-3.9291,0.663398,0.0133428,2576.71,0
6.25958,16.1507,-3.94573,0.586173,0.0212972,2580.16,0
6.26648,16.0587,-3.95414,0.736044,0.00261532,2562.64,0
6.27341,16.0907,-3.96667,0.778893,0.00905168,2564.91,0
6.28032,16.1853,-3.90732,0.835079,0.0318986,2577.15,0
6.28719,16.2668,-3.76736,0.7152,0.0448924,2587.3,0
6.29406,16.1869,-3.727,0.74778,0.033536,2571.78,0
6.30099,16.0899,-3.73301,0.652697,0.011748,2553.55,0
6.30788,16.2823,-3.75369,0.712042,0.052422,2581.27,0
6.31476,16.2727,-3.66453,0.739055,0.0530176,2576.93,0
6.32168,16.5426,-3.55681,0.809509,0.105291,2616.81,0
6.32855,16.5236,-3.22789,0.778361,0.107244,2610.95,0
6.33545,16.8209,-2.99823,0.894358,0.162173,2655.05,0
6.34241,16.694,-2.9234,0.776139,0.140102,2632.12,0
6.34935,16.9295,-2.88938,0.70062,0.158806,2666.33,0
6.35626,16.9754,-2.94503,0.806254,0.171095,2670.66,0
6.36317,16.7154,-3.05402,1.09429,0.108421,2626.9,0
6.37008,16.6489,-2.98544,1.14239,0.0902112,2613.61,0
6.37699,16.4406,-2.90919,1.23627,0.0427652,2578.12,0
6.38391,16.5752,-2.79544,1.19031,0.0606363,2596.4,0
6.39086,16.6273,-2.67967,1.02949,0.0597324,2601.73,0
6.39774,16.6695,-2.64621,1.18412,0.0790415,2605.53,0
6.40463,16.6685,-2.61887,1.28115,0.0642199,2602.58,0
6.41152,16.6167,-2.31042,1.36049,0.0516856,2591.7,0
6.41841,16.5559,-2.40621,1.45098,0.0316844,2579.43,0
6.42529,16.6298,-2.60705,1.46359,0.0473897,2588.18,0
6.43218,16.6886,-2.62249,1.37773,0.0482873,2594.54,0
6.4391,16.6982,-2.484,1.48399,0.0555869,2593.25,0
6.44601,16.8409,-2.44876,1.31437,0.0700089,2612.61,0
6.45294,16.6607,-2.42651,1.45412,0.0339785,2581.87,0
6.45987,16.5336,-2.46323,1.50543,0.00861918,2559.44,0
6.46676,16.6265,-2.47533,1.49692,0.0229273,2571.08,0
6.47372,16.552,-2.44185,1.42642,0.0095004,2556.8,0
6.48061,16.7332,-2.45594,1.47006,0.0469128,2582.04,0
6.48753,16.8263,-2.4406,1.42188,0.0616002,2593.64,0
6.49439,16.7612,-2.4293,1.35418,0.0429474,2580.87,0
6.50132,16.7313,-2.59776,1.24888,0.0335269,2573.53,0
6.50823,16.8639,-2.65183,1.2784,0.0575133,2591.16,0
6.51511,16.8754,-2.49773,0.978185,0.0604364,2590.2,0
6.52206,16.6949,-2.66501,0.994321,0.0232733,2559.76,0
6.52905,16.6725,-2.60707,1.07646,0.0165942,2553.59,0
6.536,16.8072,-2.64802,1.04355,0.0377613,2571.48,0
6.54294,16.8153,-2.66603,1.19036,0.0351146,2570,0
6.54981,17.0273,-2.82434,1.11219,0.0785771,2599.67,0
6.55668,17.091,-2.84846,0.958766,0.0754185,2606.65,0
6.56362,17.271,-3.06215,1.11496,0.115111,2631.33,0
6.57055,17.2039,-3.25413,1.10013,0.0885748,2618.33,0
6.57742,17.0757,-3.08281,0.972451,0.0540031,2596.11,0
6.58436,17.1807,-3.04374,1.04148,0.0716042,2609.32,0
6.59125,17.2873,-3.11984,1.10153,0.0901193,2622.77,0
6.59821,17.1949,-3.06171,1.1763,0.0664149,2605.99,0
6.60513,17.3233,-2.9571,1.37815,0.0982935,2622.7,0
6.61202,17.2456,-2.90236,1.29313,0.0710961,2608.22,0
6.61891,17.2231,-2.96172,1.27853,0.0786844,2602.11,0
6.6258,17.119,-2.7491,1.19247,0.0772587,2583.69,0
6.63268,17.0962,-2.69633,1.19027,0.0736374,2577.57,0
6.63959,17.0137,-2.58855,1.18212,0.0521014,2562.47,0
6.64649,17.005,-2.54577,1.3731,0.0474704,2558.5,0
6.65345,16.9457,-2.75571,1.3541,0.0284778,2546.91,0
6.6604,17.0533,-2.64457,1.4672,0.0502952,2560.4,0
6.66728,16.8445,-2.52276,1.51431,0.0136926,2526.45,0
6.67421,16.9278,-2.64133,1.48323,0.0311383,2536.3,0
6.68112,16.8101,-2.57638,1.39959,0.00707313,2516.06,0
6.68806,16.8598,-2.41511,1.42131,0.0140366,2520.87,0
6.69499,16.8973,-2.2834,1.62393,0.0227233,2523.87,0
6.70187,16.9536,-2.38937,1.67773,0.0358903,2529.68,0
6.70874,16.8653,-2.31212,1.62731,0.018709,2513.93,0
6.71567,16.9681,-2.35542,1.64468,0.0381235,2526.64,0
6.72258,16.9581,-2.46093,1.73684,0.0360564,2522.56,0
6.72955,17.1235,-2.71526,1.71225,0.0683675,2544.53,0
6.73646,16.9445,-2.76116,1.72469,0.0461814,2515.34,0
6.74337,17.0004,-2.639,1.66719,0.0575896,2521.06,0
6.75031,17.1238,-2.67022,1.66849,0.0756677,2536.73,0
6.75724,17.1425,-2.73523,1.73223,0.0824354,2536.9,0
6.76418,17.1787,-2.83833,1.8903,0.0857447,2539.66,0
6.77108,17.2648,-3.05212,1.93668,0.10241,2549.78,0
6.77798,17.4965,-3.06135,1.78471,0.155997,2581.37,0
6.78488,17.4713,-3.23127,1.83343,0.129016,2575.03,0
6.79181,17.4638,-3.42122,1.79876,0.106801,2571.3,0
6.79871,17.282,-3.37567,1.8875,0.0652872,2541.96,0
6.80567,17.3452,-3.42172,1.94635,0.0680281,2548.64,0
6.81261,17.3496,-3.45747,1.9385,0.0768017,2546.69,0
6.81944,17.4465,-3.52852,1.74879,0.108298,2558.35,0
6.82635,17.8859,-3.47158,1.86365,0.214184,2620.13,0
6.83327,17.8436,-3.47493,1.93549,0.191551,2611.28,0
6.84014,17.8136,-3.41512,1.89811,0.170534,2604.28,0
6.84703,17.7909,-3.36496,1.8546,0.160907,2598.35,0
6.85394,17.8636,-3.5834,1.89562,0.166859,2606.33,0
6.86085,17.6879,-3.578,2.02822,0.124326,2578.09,0
6.86775,17.647,-3.48321,2.03523,0.113022,2569.55,0
6.87466,17.6401,-3.61253,1.95651,0.106122,2565.96,0
6.88159,17.6268,-3.71875,1.79467,0.113396,2561.44,0
6.88852,17.5691,-3.80941,1.89581,0.0928254,2550.48,0
6.89538,17.5631,-3.7034,1.92211,0.0836627,2547.08,0
6.90226,17.8228,-3.6888,1.86509,0.131523,2582.17,0
6.90921,18.0661,-3.76719,1.77855,0.18703,2614.79,0
6.9161,18.398,-3.61199,1.83674,0.228913,2660.17,0
6.92297,18.5048,-3.67255,1.77341,0.240158,2672.95,0
6.92989,18.629,-3.49143,1.95176,0.24284,2688.2,0
6.93683,18.9937,-3.37478,2.1459,0.268379,2738.09,0
6.94371,18.8995,-3.53266,1.90875,0.210411,2721.81,0
6.95061,19.2995,-3.59665,1.79932,0.27176,2776.66,0
6.95753,19.1692,-3.33687,2.01709,0.209355,2755.17,0
6.9644,19.2249,-3.51285,2.24125,0.220751,2760.45,0
6.97131,19.2106,-3.43056,2.23218,0.217001,2755.67,0
6.97819,19.4654,-3.54045,2.24196,0.270814,2789.46,0
6.98507,19.4372,-3.30447,2.22021,0.279179,2782.67,0
6.99196,19.4332,-3.21208,1.91838,0.22673,2779.36,0
6.99888,19.2982,-3.18141,2.25144,0.183741,2757.33,0
7.00579,19.218,-3.3336,2.06775,0.15338,2743.15,0
7.01268,19.3129,-3.45449,2.02036,0.142376,2754,0
7.01957,19.2869,-3.36564,1.94266,0.148236,2747.6,0
7.0265,19.2941,-3.20634,2.06857,0.140379,2745.91,0
7.03347,19.1581,-3.25009,1.86469,0.110432,2723.85,0
7.04037,19.0629,-3.20819,1.89439,0.113843,2707.66,0
7.04727,19.0952,-3.03421,1.78339,0.123023,2709.59,0
7.05416,19.3396,-2.91057,1.7013,0.148626,2741.6,0
7.06108,19.2904,-2.71612,1.62707,0.136596,2731.93,0
7.06798,19.2689,-2.6036,1.53888,0.135014,2726.23,0
7.07492,19.3182,-2.69648,1.60318,0.131605,2730.51,0
7.0818,19.2586,-2.79082,1.5557,0.0904179,2719.45,0
7.08868,19.2408,-2.86342,1.55697,0.0723602,2714.29,0
7.09556,19.0774,-2.77488,1.46735,0.0435108,2688.63,0
7.10247,19.0257,-2.83092,1.36585,0.0289717,2678.75,0
7.10934,18.937,-2.73265,1.5479,0.0158047,2663.68,0
7.11629,18.9391,-2.72788,1.68319,0.0151852,2661.38,0
7.12324,18.9769,-2.68888,1.62268,0.0265039,2664.09,0
7.13017,18.9345,-2.57379,1.65808,0.0173855,2655.55,0
7.13706,19.0474,-2.58132,1.64326,0.0382029,2668.8,0
7.14392,19.0859,-2.48701,1.4626,0.0460955,2671.63,0
7.15084,19.155,-2.50752,1.49271,0.0548484,2678.7,0
7.15775,19.2434,-2.42111,1.48143,0.070089,2688.47,0
7.16466,19.1856,-2.41463,1.46534,0.0511628,2677.81,0
7.17159,19.3172,-2.49313,1.33554,0.0686605,2693.58,0
7.17852,19.3554,-2.42286,1.2793,0.0657872,2696.3,0
7.18546,19.3516,-2.36034,1.12643,0.0736203,2693.16,0
7.19238,19.2696,-2.4233,1.07483,0.0590831,2679.16,0
7.19932,19.2256,-2.24675,1.27152,0.0456674,2670.48,0
7.2062,19.1097,-2.18306,1.1893,0.022003,2651.84,0
7.21311,19.0997,-1.99082,1.17084,0.022415,2647.92,0
7.22006,19.0089,-2.17663,1.24013,0.00720709,2632.79,0
7.22697,19.2113,-2.25011,1.10351,0.0481702,2658.29,0
7.23392,19.1189,-2.28881,1.07539,0.0356396,2642.95,0
7.24089,18.9838,-2.26241,1.07252,0.0080902,2621.75,0
7.24782,18.9466,-2.30747,1.12037,0.00139527,2614.11,0
7.25472,18.9753,-2.32361,1.1915,0.00491717,2615.57,0
7.26163,18.9686,-2.36215,1.31454,0.00252176,2612.16,0
7.26854,18.9726,-2.39964,1.30147,0.00314475,2610.23,0
7.27547,18.9787,-2.37,1.32425,0.00362077,2608.59,0
7.28237,18.9828,-2.38637,1.34666,0.00360155,2606.67,0
7.28926,18.9647,-2.39476,1.30247,0.00038355,2601.73,0
7.29615,19.0784,-2.37875,1.21762,0.0239481,2614.86,0
7.30304,19.0855,-2.4675,1.29063,0.0259787,2613.37,0
7.30991,19.0234,-2.33415,1.45152,0.0110945,2602.41,0
7.31679,19.0639,-2.30005,1.51804,0.0152305,2605.5,0
7.32374,19.1172,-2.10761,1.42657,0.0244417,2610.3,0
7.33061,19.0516,-2.13585,1.36662,0.011617,2598.91,0
7.33752,19.0618,-2.25384,1.42785,0.0138178,2597.86,0
7.34452,19.2183,-2.25494,1.58087,0.0438396,2616.69,0
7.35139,19.3369,-2.25933,1.68383,0.0729592,2630.37,0
7.35832,19.2989,-2.30921,1.65389,0.0608851,2622.73,0
7.36526,19.2192,-2.19326,1.53511,0.0341168,2609.44,0
7.37216,19.1894,-2.27534,1.52206,0.0280346,2602.95,0
7.37904,19.0799,-2.29384,1.60157,0.00531077,2585.69,0
7.38594,19.113,-2.40218,1.65851,0.0129716,2587.76,0
7.39279,19.0861,-2.24533,1.74032,0.00910687,2581.72,0
7.39972,19.1766,-2.35186,1.8157,0.0306225,2591.54,0
7.40664,19.2836,-2.31452,1.89704,0.0542495,2603.56,0
7.4135,19.2029,-2.35546,1.65908,0.0419807,2590.26,0
7.42038,19.0775,-2.28722,1.75278,0.0161419,2570.96,0
7.42726,19.1419,-2.23937,1.60245,0.0299879,2577.25,0
7.43418,19.2378,-2.1929,1.39874,0.043981,2587.75,0
7.44108,19.3903,-2.16454,1.21774,0.0723526,2605.85,0
7.4479,19.4711,-2.09075,1.23472,0.0886152,2614.3,0
7.45475,19.7327,-2.06587,1.10708,0.126694,2647,0
7.46161,19.7418,-2.28427,0.915457,0.124907,2645.78,0
7.46847,19.7305,-2.4155,0.969334,0.124952,2641.84,0
7.47534,19.7571,-2.60698,1.07093,0.135176,2642.97,0
7.48229,19.5879,-2.78709,1.18413,0.0963328,2617.91,0
7.48919,19.4252,-2.82431,1.04336,0.0627295,2593.76,0
7.49613,19.5613,-2.9632,1.03301,0.086858,2609.52,0
7.50309,19.8107,-3.02798,1.07187,0.126161,2640.34,0
7.51003,19.849,-2.98148,0.931176,0.131846,2643,0
7.51695,19.8853,-2.88017,0.970366,0.10825,2645.39,0
7.52385,19.7476,-2.79004,0.871541,0.0842565,2624.67,0
7.53076,19.5536,-2.83607,0.784621,0.0375287,2596.5,0
7.53765,19.5587,-2.74625,0.822265,0.0501377,2594.81,0
7.54456,19.7119,-2.82799,0.752269,0.0840199,2612.73,0
7.55145,19.7492,-2.84562,1.11388,0.0883508,2615.29,0
7.55833,19.8821,-2.7693,1.22162,0.113217,2630.49,0
7.56521,19.8405,-2.71739,0.942007,0.0940605,2622.6,0
7.57208,19.9591,-2.47321,0.973079,0.111503,2635.88,0
7.57899,20.1925,-2.44456,1.05918,0.154495,2664.27,0
7.58591,20.4116,-2.59984,1.20194,0.196699,2690.73,0
7.59283,20.3947,-2.67838,1.28314,0.183092,2686.05,0
7.59974,20.0853,-2.59325,1.33577,0.111958,2642.89,0
7.60659,19.9622,-2.62507,1.52528,0.0741551,2624.34,0
7.61344,20.0125,-2.41719,1.63779,0.0801459,2628.58,0
7.62037,19.9532,-2.35591,1.531,0.0835046,2618.41,0
7.62729,19.9869,-2.33649,1.47159,0.0814384,2620.44,0
7.63417,20.0836,-2.46645,1.25726,0.111377,2630.75,0
7.64107,20.2255,-2.45379,1.23715,0.124353,2646.94,0
7.64799,19.8931,-2.41359,1.64283,0.0645897,2601.09,0
7.65489,19.8123,-2.39157,1.62961,0.0366866,2588.19,0
7.66176,19.8862,-2.59798,1.60695,0.056501,2595.51,0
7.66867,19.7825,-2.56742,1.56739,0.0448269,2579.65,0
7.67554,19.8186,-2.59679,1.45768,0.0584108,2582.05,0
7.68243,19.8042,-2.69423,1.51141,0.0506468,2577.85,0
7.6893,19.8601,-2.76877,1.4795,0.0512133,2582.83,0
7.69621,19.8431,-2.78288,1.5265,0.0450868,2578.3,0
7.70311,19.897,-2.78498,1.34244,0.0471566,2582.99,0
7.70998,19.9075,-2.84146,1.3666,0.0410754,2582.04,0
7.71687,19.9242,-2.9649,1.32864,0.0451588,2581.9,0
7.72377,19.8717,-2.7959,1.32054,0.0338327,2572.79,0
7.73064,19.9702,-2.78893,1.30062,0.0468803,2583.25,0
7.73751,19.8933,-2.63358,1.22366,0.0282471,2571.03,0
7.74446,19.7686,-2.53086,1.1918,0.00169167,2552.61,0
7.75145,19.8855,-2.58601,1.17937,0.0274939,2565.39,0
7.75842,19.8621,-2.52216,1.08666,0.0299969,2560.07,0
7.76533,19.8738,-2.58856,1.08582,0.0293068,2559.3,0
7.77223,19.8191,-2.54821,1.09202,0.0253137,2549.99,0
7.77911,19.8492,-2.52829,1.16542,0.0306208,2551.61,0
7.78608,19.8418,-2.47178,1.28147,0.0288078,2548.36,0
7.79304,19.7692,-2.53793,1.32357,0.015494,2536.78,0
7.79994,19.8336,-2.31172,1.44703,0.0384266,2542.79,0
7.80684,19.8831,-2.24357,1.55842,0.0478095,2546.88,0
7.81374,19.9055,-2.29512,1.70096,0.0485169,2547.5,0
7.82067,20.0404,-2.2093,1.72668,0.0719474,2562.49,0
7.82747,19.8211,-2.1321,1.63226,0.0261697,2532.25,0
7.83438,19.8705,-1.95359,1.57162,0.0324973,2536.33,0
7.84124,19.8766,-2.05616,1.74669,0.0263913,2534.88,0
7.84813,19.9616,-2.02296,1.77461,0.0430417,2543.48,0
7.85503,19.8357,-1.97288,1.73478,0.0117902,2525.22,0
7.86194,19.9465,-2.02293,1.73417,0.0384064,2537.1,0
7.86882,20.035,-2.09477,1.83986,0.0582018,2546.13,0
7.87572,20.0626,-1.98313,1.88335,0.0648731,2547.4,0
7.88263,20.0992,-2.0334,2.00736,0.0608519,2549.81,0
7.88956,20.0355,-1.96296,1.95787,0.0412994,2539.49,0
7.89652,19.9039,-2.08573,2.03581,0.00913057,2520.6,0
7.90349,19.851,-2.10553,2.05568,0.000388479,2511.67,0
7.91038,19.8659,-2.16686,2.02281,0.00340243,2511.38,0
7.91727,19.8581,-2.19804,2.03234,0.00316975,2508.19,0
7.92419,19.9754,-2.36099,2.07577,0.0311588,2520.82,0
7.93103,20.1184,-2.20354,2.0438,0.0595675,2536.67,0
7.93793,20.0581,-2.14935,2.13717,0.0444258,2526.87,0
7.94481,19.8694,-2.22448,2.03174,0.00487359,2500.93,0
7.95172,19.9532,-2.23187,2.02375,0.0188804,2509.3,0
7.95862,20.0607,-2.3966,2.1174,0.0417661,2520.62,0
7.96543,20.0424,-2.26033,2.06416,0.0372582,2516.18,0
7.97233,19.9694,-2.26853,2.10711,0.0245818,2504.83,0
7.97927,20.0392,-2.32358,2.20994,0.0387524,2511.41,0
7.98616,20.0964,-2.19091,2.2359,0.0472567,2516.4,0
7.99306,19.9971,-2.19446,2.23882,0.0276688,2501.81,0
7.99995,20.0491,-2.23062,2.22429,0.0324376,2506.16,0
8.00686,20.0164,-2.18714,1.95766,0.0292018,2499.9,0
8.01378,19.9361,-2.25531,2.00731,0.0100193,2487.72,0
8.02072,19.8863,-2.19621,2.09886,0.000389449,2479.37,0
8.02761,19.944,-2.12208,2.10984,0.0114853,2484.42,0
8.03451,19.9788,-2.21266,2.10833,0.0183157,2486.63,0
8.04139,20.0311,-2.23394,2.09855,0.0303168,2490.99,0
8.04833,20.0307,-2.15287,2.10704,0.0295997,2488.8,0
8.05527,20.1909,-2.19773,1.9403,0.0563033,2506.54,0
8.06219,20.3734,-2.0473,1.95468,0.0833502,2527.03,0
8.06912,20.1677,-1.98834,1.95395,0.0486153,2499.37,0
8.07607,20.1303,-1.92503,2.10032,0.0429837,2492.59,0
8.08297,20.0848,-2.05597,2.00966,0.0334215,2484.83,0
8.08988,20.3232,-2.00707,1.85578,0.0803738,2512.18,0
8.09677,20.3172,-2.17654,1.95994,0.0720627,2509.29,0
8.10371,20.5815,-2.17198,1.80295,0.112678,2539.77,0
8.11059,20.5997,-2.14587,1.73368,0.109355,2539.85,0
8.11754,20.837,-2.21215,1.78116,0.157779,2566.91,0
8.12446,20.9254,-2.11622,2.0517,0.175628,2575.61,0
8.13134,20.8216,-2.14212,1.79623,0.163624,2560.66,0
8.13826,20.6133,-2.14943,1.999,0.112251,2532.88,0
8.14512,20.7717,-2.0815,2.09006,0.127805,2550.2,0
8.15202,20.6158,-2.25958,1.97718,0.0843019,2528.92,0
8.15891,20.4925,-2.3374,2.02081,0.0581211,2511.67,0
8.16584,20.4894,-2.268,2.08848,0.0574322,2509.16,0
8.17277,20.4911,-2.45957,2.14184,0.0584477,2507.24,0
8.17973,20.5763,-2.46446,2.04448,0.0788391,2515.52,0
8.18663,20.581,-2.45884,2.10751,0.0743449,2513.98,0
8.1935,20.6202,-2.36476,2.1857,0.0767039,2516.65,0
8.20041,20.7135,-2.2132,2.39217,0.0969654,2525.91,0
8.20729,20.7074,-2.06859,2.34866,0.089538,2523.05,0
8.21418,20.7827,-2.18911,2.31102,0.0969978,2530.1,0
8.22106,20.7069,-2.17852,2.25353,0.0822277,2518.77,0
8.22796,20.7807,-2.20933,2.25152,0.0952757,2525.62,0
8.23485,20.7988,-2.44964,2.55093,0.0918003,2525.7,0
8.24171,20.9075,-2.35705,2.38208,0.1033,2536.79,0
8.24869,20.9774,-2.46768,2.30135,0.10565,2543.12,0
8.25558,21.0157,-2.45067,2.34314,0.110596,2545.64,0
8.26247,20.9334,-2.61616,2.42219,0.0794471,2533.56,0
8.26938,20.8293,-2.3854,2.45519,0.0648071,2518.85,0
8.27619,20.9106,-2.55857,2.40698,0.0786548,2526.59,0
8.28308,21.0396,-2.51946,2.40281,0.105297,2540.07,0
8.28996,21.1574,-2.4825,2.28286,0.123672,2552.17,0
8.29685,21.3251,-2.27724,2.39973,0.169907,2570.27,0
8.30382,21.4326,-2.1778,2.43985,0.180233,2581.05,0
8.31072,21.472,-2.31339,2.54335,0.175965,2583.65,0
8.31763,21.4757,-2.60641,2.44828,0.173551,2581.95,0
8.32452,21.5132,-2.5191,2.57584,0.169153,2584.32,0
8.33142,21.6043,-2.58085,2.60742,0.177985,2593.12,0
8.33832,21.4822,-2.84355,2.69324,0.145584,2576.32,0
8.34521,21.3828,-2.90366,2.55088,0.128529,2562.28,0
8.35209,21.4274,-2.9607,2.54666,0.138613,2565.51,0
8.359,21.6826,-2.95,2.6563,0.181256,2593.92,0
8.36593,21.7237,-2.91795,2.65211,0.208428,2596.69,0
8.37285,21.7677,-2.7157,2.51333,0.224903,2599.8,0
8.37978,21.626,-2.96738,2.54694,0.191783,2580.74,0
8.38672,21.4791,-2.77274,2.73926,0.134411,2561.09,0
8.39363,21.1557,-2.96366,2.79353,0.0565619,2520.45,0
8.40054,21.1934,-2.88214,2.66489,0.0633935,2522.86,0
8.40749,21.1863,-2.94196,2.8787,0.0571684,2519.93,0
8.41439,21.0001,-2.86001,2.83235,0.0168123,2495.73,0
8.42126,21.0175,-2.97145,2.84131,0.0197811,2495.77,0
8.42814,21.2008,-3.045,2.84452,0.0553064,2515.48,0
8.43503,21.3026,-3.13176,2.79841,0.0593523,2525.49,0
8.44193,21.333,-2.93923,2.86002,0.05988,2527.03,0
8.44891,21.3439,-2.68893,2.95527,0.0584456,2526.23,0
8.45578,21.3599,-2.81554,3.03806,0.0498179,2526.07,0
8.46269,21.5364,-2.96744,3.16286,0.0870678,2544.87,0
8.46964,21.4078,-3.07072,3.18847,0.0619143,2527.6,0
8.47652,21.54,-3.12894,3.19502,0.0952516,2541.14,0
8.48342,21.6058,-3.17149,3.32925,0.113222,2546.82,0
8.49033,21.4752,-3.16102,3.32174,0.0929174,2529.38,0
8.49724,21.4152,-3.10985,3.20943,0.0826193,2520.25,0
8.50413,21.2999,-3.13355,3.44725,0.0639247,2504.65,0
8.51113,21.2107,-3.29085,3.34423,0.0440629,2492.12,0
8.51803,21.4513,-3.16018,3.28231,0.088076,2518.34,0
8.52489,21.3158,-3.19726,3.12136,0.0517295,2500.42,0
8.53182,21.4197,-3.34904,3.22417,0.0621061,2510.57,0
8.53866,21.3207,-3.30055,3.17979,0.0451341,2496.96,0
8.54556,21.3285,-3.34465,3.28909,0.0404022,2495.85,0
8.55244,21.2621,-3.2886,3.25494,0.0209564,2486.08,0
8.55939,21.2977,-3.26387,3.30228,0.0303573,2488.23,0
8.56624,21.4389,-3.23054,3.17615,0.0601964,2502.72,0
8.57315,21.5457,-3.15088,3.01956,0.0831303,2513.17,0
8.58004,21.7322,-3.3121,3.32083,0.121539,2532.88,0
8.58691,21.7503,-3.2463,3.49976,0.101624,2532.96,0
8.59385,21.6904,-3.17728,3.35442,0.0845686,2523.94,0
8.60078,21.5481,-3.20686,3.38917,0.0572215,2505.37,0
8.60767,21.596,-3.14336,3.36834,0.0548738,2508.93,0
8.6146,21.4083,-3.08468,3.43747,0.0155589,2485.12,0
8.6215,21.4647,-3.16002,3.57499,0.0259098,2489.67,0
8.62845,21.3679,-3.06861,3.59769,0.00826088,2476.45,0
8.63539,21.3953,-3.02519,3.49314,0.0132708,2477.63,0
8.64229,21.4397,-3.0966,3.66359,0.0241893,2480.79,0
8.64918,21.3495,-2.99918,3.7789,0.012246,2468.39,0
8.65609,21.3983,-2.94521,3.85849,0.0168126,2472.05,0
8.66295,21.3524,-3.0826,3.88752,0.00917317,2464.8,0
8.6698,21.4454,-2.96522,3.80993,0.0316773,2473.57,0
8.67675,21.3459,-2.92507,3.76182,0.0103695,2460.13,0
8.68363,21.5771,-3.12516,3.6688,0.0497095,2484.8,0
8.69052,21.7184,-3.0909,3.82902,0.0729771,2499.09,0
8.69744,21.5889,-2.98586,3.76041,0.0526425,2482.21,0
8.70435,21.6243,-3.02763,3.73642,0.0553793,2484.31,0
8.71125,21.4399,-3.00488,3.80371,0.0194387,2461.18,0
8.71819,21.5151,-2.98281,3.76452,0.0297292,2467.84,0
8.72511,21.6028,-2.97223,3.72871,0.0524878,2475.94,0
8.73203,21.6485,-2.92746,3.69081,0.0783071,2479.21,0
8.73897,21.7618,-2.88479,3.69217,0.104295,2490.2,0
8.7459,21.7137,-3.08293,3.60087,0.0776747,2482.73,0
8.75279,21.6273,-3.21773,3.50805,0.062812,2470.9,0
8.75972,21.6428,-3.11027,3.44548,0.0645598,2470.72,0
8.7666,21.6619,-3.03447,3.41896,0.0606059,2470.95,0
8.7735,21.7899,-3.14599,3.50938,0.098742,2483.61,0
8.78039,21.8784,-3.02061,3.50594,0.108476,2491.73,0
8.78726,21.6934,-2.93754,3.61213,0.0538051,2468.73,0
8.79413,21.7232,-3.12474,3.76378,0.0541389,2470.2,0
8.80104,21.7321,-3.24118,3.71448,0.0607551,2469.27,0
8.80798,21.9504,-3.30235,3.70575,0.100565,2492.1,0
8.81487,22.0059,-3.28339,3.61392,0.118682,2496.45,0
8.8218,22.0271,-3.71459,3.63807,0.118882,2496.9,0
8.82871,21.9928,-3.85642,3.61327,0.102697,2491.05,0
8.83566,22.1633,-3.69696,3.67338,0.130434,2508.39,0
8.84261,21.9418,-3.76508,3.62819,0.0793847,2481.37,0
8.84949,22.0177,-3.85448,3.66327,0.0707238,2488.02,0
8.85639,22.1281,-3.79908,3.61412,0.0909151,2498.54,0
8.86331,21.96,-3.99283,3.68187,0.0521098,2477.63,0
8.87024,22.023,-3.83538,3.85877,0.0673441,2482.8,0
8.87721,21.8032,-3.75938,4.00712,0.0258475,2456.09,0
8.88411,21.7666,-3.82744,4.07809,0.0207472,2450.06,0
8.89102,21.9044,-3.84448,4.01167,0.0494487,2463.65,0
8.89789,21.7939,-3.88814,4.02047,0.0312469,2449.33,0
8.90478,21.758,-3.97195,4.16602,0.0313465,2443.41,0
8.91168,21.8589,-3.98091,4.14714,0.0566722,2452.83,0
8.91858,21.7935,-4.11923,4.06359,0.0468331,2443.6,0
8.92549,21.7425,-4.01739,3.99937,0.0447859,2436,0
8.93243,21.8051,-3.96486,4.1146,0.062508,2441.12,0
8.93936,21.9987,-3.97348,4.08645,0.0841522,2460.88,0
8.94628,22.0536,-3.90927,4.10003,0.0897548,2465.12,0
8.95323,22.1329,-3.65451,4.12509,0.100809,2472.05,0
8.96011,22.1913,-3.58964,4.30739,0.112023,2476.68,0
8.967,22.2003,-3.70758,4.4352,0.0894396,2475.78,0
8.97393,22.1029,-3.82169,4.53316,0.0765394,2463.02,0
8.98083,22.1877,-3.79222,4.52986,0.100772,2470.56,0
8.98779,21.9826,-3.96538,4.53562,0.0555247,2445.83,0
8.99469,21.9127,-3.88106,4.44756,0.0481807,2436.18,0
9.00155,21.9939,-3.62395,4.41888,0.0619969,2443.35,0
9.00848,22.0932,-3.64733,4.39251,0.0843324,2452.49,0
9.01537,22.0468,-3.65465,4.29516,0.0627764,2445.47,0
9.02225,22.0231,-3.58446,4.24528,0.056671,2440.97,0
9.02911,21.9461,-3.69045,4.19218,0.0403278,2430.6,0
9.03601,21.8416,-3.61923,4.10727,0.0170739,2417.17,0
9.04295,21.8577,-3.58952,4.07486,0.0211544,2417.1,0
9.04984,21.8303,-3.77983,4.05553,0.0193946,2412.23,0
9.05682,21.7733,-3.73529,4.04016,0.00764473,2404.08,0
9.06376,21.828,-3.76149,4.06289,0.017193,2408.27,0
9.0706,21.9548,-3.77566,3.89814,0.0461473,2420.44,0
9.07747,21.9745,-3.69966,4.10826,0.0442666,2420.77,0
9.08436,21.973,-3.692,4.14218,0.046478,2418.78,0
9.09122,21.9311,-3.70568,4.16673,0.0372616,2412.34,0
9.09813,21.9512,-3.59622,4.21225,0.043289,2412.72,0
9.10506,22.0154,-3.74611,4.21268,0.0532214,2417.93,0
9.11195,21.9755,-3.67265,4.17029,0.0381318,2411.72,0
9.11886,21.8788,-3.76546,4.01569,0.0191624,2399.29,0
9.12575,21.9643,-3.7182,4.12957,0.0345602,2406.85,0
9.13268,21.8118,-3.74284,4.01636,0.00639954,2388.33,0
9.13956,21.8961,-3.69782,3.8918,0.0219573,2395.75,0
9.1465,21.9592,-3.6187,4.01451,0.0329605,2400.83,0
9.15339,22.1329,-3.66249,4.13336,0.066886,2418,0
9.16031,22.1415,-3.58559,4.11782,0.0681935,2417.11,0
9.1672,22.2112,-3.73379,4.14828,0.0847772,2422.9,0
9.17414,22.2539,-3.6442,4.07635,0.0856023,2425.72,0
9.18102,21.9942,-3.83662,4.00952,0.0379503,2395.61,0
9.18792,21.9555,-3.82635,3.99943,0.0273108,2389.6,0
9.19482,22.0217,-3.79825,3.97917,0.0401073,2395.01,0
9.20168,22.1295,-3.65726,3.95268,0.0583448,2404.95,0
9.20857,22.089,-3.71599,4.17182,0.061699,2398.74,0
9.21545,22.1612,-3.82197,4.19443,0.0645565,2404.79,0
9.22239,22.2316,-3.83912,4.37944,0.0769445,2410.61,0
9.22926,22.178,-3.89701,4.29948,0.0665405,2403.01,0
9.23615,22.1816,-3.75638,4.31267,0.0588093,2401.6,0
9.24307,22.2669,-3.84991,4.46675,0.0641669,2409.04,0
9.24996,22.2672,-3.91548,4.35227,0.0685664,2407.27,0
9.25688,22.035,-3.87635,4.41378,0.0179604,2380.4,0
9.26378,22.4178,-3.86908,4.45587,0.0898183,2419.94,0
9.27068,22.5156,-3.9944,4.619,0.127155,2428.69,0
9.27759,22.3343,-3.94268,4.52675,0.0754429,2407.34,0
9.28451,22.1492,-3.92156,4.37486,0.0385916,2385.61,0
9.2914,22.2214,-3.88186,4.23166,0.0475731,2391.61,0
9.29827,22.1394,-3.80883,4.29654,0.0285412,2381.02,0
9.30519,22.1347,-3.8179,4.3167,0.0206529,2378.74,0
9.31206,22.1133,-3.8848,4.40068,0.0188174,2374.69,0
9.31901,22.1004,-3.92016,4.44599,0.0178479,2371.54,0
9.32593,22.1108,-3.85763,4.50523,0.0180235,2370.9,0
9.33281,22.0895,-3.88717,4.4705,0.0122409,2366.87,0
9.33977,22.0927,-3.9743,4.4995,0.0104499,2365.44,0
9.34669,22.1259,-4.05742,4.55538,0.0127408,2367.25,0
9.3536,22.1317,-4.05415,4.69938,0.0151353,2366.11,0
9.36047,22.2239,-4.10867,4.7193,0.0382678,2374.23,0
9.36732,22.1807,-4.17237,4.73299,0.0314704,2367.88,0
9.37425,22.2016,-4.11342,4.86395,0.0294718,2368.36,0
9.38115,22.212,-4.07956,4.85971,0.0238144,2367.73,0
9.38806,22.1878,-4.11327,4.80549,0.021448,2363.4,0
9.39495,22.5361,-4.15987,4.99223,0.0901845,2398.74,0
9.40188,22.6239,-3.98884,4.98819,0.0970201,2406.31,0
9.40878,22.6742,-3.91839,4.9193,0.109014,2409.9,0
9.41568,23.0261,-3.99891,4.97904,0.163579,2445.51,0
9.42256,23.2261,-4.00411,4.99949,0.165039,2464.95,0
9.42948,23.5055,-3.96584,5.09194,0.220225,2492.77,0
9.43636,23.2542,-3.76894,5.02032,0.16856,2464.32,0
9.44334,23.3417,-3.73738,5.13223,0.180771,2471.77,0
9.45025,23.3287,-3.77652,5.2808,0.165805,2468.59,0
9.45716,23.3994,-3.79687,5.38532,0.169963,2474.25,0
9.46409,23.4786,-3.79124,5.34536,0.176299,2480.81,0
9.47097,23.2342,-3.76955,4.98488,0.142176,2453.2,0
9.47785,23.1085,-3.61777,5.02048,0.120045,2438.16,0
9.48474,23.2315,-3.79779,4.94657,0.1303,2449.36,0
9.49163,23.1789,-3.85061,4.93616,0.106859,2442.03,0
9.49853,23.1343,-3.78509,4.84434,0.0975868,2435.57,0
9.50543,23.1716,-3.79826,4.76785,0.0944461,2437.72,0
9.51234,23.0945,-3.79574,4.60788,0.0695099,2427.84,0
9.51923,23.0332,-3.6797,4.55623,0.0503544,2419.65,0
9.52619,23.1081,-3.78037,4.49929,0.0720865,2425.75,0
9.53308,22.8728,-3.94137,4.5865,0.0286761,2399.31,0
9.53998,22.7943,-3.7369,4.44889,0.0122816,2389.34,0
9.54688,22.8373,-3.74971,4.45475,0.0230641,2392.12,0
9.55379,22.7406,-3.69759,4.59812,0.00299367,2380.27,0
9.56067,22.9011,-3.6697,4.56306,0.0330941,2395.35,0
9.56758,22.8396,-3.67365,4.65967,0.022232,2387.19,0
9.57449,22.7802,-3.66336,4.60639,0.0124383,2379.26,0
9.5814,22.7699,-3.72161,4.72575,0.00810961,2376.47,0
9.58831,22.8257,-3.69875,4.61989,0.0184499,2380.57,0
9.59519,22.825,-3.59519,4.6452,0.0176582,2378.8,0
9.60218,22.748,-3.61078,4.69202,0.00318709,2369.05,0
9.60909,22.9651,-3.52376,4.62371,0.0445187,2389.93,0
9.61606,23.0277,-3.60786,4.54381,0.0548403,2394.71,0
9.62296,23.0574,-3.78121,4.48889,0.0637431,2396.08,0
9.62981,22.9835,-3.90462,4.47455,0.0524542,2386.7,0
9.63673,23.0045,-3.98175,4.7647,0.0587479,2387.17,0
9.64367,23.0822,-4.10292,4.81912,0.0594863,2393.51,0
9.65056,23.0103,-3.89194,4.78142,0.0464023,2384.35,0
9.65743,22.9784,-3.89633,4.76224,0.031787,2379.35,0
9.66437,22.8555,-3.87617,4.68756,0.00809473,2364.93,0
9.67127,22.9801,-3.91653,4.81493,0.034113,2376.12,0
9.67819,22.8774,-3.8148,4.77735,0.0184098,2363.81,0
9.68506,22.8624,-3.82149,4.81567,0.0189842,2360.59,0
9.69198,22.9545,-3.91671,4.76642,0.0416147,2368.4,0
9.69893,22.8453,-3.87132,4.77518,0.020119,2355.45,0
9.70584,22.8684,-3.77695,4.82821,0.0226118,2356.15,0
9.71276,22.8782,-3.73205,4.76279,0.0250337,2355.48,0
9.71973,22.8908,-3.72509,4.75725,0.023319,2355.08,0
9.72663,23.1299,-3.80011,4.85773,0.0767189,2377.99,0
9.73353,23.1645,-3.84189,4.84188,0.0908126,2379.86,0
9.74045,23.104,-3.69785,4.85873,0.0807048,2371.97,0
9.7474,23.0958,-3.64355,4.95945,0.0624882,2369.44,0
9.75433,23.1387,-3.75756,5.15835,0.0672417,2372.15,0
9.76121,23.1338,-3.78298,5.04816,0.0740073,2369.97,0
9.76805,22.9751,-3.76521,5.07069,0.0546514,2352.06,0
9.77497,23.0307,-3.91351,4.85233,0.0619844,2356.09,0
9.78193,23.2803,-3.86245,4.87857,0.124081,2379.92,0
9.78882,23.1823,-3.76225,5.0236,0.0929928,2368.24,0
9.79572,23.0083,-3.82543,4.99559,0.052719,2348.81,0
9.80264,22.9449,-3.85487,5.00017,0.0407668,2340.69,0
9.80949,22.8918,-3.95482,5.12854,0.0319252,2333.64,0
9.81641,22.9743,-3.92874,5.26895,0.0411554,2340.39,0
9.82334,23.0141,-4.04688,5.32301,0.0510951,2342.8,0
9.83023,23.1323,-4.14648,5.31761,0.0717256,2353.18,0
9.83707,23.1137,-4.09278,5.29152,0.0622962,2349.66,0
9.844,23.2766,-3.94515,5.34825,0.0825834,2364.55,0
9.85092,23.3602,-3.98525,5.42228,0.0928921,2371.38,0
9.85779,23.2976,-3.95873,5.30748,0.0633933,2363.37,0
9.8647,23.3619,-3.94591,5.33844,0.0695573,2368.23,0
9.87164,23.5359,-3.88717,5.40285,0.09212,2384.19,0
9.87852,23.5369,-3.99473,5.27791,0.0899289,2382.64,0
9.88543,23.5691,-3.94833,5.13896,0.0908078,2384.22,0
9.89234,23.6676,-3.96519,5.06283,0.105879,2392.52,0
9.8993,23.6271,-4.09027,5.03877,0.107973,2386.75,0
9.90616,23.6556,-3.98915,4.86097,0.113224,2387.97,0
9.91306,23.9842,-4.06037,4.91039,0.170749,2419.45,0
9.91995,23.7242,-3.95396,5.00529,0.149918,2391.57,0
9.92688,23.9743,-3.63054,4.8436,0.185191,2415.09,0
9.93383,23.8599,-3.86651,4.89973,0.136402,2401.89,0
9.94079,23.8639,-3.93832,4.81292,0.145845,2400.6,0
9.94768,24.0762,-3.65122,4.55153,0.183337,2420.28,0
9.95457,24.0842,-3.46171,4.6322,0.178408,2419.41,0
9.96144,24.1615,-3.38577,4.48512,0.186437,2425.5,0
9.96834,24.1361,-3.5576,4.59737,0.178565,2421.28,0
9.97522,24.0819,-3.63535,4.57281,0.160256,2414.17,0
9.98213,23.8228,-3.55457,4.60606,0.11267,2386.55,0
9.98909,23.9296,-3.41331,4.66889,0.120983,2395.57,0
9.996,24.18,-3.69069,4.60102,0.186411,2418.97,0
10,24.0162,-3.55184,4.62896,0.170372,2401.62,0
