0.147525,3648.47,-53.4087,-7.52016,0.0273021,10362.1,0
0.283832,3642.01,-51.1897,-16.2184,0.0592272,28166.2,0
0.437321,3617.76,-47.7094,-22.244,0.188717,73729.1,0
0.565135,3611.32,-40.5108,-51.649,0.211765,68446.3,0
0.702577,3596.31,-43.2611,-25.602,0.320667,76422.9,0
0.854883,3617.86,-33.302,-9.3851,0.202679,37599.6,0
0.994272,3632.41,-33.7534,3.92607,0.12159,17695.3,0
1.12538,3629.53,-46.6196,-4.64117,0.12913,18192.4,0
1.26816,3613.42,-28.8074,-29.105,0.224315,28847.9,0
1.4096,3577.02,-26.5944,-49.8026,0.442117,51776.3,0
1.55143,3567.62,-30.5646,-57.1631,0.491709,53101.5,0
1.69051,3560.56,-52.0694,-49.118,0.526916,52909.2,0
1.84039,3574.88,-16.9003,-55.9009,0.452207,40814.9,0
1.97333,3572.02,-29.4741,-63.0617,0.44937,39517.1,0
2.11373,3593.62,-26.2647,-84.9225,0.276683,26672.7,0
2.15879,3597.25,-22.8002,-97.4731,0.237609,24432.9,0
