0.152236,3641.87,76.5142,-3.04185,0.0456532,53408.2,0
0.298786,3643.85,83.3319,0.842171,0.0305838,20576.4,0
0.438105,3623.19,84.3645,0.210295,0.130369,61190.8,0
0.584244,3581.79,81.2042,0.109792,0.367297,116744,0
0.719279,3594.21,89.1501,-11.7986,0.276548,77563.4,0
0.861687,3588.81,45.7176,5.58718,0.377893,71011.5,0
1.0103,3573.39,27.9445,35.4079,0.491645,75829,0
1.15025,3556.48,10.4114,52.8479,0.610121,81301.6,0
1.29116,3581.7,-0.320582,17.6679,0.460718,52895.5,0
1.43115,3589.27,-28.3865,-27.4435,0.384227,42433.2,0
1.57878,3580.1,-61.4953,-66.7189,0.358777,44275.4,0
1.60787,3575.47,-67.4584,-73.8599,0.366583,46351.1,0
