0.137459,3652.08,35.8428,-62.2771,0.000454366,-15123,0
0.279042,3646.43,33.292,-62.3677,0.0279148,12804.6,0
0.425853,3643.07,41.4061,-53.7401,0.0462793,16274.6,0
0.560636,3636.45,37.8795,-60.3639,0.0758062,24167,0
0.701335,3632.96,36.9005,-51.507,0.100328,24302.5,0
0.845762,3630.05,37.0247,-51.7774,0.114163,23588.7,0
0.991896,3621.96,7.87882,-45.9093,0.171598,28269.1,0
1.13644,3635.25,-5.34695,-22.5792,0.11172,12978,0
1.27922,3625.71,-13.4704,-18.7603,0.16324,18990.9,0
1.4276,3627.56,1.23968,-10.9548,0.155887,15715.8,0
1.57676,3583.94,12.3179,-0.893669,0.442299,41897.2,0
1.72273,3566.77,-4.96648,1.37864,0.59215,48310.8,0
1.86673,3557.76,-29.2555,-6.65346,0.649411,49414.1,0
2.00575,3570.09,-43.3873,-1.1271,0.517416,39840.3,0
2.15543,3596.72,-43.8962,32.71,0.311501,24717.4,0
2.29765,3572.09,-34.3141,66.9076,0.436482,33907.7,0
2.43903,3596.57,2.2185,87.059,0.263516,21908.2,0
2.52814,3601.53,25.3795,96.7506,0.215472,19171.5,0
