0.274576,3648.35,-55.7514,-22.8739,0.0345943,5997.22,0
0.543306,3650.24,-47.2678,-14.7461,0.0287358,-450.082,0
0.82148,3617.8,-41.1484,-35.9228,0.410887,39203.5,0
1.09794,3613.99,-21.3932,-70.692,0.412651,32796.1,0
1.3701,3619.89,1.22091,-51.1612,0.390012,21973.8,0
1.64109,3610.58,-19.3899,-30.0838,0.542572,24020.5,0
1.91347,3571.93,-25.3743,-15.9845,1.17259,40798.3,0
2.189,3559.74,-30.7439,-23.3163,1.37262,41232.9,0
2.46319,3551.84,-33.39,-6.02728,1.54619,39850.5,0
2.73747,3543.73,-31.3052,-7.18909,1.74775,38821.3,0
3.00922,3560.37,-48.5821,19.961,1.24811,29783.9,0
3.28033,3567.34,-48.0615,32.7691,1.09651,25200,0
3.55411,3572.73,-56.7257,35.705,0.961231,21740.8,0
3.8316,3590.26,-86.0896,7.32602,0.620784,15591,0
4.0525,3575.44,-92.0563,39.1629,0.754193,18397.8,0
