0.268867,3646.84,-34.9348,34.2103,0.0426665,11768.9,0
0.542285,3628.01,-27.7601,34.0978,0.273869,40546,0
0.817343,3610.36,-43.0688,30.8107,0.487147,48497.3,0
1.08343,3614.41,-6.22716,22.029,0.484311,32846,0
1.35752,3632.57,-8.09195,14.1094,0.246028,12840.3,0
1.63291,3607.67,-74.2133,18.4964,0.456069,25920.6,0
1.90976,3594.17,-80.7197,22.7477,0.607065,29235.9,0
2.18044,3605.05,-66.9061,42.7213,0.481431,20616.9,0
2.45729,3599.26,-73.9853,13.9185,0.580095,20650.6,0
2.73029,3590.35,-63.8938,17.9047,0.728812,21849.1,0
2.99992,3583.39,-87.4729,26.5991,0.726151,22204.6,0
3.27723,3569.86,-83.3002,24.705,0.939575,24455.1,0
3.55229,3557.09,-77.146,14.2448,1.18921,26154.3,0
3.8191,3556.22,-71.0337,6.95946,1.2389,24554.8,0
4.09593,3546.2,-64.673,13.1122,1.44525,25343.4,0
4.37364,3528.57,-53.3778,-1.91524,1.93938,27763.4,0
4.64956,3525.3,-44.6999,-20.2557,2.05462,26819.4,0
4.92639,3521.45,-33.4626,-38.5561,2.13488,26093.5,0
5.20466,3518.54,-25.5612,-25.1002,2.43901,25258.9,0
5.48217,3516.29,-15.6898,-12.548,2.78718,24390.7,0
5.75665,3539.55,-5.50675,-9.68925,1.9053,19187.3,0
6.02495,3539.14,-4.09241,-3.01696,1.90556,18400.2,0
6.30116,3531.86,-0.652325,16.4342,2.09754,18749.2,0
6.57361,3551.55,23.2587,21.077,1.4344,14975.9,0
6.84537,3568.34,37.0233,18.8304,1.04137,11929.7,0
7.11986,3553.82,48.7971,18.1567,1.26911,13509.3,0
7.39248,3568.08,60.8371,13.3064,0.931695,11081.2,0
7.66961,3580.07,59.1487,22.7041,0.739559,9117.91,0
7.94203,3584.5,77.338,11.0723,0.606845,8247.66,0
8.22231,3595.21,73.0441,-1.7142,0.475227,6663.4,0
8.49364,3576.11,69.0524,-17.5703,0.758109,8699.61,0
8.77127,3561.35,78.94,-30.6192,0.920794,10106.9,0
9.04887,3551.88,80.503,-9.71193,1.09698,10843.7,0
9.32038,3561.59,79.5272,-35.5216,0.901458,9485.9,0
9.5972,3576.35,73.1347,-29.8007,0.716141,7674.31,0
9.86979,3595.31,58.4456,-41.2992,0.474101,5541.51,0
10.1408,3619.54,64.5557,-18.9022,0.169092,3003.84,0
10.4152,3608.22,56.1572,-56.0705,0.279708,4011.05,0
10.6827,3602.28,42.06,-36.6913,0.426771,4467.28,0
10.9597,3572.09,23.9524,-56.1433,0.868401,7108.88,0
11.2369,3557.82,48.3492,-52.5143,1.05632,8202.92,0
11.5153,3549.12,25.9469,-38.5522,1.37743,8760.35,0
11.7905,3558.76,34.3358,-41.1069,1.13153,7738.53,0
12.0623,3578.65,44.6295,-64.7536,0.662755,5915.39,0
12.3326,3571.43,55.7843,-67.8527,0.731356,6371.03,0
12.5967,3568.47,73.2597,-68.0829,0.716164,6472.52,0
