0.274511,3622.87,32.0629,36.4744,0.324707,98813.8,0
0.541868,3596.08,48.7159,16.884,0.685209,99515.5,0
0.818199,3626.04,33.5515,-20.8295,0.296805,29286.7,0
1.09018,3614.52,11.7982,-21.0565,0.471686,32540.8,0
1.3636,3642.91,31.6869,-16.3609,0.097251,5200.88,0
1.64023,3641.15,31.9592,-15.2971,0.117926,5394.72,0
1.91721,3620.31,42.3126,-37.7638,0.341474,15488.1,0
2.19204,3615.71,17.2163,-18.8672,0.453914,15644.9,0
2.46616,3630.09,19.5676,-28.3884,0.255094,8072.76,0
2.7361,3623.69,6.78054,-45.4281,0.316162,9614.78,0
3.0108,3636.44,0.992822,-26.8691,0.181131,4504.56,0
3.29208,3632.08,-25.1735,-4.62772,0.23738,5443.89,0
3.56393,3644.84,-28.2063,24.8408,0.0698102,1448.77,0
3.84093,3612.83,-29.3248,18.2192,0.479049,9678.36,0
4.11907,3617.78,-6.03593,-2.20755,0.436405,7823.15,0
4.39875,3627.36,-36.0582,0.650775,0.283658,5147.45,0
4.67365,3599.03,-59.4887,-4.59365,0.61592,10906,0
4.94969,3596.49,-63.672,-2.98453,0.641891,10810.9,0
5.22553,3608.82,-51.915,0.406675,0.502406,7880.61,0
5.50379,3597.48,-70.0218,8.63214,0.606517,9542.19,0
5.77871,3598.82,-59.1972,50.1124,0.561239,8856.09,0
6.05931,3617.86,-22.1745,38.0932,0.395457,5304.37,0
6.33364,3606.71,-68.2964,54.0889,0.427943,6835.57,0
6.53624,3578.26,-88.6419,46.4047,0.738407,10975.8,0
