0.268183,3645.58,6.01699,-5.76576,0.0737634,16466.5,0
0.546203,3627.86,-9.83995,-6.58314,0.290515,40532.8,0
0.817616,3644.68,-25.6226,-22.8525,0.0663981,6505.89,0
1.09605,3617.21,-8.27298,-5.37598,0.434733,29913.7,0
1.37111,3613.1,-26.0202,-4.0809,0.479666,26911.5,0
1.64154,3596.01,0.534008,7.00493,0.748915,32892,0
1.917,3595.4,1.01855,25.9864,0.747581,28484.1,0
2.19054,3635.42,14.0565,17.2484,0.192853,6655.3,0
2.45885,3641,53.882,3.155,0.0882748,3660.53,0
2.72867,3646.57,50.4929,21.9751,0.0217418,1256.11,0
2.99877,3642.83,55.7017,19.0123,0.0581077,2389.8,0
3.28236,3603.48,63.2335,26.0993,0.525115,14171.5,0
3.55583,3616.43,66.9845,26.9883,0.345965,9439.93,0
3.66426,3626.18,94.7397,32.0947,0.154736,6500.58,0
