0.00648684,0.0286568,0.0966972,0.214844,0.0492843,4417.69,0
0.0130019,0.330166,-0.116681,0.522147,0.609605,25393.7,0
0.0194468,0.307489,-0.163856,0.597042,0.504359,15811.9,0
0.025963,0.501961,-0.257989,0.553011,0.845089,19333.7,0
0.0324855,0.472889,-0.441345,0.439414,0.683989,14556.9,0
0.0390338,0.435536,-0.54821,0.409045,0.57468,11157.9,0
0.0455762,0.390162,-0.590176,0.55689,0.434152,8560.64,0
0.0520618,0.31477,-0.793223,0.5158,0.247552,6046.08,0
0.0585678,0.333666,-0.517767,0.455668,0.262076,5697.09,0
0.0651095,0.353032,-0.650466,0.369306,0.253271,5422.12,0
0.0716301,0.362947,-0.592266,0.16834,0.25639,5066.96,0
0.0781796,0.312396,-0.56274,-0.0128582,0.146065,3995.88,0
0.0846919,0.593293,-0.411326,0.199559,0.6842,7005.3,0
0.0912038,0.489754,-0.416366,0.0762046,0.427753,5369.88,0
0.0976845,0.42479,-0.577127,0.155205,0.265646,4348.59,0
0.104193,0.509968,-0.86447,0.0929822,0.403005,4894.47,0
0.110678,0.718167,-0.775289,0.219561,0.733839,6488.81,0
0.117218,0.622485,-0.703591,0.206693,0.488593,5310.5,0
0.123702,0.982239,-0.99878,0.13197,1.10544,7940.38,0
0.130184,1.02068,-1.19413,-0.276665,1.04125,7840.33,0
0.136684,0.967083,-1.1949,-0.446351,0.788261,7075.33,0
0.143171,1.14916,-1.1471,-0.38493,1.05194,8026.44,0
0.149677,1.19041,-1.18882,-0.299319,1.02779,7953.22,0
0.156212,1.33627,-1.29774,-0.54068,1.18083,8554.2,0
0.162645,1.15501,-1.38494,-0.664593,0.712114,7101.42,0
0.169152,0.835205,-1.24115,-0.560475,0.0169247,4937.61,0
0.175671,1.01667,-0.909015,-0.520716,0.360698,5787.37,0
0.182168,1.11391,-1.0814,-0.317194,0.508515,6114.72,0
0.188686,1.29564,-0.945196,-0.368034,0.79092,6866.64,0
0.195194,1.35548,-1.03157,-0.442654,0.786664,6944.29,0
0.201739,1.31396,-1.25728,-0.562169,0.601084,6513.14,0
0.208233,1.44492,-1.26046,-0.813438,0.776551,6938.96,0
0.214725,1.63203,-1.18787,-0.528961,1.05203,7600.57,0
0.221203,1.53418,-1.30743,-0.407409,0.774424,6935.6,0
0.227715,1.53564,-1.48079,-0.519583,0.701536,6743.68,0
0.234241,1.65732,-1.51395,-0.667123,0.845673,7075.26,0
0.24071,1.39572,-1.44266,-0.615478,0.271553,5798.34,0
0.247236,1.93852,-1.24973,-0.400678,1.28211,7840.78,0
0.253715,1.77697,-1.22042,-0.434771,0.809272,7003.8,0
0.260223,1.64877,-1.31476,-0.375301,0.469363,6336,0
0.266743,1.46562,-1.34857,-0.742876,0.0841496,5494.52,0
0.273225,1.68077,-1.3504,-0.991143,0.494995,6151.58,0
0.27975,1.77838,-1.09242,-1.0914,0.642201,6357.02,0
0.286216,1.84851,-1.13431,-0.847056,0.71622,6458.44,0
0.292696,1.85596,-1.22541,-1.16618,0.676005,6340.92,0
0.299193,2.06573,-1.52079,-1.12024,0.989433,6904.34,0
0.30571,2.16914,-1.40774,-1.10905,1.04791,7095.42,0
0.312202,2.11559,-1.77645,-1.08661,0.827921,6776.36,0
0.318687,1.94324,-1.74718,-0.888951,0.400715,6097.63,0
0.325183,2.06576,-1.46743,-0.746814,0.613171,6352.6,0
0.331736,2.19503,-1.59852,-0.658703,0.780542,6616.8,0
0.338289,2.63385,-1.33917,-0.652239,1.49155,7785.8,0
0.344791,2.68546,-1.17717,-0.77872,1.3856,7788.64,0
0.351275,2.57571,-1.02841,-0.712117,1.01679,7332.45,0
0.357776,2.4349,-1.2323,-0.677881,0.642272,6805.66,0
0.36424,2.71033,-1.15497,-0.911176,1.0804,7441.05,0
0.370778,2.71454,-1.08041,-0.688536,0.950585,7321.21,0
0.377306,2.85061,-1.3448,-0.662168,1.07664,7555.17,0
0.383805,2.88712,-1.51794,-0.65315,1.01381,7522.37,0
0.390347,2.8697,-1.21785,-0.442259,0.864883,7351.66,0
0.39685,2.84794,-1.2035,-0.552724,0.724689,7176.37,0
0.403341,3.01009,-1.34239,-0.352835,0.943665,7462.89,0
0.409826,3.28934,-1.40247,-0.633149,1.3063,8026.18,0
0.416292,3.08936,-1.29035,-0.424798,0.765809,7421.14,0
0.422772,3.01624,-1.26955,-0.284312,0.57149,7134.43,0
0.429278,2.89521,-1.423,0.168545,0.303881,6744.37,0
0.435792,3.18435,-1.50084,0.13641,0.818624,7307.04,0
0.442293,3.12333,-1.29606,0.199433,0.644535,7061.66,0
0.448767,3.27075,-1.26505,0.457514,0.831257,7288.31,0
0.455231,3.23789,-1.35655,0.219091,0.689816,7112.63,0
0.461737,3.46708,-1.04007,0.119522,1.03481,7508.77,0
0.468274,3.65643,-0.890961,-0.109197,1.25645,7808.31,0
0.474797,3.34274,-0.520847,-0.270271,0.513854,7040.34,0
0.481321,3.64304,-0.819802,-0.0240487,1.01497,7568.84,0
0.487834,3.58887,-0.868348,0.0128121,0.774822,7356.75,0
0.494312,3.77312,-0.728455,0.289062,1.00925,7633.08,0
0.500796,3.84663,-1.02172,0.447921,1.03551,7681.04,0
0.507317,3.91697,-0.886627,0.0613902,1.06174,7720.95,0
0.513842,3.9209,-1.18919,-0.183155,0.913537,7630.55,0
0.52036,4.17262,-1.3374,-0.209024,1.28528,8018.73,0
0.526867,4.2447,-1.35039,-0.455434,1.25886,8056.49,0
0.533382,4.34943,-1.64101,-0.424908,1.28716,8154.44,0
0.539896,4.11926,-1.37854,-0.386354,0.66255,7629.73,0
0.546404,3.90825,-1.48211,-0.514915,0.180489,7152.67,0
0.552904,3.92467,-1.40514,-0.621111,0.194662,7098.29,0
0.559383,3.88257,-1.47743,-0.476089,0.0980602,6940.81,0
0.565828,3.90945,-1.46155,-0.53989,0.145549,6909.26,0
0.57233,3.96535,-1.54798,-0.474049,0.241102,6928.43,0
0.578863,4.05181,-1.46431,-0.206909,0.354426,6999.61,0
0.585372,3.90467,-1.63954,-0.0626864,0.0495077,6670.41,0
0.591891,4.00561,-1.84183,-0.167009,0.245973,6767.48,0
0.598375,4.348,-1.75685,-0.185154,0.859204,7266.35,0
0.604886,4.23392,-1.52613,-0.30209,0.554479,6999.53,0
0.611416,4.23264,-1.36489,-0.189622,0.500005,6922.69,0
0.617936,4.2804,-1.52201,-0.309447,0.530386,6926.93,0
0.624444,4.21,-1.55805,-0.0377958,0.331814,6741.99,0
0.630986,4.24967,-1.63578,-0.247266,0.377246,6734.97,0
0.637511,4.37115,-1.32947,-0.114431,0.576321,6856.58,0
0.644007,4.46969,-1.38484,-0.154107,0.708016,6940.44,0
0.650507,4.54325,-1.43726,-0.0632545,0.74367,6984.17,0
0.657018,4.70581,-0.876064,-0.217563,0.947331,7162.37,0
0.663528,4.43033,-0.904258,-0.450881,0.326425,6676.93,0
0.670065,4.77464,-0.806076,-0.225025,0.958458,7125.63,0
0.676569,4.83506,-1.001,-0.0278151,0.952452,7146.44,0
0.683064,4.94686,-0.639776,0.248555,1.00777,7242.16,0
0.689554,4.8274,-0.878048,0.370432,0.678603,7000.76,0
0.696066,4.97471,-0.883654,0.333119,0.855159,7146.9,0
0.702511,5.10533,-0.621372,0.542493,1.00836,7267.26,0
0.70902,5.25315,-0.630945,0.584103,1.17462,7409.03,0
0.71556,4.94198,-0.789785,0.528709,0.439441,6906.46,0
0.722061,5.00758,-1.09031,0.519666,0.507676,6935.12,0
0.728545,5.28829,-1.05959,0.318136,0.978207,7258.69,0
0.735039,5.39674,-1.10967,0.489768,1.06451,7342.11,0
0.741578,5.4551,-1.18881,0.619804,1.05831,7356.06,0
0.7481,5.42291,-1.11603,0.834219,0.85739,7248.91,0
0.754638,5.24753,-1.3344,0.866171,0.422092,6953.71,0
0.761168,5.18738,-1.26822,0.523453,0.279586,6815.03,0
0.767703,5.22877,-1.50016,0.699086,0.338514,6810.93,0
0.774203,5.42032,-1.75064,0.514451,0.695387,7001.16,0
0.780672,5.26519,-1.643,0.550501,0.354458,6744.43,0
0.787166,5.34454,-1.81709,0.783078,0.483235,6789.59,0
0.793696,5.48579,-1.88533,0.816331,0.69646,6911.7,0
0.800132,5.68899,-1.90709,0.878876,0.989349,7110.06,0
0.806618,5.52136,-1.63573,0.97798,0.557733,6845.07,0
0.813115,5.73572,-1.42859,1.11256,0.894286,7054.01,0
0.819604,5.54532,-1.50297,0.781637,0.435239,6765.85,0
0.826108,5.8068,-1.21526,0.77158,0.868147,7029.1,0
0.83262,5.98434,-1.31823,0.814273,1.05431,7187.37,0
0.839128,6.07069,-1.23953,0.945111,1.08296,7234.52,0
0.845614,6.10334,-1.42158,0.892438,1.00655,7217.65,0
0.852123,5.70465,-1.2335,1.00769,0.147328,6694.64,0
0.858605,5.96149,-1.37457,1.00131,0.62263,6943.23,0
0.865118,5.93211,-1.40205,1.24074,0.492572,6856.99,0
0.871641,5.71876,-1.11685,1.2368,0.0481276,6560.91,0
0.878184,5.77957,-1.01301,1.33696,0.162247,6581.27,0
0.884679,6.22388,-1.10349,1.5394,1.01022,7035.18,0
0.89117,6.28225,-1.25712,1.47736,1.00905,7049.44,0
0.897643,6.35398,-1.11291,1.56009,1.02264,7078.52,0
0.904188,6.41435,-1.10753,1.63907,1.00969,7094.04,0
0.910681,6.2805,-1.21861,1.47699,0.644257,6896.49,0
0.917187,6.26902,-0.956427,1.95691,0.564722,6835.05,0
0.923722,6.37581,-1.19227,2.15321,0.697404,6902.3,0
0.930212,6.2466,-1.27111,1.88998,0.387253,6715.25,0
0.936729,6.23914,-1.37425,1.86583,0.338116,6660.55,0
0.943242,6.33831,-1.45877,1.73428,0.488665,6719.71,0
0.949766,6.31488,-1.28808,1.91668,0.391765,6648.88,0
0.956309,6.30842,-1.23616,1.9262,0.361711,6596.64,0
0.962849,6.25381,-1.31928,2.12745,0.22682,6495.11,0
0.969372,6.4091,-1.42563,2.09401,0.499719,6611.59,0
0.975865,6.7637,-0.96203,1.93569,1.12104,6930.98,0
0.982396,6.79694,-0.900319,2.05644,1.05407,6918.74,0
0.988912,6.76118,-1.07815,2.23478,0.882469,6836.99,0
0.995457,7.12203,-1.07318,2.4959,1.42552,7154.53,0
1.00195,7.36369,-0.827741,2.7601,1.66572,7349.36,0
1.00848,7.42315,-0.750327,2.49041,1.52905,7360.77,0
1.01498,7.56838,-0.910262,2.69099,1.53257,7456.67,0
1.02152,7.71706,-0.698623,2.7831,1.59013,7554.52,0
1.028,7.64147,-1.00199,2.68086,1.23485,7433.32,0
1.03451,7.65946,-1.2776,2.3437,1.12178,7403.95,0
1.04102,7.68599,-1.51779,2.4152,1.05992,7383.14,0
1.04753,7.55134,-1.57418,2.52499,0.630863,7208.74,0
1.054,7.29165,-1.6462,2.67404,0.0811741,6918.08,0
1.06051,7.46782,-1.57234,2.4848,0.406555,7041.75,0
1.06704,7.5815,-1.33637,2.4139,0.576898,7105.16,0
1.07359,7.70517,-1.37356,2.32943,0.738888,7177.04,0
1.08008,7.89864,-1.54296,1.92479,1.02564,7313.02,0
1.08662,8.34971,-1.56557,1.72284,1.70957,7684.08,0
1.09316,8.44934,-1.68342,1.74104,1.60327,7729.3,0
1.09969,8.46533,-1.66006,1.80194,1.38122,7697.93,0
1.10621,8.52452,-1.69536,1.791,1.29425,7706.09,0
1.11273,8.31522,-1.67845,1.6709,0.749675,7472.81,0
1.11925,8.35511,-1.48753,1.82668,0.761041,7464.9,0
1.12578,8.45295,-1.36492,1.65523,0.834276,7508.53,0
1.13228,8.50692,-1.51094,1.70481,0.830747,7513.06,0
1.13879,8.47303,-1.90681,1.48927,0.68953,7440.41,0
1.14528,8.59468,-1.98486,2.02347,0.852615,7504.44,0
1.15176,8.61199,-2.21126,2.09827,0.780029,7477.22,0
1.15829,8.75858,-2.20869,2.00294,0.980856,7561.64,0
1.16479,8.81999,-2.33219,1.64923,0.992218,7572.16,0
1.17129,8.77236,-2.08163,1.33502,0.820867,7489.5,0
1.17779,9.0019,-2.2192,1.63637,1.15068,7643.02,0
1.18428,8.86383,-2.36462,1.7637,0.734276,7484.56,0
1.19073,9.00831,-1.71451,1.49899,0.920561,7565.34,0
1.19723,8.99217,-1.94342,1.60863,0.785315,7510.83,0
1.20374,9.12452,-1.94206,1.35231,0.968681,7580.14,0
1.21026,8.82656,-1.51282,1.25721,0.322682,7293.09,0
1.2168,8.7298,-1.4706,1.17082,0.116599,7174.42,0
1.22333,8.69881,-1.28159,1.14214,0.047996,7110.76,0
1.22984,8.86132,-1.43611,1.28358,0.362233,7205.25,0
1.23637,8.81621,-1.52506,1.38217,0.241215,7130.74,0
1.24289,8.963,-1.66254,1.12039,0.506504,7211.4,0
1.24941,9.12671,-1.61155,1.10258,0.788489,7304.82,0
1.25593,9.05405,-1.62349,1.19593,0.571669,7209.01,0
1.26239,9.13128,-1.4965,1.62238,0.663278,7233.35,0
1.26886,9.39524,-1.3913,1.61482,1.1115,7404.47,0
1.27543,9.27324,-1.67933,1.36672,0.717072,7270.7,0
1.28193,9.15892,-1.32075,1.54816,0.425527,7144.62,0
1.28843,9.33451,-1.27462,1.43557,0.720833,7244.87,0
1.29488,9.55853,-1.61428,1.43713,1.06329,7381.78,0
1.30139,9.76436,-1.87587,1.5486,1.35834,7503.04,0
1.30789,9.73681,-2.11303,1.52773,1.11776,7444.65,0
1.31438,9.83404,-2.20749,1.6842,1.16209,7481.91,0
1.32089,9.75321,-2.23106,1.47911,0.875856,7383.82,0
1.32738,9.66776,-2.05786,1.31708,0.631378,7283.31,0
1.33387,9.72706,-1.7009,1.39169,0.646761,7292.36,0
1.34041,9.60543,-1.6592,1.34812,0.368724,7166.07,0
1.34692,9.69488,-2.02964,1.65845,0.501363,7197.81,0
1.35346,9.71634,-1.99265,1.6472,0.484954,7178.87,0
1.35996,9.63585,-2.09812,1.8493,0.29494,7085.41,0
1.36649,9.66367,-2.04219,2.14811,0.316079,7071.87,0
1.37301,9.89954,-2.18589,2.26958,0.731799,7210.11,0
1.37953,9.82594,-2.14214,2.3438,0.518064,7122.67,0
1.38604,10.1611,-2.01246,2.22453,1.09313,7331.02,0
1.39255,10.2091,-1.98765,1.9141,1.04888,7331.24,0
1.39906,10.5397,-1.83288,1.51985,1.53498,7533.42,0
1.40559,10.5815,-1.57364,1.39919,1.36811,7528.14,0
1.41206,10.6275,-1.90504,1.20193,1.25812,7526.25,0
1.41858,10.5806,-1.65559,1.09292,1.04953,7458.55,0
1.42509,10.5514,-1.76003,1.23696,0.835775,7404.01,0
1.4316,10.637,-2.12647,1.18838,0.919003,7430.19,0
1.43814,10.5777,-2.33951,1.12539,0.694051,7355.16,0
1.44461,10.3422,-2.23868,1.0687,0.168656,7159.14,0
1.45115,10.3707,-2.30207,0.91669,0.20542,7146.54,0
1.45764,10.5247,-1.97892,0.748939,0.479776,7220.38,0
1.46414,10.6667,-1.9052,0.513196,0.709876,7285.29,0
1.47065,10.7827,-1.80789,1.06353,0.83829,7331.94,0
1.47717,10.6791,-1.76481,1.1404,0.549632,7229.42,0
1.48366,10.691,-1.99917,1.24713,0.535651,7205.85,0
1.49016,10.7893,-2.20165,1.40414,0.66919,7240.35,0
1.49666,10.7319,-2.17124,1.33898,0.488624,7170.58,0
1.50314,10.9634,-2.2476,1.13806,0.851382,7293.67,0
1.5097,11.1085,-2.29208,1.10732,1.02966,7358.12,0
1.51624,11.216,-2.33076,1.12857,1.11016,7397.25,0
1.52273,11.505,-2.10973,0.826247,1.48787,7555.51,0
1.52929,11.2062,-2.32621,0.443847,0.752649,7327.73,0
1.53577,11.4093,-2.43772,0.142126,1.05077,7429.04,0
1.54224,11.2356,-2.5709,0.143669,0.628496,7285.26,0
1.54871,11.1505,-3.00978,0.318074,0.394528,7199.9,0
1.5552,11.2822,-2.76301,0.185497,0.605814,7254.5,0
1.56167,11.0892,-2.77502,-0.0647913,0.152092,7100.87,0
1.56818,11.5695,-2.56683,-0.0955319,1.05315,7377.68,0
1.57471,11.736,-2.76223,-0.108606,1.21143,7452.84,0
1.58125,11.9479,-2.67785,-0.0885337,1.43299,7555.97,0
1.58776,12.0685,-2.72858,0.0164372,1.46475,7601.01,0
1.59427,12.2299,-2.86367,-0.0932275,1.51217,7671.16,0
1.60075,12.0979,-2.71911,-0.220757,1.08847,7557.64,0
1.60723,11.9196,-2.65327,-0.565975,0.641771,7416.24,0
1.61377,11.9691,-2.45727,-0.629859,0.649652,7416.86,0
1.62031,11.9695,-2.28131,-0.404498,0.587323,7387.17,0
1.62683,12.0409,-2.58991,-0.256153,0.667467,7401.46,0
1.63332,11.7634,-2.53737,-0.200497,0.0800309,7202.11,0
1.63983,11.9133,-2.57384,-0.0644697,0.370809,7264.94,0
1.64635,12.0208,-2.71409,0.130357,0.529963,7301.44,0
1.65286,11.8846,-2.66547,0.364186,0.227881,7190.35,0
1.65939,11.9558,-2.71712,0.428817,0.354821,7204.97,0
1.66588,12.1012,-2.50311,0.402426,0.605945,7264.12,0
1.67244,12.227,-2.64363,0.294449,0.789152,7310.88,0
1.67893,12.5504,-2.89715,0.364402,1.30995,7475.21,0
1.68541,12.6186,-2.70825,0.119409,1.26383,7486.93,0
1.69192,12.9155,-2.57719,0.193427,1.68003,7633.64,0
1.69847,12.8839,-2.48074,0.41551,1.33307,7585.56,0
1.70502,12.9272,-2.62708,0.157158,1.24558,7581.87,0
1.71149,13.0256,-2.90335,0.0352504,1.285,7610.72,0
1.718,12.8608,-2.88963,-0.0864232,0.799818,7485.94,0
1.72456,13.1529,-2.80667,0.0463706,1.19501,7626.78,0
1.73109,13.2138,-2.73052,0.0372724,1.16788,7633.23,0
1.73761,13.2568,-2.70069,0.104628,1.06135,7629.36,0
1.7441,13.1306,-2.90459,0.0692907,0.690329,7528.55,0
1.7506,13.4909,-3.28452,0.439334,1.2491,7706.44,0
1.75711,13.3779,-3.37163,0.280292,0.834932,7613.58,0
1.76363,13.5414,-3.50874,0.503495,1.03921,7678.15,0
1.77018,13.579,-3.56254,0.511314,1.01588,7670.95,0
1.77664,13.7036,-3.34044,0.655109,1.09963,7713.23,0
1.78315,13.7446,-3.14336,0.374801,1.03509,7708.07,0
1.78964,13.56,-3.19729,0.7157,0.579652,7576.9,0
1.79611,13.6132,-3.38217,1.05374,0.637425,7579.25,0
1.80261,13.5738,-3.57151,1.2112,0.49316,7530.1,0
1.80915,13.755,-3.15198,1.06832,0.799672,7603.04,0
1.81564,13.4866,-3.32679,1.45995,0.219576,7428.06,0
1.82218,13.5416,-3.34123,1.79594,0.29798,7431.51,0
1.82867,13.7541,-2.961,1.28587,0.671918,7521.39,0
1.83517,13.6068,-3.24658,1.26942,0.321726,7414.45,0
1.84165,13.9356,-3.08237,1.19988,0.912033,7566.87,0
1.84815,13.9672,-2.88741,1.09761,0.904981,7557.4,0
1.85464,13.9988,-2.92232,1.00832,0.878247,7547.97,0
1.86118,14.0695,-2.92044,1.11437,0.902634,7559.45,0
1.86767,13.9045,-2.77694,0.997236,0.507479,7444.83,0
1.87418,13.8874,-3.19214,0.61518,0.436659,7409.87,0
1.8807,14.1217,-3.35956,0.887271,0.835563,7508.75,0
1.88723,14.2174,-3.57678,0.81931,0.911479,7533.48,0
1.89374,14.3328,-3.49056,1.22148,1.01273,7568.5,0
1.90026,14.3726,-3.46677,1.19558,0.943599,7563.49,0
1.90677,14.2511,-3.53332,1.01006,0.615377,7473.97,0
1.91326,14.0995,-3.7653,0.884503,0.264191,7369.4,0
1.91976,14.0451,-3.93664,0.890156,0.14516,7316.11,0
1.92627,14.1797,-4.00347,1.01736,0.388563,7361.21,0
1.93279,14.047,-3.88702,1.10802,0.0951245,7267.74,0
1.93928,14.1421,-3.80457,1.20402,0.258365,7292.44,0
1.94576,14.1817,-3.79104,1.33063,0.323337,7288.52,0
1.95226,14.2376,-3.86758,0.981141,0.39582,7292.89,0
1.95874,14.2493,-3.95823,1.11051,0.386679,7274.74,0
1.96524,14.4295,-4.01428,1.16247,0.698897,7342.35,0
1.9718,14.323,-3.89235,1.03906,0.44103,7263.92,0
1.97827,14.2142,-4.07911,0.95041,0.210107,7185.16,0
1.98479,14.2135,-4.12422,0.770301,0.189359,7161.22,0
1.99128,14.614,-4.29767,0.720855,0.945681,7338.99,0
1.99782,14.7025,-4.51143,0.578073,0.990148,7359.27,0
2.00432,14.7334,-4.42421,0.836047,0.972962,7350.83,0
2.01083,14.6224,-4.56521,0.666876,0.609742,7271.83,0
2.01731,14.983,-4.6278,0.478309,1.22144,7427.24,0
2.02384,15.0466,-4.66731,0.4465,1.17504,7434.7,0
2.03035,14.8801,-4.59501,0.804456,0.698878,7328.83,0
2.03689,15.0572,-4.93118,0.540484,0.962811,7392.25,0
2.04337,15.0572,-4.86998,0.537784,0.837414,7368.82,0
2.04988,15.4867,-5.17303,0.502493,1.54588,7554.97,0
2.05633,15.3279,-5.43733,0.770726,1.0018,7454.01,0
2.06283,15.3378,-5.59084,0.923249,0.902944,7435.29,0
2.06937,15.514,-5.68693,0.983187,1.12421,7496.98,0
2.07586,15.4831,-5.64146,1.05357,0.890664,7458.67,0
2.08237,15.7322,-5.41534,1.13326,1.25324,7554.98,0
2.08892,15.5731,-5.20146,0.782259,0.809027,7455.08,0
2.09542,15.8026,-5.07859,0.915111,1.15138,7541.49,0
2.10192,15.7275,-5.50184,0.884655,0.883348,7482.44,0
2.10843,15.7309,-5.78001,1.03104,0.758806,7460.95,0
2.11493,15.8444,-5.75085,1.04567,0.86489,7491.69,0
2.12146,16.0743,-6.06368,0.985342,1.19836,7576.99,0
2.12796,15.9388,-5.87625,0.928009,0.785756,7490.19,0
2.13452,15.753,-5.79727,0.556308,0.364301,7380.13,0
2.14095,15.8593,-6.00418,0.327631,0.516837,7407.59,0
2.1475,16.3179,-6.06007,0.587291,1.32181,7598.54,0
2.15399,16.283,-5.81902,0.79986,1.05262,7559.45,0
2.16051,16.4636,-5.68267,0.845779,1.30808,7620.23,0
2.16708,16.7813,-5.91282,0.70348,1.67007,7743.73,0
2.17354,17.1125,-5.7,0.580233,2.00035,7873.09,0
2.18005,17.0774,-5.7022,0.511599,1.62836,7833.48,0
2.18656,17.0009,-5.80847,0.245664,1.24648,7775.2,0
2.19307,16.6289,-5.58285,0.433853,0.410696,7582.49,0
2.1996,16.7198,-5.24605,0.478453,0.564571,7601.32,0
2.20608,16.7488,-4.97688,0.662913,0.54948,7592.09,0
2.21258,16.9917,-4.7548,0.598937,0.956136,7679.58,0
2.21909,16.9738,-4.62016,0.660028,0.805314,7648.98,0
2.22562,16.8653,-4.37856,0.502371,0.529191,7577.81,0
2.23217,16.7647,-4.43639,0.842274,0.310158,7510.47,0
2.23869,16.9225,-4.16015,0.763508,0.561527,7559.11,0
2.24516,17.2646,-4.02714,1.24187,1.146,7689.73,0
2.25167,17.2322,-3.86765,0.63721,0.94309,7653.06,0
2.25814,17.0824,-4.29637,0.684013,0.537364,7564.82,0
2.26464,17.0083,-4.1431,0.853921,0.356058,7510.38,0
2.27109,17.0726,-4.04606,0.551902,0.461033,7517.32,0
2.27762,17.1613,-3.83276,0.335875,0.576504,7534.77,0
2.28414,16.9786,-3.78627,0.55509,0.188979,7433.26,0
2.29068,17.0885,-3.80439,0.561511,0.387096,7459.98,0
2.29718,17.0894,-3.74573,0.737675,0.373782,7439.32,0
2.30367,17.1151,-3.74289,0.943171,0.380563,7429.5,0
2.31017,17.0499,-3.51327,0.97374,0.229772,7380.38,0
2.31672,17.2414,-3.50004,1.22463,0.58549,7442.16,0
2.32323,17.2074,-3.4018,1.3109,0.464274,7406.69,0
2.32975,17.1913,-3.47019,1.52699,0.398924,7379.01,0
2.33629,17.2814,-3.53771,1.39329,0.542875,7396.95,0
2.34279,17.2084,-3.94019,1.40399,0.322416,7345.25,0
2.34931,17.1155,-3.94348,1.57639,0.120921,7285.33,0
2.35585,17.1949,-4.02847,1.43152,0.275141,7298.81,0
2.36238,17.5596,-4.41523,1.61456,0.938563,7433.03,0
2.36889,17.6222,-4.62157,1.68872,0.923249,7439.01,0
2.37543,17.9731,-4.57663,1.81246,1.40227,7566.24,0
2.38195,17.8881,-4.58203,1.62675,1.05015,7509.86,0
2.38846,17.9717,-4.58188,1.83679,1.08998,7524.37,0
2.39494,18.236,-4.51504,1.61203,1.42919,7614.38,0
2.40148,18.1217,-4.40034,1.54238,0.999258,7546.08,0
2.40799,18.074,-4.44069,1.43123,0.816885,7505.86,0
2.4145,17.9901,-4.2632,1.7416,0.57875,7450.86,0
2.42095,17.8747,-4.08221,1.87711,0.291853,7383.33,0
2.42743,18.1299,-3.94775,1.71776,0.760075,7468.74,0
2.43395,18.4982,-4.06885,1.56633,1.35328,7600.08,0
2.44042,18.3641,-3.877,1.37238,0.912162,7524.98,0
2.44691,18.6679,-3.73294,1.4411,1.32906,7629.2,0
2.45343,19.0329,-3.7612,1.6229,1.8116,7757.68,0
2.45998,18.9535,-3.55649,1.45465,1.40613,7704.71,0
2.4665,18.7718,-3.8505,1.1538,0.915386,7610.71,0
2.47299,18.7061,-3.94945,1.11799,0.685717,7564.16,0
2.4795,18.7313,-3.9131,0.974915,0.679495,7554.48,0
2.48601,18.7615,-3.90815,1.15981,0.668901,7546.82,0
2.49252,18.5633,-3.88137,0.946323,0.248594,7447.61,0
2.49901,18.5566,-3.66377,0.955715,0.222906,7425.56,0
2.5055,18.4584,-3.75381,0.897996,0.019593,7367.13,0
2.51196,18.7201,-3.46815,1.14868,0.522506,7452.4,0
2.51847,18.6353,-3.69421,0.905558,0.313472,7399.43,0
2.52497,18.933,-3.81094,1.21858,0.841347,7498.32,0
2.53148,19.3272,-3.57849,1.21041,1.44945,7634.74,0
2.53796,19.1314,-3.55588,1.76759,0.892722,7538.09,0
2.54447,19.2469,-3.49326,2.10369,1.01924,7564.22,0
2.551,19.1542,-3.30145,1.82838,0.733266,7508.54,0
2.55751,19.5047,-3.03879,1.94471,1.26814,7626.46,0
2.56399,19.7624,-3.25293,2.01609,1.55812,7707.65,0
2.57053,19.8257,-3.25473,2.26979,1.44005,7712.69,0
2.57702,19.9723,-3.24511,2.27732,1.49082,7750.14,0
2.5835,19.8237,-3.34032,2.42684,0.997663,7673.18,0
2.58997,19.8803,-3.59177,2.47366,0.988198,7675.9,0
2.59641,20.0502,-3.44537,2.18142,1.18997,7722.28,0
2.60292,20.0552,-3.66595,2.28351,1.0881,7704.89,0
2.60938,19.7733,-3.61996,2.1581,0.435286,7577.75,0
2.61591,19.9638,-3.99299,1.99948,0.775723,7631.71,0
2.62237,20.3056,-4.01777,2.13524,1.3305,7743.21,0
2.62892,20.2885,-3.85838,2.23296,1.12004,7717.43,0
2.63545,20.3062,-3.5503,2.43757,0.999124,7705.02,0
2.64194,20.4739,-3.76105,2.62568,1.20677,7749.57,0
2.64843,20.9017,-3.73179,2.684,1.78823,7892.11,0
2.65491,20.9751,-3.27509,2.51592,1.64118,7900.49,0
2.66146,20.9796,-3.06559,2.44232,1.44951,7882.74,0
2.66795,21.0999,-3.07364,2.25591,1.42776,7908.65,0
2.67446,21.021,-3.07569,2.31256,1.05884,7859.92,0
2.68094,20.9196,-3.17419,2.32775,0.747567,7803.09,0
2.68743,20.9928,-2.8828,2.28718,0.784772,7811.49,0
2.69391,21.173,-2.90426,2.19929,1.04817,7859.59,0
2.70045,21.3352,-3.2272,2.08617,1.22702,7900.61,0
2.7069,21.7969,-3.13816,2.09263,1.91809,8052.36,0
2.71347,21.7381,-3.4034,2.2741,1.51794,8011.18,0
2.71992,21.6289,-3.05879,2.62594,1.08544,7952.03,0
2.72644,21.4479,-2.73801,2.65653,0.624999,7866.61,0
2.73294,21.8099,-2.68173,2.54777,1.22499,7980.41,0
2.73944,21.9088,-2.93506,2.54485,1.26062,7997.54,0
2.74595,21.8407,-3.01558,2.63246,1.00899,7953.8,0
2.7524,21.5386,-2.82353,2.57517,0.328885,7825.41,0
2.7589,21.8362,-2.99504,2.6823,0.831722,7914.81,0
2.76539,21.9058,-3.19346,2.59284,0.860134,7921.41,0
2.77188,22.0091,-3.18821,2.54526,0.976335,7940.13,0
2.77836,21.837,-3.18889,2.51498,0.557949,7859.67,0
2.78483,21.7586,-3.3357,2.50719,0.358538,7813.25,0
2.79134,21.8902,-3.47057,2.49214,0.585181,7842.17,0
2.79787,21.8582,-3.62201,2.46821,0.485223,7812.44,0
2.80437,21.6821,-3.56893,2.5297,0.0989986,7731.53,0
2.81088,21.7369,-3.75523,2.45121,0.198391,7733.15,0
2.81742,21.6928,-3.78061,2.54605,0.106606,7699.55,0
2.82398,21.8766,-3.84555,2.35003,0.455973,7746.73,0
2.83051,22.1058,-3.89991,2.12947,0.862522,7809.84,0
2.83702,22.1594,-3.93235,1.92838,0.845806,7810.78,0
2.84354,22.2837,-3.79556,1.62015,0.981225,7836.62,0
2.84995,22.2741,-3.98153,1.57617,0.880526,7815.62,0
2.85645,22.3391,-3.893,1.26306,0.88564,7820.61,0
2.86295,22.3124,-3.76723,0.972915,0.749214,7793.49,0
2.86951,22.4486,-3.79358,1.20295,0.921006,7823.15,0
2.87601,22.4361,-4.05214,1.13233,0.796458,7801.13,0
2.88259,22.41,-4.23919,1.42182,0.641199,7774.25,0
2.88908,22.5699,-4.19133,1.75387,0.884583,7812.15,0
2.89556,22.9592,-4.17874,1.46503,1.50206,7929.11,0
2.90208,23.106,-4.35015,1.42452,1.56489,7961.88,0
2.90858,23.2555,-4.3514,1.76673,1.59248,7995.46,0
2.91507,23.2836,-4.67456,1.52343,1.37533,7987.34,0
2.92161,23.3713,-4.57448,1.55298,1.3766,7999.45,0
2.92813,23.517,-4.44524,1.58553,1.46832,8031.43,0
2.93467,23.4609,-4.74478,1.50365,1.15076,7994.39,0
2.94118,23.5227,-5.05303,1.57511,1.10568,7997.71,0
2.94765,23.5437,-5.07352,1.50829,1.06329,7987.28,0
2.95419,23.4695,-5.01319,1.56071,0.810197,7944.48,0
2.96068,23.5297,-5.23255,1.54659,0.826565,7947.42,0
2.96716,23.365,-5.24924,1.63951,0.399284,7874.54,0
2.97366,23.6448,-5.36606,1.81808,0.872192,7951.41,0
2.98017,23.9107,-5.33925,1.7064,1.26704,8023.25,0
2.98669,23.4301,-5.40875,1.51095,0.216715,7844.85,0
2.9932,23.4082,-5.3786,1.65882,0.163167,7820.46,0
2.99965,23.6159,-5.2766,1.6422,0.556815,7872.89,0
3.00615,23.6224,-5.08941,1.82979,0.506561,7858.04,0
3.01265,23.419,-4.9756,1.81007,0.0901453,7773.56,0
3.0191,23.4693,-5.2907,1.71901,0.182129,7773.62,0
3.02564,23.5066,-5.23091,1.73523,0.240061,7769.12,0
3.03215,23.5596,-5.13888,1.93694,0.311977,7769.95,0
3.03866,23.837,-5.26793,1.85081,0.818732,7844.58,0
3.04515,23.8332,-5.54,1.72485,0.726959,7826.61,0
3.05168,23.7972,-5.59143,1.54549,0.594516,7798.07,0
3.05819,23.6632,-5.55148,1.39643,0.272333,7737.64,0
3.06473,23.7979,-5.31213,1.44437,0.518359,7765.09,0
3.07125,23.667,-5.54308,1.54068,0.215839,7705.96,0
3.07777,23.9175,-5.8306,1.53063,0.683985,7771.06,0
3.08427,23.8619,-6.01226,1.38154,0.493828,7736.66,0
3.09078,24.2215,-6.00681,1.3921,1.11721,7836.68,0
3.09725,24.6207,-5.94,1.44209,1.68416,7949.22,0
3.10371,24.7752,-6.03284,1.46757,1.73544,7982.43,0
3.11025,24.8544,-6.24717,1.63454,1.59975,7991.13,0
3.11675,24.999,-6.29812,1.62714,1.57972,8020.86,0
3.12326,25.0091,-6.14392,1.64578,1.31573,8007.38,0
3.12974,25.1287,-6.25513,1.62987,1.39037,8029.02,0
3.13622,24.8782,-6.3233,1.72551,0.739459,7932.54,0
3.14273,24.9811,-6.47765,1.90166,0.868298,7948.86,0
3.14925,25.0487,-6.25801,1.80115,0.884988,7953.87,0
3.15573,25.137,-6.17532,2.18732,0.953728,7965.51,0
3.16223,25.3383,-6.0386,2.2347,1.17921,8012.78,0
3.16876,24.9017,-6.22596,2.16999,0.19754,7858.5,0
3.17525,24.9296,-6.31503,2.1212,0.246231,7851.23,0
3.18175,24.8647,-6.30571,2.28099,0.103867,7814.78,0
3.18826,24.8803,-6.30063,2.39256,0.131183,7803.74,0
3.19478,24.8888,-6.33123,2.45872,0.134454,7790.48,0
3.20126,24.9864,-6.38381,2.40613,0.310955,7805.17,0
3.20778,25.2934,-6.25073,2.41567,0.845826,7884.99,0
3.21426,25.1861,-6.69215,2.49516,0.539874,7835.76,0
3.22076,25.3003,-6.59042,2.41631,0.712263,7855.38,0
3.22723,25.4832,-6.72949,2.11216,0.977368,7896.3,0
3.23374,25.6566,-6.8246,1.99004,1.179,7934.01,0
3.24027,25.8207,-7.16322,1.71148,1.31895,7968.68,0
3.24681,25.7861,-7.3415,1.61989,1.10622,7941.98,0
3.25335,25.912,-7.37106,1.62819,1.21641,7964.72,0
3.2599,26.197,-7.37203,1.86315,1.56083,8036.13,0
3.2664,26.3821,-6.9888,1.86901,1.64478,8076.82,0
3.27292,26.1563,-7.06065,2.00049,1.01772,7991.74,0
3.27939,26.2276,-7.17045,1.8577,1.0507,7997.71,0
3.28588,26.3757,-7.0041,1.99305,1.20791,8026.97,0
3.2924,26.2294,-6.85685,2.32322,0.78197,7966.66,0
3.29891,26.2102,-6.91936,2.19285,0.676087,7945.13,0
3.30543,26.2799,-6.78107,2.2675,0.729119,7950.55,0
3.31194,26.2715,-6.79554,2.21715,0.603403,7932.37,0
3.31844,26.3441,-6.68818,2.33602,0.682343,7938.7,0
3.32501,26.3366,-6.60952,2.33951,0.622211,7920.75,0
3.33149,26.7586,-6.83528,2.27056,1.30572,8032.03,0
3.338,26.9593,-6.8834,2.35371,1.4678,8076.48,0
3.34451,26.9817,-7.06797,2.22127,1.29349,8067.46,0
3.35102,26.9787,-7.00492,2.31657,1.13436,8050.91,0
3.3575,27.0167,-7.27084,2.18142,1.0565,8046.68,0
3.36396,26.8397,-7.3168,2.24223,0.611482,7978.6,0
3.37052,27.0545,-7.37123,2.67379,0.964359,8026.81,0
3.37702,27.1849,-7.29257,2.62726,1.08963,8049.95,0
3.38354,27.3559,-7.31504,2.72015,1.2686,8085,0
3.39004,27.2386,-7.1873,2.43871,0.882623,8034.89,0
3.39653,27.1695,-7.25468,2.36159,0.642598,7999.2,0
3.40301,26.8901,-7.21449,2.20197,0.0454502,7901.87,0
3.40952,26.8892,-7.25438,2.26069,0.040654,7886.51,0
3.41606,26.9505,-7.23854,2.16113,0.159893,7889.35,0
3.42257,27.2192,-7.3479,2.10739,0.661548,7952.87,0
3.42908,27.083,-7.43808,2.23289,0.318883,7898.03,0
3.43563,27.2309,-7.33915,2.11365,0.58942,7926.02,0
3.44212,27.0815,-7.40691,2.1211,0.262579,7867.67,0
3.44865,27.1667,-7.4841,1.83728,0.396245,7877.49,0
3.45514,27.2466,-7.18589,1.63638,0.520517,7885.82,0
3.46164,27.137,-7.34232,1.65748,0.262519,7839.34,0
3.46818,27.3816,-7.68714,1.76503,0.718953,7895.08,0
3.47473,27.1686,-7.32797,1.36562,0.249229,7818.91,0
3.48125,27.3432,-7.42921,1.55028,0.571429,7854.4,0
3.48772,27.2061,-7.78966,1.65103,0.253513,7800.55,0
3.49424,27.4837,-7.74829,1.52124,0.749431,7865.45,0
3.5007,27.423,-7.57481,1.50943,0.54779,7833.56,0
3.50729,27.3851,-7.73434,1.1411,0.431447,7808.06,0
3.51379,27.3698,-7.8029,1.10749,0.371461,7789.26,0
3.52035,27.3285,-8.07669,1.08825,0.272331,7762.99,0
3.52683,27.3506,-8.05185,1.2445,0.298203,7755.01,0
3.5333,27.2724,-7.92861,1.38716,0.135383,7718.66,0
3.53986,27.3371,-7.86516,1.42191,0.245187,7722.66,0
3.54636,27.4027,-7.75726,1.50269,0.359466,7727.01,0
3.55283,27.4049,-7.62809,1.6507,0.339631,7713.54,0
3.55934,27.2529,-7.6236,1.71092,0.0196036,7656.73,0
3.56585,27.6211,-7.7971,1.56261,0.708155,7746.02,0
3.57234,27.4014,-7.9579,1.72823,0.228426,7670.43,0
3.57884,27.374,-7.77496,1.76011,0.155793,7648.85,0
3.58532,27.5023,-7.73505,1.71269,0.404017,7670.79,0
3.59184,27.6647,-7.83461,1.54726,0.684905,7702.09,0
3.59834,27.9457,-7.39184,1.56263,1.12525,7766.27,0
3.60488,28.1213,-7.31866,1.54662,1.26518,7800.89,0
3.61139,28.3038,-7.25432,1.65432,1.39405,7837.38,0
3.61789,28.2565,-7.16803,1.68412,1.10034,7810.22,0
3.62436,28.4906,-7.21243,1.81648,1.37623,7860.85,0
3.63084,28.153,-7.22201,1.8582,0.602908,7753.86,0
3.6374,28.2457,-7.35164,1.67558,0.702472,7765.34,0
3.6439,28.1741,-7.33884,1.86351,0.498235,7731.86,0
3.65039,28.3784,-7.37295,1.94302,0.841693,7774.07,0
3.65684,28.3428,-7.57608,1.78954,0.701506,7750.62,0
3.66331,28.539,-7.59629,1.59743,0.971492,7790.5,0
3.66983,28.3691,-7.59056,1.66205,0.550696,7730.36,0
3.67635,28.433,-7.62287,1.65729,0.596335,7734.02,0
3.68287,28.4048,-7.60395,1.74919,0.506068,7712.68,0
3.68937,28.5491,-7.55148,1.62805,0.700457,7738.2,0
3.69586,28.5658,-7.78916,1.66548,0.668667,7729.14,0
3.70241,28.5753,-7.44229,1.80885,0.616523,7718.02,0
3.70893,28.4098,-7.64917,1.6875,0.266342,7659.83,0
3.71543,28.316,-7.86769,1.75849,0.0684848,7621.2,0
3.72195,28.4906,-7.71725,1.66246,0.403988,7654.76,0
3.72843,28.4025,-7.85792,1.54453,0.216958,7617.81,0
3.73499,28.7535,-7.83652,1.64631,0.858968,7698.41,0
3.74154,28.7137,-7.74035,1.50347,0.732298,7674.31,0
3.74805,28.8278,-7.68783,1.25375,0.881516,7691.43,0
3.75455,29.3207,-7.68257,1.5541,1.67135,7809.36,0
3.76104,29.518,-7.71687,1.36456,1.79604,7848.36,0
3.76758,29.3047,-7.94205,1.62677,1.13647,7778.13,0
3.77408,29.4681,-7.83491,1.36327,1.28962,7808.04,0
3.7806,29.3147,-7.91918,1.38603,0.828881,7753.98,0
3.78706,29.6647,-8.01016,1.52871,1.404,7833.18,0
3.79359,29.3186,-8.04304,1.15506,0.587607,7728.47,0
3.80009,29.3292,-8.21511,1.13182,0.555875,7718.05,0
3.80661,29.3858,-8.02953,1.28584,0.625144,7719.7,0
3.81315,29.7203,-7.89103,1.17636,1.15752,7794.16,0
3.8197,30.0018,-7.72195,1.33907,1.46442,7854.48,0
3.82618,30.2094,-7.65056,1.34966,1.5972,7895.46,0
3.83267,30.271,-7.58381,1.45684,1.42802,7898.15,0
3.83922,30.5345,-7.74722,1.36939,1.73951,7953.32,0
3.84573,30.5503,-7.82201,1.64246,1.51856,7943.97,0
3.85223,30.7749,-7.51995,1.69737,1.71535,7988.85,0
3.85876,30.6565,-7.77028,1.79323,1.28335,7944.64,0
3.86529,30.6188,-7.75478,1.93376,1.05045,7921.47,0
3.87182,30.7529,-7.51163,2.07564,1.17908,7942.77,0
3.87837,30.8272,-7.66581,2.04835,1.17504,7948.48,0
3.88488,30.7649,-7.79205,2.20935,0.886996,7919.13,0
3.89142,30.8218,-7.89066,2.52694,0.836375,7920.45,0
3.89791,30.6097,-7.61628,2.48887,0.336037,7852.86,0
3.90439,30.4997,-7.63318,2.42724,0.10029,7811.63,0
3.91088,30.5111,-7.58967,2.35072,0.111157,7801.59,0
3.91739,30.6628,-7.57398,2.23556,0.379374,7827.36,0
3.92393,30.9206,-7.54748,2.01474,0.841453,7880.01,0
3.93043,30.9709,-7.59914,1.82159,0.814364,7879.76,0
3.93693,30.8694,-7.58003,1.99419,0.542385,7840.98,0
3.94343,31.1553,-7.74024,2.34612,1.02195,7900.56,0
3.94991,31.1795,-7.97537,2.47656,0.955311,7893.72,0
3.95646,31.3076,-8.12439,2.21786,1.09632,7913.05,0
3.96296,31.1783,-7.86687,2.24233,0.705098,7867.43,0
3.96947,31.3322,-8.27566,2.21337,0.928345,7893.3,0
3.97596,31.6231,-8.37185,2.32128,1.36133,7953.58,0
3.98243,31.5745,-8.54404,2.55474,1.08661,7928.43,0
3.98896,31.5844,-8.83398,2.25157,0.973615,7917.95,0
3.99548,31.3283,-8.77317,2.33455,0.380107,7840.94,0
4.00197,31.5345,-8.80915,2.29206,0.73547,7879.74,0
4.0085,31.5735,-8.48658,2.32875,0.765048,7876.63,0
4.01504,31.2736,-8.32454,2.43602,0.126561,7789.1,0
4.02157,31.2744,-8.46848,2.47152,0.120658,7776.65,0
4.02807,31.3678,-8.75484,2.77261,0.293458,7787.3,0
4.03457,31.646,-8.7231,2.94747,0.77543,7843.7,0
4.04112,31.3281,-8.60153,2.88502,0.111031,7752.32,0
4.04765,31.3564,-8.69582,2.83406,0.164414,7746.82,0
4.05416,31.3374,-8.74248,2.7542,0.124849,7729.69,0
4.06061,31.593,-8.70448,2.77442,0.613139,7780.35,0
4.06716,31.5475,-8.80429,2.72634,0.480698,7756.64,0
4.07363,31.3239,-8.88246,2.92456,0.0145836,7689.41,0
4.08014,31.37,-8.93206,2.8541,0.0955929,7688.44,0
4.08664,31.5046,-9.0959,2.76691,0.350744,7709.17,0
4.09318,31.6805,-8.94597,3.08171,0.647916,7739.81,0
4.09969,31.8563,-8.87922,3.21601,0.910693,7770.42,0
4.1062,31.8573,-8.55314,3.45667,0.7591,7758.33,0
4.11271,32.0826,-8.2543,3.17375,1.12189,7800.84,0
4.1192,32.1147,-8.58195,3.31818,1.04491,7796.34,0
4.12573,32.3034,-8.45922,3.57138,1.22605,7829.73,0
4.13224,32.1835,-8.46625,3.58725,0.865549,7788.38,0
4.13873,32.3393,-8.50402,3.49261,1.06573,7813.83,0
4.14523,32.5348,-8.50675,3.59154,1.2783,7848.74,0
4.15179,32.3245,-8.67329,3.66511,0.736018,7785.68,0
4.1583,32.3671,-8.59222,3.8792,0.720986,7783.73,0
4.16481,32.2823,-8.32599,3.86219,0.490916,7751.22,0
4.17134,32.5015,-8.03748,4.08957,0.852786,7791.61,0
4.17786,32.2369,-8.05595,4.03815,0.276537,7716.12,0
4.18438,32.6046,-8.16645,4.06287,0.960384,7791.98,0
4.19088,32.4712,-8.22521,4.00901,0.584553,7748.07,0
4.19735,32.4182,-7.81592,3.84955,0.436066,7723.47,0
4.20385,32.4693,-7.85731,3.80645,0.494931,7723.7,0
4.21035,32.5547,-8.10502,4.16747,0.596799,7732.08,0
4.21686,32.4347,-7.94206,4.06775,0.316365,7691.67,0
4.22338,32.8179,-7.65589,3.97367,1.00545,7770.54,0
4.22989,33.153,-7.64406,4.16054,1.47119,7837.79,0
4.23643,33.1794,-7.44177,4.06226,1.29724,7831.94,0
4.24294,33.3431,-7.44713,3.91605,1.41928,7858.48,0
4.24947,33.51,-7.36554,3.70455,1.51784,7885.69,0
4.25598,34.0002,-7.28034,4.01324,2.17301,7988.8,0
4.26247,34.1523,-7.39484,3.7603,2.07307,8012.32,0
4.26892,34.2148,-7.77723,3.6396,1.84007,8014.87,0
4.27544,34.5284,-7.85456,3.47758,2.10547,8075.98,0
4.28191,34.5374,-7.82924,3.37185,1.78823,8065.87,0
4.28845,34.4545,-7.70853,3.51816,1.37748,8034.27,0
4.29498,34.5467,-7.5915,3.31817,1.36131,8043.51,0
4.3015,34.5818,-7.56721,3.58732,1.23019,8039.48,0
4.308,34.9623,-7.61609,3.6739,1.7447,8115.67,0
4.31455,34.7278,-7.58214,3.73554,1.07837,8049.01,0
4.3211,34.7724,-7.63806,3.77826,1.06349,8047.13,0
4.32759,34.6193,-7.63421,3.73471,0.694742,7999.67,0
4.33409,34.6214,-7.65406,3.612,0.623446,7988.16,0
4.3406,34.5243,-7.6425,3.45039,0.377831,7953.81,0
4.34708,34.5,-7.56184,3.49301,0.297249,7936.36,0
4.35361,34.493,-7.6436,3.22563,0.270199,7922.84,0
4.36011,34.731,-7.4967,3.22576,0.692353,7965.63,0
4.36665,34.6273,-7.35434,3.05004,0.458178,7929.94,0
4.37317,34.798,-7.30794,2.95033,0.766517,7957.17,0
4.37969,34.7283,-7.51472,2.91949,0.543665,7929.4,0
4.38619,35.1205,-7.37387,3.0637,1.22298,8007.07,0
4.3927,35.0598,-7.15357,3.03642,0.973649,7981.37,0
4.39919,35.1404,-7.09581,3.05321,0.997247,7987.91,0
4.40567,35.1912,-6.88535,3.21401,0.93445,7987.69,0
4.41218,35.2108,-6.91483,3.39274,0.855282,7980.36,0
4.41869,35.346,-6.91518,3.58725,0.98074,7999.2,0
4.42523,35.2021,-7.07254,3.56345,0.572861,7954.87,0
4.43175,35.4035,-6.9493,3.627,0.888445,7988.61,0
4.4383,35.3004,-6.9099,3.7375,0.612905,7953.58,0
4.44478,35.3334,-6.75583,3.59864,0.601258,7949.42,0
4.45128,35.6408,-6.73235,3.51647,1.06478,8006.87,0
4.45776,35.443,-6.70247,3.38212,0.55216,7950.85,0
4.46426,35.779,-6.63319,3.22616,1.11797,8014.54,0
4.47078,35.9439,-6.52713,3.36666,1.27922,8039.73,0
4.47729,35.9486,-6.36308,2.94198,1.14606,8029.09,0
4.48382,35.683,-6.47186,2.77102,0.506691,7958.17,0
4.49037,35.538,-6.36159,2.81384,0.177559,7914.27,0
4.49693,35.6109,-6.55427,2.77093,0.304111,7918.94,0
4.50347,35.7429,-6.42945,2.90965,0.531441,7936.75,0
4.50997,35.7579,-6.71779,2.9071,0.509117,7928.64,0
4.51649,35.8221,-6.50354,3.08155,0.552039,7931.39,0
4.523,36.0587,-6.56876,3.26851,0.924401,7972.29,0
4.52949,35.9997,-6.63952,3.30628,0.718911,7947.86,0
4.53603,35.9032,-6.18412,3.59088,0.464304,7915.13,0
4.5425,35.78,-6.21399,3.81058,0.207387,7876.72,0
4.54895,35.8183,-6.13742,3.82122,0.254031,7873.97,0
4.55547,35.9401,-6.16814,3.80099,0.477562,7889.44,0
4.56197,36.1442,-6.37303,3.59734,0.795135,7922.94,0
4.56842,36.1159,-6.48854,3.70494,0.645862,7905.55,0
4.57495,36.0529,-6.17532,3.25012,0.426961,7880.49,0
4.58143,36.2403,-6.02207,3.1375,0.74679,7910.27,0
4.58793,36.1673,-5.915,3.28071,0.533466,7883.14,0
4.59444,35.9995,-5.63901,3.35751,0.176854,7835.46,0
4.60095,36.1931,-5.72516,3.27339,0.525468,7866.45,0
4.60741,36.2115,-5.78773,3.37633,0.530833,7859.41,0
4.61393,36.0011,-5.59111,3.23901,0.0866435,7802.71,0
4.6204,36.0412,-5.60222,3.12559,0.157476,7800.45,0
4.62684,36.1027,-5.64726,3.27238,0.265255,7802.9,0
4.63332,35.9885,-5.77162,3.34416,0.029947,7767.32,0
4.6398,36.1558,-5.65,3.32554,0.353418,7792.53,0
4.64633,36.0816,-5.82977,3.4573,0.178164,7765.62,0
4.65285,36.3136,-5.66615,3.46802,0.617734,7804.59,0
4.65936,36.2934,-5.56143,3.39342,0.517825,7789.36,0
4.66585,36.441,-5.76066,3.08229,0.721346,7810.16,0
4.67232,36.2137,-5.98786,3.17484,0.234976,7750.69,0
4.67882,36.1586,-5.88984,3.16134,0.114581,7728.15,0
4.68535,36.1128,-5.70452,3.24313,0.0066429,7707.6,0
4.69185,36.1561,-5.60585,3.21309,0.0816704,7706.15,0
4.69835,36.1557,-5.57276,3.21064,0.0773032,7695.4,0
4.70484,36.151,-5.68572,3.14389,0.064594,7683.79,0
4.71135,36.1781,-5.96497,3.21617,0.112026,7678.92,0
4.7179,36.2447,-5.8817,3.25108,0.231033,7682.38,0
4.72441,36.4506,-5.91265,3.30555,0.596642,7715.37,0
4.73096,36.3979,-5.8637,2.93136,0.461032,7693.56,0
4.73745,36.2961,-5.88279,2.79403,0.230454,7661.52,0
4.74398,36.4409,-5.9525,2.64082,0.473958,7681.51,0
4.75049,36.6812,-6.21456,2.73328,0.904031,7721.58,0
4.75702,36.5643,-6.05533,2.67882,0.586535,7686.39,0
4.7635,36.4765,-6.31648,2.48775,0.358949,7657.52,0
4.77001,36.5081,-6.11757,2.40195,0.397044,7653.68,0
4.77652,36.3507,-5.8876,2.58281,0.0623854,7610.29,0
4.78302,36.4603,-5.67371,2.38369,0.265978,7622.85,0
4.78951,36.4228,-5.65768,2.42589,0.178947,7604.7,0
4.79601,36.6772,-5.29219,2.44835,0.642328,7647.44,0
4.80251,36.7437,-5.5696,2.20553,0.716676,7650.92,0
4.80902,36.5547,-5.70162,2.08522,0.289575,7601.29,0
4.81553,36.9319,-5.69828,2.13297,0.972922,7669.35,0
4.82206,36.687,-5.47635,2.2495,0.434587,7608.15,0
4.82856,36.6657,-5.35212,2.32833,0.353741,7593.51,0
4.83508,36.7845,-5.43167,2.39598,0.559647,7607.83,0
4.84161,37.0898,-5.33445,2.12252,1.05342,7660.63,0
4.84813,37.1409,-5.56668,2.26755,1.00812,7660.88,0
4.85465,37.3035,-5.50971,2.38555,1.17876,7684.08,0
4.8611,37.2069,-5.71752,2.31863,0.83927,7654.01,0
4.86761,37.2547,-5.86797,2.52241,0.853005,7653.58,0
4.87419,37.1275,-5.9976,2.44682,0.524567,7617.16,0
4.88069,37.0872,-5.93758,2.57766,0.402587,7598.77,0
4.88714,37.1258,-6.12164,2.89832,0.437345,7596.62,0
4.89368,37.406,-6.49737,2.54666,0.918514,7643.73,0
4.90019,37.2747,-6.48338,2.90715,0.587158,7606.79,0
4.90671,37.1078,-6.45505,2.84829,0.223963,7562.68,0
4.91321,37.2247,-6.64204,2.68052,0.441448,7576.46,0
4.91965,37.1592,-6.65538,2.64028,0.278998,7553.21,0
4.92611,37.2906,-6.76277,2.48102,0.489032,7569.99,0
4.93263,37.29,-6.53571,2.63236,0.461499,7559.87,0
4.93919,37.3827,-6.7048,2.36957,0.595796,7568.59,0
4.94571,37.5926,-6.45845,2.44241,0.939485,7601.05,0
4.95216,37.8271,-6.24996,2.32051,1.24563,7638.5,0
4.95868,37.9094,-6.3533,2.50072,1.22323,7645.05,0
4.96519,37.9761,-6.47228,2.51095,1.16334,7648.47,0
4.97168,38.2119,-6.39358,2.57167,1.44997,7685.91,0
4.97818,38.3561,-5.99496,2.40806,1.50267,7704.83,0
4.98466,38.3515,-5.75746,2.37516,1.24611,7693.91,0
4.99116,38.0485,-5.58222,2.55611,0.554368,7623.17,0
4.99765,38.4222,-5.44569,2.43479,1.20368,7688.04,0
5.00415,38.2493,-5.4397,2.48772,0.751463,7643.52,0
5.01066,38.1309,-5.42385,2.41156,0.445239,7609.97,0
5.01723,38.2578,-5.69997,2.44988,0.636376,7625.29,0
5.02377,38.533,-5.82456,2.55225,1.09875,7670.13,0
5.03025,38.5985,-5.62764,2.63446,1.05325,7673.28,0
5.03674,38.8407,-5.41416,2.80167,1.37939,7711.46,0
5.0433,38.8769,-5.06806,2.76155,1.27326,7708.62,0
5.04983,38.7101,-5.51606,2.67633,0.776906,7665.64,0
5.05632,38.4911,-5.63898,2.66651,0.291676,7612.47,0
5.06279,38.4395,-5.55903,2.43885,0.168917,7592.55,0
5.06936,38.4694,-5.24128,2.16118,0.206722,7588.62,0
5.07586,38.6285,-5.05239,1.9908,0.48958,7610.25,0
5.08237,38.6973,-5.14275,1.85212,0.579991,7614.02,0
5.08887,38.6895,-5.17115,1.7189,0.514663,7602.77,0
5.09539,38.707,-5.19642,1.7402,0.493767,7596.48,0
5.10189,38.6948,-5.26106,1.51,0.430247,7584.4,0
5.10843,38.65,-5.4966,1.4005,0.308177,7565.93,0
5.11494,38.5179,-5.80014,1.56398,0.0301541,7530.47,0
5.12145,38.5773,-5.79563,1.70454,0.143069,7532.49,0
5.12795,38.8784,-6.07098,1.92036,0.707052,7581.66,0
5.13446,38.7046,-6.11123,2.0096,0.291763,7538.2,0
5.14096,38.7316,-6.0309,2.18242,0.327814,7533.93,0
5.1475,38.9982,-5.99994,2.09856,0.770736,7576.14,0
5.15399,38.8875,-5.94157,1.98234,0.477136,7545.11,0
5.16051,39.0276,-5.96177,1.90799,0.704531,7562.74,0
5.16706,39.0205,-5.79477,1.70489,0.609553,7551.78,0
5.17353,38.824,-5.84375,1.73984,0.18172,7504.35,0
5.18006,39.0228,-5.91733,1.54467,0.539597,7533.27,0
5.18655,38.9989,-6.001,1.42444,0.437245,7519.25,0
5.19305,38.8647,-6.01325,1.64145,0.133836,7483.98,0
5.19961,38.9798,-6.06634,1.73751,0.344213,7496.67,0
5.2061,38.9717,-6.2089,1.82111,0.29868,7485.77,0
5.21265,38.9058,-6.02326,1.56622,0.159301,7463.74,0
5.21914,39.0004,-6.0463,1.89104,0.311045,7472.57,0
5.22563,39.0492,-6.11276,1.64772,0.38745,7472.63,0
5.23212,39.2252,-6.40481,1.45598,0.687557,7497,0
5.2386,39.494,-6.45521,1.52563,1.13715,7539.04,0
5.24512,39.5579,-6.22215,1.58974,1.13242,7541.85,0
5.25166,39.3054,-6.36907,1.44786,0.533503,7484.38,0
5.25816,39.5621,-6.36645,1.53093,0.95351,7523.95,0
5.26467,39.8444,-6.5936,1.0555,1.37223,7568.26,0
5.27117,39.9792,-6.60526,0.875194,1.41677,7584.5,0
5.2777,39.9398,-6.28136,0.897077,1.18651,7567.66,0
5.28417,39.9102,-6.29485,0.705376,0.944285,7552.78,0
5.29071,39.8731,-6.72024,0.59597,0.76739,7536.43,0
5.29723,40.0327,-6.77668,0.551006,1.00947,7557.28,0
5.30375,39.9358,-6.81776,0.743762,0.692559,7529.73,0
5.31024,40.0422,-6.59929,0.71293,0.810336,7540.56,0
5.31675,40.3239,-6.76498,0.64517,1.22743,7584.31,0
5.32327,40.4889,-6.64101,0.437027,1.31563,7606.01,0
5.32979,40.3701,-7.19319,0.218636,0.904621,7574.43,0
5.33627,40.5094,-7.30173,0.221002,1.05364,7591.34,0
5.34279,40.7909,-7.00404,0.139867,1.40947,7634.76,0
5.34928,40.474,-7.09021,0.0632811,0.608578,7566.25,0
5.3558,40.596,-7.26423,-0.0316328,0.76654,7579.82,0
5.36234,40.6181,-7.16357,0.181721,0.750664,7574.69,0
5.36884,40.6798,-6.92257,-0.0203972,0.772021,7577.02,0
5.37535,40.8693,-6.72037,-0.0377832,1.04007,7603.1,0
5.38187,41.3174,-6.92002,-0.0978562,1.70337,7677.15,0
5.38837,41.3282,-6.76768,0.162166,1.48539,7669.88,0
5.39486,41.432,-6.88677,-0.0578782,1.49317,7679.91,0
5.40135,41.6722,-6.80368,-0.15911,1.69735,7715.14,0
5.40785,41.5009,-7.00055,0.114599,1.1499,7674.21,0
5.41439,41.4343,-7.21488,0.0949556,0.878993,7652.63,0
5.42093,41.7477,-7.70824,0.244494,1.32843,7701.21,0
5.42745,41.4969,-7.77336,0.359926,0.680348,7645.75,0
5.43397,41.5747,-7.60246,0.455504,0.762756,7650.89,0
5.44043,41.6363,-7.61764,0.71415,0.783566,7653.13,0
5.44693,41.8389,-7.50307,0.632656,1.09584,7681.19,0
5.45344,42.0957,-7.57915,0.563864,1.41519,7719.11,0
5.45998,41.8686,-7.41207,0.859522,0.788203,7668.28,0
5.46645,41.7118,-7.19239,0.543771,0.415433,7630.52,0
5.47298,41.691,-7.33738,0.352646,0.351097,7617.61,0
5.47947,41.8042,-7.33561,0.379066,0.543684,7629.25,0
5.48601,41.9469,-7.13038,0.514032,0.762321,7646.15,0
5.49249,41.8786,-7.55434,0.709847,0.569701,7624.7,0
5.49899,42.0561,-7.4835,0.907121,0.855271,7647.97,0
5.50554,42.068,-7.6162,1.14247,0.805343,7641.03,0
5.5121,42.1015,-7.68311,1.12997,0.787647,7638.02,0
5.51861,42.4244,-7.66005,1.15479,1.27567,7687.51,0
5.52511,42.1044,-7.83563,1.20322,0.491688,7620.56,0
5.53162,42.3217,-7.80449,0.759034,0.843004,7650.87,0
5.53813,42.318,-7.87802,0.636939,0.730954,7641.2,0
5.54463,42.3455,-7.92276,0.570996,0.712893,7637.21,0
5.55111,42.7278,-7.89764,0.225708,1.35336,7697.16,0
5.55759,43.0187,-8.09247,0.119998,1.69237,7740.52,0
5.56409,42.9572,-8.09412,0.175656,1.32358,7720.44,0
5.5706,43.1757,-8.21964,0.388943,1.575,7750.65,0
5.57709,43.2508,-8.1652,0.116543,1.47082,7755.09,0
5.58364,43.0923,-8.10743,0.375713,1.00197,7717.6,0
5.59014,43.5607,-8.21734,0.331206,1.66719,7792.43,0
5.59661,43.6729,-8.41078,0.237465,1.61786,7803.45,0
5.60319,43.6186,-8.34241,0.227878,1.26555,7784.6,0
5.60966,43.6536,-8.43728,0.304511,1.17943,7781.87,0
5.61613,43.6896,-8.44219,0.129691,1.12024,7779.3,0
5.62266,43.8474,-8.39349,0.156822,1.24279,7798.34,0
5.62915,43.8911,-8.50306,-0.0259487,1.18139,7797.1,0
5.63565,43.9591,-8.81779,-0.0448977,1.17289,7800.19,0
5.64215,43.917,-9.00209,0.0908319,0.947231,7783.74,0
5.64867,44.1562,-8.93672,-0.183303,1.25874,7817.11,0
5.65523,43.9038,-9.33808,0.210357,0.632496,7763.39,0
5.66173,44.0572,-9.55001,0.133338,0.884297,7781.58,0
5.66823,44.2159,-9.51408,-0.0341395,1.07078,7800.65,0
5.67475,44.1989,-9.69582,0.106546,0.906813,7788.69,0
5.68124,44.1459,-9.65942,-0.0232252,0.676908,7770.47,0
5.68779,44.2622,-9.53721,-0.201767,0.849566,7781.97,0
5.69433,44.5239,-9.74427,0.151765,1.26373,7818.99,0
5.70087,44.5417,-9.62133,-0.0192779,1.10524,7813.15,0
5.70738,44.7358,-9.7208,0.184327,1.29414,7838.24,0
5.71388,44.5551,-9.48558,0.0122164,0.797709,7797.7,0
5.72039,44.4496,-9.49593,0.180165,0.51332,7770.37,0
5.72692,44.3896,-9.74704,0.131246,0.35098,7751.05,0
5.73341,44.35,-9.78998,0.0351364,0.241921,7735.36,0
5.73993,44.3833,-9.87891,-0.170413,0.286871,7732.39,0
5.74646,44.4749,-9.87856,-0.167736,0.443769,7739.53,0
5.75295,44.3253,-9.85084,-0.293082,0.102918,7704.79,0
5.75949,44.6408,-9.89416,-0.269283,0.709562,7750.83,0
5.76601,44.6272,-9.60292,-0.302503,0.628967,7739.72,0
5.77256,44.7211,-9.87023,-0.325343,0.719383,7747.18,0
5.77908,44.8021,-10.1878,-0.516793,0.798185,7752.45,0
5.78559,44.768,-9.96002,-0.339289,0.671165,7737.85,0
5.7921,44.576,-10.1889,-0.610786,0.249554,7695.99,0
5.79858,44.7576,-10.149,-0.724232,0.581974,7718.72,0
5.80508,44.5936,-9.65858,-0.808819,0.21424,7681.82,0
5.81161,44.5981,-9.83356,-0.862625,0.209193,7673.96,0
5.81811,44.5532,-9.88636,-1.04037,0.113315,7657.68,0
5.82463,44.8531,-9.80302,-1.09325,0.692922,7700.58,0
5.83114,44.7008,-9.60127,-1.00412,0.336419,7665.88,0
5.83765,44.6086,-9.69439,-1.22375,0.133435,7641.53,0
5.84414,44.6558,-9.44941,-1.36964,0.211553,7641.13,0
5.85067,44.623,-9.32892,-1.41492,0.128242,7626.99,0
5.85714,44.5785,-9.26127,-1.26738,0.0271369,7610.98,0
5.8636,44.581,-9.49638,-1.19693,0.0246218,7603,0
5.87016,44.6606,-9.37909,-1.15854,0.176295,7608.08,0
5.87664,44.7233,-9.41043,-1.16656,0.289405,7610.36,0
5.88316,44.5962,-9.4948,-1.16602,0.0248502,7580.31,0
5.88966,44.6797,-9.51798,-1.18293,0.178677,7586.14,0
5.89621,44.708,-9.67141,-1.16017,0.22087,7582.5,0
5.9027,44.6898,-9.60589,-1.28206,0.172786,7571.08,0
5.90925,44.6944,-9.52235,-0.972786,0.173379,7563.47,0
5.91576,45.1645,-9.69916,-0.800821,1.08017,7634.6,0
5.92226,45.0146,-9.94995,-0.829813,0.675092,7600.92,0
5.92879,44.9219,-10.1255,-0.616397,0.434776,7576.9,0
5.93529,44.9739,-10.3029,-1.08073,0.497984,7577.36,0
5.9418,45.038,-9.86081,-1.2407,0.567943,7579.86,0
5.94836,45.1109,-9.82311,-1.20518,0.636781,7583.76,0
5.95484,45.0853,-9.89862,-1.12886,0.538805,7571.21,0
5.96133,45.2026,-9.90495,-1.24934,0.692441,7582.63,0
5.96784,45.4065,-9.67825,-1.21918,1.02821,7608.53,0
5.97433,45.3819,-9.67353,-1.05664,0.886046,7596.16,0
5.98082,45.4724,-9.7492,-0.782037,0.945253,7603.04,0
5.98732,45.8322,-9.85808,-1.03027,1.46366,7654.87,0
5.9938,45.7068,-9.94704,-1.1817,1.02011,7625.69,0
6.00032,45.9149,-9.97834,-1.33774,1.29417,7652.08,0
6.00683,45.9562,-10.1437,-1.47894,1.22405,7650.65,0
6.01339,45.7107,-10.123,-1.8844,0.62712,7601.49,0
6.01991,45.5415,-10.0502,-1.52821,0.262348,7565.14,0
6.02647,45.6901,-10.1373,-1.60216,0.535017,7581.57,0
6.03298,45.9468,-9.97098,-1.50913,0.976043,7615.92,0
6.03951,46.3426,-10.131,-1.66561,1.56404,7673.24,0
6.04597,46.1152,-10.0483,-1.75112,0.961118,7627.44,0
6.05247,45.9607,-9.94218,-1.91475,0.594421,7593.7,0
6.05897,45.8789,-10.2201,-1.53581,0.387184,7572.07,0
6.06543,45.808,-10.1896,-1.41915,0.221469,7552.31,0
6.07195,45.7992,-10.2832,-1.26197,0.189893,7542.75,0
6.07843,45.7708,-10.2377,-1.45913,0.120632,7530.04,0
6.08494,45.7433,-10.2661,-1.4774,0.0588376,7517.46,0
6.09144,46.2436,-10.2331,-1.73671,1.00219,7591.57,0
6.098,46.3593,-10.2616,-1.66967,1.10911,7602.38,0
6.10454,46.382,-10.3885,-1.84133,1.00678,7597.95,0
6.11105,46.2751,-10.5078,-2.05349,0.664009,7572.38,0
6.11752,46.4613,-10.7338,-1.68541,0.937828,7594.79,0
6.12408,46.4552,-10.8275,-1.70527,0.82807,7585.65,0
6.13062,46.7385,-10.7416,-1.89392,1.27619,7623.78,0
6.13714,46.5089,-10.6581,-1.83246,0.70534,7578.27,0
6.14362,46.684,-10.8297,-1.93922,0.937797,7598.77,0
6.15015,46.8223,-10.7055,-1.97556,1.10234,7613.21,0
6.15667,46.9295,-10.7497,-2.11152,1.20206,7622.55,0
6.16315,46.7233,-10.8037,-1.97563,0.676628,7581.07,0
6.16966,47.3077,-10.8317,-1.55904,1.72299,7667.79,0
6.17617,47.2207,-10.805,-1.57339,1.32938,7645.62,0
6.18269,47.3178,-10.7495,-1.56945,1.30141,7653.27,0
6.18921,47.2457,-11.0424,-1.71203,1.00234,7633.56,0
6.19575,47.6775,-11.2583,-1.61301,1.64052,7695.19,0
6.2023,47.8032,-11.1757,-1.53994,1.62517,7707.34,0
6.20879,47.5876,-11.2336,-1.59999,1.031,7664.54,0
6.21532,47.9105,-11.1466,-1.94559,1.46995,7708.46,0
6.22181,48.0375,-11.4062,-1.92382,1.48718,7720.84,0
6.22833,48.1881,-11.3932,-1.91708,1.56024,7736.93,0
6.23484,47.9268,-11.4621,-1.7565,0.886123,7686.94,0
6.24133,48.2366,-11.2693,-1.81721,1.35982,7728.58,0
6.24785,48.2961,-10.9915,-2.10497,1.29134,7730.03,0
6.2544,48.4814,-10.7921,-1.86216,1.40353,7751.57,0
6.26091,48.5746,-10.8742,-1.60123,1.39928,7758.39,0
6.26742,48.8418,-11.0718,-1.45177,1.66981,7792.96,0
6.27389,49.0375,-11.2234,-1.22705,1.7524,7816.13,0
6.28041,48.9173,-11.2636,-1.18706,1.25643,7788.87,0
6.2869,49.2009,-11.3639,-1.28592,1.61253,7825.94,0
6.29338,49.5039,-11.2498,-1.56229,1.92398,7866.03,0
6.29988,49.586,-11.1673,-1.62261,1.76381,7870.95,0
6.30641,49.4282,-10.9876,-1.44698,1.25101,7837.77,0
6.31289,49.4142,-11.3645,-1.47354,1.04568,7827.51,0
6.31943,49.4358,-11.3282,-1.49712,0.926566,7822.82,0
6.3259,49.2809,-11.0178,-1.63428,0.556444,7790.34,0
6.33237,49.0353,-10.8954,-1.50225,0.0526517,7743.59,0
6.33893,49.2896,-11.0568,-1.50147,0.542715,7775.7,0
6.34549,49.2203,-11.1424,-1.2473,0.385091,7756.74,0
6.35195,49.2536,-11.1132,-1.21056,0.437697,7754.1,0
6.35846,49.2532,-11.0754,-1.56327,0.401468,7746.08,0
6.36496,49.3773,-11.0768,-1.62399,0.622086,7757.68,0
6.37145,49.3412,-11.1265,-1.87909,0.484255,7744.11,0
6.37795,49.4244,-11.2808,-1.56823,0.602604,7749.27,0
6.38445,49.4606,-11.0518,-1.63361,0.637457,7747.04,0
6.39094,49.3487,-11.0165,-1.7126,0.373908,7721.67,0
6.3974,49.3256,-10.9532,-1.6746,0.305654,7710.25,0
6.40389,49.2445,-10.764,-1.72471,0.120182,7689.78,0
6.4104,49.2949,-10.6727,-1.63649,0.218281,7689.82,0
6.41693,49.3323,-10.9789,-1.57333,0.270759,7687.83,0
6.42346,49.2549,-11.1217,-1.21271,0.0986965,7667.97,0
6.42996,49.225,-11.2554,-1.39512,0.0301517,7655.56,0
6.43651,49.4431,-11.2608,-1.53925,0.44526,7681.67,0
6.44298,49.2493,-11.1638,-1.68311,0.049466,7643.86,0
6.44948,49.3466,-11.3238,-1.61441,0.239422,7651.26,0
6.45598,49.3018,-11.1933,-1.73122,0.14196,7636.61,0
6.46252,49.4733,-11.3992,-1.71232,0.463909,7655.42,0
6.46902,49.2613,-11.5633,-1.73979,0.0233034,7614.96,0
6.47553,49.328,-11.4075,-1.77543,0.141411,7617.6,0
6.48205,49.4132,-11.425,-1.88234,0.301774,7623.08,0
6.48857,49.461,-11.4352,-1.96655,0.365279,7622.78,0
6.49509,49.5417,-11.6498,-1.78392,0.484775,7627.56,0
6.50159,49.682,-11.541,-1.48491,0.702763,7641.52,0
6.50808,49.9012,-11.2988,-1.65343,1.03554,7667.58,0
6.51458,49.7135,-10.6634,-1.62713,0.572,7631.12,0
6.52106,50.0933,-10.274,-1.71508,1.23012,7681.77,0
6.52754,49.8918,-9.94481,-1.73406,0.731435,7643.28,0
6.53403,49.8566,-9.8046,-1.82412,0.587711,7630.3,0
6.54054,49.5996,-9.81523,-1.83819,0.0580506,7583.42,0
6.54704,49.7512,-9.75036,-1.86148,0.353025,7599.05,0
6.55356,49.757,-9.58554,-1.68474,0.351791,7592.36,0
6.56008,49.6966,-9.54172,-1.6067,0.191632,7575.62,0
6.56658,50.121,-9.72021,-1.4769,0.970687,7632.74,0
6.57312,50.4135,-9.71716,-1.60095,1.40783,7669.64,0
6.57961,50.5851,-9.75288,-1.83415,1.4932,7688.16,0
6.58611,50.8856,-9.82701,-1.88858,1.82536,7726.2,0
6.59263,50.9124,-9.7875,-1.7563,1.62706,7722.63,0
6.59911,50.8278,-9.62592,-1.84535,1.24779,7702.22,0
6.60562,51.0788,-9.46713,-1.54677,1.56,7732.62,0
6.61214,51.1891,-9.51701,-1.19236,1.55162,7741.68,0
6.61861,51.1628,-9.435,-1.28867,1.27874,7730.14,0
6.62512,51.1247,-9.25066,-1.19485,1.05464,7716.79,0
6.6316,51.0828,-8.94438,-1.19128,0.87609,7702.93,0
6.63814,51.1086,-9.09015,-1.06742,0.8138,7699.24,0
6.64468,51.3012,-9.17902,-0.905105,1.09832,7720.65,0
6.65121,51.7335,-9.38614,-0.95024,1.7416,7778.06,0
6.6577,51.6075,-9.28674,-1.09845,1.23902,7751.55,0
6.66418,51.787,-9.35614,-1.15228,1.39179,7770.95,0
6.6707,52.0034,-9.44147,-1.1427,1.58548,7795.8,0
6.67723,52.2243,-9.38806,-0.797439,1.70923,7821.25,0
6.6837,52.4263,-9.1504,-0.762376,1.81191,7843.91,0
6.69022,52.5347,-8.87443,-1.06615,1.71305,7852.45,0
6.6967,52.7152,-8.77963,-1.13048,1.78045,7871.81,0
6.70325,52.7495,-8.84013,-1.00088,1.59349,7869.25,0
6.70971,52.5112,-8.79608,-0.997496,0.98776,7826.15,0
6.71622,52.3616,-8.8145,-1.04247,0.59711,7796.29,0
6.72276,52.5746,-8.6075,-1.25418,0.907904,7820.39,0
6.72926,52.7344,-8.57315,-1.03945,1.09667,7836.59,0
6.73577,53.3191,-8.39541,-1.01896,1.99362,7915.81,0
6.74225,53.292,-8.41218,-1.03042,1.62908,7904.18,0
6.74873,53.5269,-8.63166,-1.06917,1.80742,7931.41,0
6.75521,53.391,-8.48076,-0.991727,1.25839,7903.68,0
6.76174,53.4865,-8.23514,-1.35431,1.27634,7910.17,0
6.76822,53.81,-8.1738,-1.34,1.61812,7950.39,0
6.77473,54.1722,-8.29753,-1.28499,1.9816,7996.21,0
6.78128,54.2887,-8.22367,-1.13103,1.84531,8005.67,0
6.78779,53.9633,-8.04929,-0.908056,1.02045,7950.05,0
6.79429,54.3578,-8.20081,-0.550662,1.58903,8000.51,0
6.8008,54.5458,-8.09966,-0.8318,1.7,8020.49,0
6.80734,54.0294,-8.00108,-0.944958,0.48978,7936.93,0
6.81381,54.4603,-7.85844,-0.808918,1.23704,7992.63,0
6.82031,54.3233,-8.08924,-0.765099,0.791458,7964.93,0
6.82681,54.4291,-7.88219,-0.655648,0.888621,7972.85,0
6.83332,54.9294,-8.02589,-0.412637,1.6887,8038.47,0
6.83981,54.7481,-8.02798,-0.376285,1.11214,8004.32,0
6.84632,54.7723,-8.01487,-0.519134,0.978497,8000.25,0
6.85283,54.5427,-7.82937,-0.857792,0.413782,7959.15,0
6.85937,54.4618,-7.82131,-1.03892,0.222972,7939.77,0
6.86591,54.6175,-7.67858,-1.15213,0.518588,7954.88,0
6.87238,54.5763,-7.45787,-1.27858,0.392364,7941.41,0
6.87889,54.9218,-7.75322,-1.65106,1.00046,7984.11,0
6.88539,54.7076,-8.12704,-1.74796,0.468365,7945.46,0
6.8919,54.671,-7.91587,-2.25923,0.349025,7932.64,0
6.89845,54.6121,-8.00941,-2.16744,0.214274,7916.58,0
6.90493,54.7588,-8.06159,-2.12611,0.481718,7930.39,0
6.91147,54.6498,-8.08234,-1.95214,0.243596,7907.12,0
6.91797,54.7077,-8.31026,-1.8731,0.340803,7908.05,0
6.9245,54.7187,-7.97883,-1.84957,0.320289,7902.19,0
6.93101,54.6733,-7.93366,-1.74841,0.219076,7888.22,0
6.93757,55.0925,-8.11311,-1.61403,0.982527,7941.18,0
6.9441,55.1968,-8.03785,-1.81317,1.00684,7948.74,0
6.95059,55.312,-8.08991,-1.56173,1.12524,7957.88,0
6.95709,55.121,-8.05987,-1.33725,0.613189,7923,0
6.96358,55.191,-8.15729,-1.24175,0.704725,7925.65,0
6.97011,55.2623,-8.25065,-0.995104,0.765635,7928.46,0
6.97658,55.5034,-8.36537,-0.875658,1.1266,7955.68,0
6.9831,55.5722,-8.38996,-1.02239,1.10327,7958.09,0
6.98965,55.6452,-8.29512,-1.07471,1.05891,7961.09,0
6.99616,55.578,-8.44322,-1.14829,0.819929,7944.07,0
7.00265,55.8351,-8.50971,-1.2233,1.18174,7973.42,0
7.00919,55.8727,-8.0936,-1.3506,1.09407,7971.35,0
7.01572,55.7344,-8.03694,-1.63307,0.698971,7944.22,0
7.0222,55.7362,-8.01578,-1.88093,0.637212,7937.15,0
7.0287,55.827,-7.88691,-1.57774,0.705944,7942.71,0
7.03522,55.7415,-7.75384,-1.6066,0.477452,7923.21,0
7.04175,55.9523,-7.76449,-1.84727,0.831464,7945.8,0
7.04828,56.1051,-7.73829,-1.76559,1.05011,7960.11,0
7.05476,55.8784,-7.34738,-1.56733,0.495722,7920.68,0
7.06127,55.733,-7.72248,-1.29677,0.188642,7892.77,0
7.06781,55.6946,-7.57763,-1.27668,0.104121,7880.04,0
7.07432,55.7711,-7.56114,-1.0578,0.237774,7883.59,0
7.08079,55.7362,-7.5332,-1.19286,0.15733,7871.46,0
7.0873,55.935,-7.58969,-1.29983,0.519368,7892.28,0
7.0938,55.7204,-7.30667,-1.15127,0.0677402,7854.8,0
7.10027,55.7343,-7.44355,-1.22569,0.0893367,7849.61,0
7.10676,55.7039,-7.45281,-1.17522,0.0243228,7838.16,0
7.11328,55.7447,-7.47881,-1.13062,0.0981839,7836.72,0
7.11977,55.7654,-7.52062,-1.20144,0.135518,7832.47,0
7.1263,55.8497,-7.29317,-1.02591,0.291798,7837.12,0
7.13285,55.92,-7.18262,-0.979334,0.400911,7839.79,0
7.13936,55.8355,-6.97575,-1.0684,0.204974,7820.79,0
7.14584,55.8291,-7.08069,-1.04715,0.1835,7812.81,0
7.15236,55.8207,-6.81872,-0.789933,0.14474,7804.51,0
7.15886,56.1202,-6.94742,-0.871915,0.701959,7839.27,0
7.16536,55.8252,-6.58305,-0.685672,0.0644865,7790.99,0
7.17187,55.921,-6.56098,-0.548183,0.250542,7797.28,0
7.17844,56.023,-6.88579,-0.377412,0.443924,7804.35,0
7.18491,56.1876,-6.98909,-0.272869,0.713033,7820.23,0
7.19138,56.0899,-7.01052,-0.10325,0.429969,7799.61,0
7.19789,56.3147,-7.63139,0.0219921,0.808136,7823.78,0
7.20438,56.3495,-7.46893,0.0389345,0.801352,7821.57,0
7.21089,56.5204,-7.35023,0.0261362,1.00433,7838.2,0
7.21743,56.3784,-7.35515,-0.0571029,0.631382,7811.42,0
7.22394,56.4201,-7.27801,0.0121475,0.662972,7810.16,0
7.23048,56.4118,-7.20709,0.055552,0.597758,7801.95,0
7.237,56.4394,-7.29303,-0.223301,0.560652,7798.73,0
7.24346,56.4918,-7.54536,-0.163954,0.593689,7799.01,0
7.24996,56.7851,-7.51934,-0.144795,1.03671,7832.48,0
7.25645,56.6484,-7.05306,0.153271,0.633952,7806.63,0
7.26295,56.7817,-7.07041,0.225102,0.809729,7817.99,0
7.26945,56.6366,-7.22468,0.352563,0.452257,7791.03,0
7.27592,56.6687,-7.22239,0.351568,0.481277,7788.53,0
7.28241,56.6243,-6.94433,0.398418,0.372709,7775.5,0
7.2889,57.0076,-6.94272,0.396333,1.06054,7821.16,0
7.29544,57.402,-6.93771,0.281176,1.63734,7868.2,0
7.30199,57.5094,-6.97017,0.501684,1.57296,7875.86,0
7.30851,57.2886,-6.93556,0.482369,0.949512,7838.62,0
7.315,57.2716,-6.90001,0.514307,0.780899,7829.34,0
7.32151,57.2362,-7.05067,0.685062,0.627857,7817.54,0
7.32801,57.0533,-7.15555,0.468053,0.223209,7785.66,0
7.33447,57.3647,-7.3379,0.468421,0.765503,7821.25,0
7.34097,57.2006,-7.12942,0.346286,0.378147,7791.97,0
7.34748,57.1391,-7.38972,0.503734,0.220598,7776.7,0
7.354,57.2433,-7.53524,0.452016,0.421177,7783.97,0
7.36054,57.3212,-7.81169,0.593174,0.535459,7787.64,0
7.36702,57.3457,-7.74968,0.743386,0.509157,7784.1,0
7.37352,57.2207,-7.63252,0.551138,0.244193,7760.29,0
7.38004,57.2149,-7.78631,0.713956,0.221462,7752.65,0
7.38658,57.1713,-7.72181,0.697754,0.123961,7739.9,0
7.39307,57.1726,-7.71645,0.771766,0.120504,7733.27,0
7.39957,57.2257,-7.72977,0.833779,0.210525,7733.66,0
7.40607,57.1942,-7.73792,0.825905,0.139116,7722.6,0
7.41253,57.252,-7.99815,0.77351,0.238323,7723.67,0
7.41902,57.3902,-7.9889,0.809299,0.482504,7735.54,0
7.4256,57.3276,-7.92072,0.413461,0.296211,7720.26,0
7.4321,57.532,-7.90423,0.454865,0.645321,7741.02,0
7.4386,57.4914,-7.84575,0.385475,0.492994,7728.79,0
7.44513,57.4032,-7.88228,0.223348,0.28993,7710.17,0
7.45165,57.362,-7.99317,0.412084,0.199874,7697.89,0
7.45819,57.4805,-8.0977,0.182134,0.421665,7707.04,0
7.46471,57.6816,-8.44645,0.330087,0.751445,7727.23,0
7.47119,57.5985,-8.56931,0.290786,0.51998,7709.42,0
7.47772,57.725,-8.81077,0.26684,0.697181,7719.59,0
7.48425,57.8414,-9.10944,0.495593,0.858919,7728.42,0
7.49078,57.8613,-9.11638,0.597316,0.800328,7724.33,0
7.49728,57.9271,-9.13571,0.107209,0.858708,7726.41,0
7.50381,58.1949,-9.06441,0.0812209,1.22157,7755.37,0
7.51032,58.316,-9.05027,0.0184742,1.32309,7764.78,0
7.51683,58.5408,-9.04705,-0.066497,1.52417,7787.96,0
7.52333,58.7076,-9.03218,0.245582,1.57706,7803.4,0
7.52985,58.8507,-9.18444,0.0524229,1.59532,7815.66,0
7.53639,58.6988,-9.20699,-0.0730766,1.06643,7788.72,0
7.54289,58.603,-9.34815,-0.0984832,0.747647,7769.31,0
7.54941,58.8353,-9.2615,-0.108917,1.08386,7793.37,0
7.55591,58.7125,-9.52334,-0.430715,0.725206,7770.41,0
7.56244,58.6849,-9.19525,-0.136155,0.602089,7760.05,0
7.56895,58.8241,-9.36296,-0.109096,0.803276,7771.77,0
7.57547,58.8898,-9.41564,-0.00354631,0.838103,7773.74,0
7.582,58.8558,-9.03545,-0.139324,0.709182,7762.57,0
7.58851,59.0018,-9.01239,-0.123452,0.920089,7775.14,0
7.59503,59.0711,-8.83373,-0.149233,0.958077,7777.6,0
7.60158,58.9342,-9.05505,-0.0368498,0.56855,7752.89,0
7.60809,58.8004,-8.86928,0.0110877,0.256347,7728.67,0
7.61459,58.9773,-8.88853,0.110413,0.574017,7745.31,0
7.62109,58.8715,-8.96202,0.0816832,0.304586,7724.81,0
7.62762,58.8349,-9.10149,0.0196141,0.224535,7713.4,0
7.63413,58.8496,-8.96727,-0.0364678,0.248332,7708.75,0
7.64067,58.8747,-8.99452,0.0211419,0.288955,7705.44,0
7.64721,58.9149,-9.26524,-0.226411,0.32652,7704.11,0
7.65372,58.8785,-9.30884,-0.0446086,0.234765,7692.79,0
7.66021,58.8585,-9.31422,-0.320744,0.171404,7683.67,0
7.66668,58.8139,-9.41659,-0.459127,0.0788263,7671.36,0
7.67318,58.7997,-9.25484,-0.417875,0.0480609,7663.02,0
7.67971,58.9507,-9.40825,-0.550561,0.332364,7676.17,0
7.68619,59.1598,-8.89687,-0.461181,0.686635,7696.9,0
7.69266,59.5796,-8.61861,0.0207302,1.37612,7745,0
7.69917,59.5219,-8.99699,0.25666,1.05469,7730.96,0
7.70564,59.526,-8.92331,0.530127,0.938989,7724.99,0
7.71211,59.5225,-9.13194,0.342643,0.81545,7718.05,0
7.71867,59.2732,-9.07679,0.422916,0.265341,7679.2,0
7.72517,59.5333,-8.88312,0.161249,0.735724,7706.4,0
7.7317,59.6059,-8.71762,0.326966,0.768253,7709.29,0
7.73822,59.4351,-8.65656,0.547751,0.369264,7680.72,0
7.74476,59.364,-8.69051,0.640001,0.212564,7665.06,0
7.75125,59.6594,-8.62093,0.608668,0.737882,7696.75,0
7.7577,59.4031,-8.50004,0.686465,0.168739,7657.31,0
7.76421,59.6079,-8.475,0.621212,0.552666,7677.26,0
7.77068,59.6576,-8.5723,0.806474,0.605477,7677.27,0
7.77718,59.9222,-8.80514,0.827629,1.03381,7704.87,0
7.78373,60.1155,-8.94904,0.642683,1.28506,7723.22,0
7.79021,59.9131,-8.96238,0.687733,0.747728,7690.82,0
7.79674,59.8784,-8.98432,0.759487,0.602579,7679.93,0
7.80325,59.8603,-8.86808,0.710321,0.506375,7671.2,0
7.80978,59.9828,-8.87858,0.564643,0.694179,7680.47,0
7.81629,60.1715,-8.58164,0.426121,0.987847,7698.21,0
7.82276,60.0127,-8.64161,0.500132,0.589081,7671.54,0
7.8293,60.0031,-8.44683,0.734907,0.525912,7663.92,0
7.83578,59.8224,-8.13725,0.385886,0.139976,7634.52,0
7.8423,60.0488,-8.04829,0.462095,0.572647,7657.03,0
7.84884,59.8875,-7.89868,0.706312,0.22063,7630.11,0
7.85531,60.0122,-7.80091,1.02792,0.459005,7639.7,0
7.86183,60.1925,-8.18901,0.910744,0.748251,7656.3,0
7.86836,60.1472,-8.35179,1.31929,0.559745,7644.19,0
7.8749,60.0009,-8.01941,1.1485,0.232679,7619.25,0
7.88142,60.2285,-8.23567,1.24033,0.619939,7641.84,0
7.88788,60.3371,-8.13138,1.01156,0.739352,7649.34,0
7.89435,60.3234,-7.91867,0.752469,0.653736,7641.34,0
7.90084,60.1996,-7.80386,0.577072,0.370338,7619.39,0
7.90735,60.0874,-7.85664,0.615717,0.127831,7598.92,0
7.91389,60.181,-8.03093,0.376729,0.307683,7604.49,0
7.92041,60.3117,-7.56327,0.252423,0.521311,7614.71,0
7.92689,60.2881,-7.643,0.0250869,0.403131,7605.52,0
7.9334,60.5292,-7.51394,-0.15285,0.808115,7629.67,0
7.93988,60.946,-7.27188,-0.412643,1.46834,7675.94,0
7.94637,60.736,-7.3576,-0.83612,0.881034,7643.24,0
7.95288,60.8718,-7.0297,-1.09084,1.03543,7654.06,0
7.95939,60.9722,-6.95079,-1.05845,1.07185,7660.41,0
7.96588,60.5923,-6.91758,-1.03746,0.231375,7606.48,0
7.97236,60.6024,-6.90326,-0.898834,0.223679,7601.56,0
7.97882,60.694,-6.72801,-0.761142,0.391198,7606.89,0
7.98533,60.8876,-6.87808,-0.90957,0.720236,7624.93,0
7.99178,60.7491,-6.84351,-0.963906,0.393393,7601.45,0
7.9983,61.0081,-7.12324,-1.11203,0.831479,7627.64,0
8.00483,60.8724,-7.23286,-1.0139,0.489259,7604.46,0
8.01133,60.894,-7.39789,-0.924929,0.48202,7600.99,0
8.01783,60.9835,-7.32263,-1.07186,0.577444,7605.98,0
8.02429,61.323,-7.49038,-1.09853,1.14549,7642.17,0
8.03081,61.4749,-7.7149,-1.21053,1.28694,7654.89,0
8.03728,61.5831,-7.94783,-1.16643,1.29765,7662.18,0
8.04382,61.7711,-8.14735,-1.36204,1.43917,7679.33,0
8.05032,61.9581,-8.47604,-1.75169,1.58985,7696.35,0
8.05679,61.9359,-8.55608,-1.80461,1.35459,7687.41,0
8.06333,62.1098,-8.65022,-2.07053,1.52441,7702.74,0
8.06983,62.1773,-8.82315,-2.11844,1.4197,7704.9,0
8.07631,62.1992,-9.0534,-2.24144,1.3059,7701.43,0
8.08281,62.273,-9.04628,-2.08607,1.25835,7704.37,0
8.08932,62.328,-9.30581,-2.23917,1.18163,7704.98,0
8.09586,62.1671,-9.10786,-2.34995,0.723423,7678.88,0
8.10236,62.5663,-9.05796,-2.29132,1.36127,7721.98,0
8.10887,62.6764,-8.91795,-2.08793,1.33093,7729.37,0
8.11541,62.9261,-8.79351,-2.27981,1.62136,7753.9,0
8.12192,63.0683,-9.01272,-1.97112,1.65717,7765.2,0
8.12846,62.9332,-9.13496,-2.08553,1.17762,7742.33,0
8.13496,62.4534,-9.2495,-2.28127,0.148678,7677.17,0
8.14145,62.4459,-9.21237,-2.48332,0.124154,7670.12,0
8.14794,62.732,-9.14711,-2.15085,0.673168,7699.12,0
8.15445,62.7163,-9.11765,-2.34201,0.541673,7691.05,0
8.16097,62.83,-9.57625,-2.21676,0.709831,7698.84,0
8.16747,63.0186,-9.33537,-1.87748,1.00409,7715.81,0
8.17398,63.0496,-9.24045,-1.89252,0.93405,7713.46,0
8.18046,63.0205,-8.9407,-1.73754,0.764584,7703.78,0
8.18696,63.4379,-9.24326,-1.77799,1.47086,7748.64,0
8.19348,63.4455,-9.66508,-1.91541,1.31065,7743.41,0
8.19998,63.1479,-9.2995,-1.70399,0.589718,7700.98,0
8.20648,62.9029,-9.26616,-1.81838,0.0843684,7665.03,0
8.21296,63.005,-9.52171,-1.74338,0.275584,7671.41,0
8.21948,62.9657,-9.58764,-1.71889,0.186124,7660.55,0
8.22602,62.9315,-9.50021,-1.55237,0.105007,7650.3,0
8.23253,63.0687,-9.34715,-1.64761,0.33754,7660.92,0
8.23901,63.0983,-9.22835,-1.57563,0.360756,7658.47,0
8.24555,62.9471,-9.55021,-1.53162,0.0471845,7634.07,0
8.25204,62.9746,-9.63022,-1.4489,0.100011,7631.39,0
8.2586,63.2457,-9.57809,-1.5523,0.605265,7658.16,0
8.26509,63.4272,-9.60456,-1.66646,0.887527,7674.1,0
8.27156,63.6285,-9.71302,-1.26043,1.14021,7692.44,0
8.27812,63.2246,-9.65049,-1.34898,0.241389,7637.56,0
8.28463,63.4726,-9.72638,-1.46597,0.700437,7661.49,0
8.29116,63.431,-9.94125,-1.86399,0.578995,7650.43,0
8.29764,63.4123,-10.1002,-1.70673,0.484669,7642.2,0
8.30413,63.7281,-9.79473,-1.35768,0.97998,7674.26,0
8.31064,63.4219,-9.89131,-1.73204,0.289852,7631.41,0
8.31716,63.7953,-10.1142,-2.04408,0.961586,7670.32,0
8.32364,63.8016,-10.0431,-1.75818,0.879239,7665.1,0
8.33015,63.715,-10.0606,-1.67254,0.622671,7648.71,0
8.33666,63.4707,-10.4254,-1.70163,0.121139,7613.45,0
8.34321,63.6422,-10.4747,-1.69337,0.446636,7628.03,0
8.34973,63.7869,-10.6986,-1.71777,0.666363,7639.4,0
8.35625,63.763,-10.7502,-1.7484,0.557725,7630.57,0
8.36274,63.7474,-11.0348,-1.51856,0.498564,7622.79,0
8.36919,63.5641,-10.9773,-1.51807,0.0979663,7595.01,0
8.37572,63.5602,-10.8692,-1.57669,0.0867072,7588.62,0
8.38223,63.685,-10.9042,-1.64453,0.308656,7597.62,0
8.38877,63.6827,-10.8886,-1.59764,0.274906,7591.42,0
8.3953,63.6664,-10.9689,-1.81725,0.212788,7583.58,0
8.40181,63.6727,-11.0976,-1.93496,0.204356,7578.45,0
8.40832,63.8046,-10.8426,-1.86023,0.434859,7588.27,0
8.41482,63.8712,-10.7159,-1.9331,0.51533,7590.33,0
8.42136,64.2287,-11.1946,-1.79999,1.13224,7626.87,0
8.42787,64.1009,-11.0851,-1.37842,0.772323,7605.82,0
8.43441,64.3241,-11.1935,-1.25283,1.05567,7626.39,0
8.4409,64.1441,-11.1933,-1.16498,0.591464,7599.2,0
8.44737,64.1219,-11.1286,-1.18617,0.502374,7590.75,0
8.45386,64.5506,-11.048,-1.53894,1.23535,7635.63,0
8.4604,64.3765,-11.1002,-1.39098,0.767907,7609.16,0
8.4669,64.2692,-11.0047,-1.3327,0.476319,7590.64,0
8.47342,64.3251,-10.9549,-1.68596,0.539074,7591.4,0
8.47993,64.4891,-10.8284,-1.63053,0.767737,7604.91,0
8.48643,64.2827,-10.6799,-1.70639,0.313566,7574.77,0
8.49294,64.5039,-10.7261,-1.77383,0.718565,7595,0
8.49945,64.6209,-11.1071,-1.61695,0.877294,7602.95,0
8.50595,65.0223,-11.2693,-1.72228,1.52277,7644.34,0
8.51245,65.2382,-11.0173,-2.0368,1.6468,7663.86,0
8.51895,65.4809,-10.9455,-1.89981,1.80416,7686.5,0
8.52543,65.654,-10.8332,-2.08572,1.81889,7700.96,0
8.53197,65.5727,-10.6945,-2.18125,1.4364,7685.53,0
8.53844,65.8493,-10.4459,-1.99914,1.78439,7712.09,0
8.54497,65.8786,-10.2441,-1.94674,1.56923,7709.64,0
8.55152,66.2641,-10.3014,-2.17376,2.05293,7748.81,0
8.55806,66.332,-10.2626,-2.15582,1.85607,7750.82,0
8.56458,66.3151,-10.3033,-2.15381,1.5948,7742.95,0
8.57111,66.5616,-10.5243,-2.15169,1.75152,7765.82,0
8.57762,66.4762,-10.4421,-1.82987,1.29975,7749.96,0
8.58415,66.5025,-10.5549,-1.73405,1.16951,7747.13,0
8.59064,66.518,-10.6094,-1.88418,1.04587,7743.08,0
8.59715,66.7894,-10.7438,-1.64076,1.38279,7768.79,0
8.60367,66.4575,-10.7807,-1.4302,0.589831,7724.32,0
8.61016,66.5431,-11.1431,-1.83601,0.69102,7728.44,0
8.61663,66.6666,-11.3507,-1.61774,0.855863,7736.96,0
8.62312,66.7212,-11.345,-1.75052,0.839482,7737.48,0
8.62959,66.6958,-11.152,-1.52643,0.705496,7728.74,0
8.63609,66.8209,-10.786,-1.62465,0.828967,7737.4,0
8.64256,66.6792,-10.762,-1.45989,0.469034,7715.22,0
8.64901,66.6623,-10.5845,-1.42939,0.406481,7707.51,0
8.65553,66.6979,-10.6176,-1.69248,0.448747,7705.81,0
8.66203,66.6353,-10.6157,-1.57827,0.283037,7692.8,0
8.66861,66.8052,-10.8363,-1.70283,0.552546,7706.57,0
8.67513,66.8273,-10.6386,-1.70911,0.534869,7703.32,0
8.68163,66.7901,-10.7221,-1.71229,0.436431,7693.27,0
8.68821,66.8314,-10.2192,-1.91984,0.464468,7692.2,0
8.69476,66.666,-10.0144,-2.01405,0.0975246,7667.38,0
8.70123,66.7933,-10.0261,-1.85581,0.33719,7676.3,0
8.70772,66.8241,-10.2901,-1.61412,0.376966,7674.13,0
8.71425,67.2044,-9.87074,-1.60182,1.04912,7712.01,0
8.72068,67.1801,-9.81329,-1.76938,0.877864,7703.54,0
8.7272,67.1228,-10.0365,-2.09364,0.670656,7691.21,0
8.73371,67.2404,-9.73957,-1.93503,0.81235,7698.95,0
8.74023,66.979,-9.89622,-1.78137,0.257662,7663.3,0
8.74673,67.371,-9.85987,-1.73704,0.976844,7702.42,0
8.75322,67.3426,-9.75543,-1.64856,0.763183,7693.47,0
8.75969,67.4935,-9.41356,-2.01883,0.960434,7705.01,0
8.76619,67.6897,-9.80826,-1.95542,1.19629,7721.68,0
8.77271,67.764,-10.0295,-2.20898,1.17708,7724.41,0
8.77923,67.7713,-10.1189,-2.17056,1.06376,7719.5,0
8.78574,67.3437,-10.2107,-2.16575,0.150295,7665.12,0
8.7922,67.3553,-9.91427,-2.11461,0.155024,7660.8,0
8.79869,67.6271,-9.70908,-2.04711,0.645213,7686.04,0
8.80519,67.5052,-9.44271,-1.80975,0.332452,7666.52,0
8.81175,67.6898,-9.76349,-1.55572,0.660163,7681.76,0
8.81827,67.4348,-9.78981,-1.52166,0.137406,7647.17,0
8.82478,67.4892,-9.7605,-1.67519,0.235195,7647.7,0
8.83133,67.633,-9.73174,-1.54936,0.503044,7658.3,0
8.83779,67.5866,-10.184,-1.44168,0.332691,7647.45,0
8.8443,67.5971,-10.312,-1.35573,0.32953,7643.01,0
8.85076,67.6622,-10.4531,-1.30887,0.42338,7644.79,0
8.85727,67.6326,-10.5159,-1.20369,0.338265,7635.84,0
8.86379,67.8073,-10.3275,-1.06151,0.647701,7649.92,0
8.87028,68.0026,-10.2623,-1.05965,0.923581,7666.35,0
8.87679,67.8578,-10.2808,-1.11723,0.559137,7644.41,0
8.8833,67.876,-10.3926,-1.03285,0.542486,7640.85,0
8.88984,67.8953,-10.4055,-0.979303,0.545377,7637.41,0
8.89637,68.168,-10.6093,-1.01633,0.992134,7662.45,0
8.90289,68.3664,-10.4218,-1.45386,1.19027,7679.13,0
8.90937,68.0473,-10.4404,-1.27718,0.443118,7637.73,0
8.91589,68.1082,-10.6486,-1.26617,0.541766,7638.97,0
8.92238,68.1671,-10.3748,-1.03067,0.598215,7640.01,0
8.9289,68.3027,-10.3359,-1.26843,0.787861,7649.62,0
8.9354,68.4484,-10.5044,-1.6243,0.99458,7660.36,0
8.9419,68.2825,-10.5491,-1.70141,0.54029,7636.24,0
8.94838,68.6923,-10.7961,-1.19648,1.25799,7676.51,0
8.95489,68.583,-10.6855,-1.43725,0.863715,7658.72,0
8.96139,68.34,-10.5222,-1.66886,0.309668,7626.05,0
8.96792,68.4882,-10.4071,-1.23107,0.576279,7637.02,0
8.97443,68.8213,-10.2114,-1.22383,1.13683,7668.59,0
8.98093,68.5096,-9.9876,-1.13126,0.43101,7628.34,0
8.9874,68.4042,-9.83529,-1.00211,0.205843,7611.12,0
8.99391,68.5102,-9.74717,-1.18773,0.397738,7617.4,0
9.00045,68.613,-9.59931,-0.88691,0.556466,7623.28,0
9.00693,68.8179,-9.28177,-0.488153,0.876875,7640.55,0
9.01343,68.8783,-8.9745,-0.789988,0.921746,7641.75,0
9.01995,68.786,-8.78053,-0.755514,0.647423,7625.98,0
9.02645,68.857,-8.97454,-0.407138,0.705496,7628.36,0
9.0329,68.822,-8.72902,-0.531861,0.57503,7619.04,0
9.03942,68.9083,-8.8231,-0.445066,0.687379,7623.09,0
9.04594,68.7975,-9.17158,-0.386368,0.368612,7605.34,0
9.05246,68.8921,-9.15002,-0.436692,0.514574,7610.31,0
9.05899,68.9824,-8.89297,-0.527435,0.657036,7614.81,0
9.06551,69.0961,-8.56539,-0.677271,0.797914,7621.87,0
9.07201,68.976,-8.4852,-0.541449,0.494244,7603.16,0
9.07852,69.1708,-8.56185,-0.88092,0.812384,7619.17,0
9.08499,68.9426,-8.53307,-0.98785,0.31372,7588.62,0
9.0915,69.2118,-8.40487,-0.653721,0.793318,7612.8,0
9.09805,69.5313,-8.12541,-0.913311,1.2918,7642.44,0
9.10453,69.338,-8.18942,-1.0384,0.793382,7615.77,0
9.11108,69.4003,-8.28652,-0.955258,0.794154,7617.13,0
9.11762,69.2715,-8.30062,-0.850441,0.454066,7597.55,0
9.12411,69.1613,-7.9682,-0.541348,0.209418,7580.06,0
9.13062,69.2541,-7.99518,-0.678245,0.341069,7584.82,0
9.13709,69.4048,-8.17693,-1.09726,0.610178,7595.95,0
9.14358,69.7835,-8.523,-0.855404,1.23914,7631.97,0
9.15007,69.965,-8.71146,-0.921926,1.41162,7646.39,0
9.15657,69.9062,-8.68245,-0.960768,1.11286,7634.54,0
9.16307,69.9328,-8.62964,-0.937386,1.04122,7632.03,0
9.16958,70.1539,-8.73224,-0.720528,1.30392,7650.72,0
9.1761,70.063,-8.59595,-0.85083,0.948732,7635.38,0
9.18259,70.3566,-8.61431,-0.647271,1.3984,7661.96,0
9.1891,70.3824,-8.3726,-0.739729,1.24192,7659.33,0
9.19561,69.997,-8.5838,-0.701168,0.369787,7612,0
9.20213,70.0316,-8.51515,-0.718505,0.40054,7610.38,0
9.20865,70.0881,-8.83725,-0.660519,0.485038,7611.11,0
9.21518,70.3109,-8.63941,-0.827421,0.891489,7629.9,0
9.22165,70.6873,-8.79312,-0.5599,1.48041,7665.37,0
9.22816,70.8733,-8.75936,-0.548602,1.58479,7680.11,0
9.23463,70.8205,-8.82569,-0.776079,1.26282,7669,0
9.24111,70.9896,-8.34638,-0.893448,1.42394,7681.94,0
9.24761,70.9967,-8.6775,-0.942346,1.20591,7677.3,0
9.2541,70.8629,-8.94424,-1.21112,0.801346,7657.47,0
9.26056,70.7017,-8.6532,-0.98873,0.422765,7634.71,0
9.26705,70.8334,-8.49747,-1.02272,0.645377,7643.58,0
9.27355,70.9862,-8.55918,-1.14381,0.851277,7654.69,0
9.28005,71.1448,-8.56187,-1.23823,1.0399,7666.42,0
9.28654,71.3369,-8.12962,-1.0684,1.27603,7681.76,0
9.29305,71.3798,-8.05882,-0.962709,1.18135,7680.99,0
9.29952,71.4217,-7.86458,-0.972106,1.08415,7680.15,0
9.30603,71.5047,-8.17456,-0.768932,1.09275,7683.69,0
9.31255,71.4698,-8.24855,-0.845057,0.86953,7674.57,0
9.31905,71.3722,-7.96271,-0.988577,0.613054,7658.75,0
9.32553,71.4062,-7.62106,-1.07186,0.594583,7657.07,0
9.33203,71.4132,-7.33646,-1.1049,0.561212,7652.48,0
9.33858,71.4285,-7.64893,-1.11913,0.501631,7648.75,0
9.34505,71.4603,-7.41758,-1.18848,0.513747,7646.87,0
9.35154,71.9148,-7.1444,-1.55837,1.32235,7690.15,0
9.35801,71.8281,-7.43,-1.47565,1.00272,7675.57,0
9.36452,71.7314,-7.63752,-1.38594,0.714156,7659.91,0
9.37101,71.6388,-7.5625,-0.972079,0.455698,7644.73,0
9.37755,71.5741,-7.63981,-1.17981,0.291418,7632.5,0
9.38405,71.6235,-7.65255,-1.25045,0.356497,7632.48,0
9.39055,71.6421,-7.51005,-1.15499,0.363596,7629.16,0
9.39705,71.5287,-7.42481,-1.07098,0.123901,7611.83,0
9.40359,71.5108,-7.31911,-1.06928,0.0832698,7604.63,0
9.41008,71.5259,-7.19471,-1.02073,0.109455,7600.99,0
9.41653,71.6381,-7.20784,-1.26887,0.31768,7607.7,0
9.42308,71.8453,-7.42668,-1.49114,0.704936,7624.39,0
9.42955,71.5557,-7.24718,-1.32371,0.107712,7588.45,0
9.43609,71.5306,-7.25707,-1.28885,0.0486782,7580.53,0
9.4426,71.5958,-7.18803,-1.1405,0.1668,7582.22,0
9.44911,72.0737,-7.20965,-0.831362,1.06332,7627.56,0
9.45559,72.1239,-7.21859,-0.660503,0.993577,7627.64,0
9.46212,71.9051,-7.32618,-0.582559,0.477376,7599.26,0
9.46861,71.9225,-7.5944,-0.445984,0.462072,7595.89,0
9.47514,71.8933,-7.70915,-0.273018,0.349787,7587.58,0
9.48166,72.1016,-7.69955,-0.380317,0.702093,7604.33,0
9.48814,72.009,-7.82855,-0.537639,0.419494,7589.36,0
9.49466,72.1889,-7.95001,-0.507853,0.727303,7603.1,0
9.50116,71.9479,-7.90392,-0.44414,0.214157,7572.54,0
9.50768,72.6057,-7.72412,-0.275993,1.39344,7636.53,0
9.5142,72.5588,-8.01845,-0.011387,1.09334,7626.36,0
9.52074,72.4761,-7.73384,0.00507386,0.80332,7612.44,0
9.52726,72.2493,-7.71272,0.323779,0.251675,7583.43,0
9.53375,72.2672,-7.89677,0.613033,0.268662,7580.15,0
9.54026,72.1683,-8.05326,0.72653,0.051363,7564.6,0
9.54671,72.4612,-7.87351,0.823053,0.609213,7590.18,0
9.55322,72.3532,-7.92224,0.553185,0.347969,7573.7,0
9.55968,72.3617,-7.7789,0.607447,0.317963,7569.47,0
9.56623,72.4178,-7.60599,0.461319,0.395737,7570.15,0
9.57273,72.3811,-7.14158,0.239014,0.27586,7561.18,0
9.57925,72.384,-7.31136,0.329232,0.252461,7556.34,0
9.58578,72.3012,-7.42018,0.360298,0.0821822,7542.55,0
9.59234,72.3126,-7.51342,0.481304,0.102677,7538.58,0
9.59885,72.3826,-7.46904,0.373755,0.224771,7540.76,0
9.60536,72.41,-7.43253,0.327814,0.264776,7538.5,0
9.61188,72.4151,-7.45307,0.4322,0.236072,7533.92,0
9.61834,72.3903,-7.54529,0.261328,0.163428,7526.28,0
9.62484,72.3813,-7.45595,-0.11463,0.136963,7520.27,0
9.63135,72.6063,-7.544,0.063902,0.567965,7538.54,0
9.63787,72.6215,-7.71622,0.212586,0.545622,7535.02,0
9.64434,72.6868,-7.54432,0.43202,0.611574,7536.74,0
9.65088,72.8932,-7.7026,0.623931,0.936271,7553.01,0
9.65739,73.1992,-7.54939,0.652044,1.41014,7579.6,0
9.66388,73.1116,-7.29742,0.914937,1.07516,7565.45,0
9.67042,73.1488,-7.56901,1.14439,0.972515,7564.18,0
9.67696,72.9813,-7.76262,1.24661,0.544326,7541.75,0
9.6835,73.332,-7.20499,1.49617,1.1349,7572.88,0
9.68998,73.2059,-7.0351,1.22775,0.778295,7554.8,0
9.69647,73.1909,-7.25373,0.942141,0.626151,7548.2,0
9.70295,72.9873,-7.07537,1.11588,0.192802,7522.18,0
9.70943,73.2187,-7.13283,0.586001,0.58718,7540.99,0
9.71589,72.9729,-7.17557,0.720856,0.0738008,7510.67,0
9.72241,73.1587,-7.06171,0.713981,0.429883,7524.74,0
9.72892,73.2426,-7.33728,0.595713,0.555171,7528.34,0
9.73545,73.4305,-7.18016,0.597654,0.863158,7542.59,0
9.74195,73.2516,-7.1745,0.357165,0.455826,7519.19,0
9.74845,73.504,-7.38273,0.462763,0.916103,7540.07,0
9.75496,73.3497,-7.20737,0.397107,0.543458,7519.22,0
9.76145,73.3671,-7.12968,0.596996,0.53698,7516,0
9.76794,73.4938,-6.99726,0.841405,0.735159,7523.98,0
9.77443,73.4752,-6.81764,0.598761,0.637171,7517.08,0
9.78092,73.4724,-7.00356,0.52123,0.561835,7511.81,0
9.78742,73.4765,-7.07076,0.472442,0.521754,7507.24,0
9.79398,73.827,-7.10942,0.806127,1.13341,7538,0
9.80049,74.2562,-7.05194,0.695082,1.78333,7576.79,0
9.80699,74.1996,-6.81859,0.693679,1.39235,7565.99,0
9.81349,74.2561,-6.94962,0.68715,1.30371,7566.74,0
9.82001,73.9793,-6.8981,0.56621,0.615108,7533.53,0
9.82652,74.0654,-6.5789,0.806275,0.703885,7537.3,0
9.83304,74.0735,-6.75709,0.691208,0.667675,7533.13,0
9.83954,74.1181,-6.97936,0.879675,0.676305,7532.68,0
9.84603,74.1288,-7.16891,0.852515,0.648826,7528.8,0
9.85256,73.9169,-7.42178,0.930273,0.201701,7502.3,0
9.85903,74.0184,-7.4179,0.992526,0.387701,7507.67,0
9.86556,74.03,-7.38873,1.03816,0.383445,7503.88,0
9.87204,74.0762,-6.8984,1.18695,0.432745,7503.63,0
9.87859,74.3072,-6.55717,0.788842,0.826999,7522.04,0
9.88509,74.0386,-6.87502,0.842536,0.268384,7489.92,0
9.89157,74.0796,-6.68373,0.958257,0.331748,7489.17,0
9.89808,74.0768,-6.63291,0.762276,0.299726,7483.96,0
9.90458,74.0275,-6.53036,0.925881,0.192324,7474.07,0
9.91106,74.2011,-6.41496,1.08347,0.503598,7486.69,0
9.9176,74.3599,-6.23417,0.911184,0.747949,7497.78,0
9.92415,74.2562,-6.31357,1.0267,0.470768,7482.38,0
9.93066,74.3845,-6.04752,0.905444,0.629523,7490.4,0
9.93717,74.7441,-5.84141,1.00995,1.21812,7521.66,0
9.94366,74.6997,-6.01043,1.04197,0.990666,7512.29,0
9.95016,74.7108,-5.82747,0.975759,0.903748,7508.5,0
9.95671,74.4315,-5.727,1.17118,0.292502,7475.51,0
9.96324,74.5254,-5.49974,1.28513,0.446513,7480.03,0
9.96976,74.5025,-5.06831,1.1694,0.383704,7472.85,0
9.97628,74.4996,-5.23376,1.13182,0.354861,7467.68,0
9.98281,74.3759,-5.03337,1.25505,0.0940996,7450.4,0
9.98928,74.7795,-5.05035,1.56581,0.857542,7485.97,0
9.99578,75.1901,-5.35333,1.69606,1.51572,7522.18,0
10,75.2304,-5.39687,1.63788,1.42331,7523.04,0
