0.160669,3649.37,-50.1992,47.2384,0.0180969,3938.83,0
0.321084,3643.7,-51.2541,52.7279,0.0901992,19634.1,0
0.483088,3643.58,-43.3461,52.8532,0.107426,13295,0
0.644465,3622.28,-50.9242,48.9686,0.43237,43012.9,0
0.803489,3613.82,-31.6022,41.0132,0.637854,45026.8,0
0.964788,3619.49,-17.7127,35.0144,0.568497,31625.6,0
1.1237,3606.2,-9.88884,52.5691,0.772445,38977.4,0
1.28443,3606.16,-11.343,57.1256,0.752476,34133.8,0
1.445,3597.94,-17.2687,55.7832,0.899062,36027.7,0
1.60664,3590.13,-10.5896,62.8049,1.02992,37266.3,0
1.76675,3584.13,-4.82835,53.867,1.17798,37284.5,0
1.9247,3589.04,-1.86604,49.7915,1.10385,31672.7,0
2.08508,3581.01,-6.65038,48.7218,1.27162,33086.9,0
2.24066,3574.96,-10.6331,43.9109,1.44394,33488.7,0
2.40391,3570.18,-10.2423,38.8488,1.58522,33202.6,0
2.56195,3580.5,-11.4894,45.2697,1.30109,27128.2,0
2.72106,3585.12,-10.9743,45.682,1.2052,23843.5,0
2.87911,3583.8,-3.49079,41.1781,1.25276,22991.5,0
3.03902,3578.96,-9.22153,35.6379,1.39922,23377.3,0
3.20081,3571.92,-12.3185,43.6131,1.53701,24395.1,0
3.36173,3566.82,-16.5714,40.6233,1.64299,24743.8,0
3.51878,3560.64,-10.0002,51.8823,1.73142,25396.4,0
3.67485,3558.96,-10.522,61.6444,1.66013,24774.5,0
3.83444,3563.37,-22.4668,60.4706,1.52223,22591.5,0
3.99364,3560.31,-26.3918,58.0063,1.59854,22457.4,0
4.15549,3555.3,-33.9797,58.3319,1.66143,22789,0
4.31926,3551.23,-25.7228,52.3874,1.83521,22867.5,0
4.48027,3553.91,-16.9076,52.5397,1.7836,21447.5,0
4.63886,3559.09,-13.4888,51.3323,1.62669,19598.4,0
4.80364,3561.3,-13.8431,64.8187,1.45312,18465.3,0
4.96469,3558.72,-13.2904,64.7582,1.52783,18386.6,0
5.11959,3565.01,-21.4335,71.2458,1.31917,16600.1,0
5.28111,3551.81,-11.6974,70.6172,1.64027,18592.3,0
5.43936,3560.07,-18.0526,71.3313,1.42838,16533.9,0
5.59726,3573.5,-29.9533,76.5647,1.08393,13667.9,0
5.75903,3574.16,-30.0081,80.9768,1.03492,13168.7,0
5.90616,3580.38,-37.3751,92.8063,0.820184,11787,0
