0.160987,3649.26,-21.6814,-74.4109,0.0150882,4624.98,0
0.325313,3650.22,-22.1943,-73.1809,0.00357936,-691.068,0
0.486049,3648.7,-24.0742,-74.5486,0.020289,2667.51,0
0.64339,3649.69,-24.2318,-74.7664,0.00571711,479.956,0
0.80302,3649.86,-23.8915,-74.8442,0.00354369,169.557,0
0.962775,3643.47,-26.0526,-74.4552,0.0943195,6778.77,0
1.12276,3640.85,-14.8848,-66.5806,0.161695,8149.41,0
1.28397,3631.19,6.15407,-49.3175,0.35749,14647.7,0
1.44513,3639.98,-16.4551,-31.1022,0.241691,6934.55,0
1.60287,3628.74,-24.0141,-16.7545,0.435147,13265.3,0
1.76523,3644.86,-8.34471,0.936856,0.188899,2911.49,0
1.92405,3634.9,-12.3342,-5.08092,0.348374,7846.26,0
2.08614,3634.5,-39.1975,-35.2044,0.29626,7430.66,0
2.24778,3638.2,-30.9789,-12.9585,0.271004,5251.44,0
2.40756,3647.89,-42.0955,-3.89488,0.106112,878.026,0
2.56569,3626.44,-51.3701,-8.27258,0.42523,9182.49,0
2.72519,3640.79,-59.1131,-3.69722,0.180057,3381.13,0
2.88663,3629.7,-82.3058,14.3446,0.282432,7030.99,0
3.0486,3632.28,-61.3768,18.099,0.299977,5811.5,0
3.2093,3609.03,-60.6308,39.4957,0.659452,12765.3,0
3.37078,3610.74,-68.2437,47.1812,0.591787,11647.8,0
3.52768,3614.18,-61.7246,46.0606,0.549247,10154.4,0
3.68804,3617.72,-54.7391,48.8004,0.503554,8753.74,0
3.84731,3609.11,-49.8979,53.3404,0.650903,10628.4,0
4.00875,3599.5,-53.5454,65.4827,0.773815,12597.6,0
4.16748,3590.49,-54.8135,69.7312,0.909114,14280.1,0
4.32814,3589.98,-66.6899,72.5196,0.867223,13866.3,0
4.33146,3589.76,-67.1483,74.1709,0.862685,13908.4,0
