0.158157,3651.31,-41.5514,-11.7741,0.0100753,-8275.75,0
0.314938,3650.31,-43.4362,-11.733,0.0229662,-969.712,0
0.477344,3650.33,-37.9499,-11.0151,0.0299486,-687.325,0
0.63774,3646.34,-36.399,-13.3042,0.0913968,5746.25,0
0.795353,3629.16,-58.7925,-19.0904,0.315747,26198.2,0
0.956237,3643.15,-59.9421,-28.0453,0.088089,7158.41,0
1.11695,3635.04,-56.1666,-17.7938,0.230633,13393.6,0
1.27702,3626.28,-29.9694,-12.3043,0.428051,18575.8,0
1.43644,3612.63,-39.9782,-14.0784,0.65033,26015.7,0
1.59379,3621.86,-46.6995,-3.75571,0.47688,17656.5,0
1.75473,3638.34,-43.6792,19.055,0.203677,6642.54,0
1.91643,3636.98,-49.3006,10.4568,0.219099,6793.13,0
2.07548,3605.61,-47.9978,26.03,0.741351,21387.5,0
2.23742,3602.35,-47.6382,17.4661,0.809551,21297.1,0
2.39644,3597.72,-49.1373,18.9487,0.885265,21817.5,0
2.55729,3599.74,-45.3281,21.7674,0.848315,19655,0
2.71962,3584.4,-50.8611,25.0956,1.1327,24120,0
2.87812,3593.43,-44.8531,22.5267,0.982751,19656.5,0
3.03825,3596.38,-49.8567,28.6408,0.88477,17647.7,0
3.19891,3597.35,-43.9553,31.6521,0.871017,16457.4,0
3.35921,3589.59,-47.7806,27.3519,1.02472,17984.6,0
3.51607,3586.2,-46.5206,26.4393,1.10861,18143.9,0
3.67892,3603.44,-36.1718,14.9798,0.814284,12656.9,0
3.83778,3593.85,-39.7924,26.1604,0.971662,14631.8,0
3.99736,3596.27,-40.7534,29.6723,0.906643,13441,0
4.15896,3603.07,-48.1538,35.9602,0.740616,11283.9,0
4.31625,3611.86,-30.1038,43.7168,0.607399,8835.75,0
4.47401,3615.35,-20.3608,29.3029,0.589961,7744.17,0
4.63864,3617.81,-18.9216,30.4495,0.541638,6940.49,0
4.80001,3633.35,-13.1543,27.4956,0.281872,3469.17,0
4.96541,3637.42,-20.6771,38.8517,0.193694,2532.52,0
5.12403,3614.1,-37.1047,58.325,0.512318,7006.56,0
5.28395,3625.33,-53.2078,39.9761,0.330839,4669.37,0
5.4425,3635.1,-36.6025,23.895,0.227326,2737.31,0
5.60395,3624.23,-40.2359,16.473,0.407958,4597.86,0
5.7582,3633.13,-33.8222,14.8134,0.27043,2929.5,0
5.91849,3628.4,-28.9812,17.3354,0.355804,3649.11,0
6.07757,3635.86,-15.3155,9.15413,0.24521,2325.87,0
6.23748,3623.82,11.29,14.8035,0.449415,4197.02,0
6.39852,3624.06,11.1073,4.89596,0.452814,4054.59,0
6.55916,3616.8,28.9297,8.51163,0.559548,5061.41,0
6.71925,3616.35,25.3516,6.85903,0.57548,5007.81,0
6.87996,3601.78,23.2872,5.96649,0.860158,7008.12,0
7.0381,3605.4,31.8504,-0.642849,0.771341,6337.6,0
7.19744,3612.76,30.8075,3.84992,0.640647,5174.71,0
7.35828,3611.6,37.3361,8.65425,0.646355,5218.84,0
7.52152,3618.25,47.1799,2.44012,0.503662,4221.04,0
7.68072,3610.83,49.0943,-2.14799,0.626221,5099.14,0
7.83828,3609.54,62.3931,13.1097,0.598911,5162.26,0
7.99807,3613.89,48.6892,0.647712,0.571947,4515.26,0
8.15649,3606.62,51.0405,3.35022,0.691823,5317.96,0
8.31735,3613.33,43.6618,17.6889,0.580516,4408.59,0
8.47726,3604.56,48.9618,25.4824,0.714078,5360.39,0
8.63586,3597.22,51.2351,18.4398,0.85379,6111.98,0
8.79636,3596.25,46.1977,19.0535,0.892306,6110.98,0
8.95772,3595.34,40.4416,9.00799,0.95107,6101.65,0
9.11845,3591.97,29.5572,8.2328,1.05572,6364.5,0
9.27832,3569.59,32.2147,9.64223,1.55857,8666.7,0
9.43657,3575.15,26.4295,16.8826,1.41306,7931.43,0
9.59524,3581.02,32.8459,21.5878,1.23062,7189.09,0
9.75782,3571.73,32.5969,20.9931,1.46163,8021.48,0
9.91691,3570.48,20.8253,22.8555,1.52797,8019.06,0
10.0763,3571.94,13.3832,17.7964,1.52669,7746.71,0
10.2354,3572.38,6.7461,20.8579,1.51601,7583.33,0
10.3944,3568.13,18.5448,21.5894,1.57576,7876.62,0
10.5553,3579.08,8.1907,14.3258,1.29421,6718.69,0
10.7141,3583.5,-0.203989,14.4761,1.19474,6206.67,0
10.8743,3584.46,0.506772,17.4642,1.15148,6027.35,0
11.0343,3587.64,1.67266,9.53906,1.09754,5651.79,0
11.1937,3575.89,0.851189,18.2211,1.35774,6620.53,0
11.35,3575.36,-11.3294,17.9339,1.35879,6576.06,0
11.5101,3571.61,-17.9572,28.9528,1.37969,6810.55,0
11.6693,3576.52,-29.1797,27.6625,1.22833,6297.28,0
11.8282,3580,-32.8204,34.5396,1.12582,5917.68,0
11.9869,3588.18,-31.6103,32.156,0.960771,5157.26,0
12.1477,3584.18,-38.7971,34.5339,1.02611,5418.46,0
12.3098,3590.57,-47.0733,18.3465,0.894699,4828.21,0
12.4708,3597.46,-26.3093,7.52858,0.827717,4213.22,0
12.6295,3601.35,-30.4411,-0.774019,0.732942,3851.89,0
12.7926,3605.51,-24.2072,-6.19522,0.653965,3477.57,0
12.9521,3602.01,-22.0681,-22.9702,0.715142,3705.19,0
13.1118,3588.99,-24.7742,-20.409,0.976381,4653.11,0
13.2682,3584.46,-15.5979,-13.0294,1.11124,4939.89,0
13.4282,3585.02,-20.3681,-21.7278,1.05873,4839.33,0
13.5865,3577.65,-8.08931,-23.9126,1.20691,5325.28,0
13.7493,3574.1,-8.0397,-20.444,1.31072,5520.43,0
13.9109,3555.36,-8.65801,-27.5165,1.79494,6803.35,0
14.073,3569.2,-9.76721,-24.611,1.41771,5741.29,0
14.2327,3560.91,-2.43123,-21.7894,1.6831,6259.5,0
14.3937,3565.12,-11.4416,-24.5949,1.54387,5897.26,0
14.5507,3568.51,-8.80716,-26.6952,1.44637,5600.66,0
14.7119,3580.38,-18.0353,-32.2244,1.10677,4732.5,0
14.8693,3584.35,-12.6471,-33.1985,1.00552,4414.99,0
15.0289,3600.27,-13.1863,-34.1907,0.66375,3308.64,0
15.185,3594.55,-2.65593,-23.3723,0.817066,3651.76,0
15.3458,3590.16,10.0709,-23.4571,0.916654,3899.17,0
15.5073,3583.19,14.9096,-28.5431,1.05545,4308.51,0
15.6629,3588.11,19.6774,-21.9769,0.947625,3951.48,0
15.8211,3592.21,11.6751,-30.6585,0.834631,3652.74,0
15.981,3588.17,12.5249,-19.5153,0.938863,3868.77,0
16.1428,3579.46,21.3557,-14.1879,1.13881,4369.89,0
16.3023,3580.8,20.9483,-3.21681,1.10314,4244.82,0
16.4621,3587.38,29.6497,3.32707,0.911637,3803.83,0
16.6199,3588.54,27.5941,-2.13083,0.890198,3698.26,0
16.7822,3579.58,23.5884,-1.52637,1.09277,4196.26,0
16.9443,3576.5,31.2493,-14.4873,1.11625,4337.88,0
17.1036,3573.91,31.406,-9.78147,1.17196,4448.61,0
17.2644,3577.1,34.334,-8.55671,1.07139,4222.58,0
17.4239,3582.63,26.1533,-5.35545,0.960088,3866.26,0
17.5854,3583.95,19.466,-10.4317,0.948528,3755.82,0
17.745,3584.36,19.6212,-19.3859,0.913334,3699.12,0
17.9033,3567.63,22.2644,-18.4872,1.31895,4600.82,0
18.0628,3571.39,22.3984,-4.61073,1.23772,4352.12,0
18.2219,3571.71,17.4612,-5.05111,1.2553,4296.29,0
18.3847,3576.19,22.299,-5.50636,1.10416,4014.52,0
18.5439,3578.85,30.1172,-10.1837,1.00874,3836.94,0
18.7056,3579.59,28.7897,-9.78071,1.00522,3764.2,0
18.8634,3596.4,43.6604,-13.7213,0.581925,2841.63,0
19.0223,3593.7,57.9049,-15.1299,0.566954,2959.72,0
19.1824,3595.45,71.2585,-19.7094,0.467706,2843.61,0
19.3388,3586.18,52.3514,-30.1268,0.712711,3300.2,0
19.4989,3591.72,50.4147,-27.3757,0.621171,2988.68,0
19.6603,3589.98,51.9395,-16.541,0.674626,3052.87,0
19.8195,3589.93,59.8518,-6.23994,0.650508,3030.92,0
19.9814,3592.58,56.1751,-1.30977,0.615171,2873.89,0
20.1375,3579.68,59.9541,10.5182,0.855556,3492.13,0
20.3013,3589.19,65.3678,13.046,0.625177,2995.15,0
20.4587,3578.68,70.25,27.533,0.787053,3486.14,0
20.6151,3590.56,62.5937,33.3417,0.586515,2883.26,0
20.7742,3610.33,66.8584,36.7719,0.207651,1909.46,0
20.9283,3599.77,79.846,48.0484,0.310866,2399.98,0
21.0848,3584.9,80.4468,42.1745,0.582,3087.73,0
21.2441,3574.44,85.5053,43.3577,0.73512,3556.52,0
21.2998,3565.68,92.3902,38.2891,0.869318,3958.95,0
