0.157832,3643.71,-28.5467,-19.2565,0.113149,39841,0
0.316807,3646.27,-30.355,-17.3147,0.0715928,11760.4,0
0.475214,3648.88,-22.6314,-21.9111,0.0345233,2357.98,0
0.635954,3646.25,-23.3936,-22.6839,0.073037,5893.2,0
0.798255,3641.14,-25.6011,-25.6196,0.148815,11103.8,0
0.958901,3636.22,-5.40427,0.845246,0.257057,14374.9,0
1.1173,3639.79,8.7164,1.58575,0.200964,9136.93,0
1.27827,3631.6,-1.9789,-2.13696,0.337275,14394.1,0
1.43951,3621.1,6.67318,6.74135,0.51955,20073.2,0
1.60119,3614.9,8.00317,-1.56648,0.637364,21920.8,0
1.76009,3606.49,-4.85437,16.6234,0.787421,24719.8,0
1.92327,3618.1,-5.7466,6.34587,0.576814,16586.9,0
2.08295,3623.6,-6.06645,-0.642554,0.473677,12673.9,0
2.24277,3617.92,1.5142,12.5522,0.572149,14305.9,0
2.40261,3624.9,10.3791,11.3616,0.445475,10445.3,0
2.56348,3626.95,19.538,15.3071,0.399089,8992.2,0
2.72315,3612.62,17.7199,4.27252,0.666696,13725.5,0
2.88356,3605.99,9.16205,7.03016,0.800072,15263.5,0
3.04628,3619.46,-5.2809,-4.65278,0.536754,10025.7,0
3.20446,3640.4,8.11852,-14.4969,0.170252,2996.01,0
3.36255,3643.86,15.2496,-8.04901,0.11542,1824.61,0
3.5212,3620.47,14.244,-2.18816,0.514705,8386.55,0
3.68383,3613.7,23.5547,-15.0341,0.620434,9853.99,0
3.83969,3610.9,15.4116,-3.02601,0.685212,10182.4,0
3.99907,3615.9,27.9242,-11.9911,0.564228,8528.18,0
4.15697,3619,17.621,-10.9617,0.519767,7457.73,0
4.31889,3610.51,23.4379,-25.1803,0.652962,9144.06,0
4.47892,3639.24,9.94556,-22.5008,0.169548,2402.87,0
4.63665,3639.89,3.08573,-17.4692,0.163553,2179.56,0
4.79949,3623.79,-2.90855,-22.4026,0.431513,5460.23,0
4.959,3633.84,-1.69511,-14.5402,0.265267,3257.79,0
5.11691,3624.29,24.2807,-18.8797,0.41049,5023.74,0
5.27728,3629.31,-4.88276,-8.94928,0.342548,3920.74,0
5.43585,3630.53,-4.92072,9.23906,0.321689,3581.38,0
5.59615,3613.22,3.58727,-3.03927,0.638842,6572.16,0
5.7566,3611.67,-11.9436,-3.3137,0.66173,6658.12,0
5.91626,3610.23,-9.31329,4.57187,0.692203,6722.06,0
6.07753,3613.42,-9.48372,11.3342,0.631036,6018.41,0
6.23694,3617.63,-14.4566,11.2444,0.546697,5189.89,0
6.3977,3622.38,-28.9144,12.1367,0.444833,4317.39,0
6.55756,3618.39,-36.2132,10.9588,0.503017,4819.8,0
6.71597,3625.12,-42.3045,14.6129,0.37436,3704.35,0
6.8737,3617.45,-37.0754,20.466,0.511481,4735.83,0
7.03666,3626.74,-49.3563,16.0438,0.327598,3305.03,0
7.19259,3621.85,-35.0731,14.32,0.443359,3913.91,0
7.35408,3628.5,-30.6813,17.3875,0.33288,2922.96,0
7.51476,3627.54,-38.6368,3.13937,0.346978,2988.95,0
7.6747,3627.19,-41.9956,15.9194,0.340726,2972.05,0
7.83498,3629.79,-47.5614,5.93165,0.291934,2580.04,0
7.99449,3633.35,-46.4756,7.67166,0.235824,2082.91,0
8.15203,3632.15,-38.2892,33.9488,0.245267,2189.83,0
8.314,3627,-26.0512,65.2559,0.276742,2766.92,0
8.47508,3627.55,-27.2505,89.4532,0.191589,2648.98,0
8.63252,3618.52,-8.61153,88.9689,0.344394,3646.36,0
8.79302,3618.94,0.106372,89.3118,0.337204,3532.67,0
8.95116,3633.18,-15.2713,77.8216,0.150088,1879.47,0
9.11127,3625.15,-15.3871,65.294,0.314534,2727.69,0
9.27278,3626.93,7.15817,29.7199,0.369123,2488.32,0
9.4331,3618.99,25.0606,39.3711,0.472236,3286.86,0
9.59079,3617.8,18.1031,47.887,0.482174,3357.55,0
9.75222,3600.58,0.6173,50.8795,0.794659,5067.11,0
9.91224,3600.92,-6.5861,51.1526,0.784368,4951.08,0
10.0693,3612.28,7.07619,43.7503,0.600661,3746.5,0
10.2294,3617.87,13.9332,40.9518,0.504252,3140.66,0
10.3875,3633.94,8.35071,55.3659,0.204835,1546.53,0
10.5498,3620.68,-3.65331,43.2633,0.453571,2778.85,0
10.7074,3601.52,-15.4926,43.9195,0.79274,4527.37,0
10.8684,3598.63,-23.7443,39.7598,0.851015,4726.8,0
11.0273,3611.34,-16.3617,36.5947,0.634766,3505.47,0
11.1854,3602.14,-5.18139,24.0181,0.837331,4279.19,0
11.3446,3616.24,6.55104,30.0884,0.550386,2975.62,0
11.5048,3624.91,4.90518,23.973,0.405157,2181.12,0
11.6646,3630.63,3.02582,33.7591,0.293755,1660.81,0
11.8221,3626.71,29.9195,25.7159,0.348945,1970.45,0
11.9834,3634.94,34.9441,17.3091,0.213803,1256.78,0
12.1417,3640.92,33.2486,44.4671,0.0884487,748.119,0
12.3045,3611,13.9577,45.8292,0.607216,3169.45,0
12.4704,3606.54,5.75666,52.6512,0.673344,3484.91,0
12.6312,3624.03,19.8298,59.466,0.340298,2056.31,0
12.7914,3639.64,6.69249,68.4148,0.0779989,810.03,0
12.9506,3642.79,9.45432,69.5144,0.0283698,556.628,0
13.1106,3636.25,7.76268,70.2457,0.125849,1048.58,0
13.2742,3633.27,8.82408,74.8174,0.158388,1260.47,0
13.4317,3632.62,3.53655,73.2326,0.174423,1294.29,0
13.5924,3618.46,2.41237,71.1675,0.409706,2320.49,0
13.754,3610.27,13.3527,75.6106,0.529297,2888.46,0
13.8976,3594.63,-6.47386,99.812,0.686678,3984.5,0
