0.162864,3648.39,6.09269,25.9978,0.0564608,9865.5,0
0.323525,3649.34,1.92397,14.4785,0.0515886,2045.33,0
0.483887,3645.34,1.41365,15.7783,0.113247,9630.09,0
0.643681,3634.5,-5.07083,17.5561,0.285442,24080.8,0
0.799698,3642.37,12.5,30.1667,0.14152,9545.6,0
0.960848,3628.46,4.94453,28.8355,0.375931,22414.8,0
1.12054,3623.31,-14.8596,21.3142,0.469742,23816.2,0
1.27906,3631.39,-36.2821,27.1253,0.299612,14552,0
1.43631,3630.42,-24.8305,26.8515,0.331113,13630.4,0
1.59881,3630.88,-26.8851,38.2412,0.304049,11959,0
1.75868,3617.81,-57.693,45.8882,0.445605,18300.7,0
1.92098,3621.33,-56.8628,48.0525,0.385948,14926.4,0
2.08371,3621.39,-59.3854,16.9316,0.422437,13732.2,0
2.24208,3607.82,-69.5582,3.45502,0.629234,18811.5,0
2.40049,3612.15,-75.7195,12.8924,0.527196,15769.5,0
2.56234,3616.67,-82.3581,13.3718,0.428082,13007.3,0
2.72401,3620.22,-73.2395,24.5765,0.387471,10930.9,0
2.88656,3625.41,-73.9307,4.50889,0.315303,8517.77,0
3.0471,3612.97,-76.3558,0.210422,0.507989,12151.4,0
3.20525,3613.44,-88.3993,10.0223,0.452968,11406.7,0
3.36537,3627.54,-78.3962,4.39619,0.265496,6673.53,0
3.52804,3609.28,-59.97,7.72779,0.627131,11541.9,0
3.68641,3615.36,-65.2645,1.96156,0.49997,9395.66,0
3.84787,3616.53,-74.7272,23.6736,0.437195,8697.18,0
4.00734,3605.42,-71.9368,31.8007,0.625536,11124.2,0
4.16991,3612.33,-65.1658,34.96,0.528966,9033.94,0
4.32675,3622.26,-56.6779,26.1297,0.401151,6412.01,0
4.48558,3617.07,-38.8461,33.3166,0.513233,7341.32,0
4.64774,3618.37,-60.9063,19.8407,0.454554,6806.43,0
4.80436,3606.53,-59.2282,10.2137,0.670817,9047.63,0
4.96467,3617.66,-53.7836,22.602,0.47746,6514.63,0
5.12354,3632.37,-35.4093,41.1689,0.24266,3441.52,0
5.28188,3606.73,-30.4277,59.1786,0.641678,8191.36,0
5.44071,3595.96,-34.9898,61.8713,0.819554,9932.65,0
5.60399,3594.18,-15.6394,59.1144,0.91128,9961.56,0
5.76419,3591.97,-10.0254,58.3615,0.954021,10067.5,0
5.92471,3595.95,1.76527,53.6778,0.891475,9122.71,0
6.08856,3597.96,-4.16006,59.4909,0.821895,8546.39,0
6.2473,3617.62,7.90406,64.5607,0.457135,5183.72,0
6.41004,3611,-8.93697,65.1243,0.566973,6084.48,0
6.57033,3612.38,-8.91083,76.699,0.501042,5726.12,0
6.73234,3622.13,9.2458,64.391,0.380235,4139.75,0
6.89822,3604.31,-4.40238,61.1427,0.705871,6623.41,0
7.06017,3617.41,-7.92635,61.5179,0.465402,4616.73,0
7.21767,3634.42,-17.0366,60.2533,0.18347,2158.89,0
7.37971,3620.94,-22.6275,59.1081,0.396627,3938.36,0
7.53748,3629.54,-33.3909,74.387,0.202036,2714.12,0
7.61274,3620.48,-36.7784,93.0119,0.27297,3877.08,0
