0.161539,3650.77,-14.3027,-26.7368,0.00498002,-4759.18,0
0.32715,3650.06,-14.1796,-26.4351,0.0156253,-196.586,0
0.48324,3650.72,-14.9462,-26.7989,0.00565127,-1496.87,0
0.64337,3646.51,-13.4005,-22.8594,0.0757229,5432.09,0
0.803152,3638.76,-22.3248,-18.0986,0.196116,13990,0
0.961166,3620.94,-23.9196,-24.3191,0.488789,30234.1,0
1.1207,3614.29,-29.3672,-18.3048,0.604839,31862.3,0
1.28159,3616.12,-26.5202,-8.72021,0.582507,26432.4,0
1.44149,3619.15,-25.4793,-2.03865,0.532756,21404.2,0
1.59989,3622.59,-31.8612,-6.45985,0.45453,17134.9,0
1.75814,3640.39,-23.811,-7.73559,0.167031,5465.91,0
1.92216,3639.46,-2.79036,-7.44166,0.19379,5483.16,0
2.08088,3623.68,7.3801,-12.4417,0.458811,12649.3,0
2.24385,3622.55,13.8289,-14.0351,0.474457,12234.3,0
2.40554,3638.66,26.2561,-36.7829,0.165332,4713.41,0
2.56439,3642.62,27.1997,-45.2527,0.0880375,2879.5,0
2.72319,3636.86,28.5448,-47.0561,0.173044,4827.02,0
2.88492,3626.21,37.8739,-52.8443,0.317634,8247.48,0
3.04422,3636.7,16.5174,-53.2291,0.174384,4370,0
3.20198,3630.07,-4.13067,-49.1933,0.295079,6224.44,0
3.36282,3634.08,-4.24263,-54.7257,0.218311,4734.75,0
3.52271,3627.85,-15.5883,-47.7987,0.329124,6288.17,0
3.68305,3615.58,-5.28745,-81.4568,0.433337,9345.43,0
3.84432,3603.2,-19.9318,-74.5136,0.657439,12174.8,0
4.00371,3607.02,-26.8683,-72.6694,0.582824,10736.2,0
4.16177,3592.39,-16.7533,-81.453,0.813808,13842.3,0
4.32102,3598.82,-14.684,-86.4531,0.669088,11844.5,0
4.48087,3599.8,-4.27701,-88.8692,0.656523,11203.3,0
4.63876,3609.71,-16.7462,-92.1409,0.465845,8685.71,0
4.689,3602.87,-19.7095,-98.0743,0.548022,10050.7,0
