0.161051,3650.5,3.91421,-19.2439,0.00987122,-3132.18,0
0.321387,3650.98,3.08417,-18.4822,0.00319838,-3048.02,0
0.481528,3648.85,2.96931,-23.3307,0.0324908,2395.54,0
0.642404,3628.02,7.52764,-20.2129,0.373153,34215.2,0
0.79912,3621.06,10.8267,-20.9957,0.493704,36209.4,0
0.959564,3621.66,10.4473,-21.7036,0.482944,29532,0
1.12105,3611.47,16.8436,-19.4993,0.667475,34370.7,0
1.28093,3614.43,23.8973,-32.5183,0.57886,27771.4,0
1.44038,3615.68,19.0747,-30.645,0.556268,23827.3,0
1.60292,3618.49,42.283,-21.4381,0.482976,19656.6,0
1.76517,3629.46,26.7875,-31.9496,0.311512,11637.6,0
1.92356,3611.6,5.98062,-47.9992,0.605699,19960.9,0
2.08212,3597.12,4.31121,-37.356,0.913632,25396.5,0
2.24225,3591.76,-6.95288,-39.5858,0.997488,25973.9,0
2.40234,3591.29,-10.2374,-34.8112,1.02699,24438.1,0
2.56165,3581.34,-16.3557,-23.6054,1.27401,26804.2,0
2.72015,3585.98,-17.9746,-36.6622,1.12969,23534.6,0
2.87646,3587.41,-14.1944,-35.2309,1.09319,21759.7,0
3.0403,3588.69,-12.9138,-45.7855,1.0377,20166.6,0
3.19907,3599.45,-4.50095,-56.9918,0.783484,15802.6,0
3.35881,3599.83,3.01466,-62.8553,0.741983,14937.1,0
3.52015,3595.6,-3.44808,-62.6089,0.826371,15452.5,0
3.67787,3591.95,-1.02791,-52.4804,0.933032,15783,0
3.83353,3590.85,-1.63023,-54.8999,0.945501,15430.5,0
3.99538,3590.61,3.23349,-43.3581,1.00204,14865.4,0
4.15767,3592.14,14.1549,-36.6671,0.980788,13916.1,0
4.31665,3597.78,11.4153,-22.9582,0.898723,12098.3,0
4.47711,3600.27,6.32822,-17.0077,0.866048,11108.4,0
4.63991,3597.81,6.11653,-10.0478,0.928725,11248.2,0
4.79844,3598.31,17.0147,-7.94,0.91773,10771.3,0
4.95751,3598.26,14.6469,-6.5251,0.922766,10436.4,0
5.11995,3596.2,19.4384,-7.89094,0.951696,10507.6,0
5.27788,3584.5,18.7645,-11.4857,1.21293,12410.7,0
5.43463,3585.32,16.5688,-3.63016,1.19314,11902.2,0
5.5912,3573.52,7.57086,4.92329,1.4921,13679.5,0
5.75082,3567.73,15.7056,9.9835,1.60385,14305.6,0
5.91225,3563.1,19.8852,5.07699,1.69882,14698.4,0
6.07628,3575.4,19.4458,2.0382,1.34692,12278,0
6.23806,3577.31,22.2659,9.74794,1.27328,11652.7,0
6.39865,3582.8,26.2311,2.97145,1.14526,10501.5,0
6.5606,3582.37,24.2454,-7.84324,1.16751,10308.7,0
6.72329,3572.68,8.29191,-6.36688,1.42049,11501,0
6.88664,3566.13,7.48265,-5.91151,1.59383,12178.8,0
7.04539,3576.46,13.715,3.51988,1.29268,10438.7,0
7.20714,3581.65,7.01305,18.2536,1.15117,9483.5,0
7.3721,3580.45,7.67225,7.54064,1.18645,9434.42,0
7.52825,3577.95,7.17232,4.76487,1.25018,9570.31,0
7.68662,3582.02,6.37604,0.946918,1.14712,8843.73,0
7.84492,3582.43,-3.94105,4.15147,1.1433,8612.94,0
8.00597,3592.47,8.8135,-0.456056,0.909012,7186.08,0
8.16535,3599.06,2.36279,-14.104,0.750198,6238.61,0
8.32434,3595.84,-3.88497,-18.9596,0.813635,6506.64,0
8.48261,3598.65,7.56702,-25.8958,0.734829,6053.99,0
8.64359,3604.47,6.42305,-23.7593,0.615004,5267.15,0
8.80473,3618.15,15.1971,-26.2878,0.339114,3616.84,0
8.96582,3626.9,22.7242,-6.6306,0.194767,2576.14,0
9.12663,3624.45,46.9445,1.57066,0.194132,2799.83,0
9.28812,3617.78,40.8859,-16.2539,0.315923,3469.32,0
9.44595,3616.95,71.955,-25.5986,0.231042,3498.69,0
9.60339,3604.32,76.2045,-48.3237,0.38128,4756.73,0
9.76234,3600.2,72.0412,-36.7271,0.493161,5101.37,0
9.92364,3606.12,76.491,-34.345,0.38107,4422.13,0
10.0818,3619.62,74.948,-56.1987,0.122016,3013.67,0
10.1878,3622.59,81.2269,-58.3438,0.0521795,2690.76,0
