0.0261712,4.29687,0.147774,0.65404,1.22859,164183,0
0.054415,5.5688,4.79725,3.00257,1.58936,102339,0
0.0824225,7.2621,6.02255,6.05681,2.06484,88108.2,0
0.108869,9.99276,4.03642,7.72593,2.81493,91786.7,0
0.135425,11.1147,5.28355,9.07333,3.13622,82072.9,0
0.16122,9.07157,7.69802,10.5852,2.55199,56268.3,0
0.188217,8.81801,8.38542,14.6596,2.48177,46850.3,0
0.214156,8.45802,7.76505,11.9063,2.38394,39494.7,0
0.241169,8.91554,7.71258,10.6068,2.49715,36968,0
0.267626,7.27741,8.77033,10.4817,2.04076,27192.5,0
0.29283,5.70602,7.03278,9.43338,1.60977,19485.8,0
0.320124,7.12737,11.7111,10.2823,2.00681,22264.4,0
0.346716,9.68321,13.7599,7.97904,2.7035,27928.4,0
0.373653,12.3542,15.306,6.39017,3.43189,33063.2,0
0.401137,9.92705,15.835,5.98127,2.74016,24747.3,0
0.425904,9.59967,14.9281,1.27436,2.65015,22539.5,0
0.454215,11.7132,15.0649,1.38921,3.2489,25787.7,0
0.480661,7.65306,11.1579,1.52487,2.10672,15922,0
0.509263,9.95799,9.47257,1.94826,2.75134,19553.7,0
0.537051,8.71198,7.62806,1.68995,2.39314,16221.9,0
0.564542,9.81338,5.51987,4.02668,2.70416,17382.9,0
0.593112,7.25843,7.13438,2.59595,1.9918,12237.9,0
0.619326,7.04439,5.32601,1.87213,1.92909,11374.3,0
0.64646,5.79581,3.5498,0.280335,1.56883,8965.46,0
0.671857,4.71497,6.22461,1.42782,1.26569,7017.82,0
0.699826,11.233,11.3522,-3.73514,3.08948,16051.2,0
0.725452,12.6432,12.3883,-4.91647,3.48934,17428.1,0
0.752402,9.1498,14.2789,-9.3004,2.5199,12160.8,0
0.779532,11.4951,11.9719,-8.25224,3.17216,14746.1,0
0.806217,11.0549,12.5674,-8.09258,3.03282,13712.1,0
0.833198,9.77495,12.8833,-6.5703,2.66969,11731.8,0
0.860746,7.96036,11.6843,-8.92305,2.16056,9248.21,0
0.887904,4.50882,13.8698,-8.88073,1.20507,5078.05,0
0.914569,7.57879,15.8095,-1.1906,2.05453,8286.73,0
0.941108,5.70248,11.6,-0.802561,1.52171,6059.32,0
0.968033,8.28521,11.5437,-0.233038,2.23465,8558.81,0
0.995572,11.1387,12.4625,-0.814276,3.03139,11188.2,0
1.02308,11.8843,7.77202,-1.0059,3.22752,11616.2,0
1.04958,11.4768,6.9678,2.0517,3.09874,10934.7,0
1.07733,12.4259,3.08668,-0.230925,3.36288,11534,0
1.10416,8.60225,1.55949,0.672644,2.27962,7790.75,0
1.13032,11.2954,2.18212,-5.88676,3.0348,9993.07,0
1.15754,7.73492,-0.868087,-7.62745,2.02857,6682.2,0
1.18319,8.18354,0.665454,-6.67855,2.14845,6916.5,0
1.21,7.4784,-0.528328,-3.74656,1.95101,6180.51,0
1.2385,8.40148,-1.70123,-1.3778,2.19809,6783.57,0
1.26541,6.05747,0.749217,-4.13998,1.54496,4786.95,0
1.29346,5.31916,1.83838,-4.47279,1.3459,4112.33,0
1.32062,6.48852,-0.562712,-3.42579,1.67659,4913.24,0
1.34873,12.5549,-0.648805,-6.95058,3.35745,9308.67,0
1.3738,10.2981,1.57355,-4.40002,2.73426,7496.07,0
1.39992,9.60856,-0.0244533,-3.87242,2.55078,6863.66,0
1.42688,9.21078,-1.97868,-7.18367,2.43457,6455.17,0
1.45541,7.41856,-4.18704,-5.05421,1.92157,5097.24,0
1.48345,4.09531,-3.64504,-5.17559,0.984994,2760.67,0
1.512,1.49393,-5.36936,-5.48878,0.257969,988.048,0
1.54078,2.40294,-3.10263,-5.71638,0.51248,1559.56,0
1.56754,4.03976,0.324905,-10.3746,0.968791,2577.14,0
1.59533,1.93832,0.487596,-7.6902,0.381444,1214.99,0
1.62242,4.44009,9.13112,-8.00001,1.07955,2736.71,0
1.65022,6.19149,11.2132,-4.60325,1.56521,3751.92,0
1.6769,4.22434,14.2093,-7.23035,1.00512,2519.14,0
1.70391,4.12562,11.0551,-9.24914,0.978439,2421.26,0
1.73022,3.58012,13.4079,-6.76483,0.825543,2069.16,0
1.75684,3.86785,14.5627,-8.90161,0.904196,2201.59,0
1.78325,5.92698,16.0459,-8.83293,1.48147,3323.68,0
1.81066,6.86646,19.6561,-4.38487,1.7486,3792.25,0
1.83777,5.79455,19.9652,-3.6508,1.42966,3153.04,0
1.864,1.26489,23.605,-2.97145,0.165345,678.588,0
1.89098,5.93911,22.2299,-3.13934,1.47228,3140.76,0
1.91658,8.81266,21.991,-0.795741,2.28324,4598.13,0
1.94463,17.208,24.0831,2.53004,4.62328,8848.95,0
1.97366,17.7562,25.4535,-0.604767,4.78331,8996.58,0
2.0008,19.203,26.5146,0.670292,5.17053,9597.63,0
2.02713,16.2816,25.1981,-0.96115,4.29697,8031.83,0
2.05568,17.5185,24.2236,1.57752,4.66199,8521.97,0
2.08227,18.6276,24.5533,0.685817,4.92474,8945.79,0
2.11015,19.54,23.7482,1.52552,5.15688,9260.02,0
2.13704,19.2097,25.8794,2.07609,5.00997,8988.96,0
2.16355,20.7024,27.727,4.52076,5.39913,9568.71,0
2.19068,16.8685,27.3528,0.570531,4.28926,7700.13,0
2.21856,19.4327,25.6092,-1.29833,4.98139,8759.14,0
2.24478,15.9733,29.2386,-1.94743,4.02823,7115.78,0
2.27186,12.4968,25.0768,-2.83781,3.02255,5500.68,0
2.2978,15.6747,24.5781,-1.80199,3.91334,6821.64,0
2.3257,18.0063,24.1436,-2.04114,4.55742,7742.31,0
2.35208,19.1228,25.656,-3.2309,4.90846,8130.14,0
2.37982,16.9824,26.236,-2.61394,4.28585,7135.97,0
2.4083,15.559,29.6695,-2.43628,3.86466,6460.58,0
2.43604,13.7219,28.7801,-1.89456,3.32867,5632.86,0
2.46192,12.7683,31.7189,1.54636,3.05804,5186.32,0
2.48861,13.1925,30.629,2.66841,3.1975,5301.14,0
2.51613,11.3338,29.5572,6.46173,2.65728,4504.47,0
2.54292,12.9977,28.0171,9.42212,3.11254,5111.35,0
2.57195,11.3217,33.6696,7.08705,2.64199,4401.99,0
2.59746,11.4978,35.4321,8.51864,2.70197,4426.57,0
2.62478,9.35625,35.4746,8.4218,2.11702,3564.59,0
2.6517,10.9167,36.3889,9.76412,2.55285,4116.89,0
2.67924,12.4889,38.7519,12.4462,2.98235,4661.35,0
2.7066,14.9976,36.8037,11.2412,3.67184,5541.11,0
2.73323,12.8963,38.4426,10.486,3.05828,4718.32,0
2.76012,12.6706,39.2512,12.5102,2.98671,4590.61,0
2.78871,9.55056,38.1022,12.6864,2.10299,3424.72,0
2.81587,9.07245,34.6678,17.3593,1.98147,3221.9,0
2.84218,12.0254,38.9861,19.726,2.80889,4231.06,0
2.86982,13.4474,40.3566,21.6621,3.19054,4685.81,0
2.89632,12.2862,42.25,18.8247,2.82687,4242.01,0
2.92162,10.224,43.0798,15.0834,2.22439,3499.44,0
2.94969,8.99584,43.7239,13.5213,1.87912,3049.76,0
2.97643,8.43037,48.7235,11.8558,1.72776,2832.37,0
3.00346,8.02963,43.46,14.9561,1.61551,2673.47,0
3.03173,6.26847,39.4185,14.7833,1.13065,2067.62,0
3.06083,5.4758,36.9763,11.062,0.908323,1788.99,0
3.08724,8.42051,39.2462,12.3319,1.7312,2727.52,0
3.11517,9.69829,42.7058,11.8358,2.0874,3113.25,0
3.1432,9.8677,42.433,9.79345,2.12813,3139.38,0
3.17003,7.67672,42.3075,6.87573,1.5137,2421.66,0
3.19755,10.0908,42.077,11.9003,2.1868,3155.79,0
3.22502,4.84793,43.1237,7.8576,0.715541,1503.22,0
3.25312,3.98714,40.1929,9.41535,0.470556,1225.64,0
3.28139,5.85824,48.4507,6.09179,0.993164,1785.29,0
3.30921,7.2692,47.3632,1.02103,1.3873,2196.65,0
3.33553,11.0439,43.5041,2.55431,2.4252,3310.99,0
3.36512,14.4666,44.4701,2.49448,3.38475,4298.98,0
3.39192,18.6586,43.9346,2.04264,4.50248,5500.9,0
3.42,23.2885,43.0354,0.147321,5.72563,6809.49,0
3.44736,22.2334,44.3385,0.0823722,5.37788,6449.39,0
3.47405,21.9343,42.2868,4.35581,5.24335,6313.76,0
3.5013,24.8002,42.7674,2.44291,6.02834,7083.15,0
3.52888,26.4218,44.6417,1.13525,6.38412,7487.29,0
3.55731,24.2608,47.0936,1.54908,5.74575,6819.99,0
3.58333,23.5241,44.9112,-0.592567,5.51197,6564.87,0
3.61101,22.1663,42.4628,0.311536,5.14286,6138.53,0
3.63738,23.0755,45.1124,3.54367,5.35397,6343.98,0
3.66446,24.9505,44.4752,3.64601,5.79028,6808.8,0
3.6914,25.1926,45.9558,5.30764,5.81381,6824.68,0
3.7159,25.0055,46.1544,2.2853,5.76156,6729.33,0
3.74246,25.7317,47.3661,2.50621,5.90613,6875.6,0
3.76978,24.8075,47.9185,1.90961,5.56676,6580.62,0
3.79559,23.6403,50.1364,1.87085,5.21907,6228.36,0
3.82145,20.2898,49.7314,6.99472,4.2743,5309.45,0
3.84835,21.4656,49.0987,7.01888,4.56327,5577.87,0
3.87647,22.4645,53.0968,10.5441,4.81835,5795.09,0
3.90484,23.3385,54.141,7.58993,5.05538,5976.8,0
3.93025,24.2754,52.0607,4.85785,5.28469,6176.57,0
3.95776,21.1571,52.7759,5.54412,4.39688,5345.72,0
3.98597,16.9028,52.3056,2.01986,3.19429,4240.58,0
4.01254,21.8075,49.7003,3.57157,4.52361,5434.83,0
4.03995,22.352,48.6044,2.24597,4.68434,5532.73,0
4.06736,17.9997,47.9133,5.77408,3.45986,4425.41,0
4.0944,15.2872,48.3195,5.16628,2.68627,3733.69,0
4.12192,16.9605,45.1239,6.17595,3.15621,4114.7,0
4.14999,19.2505,45.3953,8.13599,3.7645,4638.69,0
4.17752,19.6053,46.5166,9.28875,3.8349,4693.05,0
4.20412,20.2158,45.0446,13.8767,3.98685,4808.58,0
4.23167,20.5313,43.5289,12.1738,4.01651,4851.83,0
4.25782,20.3939,43.2271,13.6686,3.9244,4789.75,0
4.28598,25.0208,45.7209,14.727,5.17954,5837.83,0
4.3129,27.8767,45.3996,15.6438,5.96528,6463.57,0
4.33996,23.9129,46.5467,17.2869,4.80993,5509.94,0
4.36718,25.9889,50.2315,16.8764,5.36937,5950.95,0
4.39326,28.6773,51.6864,17.2875,6.0645,6527.57,0
4.42036,29.57,56.5383,14.8526,6.2131,6689.5,0
4.44709,27.5392,53.0036,15.379,5.61366,6192.63,0
4.47424,26.9316,51.3334,14.3061,5.37796,6019.26,0
4.49872,29.0057,53.5677,13.1591,5.90611,6447.54,0
4.52632,29.5527,54.4152,12.9743,6.02586,6529.07,0
4.55464,28.2925,51.5201,11.6624,5.6084,6211.8,0
4.58153,28.3277,52.9236,11.5963,5.57318,6183.02,0
4.60792,31.1639,54.7189,11.8641,6.33461,6763.12,0
4.63632,31.1987,51.4625,11.0184,6.23943,6729.2,0
4.66289,32.6942,54.9369,9.85099,6.57334,7011.59,0
4.68927,36.83,53.1822,10.042,7.66069,7854.09,0
4.71594,33.4722,52.5626,10.9232,6.60764,7097.69,0
4.74324,35.3359,54.056,13.1462,7.07669,7449.75,0
4.76923,34.2925,52.9478,14.7303,6.70628,7190.37,0
4.79735,36.2027,53.772,14.6432,7.18888,7546.4,0
4.82433,32.9031,53.8716,15.5516,6.24119,6820.23,0
4.85126,29.8574,54.0939,18.4304,5.35675,6154.57,0
4.87793,25.5583,54.8927,18.6428,4.08979,5239.59,0
4.90649,25.5458,54.9255,18.4764,4.06126,5206.53,0
4.93511,26.7365,52.7222,20.2387,4.37978,5417.61,0
4.96252,23.4225,54.1568,20.9935,3.42822,4719.89,0
4.99165,23.2451,56.7058,21.4161,3.39011,4656.78,0
5.0187,26.2415,56.456,19.7837,4.20461,5228.73,0
5.04575,26.0851,58.294,19.8895,4.12507,5169.71,0
5.07369,27.2957,56.4978,23.6823,4.43071,5379.86,0
5.1012,26.6795,57.222,22.52,4.24839,5230.04,0
5.12752,25.9301,58.5753,22.4796,4.00012,5057.03,0
5.15471,23.622,58.7919,22.3861,3.33591,4582.6,0
5.18191,22.1207,61.0948,22.5765,2.90101,4268.84,0
5.21089,25.0251,62.9353,23.0412,3.65915,4802.45,0
5.23833,24.6303,61.0122,20.3222,3.54716,4701.93,0
5.2648,21.8825,59.813,18.2807,2.78998,4156.39,0
5.29038,17.479,63.989,19.3054,1.56514,3303.92,0
5.31699,18.2464,61.5721,17.6515,1.7817,3431.72,0
5.34238,21.4296,62.6527,15.7862,2.68695,4011.24,0
5.36951,23.6956,64.3377,16.9534,3.31086,4412.99,0
5.39841,25.2824,64.2271,19.1584,3.74778,4683.3,0
5.4251,24.5434,67.6955,18.6735,3.51119,4524.05,0
5.45208,25.2947,67.0135,14.7101,3.71476,4639.46,0
5.48004,26.1729,69.5847,14.4391,3.97165,4776.05,0
5.50651,24.7525,71.374,13.6734,3.5466,4495.14,0
5.53507,27.0625,69.0882,15.4605,4.17767,4889.28,0
5.56116,24.6188,73.9475,17.4812,3.47855,4426.91,0
5.58638,27.1847,70.633,15.0156,4.20414,4866.25,0
5.61271,22.57,72.7588,14.0503,2.90564,4021.24,0
5.6383,22.4391,75.7873,15.7034,2.85605,3979.76,0
5.66477,20.8861,76.5287,18.5656,2.40948,3687.01,0
5.69197,20.8179,78.4512,21.6137,2.39135,3657.41,0
5.7183,22.6381,78.8014,26.0702,2.8966,3958.89,0
5.74578,23.6438,77.8663,21.5264,3.17521,4114.98,0
5.77241,26.4659,74.7034,20.0944,3.96236,4584.9,0
5.79845,26.1065,73.7801,17.69,3.82199,4502.33,0
5.82633,27.4149,75.3591,18.1217,4.16071,4705.34,0
5.85245,29.255,73.9592,21.2691,4.62964,4998.76,0
5.87919,30.0486,73.7192,22.3048,4.8591,5111.01,0
5.90558,28.2017,72.1663,23.3306,4.31427,4775.43,0
5.93421,27.7537,73.418,23.0547,4.14811,4676.9,0
5.96009,29.4731,78.7963,20.6654,4.61367,4945.08,0
5.98676,30.0473,78.947,19.1714,4.73629,5018.95,0
6.01414,28.7384,82.5312,21.0057,4.36996,4778.47,0
6.04273,24.8417,80.2125,19.2012,3.32412,4111.01,0
6.07029,22.1956,82.9091,19.0809,2.57606,3656.43,0
6.09781,22.3083,83.8466,17.6124,2.59199,3658.4,0
6.1246,22.8908,89.1737,17.4327,2.74582,3737.51,0
6.15053,24.8141,86.9837,18.1565,3.28465,4034.47,0
6.17808,20.9951,88.4646,18.035,2.20161,3398.32,0
6.20441,22.8415,90.8188,15.9313,2.68983,3681.5,0
6.23142,25.9104,89.6543,21.9356,3.53225,4158.02,0
6.25793,26.3193,84.1134,19.3933,3.63301,4205.75,0
6.28569,28.878,82.8476,18.6675,4.35078,4594.25,0
6.31206,27.9383,82.1942,19.207,4.0618,4426.17,0
6.33936,26.1492,84.5738,17.7689,3.55463,4124.89,0
6.36725,24.4422,84.9983,18.39,3.05585,3838.74,0
6.39478,21.3098,84.1999,19.9932,2.2031,3332.38,0
6.42234,15.3629,85.059,16.4254,0.542086,2392.1,0
6.44957,17.7367,84.8806,15.3395,1.20596,2750.06,0
6.47575,16.952,83.8943,15.1962,0.981983,2617.78,0
6.50388,18.6869,83.4382,12.964,1.46406,2873.19,0
6.53076,17.5853,81.531,12.0022,1.15484,2692.69,0
6.55796,17.8583,85.1184,8.30974,1.22896,2723.15,0
6.58419,14.9655,84.11,9.46098,0.407647,2272.95,0
6.61165,21.0424,82.0377,7.05745,2.10733,3182.62,0
6.6384,18.7091,83.5146,7.80314,1.45229,2818.31,0
6.66567,17.717,81.1251,8.04259,1.18249,2657.95,0
6.69223,20.7797,82.6211,6.49031,2.04033,3105.05,0
6.71771,24.0018,80.3511,6.87506,2.938,3572.92,0
6.74406,29.3468,76.7965,8.12772,4.41901,4351.5,0
6.77078,27.9292,77.0303,7.82265,3.97363,4124.96,0
6.79718,28.0743,76.9479,4.55368,4.00223,4130.29,0
6.82434,25.5382,76.5115,3.26409,3.27552,3742.22,0
6.85371,27.0511,76.2642,1.99203,3.69491,3946.93,0
6.88111,24.19,80.3821,3.23194,2.89863,3515.42,0
6.9088,27.6829,79.1812,6.6276,3.86783,4006.9,0
6.93512,28.9147,80.0274,3.39592,4.18769,4169.31,0
6.96127,28.8192,80.9353,2.35513,4.11812,4139.93,0
6.98856,30.5712,79.1262,4.335,4.56853,4374.46,0
7.01517,31.2166,78.5288,3.37254,4.72734,4449.87,0
7.04304,26.7981,76.8925,2.49888,3.48058,3804.91,0
7.06977,24.5244,79.5807,1.6389,2.82127,3468.9,0
7.0968,24.75,81.0471,2.10135,2.86847,3487.49,0
7.12455,20.6815,80.2367,3.81195,1.74989,2902.85,0
7.15309,22.2092,77.9099,7.03959,2.1727,3104.84,0
7.17818,17.5131,80.2027,3.28121,0.852882,2439.76,0
7.20546,20.0075,83.5342,8.08763,1.55714,2776.71,0
7.23333,17.5369,83.2137,6.21624,0.864092,2424.46,0
7.26047,17.4549,89.1731,2.57857,0.842565,2404.1,0
7.28812,16.1647,90.82,-1.75086,0.479542,2217.95,0
7.31696,16.2212,91.0661,-4.48071,0.49397,2216.94,0
7.3453,18.6277,91.4127,-3.90251,1.1648,2536.01,0
7.37135,20.2568,90.1071,-0.265663,1.61365,2748.04,0
7.39907,24.3028,90.3159,-4.6186,2.74496,3284.58,0
7.42684,21.3106,91.539,-6.46942,1.89469,2869.4,0
7.45331,22.9744,89.9452,-4.54502,2.36886,3082.44,0
7.48106,22.02,89.2585,-3.99141,2.10991,2943.44,0
7.50958,16.4355,96.3134,-1.61769,0.552832,2188.6,0
7.53757,16.786,101.902,-5.83144,0.650809,2226.98,0
7.56421,24.3791,105.089,-7.62629,2.77371,3222.95,0
7.59123,24.8221,104.688,-9.00196,2.9055,3269.84,0
7.61671,27.5344,106.568,-9.97007,3.66645,3615,0
7.644,28.7249,106.95,-12.0167,3.95105,3757.84,0
7.66895,28.339,106.958,-12.0807,3.83455,3695.3,0
7.69499,31.4336,104.976,-13.4706,4.68985,4084.95,0
7.72357,33.4502,102.424,-13.3441,5.24356,4330.93,0
7.7509,31.2205,100.515,-16.1868,4.56862,4027.99,0
7.77906,31.8013,103.009,-15.3539,4.71481,4088.06,0
7.80585,29.1621,103.008,-16.9565,3.91163,3735.93,0
7.83561,28.1334,101.181,-16.4687,3.63164,3590.46,0
7.86286,27.4868,96.8974,-18.001,3.41831,3495.78,0
7.89008,24.4631,98.4688,-17.5932,2.55757,3100.49,0
7.91756,21.9442,100.493,-20.4903,1.85275,2771.58,0
7.94309,21.4423,96.7324,-21.1281,1.71081,2699.5,0
7.97131,22.8016,96.3326,-22.9219,2.09018,2860.45,0
7.9992,22.621,90.7949,-21.2301,2.03475,2827.9,0
8.02658,20.0939,89.1022,-25.0264,1.32796,2503.42,0
8.05424,20.1775,93.0275,-22.8623,1.34995,2505.2,0
8.08209,22.8763,91.5525,-19.6194,2.10588,2830.5,0
8.11075,24.1647,89.351,-22.2905,2.45284,2979.34,0
8.13948,23.6865,89.2774,-25.503,2.30481,2910.08,0
8.16638,21.9107,87.3265,-27.569,1.79375,2683.04,0
8.1924,19.6898,83.7355,-29.5226,1.17485,2403.42,0
8.21859,20.1486,80.2146,-29.9003,1.30872,2451.59,0
8.24385,18.3455,82.6055,-27.8113,0.807707,2225.36,0
8.27182,19.1473,80.1602,-29.8603,1.03395,2314.76,0
8.29781,19.5053,74.5575,-34.3797,1.12593,2350.66,0
8.32388,22.9172,75.6029,-28.8163,2.07503,2753.19,0
8.35085,19.151,78.5265,-29.6803,1.02943,2293.31,0
8.37774,20.9951,81.5219,-31.4131,1.54236,2506.06,0
8.40492,24.1204,81.4032,-34.5482,2.41627,2869.8,0
8.4314,20.4903,82.9142,-32.8801,1.41004,2430.24,0
8.45823,25.1612,81.9049,-34.236,2.70773,2974.76,0
8.4838,24.6934,77.4701,-34.6244,2.58335,2910.65,0
8.51224,24.4406,78.5843,-35.6646,2.51539,2871.23,0
8.54081,23.9674,78.5578,-35.7774,2.37478,2806.22,0
8.56966,25.6454,76.8153,-34.3258,2.8483,2992.58,0
8.59659,24.3889,73.8178,-32.4663,2.48432,2837.04,0
8.62384,25.8011,75.0093,-31.9312,2.88177,2991.84,0
8.65005,25.3416,75.7988,-32.7027,2.73389,2929.65,0
8.67696,27.3958,74.2985,-32.6114,3.28689,3157.31,0
8.70575,23.1943,69.0624,-33.9214,2.09099,2664.25,0
8.73341,25.5657,65.0327,-32.3586,2.7442,2927.34,0
8.76148,28.4867,64.0557,-34.3335,3.55469,3251.36,0
8.79022,26.9063,67.8705,-38.6499,3.09918,3060.94,0
8.8185,29.15,69.7632,-39.0542,3.73807,3305.56,0
8.8458,31.4484,66.9067,-39.6816,4.36494,3555.18,0
8.87368,33.154,69.7896,-38.0421,4.82748,3736.22,0
8.9001,29.8094,66.0311,-40.8789,3.89143,3349.33,0
8.92691,30.279,64.5524,-41.6077,3.99779,3391.88,0
8.95496,30.6367,64.5984,-40.8864,4.11269,3421.2,0
8.98209,30.5786,63.8176,-38.0141,4.10317,3404.4,0
9.00924,24.5961,63.7202,-38.0242,2.44011,2730.1,0
9.03638,26.5126,60.5256,-37.5512,2.96013,2933.98,0
9.064,25.6008,61.7695,-32.7569,2.70619,2824.44,0
9.09137,21.0255,56.7713,-31.3967,1.4125,2312.69,0
9.11938,27.3581,54.443,-27.7528,3.18471,3000,0
9.14543,25.3756,54.177,-22.9205,2.64062,2774.68,0
9.17366,24.9124,53.5994,-25.0234,2.5209,2715.65,0
9.20027,26.1558,57.241,-24.1239,2.87973,2842.94,0
9.22705,26.4442,59.7768,-26.0298,2.94822,2865.95,0
9.25383,26.5887,63.542,-24.1234,2.96846,2873.26,0
9.28064,29.4971,63.0069,-23.6623,3.75791,3178.35,0
9.30836,32.6497,64.1942,-28.5274,4.62905,3507.56,0
9.33525,30.138,63.285,-27.7986,3.88771,3228.41,0
9.36191,30.294,60.265,-23.7466,3.9327,3235.88,0
9.38879,29.7694,62.0274,-22.179,3.78055,3170.74,0
9.41597,30.3075,60.4965,-23.6394,3.92462,3218.73,0
9.44132,29.6217,61.5262,-23.8322,3.69235,3137.45,0
9.46659,32.4481,63.0915,-26.0704,4.46,3427.65,0
9.49208,33.2551,64.9613,-23.8431,4.65094,3503.45,0
9.52001,30.8397,66.0005,-23.1489,3.9202,3239.46,0
9.5485,36.7761,68.1722,-23.2587,5.56092,3851.51,0
9.57528,35.325,69.0639,-24.1473,5.07719,3689.19,0
9.60211,34.5758,66.276,-23.0709,4.85393,3600.85,0
9.6308,36.9372,63.8317,-22.7753,5.50767,3835.32,0
9.65751,35.6001,62.5695,-24.1355,5.11771,3686.26,0
9.68338,33.7786,62.2644,-24.1644,4.54379,3488.31,0
9.71261,34.2499,63.8746,-23.8874,4.63302,3526.33,0
9.73985,27.3232,63.3478,-24.38,2.67293,2805.3,0
9.76806,24.7001,61.848,-24.1392,1.93996,2528.67,0
9.79538,26.5705,59.7935,-23.2518,2.4704,2712.56,0
9.82195,27.8057,63.7346,-25.0882,2.80023,2830.98,0
9.85011,26.0078,66.2902,-26.5107,2.28573,2640.36,0
9.87974,23.6697,67.7106,-25.05,1.63965,2395.78,0
9.90755,26.3114,66.4345,-26.2151,2.38172,2655.69,0
9.93435,23.737,70.1447,-28.1734,1.65738,2389.39,0
9.96144,27.1721,70.2468,-30.2006,2.58553,2727.73,0
9.99036,27.5641,71.547,-26.6777,2.70911,2759.07,0
10.0001,26.4784,74.0565,-27.8034,2.40426,2647.8,0
