0.161992,3650.27,41.9984,0.768912,0.0147489,-1655.53,0
0.322994,3650.42,40.6155,3.89239,0.0137407,-1313.92,0
0.481567,3649.5,40.1185,4.40848,0.039174,1039.74,0
0.640897,3648.9,34.0205,4.03465,0.0698808,1715.38,0
0.801778,3648.48,29.2745,6.87644,0.0894536,1891.34,0
0.961098,3635.84,18.8382,7.17043,0.460465,14735.5,0
1.12226,3621.64,13.8966,-4.21788,0.900547,25274.1,0
1.28155,3623.14,-2.34899,4.51417,0.869443,20958.4,0
1.43959,3627.87,-5.07605,5.2667,0.720373,15375.8,0
1.6018,3624.62,-7.70341,17.6037,0.811758,15846.6,0
1.76153,3624.49,-15.235,25.7197,0.783796,14484.5,0
1.92341,3628.71,-24.2171,26.5977,0.641282,11067.9,0
2.08212,3617.2,-18.8106,19.3339,1.02049,15751,0
2.24152,3615.98,-23.5127,18.8267,1.05912,15176,0
2.4035,3617.24,-23.8629,13.5651,1.02118,13628.5,0
2.56231,3619.6,-12.7194,17.5204,0.953962,11864.2,0
2.72104,3618.38,-16.3235,16.4746,0.992097,11620.6,0
2.88115,3608.97,-28.2806,13.8654,1.27944,14239.5,0
3.03956,3607.06,-27.4535,-3.03253,1.357,14128.4,0
3.20114,3602.09,-36.9365,-3.83054,1.46313,14965,0
3.36652,3601.61,-32.2369,11.675,1.50416,14373.2,0
3.52577,3589.61,-35.5122,5.48026,1.93981,17128.2,0
3.68441,3588.67,-33.3995,6.86948,1.97388,16645.6,0
3.84293,3591.88,-38.0462,13.3856,1.78234,15122.6,0
4.00036,3589.45,-29.3952,16.3015,1.88673,15135,0
4.16067,3586.45,-38.0539,28.8075,1.897,15273.7,0
4.31978,3594.08,-36.9282,30.1192,1.60551,12944.7,0
4.47745,3591.55,-29.1519,24.0538,1.7669,13054.2,0
4.6385,3585.4,-26.8309,29.3896,1.99419,13926.4,0
4.79949,3570.7,-26.6968,25.0148,2.58139,16522.7,0
4.95973,3565.88,-18.924,29.5146,2.75932,16960.1,0
5.1212,3566.26,-27.2249,36.52,2.63186,16352.5,0
5.28305,3566.32,-33.7859,34.6988,2.56289,15839,0
5.44335,3559.98,-32.6373,36.7164,2.82676,16538.3,0
5.60193,3559.9,-39.3247,35.8777,2.71846,16084.6,0
5.75999,3551.31,-39.0483,38.4944,3.02707,17133.6,0
5.91633,3547.72,-42.7672,42.409,3.00836,17288,0
6.07811,3541.89,-37.4661,45.8889,3.21412,17787.1,0
6.23853,3541.88,-41.435,49.6345,3.05943,17330.7,0
6.39747,3538.71,-42.2609,51.9882,3.07124,17396.4,0
6.55783,3542.85,-43.6294,48.8889,2.84277,16339.6,0
6.71495,3540.56,-50.9623,48.3196,2.8152,16297.6,0
6.87468,3530.37,-49.0943,50.0085,3.26214,17401.7,0
7.03472,3526.71,-49.2201,39.4571,3.53898,17525.9,0
7.19862,3524.96,-47.1898,25.1568,3.78763,17370.2,0
7.35724,3522.2,-54.5158,24.8002,3.67384,17370.1,0
7.51519,3520.25,-50.1078,30.9016,3.7625,17265.2,0
7.67434,3521.92,-46.1958,31.1234,3.70462,16689.7,0
7.83435,3522.45,-48.3165,30.5227,3.53773,16280.3,0
7.99113,3527.36,-49.6834,30.4955,3.18847,15346.8,0
8.15222,3526.29,-54.7184,24.8581,3.08447,15174.5,0
8.31283,3524.71,-65.2825,32.2462,2.75855,15072.4,0
8.47595,3523.08,-74.6941,28.8436,2.60965,14974,0
8.63855,3524.64,-76.1979,26.584,2.4341,14511.5,0
8.80042,3525.51,-74.3218,39.9096,2.30882,14146,0
8.9649,3515.81,-76.2761,40.8797,2.6427,14968.7,0
9.12585,3512.13,-82.0316,33.9066,2.68518,15107.5,0
9.28642,3518.91,-89.0252,35.6999,2.16104,14116.2,0
9.32803,3516.53,-92.7908,37.3194,2.14202,14309,0
