0.161688,3640.75,61.2272,12.956,0.248484,57212.5,0
0.323729,3634,52.9043,23.2836,0.450734,49432.9,0
0.484042,3634.27,50.2127,32.7631,0.4373,32506,0
0.640446,3641.75,48.3449,28.4404,0.252941,12877.7,0
0.80306,3619.6,59.6147,15.0214,0.852996,37850,0
0.962267,3609.82,61.5722,22.4461,1.12172,41756.4,0
1.12439,3595.36,59.8545,28.2587,1.56976,48591.7,0
1.28583,3591.59,65.6292,26.2338,1.64456,45426.4,0
1.44304,3586.09,61.1118,17.4809,1.88776,44286.5,0
1.60433,3586.32,66.7826,20.8947,1.79868,39694.1,0
1.76172,3573.65,59.5801,17.3676,2.31019,43340.5,0
1.92137,3581.08,47.9994,9.64774,2.12626,35870.5,0
2.08095,3588.64,43.952,16.0783,1.83738,29485,0
2.2454,3582.96,45.6486,5.84249,2.03912,29857.3,0
2.40815,3578.37,50.9945,8.37153,2.16019,29743.6,0
2.56573,3580.78,51.7081,2.41075,2.042,26979.2,0
2.7247,3582.83,60.8623,-0.328919,1.91894,24652.1,0
2.88726,3581.87,73.5114,-5.17354,1.81275,23597.4,0
3.04714,3582.01,67.7919,-5.91879,1.83208,22313.5,0
3.20916,3595.12,65.9596,-5.67951,1.39205,17099.7,0
3.37491,3591.82,74.5587,2.85693,1.44802,17239.6,0
3.53255,3600.45,67.732,-5.99458,1.20791,14027.3,0
3.692,3603.5,71.113,-9.90803,1.06555,12593.6,0
3.85389,3603.28,70.2179,-7.46001,1.05951,12122.8,0
4.01379,3596.89,72.7358,-2.47907,1.2495,13230.8,0
4.17202,3603.38,73.3045,-0.882278,1.0354,11174.6,0
4.33353,3595.74,67.1345,4.76503,1.32416,12520.3,0
4.49225,3590.37,58.6376,-7.65284,1.53839,13272.9,0
4.65084,3598.49,65.5339,-13.4143,1.20161,11075.1,0
4.80744,3597.73,68.255,-21.6832,1.19663,10871.8,0
4.97154,3601.43,69.6567,-19.5156,1.05556,9769.58,0
5.13077,3602.81,67.1234,-25.6812,1.00961,9198.06,0
5.2944,3598.45,71.6638,-30.0464,1.0972,9737.18,0
5.4549,3597.63,78.7179,-40.0221,1.01993,9600.87,0
5.61494,3592.22,82.8727,-46.9322,1.11081,10290.8,0
5.73024,3594.17,81.7187,-57.733,0.997033,9742.48,0
