0.161058,3650.26,49.6543,-54.7719,0.0187695,-1613.53,0
0.322311,3650.44,47.9358,-54.4143,0.0179568,-1371.05,0
0.483023,3650.36,49.2395,-55.0914,0.0149994,-752.734,0
0.645941,3649.85,48.7181,-58.4595,0.0186058,227.283,0
0.803388,3647.74,53.1391,-56.6687,0.0636971,2811.68,0
0.967446,3638.91,52.9798,-55.5822,0.294845,11458.5,0
1.12565,3632.28,33.3268,-53.9668,0.539323,15746.4,0
1.28626,3639.19,39.5632,-57.552,0.320448,8407.36,0
1.44648,3635.91,52.8721,-46.008,0.405857,9739.59,0
1.60702,3642.17,57.5874,-56.048,0.19231,4874.32,0
1.76525,3631.24,50.6787,-58.9554,0.493627,10628.8,0
1.92667,3612.33,51.6784,-66.2534,0.96838,19553.6,0
2.09068,3617.4,59.6268,-57.0451,0.837,15591.2,0
2.25318,3620.88,48.951,-66.6601,0.73958,12924.3,0
2.41555,3631.5,43.002,-76.6045,0.420112,7658.48,0
2.57437,3645.49,44.0015,-74.5361,0.0678942,1750.71,0
2.73409,3631.38,44.7781,-78.6437,0.405206,6809.87,0
2.89758,3630.12,54.7411,-64.6234,0.475982,6861.78,0
3.01122,3618.2,73.3664,-67.9677,0.697928,10559.8,0
