0.161148,3648.05,44.8687,-24.8908,0.0790929,12107.5,0
0.320417,3640.94,55.219,-16.294,0.246749,28270.1,0
0.481666,3645.71,23.0606,-21.8867,0.195569,8900.97,0
0.639902,3647.1,14.1838,-16.3246,0.175462,4530.7,0
0.801009,3647.18,19.1023,-18.4931,0.16542,3520.65,0
0.960688,3649.43,13.5261,-26.5245,0.0988848,589.118,0
1.12284,3641.15,15.4346,-9.06957,0.344762,7880.94,0
1.28394,3640.05,-3.11012,-18.5832,0.374442,7748.41,0
1.44609,3629.87,1.00458,-40.0793,0.617785,13918.8,0
1.60663,3625.67,0.0602515,-37.4743,0.748454,15142.7,0
1.76756,3623.17,6.58646,-45.2407,0.787972,15177.3,0
1.92857,3625.52,5.45804,-50.3234,0.698318,12695.7,0
2.08696,3618.07,8.01541,-48.2718,0.92884,15300.7,0
2.24745,3621.43,0.866247,-39.0322,0.86779,12714.1,0
2.40808,3624.36,-4.24824,-34.0776,0.802096,10645.4,0
2.56934,3605.6,-2.68829,-30.6213,1.4131,17281,0
2.72945,3601.18,0.67649,-20.0432,1.57803,17886.5,0
2.88956,3606.43,5.56629,-15.5312,1.40302,15077.9,0
3.04767,3596.55,6.89376,-13.7011,1.73201,17539.4,0
3.20848,3600.98,8.54126,-5.79396,1.56025,15277.1,0
3.36781,3595.12,15.2493,-9.39027,1.7442,16296.9,0
3.53011,3591.35,11.6758,-6.06923,1.86725,16614.9,0
3.69047,3586.22,17.814,-5.67704,1.99376,17281.2,0
3.84757,3587.18,18.8605,-11.8988,1.93033,16326.4,0
4.0033,3581.82,15.3198,-8.85162,2.12443,17031.9,0
4.16643,3577.48,9.25534,-4.06261,2.32759,17404.9,0
4.3257,3569.78,4.8015,-3.81536,2.65799,18545.5,0
4.48483,3556.61,5.13589,-4.98109,3.26583,20822.8,0
4.64437,3554.1,13.682,-13.5882,3.28568,20649.7,0
4.80494,3559.28,22.1447,-16.0759,2.87984,18881.2,0
4.96447,3555.22,19.9398,-25.0301,3.03708,19091.3,0
5.12448,3549.31,13.4382,-23.5338,3.33619,19648.2,0
5.28677,3539.71,14.248,-24.3081,3.8277,20861.1,0
5.44409,3543.46,16.8453,-22.7368,3.48115,19570.3,0
5.60892,3547.2,18.4995,-23.1312,3.12104,18328.8,0
5.76864,3547.44,17.1713,-10.5808,3.17663,17779.6,0
5.92678,3551.49,8.49362,-7.3902,2.98071,16621.1,0
6.08537,3553.34,3.42249,-10.0401,2.84462,15883.6,0
6.24874,3547.35,-2.29119,-15.1702,3.13365,16426.6,0
6.41073,3554.23,-13.8174,-18.2811,2.66794,14939.6,0
6.56772,3556.69,-14.741,-25.1212,2.42339,14207.3,0
6.72735,3561.58,-11.559,-14.356,2.24975,13143.4,0
6.88765,3554.78,-6.41328,-10.1137,2.67528,13825.1,0
7.04899,3553.19,1.84161,-2.94802,2.77212,13734.3,0
7.20944,3559.27,1.4272,-8.74061,2.40171,12584.5,0
7.37011,3570.28,15.033,-9.83342,1.76854,10817.2,0
7.53202,3552.45,17.1599,-12.6259,2.5858,12951.6,0
7.69188,3552.97,28.251,-8.09516,2.49237,12614.8,0
7.85081,3560.69,30.3397,-1.54238,2.04335,11376.1,0
8.01125,3554.21,31.8338,2.04283,2.34189,11957.1,0
8.17105,3558.3,22.6895,2.66958,2.17153,11222.5,0
8.32945,3565.32,22.4839,1.17825,1.79815,10166.5,0
8.48773,3558.55,27.0555,0.963172,2.06723,10773.9,0
8.64874,3564.26,26.5128,-5.04072,1.77995,9913.58,0
8.80486,3565.61,29.5975,-7.91372,1.6427,9583.93,0
8.96266,3577.75,31.6757,-4.42114,1.09644,8060.96,0
9.1224,3571.68,39.8956,1.08422,1.29395,8585.27,0
9.28629,3563.67,33.3558,10.6741,1.71604,9296.59,0
9.44758,3564.06,31.048,13.9516,1.65852,9096.23,0
9.60734,3565.62,33.0169,10.3998,1.56895,8782.99,0
9.76457,3567.67,27.5605,13.4331,1.51379,8431.75,0
9.92791,3563.28,30.7106,0.808995,1.70885,8735.45,0
10.0869,3578.48,34.7818,-2.62959,0.99658,7090.06,0
10.2451,3568.62,34.7574,7.7833,1.40836,7943.66,0
10.4027,3561.24,32.6187,19.25,1.71639,8532.57,0
10.5632,3568.61,33.1624,33.9515,1.27377,7704.58,0
10.7225,3576.7,15.4516,38.4308,0.998521,6836.08,0
10.8791,3587.29,6.39838,37.7023,0.594783,5764.59,0
11.0376,3595.45,8.68314,38.7401,0.283962,4942.35,0
11.2004,3587.48,16.664,41.3814,0.546102,5582,0
11.3604,3599.02,8.45409,20.4779,0.227844,4487.51,0
11.5178,3596.39,23.9482,17.1912,0.299153,4654.69,0
11.679,3594.09,42.8851,24.4418,0.269464,4787.41,0
11.8385,3592.03,36.2118,46.7612,0.268983,4896.65,0
11.9973,3587.58,21.8972,52.6497,0.443953,5202.98,0
12.1567,3585.99,13.5447,52.9616,0.525076,5265.09,0
12.3181,3592.07,3.70705,73.5753,0.152279,4702.91,0
12.4769,3588.53,-4.21109,66.6433,0.331205,4926.57,0
12.6377,3587.5,-27.9702,57.7164,0.39232,4945.37,0
12.7979,3577.48,-29.1881,64.3435,0.681902,5666.36,0
12.9608,3567.11,-33.6999,76.2433,0.912264,6395.47,0
13.1221,3572.23,-30.7544,71.1377,0.805313,5926.42,0
13.2824,3560.76,-38.6139,65.7089,1.23981,6718.94,0
13.4432,3562.34,-33.2761,48.7176,1.40313,6521.01,0
13.5998,3567.1,-34.0054,48.6457,1.19458,6095.84,0
13.7612,3559.36,-25.5867,39.8213,1.67935,6586.9,0
13.9203,3561.6,-27.041,39.2976,1.54257,6350.22,0
14.08,3555.3,-24.2793,32.5474,1.91348,6725.65,0
14.2406,3555.98,-26.7202,29.9223,1.88436,6602.58,0
14.4024,3552.49,-30.7274,24.0528,2.08831,6770.13,0
14.5633,3550.5,-30.9118,29.0947,2.1258,6832.29,0
14.7225,3540.28,-29.2619,24.3007,2.7845,7452.23,0
14.8817,3544.9,-35.1179,19.0807,2.44127,7062.54,0
15.0404,3545.81,-37.9683,15.0515,2.3547,6927.17,0
15.1998,3541.24,-39.0179,13.4832,2.52838,7155.16,0
15.3603,3542.01,-34.763,14.3866,2.46596,7030.17,0
15.5151,3543.11,-37.9198,15.0468,2.32153,6889.33,0
15.676,3535.68,-34.8403,32.0031,2.58395,7292.84,0
15.8361,3529.53,-43.019,26.5446,2.80775,7607.42,0
15.9965,3537.43,-39.9287,24.6661,2.42484,7037.12,0
16.1562,3536.84,-40.9424,25.4277,2.38298,7004.38,0
16.3159,3539.14,-41.2172,21.4984,2.24665,6794.36,0
16.4751,3535.31,-39.5751,16.8685,2.4648,6961.61,0
16.6328,3544.86,-41.1429,19.8712,1.8578,6321.29,0
16.7944,3541.69,-46.5725,25.0063,1.86743,6448.91,0
16.9545,3541.27,-53.9909,24.2492,1.75905,6413.29,0
17.1123,3546.82,-61.5664,16.8227,1.40043,6029.72,0
17.2717,3549.89,-53.8543,7.80245,1.41526,5796.1,0
17.433,3549.54,-47.7998,2.84895,1.53102,5762.41,0
17.5909,3547.54,-43.8592,7.28917,1.67956,5824.84,0
17.7511,3554.89,-51.9132,10.013,1.16769,5357.68,0
17.9098,3559.41,-59.1785,10.708,0.880812,5058.16,0
18.0703,3558.33,-54.8678,11.8914,0.996253,5073.2,0
18.2327,3555.93,-68.5879,0.126928,0.938273,5159.23,0
18.3949,3554.51,-73.1541,-1.64319,0.919281,5190.93,0
18.5539,3550.21,-79.9056,7.31721,0.982488,5378.36,0
18.7131,3542.51,-81.1466,13.389,1.25277,5744,0
18.8759,3548.22,-81.4814,12.9396,1.02893,5392.14,0
19.0367,3544.82,-74.2434,12.3566,1.28638,5525.21,0
19.2004,3557.2,-75.4925,5.37025,0.784022,4833.08,0
19.3591,3553.16,-76.9841,-5.28748,0.903543,5002.23,0
19.5187,3554.88,-73.4953,-17.8104,0.853986,4873.37,0
19.6799,3549.31,-70.2434,-20.9291,1.10701,5116.19,0
19.8408,3554.62,-67.0213,-15.4666,0.963349,4807.06,0
20.0003,3542.8,-72.4744,-8.68916,1.37299,5360.14,0
20.162,3551.32,-74.8788,0.281269,0.980524,4894.25,0
20.3233,3543.56,-75.614,5.87817,1.26136,5237.44,0
20.4811,3547.45,-75.8066,-0.578345,1.09398,5007.26,0
20.6421,3542.93,-89.6042,-16.0669,1.00204,5186.86,0
20.8042,3541.34,-85.4554,1.84513,1.15751,5222.93,0
20.9231,3547.69,-99.5338,9.93737,0.6699,4889.98,0
