0.158126,3649.47,5.0097,28.4829,0.0420632,3371.92,0
0.315536,3634.26,5.68612,39.4603,0.43505,49884.3,0
0.478437,3638.34,27.9199,19.2349,0.334177,24365,0
0.639133,3625.34,27.2136,15.9168,0.723721,38582.7,0
0.799805,3615.14,28.0239,28.3347,1.01221,43589.1,0
0.959675,3622.54,21.412,23.0775,0.810762,28613.4,0
1.12079,3619.25,4.09016,36.1652,0.893859,27431.6,0
1.28122,3641.11,-4.2409,46.3138,0.218754,6937.27,0
1.44077,3626.6,-18.6409,31.0496,0.66402,16244.6,0
1.60188,3621.75,-14.255,34.2032,0.800616,17633.4,0
1.76694,3633.29,-5.98968,35.9789,0.46405,9456.75,0
1.93042,3620.31,-7.33673,31.5364,0.864656,15379,0
2.08669,3632.06,-13.1349,18.8222,0.531994,8597.11,0
2.247,3638.95,-24.5307,23.9113,0.310879,4915.55,0
2.40826,3629.68,-25.9071,-0.58665,0.599067,8437.49,0
2.56673,3621.24,-20.4743,12.7822,0.857602,11205.5,0
2.72965,3629.55,4.52634,14.2131,0.615563,7491.07,0
2.88632,3643.42,16.5132,8.82016,0.210276,2279.55,0
3.04214,3645.5,27.7916,-7.23313,0.136913,1479.91,0
3.20117,3632.88,29.8435,-20.1167,0.477086,5348.57,0
3.3647,3636.32,24.9937,-14.7108,0.396438,4066.4,0
3.52631,3631.41,26.0366,-12.8523,0.537923,5271.54,0
3.68774,3609.85,28.5957,-16.4569,1.19748,10887.4,0
3.84564,3615.77,30.6344,-8.18037,1.01666,8902.19,0
4.0053,3614.01,13.0007,-11.055,1.11045,8985.66,0
4.1707,3617.83,14.5693,-8.89063,0.969049,7714.41,0
4.33161,3614.26,6.62479,-5.33862,1.0989,8251.57,0
4.49139,3627.8,5.41144,4.06543,0.668604,4942.49,0
4.65192,3629.33,1.07489,-7.97624,0.624635,4443.14,0
4.81246,3634.21,7.23298,-5.79397,0.473972,3281.7,0
4.97366,3640.36,-0.607749,-8.87113,0.295203,1938.6,0
5.13359,3627.21,2.4139,-2.15265,0.681952,4438.52,0
5.29024,3616.83,10.8218,-1.13582,1.00696,6270.74,0
5.44622,3620.09,3.15197,-3.47333,0.918002,5491.38,0
5.60673,3618.65,8.01813,5.00794,0.956357,5591.46,0
5.76472,3622.64,9.87963,6.40766,0.811665,4746.93,0
5.92547,3628.25,19.5058,8.19177,0.619516,3670.37,0
6.08012,3633.47,22.101,6.0389,0.459085,2719.25,0
6.23792,3629.02,9.99071,12.2945,0.601869,3363.58,0
6.39862,3629.05,6.88265,8.84464,0.604795,3273.86,0
6.55965,3647.12,18.864,6.2567,0.078057,438.789,0
6.71886,3636.95,30.8208,12.7082,0.334318,1943.01,0
6.8815,3640.92,41.2421,18.8815,0.188313,1319.78,0
7.04067,3633.31,63.4336,-3.60025,0.327689,2370.81,0
7.19743,3643.78,64.584,-10.8625,0.0364507,863.601,0
7.35704,3645.23,62.6311,-9.90258,0.0085593,648.365,0
7.51802,3631.19,59.7379,-12.1836,0.396783,2501.75,0
7.67612,3634.26,83.6358,-9.05092,0.196863,2050.3,0
7.83349,3631.91,75.4009,-19.4825,0.293254,2309.24,0
7.99341,3621.34,70.7032,-44.0599,0.54326,3585.49,0
8.14884,3619.59,57.358,-48.4849,0.64041,3731.67,0
8.30752,3614.8,54.1269,-40.236,0.822533,4237.45,0
8.46595,3622.69,38.7575,-36.3334,0.670854,3226.22,0
8.6247,3623.39,46.8418,-43.28,0.599874,3085.8,0
8.7846,3621.93,38.7815,-51.575,0.635252,3195.68,0
8.94172,3613.79,33.0823,-49.326,0.900972,4049.38,0
9.10329,3607.21,30.6051,-47.2606,1.12703,4700.32,0
9.26256,3603.87,36.2198,-36.1078,1.24521,4979.84,0
9.42182,3605.69,26.0678,-35.998,1.20915,4702.75,0
9.5751,3605.5,36.9917,-52.3161,1.07279,4647.43,0
9.738,3593.83,30.8391,-59.9233,1.39831,5768.07,0
9.89764,3602.3,23.147,-56.0314,1.16982,4819.28,0
10.0638,3608.47,20.1259,-64.3798,0.925244,4126.77,0
10.2233,3602.04,25.2704,-51.0667,1.19576,4691.56,0
10.3845,3597.29,24.4396,-49.585,1.36284,5075.71,0
10.5459,3585.87,22.5151,-44.7227,1.81033,6080.83,0
10.7074,3592.06,25.6679,-57.0833,1.45651,5410.93,0
10.8688,3607.53,18.2766,-47.8534,1.02307,3907.29,0
11.0281,3607.55,12.7974,-48.9269,1.02696,3849.59,0
11.1903,3612.46,4.09964,-49.8949,0.877995,3354.78,0
11.3494,3614.74,4.83247,-54.0402,0.780644,3106.96,0
11.5113,3604.67,1.37007,-51.785,1.12277,3938,0
11.6692,3601.99,1.01625,-59.2925,1.15177,4114.02,0
11.8285,3605.23,12.2699,-57.7411,1.03355,3785.26,0
11.9876,3603.86,17.9432,-60.9684,1.06346,3849.12,0
12.1446,3589.58,20.9732,-67.9322,1.45941,4975.04,0
12.3075,3587.33,20.2011,-64.8793,1.54757,5092.08,0
12.4671,3592.72,16.4338,-67.8832,1.33603,4594.68,0
12.6256,3583.94,9.27391,-71.485,1.59741,5231.9,0
12.7838,3579.87,6.09848,-67.6464,1.77039,5486.11,0
12.9473,3583.64,10.2534,-73.2532,1.57574,5125.3,0
13.1073,3575.2,17.3977,-75.5269,1.84023,5706.4,0
13.2653,3579.87,13.4269,-68.9638,1.76958,5286.39,0
13.4195,3576.85,15.5867,-58.5614,1.97705,5451.17,0
13.5806,3583.12,8.4487,-62.0095,1.70479,4924.98,0
13.738,3575.71,6.1642,-52.059,2.0665,5407.41,0
13.9009,3580.15,7.51358,-50.0263,1.90779,5024.85,0
14.0606,3572.34,-1.81336,-48.7461,2.21693,5523.34,0
14.2223,3574.35,-10.1136,-37.533,2.23088,5318.93,0
14.3834,3573.04,-8.26748,-42.8638,2.20019,5350.74,0
14.5407,3583.38,-3.14842,-39.7572,1.80962,4581.48,0
14.7018,3588.9,9.67726,-35.8715,1.56952,4156.27,0
14.8627,3578,15.1769,-29.7093,2.01703,4844.11,0
15.0251,3568.92,1.56045,-27.3305,2.43163,5396.09,0
15.184,3573.04,-2.95673,-38.6815,2.16863,5068.4,0
15.3457,3565.91,-5.22511,-41.1335,2.4135,5479.45,0
15.5083,3565.37,-10.0598,-38.3389,2.40743,5457.2,0
15.6675,3559.38,-14.9284,-38.1726,2.61689,5784.23,0
15.8284,3555.57,-16.3829,-40.5853,2.71565,5966.05,0
15.988,3549.53,-9.96145,-39.6773,3.02454,6284.33,0
16.1443,3557.66,-3.42973,-44.3237,2.51322,5719.88,0
16.3015,3551.83,1.62215,-46.455,2.73096,6022.39,0
16.4614,3549.69,2.6917,-43.0249,2.88221,6093.65,0
16.6235,3547.39,-1.07547,-44.7358,2.88334,6172.36,0
16.7861,3539.52,7.88255,-51.2489,3.08593,6581.45,0
16.9454,3543.19,5.74193,-50.9152,2.86093,6303.03,0
17.1048,3530.59,6.26529,-48.6278,3.52308,6981.06,0
17.2628,3521.15,5.77164,-49.9334,3.90647,7464.02,0
17.4221,3522.88,1.05143,-50.0735,3.70411,7296.62,0
17.5845,3522.91,10.6275,-51.633,3.56988,7227.34,0
17.7434,3525.37,6.09358,-44.955,3.50546,7024.12,0
17.9023,3522.32,2.99886,-45.0567,3.5912,7132.07,0
18.0626,3515.09,1.16558,-48.2471,3.83286,7468.91,0
18.226,3533.78,-0.207678,-41.0511,2.67267,6376.59,0
18.3861,3532.62,-2.9586,-44.0333,2.66028,6384.02,0
18.5434,3537.63,-9.49105,-37.1444,2.45794,6059.73,0
18.7013,3537.24,-11.4028,-42.6248,2.31579,6029.77,0
18.8631,3540.26,-15.2949,-33.151,2.23506,5817.51,0
19.023,3535.46,-13.8413,-28.9559,2.56798,6021.11,0
19.1863,3540.89,-20.7344,-7.10602,2.32904,5686.63,0
19.3445,3530.06,-27.6005,-4.91257,3.06675,6200.45,0
19.505,3528.41,-24.8966,6.6837,3.21059,6233.94,0
19.6652,3523.01,-24.0128,-0.0634119,3.68151,6457.51,0
19.8246,3524.92,-25.542,4.00437,3.37325,6309.4,0
19.9805,3529.34,-23.0062,3.9884,3.03736,6038.98,0
20.1409,3527.69,-31.2101,14.0523,2.80312,6072.59,0
20.3015,3529.83,-32.2508,5.68393,2.62576,5919.1,0
20.4606,3526.86,-38.1523,3.58369,2.62314,6018.43,0
20.6227,3528.71,-37.3431,-2.65661,2.52565,5881.32,0
20.785,3526.75,-40.5347,-0.933312,2.52544,5929.55,0
20.946,3519.68,-45.0177,-1.77049,2.83323,6221.77,0
21.103,3516.95,-34.8057,4.81715,3.33627,6304.63,0
21.2629,3514.92,-33.5196,1.06207,3.4855,6352.62,0
21.4218,3517.96,-35.5419,2.52958,3.03333,6163.71,0
21.5833,3523.92,-37.8323,-2.42181,2.42982,5841.5,0
21.7428,3521.88,-36.2031,1.95742,2.55004,5892.5,0
21.9032,3521.13,-30.9611,12.192,2.5915,5883.44,0
22.0629,3517.29,-32.0411,7.1653,2.87549,6015,0
22.2241,3512.53,-26.3782,13.5447,3.39857,6185.58,0
22.3836,3513.07,-24.8479,19.2658,3.16406,6117.66,0
22.5432,3510.87,-20.4754,17.215,3.5794,6171.77,0
22.7019,3519.35,-23.8894,13.3887,2.66399,5755.1,0
22.8613,3520.36,-21.8103,17.936,2.50754,5670.6,0
23.0238,3518.74,-21.0591,18.6493,2.63799,5701.13,0
23.1834,3521.43,-26.2977,26.3721,2.03524,5545.94,0
23.3405,3516.02,-23.6784,27.5706,2.4283,5740.25,0
23.5021,3518.15,-21.2772,34.7122,2.084,5609.99,0
23.6619,3504.43,-19.37,47.8635,2.52206,6152.17,0
23.821,3498.07,-9.23175,54.6279,2.77087,6377.9,0
23.9828,3499.24,2.57824,57.1758,2.58931,6286.27,0
24.1431,3505.78,-1.18784,61.6254,1.98416,5973.38,0
24.3014,3507.96,-4.20486,65.6394,1.66973,5844.81,0
24.46,3503.34,7.65461,73.6408,1.61847,5995.73,0
24.6219,3492.97,1.73436,73.1493,2.15607,6377.75,0
24.782,3494.44,-1.92996,70.9559,2.10172,6277.28,0
24.9422,3495.21,0.287175,68.2718,2.21682,6205.88,0
25.1034,3491.42,-6.50348,64.5124,2.54843,6317.24,0
25.2621,3489.34,-2.57383,60.9125,2.80127,6359.53,0
25.4255,3493.86,-11.4768,62.5115,2.38009,6140.94,0
25.5882,3496.89,-7.49603,59.6511,2.35479,5983.74,0
25.7472,3501.14,-3.89864,63.658,1.93081,5781.43,0
25.9081,3496.61,3.35148,64.1443,2.124,5920.43,0
26.0687,3489.11,8.21738,64.1949,2.50034,6171.89,0
26.2308,3483.01,6.79083,58.5901,3.08947,6366.11,0
26.3899,3480.94,-2.66523,58.5032,3.24235,6406.18,0
26.5515,3481.04,-10.8699,55.3921,3.31008,6363.61,0
26.7129,3488.39,-17.7645,51.6943,2.92627,6049.82,0
26.8754,3489.29,-17.3041,65.9243,2.19649,5979.78,0
27.0377,3483.47,-20.8403,58.8309,2.73489,6159.08,0
27.2009,3477.62,-19.5466,61.0496,2.92599,6337.32,0
27.3611,3472.41,-14.0239,56.8585,3.52499,6490.63,0
27.521,3473.24,-11.2836,55.0241,3.63328,6422.88,0
27.6841,3473.15,-15.2061,48.6918,3.9508,6388.2,0
27.8483,3465.46,-13.1343,50.7978,4.11942,6626.46,0
28.0083,3462.28,-15.3393,42.9381,4.69606,6702.23,0
28.1689,3468.34,-14.5879,41.4858,4.39908,6448.8,0
28.3273,3467.41,-17.2808,38.5305,4.55774,6445.89,0
28.4912,3470.45,-26.7653,42.2864,3.54539,6302.06,0
28.6466,3474.68,-32.9012,50.4953,2.54468,6120.1,0
28.8045,3466.83,-26.1096,54.0859,2.94999,6359.14,0
28.9626,3473.9,-19.0773,50.7392,2.889,6080.17,0
29.1189,3473.86,-32.0788,41.3792,3.02806,6048.98,0
29.2815,3479.33,-27.2638,40.7527,2.89438,5828.61,0
29.4453,3479.05,-25.4632,43.864,2.75853,5805.58,0
29.6035,3485.77,-17.9114,46.14,2.3847,5547.82,0
29.7614,3490.87,-18.2202,50.6389,1.75083,5346.8,0
29.9185,3490.66,-13.6329,49.3479,1.91286,5325.7,0
30.0782,3494,-17.274,53.6446,1.37912,5186.61,0
30.2359,3503.38,-14.0403,50.8858,0.963454,4849.36,0
30.3965,3503.38,-16.9232,52.5618,0.846049,4823.65,0
30.557,3505.25,-13.5404,65.9376,0.232623,4737.2,0
30.7164,3497.54,0.00937517,74.7523,0.341496,4963.6,0
30.8778,3484.98,16.0206,64.2668,1.38824,5344.18,0
31.0391,3478.59,10.7088,65.7066,1.71246,5522.42,0
31.1987,3484.81,9.56729,75.4602,0.927143,5294.68,0
31.3571,3487.82,12.2862,84.038,0.411295,5172.03,0
31.5158,3477.53,20.966,89.7344,0.579671,5472.38,0
31.6754,3485.28,26.3078,85.7068,0.34516,5200.11,0
31.8358,3490.23,17.9175,70.8521,0.786971,5018.53,0
31.9955,3498.04,6.17917,76.9291,0.232381,4749.56,0
32.1561,3494.13,-21.2879,74.8044,0.393018,4847.44,0
32.3156,3487.74,-35.8735,79.7773,0.319158,5021.1,0
32.4745,3481.18,-42.3908,71.8283,0.781769,5198.68,0
32.6338,3482.91,-41.6846,65.2624,0.948026,5120.21,0
32.7931,3498.07,-46.2217,64.7725,0.131912,4633.09,0
32.9556,3483.85,-30.0465,63.5028,1.2286,5041.72,0
33.1183,3499.56,-28.9633,70.0505,0.188396,4542.39,0
33.2778,3493.19,-13.1314,82.5526,0.199559,4712.09,0
33.4395,3503.31,0.606654,68.3844,0.277592,4386.81,0
33.5974,3500.55,8.62217,72.1593,0.257085,4448.36,0
33.7541,3489.39,-1.22957,90.821,0.103285,4758.33,0
33.9115,3476.59,-3.0654,76.613,1.26182,5113.53,0
34.0703,3486.36,2.44406,81.685,0.571669,4802.91,0
34.2302,3495.99,17.8093,81.9823,0.0465163,4499.25,0
34.3923,3489.16,16.8072,63.1099,1.17227,4676.55,0
34.5571,3488.01,23.3773,54.8007,1.52334,4687.69,0
34.7163,3485.47,35.0255,52.3734,1.45211,4739.14,0
34.8795,3485.87,40.4766,44.6621,1.59236,4705.77,0
35.0368,3498.62,39.7973,55.5594,0.482471,4320.54,0
35.1985,3494.1,30.3658,52.7668,1.08082,4429.29,0
35.3563,3509.38,30.9265,42.9794,0.513162,3977.22,0
35.5151,3507.89,30.1053,44.0022,0.586974,4001.38,0
35.6747,3504.22,15.2692,49.0118,0.907978,4086.36,0
35.8333,3503.45,23.8,38.6209,1.26743,4089.79,0
35.9939,3501.73,14.1967,31.2053,2.07959,4119.27,0
36.1549,3507.81,17.0915,30.9614,1.44932,3932.74,0
36.3167,3508.16,19.1936,26.0042,1.5795,3905.73,0
36.4762,3505.9,10.8028,33.5999,1.59629,3950.43,0
36.6357,3518.45,0.994819,39.2866,0.386124,3590.8,0
36.7945,3501.68,3.7949,54.1373,0.884231,4030.94,0
36.9573,3505.05,4.15797,64.1141,0.252258,3922.01,0
37.1181,3495.21,-11.4592,64.5465,0.741353,4170.27,0
37.2797,3493.2,12.5288,72.4007,0.503702,4205.99,0
37.4376,3484.49,8.98112,66.5317,1.25252,4421.06,0
37.5986,3465.96,7.32934,59.4112,2.69934,4894.92,0
37.7605,3467.54,3.13439,57.415,2.71155,4832.08,0
37.9204,3466.79,0.290806,66.7415,2.15845,4831.38,0
38.0828,3463.34,-0.708727,66.5621,2.31508,4901.38,0
38.2458,3459.49,-0.262808,68.173,2.37443,4981.32,0
38.4083,3461.07,-0.437475,64.2144,2.53786,4919.12,0
38.5733,3454.36,3.68139,66.2114,2.70949,5071.86,0
38.7279,3452.63,7.25515,58.9277,3.23026,5096.25,0
38.7339,3449.89,6.72022,60.7188,3.2414,5166.33,0
