0.161661,3648.27,-60.1937,-4.92749,0.0433851,10700.9,0
0.321819,3648.47,-57.8361,-4.34806,0.0474603,4749.91,0
0.48169,3650.24,-55.7495,-4.82151,0.00833732,-500.461,0
0.641187,3649.69,-56.7701,-4.70083,0.0183512,488.215,0
0.805284,3646.14,-62.1203,-1.17558,0.0915636,4799.29,0
0.96573,3637,-74.1057,-11.9784,0.273877,13461.8,0
1.12836,3634.38,-86.8612,-25.9087,0.260227,13846.1,0
1.28422,3618.4,-88.1037,-30.6231,0.665802,24605,0
1.43993,3607.81,-81.2728,-28.5471,1.01024,29300.3,0
1.59715,3606.07,-86.6929,-38.424,0.98403,27503.4,0
1.63325,3605.76,-93.0767,-36.6755,0.945941,27088.4,0
