0.160944,3648.43,24.1393,21.9906,0.059574,9745.22,0
0.319471,3620.45,34.1446,26.5083,0.823868,92487.6,0
0.481074,3613.67,24.5238,23.8562,1.08153,75521,0
0.641975,3618.46,29.8082,15.7699,0.928662,49127.9,0
0.803853,3608.28,35.3722,21.631,1.23305,51894.5,0
0.960286,3613.55,21.2054,25.9696,1.10636,37952.6,0
1.11607,3610.22,20.1456,16.4968,1.2366,35644.2,0
1.2769,3605.83,29.4197,6.53463,1.36694,34594.1,0
1.43796,3596.77,35.0035,6.35469,1.64432,37016.1,0
1.59529,3589.38,34.218,1.72685,1.88905,37999.6,0
1.75132,3577.53,33.3591,-3.30383,2.35953,41381.4,0
1.909,3570.83,31.0939,-8.35737,2.6021,41473.7,0
2.07204,3574.26,37.1908,-14.4948,2.33011,36554.5,0
2.23127,3567.63,33.0011,-24.8171,2.64049,36918.1,0
2.39032,3568.06,31.0719,-35.7797,2.47759,34279.2,0
2.55323,3572.51,28.5948,-39.4976,2.25946,30351.2,0
2.7143,3567.79,36.6213,-36.5238,2.41128,30287.7,0
2.87906,3559.9,38.9137,-38.6101,2.64222,31294,0
3.03949,3558.82,34.7368,-29.9793,2.77038,29999,0
3.19968,3553.65,38.7184,-21.0554,3.04657,30111.8,0
3.35807,3555.84,42.2963,-20.5453,2.90158,28039,0
3.51783,3544.69,45.1672,-27.2495,3.24793,29937.5,0
3.67398,3540.82,45.3426,-24.0833,3.45618,29717,0
3.83179,3538.99,48.2356,-28.5021,3.40602,28970.9,0
3.9899,3533.65,45.6239,-20.3906,3.71888,29160.9,0
4.14564,3537.05,42.9446,-20.7887,3.48229,27245.8,0
4.30383,3528.96,41.4588,-28.2623,3.74877,28123.2,0
4.46547,3537.46,38.4023,-26.4983,3.29474,25203,0
4.62706,3530.1,38.5477,-25.585,3.65631,25912.6,0
4.78528,3529.15,40.3473,-23.1759,3.64214,25254.5,0
4.94911,3522.38,38.7018,-22.5886,4.00455,25787.3,0
5.11077,3520.87,34.9038,-25.695,4.02499,25266.7,0
5.27281,3525.01,32.5327,-32.6431,3.52123,23705.1,0
5.43133,3520.37,37.7953,-33.9438,3.52933,23866.8,0
5.59151,3519.4,36.6359,-35.0687,3.51522,23357,0
5.75116,3517.92,36.2822,-39.1288,3.54199,22966.3,0
5.90574,3519.67,36.4031,-34.5201,3.36348,22068.4,0
6.06583,3514.67,42.2787,-35.0764,3.50238,22310.4,0
6.22462,3519.44,34.9536,-33.1465,3.41551,20975.3,0
6.38305,3518.6,41.7607,-32.8064,3.25721,20586.3,0
6.54015,3514.78,41.5903,-33.5365,3.37145,20676.1,0
6.70048,3516.89,37.9519,-37.8678,3.17108,19865.5,0
6.85666,3516.87,41.3457,-41.4764,2.99451,19415.7,0
7.01977,3506.75,36.8786,-50.5391,3.34925,20407.2,0
7.17915,3504.15,35.9545,-55.3212,3.27919,20315.7,0
7.33979,3499.83,38.7062,-58.6162,3.25904,20459.9,0
7.50115,3497.57,42.9396,-65.3665,2.98862,20320.7,0
7.66186,3498.11,42.4899,-61.3768,3.03006,19823.9,0
7.82221,3492.87,39.5586,-54.2012,3.58284,20087.6,0
7.98338,3499.29,39.6902,-56.0344,3.0534,18877.5,0
8.14664,3506.3,42.5834,-55.7376,2.58975,17638.8,0
8.30752,3500.24,39.8073,-55.0674,2.90459,18026.5,0
8.46524,3496.04,44.2349,-46.975,3.23452,18187.3,0
8.62585,3496.65,51.9934,-48.9874,2.84996,17778.1,0
8.78807,3499.13,44.1075,-46.4674,2.94717,17167.4,0
8.94758,3502.16,41.4609,-51.9311,2.63536,16522.5,0
9.10921,3505.66,47.2382,-57.5813,2.16355,15845.1,0
9.2672,3507.78,42.0873,-66.4254,1.89278,15346.1,0
9.42924,3518.09,44.4307,-71.1262,1.26991,13989,0
9.58797,3518.67,53.3297,-73.1602,1.05673,13697.6,0
9.75054,3519.73,69.9527,-59.8987,0.96842,13360.4,0
9.91049,3521.14,74.9707,-57.645,0.841841,13001.9,0
10.067,3531.84,74.9131,-51.8045,0.496217,11737.1,0
10.2245,3529.04,60.0193,-69.6118,0.592946,11830.8,0
10.3851,3525.66,69.5233,-58.5671,0.747271,11973.2,0
10.5442,3535.58,71.7638,-46.6658,0.460557,10851.1,0
10.7068,3525.41,78.3715,-40.5674,0.806959,11636.7,0
10.8683,3532.17,78.6723,-56.015,0.352631,10841.9,0
10.8836,3532.4,80.5208,-59.3069,0.27365,10805.2,0
