0.161325,3649.71,27.7703,-59.9068,0.0247733,1826.52,0
0.320665,3650.29,28.1393,-60.6358,0.00626494,-897.508,0
0.480869,3639.21,30.686,-69.3108,0.252454,22430,0
0.640226,3625.68,37.3388,-69.9987,0.59609,37989.7,0
0.800636,3621.48,28.6614,-57.5293,0.791736,35616.2,0
0.95838,3614.71,38.6042,-57.337,0.958166,36818.2,0
1.11664,3609.56,33.4344,-60.7191,1.10423,36215.7,0
1.27369,3608.54,32.0286,-49.9323,1.1938,32554.5,0
1.4337,3608.82,33.0882,-54.3956,1.1597,28725.4,0
1.59409,3608.4,35.6047,-44.2686,1.18791,26097.4,0
1.75566,3609.98,26.3335,-48.1639,1.1742,22792.8,0
1.91667,3600.88,32.1669,-59.4751,1.37692,25627.9,0
2.07633,3610.68,32.6339,-71.1417,0.987155,18936,0
2.23552,3606.37,34.241,-74.9835,1.08621,19514.9,0
2.39518,3613.84,29.2595,-54.6287,1.00705,15098.6,0
2.55548,3612.34,30.3037,-43.7074,1.09872,14737.6,0
2.71219,3607.22,17.7021,-34.8384,1.32639,15772.3,0
2.87012,3613.77,26.3369,-36.3183,1.0936,12622.8,0
3.03049,3620.39,32.5281,-33.0715,0.880125,9770.55,0
3.19287,3607.94,36.7412,-36.579,1.23193,13172.8,0
3.35172,3608.23,39.1217,-43.4966,1.17663,12461.1,0
3.51512,3612.71,42.0169,-41.1565,1.02859,10607.3,0
3.6792,3604.66,57.8757,-54.1783,1.13885,12322.3,0
3.84002,3598,48.536,-50.3371,1.40423,13540.5,0
3.99869,3581.3,44.51,-53.5159,1.97688,17181.4,0
4.15815,3589.13,39.5222,-63.4949,1.6751,14638.1,0
4.31705,3579.05,36.1816,-57.0189,2.10082,16434.5,0
4.47605,3576.44,27.21,-44.3937,2.31411,16434.9,0
4.63648,3577.85,26.8307,-38.6346,2.24039,15561,0
4.79436,3582.69,28.7697,-41.3707,1.98198,14040.4,0
4.95566,3582.38,17.3582,-42.1222,1.99754,13644.9,0
5.11511,3582.31,11.4395,-41.0216,2.03156,13232.5,0
5.2784,3590.39,10.9425,-37.1335,1.68809,11294.1,0
5.43707,3591.23,7.71526,-41.1027,1.62078,10808.8,0
5.59439,3589.42,-9.32361,-41.7694,1.68167,10828.6,0
5.75231,3587.89,-5.14222,-42.4131,1.71811,10796.6,0
5.91331,3582.09,-12.4342,-39.867,1.94965,11483.8,0
6.07606,3583.71,-19.5519,-47.7283,1.78427,10910.1,0
6.23638,3590.78,-29.3042,-52.3663,1.42637,9496.2,0
6.39735,3589.7,-30.5039,-39.749,1.52755,9426.47,0
6.55758,3584.84,-33.6471,-40.818,1.66567,9935.86,0
6.71839,3586.11,-33.6773,-35.3472,1.61749,9509.75,0
6.8794,3577.78,-40.2825,-44.5312,1.84568,10498.6,0
7.03665,3577.27,-37.7857,-48.3311,1.81248,10336,0
7.19386,3569.94,-39.1371,-52.0449,2.01779,11128.6,0
7.35229,3568.99,-45.5874,-57.2272,1.98024,11017.8,0
7.51283,3567.38,-37.6974,-65.3404,2.00898,10996.9,0
7.66579,3571.1,-36.6624,-62.0692,1.90974,10291.9,0
7.82428,3569.11,-34.2979,-68.8363,1.90255,10338.3,0
7.9847,3574.82,-41.3781,-69.665,1.61607,9416.09,0
8.14108,3570.52,-42.1294,-63.0374,1.8058,9762.27,0
8.30078,3561.61,-48.2107,-58.9208,2.14017,10647.9,0
8.46074,3557.02,-46.8766,-57.8816,2.30469,10989.1,0
8.62266,3557.3,-42.5839,-64.2611,2.22274,10750.8,0
8.78113,3557.14,-42.969,-65.0809,2.1906,10575.1,0
8.94188,3558.49,-44.6292,-68.8158,2.08353,10233.8,0
9.10175,3564.21,-43.5704,-69.4162,1.8575,9425.98,0
9.26395,3558.37,-40.8197,-73.7323,2.01731,9890.71,0
9.42429,3571.9,-42.7398,-71.9599,1.49991,8287.44,0
9.58137,3567.46,-47.7823,-71.5802,1.63859,8614.4,0
9.73931,3570.39,-50.4674,-74.2955,1.50513,8173.64,0
9.90153,3572.41,-53.1547,-69.5734,1.4639,7836.18,0
10.0647,3563.75,-57.6573,-59.8634,1.80985,8569.5,0
10.2261,3558.73,-64.663,-62.5857,1.88616,8924.74,0
10.3825,3556.82,-54.1578,-70.0521,1.9579,8974.59,0
10.5408,3553.8,-51.4459,-76.236,2.00498,9126.49,0
10.6998,3556.34,-47.4476,-71.9643,1.97987,8753.04,0
10.8601,3565.72,-53.2859,-64.773,1.63377,7760.48,0
11.0173,3574.11,-52.8139,-65.8944,1.33653,6888.21,0
11.1778,3583.97,-54.1726,-63.9371,1.01111,5907.68,0
11.3402,3582.7,-54.7089,-74.5164,0.96155,5934.9,0
11.401,3582.15,-60.2372,-79.8245,0.906228,5951.29,0
