0.16007,3635.28,11.8988,30.0205,0.415813,91933.8,0
0.319482,3640.04,11.1739,36.1226,0.269126,31165.8,0
0.476809,3623.42,18.2768,33.206,0.747114,55745.7,0
0.638387,3636.51,6.48365,35.031,0.372033,21137,0
0.795244,3628.72,-15.3247,34.0761,0.591338,26754,0
0.958894,3628.01,-7.96679,29.0867,0.630553,22933.9,0
1.12147,3628.36,-12.4241,22.0253,0.637163,19297.9,0
1.28005,3610.5,-12.6771,19.0289,1.20797,30855.7,0
1.44002,3605.36,-22.239,20.9825,1.35571,31002.5,0
1.59791,3603.55,-7.06138,17.6354,1.45037,29066.6,0
1.75533,3600.43,2.12434,16.3183,1.55168,28238,0
1.91477,3603.76,11.8652,19.2859,1.40687,24151.1,0
2.07745,3597.97,11.6725,25.2593,1.57366,25046.5,0
2.2355,3590.41,4.03514,35.4006,1.79464,26657.3,0
2.39575,3585.33,-4.12877,33.0761,2.03496,26991.6,0
2.55303,3586.03,-1.8384,39.533,1.94346,25055.5,0
2.71576,3581.89,5.03376,32.7374,2.1253,25077.7,0
2.87752,3579.75,3.99973,25.8057,2.2492,24412.7,0
3.03528,3578.62,10.8305,21.8661,2.26695,23515.2,0
3.19417,3575.48,13.2251,35.3653,2.27333,23328.5,0
3.35733,3581.96,14.8461,33.4457,2.04447,20267.5,0
3.51684,3585.46,15.7624,40.8691,1.83301,18352.3,0
3.67795,3588.65,4.48595,39.5906,1.70215,16681.4,0
3.83611,3576.09,8.45416,37.4599,2.19597,19266.9,0
3.99841,3574.74,6.33738,36.9643,2.22755,18822.9,0
4.15482,3581.91,20.1297,36.8689,1.89454,16388.1,0
4.315,3575.74,15.407,33.3156,2.17875,17210.2,0
4.47504,3577.88,6.30951,37.7118,2.05585,16116.5,0
4.6355,3586.4,2.40177,36.6713,1.71433,13719.5,0
4.79957,3590.51,7.91604,35.2943,1.54992,12395.8,0
4.95566,3598.31,2.37327,39.9674,1.22779,10431.2,0
5.11591,3600.9,0.788733,42.165,1.14218,9597.59,0
5.27358,3599.13,0.0711801,55.4379,1.1465,9645.49,0
5.43227,3593.82,-4.19781,53.2604,1.33221,10341,0
5.58887,3597.65,-2.39589,53.4654,1.20532,9367.11,0
5.7487,3591.92,15.7186,51.8354,1.37684,10103.2,0
5.90909,3592.63,6.77623,49.1978,1.36392,9709.08,0
6.06792,3607.22,1.83305,50.2862,0.85983,7050.23,0
6.22579,3597.62,3.40779,34.8655,1.24977,8413.18,0
6.38498,3602.26,4.07214,23.7301,1.13117,7477.43,0
6.54623,3600.49,9.29077,17.1807,1.20243,7562.42,0
6.70864,3607.3,6.57621,22.7462,0.942837,6364.37,0
6.86535,3597.64,1.53636,24.1523,1.26014,7626.52,0
7.02169,3593.98,-5.69352,18.6383,1.39893,7977.64,0
7.18201,3594.29,-11.6584,14.657,1.40169,7757.57,0
7.34493,3589.95,-20.3597,14.9982,1.54582,8175.53,0
7.50422,3598.83,-22.8664,17.0713,1.18317,6819.17,0
7.66474,3597.31,-38.5235,12.9137,1.17584,6874.37,0
7.82128,3606.03,-39.5054,10.4583,0.876804,5621.42,0
7.98484,3609.55,-42.8904,-1.58495,0.752,5066.27,0
8.14284,3624.87,-32.7245,17.1892,0.288847,3086.56,0
8.29986,3624.37,-41.5989,19.5847,0.273457,3088.32,0
8.46032,3615.24,-43.5977,35.9928,0.4963,4109.01,0
8.61848,3608.37,-47.2673,45.3857,0.654799,4830.4,0
8.77587,3604.34,-41.7389,41.1497,0.826624,5202.38,0
8.93935,3599.44,-45.6127,31.34,0.999999,5655.98,0
9.10124,3586.26,-40.1666,25.7244,1.51851,7003.87,0
9.26383,3585,-39.3682,34.7642,1.51018,7016.21,0
9.42269,3590.25,-45.9997,31.6781,1.28392,6340.88,0
9.58595,3601.33,-50.2286,25.4318,0.90675,5076.76,0
9.74429,3600.09,-53.3485,24.1005,0.925225,5122.18,0
9.90299,3608.78,-52.5743,12.0558,0.677194,4162.33,0
10.0633,3597.27,-46.7202,13.1192,1.08023,5239.91,0
10.2251,3599.29,-55.0194,14.5526,0.967593,4959.66,0
10.3846,3597.96,-56.6326,8.92276,1.01457,5011.54,0
10.5437,3595.08,-50.7245,15.3604,1.13947,5208.59,0
10.7048,3598.28,-57.7178,15.0761,0.9935,4831.73,0
10.8621,3595.41,-52.6629,20.669,1.10592,5025.36,0
11.0239,3599.38,-39.5791,7.19024,1.05893,4591.94,0
11.1846,3597.62,-21.566,21.0712,1.15672,4683.1,0
11.3465,3594.36,-17.8745,22.4174,1.25516,4903.59,0
11.5033,3587.82,-16.5324,4.22635,1.54922,5405.2,0
11.6614,3584.88,-10.2401,1.91519,1.69489,5584.63,0
11.8171,3581.92,-5.66305,-7.99068,1.81539,5760.85,0
11.9747,3581.44,-11.7254,-16.0702,1.76744,5725.32,0
12.1306,3577.66,-7.25545,-26.9721,1.89374,5963.19,0
12.2886,3575.65,-4.66171,-26.5493,1.99476,6050.67,0
12.4482,3572.49,-15.7531,-22.0835,2.11763,6226.9,0
12.6076,3571.73,-7.81528,-14.3451,2.17134,6208.07,0
12.769,3587.61,4.6892,-22.3872,1.47966,4886.41,0
12.9294,3590.71,-4.92766,-13.186,1.37497,4585.91,0
13.091,3602,-2.46236,-18.1479,0.944278,3666.59,0
13.2524,3607.82,10.8841,-10.1649,0.744111,3182.72,0
13.4159,3615.67,8.45738,-13.2781,0.470478,2559.12,0
13.5767,3616.26,12.1207,-16.3592,0.443684,2485.15,0
13.7379,3627.14,-3.98261,-22.6874,0.0948388,1664.3,0
13.895,3613.79,-7.44518,-18.5033,0.520997,2606.19,0
14.0548,3623.16,-8.25705,-8.63516,0.235051,1909.59,0
14.2161,3628.04,-5.81356,-4.36206,0.0894927,1544.86,0
14.3795,3620.98,-9.80937,-5.19927,0.305108,2017.84,0
14.5389,3613.64,-6.94685,-6.77117,0.541842,2500.53,0
14.6973,3613.9,-1.15253,-1.20585,0.537021,2456.43,0
14.8572,3622.57,-7.0539,-3.58442,0.253023,1846.18,0
15.0153,3620.09,-19.0559,-0.0766595,0.314245,1991.93,0
15.1707,3626.37,-14.215,9.99398,0.122714,1557.52,0
15.3316,3607.33,-5.22742,11.9893,0.746587,2783.18,0
15.4915,3613.26,-9.50431,8.74655,0.534473,2371.85,0
15.6522,3607.77,3.35763,0.100345,0.731963,2698.01,0
15.8116,3596.33,3.85706,16.0633,1.13196,3394.45,0
15.9708,3603.13,1.88261,16.7519,0.876729,2934.65,0
16.1311,3602.15,4.41811,28.9768,0.86289,2966.58,0
16.2931,3593.65,-6.96199,25.6656,1.17153,3458.58,0
16.4533,3594.12,-1.26597,26.1546,1.1511,3396.17,0
16.6164,3591.15,6.16324,27.1851,1.25986,3541.43,0
16.7781,3598.75,0.993392,28.3049,0.982464,3054.8,0
16.9394,3599.14,0.610629,25.6729,0.963145,3002.26,0
17.0998,3600.36,-0.875048,20.4727,0.939562,2902.69,0
17.2604,3588.38,4.87169,38.7755,1.30198,3570.05,0
17.4203,3582.37,1.0397,51.8255,1.42816,3882.06,0
17.5827,3588.71,6.21561,59.7573,1.13268,3485.62,0
17.7428,3593.06,6.65302,61.1204,0.979736,3209.04,0
17.903,3611.35,-9.04306,55.0397,0.412889,2158.77,0
18.0611,3606.98,-4.74723,56.947,0.539803,2382.08,0
18.2199,3603.09,15.0772,59.7851,0.639167,2574.4,0
18.3837,3600.44,9.36182,60.439,0.73135,2695.79,0
18.543,3591.36,1.42875,61.8743,1.0246,3162.17,0
18.6976,3591.72,1.70736,68.544,0.937418,3117.13,0
18.855,3594.2,-3.57107,61.6461,0.905147,2959.55,0
19.0149,3583.46,-3.10609,62.9059,1.26306,3499.2,0
19.1809,3573.23,6.47002,54.4895,1.7049,4002.26,0
19.3396,3571.9,3.33665,47.158,1.80492,4038.53,0
19.5003,3574.32,3.83092,47.8012,1.69683,3880.86,0
19.6613,3577.14,3.33367,44.601,1.60657,3705.96,0
19.8227,3568.89,10.0795,39.9261,1.96771,4091.71,0
19.9826,3571.64,0.422158,40.3365,1.82813,3921.56,0
20.1391,3569.27,-5.26872,39.4893,1.93273,4008.65,0
20.3001,3576.21,-5.45198,34.4373,1.676,3634.77,0
20.4621,3580.64,-12.6279,44.7525,1.39446,3389.73,0
20.6218,3580.52,-20.1526,43.5286,1.37511,3369.48,0
20.7804,3579.01,-19.5754,43.453,1.42812,3415.97,0
20.9392,3580.1,-28.0576,50.7396,1.28556,3338.2,0
21.1,3577.59,-24.4116,52.9641,1.37449,3431.74,0
21.2609,3577.55,-25.303,58.5384,1.32454,3407.46,0
21.417,3573.54,-13.5205,56.8679,1.52928,3570.22,0
21.5744,3562.64,-16.4268,65.9453,1.83498,4049.04,0
21.735,3559.42,-16.5509,67.2575,1.9497,4167.26,0
21.8953,3564.4,-16.4489,58.7354,1.87663,3909.51,0
22.0561,3552.66,-21.073,54.0322,2.41367,4413.49,0
22.2158,3553.73,-16.5319,46.6702,2.47938,4333.52,0
22.378,3560.26,-5.08256,51.1183,2.14214,4010.3,0
22.5383,3560.31,-11.0057,59.1807,1.98845,3979.27,0
22.6978,3545.72,-4.85116,66.8679,2.45808,4594.14,0
22.8567,3545.05,-7.00787,72.1778,2.36894,4591.45,0
23.0154,3542.54,-5.12896,57.6438,2.75306,4669.22,0
23.1765,3547.07,-7.00703,61.2904,2.4183,4440.95,0
23.3294,3540.4,-6.94925,55.2191,2.86194,4698.03,0
23.4882,3542.39,-5.28284,59.1781,2.69754,4581.57,0
23.6476,3538.9,0.793769,54.0353,2.96697,4698.01,0
23.807,3548.67,-7.23487,54.2382,2.4407,4256.14,0
23.9687,3552.11,-6.65648,53.985,2.24308,4084,0
24.1294,3543.73,-14.6983,53.4647,2.6302,4404.12,0
24.2912,3551.91,-23.7706,55.6955,2.13119,4038.2,0
24.449,3562.46,-26.2941,63.2022,1.5533,3580.48,0
24.6077,3548.49,-37.126,63.6199,2.03184,4125.08,0
24.7689,3539.82,-34.3855,66.4754,2.37402,4448.51,0
24.9287,3538.21,-20.9123,64.4328,2.53995,4484.52,0
25.0879,3536.52,-21.4658,65.4479,2.49816,4523.29,0
25.2476,3531.42,-23.3164,64.0871,2.69356,4696.67,0
25.4095,3527.07,-21.1345,75.4234,2.61706,4837.96,0
25.5685,3526.27,-23.7031,71.9177,2.68095,4839.31,0
25.7277,3522.99,-18.1965,71.0448,2.86186,4936.53,0
25.8838,3519.27,-13.0583,65.1868,3.18364,5050.81,0
26.0455,3510.48,-21.887,69.2503,3.44262,5356.95,0
26.2064,3514.43,-37.8451,65.5835,3.0427,5173.35,0
26.3663,3521.81,-33.893,69.9923,2.61407,4861.9,0
26.5255,3520.07,-37.8378,66.4067,2.7278,4898.36,0
26.6856,3525.3,-35.5877,76.0113,2.33279,4672.81,0
26.8473,3515.19,-32.5988,65.3921,3.06102,5021.35,0
27.008,3513.66,-25.314,78.4046,2.81106,5048.1,0
27.1671,3509.33,-19.9699,91.3565,2.63733,5177.82,0
27.3271,3494.53,-22.083,83.7925,3.39821,5689.27,0
27.4862,3501.19,-22.7649,75.5713,3.29517,5413.89,0
27.6419,3496.29,-18.8387,66.1952,3.82952,5560.86,0
27.8063,3496.5,-15.3741,63.2778,3.88115,5520.19,0
27.9692,3496.34,-20.2447,64.402,3.62609,5493.88,0
28.1325,3504.26,-29.0612,68.6359,2.8818,5180.63,0
28.2948,3495.65,-30.5635,64.3872,3.34134,5455.13,0
28.454,3495.41,-30.6577,67.8267,3.15561,5433.03,0
28.6146,3488.76,-25.4264,66.5561,3.6383,5635.04,0
28.7736,3484.29,-22.4217,75.9139,3.43866,5759.02,0
28.9336,3484.1,-18.8861,76.7435,3.45967,5733.93,0
29.0908,3485.84,-18.9695,77.5702,3.28304,5643.09,0
29.253,3485,-18.6804,72.6002,3.45377,5640.51,0
29.4129,3485.74,-10.9108,70.8448,3.43741,5584.75,0
29.5753,3493.55,-11.6612,66.1433,3.16516,5289.8,0
29.733,3496.75,-6.02941,64.4805,3.01952,5154.06,0
29.891,3488.65,-12.3318,62.7179,3.4178,5398.02,0
30.0516,3492.04,-8.41615,66.3956,3.04334,5256.21,0
30.2078,3495.04,-8.1486,61.0141,3.12315,5129.76,0
30.3699,3490.47,-9.39037,62.5123,3.26626,5252.79,0
30.5334,3480.83,-12.4104,62.1398,3.7437,5540.36,0
30.6915,3468.96,-22.6679,65.0497,3.98344,5898.75,0
30.8553,3461.76,-21.022,67.5042,4.13239,6100.74,0
31.0191,3460.97,-20.0506,69.0782,4.0318,6093.98,0
31.1795,3458.96,-23.0202,61.9822,4.3351,6127.18,0
31.3379,3460.89,-31.5791,60.7314,3.92604,6034.57,0
31.4984,3457.16,-21.9516,68.2946,3.83473,6122.34,0
31.6598,3461.62,-31.6304,69.1374,3.30816,5949.98,0
31.8183,3460.29,-29.8309,63.5198,3.61472,5962.33,0
31.9754,3454.02,-34.8758,62.4189,3.69313,6129,0
32.0085,3449.99,-35.3698,58.5789,4.04976,6248.51,0
