0.156383,3647.66,40.0067,34.8544,0.0688487,14936.7,0
0.314283,3645.42,44.0257,15.6414,0.148249,14563,0
0.473231,3648.86,46.5575,8.08205,0.0529508,2402.95,0
0.632037,3638.34,48.7891,17.8329,0.319464,18448.6,0
0.792767,3643.13,41.6256,25.9241,0.200836,8661.78,0
0.953546,3647.66,16.8705,16.4041,0.140479,2457.82,0
1.1161,3648.85,18.7374,18.8058,0.102662,1029.14,0
1.27781,3642.34,39.9425,4.54776,0.249718,5991.05,0
1.438,3628.36,43.186,-11.6244,0.628022,15047,0
1.59378,3642.73,23.6182,-22.958,0.255641,4562.72,0
1.75656,3645.3,10.6184,-34.5285,0.177075,2676.9,0
1.91787,3649.49,9.7317,-30.9218,0.0715209,267.248,0
2.08032,3628.94,8.03994,-28.4963,0.654487,10123.7,0
2.23934,3641.41,13.2096,-7.57781,0.320298,3836.68,0
2.39757,3630.87,11.8376,-10.6466,0.624389,7980.19,0
2.55284,3626.15,11.1817,-13.2949,0.760693,9344.17,0
2.70937,3619.31,16.5258,-13.249,0.969659,11328.4,0
2.87104,3617.67,34.4953,-21.5559,0.949859,11262.2,0
3.02882,3613.47,42.5005,-23.0143,1.03737,12061.7,0
3.18989,3623.53,44.1354,-3.74445,0.731637,8298.19,0
3.35081,3635.14,34.5919,-11.0578,0.419313,4434.29,0
3.50868,3624.74,38.0709,-13.4985,0.715174,7198.43,0
3.66926,3624.39,31.5363,-3.5846,0.748522,6978.95,0
3.83134,3625.05,22.1935,-21.0047,0.728481,6512.59,0
3.9901,3618.56,23.4118,-18.1047,0.912311,7878.29,0
4.15124,3619.49,29.4543,-18.2555,0.870383,7349.93,0
4.30883,3620.78,23.9886,-22.8796,0.832581,6780.56,0
4.47417,3618.55,32.1644,-17.377,0.898255,7029.27,0
4.63675,3612.47,46.7133,-15.5554,1.03332,8093.54,0
4.78947,3610.64,57.7716,-12.7331,1.0372,8217.88,0
4.95095,3614.12,65.4992,-23.1416,0.878227,7246.15,0
5.11447,3612.69,77.7224,-13.8996,0.854596,7295.14,0
5.27438,3604.92,81.1713,-10.8349,1.04478,8546.11,0
5.43841,3611.64,83.7794,-10.9965,0.822773,7052.76,0
5.59621,3607.51,77.8732,-13.7558,0.991691,7592.63,0
5.75874,3610.06,79.5815,-16.053,0.8869,6935.02,0
5.91731,3603.26,91.8351,-17.4829,0.992037,7898.27,0
6.07696,3591.75,88.8008,-12.7589,1.33523,9584.65,0
6.23488,3588.29,86.9866,-16.2052,1.45175,9898,0
6.36211,3571.86,97.6954,-21.4029,1.8208,12281.7,0
