0.0291538,4.2473,0,0,0.52909,145686,0
0.0560755,19.5665,0,0,2.36714,348932,0
0.0861216,21.0671,0,0,2.53864,244620,0
0.114921,18.5769,0,0,2.23198,161649,0
0.143873,17.5148,0,0,2.09398,121738,0
0.172323,8.38233,0,0,0.992943,48643.2,0
0.20179,0.112107,0,0,0.0011691,555.562,0
0.229476,3.10753,0,0,0.36054,13541.9,0
0.258772,3.29105,0,0,0.386053,12718,0
0.288652,0.39681,0,0,0.0392226,1374.7,0
0.316927,1.03438,0,0,0.115135,3263.79,0
0.345448,2.71592,0,0,0.317207,7862.04,0
0.375273,0.274011,0,0,0.0243179,730.165,0
0.404935,5.89038,0,0,0.697658,14546.5,0
0.434019,0.155568,0,0,0.00989669,358.435,0
0.459951,6.06767,0,0,0.717517,13192,0
0.490098,0.502588,0,0,0.0505622,1025.49,0
0.518297,3.89883,0,0,0.457923,7522.38,0
0.546023,0.875336,0,0,0.0955687,1603.11,0
0.572946,0.0858809,0,0,9.6793e-05,149.894,0
0.602743,4.01309,0,0,0.470626,6658.04,0
0.630817,0.48972,0,0,0.0486881,776.326,0
0.659828,5.87097,0,0,0.692576,8897.73,0
0.688703,0.321093,0,0,0.0277746,466.229,0
0.718609,8.1356,0,0,0.962876,11321.3,0
0.747472,0.118241,0,0,0.00202479,158.187,0
0.775268,0.24654,0,0,0.0167803,318.006,0
0.804047,6.77176,0,0,0.798804,8422.09,0
0.83209,0.232295,0,0,0.014096,279.17,0
0.858484,3.11898,0,0,0.359964,3633.13,0
0.888355,11.1487,0,0,1.31956,12549.9,0
0.918479,23.2594,0,0,2.76355,25323.9,0
0.948572,28.8335,0,0,3.42392,30396.7,0
0.976561,25.7049,0,0,3.05098,26321.9,0
1.00501,26.6456,0,0,3.15711,26512.8,0
1.03437,27.7218,0,0,3.29456,26800.5,0
1.06334,32.707,0,0,3.89623,30758.8,0
1.08954,27.4384,0,0,3.25533,25183.5,0
1.11814,33.8532,0,0,4.00081,30276.3,0
1.14765,22.2295,0,0,2.61923,19369.5,0
1.17671,15.5448,0,0,1.81265,13210.4,0
1.20486,9.80411,0,0,1.12712,8137.16,0
1.2332,6.74582,0,0,0.763481,5470.17,0
1.26105,1.4212,0,0,0.126949,1127,0
1.29244,5.17979,0,0,0.577403,4007.77,0
1.32146,3.99113,0,0,0.435804,3020.23,0
1.3497,0.774653,0,0,0.0511606,573.943,0
1.37725,8.15968,0,0,0.936131,5924.61,0
1.40503,4.71435,0,0,0.521575,3355.32,0
1.43527,1.4018,0,0,0.124579,976.682,0
1.46439,14.3743,0,0,1.68031,9815.93,0
1.49568,17.1535,0,0,2.01344,11468.7,0
1.52457,25.7075,0,0,3.04133,16862.1,0
1.55354,26.5454,0,0,3.14787,17087.1,0
1.58162,27.6754,0,0,3.26532,17498.1,0
1.60927,31.1725,0,0,3.68472,19370.5,0
1.63682,32.3302,0,0,3.84486,19751.9,0
1.66647,31.1415,0,0,3.7024,18687.1,0
1.69575,23.6232,0,0,2.806,13930.8,0
1.72446,22.3772,0,0,2.65467,12976.4,0
1.75562,10.0395,0,0,1.15471,5718.48,0
1.78746,18.1188,0,0,2.11901,10136.6,0
1.81813,14.1691,0,0,1.64733,7793.24,0
1.84696,3.81226,0,0,0.403922,2064.07,0
1.87538,1.61566,0,0,0.140668,861.511,0
1.90678,6.83844,0,0,0.765103,3586.38,0
1.93567,0.448936,0,0,7.79658e-06,231.928,0
1.96541,9.73046,0,0,1.11237,4950.85,0
1.99279,3.70243,0,0,0.392751,1857.91,0
2.02072,1.09392,0,0,0.08027,541.35,0
2.05051,2.88003,0,0,0.294431,1404.54,0
2.0784,0.940685,0,0,0.061816,452.599,0
2.10774,0.427461,0,0,4.8227e-06,202.806,0
2.13811,2.31868,0,0,0.22726,1084.45,0
2.167,9.39223,0,0,1.075,4334.2,0
2.19573,3.71561,0,0,0.391791,1692.2,0
2.2242,1.69386,0,0,0.149491,761.556,0
2.25305,4.81595,0,0,0.522332,2137.53,0
2.28111,0.622715,0,0,0.0198439,272.987,0
2.31051,12.1949,0,0,1.40672,5278,0
2.34107,1.35841,0,0,0.106877,580.249,0
2.36901,3.34953,0,0,0.344771,1413.89,0
2.39794,1.74583,0,0,0.153289,728.054,0
2.42732,9.82802,0,0,1.12162,4048.91,0
2.45688,20.5857,0,0,2.40666,8378.79,0
2.48571,31.9815,0,0,3.77607,12866.2,0
2.51585,26.1371,0,0,3.091,10389,0
2.54566,29.9687,0,0,3.55024,11772.5,0
2.57381,33.96,0,0,4.02339,13194.5,0
2.60485,34.1949,0,0,4.03533,13127.4,0
2.63557,32.3044,0,0,3.7946,12257.1,0
2.6662,43.7217,0,0,5.16272,16398.5,0
2.69477,39.3059,0,0,4.60955,14586,0
2.72576,27.4092,0,0,3.19302,10055.6,0
2.75401,24.4538,0,0,2.83031,8879.35,0
2.78069,25.7388,0,0,2.99853,9256.25,0
2.81133,34.5273,0,0,4.06581,12281.5,0
2.83937,37.5629,0,0,4.43656,13229.3,0
2.86893,38.1731,0,0,4.48662,13305.7,0
2.89613,42.3546,0,0,4.98325,14624.6,0
2.92155,44.3392,0,0,5.18585,15176.6,0
2.95362,38.7303,0,0,4.49046,13112.8,0
2.98369,45.6273,0,0,5.27218,15292.3,0
3.01207,45.6615,0,0,5.27426,15159.5,0
3.04032,51.9356,0,0,5.9818,17082.3,0
3.06826,53.3212,0,0,6.10089,17378.3,0
3.09728,55.1059,0,0,6.27901,17791.7,0
3.12514,56.7541,0,0,6.46035,18160.5,0
3.15286,52.0198,0,0,5.87532,16499.3,0
3.18359,53.7633,0,0,6.07093,16887.6,0
3.21212,54.1046,0,0,6.05881,16843.9,0
3.23969,49.7591,0,0,5.52646,15359.2,0
3.26934,52.0181,0,0,5.74325,15910.9,0
3.29881,50.0465,0,0,5.48998,15171.1,0
3.32997,41.1074,0,0,4.41677,12344.7,0
3.35984,45.6509,0,0,4.9446,13587.2,0
3.38936,51.1978,0,0,5.61833,15105.4,0
3.41808,50.0039,0,0,5.41837,14629.3,0
3.44561,48.5809,0,0,5.22241,14099.3,0
3.47447,54.5029,0,0,5.8748,15686.7,0
3.50362,50.2926,0,0,5.33173,14354.5,0
3.53205,57.1033,0,0,6.0885,16167.2,0
3.55988,62.798,0,0,6.77894,17640.5,0
3.59065,63.2423,0,0,6.82567,17613,0
3.62077,65.1994,0,0,6.99329,18007.1,0
3.64565,65.8832,0,0,7.00562,18071.7,0
3.67329,59.1244,0,0,6.07406,16095.8,0
3.70254,62.262,0,0,6.40041,16816,0
3.73313,65.5336,0,0,6.77847,17554.6,0
3.76179,61.5166,0,0,6.2197,16353,0
3.78809,56.8168,0,0,5.57587,14998.8,0
3.81941,63.7814,0,0,6.36469,16699.3,0
3.847,66.405,0,0,6.61573,17261.5,0
3.87644,67.4546,0,0,6.69361,17401.2,0
3.90722,67.9259,0,0,6.73696,17384.7,0
3.93702,71.4944,0,0,7.20151,18159.5,0
3.96544,72.3858,0,0,7.29005,18254.1,0
3.99414,68.8668,0,0,6.78869,17242,0
4.02451,69.7987,0,0,6.85763,17343.4,0
4.05456,64.1373,0,0,6.17047,15818.5,0
4.08461,64.0481,0,0,6.15172,15680.4,0
4.11625,55.0504,0,0,5.04969,13373.9,0
4.14619,46.3873,0,0,4.03316,11187.9,0
4.17635,52.6454,0,0,4.77995,12605.6,0
4.20427,52.2828,0,0,4.70885,12435.6,0
4.23239,43.0274,0,0,3.58816,10166.2,0
4.26605,28.0801,0,0,1.78861,6582.23,0
4.29394,21.7659,0,0,1.03229,5068.97,0
4.32294,24.6936,0,0,1.38752,5712.22,0
4.35453,21.625,0,0,1.01366,4966.09,0
4.3825,23.3156,0,0,1.21422,5320.17,0
4.40949,28.9856,0,0,1.88564,6573.45,0
4.43888,28.7936,0,0,1.85756,6486.67,0
4.46629,34.9938,0,0,2.60725,7835.09,0
4.49654,26.3971,0,0,1.58222,5870.53,0
4.52617,30.564,0,0,2.0803,6752.72,0
4.5542,27.9844,0,0,1.76543,6144.75,0
4.58532,33.7331,0,0,2.45601,7356.75,0
4.61421,30.9852,0,0,2.13449,6715.17,0
4.64252,30.4272,0,0,2.06915,6554.04,0
4.67423,29.4025,0,0,1.93391,6290.35,0
4.7037,26.5817,0,0,1.59402,5651.24,0
4.73242,33.9785,0,0,2.47867,7179.94,0
4.76092,37.72,0,0,2.92901,7922.83,0
4.78923,36.4715,0,0,2.77909,7615.32,0
4.81974,37.9309,0,0,2.94809,7869.92,0
4.84489,31.6517,0,0,2.18023,6533,0
4.8751,30.5484,0,0,2.04863,6266.2,0
4.90265,33.5147,0,0,2.40217,6836.03,0
4.93054,30.796,0,0,2.07663,6245.97,0
4.96007,32.9234,0,0,2.34284,6637.67,0
4.9881,32.2662,0,0,2.25803,6468.63,0
5.01899,43.6025,0,0,3.60882,8687.51,0
5.04587,44.2721,0,0,3.66106,8773.93,0
5.0737,43.5613,0,0,3.56934,8585.71,0
5.10269,43.5767,0,0,3.55296,8539.95,0
5.12928,47.4039,0,0,4.03178,9241.82,0
5.16166,47.5756,0,0,4.02375,9217.12,0
5.19126,45.4968,0,0,3.77579,8764.11,0
5.21905,56.5971,0,0,5.09376,10844.3,0
5.24951,60.0477,0,0,5.50179,11438.7,0
5.27994,63.671,0,0,5.92416,12059.1,0
5.30978,64.854,0,0,6.02194,12214.1,0
5.33973,68.2059,0,0,6.3912,12773.3,0
5.36895,68.9999,0,0,6.46718,12851.7,0
5.39809,68.5405,0,0,6.41589,12697.2,0
5.42651,66.6967,0,0,6.16464,12290.9,0
5.45559,57.6675,0,0,5.05977,10570.4,0
5.48828,53.2997,0,0,4.50133,9711.56,0
5.51786,43.0914,0,0,3.26777,7809.45,0
5.54464,38.2406,0,0,2.67743,6896.85,0
5.57614,37.4921,0,0,2.57059,6723.65,0
5.6056,38.7414,0,0,2.72979,6911.2,0
5.63813,46.9971,0,0,3.71677,8335.57,0
5.66706,43.2948,0,0,3.25553,7639.72,0
5.69572,38.9515,0,0,2.72344,6838.73,0
5.72334,48.2351,0,0,3.83349,8427.79,0
5.75333,44.2404,0,0,3.32683,7689.54,0
5.7829,35.9473,0,0,2.32693,6216.14,0
5.81279,37.2166,0,0,2.46782,6402.53,0
5.84029,39.6117,0,0,2.75712,6782.49,0
5.86687,39.0319,0,0,2.69322,6652.93,0
5.89676,33.0053,0,0,1.97391,5597.19,0
5.92612,42.5482,0,0,3.11243,7179.77,0
5.95351,42.4046,0,0,3.08893,7122.63,0
5.98245,43.1687,0,0,3.16983,7215.89,0
6.01192,45.9798,0,0,3.5073,7648.11,0
6.04155,51.7368,0,0,4.20711,8563.51,0
6.06874,53.5596,0,0,4.40725,8825.48,0
6.09871,59.5052,0,0,5.11739,9757.01,0
6.12649,55.9748,0,0,4.64959,9136.52,0
6.15612,54.6383,0,0,4.45797,8875.45,0
6.18383,55.9874,0,0,4.60787,9053.83,0
6.21195,53.5326,0,0,4.31266,8617.69,0
6.23925,43.9652,0,0,3.17765,7046.54,0
6.26926,29.2971,0,0,1.41962,4673.13,0
6.29803,32.9169,0,0,1.85087,5226.54,0
6.32798,36.3122,0,0,2.26364,5738.37,0
6.35583,23.4559,0,0,0.725001,3690.45,0
6.38636,17.5131,0,0,0.013592,2742.27,0
6.41439,27.7448,0,0,1.23982,4325.4,0
6.44431,17.743,0,0,0.0395901,2753.28,0
6.47313,18.1315,0,0,0.0857955,2801.04,0
6.49849,17.5478,0,0,0.0170862,2700.3,0
6.52806,17.4138,0,0,0.00026027,2667.53,0
6.55489,24.7498,0,0,0.879458,3775.78,0
6.5846,17.5213,0,0,0.0117433,2660.96,0
6.61212,22.5929,0,0,0.619871,3416.9,0
6.64164,17.4405,0,0,0.00210367,2625.93,0
6.67048,25.4272,0,0,0.959277,3811.9,0
6.69941,20.3916,0,0,0.356786,3043.8,0
6.72811,30.8185,0,0,1.6081,4580.55,0
6.75713,27.6138,0,0,1.2268,4086.62,0
6.78582,29.6786,0,0,1.47475,4373.63,0
6.81495,22.1227,0,0,0.574147,3246.21,0
6.84515,17.766,0,0,0.051939,2595.42,0
6.8765,20.0067,0,0,0.317956,2909.42,0
6.90687,17.5255,0,0,0.0213726,2537.4,0
6.93514,21.8986,0,0,0.543865,3157.63,0
6.96438,25.7226,0,0,1.00148,3693.45,0
6.9924,38.121,0,0,2.48178,5451.78,0
7.01788,41.395,0,0,2.87293,5898.51,0
7.04352,40.4303,0,0,2.7476,5740.07,0
7.07017,41.851,0,0,2.9249,5919.37,0
7.09806,40.9937,0,0,2.82165,5775.34,0
7.12889,45.6687,0,0,3.40278,6406.15,0
7.1564,41.1853,0,0,2.86927,5755.03,0
7.18343,44.0819,0,0,3.2073,6136.61,0
7.21231,52.3077,0,0,4.17033,7252.56,0
7.23875,54.0663,0,0,4.36362,7469.01,0
7.27046,51.4,0,0,4.0468,7069.71,0
7.29729,50.9206,0,0,3.94569,6978.02,0
7.32473,45.3577,0,0,3.25186,6192.4,0
7.35456,34.1707,0,0,1.89643,4646.2,0
7.38359,35.0512,0,0,2.00001,4747.18,0
7.41172,40.5188,0,0,2.64874,5466.86,0
7.43931,42.8816,0,0,2.92425,5764.19,0
7.46658,44.1832,0,0,3.10211,5917.46,0
7.49571,41.7658,0,0,2.80867,5571.96,0
7.52803,31.3998,0,0,1.56505,4171.05,0
7.55624,31.0182,0,0,1.52643,4104.99,0
7.58272,25.9547,0,0,0.916881,3422.88,0
7.61343,18.4551,0,0,0.0180734,2424.02,0
7.64194,18.3099,0,0,0.000159653,2395.97,0
7.67142,23.3319,0,0,0.602094,3041.4,0
7.69886,24.6441,0,0,0.758439,3201.01,0
7.72891,21.6943,0,0,0.405083,2806.9,0
7.75833,18.9563,0,0,0.0782917,2443.34,0
7.78847,23.5332,0,0,0.62682,3021.54,0
7.81946,20.3862,0,0,0.251144,2607.11,0
7.84809,20.5186,0,0,0.267018,2614.47,0
7.87704,34.5683,0,0,1.9516,4388.48,0
7.90638,38.3094,0,0,2.40025,4845.37,0
7.93582,41.6841,0,0,2.80413,5252.65,0
7.96389,32.7088,0,0,1.73201,4107.15,0
7.99124,32.1748,0,0,1.66184,4026.26,0
8.01824,35.9865,0,0,2.11514,4488.09,0
8.04734,40.4361,0,0,2.65019,5024.78,0
8.07719,40.7802,0,0,2.68549,5048.81,0
8.10578,25.8693,0,0,0.888358,3191.46,0
8.13559,18.5718,0,0,0.0137882,2282.79,0
8.16529,25.3838,0,0,0.82953,3108.74,0
8.19512,18.5521,0,0,0.0117471,2263.8,0
8.22442,24.475,0,0,0.721823,2975.9,0
8.25358,18.713,0,0,0.0303964,2267.26,0
8.28163,22.545,0,0,0.49132,2722.29,0
8.31266,18.468,0,0,0.00205649,2221.67,0
8.34122,24.4501,0,0,0.720532,2931.24,0
8.36944,18.4774,0,0,0.00459653,2207.73,0
8.39926,24.8298,0,0,0.765456,2956.19,0
8.42762,18.591,0,0,0.0177597,2205.96,0
8.45659,25.9473,0,0,0.900824,3068.29,0
8.48634,31.9047,0,0,1.61377,3759.54,0
8.51439,29.6615,0,0,1.34207,3483.69,0
8.54403,38.9017,0,0,2.45668,4553.09,0
8.5758,30.6406,0,0,1.46466,3572.91,0
8.60606,23.7168,0,0,0.636531,2755.83,0
8.63592,26.6107,0,0,0.982306,3081.4,0
8.66466,18.4224,0,0,0.000967085,2126.16,0
8.69524,28.8498,0,0,1.25065,3317.88,0
8.72583,27.0619,0,0,1.0369,3101.36,0
8.7549,27.1972,0,0,1.04864,3106.51,0
8.7852,33.888,0,0,1.85169,3857.4,0
8.81462,27.0144,0,0,1.02921,3064.72,0
8.84536,21.8038,0,0,0.401185,2464.99,0
8.8741,34.2133,0,0,1.88166,3855.41,0
8.90407,34.9319,0,0,1.96489,3923.14,0
8.93628,43.6063,0,0,2.99119,4879.68,0
8.96514,41.7249,0,0,2.75954,4654.13,0
8.99523,52.8327,0,0,4.07756,5873.41,0
9.02176,49.3565,0,0,3.65142,5470.83,0
9.05076,54.7916,0,0,4.29134,6053.81,0
9.08108,46.4705,0,0,3.27773,5117.29,0
9.10832,45.1962,0,0,3.14027,4962.08,0
9.13758,41.0452,0,0,2.65744,4491.92,0
9.16434,33.3201,0,0,1.7263,3635.84,0
9.19213,39.8673,0,0,2.50386,4337.11,0
9.22029,36.6918,0,0,2.11234,3979.46,0
9.25168,33.1708,0,0,1.69081,3585.38,0
9.2811,30.2708,0,0,1.34488,3261.55,0
9.30937,35.9361,0,0,2.02585,3860.21,0
9.33917,34.7721,0,0,1.8881,3723.25,0
9.36741,40.0528,0,0,2.5121,4275.76,0
9.39567,29.6476,0,0,1.26016,3155.46,0
9.4215,30.2963,0,0,1.33124,3215.66,0
9.44872,22.3741,0,0,0.382051,2367.95,0
9.47846,19.3675,0,0,0.0213197,2043.32,0
9.50644,25.2014,0,0,0.720496,2650.99,0
9.53589,19.7822,0,0,0.0703447,2074.5,0
9.56589,31.2129,0,0,1.44051,3262.94,0
9.59527,35.3388,0,0,1.93767,3682.94,0
9.62387,43.0453,0,0,2.8619,4472.76,0
9.65407,46.576,0,0,3.28367,4824.49,0
9.6831,34.9435,0,0,1.88394,3608.71,0
9.71298,41.5249,0,0,2.6797,4275.2,0
9.74223,47.9346,0,0,3.46732,4920.29,0
9.77026,47.14,0,0,3.35084,4824.84,0
9.7996,54.8619,0,0,4.26396,5598.38,0
9.82774,47.681,0,0,3.40089,4851.67,0
9.85775,36.9345,0,0,2.13423,3746.75,0
9.88674,26.9378,0,0,0.933371,2724.64,0
9.91596,19.6473,0,0,0.0597892,1981.38,0
9.94345,31.5736,0,0,1.48992,3175.31,0
9.97204,33.403,0,0,1.70625,3349.66,0
9.99976,24.2112,0,0,0.604833,2421.18,0
10.0002,24.0141,0,0,0.581212,2401.36,0
