0.029867,6.15111,0,0,1.50755,205950,4
0.0580242,9.473,0,0,0.614302,163259,6
0.0858693,17.95,0,0,16.3545,209038,9
0.114418,23.6921,0,0,0.0029921,207067,11
0.142111,35.5167,0,0,14.7075,249922,17
0.17141,47.332,0,0,5.55065,276134,25
0.199817,52.6522,0,0,0.927834,263502,29
0.227221,62.8791,0,0,2.13578,276731,33
0.253639,70.7716,0,0,12.3917,279025,36
0.28384,82.2633,0,0,10.6623,289823,43
0.311642,89.8581,0,0,14.1465,288337,48
0.33752,98.8553,0,0,7.11025,292887,51
0.368118,105.937,0,0,1.18252,287780,55
0.399418,114.187,0,0,1.93007,285884,58
0.43001,120.115,0,0,0.183661,279330,61
0.460546,129.396,0,0,2.22667,280961,64
0.486861,131.382,0,0,0.00743667,269854,64
0.515018,145.794,0,0,21.8223,283085,68
0.544113,153.623,0,0,4.63149,282336,73
0.570285,157.607,0,0,0.104942,276365,74
0.598478,173.57,0,0,9.54233,290019,83
0.628525,186.293,0,0,1.05826,296397,87
0.658982,191.513,0,0,30.3483,290619,90
0.690961,202.799,0,0,21.5566,293503,96
0.721058,212.434,0,0,9.59393,294615,100
0.749598,219.643,0,0,0.130958,293014,105
0.781272,237.782,0,0,0.568101,304353,113
0.813535,247.649,0,0,0.56805,304410,119
0.839826,254.037,0,0,11.7377,302487,123
0.868176,259.756,0,0,0.742733,299197,125
0.896893,268.63,0,0,0.1903,299512,129
0.925366,278.926,0,0,0.0999438,301423,134
0.957341,286.851,0,0,5.06333,299633,136
0.985678,302.084,0,0,16.3782,306473,143
1.01707,318.904,0,0,1.14158,313553,152
1.04625,322.951,0,0,4.58438,308674,153
1.07678,333.689,0,0,0.267017,309895,159
1.10506,342.482,0,0,1.3632,309923,164
1.1335,355.315,0,0,4.33267,313466,173
1.16276,369.701,0,0,0.981735,317950,178
1.19145,381.73,0,0,1.52297,320392,185
1.22082,392.451,0,0,5.1311,321466,190
1.24818,396.045,0,0,3.25838,317297,192
1.27906,404.953,0,0,14.3168,316603,197
1.3084,416.12,0,0,14.3149,318037,204
1.33583,423.754,0,0,0.124935,317222,210
1.36548,432.738,0,0,1.95863,316914,214
1.39434,440.319,0,0,12.8758,315791,218
1.42465,447.928,0,0,4.15318,314413,222
1.45441,464.739,0,0,4.60631,319538,229
1.48478,469.795,0,0,1.14149,316407,231
1.51341,483.268,0,0,17.2575,319324,238
1.5433,485.199,0,0,8.76601,314392,239
1.57396,497.838,0,0,1.35566,316296,244
1.6019,503.164,0,0,0.466984,314104,247
1.63224,513.905,0,0,12.2225,314846,250
1.66122,518.347,0,0,0.352351,312028,251
1.68873,530.17,0,0,1.66421,313946,256
1.71856,535.327,0,0,11.4768,311498,260
1.74765,541.021,0,0,0.0128401,309571,263
1.77866,550.587,0,0,23.8158,309552,265
1.80684,561.259,0,0,23.3276,310631,268
1.83753,567.604,0,0,0.428197,308895,271
1.8682,575.927,0,0,0.124556,308280,275
1.89557,580.106,0,0,7.63746,306032,278
1.92572,589.424,0,0,2.09434,306079,284
1.95564,598.172,0,0,7.81644,305870,288
1.98578,604.932,0,0,1.8475,304632,293
2.01206,610.956,0,0,4.00039,303647,296
2.0405,614.027,0,0,14.9639,300920,299
2.06733,624.953,0,0,0.532697,302300,308
2.09408,629.404,0,0,9.56551,300564,309
2.12076,633.441,0,0,0.45261,298686,311
2.14963,647.536,0,0,0.230914,301231,318
2.17806,655.397,0,0,16.9293,300909,322
2.20685,667.605,0,0,10.9457,302514,328
2.23389,677.275,0,0,25.9662,303182,331
2.2616,681.714,0,0,4.50308,301430,334
2.29208,685.268,0,0,1.99275,298972,335
2.3198,691.399,0,0,3.54692,298043,337
2.34821,696.953,0,0,10.3485,296802,340
2.37789,704.766,0,0,15.217,296384,343
2.40677,711.771,0,0,0.0299516,295737,346
2.43358,717.431,0,0,5.09134,294805,347
2.46216,728.316,0,0,6.76597,295803,352
2.48937,732.553,0,0,0.108457,294273,353
2.51629,737.528,0,0,0.315599,293101,356
2.54406,748.004,0,0,2.13431,294020,359
2.57479,754.5,0,0,2.39836,293034,361
2.60358,763.551,0,0,2.48467,293270,368
2.63125,773.979,0,0,6.15078,294149,373
2.65958,775.966,0,0,4.71895,291763,374
2.68619,777.9,0,0,7.58613,289593,375
2.7159,779.151,0,0,0.557719,286885,376
2.74434,787.054,0,0,2.08132,286791,380
2.77529,796.233,0,0,8.94813,286901,383
2.80236,809.141,0,0,0.182149,288736,389
2.83341,819.295,0,0,1.9918,289155,394
2.86198,829.422,0,0,6.3388,289807,399
2.89107,839.606,0,0,6.87759,290413,403
2.92102,847.263,0,0,10.274,290057,407
2.94942,854.704,0,0,0.00478505,289787,409
2.97776,862.341,0,0,0.24097,289594,413
3.00908,875.812,0,0,1.05897,291056,420
3.03632,884.597,0,0,6.42624,291339,423
3.06505,891.163,0,0,33.5669,290750,425
3.09574,904.92,0,0,21.1096,292312,431
3.12459,912.519,0,0,0.186901,292044,434
3.15317,917.489,0,0,6.59544,290974,436
3.18131,923.397,0,0,15.1082,290257,438
3.209,924.481,0,0,0.0498054,288090,439
3.23735,928.614,0,0,7.01962,286844,441
3.26565,940.592,0,0,0.420742,288026,446
3.29608,955.013,0,0,5.16788,289743,454
3.32784,967.71,0,0,0.845826,290792,457
3.35732,982.14,0,0,0.390583,292537,464
3.38578,983.783,0,0,0.0129198,290564,466
3.41556,995.387,0,0,12.8527,291427,472
3.44561,1002.86,0,0,1.01345,291054,477
3.47296,1008.69,0,0,15.0669,290442,479
3.50161,1020.06,0,0,0.267725,291313,484
3.53029,1033.56,0,0,0.233933,292770,492
3.55936,1048.69,0,0,1.90639,294630,498
3.5892,1056.88,0,0,2.44876,294461,502
3.61866,1067.22,0,0,22.7154,294921,505
3.64927,1080.51,0,0,2.57329,296088,511
3.67864,1094.05,0,0,8.47453,297405,516
3.70965,1108.63,0,0,10.9532,298849,522
3.73784,1121.86,0,0,2.07017,300135,528
3.76586,1126.16,0,0,5.32656,299043,532
3.79579,1134.26,0,0,1.35471,298821,537
3.82611,1147.23,0,0,21.1677,299842,542
3.85394,1155.22,0,0,1.9919,299749,544
3.88124,1162.49,0,0,0.541469,299516,548
3.90889,1173.81,0,0,5.44905,300292,553
3.93481,1182.66,0,0,0.868996,300564,557
3.96158,1193.58,0,0,7.35989,301288,561
3.98876,1202.21,0,0,5.67824,301401,565
4.01786,1211.33,0,0,0.706099,301487,570
4.04649,1218.36,0,0,0.0439466,301091,575
4.07926,1238.51,0,0,0.473651,303611,584
4.10896,1254.21,0,0,10.9636,305238,586
4.1355,1265.87,0,0,9.63166,306099,591
4.16221,1276.94,0,0,3.67041,306794,596
4.19078,1284.97,0,0,9.36759,306618,599
4.21991,1294.6,0,0,0.411912,306785,602
4.24806,1296.9,0,0,0.749516,305292,604
4.27639,1308.22,0,0,5.16129,305917,608
4.30547,1316.64,0,0,17.3356,305807,611
4.33349,1325.61,0,0,1.35824,305899,617
4.36404,1344.73,0,0,3.71098,308139,625
4.39132,1351.86,0,0,6.9389,307849,632
4.41942,1353.51,0,0,0.0847492,306263,633
4.44742,1361.38,0,0,2.76416,306106,637
4.4758,1377.54,0,0,8.05202,307775,645
4.50566,1383.08,0,0,3.32304,306965,645
4.53412,1391.32,0,0,5.70939,306855,649
4.5622,1398.02,0,0,3.9088,306435,653
4.58982,1407.53,0,0,11.1259,306663,661
4.62032,1419.36,0,0,4.56657,307199,667
4.6486,1427.19,0,0,2.41116,307014,671
4.67912,1437.43,0,0,6.73068,307200,677
4.70948,1445.25,0,0,5.42271,306882,683
4.73666,1449.2,0,0,9.86168,305954,684
4.76479,1462.73,0,0,10.6623,306988,688
4.7941,1471.22,0,0,1.88321,306881,693
4.82226,1474.77,0,0,9.52247,305826,695
4.85104,1482.5,0,0,22.3538,305604,698
4.87995,1504.29,0,0,2.70719,308259,708
4.91117,1517.41,0,0,8.45772,308971,713
4.94128,1524.01,0,0,3.43174,308425,717
4.97011,1533.05,0,0,11.9864,308453,721
4.99922,1537.99,0,0,4.39063,307646,723
5.02842,1544.01,0,0,0.266979,307057,727
5.0558,1558.25,0,0,5.96442,308211,733
5.08384,1566.75,0,0,7.28693,308183,739
5.11211,1580.85,0,0,0.875877,309237,746
5.14205,1590.84,0,0,13.9349,309378,750
5.17084,1597.73,0,0,1.66992,308988,755
5.19755,1603.51,0,0,0.132073,308513,759
5.22681,1616.36,0,0,10.8735,309244,763
5.25462,1622.6,0,0,1.54549,308795,765
5.28311,1628.53,0,0,14.935,308252,767
5.31232,1634.59,0,0,0.525273,307698,772
5.33928,1642.82,0,0,2.84716,307685,775
5.36932,1654.48,0,0,4.24462,308136,779
5.39887,1657.32,0,0,15.4424,306976,780
5.4306,1671.03,0,0,0.1293,307707,786
5.46025,1679.09,0,0,4.94826,307511,792
5.48834,1688.74,0,0,4.34092,307697,795
5.51588,1693.43,0,0,9.97119,307010,798
5.54437,1701.49,0,0,3.195,306887,801
5.57304,1708.57,0,0,1.75068,306578,806
5.60093,1711.63,0,0,2.29477,305597,808
5.62906,1718.01,0,0,6.50688,305204,811
5.65938,1724.44,0,0,10.6521,304705,815
5.68853,1728.86,0,0,0.263349,303921,818
5.71952,1745.41,0,0,0.77588,305167,828
5.74593,1749.17,0,0,11.7865,304419,831
5.77396,1762.14,0,0,0.8441,305187,838
5.80361,1770.29,0,0,3.3229,305033,841
5.83248,1781.2,0,0,4.22814,305393,846
5.8629,1794.78,0,0,14.9905,306125,852
5.8906,1801.72,0,0,10.3286,305863,854
5.91868,1807.77,0,0,4.89805,305435,857
5.9469,1817.08,0,0,5.97841,305552,860
5.97548,1825.25,0,0,3.74445,305457,864
6.00481,1833.73,0,0,2.20022,305377,867
6.03492,1846.92,0,0,0.0897528,306039,872
6.06268,1852.23,0,0,15.6015,305513,874
6.08954,1862.36,0,0,10.0487,305829,878
6.11823,1872.24,0,0,0.953759,306009,881
6.14982,1888.32,0,0,0.661286,307053,887
6.17822,1902.02,0,0,5.80221,307858,893
6.20708,1906.59,0,0,2.1344,307164,895
6.23478,1915.38,0,0,0.803529,307210,900
6.26393,1922.57,0,0,1.85095,306928,904
6.29261,1929.07,0,0,11.5663,306561,905
6.31924,1934.64,0,0,3.6624,306151,906
6.34907,1944.55,0,0,3.93893,306273,911
6.37695,1955.91,0,0,7.42485,306716,919
6.40602,1962.7,0,0,13.8666,306384,923
6.43485,1971.56,0,0,14.3026,306389,928
6.46338,1981.29,0,0,7.10753,306540,932
6.49236,1987.32,0,0,5.01326,306102,936
6.52264,1995.05,0,0,0.0349765,305866,940
6.55196,2010.42,0,0,20.1867,306842,948
6.58212,2026.86,0,0,16.922,307934,956
6.61001,2030.94,0,0,4.11457,307252,958
6.64131,2050.83,0,0,6.99525,308799,967
6.67059,2062.28,0,0,4.79793,309160,972
6.70026,2065.91,0,0,1.78052,308333,975
6.72759,2073.62,0,0,2.19026,308227,978
6.75662,2078.16,0,0,6.78922,307574,982
6.78646,2084.81,0,0,0.896425,307202,985
6.81526,2092.51,0,0,7.27208,307033,990
6.84529,2103.24,0,0,7.21256,307253,995
6.87253,2107.25,0,0,6.0752,306620,998
6.90101,2110.94,0,0,16.7269,305888,999
6.93163,2124.54,0,0,2.72272,306500,1005
6.95799,2130.69,0,0,0.00508688,306223,1010
6.98828,2143.42,0,0,0.0143548,306716,1014
7.01772,2147.14,0,0,1.07463,305960,1015
7.0485,2153.6,0,0,3.80231,305540,1019
7.07711,2155.49,0,0,0.0628573,304572,1020
7.10737,2160.7,0,0,0.966623,304008,1023
7.13424,2167.64,0,0,18.8747,303836,1026
7.16284,2176.23,0,0,7.35683,303822,1030
7.19259,2189.16,0,0,7.83611,304363,1035
7.2183,2196.43,0,0,1.96358,304286,1039
7.24418,2201.68,0,0,10.9884,303923,1041
7.27484,2213.8,0,0,39.9515,304309,1046
7.30347,2224.96,0,0,15.2862,304644,1049
7.3324,2228.27,0,0,14.9848,303893,1053
7.35889,2234.29,0,0,8.94492,303618,1056
7.38684,2245.82,0,0,11.559,304030,1061
7.41692,2260.89,0,0,0.00727844,304829,1067
7.44542,2270.44,0,0,1.85905,304945,1070
7.47437,2279.46,0,0,19.1356,304969,1076
7.5029,2290.19,0,0,0.005807,305241,1082
7.53502,2299.27,0,0,2.88583,305144,1087
7.56393,2308.67,0,0,0.567702,305221,1091
7.59242,2324.05,0,0,0.460746,306101,1098
7.62203,2330.32,0,0,3.92291,305735,1099
7.65184,2337.34,0,0,9.17475,305462,1104
7.67904,2341.43,0,0,0.745674,304911,1107
7.70653,2355.97,0,0,13.6346,305711,1114
7.7363,2361.76,0,0,10.047,305282,1119
7.76493,2367.17,0,0,2.57169,304854,1121
7.79395,2374.02,0,0,18.2192,304598,1126
7.82276,2383.52,0,0,1.68472,304690,1130
7.84984,2395.8,0,0,10.7173,305203,1136
7.87714,2410.45,0,0,7.34931,306006,1143
7.90637,2422.15,0,0,4.4846,306355,1150
7.9353,2428.32,0,0,3.7484,306015,1154
7.96534,2434.96,0,0,1.99906,305694,1159
7.99511,2443.32,0,0,18.3532,305602,1164
8.02471,2444.51,0,0,3.19196,304623,1165
8.05362,2456.8,0,0,7.15148,305056,1171
8.08166,2466.24,0,0,0.13233,305165,1178
8.10818,2477.16,0,0,1.60735,305513,1184
8.1388,2492.08,0,0,0.244723,306198,1191
8.16715,2500.72,0,0,0.526389,306193,1193
8.19527,2512.21,0,0,3.99539,306544,1198
8.22661,2520.04,0,0,2.70617,306327,1200
8.2563,2528.72,0,0,29.5114,306278,1202
8.2833,2538.14,0,0,6.75789,306417,1208
8.31481,2551.74,0,0,0.918368,306891,1214
8.34246,2562.91,0,0,2.41295,307212,1217
8.37148,2569.85,0,0,3.55406,306977,1221
8.40075,2579.86,0,0,1.75487,307098,1227
8.42945,2590.64,0,0,0.0811226,307331,1231
8.45788,2603.33,0,0,25.5967,307799,1234
8.4871,2614.14,0,0,30.992,308013,1239
8.51621,2622.31,0,0,5.76394,307920,1244
8.5443,2630.05,0,0,0.342425,307813,1248
8.57136,2642.86,0,0,0.183525,308336,1254
8.60048,2649.65,0,0,3.97989,308082,1257
8.63029,2658.59,0,0,5.10789,308054,1261
8.66152,2671.87,0,0,9.05986,308476,1263
8.69289,2685.94,0,0,0.0855237,308981,1269
8.72185,2691.5,0,0,11.4256,308593,1271
8.75452,2711.02,0,0,13.9885,309671,1279
8.78393,2717.97,0,0,18.2545,309425,1280
8.81372,2727.35,0,0,0.00970522,309444,1282
8.84094,2742.24,0,0,0.231048,310175,1289
8.86893,2752.51,0,0,21.7737,310355,1292
8.90073,2762.77,0,0,3.94877,310398,1297
8.92923,2770.08,0,0,8.18955,310227,1300
8.95918,2780.8,0,0,1.75541,310385,1305
8.9862,2788.41,0,0,1.04156,310300,1310
9.01487,2802.31,0,0,0.641236,310854,1315
9.04507,2811.04,0,0,2.08291,310781,1318
9.07556,2819.82,0,0,7.40166,310705,1323
9.10456,2833.59,0,0,8.67802,311228,1324
9.13467,2835.57,0,0,4.59679,310418,1325
9.16093,2836.99,0,0,0.00942437,309683,1327
9.18718,2844.36,0,0,2.83227,309601,1330
9.21879,2857.25,0,0,4.74831,309937,1336
9.24909,2863.54,0,0,0.0809854,309602,1339
9.27831,2871.46,0,0,12.3777,309481,1343
9.30795,2876.06,0,0,8.94358,308989,1346
9.33667,2884.9,0,0,5.91477,308986,1347
9.36393,2901.41,0,0,1.93051,309850,1357
9.39221,2905.51,0,0,0.163578,309353,1358
9.42328,2912.32,0,0,0.183247,309056,1363
9.45401,2923.06,0,0,18.0301,309187,1370
9.4836,2935.79,0,0,1.13139,309565,1375
9.51315,2944.89,0,0,0.00449297,309560,1377
9.54205,2949.35,0,0,0.11197,309090,1380
9.57015,2958.93,0,0,1.96706,309183,1384
9.60044,2967.63,0,0,0.00479465,309114,1388
9.63051,2978.15,0,0,0.0589133,309241,1391
9.65833,2989.78,0,0,0.845706,309555,1394
9.68933,3000.99,0,0,8.70937,309721,1400
9.71958,3012.78,0,0,1.68773,309970,1407
9.74886,3025.7,0,0,1.60828,310364,1412
9.77935,3036.78,0,0,8.11848,310530,1418
9.80794,3044.96,0,0,7.62993,310459,1421
9.83718,3048.27,0,0,1.96015,309873,1422
9.86529,3052.66,0,0,5.09103,309435,1424
9.89606,3059.74,0,0,17.7312,309188,1427
9.92668,3072.95,0,0,0.324247,309565,1432
9.95228,3078.83,0,0,22.1745,309359,1433
9.98236,3090.15,0,0,8.93277,309561,1439
10.0006,3099.47,0,0,12.7204,309929,1442
