0.0275358,1.78499,0,0,0.105926,64824.3,0
0.0544994,10.3798,0,0,0.560867,190457,0
0.0828418,17.9619,0,0,0.96098,216822,0
0.114334,23.1278,0,0,1.23464,202282,0
0.142442,21.9586,0,0,1.1691,154158,0
0.172102,30.6585,0,0,1.62617,178141,0
0.203045,22.434,0,0,1.19869,110488,0
0.230249,33.7501,0,0,1.79909,146581,0
0.257703,34.9573,0,0,1.85847,135650,0
0.287034,40.2119,0,0,2.13328,140095,0
0.316328,42.9564,0,0,2.28118,135797,0
0.343635,38.4211,0,0,2.04176,111808,0
0.372226,30.1398,0,0,1.60229,80971.8,0
0.401489,35.0444,0,0,1.86292,87286.1,0
0.430998,36.191,0,0,1.92161,83970.3,0
0.460527,22.4884,0,0,1.19939,48831.8,0
0.489148,24.0443,0,0,1.28047,49155.5,0
0.51775,23.8945,0,0,1.27047,46150.7,0
0.544975,29.6632,0,0,1.58043,54430.5,0
0.572816,20.7474,0,0,1.10951,36220.1,0
0.605807,27.0096,0,0,1.44027,44584.5,0
0.635763,28.3816,0,0,1.51127,44641.7,0
0.665548,41.1035,0,0,2.17896,61758.8,0
0.696132,37.1043,0,0,1.9662,53300.6,0
0.725489,39.5179,0,0,2.09624,54470.7,0
0.753871,27.8046,0,0,1.47719,36882.5,0
0.785039,29.5781,0,0,1.57827,37677.2,0
0.815243,24.5918,0,0,1.3147,30165,0
0.845623,25.3708,0,0,1.35982,30002.5,0
0.876819,28.0315,0,0,1.49882,31969.5,0
0.904052,19.7355,0,0,1.05889,21830.1,0
0.932103,19.4125,0,0,1.03948,20826.6,0
0.960511,5.98651,0,0,0.328811,6232.63,0
0.991061,-0.0597377,0,0,0.00876983,-60.2765,0
1.02027,4.16862,0,0,0.23264,4085.8,0
1.05045,5.75538,0,0,0.317172,5478.95,0
1.07947,-0.0184686,0,0,0.0115497,-17.1089,0
1.10924,1.06361,0,0,0.0687329,958.861,0
1.13863,9.65959,0,0,0.523737,8483.51,0
1.16648,22.182,0,0,1.18694,19016.2,0
1.19563,7.6659,0,0,0.417203,6411.59,0
1.22544,5.1926,0,0,0.287133,4237.33,0
1.25753,-0.212714,0,0,0.00101782,-169.152,0
1.28849,3.42737,0,0,0.193796,2659.99,0
1.31682,11.8654,0,0,0.641478,9010.63,0
1.34625,1.91462,0,0,0.114763,1422.19,0
1.37443,2.45158,0,0,0.143111,1783.71,0
1.40252,8.3649,0,0,0.456704,5964.21,0
1.43381,0.37927,0,0,0.0340069,264.519,0
1.46189,0.980816,0,0,0.065848,670.923,0
1.49267,8.6485,0,0,0.47053,5793.98,0
1.5209,9.7679,0,0,0.532057,6422.44,0
1.55014,6.14996,0,0,0.339039,3967.36,0
1.58154,-0.104838,0,0,0.00795916,-66.2884,0
1.60866,1.88802,0,0,0.113445,1173.66,0
1.63798,0.396015,0,0,0.0348151,241.771,0
1.66582,0.575494,0,0,0.0447162,345.471,0
1.69531,-0.0122161,0,0,0.0135627,-7.20581,0
1.72248,-0.246021,0,0,0.00141166,-142.829,0
1.75198,4.46428,0,0,0.250738,2548.14,0
1.78055,0.626543,0,0,0.0472874,351.883,0
1.80862,0.0970471,0,0,0.0192761,53.658,0
1.83693,1.66018,0,0,0.101912,903.78,0
1.86621,-0.264246,0,0,7.68358e-05,-141.595,0
1.89445,1.79993,0,0,0.109282,950.11,0
1.92175,10.6293,0,0,0.576641,5531.06,0
1.95119,16.8593,0,0,0.909768,8640.51,0
1.97992,31.5703,0,0,1.68281,15945.2,0
2.00936,31.2796,0,0,1.66669,15566.9,0
2.03749,33.2385,0,0,1.76591,16313.5,0
2.06579,37.694,0,0,2.0021,18246.8,0
2.09473,41.4988,0,0,2.19442,19811.1,0
2.12616,39.3106,0,0,2.08062,18489,0
2.15603,34.9639,0,0,1.84464,16216.8,0
2.18442,37.5681,0,0,1.98026,17198.2,0
2.21778,28.8731,0,0,1.52726,13018.9,0
2.24522,27.3776,0,0,1.44108,12193.7,0
2.2761,15.7622,0,0,0.828877,6925.09,0
2.3045,15.6274,0,0,0.821583,6781.28,0
2.33098,6.45524,0,0,0.338396,2769.33,0
2.36116,13.0811,0,0,0.691138,5540.12,0
2.39188,26.5457,0,0,1.40261,11098.3,0
2.42156,16.3981,0,0,0.857976,6771.7,0
2.45324,19.3356,0,0,1.01571,7881.68,0
2.48062,14.8534,0,0,0.78085,5987.81,0
2.51005,3.45556,0,0,0.177535,1376.69,0
2.5379,0.106383,0,0,0.000255825,41.9177,0
2.5667,4.24252,0,0,0.21919,1652.91,0
2.59534,4.76768,0,0,0.246049,1837.02,0
2.62464,0.1435,0,0,0.00128159,54.674,0
2.65442,0.609897,0,0,0.0261589,229.766,0
2.68395,7.50352,0,0,0.391053,2795.7,0
2.71331,22.4142,0,0,1.18031,8260.86,0
2.74175,19.0856,0,0,1.00408,6961.1,0
2.77146,8.037,0,0,0.418902,2899.92,0
2.79876,1.0248,0,0,0.0477312,366.162,0
2.82863,0.181707,0,0,0.00334607,64.2385,0
2.85687,0.334429,0,0,0.0116133,117.061,0
2.88713,1.50691,0,0,0.0737913,521.94,0
2.91697,10.4678,0,0,0.548111,3588.59,0
2.94436,3.14806,0,0,0.160874,1069.18,0
2.97303,0.15459,0,0,0.00242355,51.9975,0
3.00082,2.89834,0,0,0.147689,965.85,0
3.03117,8.19255,0,0,0.428678,2702.77,0
3.06169,15.1221,0,0,0.793379,4939.13,0
3.09345,12.1286,0,0,0.63432,3920.72,0
3.12216,3.52617,0,0,0.179545,1129.4,0
3.14894,3.61581,0,0,0.184048,1148.26,0
3.17777,14.8278,0,0,0.777521,4666.09,0
3.20492,5.76063,0,0,0.298471,1797.43,0
3.23292,2.48559,0,0,0.125723,768.838,0
3.26253,0.340452,0,0,0.0121763,104.352,0
3.28857,5.20539,0,0,0.269688,1582.87,0
3.31833,18.5044,0,0,0.973636,5576.43,0
3.34578,16.4115,0,0,0.866603,4905.13,0
3.37691,3.73015,0,0,0.195353,1104.6,0
3.40731,0.0632907,0,0,0.00125813,18.575,0
3.43628,0.117631,0,0,0.00400599,34.2321,0
3.46618,3.16119,0,0,0.165108,912.008,0
3.49549,3.90636,0,0,0.205008,1117.54,0
3.52471,0.0382947,0,0,3.11877e-05,10.8646,0
3.55461,0.361993,0,0,0.0166907,101.838,0
3.58397,0.381732,0,0,0.0178742,106.511,0
3.61268,1.94389,0,0,0.100562,538.074,0
3.64278,5.06004,0,0,0.266477,1389.06,0
3.67209,13.4084,0,0,0.706171,3651.44,0
3.70104,10.4488,0,0,0.549208,2823.2,0
3.73117,1.42886,0,0,0.071764,382.953,0
3.75981,1.31522,0,0,0.065776,349.811,0
3.78883,9.65666,0,0,0.507306,2548.72,0
3.81755,2.55381,0,0,0.130518,668.966,0
3.84321,7.8524,0,0,0.410595,2043.18,0
3.87356,22.6035,0,0,1.19126,5835.33,0
3.90378,27.7669,0,0,1.46328,7112.82,0
3.93358,16.3392,0,0,0.858361,4153.79,0
3.96352,24.7154,0,0,1.30327,6235.71,0
3.99144,12.5334,0,0,0.658489,3140.08,0
4.01917,23.9971,0,0,1.26094,5970.65,0
4.04937,9.87097,0,0,0.510729,2437.65,0
4.07875,2.23604,0,0,0.106197,548.216,0
4.10686,11.3525,0,0,0.588751,2764.28,0
4.13492,11.365,0,0,0.589449,2748.54,0
4.16454,9.74404,0,0,0.50416,2339.76,0
4.19184,10.567,0,0,0.549591,2520.86,0
4.22427,1.20206,0,0,0.0538823,284.561,0
4.25448,0.185255,0,0,1.85326e-05,43.5435,0
4.28421,4.22811,0,0,0.214015,986.903,0
4.31159,13.8876,0,0,0.723255,3220.98,0
4.34033,13.1269,0,0,0.681871,3024.41,0
4.36939,29.8835,0,0,1.56296,6839.28,0
4.3983,36.6587,0,0,1.92029,8334.74,0
4.42862,33.3014,0,0,1.73882,7519.58,0
4.45871,35.3164,0,0,1.84747,7920.76,0
4.48936,43.5762,0,0,2.27132,9706.55,0
4.51725,44.1469,0,0,2.29193,9772.94,0
4.54586,42.9081,0,0,2.23437,9438.94,0
4.57477,32.5605,0,0,1.68657,7117.41,0
4.60373,51.8293,0,0,2.70713,11258.1,0
4.63406,41.1604,0,0,2.12702,8882.14,0
4.66531,38.5356,0,0,1.98746,8260.03,0
4.69397,33.0296,0,0,1.69623,7036.6,0
4.72337,27.6194,0,0,1.40618,5847.39,0
4.75502,21.227,0,0,1.06851,4464.13,0
4.78402,7.36007,0,0,0.334504,1538.47,0
4.8171,2.3069,0,0,0.0668416,478.898,0
4.84745,11.2525,0,0,0.540354,2321.33,0
4.8764,21.0067,0,0,1.06001,4307.84,0
4.90442,21.357,0,0,1.07691,4354.64,0
4.93221,12.8431,0,0,0.627729,2603.92,0
4.96009,8.07031,0,0,0.37316,1627.05,0
4.98739,1.64689,0,0,0.0331545,330.211,0
5.01328,1.10734,0,0,0.00439981,220.881,0
5.03847,4.22595,0,0,0.169384,838.736,0
5.07052,9.69868,0,0,0.459609,1912.76,0
5.10082,2.44464,0,0,0.0743425,479.264,0
5.13003,7.6936,0,0,0.352453,1499.72,0
5.15889,15.0487,0,0,0.743902,2917.04,0
5.18952,3.74512,0,0,0.14558,721.669,0
5.21738,1.18261,0,0,0.00991798,226.667,0
5.24479,6.30305,0,0,0.280954,1201.77,0
5.27134,12.8042,0,0,0.623949,2429.01,0
5.2981,21.4505,0,0,1.08201,4048.71,0
5.32498,32.2253,0,0,1.65217,6051.72,0
5.3543,37.2042,0,0,1.92274,6948.47,0
5.38312,44.9457,0,0,2.33914,8349.38,0
5.41424,34.2741,0,0,1.78057,6330.37,0
5.44307,29.3933,0,0,1.52063,5400.13,0
5.47257,19.5264,0,0,0.998775,3568.06,0
5.50248,20.6784,0,0,1.06331,3758.02,0
5.53144,9.2252,0,0,0.456781,1667.78,0
5.55973,1.60882,0,0,0.0536302,289.371,0
5.58769,0.622439,0,0,0.00150135,111.395,0
5.61877,5.83622,0,0,0.277478,1038.7,0
5.64745,18.6339,0,0,0.954885,3299.52,0
5.67394,31.5192,0,0,1.63957,5555.08,0
5.70073,23.8875,0,0,1.23568,4190.25,0
5.7303,9.82006,0,0,0.488973,1713.71,0
5.76217,4.40028,0,0,0.201476,763.649,0
5.79001,2.64204,0,0,0.107947,456.31,0
5.8198,11.2235,0,0,0.562558,1928.5,0
5.85156,1.78869,0,0,0.0631538,305.678,0
5.87773,1.07754,0,0,0.0255109,183.326,0
5.90507,7.14964,0,0,0.34692,1210.76,0
5.9351,10.2178,0,0,0.51159,1721.58,0
5.96401,1.84243,0,0,0.0682652,308.925,0
5.99221,0.622073,0,0,0.00375215,103.814,0
6.0196,0.908423,0,0,0.0191829,150.911,0
6.0499,0.746555,0,0,0.0108921,123.4,0
6.07683,3.35851,0,0,0.14917,552.675,0
6.10695,14.4899,0,0,0.738377,2372.69,0
6.13589,22.7724,0,0,1.17642,3711.34,0
6.16645,35.053,0,0,1.82788,5684.47,0
6.19342,40.2541,0,0,2.10616,6499.49,0
6.22127,49.8642,0,0,2.61048,8015.12,0
6.24969,53.471,0,0,2.79242,8555.79,0
6.27972,55.0803,0,0,2.87999,8771.13,0
6.30639,56.4495,0,0,2.94264,8951.16,0
6.33489,60.6416,0,0,3.15814,9572.64,0
6.36312,58.735,0,0,3.0699,9230.54,0
6.39113,60.1689,0,0,3.14178,9414.43,0
6.41931,53.4785,0,0,2.76617,8330.87,0
6.44888,49.1167,0,0,2.54117,7616.31,0
6.47894,54.0683,0,0,2.80764,8345.24,0
6.50829,50.9489,0,0,2.63014,7828.31,0
6.53669,61.245,0,0,3.174,9369.43,0
6.5661,69.9848,0,0,3.62868,10658.5,0
6.59629,73.3947,0,0,3.80958,11126.7,0
6.62694,63.3528,0,0,3.27255,9559.89,0
6.65734,64.0861,0,0,3.3097,9626.39,0
6.68707,64.9494,0,0,3.36184,9712.68,0
6.71691,66.6504,0,0,3.43828,9922.77,0
6.74603,69.5761,0,0,3.59921,10313.6,0
6.77493,71.3394,0,0,3.70197,10529.9,0
6.80451,62.701,0,0,3.23958,9214.62,0
6.83307,77.2264,0,0,4.00953,11301.9,0
6.86051,86.004,0,0,4.44308,12536.1,0
6.89048,93.4435,0,0,4.79302,13561.3,0
6.91786,84.098,0,0,4.28242,12156.6,0
6.94888,80.2974,0,0,4.02873,11555.4,0
6.97698,74.8477,0,0,3.74191,10727.8,0
7.0045,90.0839,0,0,4.54918,12860.9,0
7.03607,92.0125,0,0,4.62116,13077.3,0
7.06379,99.5803,0,0,5.04751,14097.3,0
7.09336,101.842,0,0,5.13844,14357.3,0
7.12285,96.5383,0,0,4.83137,13553.3,0
7.15307,97.718,0,0,4.86542,13661,0
7.18396,91.583,0,0,4.49106,12748.3,0
7.21631,91.9588,0,0,4.51011,12743.2,0
7.24535,96.0459,0,0,4.72891,13256.2,0
7.27472,99.6912,0,0,4.86849,13703.8,0
7.30391,95.7427,0,0,4.64506,13108.4,0
7.33242,97.5799,0,0,4.70106,13308,0
7.36309,104.583,0,0,5.06601,14203.7,0
7.39198,118.472,0,0,5.77147,16027.2,0
7.41849,121.678,0,0,5.91587,16402,0
7.44657,125.426,0,0,6.06726,16843.4,0
7.47434,125.265,0,0,6.03412,16759.3,0
7.5043,130.616,0,0,6.29562,17405.6,0
7.53218,128.551,0,0,6.16908,17066.9,0
7.56128,131.294,0,0,6.34442,17364,0
7.5902,125.502,0,0,5.99201,16534.7,0
7.61793,120.945,0,0,5.71548,15876.4,0
7.6471,117.667,0,0,5.50577,15387.2,0
7.67428,123.687,0,0,5.76298,16117.1,0
7.70272,130.578,0,0,6.07453,16952.2,0
7.73226,126.568,0,0,5.88808,16368.8,0
7.76182,133.256,0,0,6.21752,17168.1,0
7.79074,134.904,0,0,6.23183,17316,0
7.81774,138.662,0,0,6.37406,17736.9,0
7.84939,130.101,0,0,5.85466,16574.7,0
7.87898,131.945,0,0,5.89882,16746.5,0
7.90735,132.057,0,0,5.85287,16700.5,0
7.93668,137.559,0,0,6.09266,17332,0
7.96537,134.668,0,0,5.92753,16906.7,0
7.99543,136.972,0,0,6.04301,17131.3,0
8.02643,139.032,0,0,6.13784,17321.7,0
8.05425,135.726,0,0,5.93573,16851.5,0
8.0844,145.59,0,0,6.46137,18008.7,0
8.11243,134.602,0,0,5.86558,16592.1,0
8.14185,132.676,0,0,5.70194,16295.6,0
8.16851,137.771,0,0,5.9391,16866.1,0
8.19622,140.503,0,0,6.06869,17142.5,0
8.22304,143.229,0,0,6.19401,17418,0
8.25146,145.581,0,0,6.29052,17643,0
8.28058,148.152,0,0,6.47601,17891.5,0
8.30856,151.265,0,0,6.63016,18205.9,0
8.33671,151.685,0,0,6.63867,18194.9,0
8.36652,144.602,0,0,6.2155,17283.4,0
8.39519,133.642,0,0,5.65578,15918.9,0
8.42434,138.036,0,0,5.87444,16385.4,0
8.45148,137.934,0,0,5.89058,16320.7,0
8.48052,133.203,0,0,5.65332,15706.9,0
8.50944,135.785,0,0,5.74703,15956.9,0
8.53739,131.997,0,0,5.50354,15461.1,0
8.56869,136.207,0,0,5.69292,15895.9,0
8.59793,138.127,0,0,5.79928,16065.2,0
8.62524,146.222,0,0,6.19651,16952.8,0
8.65336,146.182,0,0,6.12934,16893.1,0
8.68347,141.826,0,0,5.85167,16332.8,0
8.71222,141.588,0,0,5.80953,16251.7,0
8.73849,135.844,0,0,5.46251,15545.4,0
8.76703,141.759,0,0,5.77231,16169.5,0
8.79697,144.579,0,0,5.8808,16435.1,0
8.8267,146.814,0,0,5.98335,16633,0
8.85531,147.568,0,0,5.9748,16664.4,0
8.88417,148.696,0,0,6.03168,16737.1,0
8.9115,142.989,0,0,5.71914,16045.4,0
8.94211,148.819,0,0,5.96827,16642.5,0
8.97281,148.638,0,0,5.91325,16565.4,0
9.00175,138.344,0,0,5.36028,15368.6,0
9.03111,140.541,0,0,5.44126,15561.9,0
9.0606,135.297,0,0,5.17259,14932.5,0
9.09064,133.028,0,0,5.04144,14633.5,0
9.11996,135.685,0,0,5.19567,14877.8,0
9.14742,133.632,0,0,5.05656,14608.7,0
9.17577,138.542,0,0,5.30661,15098.7,0
9.20331,144.24,0,0,5.59532,15672.6,0
9.23262,148.225,0,0,5.77166,16054.5,0
9.26386,142.4,0,0,5.45213,15371.5,0
9.29117,137.463,0,0,5.12951,14795.1,0
9.31998,134.806,0,0,4.9589,14464.2,0
9.3489,139.966,0,0,5.23256,14971.4,0
9.37819,133.673,0,0,4.86492,14253.6,0
9.40686,126.758,0,0,4.48275,13475.1,0
9.43562,132.762,0,0,4.79655,14070.3,0
9.46401,127.373,0,0,4.53534,13458.7,0
9.49262,120.568,0,0,4.15247,12701.3,0
9.52034,119.308,0,0,4.07009,12531.9,0
9.54602,115.036,0,0,3.83641,12050.7,0
9.57795,113.127,0,0,3.74674,11811.2,0
9.6077,113.145,0,0,3.74793,11776.5,0
9.63771,107.528,0,0,3.43806,11157,0
9.66567,113.698,0,0,3.73742,11763.1,0
9.69309,117.642,0,0,3.93671,12136.7,0
9.72264,117.759,0,0,3.91055,12111.9,0
9.74875,118.915,0,0,3.97546,12198,0
9.77909,117.021,0,0,3.85105,11966.4,0
9.80898,113.976,0,0,3.69498,11619.5,0
9.83672,118.975,0,0,3.95908,12095,0
9.86527,124.08,0,0,4.2068,12577.5,0
9.8926,128.302,0,0,4.42844,12969.5,0
9.92104,133.881,0,0,4.70146,13494.6,0
9.94811,129.707,0,0,4.47881,13038.3,0
9.97748,128.13,0,0,4.38467,12841.9,0
10.0001,124.691,0,0,4.19614,12469,0
