0.149946,3646.19,12.9791,13.69,0.715722,25404,0
0.297685,3627.03,25.7025,5.26958,3.58593,77176.6,0
0.439947,3627.45,8.10709,-3.73307,3.65491,51255.9,0
0.581187,3623.85,-5.2533,-17.0893,4.18741,44995.7,0
0.723653,3644.53,8.0901,-4.05637,0.994004,7563.24,0
0.870704,3624.16,14.8704,-28.1725,3.96859,29674,0
1.01311,3608.56,20.1318,-30.1517,6.52256,40899.1,0
1.14621,3596.06,16.9434,-33.3999,8.693,47055.9,0
1.29014,3586.21,24.8089,-28.1156,10.5396,49444.2,0
1.43789,3582.35,44.4457,-25.0617,10.5655,47049.6,0
1.57761,3594.73,50.9587,-31.6022,7.69972,35036.3,0
1.71926,3596.37,52.8876,-17.6853,7.47647,31195.8,0
1.85009,3605.81,45.1885,-21.1541,5.91299,23887.6,0
1.98879,3600.06,48.1868,-17.3217,6.85904,25109.1,0
2.13422,3602.27,25.9032,-13.9284,6.97973,22362.8,0
2.28326,3606.26,18.2697,-17.9669,6.22407,19157,0
2.42842,3619.57,27.7868,-19.397,3.74278,12528.8,0
2.57133,3639.53,22.7381,-15.6381,0.67046,4071.68,0
2.71744,3624.39,10.1221,-29.4701,3.00053,9424.1,0
2.85094,3632.98,-5.11372,-37.4603,1.53668,5969.12,0
2.98635,3615.67,10.9756,-28.0757,4.46986,11496.3,0
3.13805,3611.52,-7.10817,-47.2991,4.7889,12260.9,0
3.27454,3606.52,-10.2035,-44.3032,5.71665,13277.4,0
3.4244,3625.89,-7.19024,-58.821,2.13583,7041.82,0
3.56641,3623.13,-31.9498,-54.8424,2.45245,7534.93,0
3.71371,3628.78,-17.8884,-80.4848,1.04406,5713.7,0
3.86623,3606.03,-13.8173,-84.8598,4.32824,11371.7,0
3.992,3619.78,-4.83793,-100.061,1.71392,7570.8,0
