0.1461,3639.01,23.3581,2.83908,1.62683,75245,0
0.288561,3623.88,18.583,3.0113,4.07379,90504.5,0
0.42776,3602.85,12.9494,-2.96132,7.82911,110219,0
0.57036,3630.65,16.2711,0.36365,2.91438,33922.6,0
0.727659,3635.76,-8.32724,-8.04395,2.11471,19568.8,0
0.870337,3614.46,-6.33187,-8.7886,5.61734,40838.9,0
1.01115,3615.18,-3.55328,-34.3379,5.13811,34440.8,0
1.15329,3633.57,-5.25635,-31.4646,2.16062,14248.7,0
1.29586,3639.14,5.56624,-45.3245,1.09954,8377.61,0
1.42935,3626.97,15.8208,-43.5751,2.93574,16113,0
1.57893,3624.54,27.9681,-47.0182,3.13255,16126.1,0
1.7305,3632.42,22.4708,-36.0734,2.16701,10160.4,0
1.87622,3631.67,12.3529,-25.2453,2.47926,9769.85,0
2.01467,3642.08,38.9897,-44.8101,0.382063,3931.87,0
2.15925,3633.82,38.8539,-53.8717,1.40216,7492.32,0
2.29968,3615.49,65.1041,-46.5521,3.71723,15007.8,0
2.45428,3634.51,25.5756,-24.9459,1.89385,6310.34,0
2.59803,3624.59,30.2499,17.9643,3.47392,9780.31,0
2.74397,3616.84,35.6062,-4.66581,4.72245,12083.6,0
2.88786,3614.64,15.855,-1.71108,5.35961,12246,0
3.04389,3610,16.7526,12.2522,6.03466,13141.3,0
3.18106,3621.91,23.7535,28.1984,3.68771,8829.62,0
3.32284,3634.13,26.9208,57.635,1.20177,4777.23,0
3.46793,3634.18,63.9202,43.4746,0.834761,4561.25,0
3.61098,3619.89,52.9921,28.1324,3.45428,8338.35,0
3.75383,3624.75,58.8526,47.7959,2.2436,6725.32,0
3.89425,3608.03,83.5789,36.8246,4.22494,10776.8,0
3.97769,3603.34,87.8404,49.2591,4.51893,11730.7,0
