0.147005,3644.07,17.3406,6.97416,0.983048,40325,0
0.295777,3625.5,45.4971,16.1528,3.40686,82829.9,0
0.436708,3618.01,64.1081,-0.380589,4.14968,73253.4,0
0.579208,3622.44,71.359,1.34984,3.2453,47589.3,0
0.718357,3625.39,64.7249,5.14158,2.977,34262.4,0
0.860939,3630.01,55.6034,-16.7775,2.44434,23222.3,0
0.998102,3633.79,41.9795,-10.8521,2.18082,16242.9,0
1.14568,3640.16,51.178,23.9478,0.968756,8592.86,0
1.28208,3630.2,55.1902,59.5841,1.77486,15443.1,0
1.43044,3638.72,72.5216,46.1863,0.439937,7889.16,0
1.58479,3625.82,65.9736,46.6555,2.42249,15257,0
1.73138,3610.74,59.7609,39.4469,5.05893,22673.2,0
1.87426,3615.22,67.9603,58.9788,3.67001,18556.2,0
2.02092,3608.87,75.9055,28.3105,5.00362,20349.9,0
2.16343,3614.86,73.3263,30.9088,4.12165,16243.2,0
2.30096,3623.8,73.3202,39.3302,2.65819,11387,0
2.44595,3624.24,68.8444,42.45,2.67494,10533.7,0
2.58875,3633.8,81.0453,29.283,1.14415,6258.09,0
2.70014,3622.35,95.3797,30.579,2.27916,10240.6,0
