0.148152,3647.36,37.5075,1.93014,0.716367,17837.5,0
0.296762,3648.78,20.7631,8.25758,0.669389,4096.64,0
0.435048,3639.31,24.0173,20.4438,1.96675,24561.4,0
0.582074,3631.2,2.38796,13.4639,3.38942,32295.2,0
0.726462,3649.45,2.63601,28.8413,0.497962,751.489,0
0.87264,3651.77,9.41649,11.857,0.267485,-2025.57,0
1.01661,3648.78,-1.83225,10.4458,0.715371,1198.16,0
1.16678,3645.9,-22.7153,28.5249,0.904199,3516.58,0
1.31134,3630.88,-4.04301,22.1117,3.32917,14578.3,0
1.46073,3640.49,1.93018,28.3999,1.78477,6510.77,0
1.60116,3633.8,30.8265,53.394,2.19723,10117.2,0
1.74381,3636.65,29.6809,44.811,1.94779,7654.24,0
1.88542,3639.85,32.725,56.9853,1.22127,5383.33,0
2.00679,3626.35,23.1758,97.386,2.11319,11784.2,0
