0.00129004,3509.94,3.61209,7.42644,2.4223,43677.2,0
0.0026115,3509.94,3.76155,7.43037,1.35416,21987.5,0
0.0039035,3509.96,3.79617,7.40428,0.285366,9376.47,0
0.00519799,3509.96,3.76526,7.38272,0.84138,7608.91,0
0.00650185,3509.96,3.82519,7.3721,0.44979,6105.1,0
0.00781151,3509.9,3.82124,7.54979,1.37777,13361.6,0
0.00911864,3509.87,3.89702,7.51948,2.43157,13792.8,0
0.0103904,3509.89,3.78105,7.44381,3.08334,10208.4,0
0.0116868,3509.88,3.74051,7.45361,3.67951,9970.73,0
0.0129918,3509.91,3.7562,7.47897,1.78092,7163.69,0
0.0142787,3509.87,3.6549,7.48867,4.2373,9127.03,0
0.0155787,3509.87,3.66531,7.48595,4.06117,8537.77,0
0.0168791,3509.84,3.64413,7.4937,5.17547,9441.57,0
0.0181883,3509.82,3.64472,7.51688,5.44056,10037.6,0
0.0194905,3509.8,3.6957,7.51895,5.46418,10290.5,0
0.0207918,3509.84,3.68803,7.53459,2.76454,7557.11,0
0.0220704,3509.88,3.6733,7.56748,0.175547,5376.14,0
0.0233645,3509.84,3.73168,7.50862,2.71978,6809.98,0
0.0246663,3509.82,3.7485,7.50904,3.62373,7278.64,0
0.0259749,3509.88,3.77315,7.48421,0.466714,4576.25,0
0.0272819,3509.83,3.74129,7.55039,2.18096,6077.53,0
0.0285984,3509.86,3.7254,7.54851,0.574626,4787.53,0
0.0299002,3509.83,3.67807,7.50203,3.40223,5806.96,0
0.0312041,3509.83,3.75408,7.43834,3.32536,5374.05,0
0.0325131,3509.88,3.70294,7.49908,0.183039,3747.97,0
0.0337999,3509.87,3.83461,7.42601,0.89799,3982.84,0
0.0351054,3509.82,3.86025,7.39504,3.44761,5128.6,0
0.0364144,3509.81,3.87823,7.37435,3.96926,5264.21,0
0.0377164,3509.81,3.85178,7.4173,3.08552,5000.2,0
0.0390395,3509.8,3.83094,7.48573,2.72756,5115.55,0
0.0403437,3509.79,3.8563,7.55227,1.82698,5085.14,0
0.0416412,3509.71,3.85833,7.59909,5.51417,7018.3,0
0.0429396,3509.74,3.90461,7.57578,3.68865,6097.99,0
0.0442239,3509.71,3.8969,7.57957,4.67045,6469.9,0
0.0455145,3509.74,3.8831,7.5357,3.84873,5728.22,0
0.0467904,3509.72,3.87718,7.51844,5.0474,6051.22,0
0.0480984,3509.69,3.87601,7.52363,5.81949,6501.06,0
0.0494205,3509.67,3.87969,7.49909,6.40023,6665.69,0
0.0507129,3509.67,3.87959,7.52797,5.27099,6425.11,0
0.0519896,3509.66,3.89507,7.5542,5.3288,6618.16,0
0.0532746,3509.7,3.91072,7.54725,2.78092,5712.37,0
0.0545705,3509.68,3.90602,7.59599,3.09935,5952.84,0
0.0558516,3509.65,3.95337,7.58634,4.25532,6319.68,0
0.0571568,3509.62,3.91445,7.60356,5.55969,6677.86,0
0.058449,3509.62,3.9011,7.60809,4.99549,6527.04,0
0.0597728,3509.62,3.92831,7.60856,4.57505,6418.81,0
0.0610699,3509.63,3.94048,7.58451,3.8666,6085.16,0
0.0623876,3509.67,3.88802,7.64756,0.871318,5277.55,0
0.0636985,3509.65,3.84627,7.67072,1.69349,5467.04,0
0.0650021,3509.64,3.8622,7.72179,1.13659,5503.62,0
0.0663225,3509.6,3.91735,7.71497,2.8905,5997.68,0
0.0676167,3509.57,4.00452,7.67358,4.30575,6286.61,0
0.0689369,3509.57,4.005,7.66957,4.08972,6179.98,0
0.0702577,3509.58,3.98716,7.65498,4.02993,6002.64,0
0.0715704,3509.57,4.02376,7.65169,3.87307,5947.87,0
0.0728776,3509.59,3.97348,7.66028,3.36082,5687.86,0
0.0741766,3509.58,3.88105,7.62534,4.62077,5662.37,0
0.0754753,3509.56,3.89179,7.65113,4.86132,5819.96,0
0.0767795,3509.59,3.83265,7.69002,2.66934,5291.56,0
0.0780896,3509.6,3.8099,7.7029,2.40073,5163.91,0
0.0793629,3509.62,3.75927,7.58749,3.1628,4795.75,0
0.0806562,3509.61,3.72855,7.60614,3.61792,4868.55,0
0.0819566,3509.68,3.76769,7.54241,0.494529,3960.54,0
0.0832567,3509.58,3.8539,7.64008,3.25562,4999.43,0
0.0845415,3509.6,3.82084,7.6152,2.78172,4704.19,0
0.0858265,3509.61,3.84008,7.56583,2.81093,4552.24,0
0.0871017,3509.62,3.82039,7.49405,3.30107,4353.15,0
0.0884148,3509.63,3.89828,7.48252,2.51279,4221.56,0
0.0897223,3509.64,3.87207,7.3711,3.50201,4007.24,0
0.0910212,3509.65,3.80901,7.45704,2.33947,3898.43,0
0.0922924,3509.59,3.85915,7.43905,4.8473,4399.21,0
0.0935897,3509.55,3.87825,7.44895,6.28165,4795.49,0
0.0949204,3509.53,3.89547,7.50109,5.56833,4947.18,0
0.096229,3509.52,3.92331,7.47974,5.55936,4974.31,0
0.097545,3509.54,3.88652,7.48465,4.70222,4765.82,0
0.0988636,3509.54,3.85745,7.48875,4.42211,4680.04,0
0.10015,3509.57,3.87708,7.56348,1.39868,4340.93,0
0.101446,3509.55,3.89281,7.62357,1.19466,4450.16,0
0.102748,3509.51,3.82248,7.57324,4.27613,4751.92,0
0.10404,3509.52,3.80176,7.57469,3.42433,4575.32,0
0.105347,3509.54,3.92606,7.56321,1.78028,4376.19,0
0.106665,3509.51,3.87803,7.55512,3.61255,4582.71,0
0.107967,3509.57,3.78668,7.62043,0.0901702,3991.97,0
0.109276,3509.52,3.75966,7.64246,2.60071,4405.02,0
0.110593,3509.49,3.68792,7.61979,4.66185,4608.2,0
0.111895,3509.48,3.6841,7.59283,5.29319,4674.97,0
0.113201,3509.48,3.70486,7.59213,4.57564,4581.8,0
0.114509,3509.54,3.78393,7.59126,0.642468,4022.78,0
0.115832,3509.51,3.75276,7.62022,2.0126,4242.48,0
0.117135,3509.49,3.73334,7.59844,3.2168,4318.44,0
0.118439,3509.54,3.72319,7.59486,0.619437,3861.23,0
0.119753,3509.51,3.80241,7.55875,2.38762,4110.25,0
0.121053,3509.51,3.75049,7.51954,3.1605,4049.86,0
0.122362,3509.5,3.86321,7.53956,2.53115,4094.3,0
0.123645,3509.51,3.83454,7.57628,1.10842,3924.15,0
0.124941,3509.51,3.81343,7.55488,1.71277,3905.11,0
0.126249,3509.49,3.91293,7.49836,3.26127,4075.37,0
0.127564,3509.52,3.86263,7.43581,2.64122,3757.82,0
0.128864,3509.5,3.77767,7.45793,3.9332,3881.59,0
0.130181,3509.51,3.69583,7.46477,3.61389,3747.67,0
0.131475,3509.49,3.73483,7.42317,4.93739,3880.58,0
0.132778,3509.52,3.73415,7.3937,3.44509,3625.32,0
0.134056,3509.58,3.74895,7.37206,0.260617,3140.4,0
0.135338,3509.51,3.72741,7.34454,4.33411,3590.16,0
0.136626,3509.51,3.72394,7.32601,4.5669,3574.05,0
0.137932,3509.54,3.67468,7.32562,3.12691,3333.55,0
0.139248,3509.54,3.77325,7.29447,2.77402,3295.39,0
0.14056,3509.53,3.80684,7.21497,4.04679,3332.41,0
0.141857,3509.5,3.79768,7.24587,5.04134,3526.34,0
0.143153,3509.48,3.81861,7.24587,5.61651,3658.01,0
0.144474,3509.47,3.87056,7.29818,4.352,3656.88,0
0.145779,3509.43,3.93675,7.28029,6.19487,3909.19,0
0.147092,3509.43,3.925,7.24868,5.72465,3888.72,0
0.148395,3509.43,3.8823,7.23478,5.80569,3852.4,0
0.149709,3509.47,3.84521,7.25222,3.44341,3570.84,0
0.151016,3509.42,3.85892,7.25258,5.75458,3863.26,0
0.152344,3509.4,3.82585,7.25147,6.10698,3923.26,0
0.153626,3509.41,3.832,7.22613,5.05224,3831.38,0
0.154923,3509.4,3.79633,7.2143,5.51403,3861.05,0
0.156222,3509.42,3.76769,7.21164,4.65179,3743.6,0
0.157526,3509.43,3.71135,7.22329,3.99876,3640.96,0
0.158844,3509.43,3.67557,7.14823,5.01392,3585.17,0
0.160142,3509.44,3.69456,7.16341,3.64862,3470.85,0
0.161446,3509.43,3.68587,7.1531,4.2933,3515.38,0
0.162752,3509.41,3.7168,7.1353,5.35467,3645.32,0
0.16405,3509.45,3.74694,7.10648,2.94281,3350.52,0
0.165359,3509.43,3.67868,7.18478,3.11942,3419.13,0
0.166645,3509.42,3.70536,7.24311,2.94865,3507.01,0
0.167941,3509.46,3.80634,7.05136,2.54394,3229.44,0
0.169207,3509.42,3.82735,7.14064,3.10179,3427.88,0
0.170499,3509.43,3.86677,7.23706,0.678428,3344.38,0
0.171814,3509.41,3.65704,7.245,3.48937,3461.03,0
0.173116,3509.39,3.66645,7.23581,4.23728,3522.18,0
0.174411,3509.41,3.67989,7.24426,2.81506,3404.07,0
0.175697,3509.45,3.70249,7.22092,0.574452,3137.25,0
0.176989,3509.43,3.76114,7.19593,1.65702,3245.03,0
0.178284,3509.43,3.80137,7.11328,2.00472,3172.56,0
0.179581,3509.42,3.78846,7.15622,2.07689,3217.76,0
0.180893,3509.43,3.76941,7.12231,2.3081,3162.75,0
0.182199,3509.46,3.76865,7.05075,1.70666,2983.26,0
0.183484,3509.38,3.81572,7.0555,5.10455,3354.67,0
0.184802,3509.4,3.79644,7.05646,4.20591,3260.87,0
0.186108,3509.4,3.84856,7.06284,3.67591,3242.2,0
0.187403,3509.39,3.81399,7.07428,3.69656,3228.35,0
0.188715,3509.41,3.75894,7.09607,2.77645,3130.71,0
0.190026,3509.42,3.72533,7.03903,3.04766,3052.54,0
0.19132,3509.37,3.73218,7.02512,5.72449,3290.46,0
0.192626,3509.33,3.71304,7.0404,6.92559,3474.6,0
0.19394,3509.31,3.75063,7.05139,6.52046,3554.8,0
0.195252,3509.3,3.79571,7.07197,5.69217,3581.75,0
0.196546,3509.3,3.76743,7.07993,5.07349,3549.83,0
0.197841,3509.32,3.73818,7.05232,4.0735,3424.94,0
0.199156,3509.37,3.68659,7.09224,0.707294,3140.94,0
0.200462,3509.29,3.64672,7.19287,4.01358,3525.55,0
0.201774,3509.29,3.69366,7.21229,2.82934,3495.05,0
0.203063,3509.3,3.66844,7.21923,2.49015,3434.6,0
0.204359,3509.3,3.69111,7.21139,2.44066,3419.9,0
0.20567,3509.33,3.66133,7.19426,1.21382,3255.53,0
0.206954,3509.38,3.49143,7.10675,1.05168,3004.91,0
0.208236,3509.36,3.50854,7.14058,1.23732,3062.37,0
0.209528,3509.33,3.47557,7.14957,3.1138,3206.95,0
0.210838,3509.34,3.35265,7.22247,2.10189,3126.73,0
0.212139,3509.33,3.46044,7.16164,2.69768,3147.07,0
0.213439,3509.31,3.47212,7.1144,4.17006,3210.37,0
0.214767,3509.27,3.45361,7.12138,6.30951,3387.92,0
0.216089,3509.29,3.42053,7.09852,5.28192,3283.34,0
0.217395,3509.28,3.414,7.07841,5.50855,3301.73,0
0.218694,3509.31,3.3873,7.08578,3.71051,3153.63,0
0.219997,3509.36,3.42264,7.07703,0.625963,2922.7,0
0.221314,3509.37,3.41198,6.92487,2.35037,2856.54,0
0.222618,3509.4,3.43332,6.83178,1.66301,2690.72,0
0.223915,3509.42,3.43604,6.82713,0.236853,2570.5,0
0.225212,3509.39,3.43291,6.85203,2.05851,2728.45,0
0.226519,3509.34,3.41216,6.85106,4.52764,2899.5,0
0.227816,3509.36,3.46399,6.87332,2.57212,2809.88,0
0.229124,3509.38,3.48223,6.89366,0.765918,2696.39,0
0.230417,3509.36,3.57872,6.90525,0.947088,2775.97,0
0.231716,3509.32,3.54709,6.901,3.71637,2948.86,0
0.233025,3509.32,3.43017,6.98796,2.84997,2913.17,0
0.234327,3509.29,3.4665,6.97329,4.49674,3049.84,0
0.235643,3509.27,3.48331,6.97084,4.99279,3084.1,0
0.236941,3509.28,3.50893,6.94945,4.55638,3044.04,0
0.238243,3509.28,3.48904,6.93221,4.86803,3040.52,0
0.239535,3509.22,3.45809,6.91685,7.60553,3250.24,0
0.240853,3509.23,3.43945,6.90538,6.31095,3181.2,0
0.242136,3509.24,3.4374,6.92246,5.10017,3137.13,0
0.243455,3509.26,3.42291,6.96974,3.09516,3030.78,0
0.244731,3509.21,3.43046,6.9699,5.65741,3221.99,0
0.246054,3509.2,3.41681,7.00163,5.3411,3265.47,0
0.247364,3509.21,3.43037,7.03597,3.81605,3208.1,0
0.248646,3509.16,3.49043,7.05737,5.09024,3364.24,0
0.249954,3509.14,3.51567,7.05404,5.58807,3425.81,0
0.251258,3509.14,3.47138,7.06179,5.51409,3430.02,0
0.252561,3509.14,3.50391,7.06929,4.73573,3423.54,0
0.253879,3509.12,3.53154,7.0737,4.96161,3466.42,0
0.255169,3509.14,3.49572,7.10704,3.28576,3365.62,0
0.256483,3509.16,3.43991,7.08758,2.97913,3278.4,0
0.257795,3509.13,3.42615,7.10397,4.20766,3373.3,0
0.259076,3509.11,3.44275,7.04692,5.70055,3444.21,0
0.260378,3509.06,3.46828,7.0795,6.90109,3597.23,0
0.26168,3509.07,3.48215,7.09362,5.59005,3548.55,0
0.26299,3509.05,3.48376,7.08058,6.4682,3620.79,0
0.264278,3509.09,3.51201,7.05081,3.97507,3461.91,0
0.265588,3509.12,3.5512,7.02509,1.79051,3310.54,0
0.266878,3509.13,3.48481,6.94674,2.87425,3252.53,0
0.268173,3509.1,3.51296,6.97838,3.85402,3351.71,0
0.269468,3509.08,3.52194,6.94432,5.15481,3407.71,0
0.270762,3509.09,3.50486,6.96544,4.12491,3367.5,0
0.272043,3509.1,3.4931,7.08535,1.79403,3320.47,0
0.273345,3509.06,3.46601,7.11653,3.29287,3420.61,0
0.274653,3509.1,3.36256,7.20085,0.646483,3275.42,0
0.275933,3509.03,3.43918,7.22567,3.50839,3511.38,0
0.277252,3509.03,3.45545,7.20709,3.42786,3487.93,0
0.278542,3509.06,3.47302,7.26476,1.06411,3391.08,0
0.279859,3509.01,3.46032,7.23677,3.86685,3525.86,0
0.281146,3509.03,3.42592,7.23464,2.82182,3434.35,0
0.282441,3508.97,3.41841,7.25115,6.01011,3658.09,0
0.28374,3509,3.44676,7.23875,3.6576,3528.37,0
0.285044,3508.97,3.43082,7.26859,4.50699,3601.36,0
0.28634,3508.94,3.42897,7.25331,6.21733,3705.68,0
0.28765,3508.96,3.46631,7.27509,4.26554,3625.53,0
0.288948,3508.94,3.46709,7.24641,5.24393,3662.76,0
0.290258,3508.91,3.46392,7.27691,5.99652,3748.86,0
0.291556,3508.92,3.47337,7.27635,4.84741,3710.97,0
0.292847,3508.96,3.58883,7.28387,1.10936,3538.25,0
0.294163,3508.99,3.53156,7.22384,1.19724,3446.27,0
0.29545,3508.99,3.58431,7.18963,0.993716,3416.94,0
0.296753,3508.99,3.55747,7.24616,0.171865,3400.07,0
0.29805,3508.96,3.5598,7.20161,2.68697,3497.3,0
0.299352,3508.93,3.58107,7.21257,3.63014,3560.17,0
0.300661,3508.9,3.53768,7.22338,5.26271,3668.92,0
0.301981,3508.95,3.48815,7.16894,2.94064,3461.58,0
0.303282,3508.91,3.50836,7.18509,4.46458,3577.66,0
0.304603,3508.93,3.542,7.18214,3.2154,3510.2,0
0.305902,3508.91,3.48459,7.15697,4.50102,3560.61,0
0.307205,3508.89,3.49111,7.12828,5.70938,3619.42,0
0.308508,3508.88,3.49706,7.14181,5.33291,3627.98,0
0.309814,3508.89,3.48,7.12483,5.01223,3596.01,0
0.311112,3508.94,3.48542,6.9984,3.67335,3400.62,0
0.31242,3508.91,3.48921,7.02116,5.08317,3500.24,0
0.313711,3508.87,3.51132,7.01421,6.56299,3612.75,0
0.315011,3508.9,3.52582,7.11361,2.47793,3488.27,0
0.316319,3508.89,3.45777,7.18515,2.16173,3493.44,0
0.31761,3508.84,3.409,7.16436,5.65936,3649.42,0
0.318912,3508.83,3.39765,7.17006,5.46077,3665.19,0
0.320214,3508.82,3.38828,7.17177,5.7781,3693.94,0
0.321515,3508.8,3.38544,7.14763,6.59062,3738.2,0
0.322815,3508.81,3.42782,7.08739,5.94336,3695.35,0
0.324119,3508.8,3.42437,7.09178,5.4655,3706.25,0
0.325443,3508.78,3.37324,7.08103,6.25361,3744.17,0
0.326726,3508.76,3.39274,7.09627,6.38331,3806.63,0
0.328046,3508.72,3.41053,7.11443,7.16833,3889.19,0
0.329345,3508.78,3.4267,7.19315,2.23703,3718.81,0
0.330654,3508.74,3.44997,7.15179,4.80796,3818.6,0
0.331957,3508.74,3.44307,7.18429,3.49743,3781.71,0
0.333268,3508.73,3.44866,7.17222,4.47907,3820.32,0
0.33456,3508.69,3.43272,7.12244,7.02953,3924.9,0
0.335849,3508.69,3.444,7.11579,6.30978,3910.47,0
0.337154,3508.69,3.46908,7.13244,5.18353,3878.46,0
0.338457,3508.72,3.46091,7.17538,2.71422,3789.24,0
0.339759,3508.72,3.45187,7.12123,3.55656,3775.71,0
0.34107,3508.68,3.46675,7.12871,5.19186,3863.08,0
0.342366,3508.74,3.44211,7.19795,0.682035,3682.19,0
0.343644,3508.7,3.52142,7.25905,1.05274,3771.66,0
0.344958,3508.71,3.51396,7.23444,1.03477,3735.69,0
0.346279,3508.65,3.51682,7.13709,6.15563,3901.46,0
0.34758,3508.66,3.4998,7.12589,5.04973,3842.42,0
0.348883,3508.65,3.51441,7.13376,5.29089,3865.9,0
0.350203,3508.67,3.54174,7.13338,3.53681,3796.17,0
0.351488,3508.72,3.46282,7.15504,0.838278,3640.96,0
0.352793,3508.72,3.57014,7.05583,1.64768,3637.09,0
0.354106,3508.68,3.52606,7.03153,4.52289,3730.06,0
0.355419,3508.67,3.50981,6.9998,5.43404,3751.13,0
0.356719,3508.69,3.42555,6.97871,4.46264,3672.98,0
0.358022,3508.65,3.44124,6.97062,5.82244,3762.69,0
0.359328,3508.65,3.42453,6.91797,5.96493,3750.13,0
0.360625,3508.69,3.47311,6.90985,3.50553,3642.45,0
0.361931,3508.65,3.50759,6.89795,5.3979,3742.32,0
0.363212,3508.62,3.50951,6.90071,6.11548,3795.61,0
0.364515,3508.65,3.49763,6.91204,3.76821,3696.96,0
0.365815,3508.64,3.50227,6.9465,3.60678,3709.93,0
0.367095,3508.62,3.53395,6.92155,4.62207,3746.04,0
0.368398,3508.61,3.52998,6.92338,5.19008,3773.49,0
0.369695,3508.6,3.54128,6.92887,5.24546,3788.96,0
0.371008,3508.62,3.55746,6.89892,4.20097,3729.21,0
0.372318,3508.61,3.56888,6.89425,4.69595,3744.97,0
0.373615,3508.63,3.57011,6.91098,2.98528,3675.37,0
0.374919,3508.67,3.62952,6.83265,0.824422,3537.06,0
0.376212,3508.6,3.58876,6.83262,5.49173,3728.78,0
0.377506,3508.62,3.59702,6.81035,4.06134,3657.58,0
0.378791,3508.65,3.55453,6.8129,2.6925,3573.97,0
0.380113,3508.69,3.51031,6.76567,1.17636,3449.94,0
0.381409,3508.69,3.40856,6.79567,1.36417,3433.26,0
0.382697,3508.69,3.29976,6.7239,3.41113,3423.63,0
0.383996,3508.66,3.38325,6.75075,4.18454,3501.77,0
0.385301,3508.71,3.34434,6.71165,1.80385,3354.24,0
0.386611,3508.72,3.31635,6.7293,1.06449,3320.98,0
0.387926,3508.65,3.32918,6.83985,3.30964,3491.81,0
0.389225,3508.63,3.35114,6.88145,3.53179,3529.62,0
0.390538,3508.61,3.33502,6.83675,5.06597,3559.23,0
0.391862,3508.61,3.30687,6.83353,5.04333,3554.41,0
0.393166,3508.65,3.2555,6.80121,3.31976,3438.92,0
0.394484,3508.67,3.27601,6.78853,2.0627,3377.37,0
0.395789,3508.67,3.1829,6.74923,3.02907,3354.65,0
0.397091,3508.67,3.23358,6.80233,1.88522,3352.09,0
0.398401,3508.63,3.32563,6.8872,1.84892,3430.76,0
0.399708,3508.64,3.46773,6.85945,0.704999,3403.07,0
0.40099,3508.59,3.42245,6.87942,3.52165,3515.19,0
0.402284,3508.58,3.38728,6.93829,3.59235,3541.96,0
0.403591,3508.62,3.35672,6.94399,0.753772,3409.22,0
0.4049,3508.65,3.41411,6.81839,0.899784,3342.16,0
0.406202,3508.57,3.45795,6.80044,5.15755,3522.33,0
0.407493,3508.55,3.44953,6.77893,6.04459,3555.77,0
0.408804,3508.55,3.4458,6.77318,5.80064,3556.41,0
0.410114,3508.53,3.40551,6.71686,6.94363,3575.07,0
0.411407,3508.49,3.39041,6.70092,8.44485,3670.66,0
0.412712,3508.48,3.38732,6.69981,7.22255,3671.03,0
0.414013,3508.49,3.3741,6.67573,6.33393,3643.96,0
0.415314,3508.51,3.35557,6.67706,4.86744,3591.82,0
0.416602,3508.48,3.34433,6.7237,5.40116,3642.34,0
0.417912,3508.46,3.37426,6.70809,6.30535,3693.25,0
0.419218,3508.49,3.39275,6.71184,3.54875,3597.99,0
0.420539,3508.52,3.34904,6.66326,2.88918,3521.84,0
0.421867,3508.5,3.34786,6.69919,3.09948,3548.13,0
0.423162,3508.5,3.36807,6.71491,2.93511,3554.67,0
0.424475,3508.51,3.37615,6.63263,2.92939,3500.23,0
0.425778,3508.48,3.37677,6.7935,2.54635,3578.39,0
0.427102,3508.46,3.43243,6.82134,2.43475,3599.34,0
0.428396,3508.43,3.3966,6.81966,4.83849,3675.88,0
0.42971,3508.44,3.41202,6.77151,4.13334,3627.16,0
0.431024,3508.45,3.44624,6.71271,4.26894,3605.8,0
0.43231,3508.48,3.46088,6.72971,1.60646,3516.2,0
0.433613,3508.41,3.40026,6.70256,6.7724,3677.39,0
0.43491,3508.42,3.38846,6.69211,5.35597,3626.66,0
0.436208,3508.4,3.3978,6.67704,6.73535,3673.88,0
0.437527,3508.38,3.34652,6.67636,7.14359,3695.96,0
0.438825,3508.36,3.34052,6.68388,7.73239,3743.04,0
0.440105,3508.34,3.33687,6.68141,7.55087,3773.19,0
0.441395,3508.35,3.35819,6.691,6.03042,3747.97,0
0.442686,3508.35,3.37104,6.69682,4.96812,3721.24,0
0.44399,3508.33,3.37791,6.66685,6.30706,3758.73,0
0.445292,3508.34,3.37968,6.65194,5.62334,3738.49,0
0.446594,3508.34,3.36294,6.69263,4.48833,3714.71,0
0.447878,3508.38,3.36892,6.73962,0.929129,3610.41,0
0.449186,3508.35,3.3588,6.71365,3.07784,3665.62,0
0.45048,3508.33,3.33997,6.75012,3.75561,3703.13,0
0.451777,3508.36,3.40479,6.80339,0.701416,3635.16,0
0.453079,3508.31,3.45968,6.85388,2.28315,3733.87,0
0.454384,3508.36,3.40236,6.75667,1.07268,3605.59,0
0.455705,3508.33,3.32741,6.71971,4.20647,3667.66,0
0.456999,3508.31,3.3009,6.6749,5.81765,3695.49,0
0.4583,3508.32,3.29318,6.693,4.45997,3665.75,0
0.459599,3508.33,3.31368,6.64204,4.0984,3625.12,0
0.46088,3508.34,3.32594,6.67311,3.26343,3609.12,0
0.462175,3508.33,3.37679,6.75869,1.54449,3607.87,0
0.463502,3508.31,3.3886,6.70952,3.79652,3654.62,0
0.464807,3508.35,3.43075,6.66494,1.23102,3543.22,0
0.466114,3508.3,3.47125,6.66351,3.9817,3645.1,0
0.467421,3508.3,3.52419,6.705,2.60816,3632.4,0
0.468712,3508.31,3.43153,6.6879,3.02673,3602.41,0
0.470008,3508.33,3.39011,6.72095,1.3872,3542.99,0
0.471321,3508.32,3.38489,6.65117,3.18842,3557.73,0
0.472629,3508.36,3.36724,6.57765,2.20342,3465.62,0
0.473943,3508.35,3.40992,6.58649,2.2666,3479.51,0
0.475231,3508.3,3.37645,6.55029,5.87795,3570.55,0
0.476529,3508.28,3.36626,6.57692,6.41588,3613.17,0
0.477824,3508.25,3.34809,6.54853,7.6531,3671.42,0
0.479118,3508.3,3.32172,6.55028,3.70175,3542.4,0
0.480408,3508.35,3.27409,6.47186,2.16876,3429.32,0
0.481711,3508.37,3.2925,6.40524,2.24608,3392.39,0
0.483012,3508.35,3.27104,6.42078,3.26882,3422.21,0
0.484297,3508.38,3.30695,6.4149,1.21458,3355.26,0
0.485584,3508.32,3.3248,6.4514,3.81274,3461.5,0
0.486899,3508.3,3.35567,6.44714,4.65692,3493.27,0
0.488216,3508.33,3.41633,6.45855,2.16553,3426.46,0
0.489522,3508.31,3.54571,6.47348,1.63228,3448.72,0
0.490833,3508.26,3.63845,6.45937,3.79547,3536.2,0
0.492158,3508.22,3.64143,6.47732,5.49017,3608.07,0
0.49345,3508.26,3.55219,6.47176,4.26963,3531.69,0
0.494755,3508.26,3.5907,6.4658,3.41537,3512.05,0
0.496068,3508.29,3.61762,6.42911,1.67147,3441.74,0
0.497376,3508.24,3.62974,6.3911,5.00158,3531.98,0
0.498684,3508.24,3.60661,6.34417,5.53863,3520.55,0
0.499992,3508.26,3.61626,6.2801,4.93651,3472.23,0
0.501282,3508.26,3.59425,6.2919,4.90799,3474.49,0
0.502565,3508.3,3.60021,6.31751,1.73237,3384.71,0
0.503894,3508.33,3.57348,6.29008,0.708017,3323.51,0
0.505195,3508.34,3.52306,6.22469,1.22343,3285.1,0
0.506504,3508.34,3.49814,6.16848,2.04092,3269.31,0
0.507785,3508.33,3.48477,6.1465,3.20023,3285.83,0
0.509113,3508.32,3.48415,6.27624,1.64988,3298.49,0
0.510396,3508.34,3.46545,6.25969,0.95332,3254.85,0
0.511708,3508.3,3.38522,6.45161,0.578644,3313.41,0
0.51301,3508.34,3.346,6.29858,0.99477,3231.11,0
0.514316,3508.32,3.36458,6.31131,2.21186,3273.56,0
0.51562,3508.23,3.37567,6.29701,7.18629,3433.14,0
0.516902,3508.22,3.3378,6.27443,7.19688,3447.93,0
0.518176,3508.23,3.29662,6.27011,6.25881,3415.87,0
0.519471,3508.24,3.32573,6.24244,5.30353,3380.34,0
0.520777,3508.3,3.31802,6.24078,2.01838,3269.18,0
0.522073,3508.25,3.37838,6.28545,3.87788,3359.12,0
0.523373,3508.24,3.38278,6.27922,3.9779,3361.68,0
0.524658,3508.22,3.43026,6.48513,1.29272,3391.01,0
0.525963,3508.21,3.47486,6.41585,2.8951,3410.34,0
0.527262,3508.22,3.42875,6.37628,2.94114,3373.53,0
0.528561,3508.18,3.45138,6.37105,4.96689,3436.73,0
0.529852,3508.21,3.47904,6.34115,3.35835,3383.84,0
0.531153,3508.23,3.46002,6.28258,3.09928,3336.41,0
0.532454,3508.24,3.54072,6.30122,1.1853,3301.81,0
0.533768,3508.23,3.53099,6.37265,1.10335,3324.94,0
0.535084,3508.18,3.51146,6.37339,3.90691,3402.31,0
0.536383,3508.18,3.49663,6.36073,4.00031,3390.57,0
0.537684,3508.18,3.49895,6.42938,2.48227,3376.95,0
0.538993,3508.24,3.45543,6.37459,0.517557,3274.41,0
0.540294,3508.16,3.46366,6.34225,5.31968,3403.55,0
0.541622,3508.12,3.45586,6.32226,6.97148,3463.82,0
0.542938,3508.1,3.46996,6.32159,7.47784,3505.74,0
0.544223,3508.12,3.47534,6.32856,4.98098,3456.34,0
0.545532,3508.08,3.49942,6.3077,6.6504,3510.34,0
0.546834,3508.11,3.51545,6.28866,4.81279,3453.61,0
0.548141,3508.15,3.52626,6.33702,1.4073,3376.75,0
0.549457,3508.15,3.59888,6.24355,2.27966,3369.67,0
0.550745,3508.14,3.56264,6.20453,3.94107,3385.75,0
0.552051,3508.18,3.5467,6.22856,0.841433,3304.3,0
0.553336,3508.14,3.48257,6.25809,3.01688,3359.58,0
0.554637,3508.13,3.52424,6.21308,3.98019,3373.88,0
0.555951,3508.06,3.53861,6.1999,7.40616,3483.47,0
0.55726,3508.08,3.56552,6.21315,5.51148,3453.08,0
0.558556,3508.07,3.6022,6.19424,5.40834,3463.61,0
0.55985,3508.04,3.58743,6.189,6.44613,3493.53,0
0.56116,3508.05,3.59846,6.19013,5.55729,3473.38,0
0.562438,3508.06,3.61149,6.23756,3.55851,3447.67,0
0.56373,3508.12,3.53827,6.24318,0.43339,3334.75,0
0.565026,3508.13,3.60997,6.14407,0.705001,3312.26,0
0.566347,3508.13,3.60993,6.08558,1.26393,3295.54,0
0.567667,3508.13,3.70311,6.00272,1.53759,3285.73,0
0.568981,3508.13,3.73024,5.96224,2.12433,3281.53,0
0.570287,3508.12,3.69761,5.97052,2.80616,3293.11,0
0.571582,3508.1,3.63986,6.03534,3.92685,3332.25,0
0.572871,3508.13,3.69442,5.98608,2.13844,3269.26,0
0.57417,3508.07,3.69404,5.9914,5.14662,3354.14,0
0.575482,3508.07,3.6819,5.99193,5.31608,3355.45,0
0.576796,3508.11,3.75371,5.96194,1.98734,3271.72,0
0.578093,3508.12,3.69875,5.99602,1.40906,3248.48,0
0.579415,3508.11,3.59478,5.8963,4.60689,3261.17,0
0.580707,3508.1,3.60129,5.88007,5.14354,3273.9,0
0.582015,3508.09,3.59118,5.90856,5.05651,3283.54,0
0.583317,3508.09,3.62371,5.94174,3.74289,3278.75,0
0.584598,3508.06,3.61332,5.9331,5.3657,3314.24,0
0.58591,3508.04,3.58458,5.9437,6.28457,3345.06,0
0.587201,3508.05,3.61465,5.95231,4.69327,3319.68,0
0.588496,3508.04,3.64543,5.94274,5.11088,3336.97,0
0.589798,3508.02,3.61993,5.92066,6.08392,3364.85,0
0.591091,3508.01,3.62289,5.9458,4.78932,3361.85,0
0.592386,3508.01,3.59759,5.98891,4.0916,3352.43,0
0.593686,3508.04,3.62731,5.94891,2.77187,3307.01,0
0.594996,3508.07,3.55821,5.98043,0.912423,3247.44,0
0.596307,3508,3.66263,6.06519,2.77823,3354.87,0
0.597603,3508.02,3.61457,6.09098,1.79045,3321,0
0.5989,3507.99,3.53587,6.18043,2.65847,3357.42,0
0.600205,3508.04,3.5697,6.07494,1.01524,3269,0
0.601513,3508.06,3.55433,5.99433,1.22042,3229.64,0
0.602799,3508.04,3.61234,5.9703,1.90612,3246.81,0
0.604095,3508.03,3.50253,6.11367,1.32419,3260.77,0
0.605416,3508.06,3.43311,6.09048,0.660507,3210.45,0
0.606718,3508.06,3.46932,5.94753,2.11843,3191.78,0
0.608025,3508.04,3.52256,5.93923,3.2879,3230.87,0
0.609338,3508.06,3.4721,6.01598,1.06212,3190.3,0
0.610637,3508.05,3.40598,6.08283,1.1379,3199.6,0
0.611945,3508.04,3.35524,6.10855,1.26887,3196.18,0
0.613237,3508.02,3.39264,6.19131,0.668772,3220.88,0
0.614549,3508.02,3.38251,6.15497,1.54027,3220.57,0
0.615879,3508.03,3.40035,6.1064,1.66494,3201.47,0
0.617181,3508,3.27895,6.14182,3.62734,3232.59,0
0.618483,3508.01,3.22544,6.20974,2.81088,3222.09,0
0.619788,3507.99,3.37919,6.16309,3.16956,3244.63,0
0.621094,3508,3.38417,6.24075,1.09867,3221.27,0
0.6224,3507.97,3.39497,6.18905,3.69957,3261.97,0
0.623702,3507.94,3.35052,6.18294,5.82329,3307.81,0
0.625027,3507.93,3.32994,6.21436,5.56779,3310.46,0
0.626342,3507.87,3.32949,6.24415,7.55893,3393.63,0
0.627657,3507.89,3.32004,6.2318,5.47841,3355.08,0
0.628959,3507.87,3.33682,6.19779,6.99982,3392,0
0.630258,3507.85,3.32151,6.16484,7.7101,3416.82,0
0.631563,3507.85,3.32351,6.16584,6.56075,3410.51,0
0.63285,3507.86,3.26937,6.18356,5.443,3387.64,0
0.634142,3507.83,3.26864,6.19954,6.16195,3427.93,0
0.635437,3507.84,3.25913,6.19023,4.87817,3400.29,0
0.636749,3507.88,3.24898,6.2368,1.5373,3332.96,0
0.638063,3507.85,3.19716,6.26221,3.2797,3370.2,0
0.639373,3507.84,3.1278,6.311,3.70043,3381.14,0
0.640687,3507.84,3.07209,6.2998,4.11141,3373.52,0
0.642008,3507.84,3.10628,6.25647,3.88069,3359.76,0
0.643317,3507.83,3.09523,6.20151,4.93974,3365.93,0
0.644618,3507.82,3.09388,6.2143,5.2651,3383.84,0
0.645928,3507.86,3.0986,6.20754,2.09548,3306.03,0
0.647228,3507.86,3.13577,6.16751,2.6719,3306.46,0
0.64853,3507.86,3.22126,6.1276,2.50881,3300.42,0
0.649825,3507.86,3.17833,6.19431,1.71304,3292.67,0
0.651134,3507.81,3.09473,6.1793,5.78382,3367.59,0
0.652437,3507.79,3.09478,6.13867,6.76636,3385.67,0
0.653748,3507.77,3.10137,6.16041,6.48043,3410.21,0
0.655046,3507.78,3.09164,6.15532,5.27135,3391.79,0
0.656357,3507.8,3.10141,6.1688,3.06799,3349.52,0
0.657665,3507.78,3.16591,6.17636,3.35551,3369.05,0
0.658965,3507.8,3.22275,6.19823,1.05913,3332.11,0
0.660294,3507.83,3.15262,6.16252,0.720877,3289.48,0
0.661602,3507.82,3.21384,6.08466,1.72071,3289.27,0
0.662909,3507.83,3.22954,6.06055,1.85452,3278.92,0
0.664235,3507.76,3.30623,6.0497,5.59367,3378.62,0
0.665514,3507.83,3.22383,6.0399,1.78383,3266.28,0
0.666826,3507.84,3.17247,6.05317,1.26195,3244.4,0
0.668109,3507.82,3.20921,6.14912,0.318226,3264.13,0
0.669406,3507.75,3.14499,6.16266,5.09502,3364.99,0
0.670709,3507.75,3.13481,6.21437,3.89101,3358.21,0
0.672,3507.79,3.1082,6.21321,1.01099,3281.49,0
0.673285,3507.79,3.08223,6.0655,3.77176,3275.43,0
0.674593,3507.78,3.17821,6.137,2.77058,3298.23,0
0.675902,3507.75,3.21742,6.1037,3.95422,3321.9,0
0.677201,3507.79,3.23952,6.103,1.37521,3267.78,0
0.678498,3507.74,3.23587,6.12375,3.99372,3331.71,0
0.679802,3507.71,3.23278,6.10279,6.46944,3374.52,0
0.681079,3507.67,3.26094,6.13169,6.93669,3417.53,0
0.682383,3507.68,3.27909,6.11977,5.66855,3398.5,0
0.683693,3507.67,3.27998,6.09624,5.98142,3412.68,0
0.684993,3507.63,3.28205,6.09382,7.43954,3465.93,0
0.686294,3507.62,3.28684,6.1316,6.00934,3469.36,0
0.687584,3507.6,3.28383,6.13597,6.6378,3494.94,0
0.688895,3507.6,3.27681,6.12982,5.25471,3478.77,0
0.690182,3507.59,3.28152,6.12244,6.12289,3495.55,0
0.691484,3507.59,3.2636,6.13103,5.40826,3489.15,0
0.692788,3507.61,3.27256,6.12156,3.43315,3447.53,0
0.694078,3507.58,3.27148,6.09286,5.72367,3487.81,0
0.695385,3507.56,3.28547,6.10633,5.71144,3505.64,0
0.696694,3507.57,3.27523,6.15517,3.86268,3485.7,0
0.69799,3507.56,3.31138,6.13657,4.4337,3496.26,0
0.699289,3507.57,3.24424,6.16204,3.69243,3474.5,0
0.700592,3507.54,3.18284,6.18643,5.77476,3515.52,0
0.701879,3507.56,3.16776,6.17241,4.27535,3477.95,0
0.703184,3507.6,3.13268,6.1308,2.49122,3414.21,0
0.704473,3507.57,3.05158,6.19881,3.86162,3451.49,0
0.705784,3507.53,3.09683,6.20113,5.55397,3493.4,0
0.707082,3507.54,3.09545,6.20146,4.74579,3481.26,0
0.708383,3507.51,3.07953,6.26101,5.39699,3519.96,0
0.709679,3507.49,3.077,6.26227,5.70047,3531.96,0
0.710993,3507.47,3.08417,6.24101,6.69473,3556.9,0
0.7123,3507.45,3.09444,6.225,7.52795,3585.65,0
0.713601,3507.46,3.12373,6.2066,5.81477,3561.01,0
0.714899,3507.44,3.12811,6.23168,6.41587,3587.72,0
0.716224,3507.42,3.10501,6.24064,6.43513,3595.84,0
0.71751,3507.38,3.09119,6.23459,8.76637,3655.35,0
0.718831,3507.41,3.07568,6.24712,5.54462,3606.05,0
0.720115,3507.41,3.09924,6.25788,4.16284,3593.56,0
0.721427,3507.44,3.19146,6.21086,2.01,3545,0
0.722728,3507.44,3.15236,6.29122,0.727351,3536.39,0
0.724042,3507.44,3.05697,6.24865,2.23033,3528.84,0
0.725334,3507.5,2.87429,6.20742,0.846329,3445.35,0
0.726642,3507.45,2.87535,6.24652,3.53837,3512.36,0
0.727953,3507.44,2.90009,6.22174,3.67137,3510.17,0
0.729243,3507.5,2.8772,6.19119,0.539047,3425.18,0
0.730567,3507.48,2.78664,6.15799,3.03448,3446.04,0
0.731855,3507.51,2.72089,6.10696,2.4162,3399.15,0
0.733154,3507.51,2.64054,6.05886,4.06156,3395.64,0
0.734462,3507.52,2.66086,6.16559,1.30449,3379.9,0
0.735779,3507.47,2.74503,6.22263,2.45355,3434.3,0
0.737067,3507.46,2.73589,6.19659,3.25392,3439.61,0
0.738383,3507.45,2.68501,6.16295,5.02419,3452.31,0
0.739697,3507.44,2.69027,6.0967,6.15435,3462.78,0
0.740985,3507.39,2.71549,6.06407,8.69932,3524.46,0
0.742292,3507.37,2.72439,6.08714,7.98417,3543.12,0
0.743605,3507.4,2.69669,6.05967,5.95851,3503.14,0
0.744902,3507.43,2.70993,6.05025,3.07478,3443.59,0
0.746218,3507.43,2.71131,5.97222,4.75201,3444.88,0
0.747526,3507.46,2.67291,6.02354,1.54821,3391.38,0
0.748828,3507.48,2.6806,5.99328,1.04018,3369.59,0
0.75013,3507.5,2.68325,5.90597,1.23983,3336.87,0
0.751444,3507.46,2.75749,5.9941,1.42415,3381.13,0
0.752733,3507.43,2.80116,5.99345,2.90124,3414.98,0
0.754033,3507.43,2.74114,6.15431,0.245221,3406.12,0
0.755345,3507.41,2.70456,6.15286,2.21301,3433.67,0
0.756653,3507.41,2.63727,6.1445,2.43246,3419.74,0
0.757967,3507.41,2.74609,6.16543,1.16923,3418.85,0
0.759272,3507.38,2.67629,6.17954,3.45573,3453.6,0
0.760569,3507.43,2.65496,6.11479,1.37736,3382.17,0
0.761878,3507.44,2.67202,6.00389,2.2427,3355.26,0
0.763181,3507.41,2.58218,6.0335,4.78644,3398.65,0
0.764498,3507.41,2.64885,6.02545,3.47662,3382.02,0
0.765794,3507.38,2.63718,6.15498,3.48746,3425.75,0
0.767089,3507.4,2.6362,6.18113,1.49732,3392.53,0
0.768385,3507.4,2.53103,6.14989,2.55352,3380.63,0
0.769691,3507.37,2.55861,6.1421,4.43806,3418.07,0
0.771002,3507.37,2.58244,6.19606,2.8726,3408.34,0
0.77229,3507.38,2.60487,6.22412,1.86528,3398.84,0
0.773585,3507.32,2.68339,6.28482,3.69333,3464.15,0
0.774888,3507.32,2.64296,6.29114,3.7798,3462.48,0
0.776194,3507.29,2.57275,6.29202,5.41003,3485.98,0
0.777464,3507.27,2.56254,6.32688,5.4356,3507.57,0
0.778777,3507.29,2.56475,6.31242,4.35568,3484.9,0
0.780066,3507.32,2.49917,6.38983,1.00377,3436.5,0
0.781352,3507.22,2.51673,6.40897,6.55415,3554.77,0
0.78267,3507.19,2.4749,6.43135,7.7595,3590.19,0
0.783973,3507.2,2.45811,6.44044,6.63246,3575.06,0
0.785276,3507.17,2.48124,6.45664,6.57073,3598.21,0
0.786585,3507.14,2.51376,6.41159,8.39229,3636.65,0
0.787862,3507.16,2.48858,6.47276,5.08478,3605.05,0
0.789158,3507.19,2.5109,6.46361,3.17346,3566.5,0
0.790478,3507.21,2.54635,6.48475,0.68343,3526.74,0
0.791769,3507.18,2.679,6.4396,2.90001,3566.95,0
0.793057,3507.14,2.71195,6.44483,4.81431,3609.26,0
0.794374,3507.14,2.69428,6.41507,5.22519,3603.62,0
0.795657,3507.11,2.67691,6.38198,7.00688,3627.05,0
0.79695,3507.13,2.66461,6.39397,5.19688,3603.7,0
0.798257,3507.15,2.68374,6.3755,3.31391,3565.32,0
0.799557,3507.15,2.7281,6.26949,5.17987,3567.01,0
0.800859,3507.15,2.73684,6.22808,4.86676,3554.28,0
0.802149,3507.2,2.69408,6.19097,2.5327,3486.99,0
0.803429,3507.16,2.63609,6.28221,4.14839,3536.41,0
0.804727,3507.21,2.72023,6.26829,0.274783,3465.78,0
0.806021,3507.16,2.71399,6.3058,2.75743,3520.29,0
0.807331,3507.12,2.73298,6.30189,5.27281,3564.13,0
0.808644,3507.17,2.73243,6.25165,2.94738,3501.87,0
0.809946,3507.19,2.7669,6.2531,1.14273,3470.94,0
0.811238,3507.13,2.81311,6.29848,3.49479,3533.28,0
0.812536,3507.1,2.80652,6.33803,4.08486,3563.29,0
0.813819,3507.1,2.78224,6.31755,4.91312,3567.69,0
0.815131,3507.13,2.66043,6.30182,3.56787,3516.42,0
0.816431,3507.11,2.64753,6.25388,5.70387,3537.04,0
0.817756,3507.16,2.63876,6.19739,3.56101,3478.15,0
0.81906,3507.14,2.61515,6.24838,3.8262,3492.75,0
0.82037,3507.14,2.60295,6.24716,3.66702,3488.26,0
0.82167,3507.14,2.64325,6.22115,3.32955,3474.93,0
0.822944,3507.08,2.64075,6.31253,5.53166,3543.18,0
0.824247,3507.05,2.6673,6.35191,6.2765,3578.7,0
0.825547,3507.07,2.66716,6.40264,3.38745,3543.34,0
0.826838,3507.06,2.69381,6.42008,3.468,3553.93,0
0.828145,3507.11,2.70731,6.4033,0.119075,3486.77,0
0.829432,3507.04,2.63276,6.36585,6.14211,3567.09,0
0.83074,3507.1,2.58824,6.44854,0.578432,3492.23,0
0.832048,3507.09,2.51303,6.42194,2.12665,3494.92,0
0.833352,3507.08,2.51452,6.34529,4.1275,3500.54,0
0.834676,3507.13,2.57184,6.30121,1.2911,3439.9,0
0.835964,3507.15,2.52907,6.19542,2.49542,3414.6,0
0.837254,3507.16,2.52665,6.06533,3.73507,3386.79,0
0.838541,3507.15,2.56271,6.01821,5.26438,3399.39,0
0.839847,3507.09,2.56757,6.026,8.60828,3469.04,0
0.841138,3507.07,2.59489,6.0335,7.64514,3479.89,0
0.842439,3507.08,2.5886,6.03868,6.44934,3469.09,0
0.843736,3507.08,2.58259,6.06374,5.05354,3460.19,0
0.845014,3507.05,2.55163,6.06909,6.76802,3489.33,0
0.846335,3507.07,2.52103,6.06967,4.96718,3458.32,0
0.847638,3507.07,2.48482,6.07562,4.89218,3455.13,0
0.848937,3507.04,2.49408,6.06031,6.7422,3488.36,0
0.850259,3507.06,2.46101,6.09497,4.16779,3454.23,0
0.851573,3507.04,2.45553,6.10228,5.22246,3475.91,0
0.85286,3506.98,2.45577,6.16882,7.14598,3544.48,0
0.854163,3506.96,2.49874,6.19593,6.37892,3558.33,0
0.855464,3506.95,2.50036,6.17844,6.53566,3566.48,0
0.856767,3506.92,2.49226,6.12287,8.46465,3592.28,0
0.858069,3506.96,2.49629,6.15544,4.14242,3538.1,0
0.859373,3506.96,2.50093,6.15873,4.36271,3541.03,0
0.860662,3506.97,2.53824,6.17227,2.85133,3524.02,0
0.861964,3506.96,2.49942,6.15763,3.8907,3528.11,0
0.863275,3506.98,2.46476,6.14003,3.09454,3498.86,0
0.864581,3506.99,2.38848,6.10394,3.78763,3483.26,0
0.865902,3507.01,2.4625,6.07344,2.56789,3458.72,0
0.86719,3507.02,2.46068,6.05648,1.95692,3438.2,0
0.8685,3507.03,2.43052,6.0105,2.55464,3424.46,0
0.869799,3506.99,2.43769,6.00522,4.70143,3457.58,0
0.871116,3506.98,2.50761,6.02614,4.42213,3471.88,0
0.872421,3506.99,2.4841,6.02879,3.62849,3453.56,0
0.873737,3507.01,2.4868,5.98699,3.11729,3425.6,0
0.875063,3506.98,2.48902,5.95039,5.32988,3449.73,0
0.87635,3506.96,2.56318,5.99427,5.02865,3470.91,0
0.877657,3506.98,2.5434,5.96894,4.16467,3445.64,0
0.878975,3506.96,2.52387,5.96933,5.264,3462.25,0
0.880305,3506.93,2.51854,5.98265,6.07484,3482.9,0
0.881628,3506.96,2.48376,5.99315,3.92886,3452.68,0
0.882947,3507.01,2.49223,5.92756,1.1839,3384.44,0
0.884267,3506.98,2.50093,5.9187,3.40501,3414.23,0
0.885579,3506.99,2.59057,5.9522,1.40742,3400.44,0
0.886877,3506.97,2.67315,5.79034,5.19321,3417.44,0
0.888187,3506.96,2.64876,5.79075,5.49831,3424.23,0
0.889479,3506.96,2.5887,5.7529,5.9875,3415.22,0
0.890778,3506.95,2.60022,5.75912,5.93425,3423.02,0
0.892072,3506.93,2.62014,5.73687,6.75534,3439.12,0
0.893372,3506.95,2.61202,5.74502,4.95998,3418.38,0
0.89469,3506.92,2.6169,5.75686,5.77057,3439.59,0
0.895995,3506.94,2.60817,5.79956,3.08275,3410.48,0
0.897273,3506.91,2.66258,5.70869,6.45193,3444.85,0
0.898561,3506.89,2.65447,5.74266,6.62677,3463.43,0
0.899848,3506.88,2.65472,5.74175,6.10984,3462.94,0
0.901142,3506.84,2.65396,5.71865,8.11676,3502.71,0
0.902454,3506.88,2.68421,5.68392,5.18539,3453.12,0
0.903744,3506.89,2.68639,5.68087,4.37773,3443.24,0
0.905051,3506.85,2.72599,5.70438,5.99,3484.62,0
0.906372,3506.82,2.74142,5.68273,7.03359,3507.45,0
0.907663,3506.78,2.74465,5.64693,8.9374,3544.62,0
0.90897,3506.79,2.74577,5.67379,6.2735,3526.5,0
0.910283,3506.82,2.73144,5.65537,4.70678,3497.59,0
0.911592,3506.85,2.71296,5.60008,3.34212,3454.34,0
0.912896,3506.86,2.66115,5.56847,3.32752,3435.13,0
0.914214,3506.87,2.66527,5.52851,3.29549,3423.44,0
0.915479,3506.87,2.7073,5.54649,2.38843,3418.65,0
0.916782,3506.85,2.66074,5.52977,4.38668,3434.47,0
0.918101,3506.85,2.66444,5.57219,3.45787,3433.35,0
0.919422,3506.83,2.67551,5.61516,3.44936,3443.52,0
0.920722,3506.82,2.65535,5.62035,4.66835,3459.11,0
0.922016,3506.83,2.5771,5.68022,3.21553,3441.65,0
0.923321,3506.82,2.55912,5.65975,3.64301,3438.81,0
0.924628,3506.8,2.57346,5.63526,5.62084,3464.84,0
0.925936,3506.79,2.58608,5.6258,5.5331,3466.52,0
0.927242,3506.78,2.54383,5.61657,6.61717,3477.62,0
0.928557,3506.77,2.53891,5.6164,6.1297,3476.12,0
0.929858,3506.77,2.5202,5.61434,5.90051,3473.65,0
0.931152,3506.74,2.52375,5.60344,7.71875,3502.24,0
0.932458,3506.78,2.56454,5.58431,3.94887,3448.02,0
0.933772,3506.78,2.60696,5.59271,3.75784,3450.48,0
0.935074,3506.8,2.68998,5.57519,1.57049,3421.82,0
0.936372,3506.81,2.72545,5.46187,2.81301,3407.79,0
0.937687,3506.76,2.8156,5.44879,5.23149,3450.14,0
0.938991,3506.79,2.82326,5.49447,2.00691,3415.72,0
0.94028,3506.8,2.85145,5.49778,1.17478,3407.23,0
0.941587,3506.78,2.7851,5.47194,3.14855,3416.13,0
0.942898,3506.76,2.77541,5.5194,3.78498,3437.47,0
0.944198,3506.76,2.76087,5.50167,4.4859,3436.3,0
0.945499,3506.76,2.7773,5.56711,2.11355,3422.71,0
0.946769,3506.73,2.76753,5.56234,4.5868,3454.65,0
0.948081,3506.7,2.76556,5.54887,6.25294,3480.34,0
0.949396,3506.69,2.76558,5.59198,5.3801,3486.5,0
0.950711,3506.67,2.76899,5.59208,6.23659,3501.04,0
0.951998,3506.67,2.79278,5.60993,5.45553,3502.81,0
0.953298,3506.63,2.7843,5.62127,7.0321,3535.76,0
0.954609,3506.64,2.80012,5.64455,5.34028,3523.68,0
0.955887,3506.67,2.7967,5.68483,1.96912,3486.16,0
0.957196,3506.63,2.81392,5.69909,4.10241,3520.55,0
0.958505,3506.6,2.8469,5.69958,5.64254,3548.31,0
0.959801,3506.6,2.88211,5.7158,4.43259,3542.23,0
0.961121,3506.63,2.92156,5.73529,1.21235,3505.45,0
0.962424,3506.61,2.9467,5.62267,4.97531,3526.69,0
0.963717,3506.59,2.94308,5.65705,5.22323,3541.42,0
0.965023,3506.59,2.99324,5.64766,4.3839,3532.77,0
0.966337,3506.59,2.98794,5.66496,4.07488,3529.76,0
0.967637,3506.57,2.9916,5.6656,4.96016,3543.69,0
0.968936,3506.53,3.01185,5.63706,7.31673,3578.05,0
0.970202,3506.51,3.02817,5.62716,7.02732,3592.51,0
0.971498,3506.49,3.02446,5.60756,7.93281,3615.8,0
0.972805,3506.47,3.0406,5.61792,7.32462,3624.62,0
0.974087,3506.48,3.04446,5.60678,6.13272,3614.51,0
0.975387,3506.48,3.05284,5.6473,4.76381,3612.19,0
0.97669,3506.48,3.02243,5.61369,5.4694,3608.93,0
0.977981,3506.44,3.01938,5.65578,6.61448,3644.71,0
0.979295,3506.47,3.0274,5.59597,4.80082,3605.93,0
0.980637,3506.44,3.03705,5.57456,7.08413,3635.12,0
0.981937,3506.42,3.04983,5.5594,7.39535,3643.73,0
0.983245,3506.48,3.05669,5.59223,1.76293,3581.41,0
0.984567,3506.46,3.07147,5.61669,2.16921,3593.87,0
0.98588,3506.44,3.07938,5.61868,3.3686,3609.6,0
0.98718,3506.45,3.02006,5.71499,1.11598,3593.67,0
0.988463,3506.47,2.98096,5.59202,2.97755,3573.58,0
0.989751,3506.45,3.02821,5.54564,4.61568,3589.27,0
0.991055,3506.42,3.03449,5.48654,6.69205,3609.95,0
0.992348,3506.43,3.05107,5.48714,5.27428,3593.74,0
0.993652,3506.45,3.05854,5.51134,3.25718,3572.64,0
0.994946,3506.42,3.10357,5.50538,4.733,3596.95,0
0.99625,3506.48,3.1044,5.46923,0.854308,3529.99,0
0.997564,3506.49,3.12992,5.39046,1.3635,3515.52,0
0.998884,3506.49,3.07585,5.33026,3.01364,3510.27,0
1.00017,3506.49,3.15528,5.32345,2.51923,3513.06,0
1.00148,3506.47,3.13978,5.33481,3.70927,3526.72,0
1.00276,3506.46,3.0625,5.41127,3.23774,3526.01,0
1.00406,3506.47,3.10195,5.36581,2.97487,3514.27,0
1.00534,3506.51,3.06847,5.37139,0.617261,3475.14,0
1.00666,3506.47,3.1838,5.34126,2.64467,3508.69,0
1.00796,3506.46,3.30513,5.32326,2.16103,3513.9,0
1.00927,3506.45,3.33265,5.24986,4.03235,3522.27,0
1.01058,3506.47,3.40955,5.19661,1.87788,3489.6,0
1.01186,3506.48,3.39062,5.14854,2.41203,3476.83,0
1.01316,3506.48,3.36892,5.09939,3.92423,3477.11,0
1.01447,3506.47,3.36479,5.12021,4.0283,3482.59,0
1.01576,3506.48,3.42526,5.11234,2.51607,3466.69,0
1.01705,3506.49,3.48213,5.14061,0.365289,3453.66,0
1.01836,3506.43,3.43836,5.23041,3.34167,3507.24,0
1.01967,3506.39,3.44692,5.13934,7.34406,3537.62,0
1.02097,3506.42,3.48032,5.12814,4.23267,3502.97,0
1.02228,3506.39,3.46332,5.1198,6.46563,3531.11,0
1.02357,3506.39,3.49184,5.12761,5.05674,3524.04,0
1.02487,3506.36,3.49001,5.11238,7.40209,3555.1,0
1.02618,3506.36,3.47272,5.07586,6.94788,3544.16,0
1.02748,3506.37,3.47123,5.03587,5.96793,3528.92,0
1.02879,3506.39,3.4833,5.00751,4.75971,3509.03,0
1.03009,3506.37,3.50009,5.08538,3.91453,3521.09,0
1.03138,3506.33,3.53501,5.10938,5.93114,3562.64,0
1.03268,3506.35,3.61753,5.14292,1.92416,3533.14,0
1.03397,3506.31,3.60633,5.15258,4.66608,3567.54,0
1.03527,3506.29,3.57535,5.1404,6.42176,3579.76,0
1.03656,3506.27,3.5548,5.15297,7.34481,3594.87,0
1.03788,3506.25,3.55347,5.13089,8.1063,3612.87,0
1.0392,3506.24,3.54747,5.13411,7.30687,3614.97,0
1.04051,3506.25,3.54579,5.15567,5.64475,3606.28,0
1.04181,3506.25,3.5178,5.15892,5.50575,3600.88,0
1.04312,3506.25,3.52205,5.17044,4.60574,3595.53,0
1.04441,3506.25,3.50947,5.17825,4.15101,3588.57,0
1.04573,3506.26,3.42107,5.19159,4.07818,3572.21,0
1.04703,3506.29,3.42816,5.12492,3.17979,3541.58,0
1.04834,3506.31,3.37957,5.12413,2.45287,3520.69,0
1.04964,3506.26,3.39151,5.10619,6.29187,3565.65,0
1.05094,3506.25,3.39323,5.05803,7.2437,3571.87,0
1.05224,3506.26,3.38268,5.06888,5.7097,3556.78,0
1.05355,3506.32,3.35867,5.11654,0.258749,3493.69,0
1.05485,3506.28,3.38685,5.10338,2.84025,3524.95,0
1.05615,3506.24,3.40272,5.1078,4.79855,3555.54,0
1.05746,3506.25,3.3566,5.08683,4.9334,3546.75,0
1.05878,3506.28,3.36037,5.06644,2.6695,3511.2,0
1.0601,3506.27,3.39809,5.04112,3.95501,3523.22,0
1.06143,3506.22,3.46859,5.08039,5.05181,3558.63,0
1.06273,3506.2,3.46471,5.09015,5.98185,3571.58,0
1.064,3506.23,3.48798,5.07834,3.48531,3541.07,0
1.0653,3506.2,3.54558,5.08974,4.33241,3562.61,0
1.0666,3506.15,3.6088,5.08816,6.88504,3609.6,0
1.0679,3506.14,3.5895,5.06123,7.53632,3614.71,0
1.06917,3506.14,3.59476,5.07329,6.51415,3612.96,0
1.07047,3506.13,3.61989,5.0696,5.88831,3615.99,0
1.07178,3506.15,3.62604,5.05091,4.37601,3593.8,0
1.07306,3506.13,3.62318,5.04526,5.40897,3607.04,0
1.07437,3506.13,3.6141,5.04382,5.01517,3606,0
1.07567,3506.1,3.66755,5.01748,5.92587,3623.89,0
1.07698,3506.08,3.71507,5.03239,5.94167,3638.72,0
1.07829,3506.06,3.68729,5.0144,7.22639,3650,0
1.0796,3506.04,3.68487,5.00847,8.28081,3670.01,0
1.08088,3506.04,3.69068,4.97506,7.71369,3666.93,0
1.08218,3506.03,3.7109,4.91605,7.50587,3668.59,0
1.0835,3506.03,3.69249,4.94823,6.03935,3663.42,0
1.08479,3506.06,3.67982,4.92973,3.81538,3630.89,0
1.08611,3506.06,3.69337,4.86596,4.60198,3626.14,0
1.08739,3506.06,3.67084,4.89426,4.0691,3620.26,0
1.08867,3506.08,3.61642,4.94979,2.64568,3604.02,0
1.08995,3506.07,3.74231,4.90324,1.74049,3602.21,0
1.09127,3506.04,3.79354,4.99812,1.38343,3628.57,0
1.09258,3506.01,3.72648,5.00078,4.24172,3648.71,0
1.09389,3506.02,3.71361,4.98686,3.93122,3637.68,0
1.0952,3506.06,3.72507,4.92397,1.93009,3597.35,0
1.09652,3506.03,3.71795,4.94292,3.44773,3617.17,0
1.09782,3506.05,3.71782,4.91218,2.71157,3598.56,0
1.09911,3506.08,3.66711,4.88466,1.33989,3562.83,0
1.10042,3506.09,3.61433,4.87219,2.22894,3557.28,0
1.10173,3506.04,3.69667,4.85209,4.5919,3594.23,0
1.10301,3506.04,3.69198,4.93543,2.91706,3591.93,0
1.10433,3506.03,3.60017,4.94937,4.32449,3593.39,0
1.10565,3506.04,3.60076,4.95569,3.32528,3583.32,0
1.10695,3506.06,3.61711,4.94795,1.8647,3563.19,0
1.10825,3506.11,3.57811,4.78129,2.00944,3514.46,0
1.10956,3506.12,3.54534,4.80618,0.905803,3498.56,0
1.11086,3506.12,3.48529,4.81104,1.22866,3490.79,0
1.11219,3506.08,3.49847,4.84943,3.42241,3524.7,0
1.11348,3506.07,3.44727,4.88008,3.91924,3526.9,0
1.11478,3506.03,3.47459,4.87859,6.34653,3563.3,0
1.11606,3506.02,3.51061,4.92009,4.5483,3565.16,0
1.11739,3506.07,3.46444,4.91467,1.51062,3517.83,0
1.11869,3506.06,3.47872,4.91679,1.84019,3523.21,0
1.12,3506.04,3.52557,4.8558,3.4593,3531.71,0
1.12131,3506.04,3.553,4.85343,3.13886,3529.63,0
1.12262,3506.11,3.46056,4.76542,1.32535,3468.66,0
1.12393,3506.09,3.43155,4.7607,3.13233,3481.65,0
1.12522,3506.08,3.43566,4.80886,2.48361,3486.58,0
1.12654,3506,3.36306,4.85372,7.70817,3549.31,0
1.12782,3505.99,3.36766,4.8571,7.34788,3554.23,0
1.12912,3505.98,3.38529,4.85138,7.04555,3558.82,0
1.13044,3506,3.40258,4.85991,5.18698,3542.8,0
1.13174,3505.98,3.3654,4.85716,6.21564,3548.72,0
1.13304,3505.96,3.3646,4.85471,6.56211,3566.5,0
1.13434,3505.95,3.37719,4.84322,6.38105,3568.02,0
1.13564,3505.97,3.34134,4.84552,5.47122,3552.99,0
1.13695,3505.92,3.34687,4.88149,6.75727,3584.3,0
1.13824,3505.9,3.36965,4.8584,7.20117,3598.46,0
1.13953,3505.92,3.39574,4.86182,4.62965,3576.11,0
1.14084,3505.91,3.51073,4.9213,2.97836,3588.36,0
1.14215,3505.93,3.47005,4.89154,2.51997,3565.45,0
1.14344,3505.9,3.5029,4.85537,4.64408,3583.65,0
1.14476,3505.86,3.4572,4.85614,8.31103,3620.48,0
1.14607,3505.83,3.42252,4.83341,9.18675,3635.4,0
1.14736,3505.81,3.36815,4.83476,9.8478,3655.02,0
1.14868,3505.83,3.35303,4.82922,6.96267,3630.12,0
1.14998,3505.84,3.3456,4.82773,6.1452,3621.35,0
1.15128,3505.84,3.32143,4.80034,5.42798,3611.7,0
1.15259,3505.81,3.33374,4.73635,8.31069,3638.1,0
1.15389,3505.85,3.32592,4.74123,3.92085,3594.64,0
1.1552,3505.81,3.31905,4.70795,7.7903,3629.78,0
1.15649,3505.78,3.33442,4.67222,8.94547,3649.74,0
1.15778,3505.81,3.31422,4.66097,5.49519,3619.9,0
1.1591,3505.86,3.34619,4.64908,1.0995,3571.21,0
1.16042,3505.82,3.34381,4.61737,4.39326,3599.54,0
1.16172,3505.82,3.34824,4.62749,4.10669,3597.89,0
1.16302,3505.83,3.3317,4.60836,3.92487,3585.93,0
1.16431,3505.83,3.35315,4.64716,2.69774,3581.72,0
1.16559,3505.84,3.38487,4.61722,2.16572,3571.59,0
1.16691,3505.85,3.43631,4.51557,2.38834,3556.91,0
1.16818,3505.83,3.36436,4.55912,4.28662,3573.31,0
1.16947,3505.83,3.35234,4.53285,4.51811,3569.46,0
1.17078,3505.81,3.33149,4.51827,6.10287,3582.1,0
1.1721,3505.78,3.34604,4.55547,6.23976,3596.2,0
1.1734,3505.79,3.37446,4.54517,4.78099,3587.37,0
1.1747,3505.84,3.30718,4.52899,1.93833,3540.52,0
1.17599,3505.85,3.33129,4.51399,1.28317,3532.32,0
1.17729,3505.79,3.37813,4.60152,2.92762,3576.21,0
1.1786,3505.77,3.39627,4.66836,2.39907,3585.67,0
1.1799,3505.76,3.5171,4.65821,1.74504,3594.6,0
1.1812,3505.77,3.49171,4.60806,1.92774,3577.36,0
1.1825,3505.75,3.54229,4.57812,3.62182,3594.49,0
1.18381,3505.7,3.56445,4.65723,5.66555,3635.45,0
1.18512,3505.68,3.5595,4.64372,6.95838,3648.12,0
1.18641,3505.66,3.58325,4.63569,7.27568,3659.74,0
1.18772,3505.66,3.56747,4.58682,7.14202,3654.29,0
1.18903,3505.65,3.55965,4.56355,7.63247,3660.83,0
1.19032,3505.66,3.54549,4.56901,5.84611,3645.99,0
1.19163,3505.67,3.47894,4.62273,5.06568,3637.15,0
1.19291,3505.71,3.48645,4.63965,1.06131,3597.58,0
1.19422,3505.7,3.44857,4.64164,2.52154,3603.72,0
1.19554,3505.68,3.4135,4.63729,4.39301,3615.73,0
1.19685,3505.65,3.44338,4.63227,5.57625,3632.83,0
1.19816,3505.64,3.45566,4.60755,6.23686,3636.6,0
1.19946,3505.65,3.48682,4.64912,3.7632,3626.22,0
1.20077,3505.64,3.5317,4.665,3.48846,3631.88,0
1.20205,3505.64,3.52708,4.67842,3.24342,3630.54,0
1.20334,3505.65,3.50256,4.67814,2.22662,3612.73,0
1.20464,3505.63,3.50544,4.64149,4.5852,3627.86,0
1.20594,3505.6,3.51098,4.61677,6.51592,3645.59,0
1.20722,3505.6,3.51369,4.614,6.28376,3644.5,0
1.20852,3505.6,3.51384,4.655,4.75676,3641.73,0
1.20984,3505.62,3.61768,4.6432,1.75868,3622.35,0
1.21114,3505.59,3.56569,4.64513,4.79059,3645.23,0
1.21244,3505.58,3.51177,4.64287,5.54161,3643.53,0
1.21372,3505.58,3.5133,4.63035,5.82589,3645.76,0
1.21501,3505.6,3.5049,4.64482,3.00812,3618.3,0
1.2163,3505.6,3.50132,4.62463,3.64121,3617.75,0
1.21761,3505.61,3.47769,4.59945,3.73659,3607.47,0
1.21892,3505.56,3.49288,4.66686,5.49657,3640.92,0
1.22022,3505.55,3.53915,4.6515,5.63321,3646.41,0
1.22151,3505.51,3.54332,4.65513,7.55665,3672.17,0
1.2228,3505.47,3.53935,4.61583,10.4548,3706.07,0
1.2241,3505.49,3.58348,4.602,7.01692,3684.27,0
1.22539,3505.48,3.59911,4.6238,5.78727,3686.33,0
1.22671,3505.46,3.58307,4.62024,7.36649,3702.14,0
1.22802,3505.47,3.54298,4.63654,5.54153,3687.4,0
1.22931,3505.48,3.58705,4.61804,3.78288,3674.6,0
1.23061,3505.46,3.57135,4.59784,6.02174,3691.1,0
1.23189,3505.45,3.52973,4.60372,6.62551,3693.91,0
1.23319,3505.47,3.52117,4.64962,3.56418,3671.12,0
1.23448,3505.49,3.5131,4.61526,3.24155,3657.2,0
1.23579,3505.5,3.4921,4.6255,2.20746,3642.69,0
1.2371,3505.52,3.4581,4.64591,0.165047,3617.94,0
1.2384,3505.48,3.43002,4.63459,4.49546,3652.39,0
1.23974,3505.51,3.42246,4.60359,2.22429,3618.67,0
1.24103,3505.55,3.40739,4.5204,1.08815,3583,0
1.24232,3505.56,3.31434,4.56645,0.836239,3571.74,0
1.24362,3505.54,3.25825,4.56556,3.52213,3587.6,0
1.24493,3505.49,3.24821,4.55764,7.23902,3623.76,0
1.24623,3505.49,3.25507,4.54538,6.51558,3620.3,0
1.24751,3505.52,3.27593,4.54469,3.13946,3593.34,0
1.24881,3505.56,3.21826,4.49574,1.55119,3553.85,0
1.25012,3505.55,3.31507,4.41955,2.54925,3559.93,0
1.25142,3505.6,3.17434,4.37943,1.16517,3512.33,0
1.2527,3505.6,3.11932,4.33234,3.21098,3511.66,0
1.25401,3505.58,3.17703,4.25878,4.80424,3523.08,0
1.25531,3505.61,3.1555,4.21986,3.6494,3499.65,0
1.25662,3505.62,3.15202,4.1617,3.887,3487.21,0
1.25793,3505.62,3.16288,4.1143,3.91115,3479.22,0
1.25925,3505.63,3.18947,4.1024,3.34927,3472.32,0
1.26056,3505.62,3.33446,4.13273,0.82825,3474.83,0
1.26186,3505.56,3.3834,4.17264,3.50796,3514.91,0
1.26317,3505.55,3.41414,4.12056,5.07415,3522.45,0
1.26448,3505.58,3.41412,4.20166,0.428845,3491.94,0
1.26581,3505.55,3.35657,4.20233,3.99732,3513.52,0
1.26713,3505.53,3.25779,4.26749,5.68718,3524.96,0
1.26843,3505.49,3.26545,4.24259,8.48589,3555.08,0
1.26973,3505.47,3.28681,4.2166,8.62595,3569.04,0
1.27102,3505.5,3.26987,4.2059,5.99616,3542.81,0
1.27232,3505.5,3.24907,4.19727,5.44465,3534.54,0
1.27363,3505.51,3.28259,4.21009,3.34251,3524.5,0
1.27492,3505.46,3.30658,4.28905,4.91666,3557.42,0
1.27622,3505.47,3.36277,4.25252,4.0469,3548.97,0
1.27752,3505.47,3.36827,4.2804,3.4601,3549.34,0
1.27883,3505.45,3.31921,4.3918,2.93082,3556.91,0
1.28014,3505.44,3.316,4.40888,3.15011,3560.78,0
1.28145,3505.44,3.32748,4.36207,3.63069,3554.8,0
1.28276,3505.47,3.3379,4.25442,3.62009,3531.67,0
1.28408,3505.45,3.33317,4.26154,4.77287,3543.34,0
1.28538,3505.44,3.37443,4.27003,4.64887,3549.01,0
1.28668,3505.47,3.40772,4.18111,3.37485,3522.6,0
1.28799,3505.51,3.3669,4.11452,2.12356,3488.49,0
1.28929,3505.5,3.38238,4.14755,1.3801,3488.58,0
1.29059,3505.5,3.42014,4.13441,1.22325,3487.03,0
1.29189,3505.49,3.44174,4.06999,2.9199,3491.34,0
1.29319,3505.49,3.52849,3.99956,2.89278,3488.84,0
1.29448,3505.5,3.39304,4.04592,3.48249,3477.63,0
1.29578,3505.47,3.37747,4.04996,5.2479,3493.79,0
1.29709,3505.52,3.37488,4.03811,1.76616,3457.52,0
1.29838,3505.5,3.35929,4.02416,3.36142,3464.92,0
1.29966,3505.47,3.43438,4.06374,3.57404,3483.46,0
1.30096,3505.45,3.38853,4.03756,6.84148,3499.27,0
1.30226,3505.48,3.36267,4.03434,3.78466,3471.86,0
1.30359,3505.49,3.41794,4.00148,2.64433,3462.44,0
1.3049,3505.49,3.4028,4.03383,1.74703,3455.99,0
1.30618,3505.47,3.40701,4.02837,3.68046,3470.29,0
1.30747,3505.43,3.56825,3.98975,4.48264,3494.99,0
1.30876,3505.39,3.55493,3.98863,6.99804,3519.13,0
1.31006,3505.39,3.55761,4.01148,5.42478,3515.17,0
1.31136,3505.42,3.54135,3.96833,3.85692,3491.12,0
1.31266,3505.42,3.53789,4.01337,3.36673,3491.8,0
1.31394,3505.47,3.49682,3.921,1.18657,3444.49,0
1.31524,3505.45,3.42391,3.94874,3.93516,3460.75,0
1.31653,3505.47,3.45538,3.92148,1.89185,3441.55,0
1.31782,3505.45,3.44809,3.9624,2.87334,3453.91,0
1.31912,3505.4,3.45467,3.98759,6.27755,3488.87,0
1.32042,3505.38,3.48137,3.99147,5.71347,3496.09,0
1.32173,3505.41,3.44893,3.98363,3.8656,3472.46,0
1.32302,3505.38,3.42192,4.00122,6.02612,3491.21,0
1.32432,3505.44,3.37939,4.00526,1.58193,3443.74,0
1.32563,3505.43,3.37157,4.08804,0.598869,3447.16,0
1.32693,3505.41,3.41432,4.09575,0.937495,3456.01,0
1.32822,3505.36,3.35278,4.11221,5.63436,3491.77,0
1.32951,3505.38,3.36452,4.13855,3.10559,3475.65,0
1.33081,3505.41,3.27879,4.15447,1.76734,3451.02,0
1.33211,3505.36,3.27656,4.20665,4.29692,3480.82,0
1.33342,3505.34,3.29107,4.16857,5.96791,3493.66,0
1.3347,3505.38,3.29794,4.13377,2.97196,3461.54,0
1.336,3505.36,3.28267,4.15664,4.63347,3476.01,0
1.3373,3505.35,3.25491,4.19145,4.81456,3479.92,0
1.33859,3505.34,3.31748,4.18736,3.95256,3480.17,0
1.33987,3505.33,3.29529,4.15827,5.8485,3485.63,0
1.34117,3505.3,3.27192,4.16268,7.7733,3504.36,0
1.34247,3505.33,3.29083,4.14183,4.30678,3478.12,0
1.34377,3505.32,3.30556,4.14605,4.92178,3485.07,0
1.34506,3505.37,3.36317,4.08183,0.665778,3441.26,0
1.34636,3505.39,3.27915,4.04893,0.920431,3420.85,0
1.34767,3505.36,3.37959,4.12118,0.451993,3443.8,0
1.34898,3505.33,3.40291,4.10269,3.05309,3464.82,0
1.35028,3505.33,3.37817,4.09662,3.39857,3461.16,0
1.35157,3505.37,3.28533,4.02989,2.48866,3422.97,0
1.35286,3505.35,3.22996,4.05649,4.63791,3436.49,0
1.35415,3505.31,3.20074,4.02622,8.0606,3460.76,0
1.35544,3505.32,3.21596,4.02154,6.05514,3452.85,0
1.35676,3505.3,3.21299,4.04219,6.83362,3467.52,0
1.35805,3505.33,3.14771,4.04596,4.92593,3442.29,0
1.35935,3505.36,3.17229,3.98419,3.01881,3415.67,0
1.36066,3505.38,3.08914,3.90972,3.55518,3391.78,0
1.36196,3505.37,3.12327,3.94007,3.48599,3399.26,0
1.36325,3505.34,3.08546,4.00871,5.10463,3419.2,0
1.36457,3505.27,3.11019,4.00961,9.36591,3468.98,0
1.36587,3505.25,3.10233,4.01117,9.14082,3479.85,0
1.36717,3505.23,3.13385,4.02235,7.91757,3485.57,0
1.36847,3505.2,3.12617,4.04956,8.5018,3503.91,0
1.36979,3505.19,3.14978,4.04005,7.92463,3513.24,0
1.37112,3505.18,3.13352,4.01566,7.86035,3514.16,0
1.37244,3505.16,3.13647,4.04451,7.95384,3527.37,0
1.37374,3505.17,3.14599,4.04483,6.33729,3517.6,0
1.37503,3505.17,3.11501,4.01853,6.57017,3510.32,0
1.37635,3505.18,3.11368,3.96559,6.71244,3503.68,0
1.37767,3505.16,3.10368,4.00949,6.21912,3511.27,0
1.37898,3505.16,3.09086,3.99028,6.44927,3512.19,0
1.38027,3505.15,3.05187,3.97282,7.28681,3514.79,0
1.38157,3505.14,3.0589,3.98587,6.06396,3514.92,0
1.38287,3505.16,3.04367,3.96369,4.8352,3498.68,0
1.38416,3505.2,2.98927,3.92863,3.58206,3471.33,0
1.38547,3505.15,2.94309,3.87184,8.76496,3502.13,0
1.38676,3505.15,2.92193,3.83447,7.86656,3498.47,0
1.38807,3505.19,2.99618,3.85212,2.26886,3466.52,0
1.38939,3505.18,2.99586,3.91852,1.6407,3471.51,0
1.39067,3505.13,3.02578,3.93502,4.46636,3501.25,0
1.39195,3505.12,3.04879,3.9222,4.82748,3506,0
1.39325,3505.09,3.03274,3.91932,6.66393,3522.28,0
1.39455,3505.12,3.05021,3.96975,2.59783,3500.94,0
1.39584,3505.12,3.07294,3.95427,2.60173,3498.86,0
1.39715,3505.11,3.06031,3.89641,4.56192,3500.65,0
1.39845,3505.11,3.09595,3.87987,4.00408,3496.3,0
1.39974,3505.11,3.08819,3.90172,3.3577,3494.67,0
1.40103,3505.12,3.10618,3.8578,2.60391,3481.12,0
1.40235,3505.13,3.08409,3.81342,3.20699,3473.63,0
1.40365,3505.15,3.10775,3.78056,1.64335,3456.95,0
1.40498,3505.14,3.12132,3.81687,0.86221,3457.03,0
1.4063,3505.1,3.1653,3.85683,2.61237,3482.62,0
1.4076,3505.09,3.16288,3.87989,3.0408,3487.31,0
1.40893,3505.12,3.16222,3.87084,1.01367,3466.69,0
1.41023,3505.08,3.18599,3.85329,4.41618,3491.6,0
1.41153,3505.08,3.1339,3.9611,2.35197,3484.98,0
1.41283,3505.08,3.15692,3.98578,1.13518,3480.14,0
1.41413,3505.06,3.18256,3.92571,4.19785,3495.32,0
1.41543,3505.08,3.18245,3.98234,1.12264,3479.51,0
1.41673,3505.05,3.13791,4.06781,1.81838,3492.94,0
1.41803,3505.07,3.10398,3.99693,2.61936,3478.27,0
1.41934,3505.04,3.12308,3.95768,5.0355,3492.52,0
1.42065,3505.04,3.10151,3.93099,6.08247,3493.2,0
1.42193,3505.06,3.05969,3.95456,4.20639,3476,0
1.42325,3505.11,3.0204,3.95333,0.552781,3439.13,0
1.42455,3505.05,3.09554,4.04873,1.45232,3472.5,0
1.42585,3505.06,3.1314,3.9468,2.46048,3463.98,0
1.42717,3505.07,3.08108,3.90559,3.30893,3453.28,0
1.42846,3505.05,3.05524,3.89271,5.69038,3467.39,0
1.42978,3505.05,3.01586,3.90087,4.94968,3460,0
1.43107,3505.06,3.05289,3.89589,3.27496,3449.76,0
1.43236,3505.03,3.12785,3.88226,5.1727,3471.18,0
1.43364,3505.04,3.21427,3.91365,1.34492,3458.22,0
1.43496,3505.05,3.22718,3.90252,0.632385,3452.01,0
1.43625,3504.99,3.23195,3.90608,5.28541,3488.53,0
1.43755,3504.99,3.20246,3.91287,5.49958,3488.22,0
1.43885,3504.98,3.17009,3.89201,6.64827,3489.75,0
1.44016,3504.96,3.18415,3.92333,5.91255,3497.33,0
1.44146,3504.92,3.19883,3.9462,8.18762,3522.98,0
1.44276,3504.96,3.20185,3.9597,4.22569,3496.01,0
1.44406,3504.97,3.26684,3.98193,1.11556,3484.42,0
1.44537,3504.96,3.27115,4.01387,0.774614,3485.87,0
1.44667,3504.98,3.20322,3.99133,1.31537,3473.2,0
1.44799,3504.96,3.14968,3.96378,3.92489,3478.85,0
1.44932,3504.94,3.19266,4.02477,3.51625,3491.51,0
1.45061,3504.91,3.20823,4.04977,4.83928,3506.56,0
1.4519,3504.94,3.21828,4.05126,2.28143,3487.24,0
1.45321,3504.97,3.12671,4.0145,2.37247,3464.35,0
1.45451,3504.97,3.07696,4.09538,1.04436,3461.27,0
1.45583,3504.94,3.10335,4.08546,3.17044,3478.5,0
1.45713,3504.95,3.14567,4.01783,2.70559,3465.2,0
1.45841,3504.95,3.09934,4.00258,3.91914,3462.6,0
1.45971,3504.96,3.20718,3.99424,1.21895,3453.39,0
1.46102,3504.92,3.20716,4.03765,3.90545,3480.43,0
1.46234,3504.94,3.20277,4.0198,2.41277,3462.93,0
1.46364,3504.9,3.23995,4.08609,3.01822,3483.47,0
1.46495,3504.89,3.25226,4.07916,3.77461,3488.7,0
1.46627,3504.89,3.20275,4.07949,4.51624,3486.85,0
1.46758,3504.87,3.20033,4.09134,5.24217,3497.78,0
1.46888,3504.91,3.13685,4.12719,1.64844,3465.95,0
1.47017,3504.87,3.11243,4.11232,5.51257,3488.68,0
1.47146,3504.92,3.09063,4.14677,0.841312,3454.8,0
1.47277,3504.86,3.07131,4.14027,5.87437,3489.09,0
1.47408,3504.89,3.09648,4.09665,4.1201,3469.44,0
1.47537,3504.86,3.05408,4.06508,7.16553,3482.83,0
1.47666,3504.88,3.09619,4.06485,4.41114,3468.03,0
1.47796,3504.87,3.09234,4.08853,3.95961,3467.98,0
1.47927,3504.84,3.07626,4.09249,6.49013,3487.18,0
1.48056,3504.91,2.98295,4.11396,1.41168,3439.52,0
1.48185,3504.9,3.03154,3.99752,3.67635,3438.81,0
1.48313,3504.9,3.00039,3.94749,5.86041,3441.48,0
1.48445,3504.87,2.96461,3.94381,7.73381,3455.19,0
1.48578,3504.87,2.93965,3.92338,7.80113,3454.95,0
1.48708,3504.96,2.97107,3.8417,0.626995,3392.34,0
1.48837,3504.91,2.93087,3.85989,4.5293,3416.74,0
1.48967,3504.89,2.91171,3.88312,5.67792,3428.21,0
1.49097,3504.88,2.88751,3.84397,7.42092,3432.98,0
1.49228,3504.84,2.8747,3.81741,10.0608,3458.15,0
1.49359,3504.86,2.9218,3.83752,5.62913,3442.43,0
1.49488,3504.93,2.87538,3.78138,1.22111,3391.89,0
1.49617,3504.91,2.91394,3.6985,4.10117,3402.02,0
1.49748,3504.92,2.90846,3.68849,3.69418,3395.37,0
1.49877,3504.93,2.91183,3.67662,2.60711,3384.2,0
1.50006,3504.97,2.95227,3.57495,0.200487,3353.37,0
1.50137,3504.98,2.93092,3.54062,0.301803,3345.13,0
1.50267,3504.96,2.81275,3.57696,3.54291,3356.84,0
1.50397,3505.02,2.61548,3.46209,3.78204,3312.24,0
1.50526,3504.96,2.63351,3.44216,8.43771,3346.73,0
1.5066,3504.94,2.66433,3.44646,8.48786,3358.28,0
1.50788,3504.93,2.67023,3.44439,8.56967,3364.17,0
1.5092,3504.93,2.68154,3.43655,7.33735,3360.48,0
1.51051,3504.96,2.70362,3.42467,3.5061,3334.65,0
1.5118,3504.99,2.74518,3.39094,0.867793,3313.67,0
1.5131,3504.97,2.72366,3.35724,3.49689,3321.8,0
1.51438,3504.98,2.67442,3.32951,4.05575,3314.27,0
1.51569,3504.96,2.71463,3.30702,5.1094,3322.89,0
1.51699,3504.98,2.72636,3.30658,2.54734,3306.61,0
1.51829,3505.02,2.70053,3.22525,1.60646,3282.57,0
1.5196,3504.97,2.73864,3.20428,5.24015,3309.87,0
1.5209,3504.95,2.7054,3.17122,7.60492,3321.35,0
1.5222,3504.96,2.69816,3.1586,5.48556,3311.1,0
1.52353,3504.93,2.69499,3.14595,7.50334,3326.8,0
1.52483,3504.97,2.67037,3.14013,4.13487,3301.63,0
1.52613,3504.95,2.68776,3.17352,3.69925,3307.35,0
1.52742,3504.95,2.66124,3.16508,4.48831,3306.77,0
1.52872,3504.95,2.66104,3.13138,4.86634,3305.07,0
1.53002,3504.98,2.67425,3.04521,2.83358,3279.08,0
1.53132,3505.01,2.64045,2.93365,3.32759,3260.04,0
1.53263,3505.01,2.63446,2.91929,3.49152,3256.91,0
1.53392,3505.01,2.60129,2.93385,3.84079,3255.52,0
1.53523,3504.96,2.61103,2.99712,6.59067,3282.13,0
1.53655,3504.92,2.59377,3.00691,9.08946,3308.28,0
1.53786,3504.91,2.57874,2.99511,8.78737,3310.77,0
1.53916,3504.91,2.56329,2.95656,8.03104,3304.68,0
1.54044,3504.92,2.57163,2.96564,5.5472,3297.12,0
1.54176,3504.96,2.58727,2.87491,3.40861,3270.15,0
1.54306,3504.92,2.58822,2.8445,6.73822,3289.4,0
1.54435,3504.95,2.55236,2.86424,3.54857,3267.39,0
1.54568,3504.95,2.6233,2.9271,1.29383,3267.26,0
1.54699,3504.96,2.57474,2.87996,1.90541,3256.54,0
1.54831,3504.97,2.50403,2.96234,0.765156,3249.59,0
1.54963,3504.96,2.45981,2.90425,3.78802,3253.91,0
1.55092,3504.97,2.48285,2.82883,3.49316,3242.09,0
1.55223,3504.95,2.50536,2.80608,5.43365,3254.03,0
1.55353,3504.91,2.49537,2.80738,8.31135,3274.03,0
1.55481,3504.92,2.45999,2.81727,6.47724,3265.26,0
1.5561,3504.94,2.48977,2.86281,3.52421,3254.55,0
1.55742,3504.96,2.50705,2.84026,1.15599,3235.58,0
1.55872,3504.95,2.49633,2.9359,0.0904476,3237.78,0
1.56002,3504.91,2.46485,2.90618,4.88793,3261.52,0
1.56132,3504.91,2.44068,2.92014,4.49593,3258.74,0
1.56262,3504.94,2.46049,2.94696,0.544178,3237.88,0
1.56394,3504.93,2.3278,2.93137,4.04072,3241.32,0
1.56525,3504.97,2.29091,2.89535,1.91959,3216.25,0
1.56656,3504.94,2.34825,2.89621,3.44222,3230.1,0
1.56785,3504.91,2.37479,2.95755,3.98184,3245.07,0
1.56916,3504.93,2.34227,2.9494,2.72013,3231,0
1.57045,3504.95,2.2766,2.98745,1.36884,3218.26,0
1.57174,3504.95,2.23671,2.95535,2.46699,3214.46,0
1.57303,3504.9,2.20235,2.93317,7.448,3242.75,0
1.57433,3504.87,2.23199,2.9854,7.52304,3257,0
1.57564,3504.89,2.23837,2.97845,4.88889,3245.33,0
1.57694,3504.86,2.26983,2.96743,7.25515,3262.57,0
1.57826,3504.86,2.29674,2.96322,5.79791,3257.83,0
1.57956,3504.85,2.28244,2.93018,6.4211,3257.31,0
1.58088,3504.85,2.26751,2.98932,5.46572,3259.52,0
1.58219,3504.85,2.23877,2.96351,5.72288,3254.76,0
1.5835,3504.89,2.17529,2.93413,3.60453,3229.51,0
1.58479,3504.85,2.16743,2.88776,7.75859,3250.26,0
1.58607,3504.86,2.14343,2.92819,5.75165,3242.56,0
1.58736,3504.86,2.18594,2.91743,4.5789,3240.39,0
1.58866,3504.82,2.19011,2.93734,6.93157,3261.39,0
1.58996,3504.84,2.19059,2.97,3.87314,3246.1,0
1.59126,3504.88,2.05597,2.98471,1.74388,3218.91,0
1.59257,3504.83,2.07881,2.94202,6.38115,3244.48,0
1.59386,3504.89,2.11843,2.90016,0.923469,3207.68,0
1.59515,3504.84,2.1243,2.85627,6.03599,3233.23,0
1.59642,3504.82,2.09547,2.87138,7.57448,3245.78,0
1.59772,3504.82,2.10787,2.88481,5.73072,3242.65,0
1.59905,3504.76,2.0564,2.86697,10.8202,3278.63,0
1.60036,3504.75,2.02362,2.90736,9.08013,3282.32,0
1.60165,3504.74,2.05825,2.93263,7.17649,3283.07,0
1.60296,3504.76,2.0171,2.93323,4.72669,3268.71,0
1.60424,3504.74,2.15752,2.99922,2.47425,3277.19,0
1.60552,3504.76,2.1107,2.93486,3.30224,3266.05,0
1.60682,3504.73,2.07717,3.07872,3.02027,3279.56,0
1.60813,3504.71,2.05861,3.04297,6.15328,3290.59,0
1.60944,3504.69,2.11258,3.15655,3.36278,3296.67,0
1.61071,3504.68,2.08633,3.09274,6.39355,3302.5,0
1.61201,3504.71,2.10236,3.05421,3.91228,3282.27,0
1.61334,3504.72,2.07335,3.12328,1.85322,3274.96,0
1.61462,3504.7,2.07726,3.11579,3.71223,3284.1,0
1.61593,3504.67,2.10305,3.07988,6.57816,3299.26,0
1.61723,3504.72,2.08713,3.03584,2.50808,3264.65,0
1.61852,3504.71,2.06351,3.0948,2.4713,3271.16,0
1.61983,3504.7,2.04004,3.08335,3.44441,3271.38,0
1.62113,3504.69,2.04167,3.10863,3.78165,3275.57,0
1.62242,3504.7,2.04637,3.08454,2.66306,3263.65,0
1.62372,3504.71,2.11984,3.05287,1.20422,3255.67,0
1.62502,3504.66,2.10744,3.04495,6.27797,3284.96,0
1.62632,3504.67,2.12517,3.0801,3.70936,3276.8,0
1.62762,3504.67,2.08842,3.06404,4.73521,3275.69,0
1.62891,3504.69,2.12932,3.07423,0.984126,3257.41,0
1.63022,3504.68,2.17635,3.12078,0.599847,3264.73,0
1.63152,3504.67,2.16366,3.06881,2.6912,3266.43,0
1.6328,3504.65,2.09457,3.01969,6.32494,3273.82,0
1.63412,3504.68,2.1247,3.0109,3.13825,3254.37,0
1.63542,3504.69,2.14302,3.01968,1.79657,3248.3,0
1.63671,3504.66,2.15321,3.05553,3.40879,3262.35,0
1.638,3504.65,2.16085,3.01821,4.93384,3265.67,0
1.63927,3504.68,2.13977,2.98173,2.73138,3246.59,0
1.64058,3504.71,2.13778,2.91974,0.596008,3222.99,0
1.64186,3504.68,2.17048,2.85902,4.24061,3238.72,0
1.64315,3504.67,2.17542,2.83897,5.35561,3245.18,0
1.64445,3504.66,2.18887,2.86276,4.59899,3245.11,0
1.64576,3504.62,2.24385,2.92185,5.99953,3266.75,0
1.64705,3504.62,2.25369,2.93577,4.96969,3266.08,0
1.64835,3504.59,2.24063,2.92488,7.73554,3283.48,0
1.64966,3504.61,2.25111,2.92212,3.93228,3265.17,0
1.65097,3504.59,2.2344,2.87496,7.07807,3275.24,0
1.65225,3504.59,2.21353,2.8737,6.78753,3274.09,0
1.65357,3504.58,2.18942,2.85673,6.71681,3277.16,0
1.65486,3504.54,2.20512,2.84594,9.55803,3297.15,0
1.65615,3504.53,2.20464,2.85746,8.47386,3300.17,0
1.65744,3504.52,2.21897,2.83988,8.72245,3308.39,0
1.65873,3504.49,2.22829,2.84882,9.41952,3323.11,0
1.66002,3504.49,2.21588,2.87391,8.00698,3321.32,0
1.66133,3504.49,2.16685,2.8469,7.44861,3314.28,0
1.66264,3504.49,2.16597,2.84001,7.10046,3315.84,0
1.66393,3504.5,2.1346,2.82548,6.18863,3305.82,0
1.66523,3504.48,2.13758,2.82923,7.12224,3313.79,0
1.66655,3504.46,2.16876,2.84993,8.05436,3326.44,0
1.66786,3504.46,2.14863,2.85549,6.44291,3320.82,0
1.66916,3504.47,2.16085,2.86991,4.94245,3315.86,0
1.67045,3504.45,2.1529,2.86308,6.27914,3324.84,0
1.67174,3504.43,2.16648,2.87455,6.78483,3331.67,0
1.67303,3504.4,2.15761,2.86337,8.94832,3344.35,0
1.67434,3504.4,2.167,2.8877,7.43543,3344.83,0
1.67563,3504.38,2.13088,2.86991,9.15086,3355.93,0
1.67694,3504.36,2.13513,2.87357,9.30676,3365.13,0
1.67824,3504.33,2.13109,2.84723,10.8169,3380.15,0
1.67955,3504.28,2.22314,2.78806,2.54737,3403.7,0
1.68085,3504.26,2.1952,2.83222,3.63307,3412.87,0
1.68214,3504.25,2.16262,2.85306,4.79652,3417.84,0
1.68344,3504.22,2.14792,2.83723,8.03513,3435.93,0
1.68475,3504.23,2.13533,2.81994,6.34754,3425.66,0
1.68604,3504.22,2.13383,2.87361,5.15075,3428.41,0
1.68736,3504.24,2.19883,2.90202,0.67595,3413.43,0
1.68868,3504.22,2.10109,2.98636,2.12914,3420.94,0
1.68998,3504.18,2.12332,3.02932,5.27967,3446.23,0
1.69125,3504.18,2.14782,3.03466,3.54729,3439.47,0
1.69256,3504.16,2.11846,2.9741,7.37663,3447.73,0
1.69387,3504.15,2.14477,2.97797,7.26124,3452.02,0
1.69519,3504.14,2.11725,2.99521,8.10552,3459.26,0
1.69647,3504.16,2.11941,3.0046,4.02451,3441.73,0
1.69778,3504.11,2.13742,3.05011,7.38866,3467.35,0
1.69908,3504.11,2.14761,3.03053,7.06812,3465.6,0
1.70038,3504.12,2.14031,3.03452,5.42995,3459.37,0
1.70167,3504.09,2.16875,3.03458,7.14301,3473.9,0
1.70295,3504.09,2.1532,3.07192,5.26146,3467.92,0
1.70428,3504.08,2.23848,3.16376,2.58175,3476.35,0
1.70557,3504.09,2.1583,3.17916,1.829,3463.86,0
1.70688,3504.05,2.21291,3.13479,6.70101,3487.37,0
1.70819,3504.12,2.2213,3.02011,0.896561,3439.33,0
1.70951,3504.12,2.12237,2.99704,4.11188,3440.11,0
1.7108,3504.11,2.13152,3.02845,4.04922,3445.22,0
1.71211,3504.11,2.0959,3.07901,2.79268,3440.67,0
1.7134,3504.07,2.12515,3.03292,7.25055,3460.11,0
1.71469,3504.08,2.06178,3.01129,6.67717,3450.78,0
1.71598,3504.09,2.02052,2.97228,6.52638,3441.7,0
1.71726,3504.13,2.08015,2.94748,2.04641,3419.41,0
1.71856,3504.11,2.12548,2.99163,1.327,3425.05,0
1.71986,3504.05,2.17416,3.02468,5.45299,3457.56,0
1.72116,3504.01,2.14893,3.04353,8.37258,3478.57,0
1.72244,3504.04,2.15028,3.05733,4.44322,3462.27,0
1.72376,3504.01,2.17516,3.01867,7.03997,3472.41,0
1.72507,3504.01,2.21489,3.00803,5.9953,3472.54,0
1.72634,3504.02,2.24003,3.1039,1.78609,3465.45,0
1.72762,3503.97,2.25361,3.10518,5.80541,3487.81,0
1.72891,3503.99,2.21947,3.15906,3.00086,3477.69,0
1.73021,3503.92,2.2789,3.19758,7.16639,3512.47,0
1.73152,3503.91,2.2699,3.18254,7.9573,3517.36,0
1.73283,3503.92,2.31181,3.15412,5.55447,3507.84,0
1.73413,3503.9,2.31561,3.14491,7.75204,3518.89,0
1.73545,3503.86,2.27911,3.14807,9.90273,3536.03,0
1.73674,3503.9,2.25035,3.15638,4.94059,3511.32,0
1.73804,3503.89,2.27368,3.14462,5.80906,3515.62,0
1.73934,3503.86,2.27291,3.10473,9.43052,3530.86,0
1.74064,3503.85,2.26499,3.11531,8.24169,3535.95,0
1.74193,3503.81,2.27936,3.13016,9.82081,3553.78,0
1.74324,3503.81,2.2963,3.15404,7.93381,3552.67,0
1.74453,3503.81,2.30224,3.18132,5.42208,3547.04,0
1.74583,3503.83,2.31675,3.23209,1.43662,3534.36,0
1.74714,3503.79,2.35631,3.2272,4.95505,3554.31,0
1.74844,3503.79,2.3287,3.24101,4.71266,3552.34,0
1.74972,3503.77,2.31979,3.21756,6.63205,3559.69,0
1.75103,3503.78,2.2938,3.22167,5.26258,3552.21,0
1.75233,3503.77,2.30233,3.24493,5.0914,3555.22,0
1.75364,3503.79,2.32577,3.22503,2.37187,3540.84,0
1.75494,3503.77,2.34367,3.30567,1.99528,3552.3,0
1.75624,3503.75,2.35334,3.29821,3.44469,3557.68,0
1.75755,3503.78,2.34595,3.27154,1.05416,3537.25,0
1.75885,3503.74,2.32684,3.25628,6.32858,3559.35,0
1.76017,3503.75,2.39857,3.27689,3.00486,3552.17,0
1.76145,3503.72,2.38012,3.26055,6.85581,3567.92,0
1.76275,3503.72,2.39111,3.27122,5.20272,3564.91,0
1.76407,3503.73,2.41509,3.24093,3.54209,3552.76,0
1.76538,3503.72,2.42159,3.22325,5.0562,3557.25,0
1.76669,3503.74,2.4323,3.23798,2.13923,3544.61,0
1.76797,3503.7,2.45746,3.16142,7.98833,3563.79,0
1.76926,3503.66,2.48398,3.16037,10.6371,3584.33,0
1.77056,3503.63,2.44065,3.15555,2.07983,3595.64,0
1.77187,3503.65,2.36857,3.14265,2.31314,3583.63,0
1.77317,3503.65,2.37349,3.14635,2.42007,3583.44,0
1.77447,3503.65,2.42727,3.09195,2.70087,3580.66,0
1.77578,3503.64,2.45876,3.11946,1.42925,3580.55,0
1.77705,3503.58,2.5373,3.10856,6.06456,3611.71,0
1.77835,3503.59,2.59165,3.18443,0.859376,3603.4,0
1.77965,3503.59,2.53563,3.23195,1.46036,3604.43,0
1.78094,3503.54,2.5962,3.19072,5.8317,3627.81,0
1.78223,3503.54,2.57461,3.1949,5.62539,3625.62,0
1.78352,3503.52,2.54484,3.20878,7.01564,3634.51,0
1.78484,3503.55,2.5636,3.25125,0.819041,3611.16,0
1.78615,3503.51,2.50893,3.3002,5.52342,3634.19,0
1.78746,3503.5,2.57483,3.2874,4.5863,3634.87,0
1.78877,3503.51,2.50081,3.31944,4.53716,3628.37,0
1.79008,3503.53,2.50371,3.26954,4.07406,3616.47,0
1.79138,3503.57,2.51541,3.14988,2.25055,3586.76,0
1.79268,3503.54,2.55313,3.22075,2.99909,3604.99,0
1.79397,3503.51,2.5797,3.21478,4.77033,3615.6,0
1.79528,3503.52,2.5643,3.30729,1.20043,3609.27,0
1.79658,3503.49,2.6212,3.33606,1.94146,3622.96,0
1.79789,3503.44,2.60671,3.37135,6.38424,3649.73,0
1.79918,3503.4,2.62871,3.34632,9.17046,3666.15,0
1.80048,3503.39,2.61905,3.29672,10.1227,3669.67,0
1.80178,3503.38,2.61104,3.30763,9.52992,3675.16,0
1.80309,3503.36,2.60658,3.29922,10.1429,3682.08,0
1.80441,3503.34,2.58936,3.27669,10.8257,3689.52,0
1.80571,3503.36,2.60607,3.27525,7.6769,3679.47,0
1.80701,3503.38,2.55502,3.24892,5.72027,3661.2,0
1.8083,3503.38,2.53042,3.25924,5.48028,3658.16,0
1.8096,3503.4,2.50764,3.25537,3.57849,3646.35,0
1.81091,3503.4,2.49539,3.24242,4.41144,3644.66,0
1.81219,3503.37,2.4756,3.23122,8.10957,3657.01,0
1.81349,3503.35,2.51083,3.19562,8.73018,3665.12,0
1.81478,3503.33,2.5267,3.17124,9.84266,3672.93,0
1.81607,3503.29,2.56058,3.13314,2.32057,3693.23,0
1.8174,3503.28,2.62728,3.17084,0.839879,3699.9,0
1.81873,3503.27,2.59127,3.13007,4.32997,3702.62,0
1.82003,3503.28,2.6591,3.10198,1.69819,3692.62,0
1.82132,3503.23,2.63984,3.13355,6.71088,3718.22,0
1.82261,3503.26,2.62238,3.14276,2.69196,3696.55,0
1.82392,3503.21,2.63606,3.11591,8.74426,3722.79,0
1.82522,3503.18,2.63317,3.09889,10.4232,3736.76,0
1.82652,3503.19,2.6322,3.11612,6.55048,3726.21,0
1.82781,3503.19,2.59245,3.1322,6.53676,3723.85,0
1.82912,3503.24,2.61994,3.11237,1.10172,3697.62,0
1.8304,3503.24,2.57276,3.07566,3.00169,3692.1,0
1.8317,3503.25,2.5716,3.09073,1.8248,3687.46,0
1.833,3503.19,2.58195,3.22303,3.50725,3717.08,0
1.8343,3503.17,2.64417,3.17203,5.08632,3723.01,0
1.83559,3503.19,2.70176,3.15277,1.579,3709.26,0
1.83689,3503.12,2.76387,3.17117,6.39974,3743.94,0
1.83821,3503.09,2.76272,3.16632,8.64116,3759.46,0
1.83949,3503.08,2.74387,3.15571,9.38009,3763.18,0
1.84079,3503.06,2.73044,3.11769,10.5376,3768.72,0
1.84208,3503.07,2.69183,3.041,0.628921,3762.5,0
1.84338,3503.05,2.65743,3.03339,4.22185,3772.06,0
1.84468,3503.01,2.67438,3.06308,6.2497,3787.73,0
1.84597,3502.98,2.71009,3.08623,6.9598,3800.44,0
1.84728,3502.96,2.69374,3.06655,9.58916,3810.44,0
1.84857,3502.96,2.64979,3.03977,10.5134,3809.02,0
1.84988,3502.93,2.66568,2.98793,1.61438,3819.51,0
1.85117,3502.88,2.70782,3.07564,3.39162,3846.51,0
1.85247,3502.94,2.63313,3.00206,1.76066,3813.6,0
1.85379,3502.83,2.81385,3.17373,1.80574,3869.17,0
1.85509,3502.81,2.76129,3.23707,2.69083,3874.34,0
1.8564,3502.78,2.77009,3.24878,4.89633,3887.04,0
1.8577,3502.82,2.72639,3.24837,1.60705,3862.84,0
1.85899,3502.81,2.6605,3.22226,6.62582,3868.86,0
1.86031,3502.83,2.76965,3.13247,3.35476,3852.2,0
1.86163,3502.82,2.80258,3.06955,6.29608,3858.63,0
1.86292,3502.83,2.80386,3.09592,3.45456,3848.43,0
1.86421,3502.82,2.75466,3.0602,7.34728,3853.59,0
1.8655,3502.83,2.7639,3.08011,4.66015,3845.65,0
1.86679,3502.85,2.69848,3.04185,5.31978,3830.08,0
1.86809,3502.86,2.66699,3.01727,5.76445,3823.34,0
1.86939,3502.87,2.71993,3.02094,2.29467,3814.68,0
1.87069,3502.83,2.70873,3.08697,4.21214,3830.82,0
1.87199,3502.85,2.72502,3.09848,1.43845,3821.64,0
1.87329,3502.84,2.71902,3.05924,3.31712,3820.96,0
1.87458,3502.86,2.56572,3.08409,4.8029,3806.99,0
1.87587,3502.88,2.57215,3.11986,1.41946,3796.65,0
1.87716,3502.89,2.51412,3.15108,0.578501,3788.05,0
1.87848,3502.87,2.52522,3.14796,2.23902,3794.32,0
1.87979,3502.85,2.46294,3.19246,4.73474,3802.94,0
1.8811,3502.86,2.44999,3.20049,3.99548,3797.86,0
1.8824,3502.86,2.42449,3.18178,4.95035,3793.29,0
1.88371,3502.88,2.43917,3.17637,1.58629,3778.82,0
1.88499,3502.82,2.46902,3.19806,6.88106,3810.64,0
1.88629,3502.81,2.48967,3.16475,7.55085,3810.67,0
1.88759,3502.78,2.46639,3.17804,10.022,3825.5,0
1.8889,3502.8,2.43862,3.19417,6.89069,3814.1,0
1.8902,3502.79,2.41037,3.17063,8.39606,3814.35,0
1.8915,3502.8,2.40845,3.20385,4.91687,3806.12,0
1.8928,3502.78,2.39084,3.19975,7.52133,3816.09,0
1.89411,3502.77,2.39237,3.24842,5.31592,3817.68,0
1.8954,3502.76,2.42297,3.27025,4.20894,3820.18,0
1.8967,3502.77,2.356,3.21264,6.79982,3812.61,0
1.89802,3502.76,2.32468,3.18933,7.89605,3812.95,0
1.8993,3502.75,2.32461,3.2007,7.21653,3814.98,0
1.90059,3502.75,2.31915,3.19794,7.10535,3816.35,0
1.90189,3502.74,2.32512,3.19796,6.99034,3818.22,0
1.90319,3502.71,2.27899,3.21676,10.1274,3832.77,0
1.9045,3502.72,2.25674,3.24262,5.97887,3820.68,0
1.90581,3502.74,2.24954,3.28539,1.92296,3809.28,0
1.90712,3502.68,2.28329,3.42276,1.6054,3837.21,0
1.90842,3502.69,2.26082,3.38813,2.96786,3831.22,0
1.90971,3502.66,2.31772,3.38696,4.47016,3842.72,0
1.911,3502.65,2.32202,3.36545,6.10638,3846.4,0
1.9123,3502.66,2.35147,3.3899,2.47125,3838.61,0
1.91358,3502.65,2.36219,3.33857,4.9605,3838.74,0
1.91488,3502.62,2.34194,3.35911,7.46914,3851.87,0
1.91619,3502.61,2.32321,3.37854,7.49358,3855.28,0
1.9175,3502.6,2.2672,3.38068,9.44788,3858.29,0
1.9188,3502.59,2.28185,3.37385,9.0138,3861.85,0
1.92009,3502.6,2.23597,3.40699,7.22474,3855.71,0
1.92139,3502.56,2.23156,3.41828,10.506,3872.48,0
1.92268,3502.57,2.2256,3.45993,5.05114,3861.93,0
1.92397,3502.61,2.27278,3.41237,1.49549,3841.23,0
1.9253,3502.58,2.27212,3.44341,4.03038,3856.24,0
1.92658,3502.57,2.25224,3.41727,5.70385,3855.4,0
1.9279,3502.58,2.31786,3.43612,1.83044,3849.81,0
1.92921,3502.57,2.294,3.46271,2.34385,3852.05,0
1.93053,3502.5,2.3441,3.47705,8.28556,3886.49,0
1.93182,3502.52,2.32348,3.52079,3.93713,3873.76,0
1.93312,3502.53,2.30676,3.50386,4.05957,3865.96,0
1.9344,3502.55,2.41116,3.43977,0.587673,3850.21,0
1.93569,3502.57,2.37957,3.39759,1.15664,3837.88,0
1.93701,3502.54,2.37466,3.33753,7.25935,3850.47,0
1.93832,3502.52,2.37802,3.31397,9.08082,3858.9,0
1.93962,3502.5,2.34363,3.28131,1.00526,3866.26,0
1.94093,3502.49,2.39325,3.26801,1.20299,3869.25,0
1.94225,3502.45,2.33844,3.39559,1.52859,3885.79,0
1.94355,3502.4,2.35503,3.42942,5.5279,3910.12,0
1.94485,3502.39,2.3812,3.42296,5.5668,3912.98,0
1.94613,3502.36,2.38216,3.41592,8.87723,3927.56,0
1.94741,3502.34,2.39486,3.43641,7.68085,3934.79,0
1.94872,3502.31,2.41126,3.42299,9.61227,3946.6,0
1.95003,3502.34,2.38795,3.44777,4.39075,3929.5,0
1.95131,3502.31,2.37823,3.44887,7.59365,3941.66,0
1.95259,3502.3,2.37439,3.48199,6.55058,3945.2,0
1.95389,3502.3,2.33032,3.48628,6.54538,3940.12,0
1.9552,3502.28,2.33575,3.47888,8.2414,3948.22,0
1.9565,3502.27,2.33822,3.54107,5.50606,3949.8,0
1.95781,3502.27,2.34573,3.52185,6.29812,3950.75,0
1.95911,3502.27,2.36048,3.50099,5.38821,3944.09,0
1.96042,3502.21,2.38287,3.51704,9.42079,3971.45,0
1.96171,3502.22,2.38579,3.46178,8.28446,3963.45,0
1.96301,3502.27,2.31814,3.43869,5.11547,3935.59,0
1.96432,3502.24,2.30854,3.40379,10.2022,3949.12,0
1.96561,3502.25,2.31503,3.39279,7.99875,3940.36,0
1.96691,3502.25,2.3421,3.39743,6.08252,3940.13,0
1.96822,3502.24,2.34779,3.41359,5.0302,3940.14,0
1.96952,3502.27,2.37288,3.3348,5.44215,3927.2,0
1.97083,3502.27,2.43119,3.35291,1.08337,3920.25,0
1.97212,3502.29,2.41731,3.29874,2.42946,3910.72,0
1.97342,3502.29,2.46664,3.19714,5.46882,3909.33,0
1.97473,3502.3,2.44825,3.23185,2.94608,3901.04,0
1.97603,3502.32,2.4215,3.23399,0.717617,3886.96,0
1.97735,3502.25,2.49958,3.23712,5.54938,3917.03,0
1.97863,3502.29,2.503,3.24686,0.3546,3898.56,0
1.97995,3502.28,2.49253,3.15689,5.98601,3900.28,0
1.98124,3502.27,2.49959,3.15424,5.80683,3900.01,0
1.98252,3502.3,2.45372,3.1586,4.14314,3886.2,0
1.98385,3502.29,2.47879,3.1456,4.93144,3888.56,0
1.98515,3502.27,2.47095,3.12586,7.45488,3894.05,0
1.98644,3502.26,2.45193,3.10053,9.14219,3896.46,0
1.98776,3502.27,2.46183,3.07948,6.95772,3888.84,0
1.98906,3502.26,2.45172,3.04949,8.30682,3891,0
1.99037,3502.25,2.44248,3.05081,8.54889,3894.36,0
1.99166,3502.23,2.43774,3.05265,8.77317,3900.58,0
1.99296,3502.26,2.43268,3.03336,4.77016,3885.74,0
1.99426,3502.27,2.41017,3.01919,3.95855,3876.46,0
1.99554,3502.27,2.44534,2.99842,2.93977,3872.34,0
1.99685,3502.25,2.48182,2.97815,5.67358,3882.95,0
1.99817,3502.23,2.53129,3.00896,3.82132,3886.79,0
1.99947,3502.24,2.5715,3.0357,0.44986,3882.48,0
2.00076,3502.18,2.591,3.04159,6.08008,3909.3,0
2.00206,3502.17,2.58334,3.0438,6.26311,3912.92,0
2.00335,3502.13,2.56415,3.06441,8.82776,3928.06,0
2.00463,3502.15,2.55088,3.04219,6.45356,3916,0
2.00592,3502.07,2.59548,3.02926,3.23139,3953.11,0
2.00719,3502.08,2.57467,3.03497,2.72465,3947.15,0
2.00852,3502.01,2.59783,3.17034,2.85145,3975.62,0
2.0098,3501.98,2.58008,3.18801,6.62835,3989.76,0
2.01111,3502.01,2.57666,3.18149,3.53361,3974.61,0
2.01244,3501.97,2.56653,3.21892,5.87567,3988.54,0
2.01374,3501.97,2.52889,3.21254,6.84401,3985.96,0
2.01505,3502.03,2.52265,3.18254,1.16868,3956.39,0
2.01637,3501.99,2.50858,3.15561,6.96153,3971.32,0
2.01766,3502,2.53191,3.18827,2.88776,3964.96,0
2.01897,3501.98,2.57925,3.14594,5.01995,3969.99,0
2.02029,3501.97,2.55399,3.16048,6.35686,3972.78,0
2.02159,3501.92,2.50391,3.14454,3.43637,3997.2,0
2.02292,3501.95,2.46243,3.12579,2.60946,3981.35,0
2.0242,3501.92,2.46539,3.13224,4.9249,3989.94,0
2.0255,3501.96,2.44845,3.12849,0.99925,3970.22,0
2.02681,3501.93,2.43395,3.13598,4.49819,3980.12,0
2.02811,3501.95,2.425,3.1139,3.94432,3970.36,0
2.02943,3501.94,2.46974,3.07698,4.03882,3969.63,0
2.03074,3501.9,2.47935,3.06193,8.8188,3988.77,0
2.03206,3501.87,2.48914,3.06624,9.14744,3999.06,0
2.03337,3501.88,2.50873,3.04996,7.72315,3994.93,0
2.03469,3501.87,2.48687,3.05198,8.19254,3997.29,0
2.03598,3501.86,2.46019,3.05419,8.30692,3997.24,0
2.03729,3501.88,2.45681,3.05436,4.74203,3986.55,0
2.03859,3501.87,2.4776,3.03719,4.90485,3988.48,0
2.03987,3501.92,2.39185,3.00763,3.80718,3963.21,0
2.04118,3501.89,2.43312,3.07681,1.0433,3971.35,0
2.04248,3501.89,2.46561,3.04532,1.96462,3971.7,0
2.04377,3501.9,2.47643,2.97684,2.84034,3961.12,0
2.04508,3501.9,2.44679,2.96619,5.43355,3962.5,0
2.0464,3501.89,2.44674,2.93788,6.28811,3961.43,0
2.04767,3501.89,2.45664,2.92557,6.21778,3961.68,0
2.04898,3501.86,2.45592,2.93914,8.96496,3974.9,0
2.05027,3501.87,2.41457,2.92047,8.41594,3965.17,0
2.05156,3501.86,2.38916,2.93536,7.70978,3965.4,0
2.05287,3501.85,2.38663,2.92447,9.31058,3969.53,0
2.05417,3501.8,2.36119,2.92361,4.77031,3991.55,0
2.05549,3501.81,2.34819,2.93205,3.36796,3984.82,0
2.0568,3501.73,2.34197,2.90854,3.62475,4022.08,0
2.05812,3501.73,2.30123,2.84005,8.41248,4017.7,0
2.05942,3501.7,2.28541,2.84881,10.9782,4029.85,0
2.06072,3501.71,2.29135,2.86555,7.37605,4022.69,0
2.062,3501.7,2.26619,2.86787,7.77289,4024.2,0
2.06331,3501.72,2.29053,2.85362,4.31514,4013.56,0
2.06461,3501.71,2.28853,2.84158,5.85067,4015.46,0
2.06592,3501.7,2.26248,2.82452,8.1939,4016.29,0
2.06721,3501.69,2.23743,2.83694,8.24888,4018.8,0
2.06851,3501.71,2.25145,2.84116,3.97903,4008.56,0
2.06982,3501.66,2.2421,2.92473,5.34774,4027.32,0
2.07111,3501.65,2.23827,2.88752,8.59378,4030.78,0
2.07244,3501.64,2.24833,2.88458,8.11299,4034.85,0
2.07376,3501.68,2.27833,2.87122,0.57814,4011.74,0
2.07507,3501.68,2.21621,2.8579,3.90302,4008.19,0
2.07636,3501.68,2.17487,2.91861,1.67972,4006.07,0
2.07766,3501.65,2.15467,2.89617,7.69302,4017.48,0
2.07894,3501.63,2.14892,2.90995,8.89359,4025.82,0
2.08024,3501.62,2.14748,2.90272,8.76311,4026.18,0
2.08153,3501.65,2.13737,2.88303,4.89131,4009.26,0
2.08284,3501.67,2.15551,2.8668,2.98372,4000.8,0
2.08412,3501.69,2.09824,2.86123,2.1786,3986.22,0
2.0854,3501.66,2.12405,2.88127,4.51637,3999.76,0
2.08668,3501.67,2.11688,2.81195,7.40042,3992.94,0
2.08798,3501.65,2.15711,2.78934,8.30111,4000.32,0
2.08927,3501.69,2.15601,2.80175,0.623125,3977.62,0
2.09057,3501.68,2.17799,2.73088,5.0225,3979.99,0
2.09186,3501.68,2.20183,2.73577,3.11275,3976.62,0
2.09317,3501.7,2.18781,2.68964,3.88868,3966.2,0
2.09446,3501.68,2.18355,2.69186,6.28398,3971.96,0
2.09576,3501.69,2.17683,2.65273,6.79698,3966.57,0
2.09706,3501.66,2.11554,2.65743,11.0363,3976.27,0
2.09836,3501.71,2.12015,2.62653,3.62043,3949.3,0
2.09965,3501.73,2.08451,2.61638,2.98431,3938.15,0
2.10098,3501.68,2.09855,2.70084,4.65287,3960.4,0
2.10228,3501.71,2.09021,2.69374,1.3685,3945.36,0
2.10358,3501.67,2.17487,2.66286,4.70906,3961.26,0
2.10487,3501.63,2.21696,2.73412,4.3053,3978.8,0
2.10616,3501.61,2.17834,2.73107,7.29265,3981.42,0
2.10748,3501.63,2.2088,2.7493,1.58,3970.38,0
2.10879,3501.61,2.20361,2.72091,6.87878,3980.3,0
2.1101,3501.62,2.17085,2.75087,3.69882,3970.35,0
2.11139,3501.65,2.15817,2.72503,2.19534,3956.98,0
2.1127,3501.62,2.09458,2.70355,9.3014,3964.85,0
2.11401,3501.6,2.11906,2.70481,9.34957,3972.31,0
2.1153,3501.6,2.1194,2.68105,8.77906,3970.64,0
2.1166,3501.58,2.14556,2.68838,8.26962,3977.02,0
2.1179,3501.49,2.08659,2.75967,7.66385,4017.16,0
2.1192,3501.49,2.07064,2.76736,8.07155,4016.07,0
2.1205,3501.46,2.0949,2.77605,8.34901,4025.09,0
2.12182,3501.48,2.05475,2.78927,6.35109,4016.26,0
2.12312,3501.45,2.0358,2.79875,9.06251,4026.05,0
2.12443,3501.44,2.01155,2.80699,10.0591,4029.41,0
2.12575,3501.46,2.02004,2.80997,5.2421,4016.76,0
2.12704,3501.47,1.99233,2.77231,7.36557,4011.79,0
2.12833,3501.45,2.00957,2.757,9.10598,4018.77,0
2.12961,3501.41,2.02104,2.79765,9.52474,4032.52,0
2.13094,3501.43,2.02137,2.78942,6.14074,4020.59,0
2.13225,3501.44,2.00849,2.78451,5.04668,4012.99,0
2.13356,3501.41,2.01779,2.78384,9.18758,4027.16,0
2.13486,3501.4,2.05157,2.77777,6.83386,4026.29,0
2.13616,3501.39,2.07494,2.76183,8.18118,4030.51,0
2.13746,3501.42,2.05973,2.78387,2.20103,4014.31,0
2.13878,3501.34,2.10753,2.82291,8.08365,4047.84,0
2.14009,3501.38,2.14273,2.79557,2.46148,4029.03,0
2.14139,3501.39,2.11619,2.81263,1.21172,4022.18,0
2.1427,3501.36,2.12135,2.80306,5.40913,4032.49,0
2.14402,3501.35,2.08573,2.83425,6.0715,4035.45,0
2.1453,3501.37,2.10152,2.83026,1.38709,4022,0
2.1466,3501.35,2.17023,2.75651,6.3126,4031.74,0
2.1479,3501.34,2.18255,2.75202,6.78484,4034.12,0
2.14921,3501.37,2.15912,2.72848,3.14326,4015.93,0
2.1505,3501.37,2.17284,2.64097,7.03134,4011.57,0
2.15181,3501.39,2.1489,2.68935,1.84612,4000.91,0
2.1531,3501.33,2.26441,2.71171,2.74378,4025.54,0
2.1544,3501.29,2.24367,2.80351,3.49084,4041.35,0
2.1557,3501.27,2.28845,2.79987,4.54511,4049.78,0
2.15701,3501.26,2.31844,2.80581,3.83258,4051.71,0
2.15834,3501.24,2.33408,2.85149,3.35621,4060.44,0
2.15963,3501.21,2.31176,2.91617,3.62237,4069.41,0
2.16093,3501.18,2.27391,3.00396,3.65186,4080.17,0
2.16223,3501.16,2.32261,3.01536,3.05908,4087.43,0
2.16356,3501.15,2.34652,3.05712,0.120287,4089.63,0
2.16486,3501.17,2.36369,2.98417,1.68052,4079.08,0
2.16615,3501.16,2.38231,2.95153,4.22249,4081.26,0
2.16746,3501.18,2.40109,2.87529,5.48879,4070.16,0
2.16876,3501.18,2.39754,2.89126,4.4256,4068.04,0
2.17008,3501.13,2.4787,2.87929,6.90708,4086.78,0
2.17138,3501.14,2.46353,2.86994,6.21648,4080.46,0
2.17268,3501.16,2.46886,2.86558,3.44377,4070.33,0
2.174,3501.17,2.49889,2.8089,3.57345,4062.45,0
2.17529,3501.16,2.46239,2.82921,6.01242,4065.91,0
2.17661,3501.13,2.45381,2.82475,9.31717,4075.99,0
2.17789,3501.14,2.41266,2.84689,6.84257,4066.74,0
2.1792,3501.15,2.3984,2.87777,3.57307,4062.22,0
2.1805,3501.11,2.45423,2.87186,5.10672,4075.17,0
2.18182,3501.11,2.44997,2.84449,6.53398,4073.33,0
2.18312,3501.11,2.46634,2.8575,4.48993,4072.13,0
2.1844,3501.1,2.47309,2.92347,1.39729,4075.83,0
2.18573,3501.05,2.46377,2.9844,4.15768,4093.92,0
2.18703,3501.04,2.44926,2.97575,6.37956,4094.76,0
2.18835,3501.01,2.44681,3.01001,8.26461,4107.46,0
2.18964,3500.99,2.49983,3.03852,5.32286,4114.39,0
2.19095,3500.98,2.4654,3.02697,8.54314,4115.86,0
2.19224,3500.94,2.48581,3.00067,2.45536,4132.51,0
2.19354,3500.92,2.47508,3.04787,2.02816,4137.74,0
2.19486,3500.91,2.45102,3.0165,7.09335,4141.69,0
2.19617,3500.92,2.41626,3.02496,6.07635,4135.05,0
2.19747,3500.9,2.47925,3.05016,3.09961,4142.06,0
2.19875,3500.89,2.48505,3.04546,4.06285,4143.52,0
2.20006,3500.91,2.44646,3.02223,4.51647,4130.13,0
2.20135,3500.88,2.44548,2.9951,10.7,4142.96,0
2.20267,3500.88,2.36178,2.98952,2.69309,4139,0
2.20395,3500.87,2.33709,2.99337,5.81096,4144.79,0
2.20526,3500.89,2.38381,2.93163,3.33073,4130.05,0
2.20656,3500.87,2.39003,2.93413,4.50732,4135.49,0
2.20786,3500.86,2.37917,2.92643,7.18044,4139.29,0
2.20915,3500.84,2.35111,2.92638,10.1675,4144.91,0
2.21045,3500.83,2.37145,2.89988,11.3204,4150.24,0
2.21174,3500.83,2.2571,2.89494,5.81216,4144.41,0
2.21304,3500.77,2.24927,2.91153,1.44126,4169.23,0
2.21435,3500.74,2.20954,2.94941,5.11715,4180.81,0
2.21565,3500.76,2.24692,2.90334,4.03659,4171.58,0
2.21697,3500.81,2.20149,2.8432,4.32911,4147.5,0
2.21828,3500.76,2.17963,2.93846,4.39229,4165.07,0
2.21957,3500.78,2.19009,2.89656,4.01671,4154.01,0
2.22091,3500.81,2.13318,2.89026,3.71915,4139.27,0
2.22219,3500.78,2.231,2.87696,2.33988,4148.08,0
2.22349,3500.8,2.15379,2.91958,1.05643,4138.11,0
2.22479,3500.83,2.0352,2.89376,5.45478,4122.54,0
2.22608,3500.82,2.05317,2.9077,4.22191,4123.57,0
2.22736,3500.82,2.10604,2.84055,5.93624,4120.36,0
2.22866,3500.82,2.10286,2.84341,5.76409,4118.91,0
2.22997,3500.82,2.09779,2.82887,6.35419,4118.56,0
2.23129,3500.8,2.14408,2.88093,1.93194,4124.94,0
2.23261,3500.75,2.08194,2.95302,6.57816,4143.7,0
2.23392,3500.75,2.05299,2.95967,6.21199,4139.3,0
2.23523,3500.72,2.03341,2.93564,1.89792,4150.42,0
2.23653,3500.69,2.01604,2.98182,4.07872,4163.8,0
2.23781,3500.67,2.0604,2.92409,7.30492,4168.66,0
2.23911,3500.66,2.05685,2.91781,9.29124,4173.18,0
2.24041,3500.67,2.03932,2.9327,5.74089,4166.36,0
2.2417,3500.67,2.01955,2.93545,5.19838,4160.38,0
2.243,3500.67,2.0247,2.97149,2.04708,4159.71,0
2.2443,3500.63,2.03632,3.02156,3.30115,4175.94,0
2.24559,3500.65,2.08338,2.93562,3.93931,4162.5,0
2.24689,3500.66,2.07793,2.93279,2.27643,4154.72,0
2.24819,3500.62,2.08087,2.90598,10.0314,4171.63,0
2.24948,3500.63,2.03306,2.91201,8.3516,4163.44,0
2.25078,3500.63,2.01709,2.91254,8.83124,4163.53,0
2.25209,3500.62,2.00874,2.90712,9.43255,4165.5,0
2.25338,3500.61,1.98358,2.94189,7.47136,4164.94,0
2.2547,3500.61,1.99383,2.92053,7.32724,4163.78,0
2.25602,3500.59,1.97927,2.88608,1.33757,4170.41,0
2.25732,3500.61,2.00903,2.78851,5.51175,4160.36,0
2.25862,3500.53,2.01763,2.77254,5.7407,4190.73,0
2.25991,3500.5,2.01148,2.78114,9.05506,4201.67,0
2.26121,3500.48,2.07406,2.77616,8.88407,4211,0
2.26253,3500.47,2.10215,2.77491,7.01642,4212.42,0
2.26382,3500.52,2.1175,2.74184,0.609619,4188.44,0
2.26512,3500.5,2.11994,2.72317,4.50905,4192.67,0
2.26642,3500.49,2.13961,2.75494,1.5321,4194.41,0
2.2677,3500.47,2.18789,2.73312,2.97008,4201.15,0
2.26901,3500.45,2.17618,2.76242,4.56225,4209.87,0
2.2703,3500.41,2.23476,2.80985,1.41855,4222.98,0
2.27161,3500.44,2.18979,2.78865,2.8605,4210.49,0
2.2729,3500.41,2.16169,2.78333,8.21709,4217.88,0
2.2742,3500.39,2.14395,2.76638,1.75421,4223.69,0
2.27549,3500.36,2.19439,2.73556,4.93189,4234.82,0
2.2768,3500.29,2.14741,2.69396,0.535445,4266.77,0
2.27808,3500.29,2.15932,2.66553,0.722925,4260.16,0
2.2794,3500.28,2.14922,2.6924,0.493086,4263.01,0
2.28071,3500.22,2.12106,2.81558,0.314029,4287.3,0
2.28202,3500.16,2.12088,2.81815,9.46532,4312.06,0
2.28331,3500.11,2.0888,2.80153,9.69758,4333.56,0
2.2846,3500.13,2.12571,2.775,4.02305,4318.43,0
2.28591,3500.09,2.07682,2.74727,5.95728,4336.41,0
2.28721,3500.1,2.06528,2.78123,0.970214,4328.32,0
2.28852,3500.14,1.95585,2.75858,5.41655,4309.03,0
2.28983,3500.13,1.963,2.79208,1.99692,4308.91,0
2.29113,3500.15,1.95238,2.74065,5.79145,4300.9,0
2.29243,3500.15,1.94897,2.76477,2.15435,4297.05,0
2.29372,3500.12,1.96871,2.72007,10.1406,4307.75,0
2.29504,3500.15,1.92977,2.72115,7.29318,4293.08,0
2.29632,3500.14,1.914,2.73488,6.52554,4292.03,0
2.29759,3500.15,1.92286,2.71573,5.70626,4285.08,0
2.29888,3500.16,1.92283,2.69413,6.0043,4278.9,0
2.30018,3500.17,1.87277,2.71841,5.63878,4275.51,0
2.30148,3500.17,1.90772,2.68356,5.78275,4270.82,0
2.30278,3500.14,1.89288,2.76165,3.75018,4283.38,0
2.30408,3500.16,1.838,2.77668,2.4608,4271.85,0
2.30539,3500.15,1.79549,2.78147,5.99738,4272.33,0
2.30672,3500.13,1.83194,2.7716,6.7581,4277.51,0
2.30801,3500.12,1.81666,2.78426,8.35124,4281.76,0
2.30929,3500.13,1.85736,2.77938,3.11559,4273.97,0
2.3106,3500.09,1.92283,2.78406,4.87478,4290.79,0
2.31189,3500.1,1.92859,2.74683,5.35642,4282.15,0
2.3132,3500.05,1.95919,2.74985,10.7374,4302.9,0
2.31451,3500.02,1.95576,2.71508,6.2892,4312.17,0
2.31581,3500.01,1.92753,2.71889,8.79916,4314.49,0
2.31708,3500.02,1.92909,2.72228,5.67962,4308.95,0
2.31838,3500.06,1.88538,2.70081,4.50416,4289.62,0
2.31968,3500.04,1.98906,2.63246,5.37922,4292.58,0
2.32097,3499.97,2.00579,2.69067,9.12449,4321.22,0
2.32227,3499.92,1.94252,2.62741,5.30144,4339.54,0
2.32358,3499.92,1.97263,2.63396,2.4464,4340.1,0
2.32486,3499.91,1.94223,2.6464,4.98954,4341.75,0
2.32616,3499.92,1.94758,2.63712,2.16367,4331.28,0
2.32746,3499.95,1.94105,2.61516,0.898101,4318.61,0
2.32877,3499.97,1.88976,2.57858,5.34323,4306.1,0
2.33005,3499.97,1.89661,2.58125,3.80968,4303.37,0
2.33135,3499.93,1.88385,2.65778,1.84137,4317.55,0
2.33266,3499.91,1.81603,2.6661,10.2777,4324.85,0
2.33395,3499.87,1.78131,2.65294,9.187,4341.63,0
2.33527,3499.88,1.80799,2.63431,7.05327,4335.45,0
2.33656,3499.92,1.80873,2.61217,1.53906,4314.07,0
2.33785,3499.93,1.76429,2.57572,6.89316,4305.36,0
2.33917,3499.96,1.75669,2.55964,4.79872,4293.71,0
2.34047,3499.92,1.8128,2.58793,2.19292,4305.36,0
2.34179,3499.83,1.79158,2.63302,2.86796,4342.53,0
2.3431,3499.85,1.73635,2.6238,5.7074,4333.56,0
2.34439,3499.88,1.67684,2.60522,6.77314,4316.98,0
2.3457,3499.86,1.71449,2.59816,8.5454,4324.88,0
2.347,3499.84,1.71608,2.60375,8.94581,4329.76,0
2.34831,3499.85,1.66366,2.63137,6.98596,4323.7,0
2.34962,3499.86,1.66479,2.60454,7.59692,4316.85,0
2.35095,3499.79,1.63007,2.58111,1.63063,4343.35,0
2.35224,3499.79,1.6326,2.5414,5.18243,4339.67,0
2.35352,3499.83,1.61696,2.48646,6.8265,4322.93,0
2.35485,3499.73,1.6404,2.49311,8.06354,4359.59,0
2.35614,3499.7,1.63704,2.47337,4.51354,4370.82,0
2.35745,3499.72,1.59532,2.47372,4.61826,4360.98,0
2.35875,3499.65,1.57996,2.49219,3.43795,4387.1,0
2.36007,3499.64,1.58334,2.4828,7.1243,4391.08,0
2.36137,3499.65,1.6426,2.45475,3.13581,4383.65,0
2.36266,3499.61,1.66097,2.4364,10.3545,4396.39,0
2.36395,3499.65,1.65617,2.40949,7.80315,4380.04,0
2.36525,3499.68,1.63302,2.39215,5.96015,4364.64,0
2.36655,3499.7,1.57371,2.38006,9.09065,4353.94,0
2.36784,3499.73,1.55736,2.32953,11.9121,4339.04,0
2.36915,3499.71,1.57692,2.31259,3.46983,4342.54,0
2.37047,3499.75,1.54638,2.27162,4.90944,4326.01,0
2.37177,3499.73,1.58056,2.24373,8.62229,4331.15,0
2.3731,3499.7,1.60124,2.23414,1.55858,4341.25,0
2.3744,3499.67,1.6,2.23732,6.78674,4351.03,0
2.37571,3499.64,1.59155,2.23247,1.76342,4360.78,0
2.37702,3499.6,1.53993,2.22338,4.6781,4376.53,0
2.3783,3499.59,1.49269,2.22563,10.8107,4378.7,0
2.37961,3499.67,1.40604,2.21373,3.71376,4340.47,0
2.38092,3499.67,1.35967,2.22725,5.56111,4337.17,0
2.38222,3499.67,1.3273,2.24775,5.11813,4334.94,0
2.3835,3499.64,1.37672,2.24638,6.28131,4346.27,0
2.38481,3499.64,1.37786,2.23012,6.99201,4343.53,0
2.38609,3499.59,1.38342,2.20725,7.80698,4362.88,0
2.38738,3499.59,1.3766,2.18735,10.1748,4362.48,0
2.38869,3499.56,1.36067,2.18151,5.78243,4372.21,0
2.39,3499.55,1.40355,2.15723,5.10343,4371.84,0
2.3913,3499.55,1.40726,2.09602,2.80087,4369.39,0
2.39261,3499.51,1.44723,2.10704,5.03399,4384.9,0
2.39392,3499.52,1.43227,2.09875,4.72085,4377.72,0
2.39523,3499.51,1.37033,2.07684,5.46291,4378.69,0
2.39654,3499.58,1.30366,2.05264,3.24989,4349.07,0
2.39783,3499.59,1.30763,2.0316,4.17506,4343.46,0
2.39913,3499.61,1.30464,1.98893,6.60896,4331.42,0
2.40042,3499.55,1.31966,2.06306,2.90759,4351.68,0
2.40174,3499.56,1.30542,2.04531,6.14524,4348.3,0
2.40303,3499.58,1.24044,2.04468,8.6037,4337.74,0
2.40434,3499.59,1.30853,2.00137,6.10839,4331.44,0
2.40564,3499.62,1.35701,1.94782,1.68188,4314.73,0
2.40695,3499.57,1.30374,1.92661,10.7868,4333.63,0
2.40824,3499.57,1.29707,1.88951,5.58441,4330.26,0
2.40955,3499.58,1.31423,1.87716,3.08611,4324.16,0
2.41085,3499.59,1.29756,1.85489,7.26758,4318.69,0
2.41215,3499.62,1.302,1.79848,9.86,4304.26,0
2.41346,3499.56,1.26075,1.7852,7.77571,4326.1,0
2.41474,3499.5,1.26962,1.74804,5.41045,4350.05,0
2.41603,3499.49,1.27483,1.76304,3.57765,4351.89,0
2.41732,3499.44,1.28345,1.78339,8.99318,4369.3,0
2.41862,3499.46,1.28391,1.76735,6.28478,4359.26,0
2.41992,3499.44,1.24578,1.75801,4.60672,4362.83,0
2.42124,3499.4,1.22261,1.76476,3.83674,4376.54,0
2.42254,3499.35,1.24463,1.75137,4.01723,4395.95,0
2.42383,3499.36,1.21832,1.73133,9.9858,4390.19,0
2.42514,3499.36,1.18012,1.69769,10.2718,4386.52,0
2.42642,3499.34,1.12687,1.71493,9.02529,4395.28,0
2.42772,3499.3,1.17477,1.749,2.04648,4408.4,0
2.42903,3499.29,1.18636,1.72961,6.21568,4409.43,0
2.43035,3499.33,1.13581,1.72252,4.42981,4389.21,0
2.43165,3499.28,1.15501,1.76484,4.74648,4409.86,0
2.43296,3499.26,1.13002,1.7635,11.4751,4412.61,0
2.43425,3499.27,1.13477,1.74363,3.35026,4409.86,0
2.43554,3499.28,1.08722,1.75329,5.38436,4403.25,0
2.43685,3499.3,1.05482,1.74048,6.71959,4390.28,0
2.43816,3499.26,1.08502,1.70024,8.49008,4405.28,0
2.43947,3499.2,1.10852,1.69979,5.30574,4427.84,0
2.44078,3499.18,1.13395,1.69717,5.17304,4432.83,0
2.44207,3499.14,1.12095,1.63575,7.51561,4445.25,0
2.44338,3499.09,1.05656,1.63889,7.71891,4466.02,0
2.44468,3499.1,1.04086,1.60847,3.41491,4459.94,0
2.44598,3499.09,0.98984,1.59029,5.91142,4459.32,0
2.44728,3499.04,0.942897,1.61437,7.32086,4476.92,0
2.4486,3499.02,0.947493,1.62609,6.99661,4482.35,0
2.44989,3499.05,0.944675,1.5685,6.30828,4470.26,0
2.45121,3499.05,0.962172,1.54086,11.5776,4468.98,0
2.45252,3499.06,0.928137,1.54279,1.53961,4461.65,0
2.4538,3499.08,0.919907,1.5284,1.66461,4451.01,0
2.45509,3499.09,0.933665,1.49516,4.042,4441.86,0
2.4564,3499.04,0.933477,1.50374,4.59124,4462.55,0
2.45772,3499.02,0.945013,1.50662,4.98942,4466.11,0
2.459,3499.02,0.933281,1.47437,6.51387,4466.69,0
2.46032,3498.99,0.930804,1.46413,5.46507,4475.56,0
2.46162,3498.95,0.967459,1.47295,3.70781,4487.18,0
2.46291,3498.96,0.8908,1.49235,0.493711,4484.31,0
2.46421,3498.95,0.840192,1.45199,2.30992,4485.07,0
2.46549,3498.9,0.841187,1.42635,10.678,4500.54,0
2.46681,3498.88,0.815628,1.41233,3.68636,4509.02,0
2.46811,3498.82,0.87782,1.41327,4.8563,4529.74,0
2.4694,3498.83,0.885764,1.39736,4.8334,4522.44,0
2.4707,3498.81,0.932561,1.34448,4.75381,4527.06,0
2.472,3498.81,0.920821,1.35188,5.78621,4527.19,0
2.47329,3498.79,0.865404,1.31839,11.5826,4531.15,0
2.47459,3498.76,0.823394,1.30169,0.907641,4540.86,0
2.4759,3498.68,0.868257,1.28261,6.35587,4570.45,0
2.47719,3498.66,0.826562,1.24083,3.87203,4576.08,0
2.47849,3498.65,0.781976,1.24531,5.3598,4578.49,0
2.47978,3498.66,0.742854,1.20046,5.98498,4572.27,0
2.48109,3498.64,0.714356,1.15113,3.32639,4576.75,0
2.48239,3498.6,0.713272,1.09545,4.90031,4590.88,0
2.4837,3498.6,0.678443,1.08943,6.08075,4591.09,0
2.48501,3498.58,0.67303,1.05386,4.3755,4595.64,0
2.4863,3498.58,0.653893,1.01598,7.09941,4593.54,0
2.48759,3498.56,0.616629,1.01837,0.632028,4600.08,0
2.48887,3498.56,0.572779,1.00839,7.2323,4595.8,0
2.49017,3498.55,0.527688,1.03163,9.82839,4597.21,0
2.49148,3498.53,0.502377,1.01509,8.24321,4601.95,0
2.49278,3498.54,0.479036,0.968792,7.61753,4597.81,0
2.49408,3498.55,0.516967,0.934327,0.928628,4591.17,0
2.4954,3498.55,0.535007,0.888222,0.862858,4589.61,0
2.4967,3498.52,0.513178,0.853032,3.62775,4596.76,0
2.49799,3498.52,0.470217,0.823307,7.65161,4595.54,0
2.49928,3498.48,0.455694,0.799145,7.52681,4611.23,0
2.50059,3498.49,0.438147,0.735839,7.72571,4601.72,0
2.50192,3498.53,0.402636,0.700592,4.37281,4582.67,0
2.50322,3498.48,0.381503,0.665664,3.14452,4602.81,0
2.50453,3498.51,0.334863,0.58792,4.43307,4587.01,0
2.50582,3498.48,0.368145,0.541369,5.98215,4596.16,0
2.50713,3498.5,0.327348,0.510622,6.79392,4585.19,1
2.50845,3498.47,0.286885,0.464876,7.30133,4596.67,1
2.50975,3498.44,0.273846,0.387067,7.45011,4607.17,1
2.51071,3498.4,0.25324,0.333744,1.33927,4618.96,1
