0.00131877,3509.91,-0.771341,0.587747,0.754571,64774.4,0
0.00263121,3509.9,-0.750323,0.472578,0.916872,39160.2,0
0.00397487,3509.96,-0.771245,0.571281,0.288496,9442.04,0
0.00528399,3509.84,-0.678318,0.393676,1.44508,29905.8,0
0.0066063,3509.84,-0.614137,0.3674,1.42553,24095.2,0
0.00793719,3509.81,-0.581986,0.50547,1.66426,23923.4,0
0.00924662,3509.8,-0.624105,0.465644,1.72735,21920.2,0
0.0105735,3509.85,-0.594562,0.426561,1.18151,14114.2,0
0.0118889,3509.87,-0.609607,0.49506,0.986766,11299.6,0
0.0131957,3509.84,-0.523429,0.597704,1.17526,11838.5,0
0.0144833,3509.84,-0.631554,0.563316,1.15077,11244.8,0
0.0157838,3509.74,-0.580584,0.58488,2.02188,16415.5,0
0.0170534,3509.74,-0.499429,0.543908,1.96363,15020.1,0
0.0183773,3509.86,-0.752591,0.698237,0.712409,7688.66,0
0.0196778,3509.79,-0.809166,0.680014,1.38268,10488.9,0
0.0209744,3509.67,-0.695596,0.661586,2.46499,15806.1,0
0.0222702,3509.73,-0.703254,0.61055,1.75309,11977.6,0
0.0235682,3509.81,-0.655847,0.684624,0.937158,7899.97,0
0.0248699,3509.73,-0.786499,0.650183,1.67935,10865,0
0.026192,3509.88,-0.827006,0.667589,0.278022,4746.78,0
0.0275143,3509.87,-0.862934,0.716335,0.249894,4547.29,0
0.0288323,3509.83,-0.799896,0.723093,0.667451,5828.79,0
0.03014,3509.84,-0.801628,0.669246,0.663331,5416.77,0
0.0314326,3509.81,-0.79047,0.578499,0.889833,5966.17,0
0.0327455,3509.77,-0.840769,0.546537,1.25819,6920.76,0
0.0340423,3509.67,-0.920709,0.551461,2.09939,9675.81,0
0.0353387,3509.64,-0.875832,0.431142,2.31794,10133.1,0
0.0366477,3509.58,-0.860406,0.41305,2.82474,11412.2,0
0.0379445,3509.56,-0.878563,0.424216,2.9406,11715.8,0
0.0392681,3509.56,-0.849032,0.490357,2.73663,11230.7,0
0.0405643,3509.61,-0.870875,0.418622,2.19872,9730.02,0
0.0418837,3509.72,-0.773197,0.443366,1.05613,6631.46,0
0.0431796,3509.77,-0.709605,0.21029,0.659652,5349.33,0
0.0444743,3509.79,-0.754237,0.204607,0.435052,4774.55,0
0.0457657,3509.81,-0.838422,0.172066,0.170088,4100.27,0
0.0470488,3509.75,-0.902726,0.337725,0.707923,5322.25,0
0.0483625,3509.6,-0.956422,0.375914,2.05061,8205.58,0
0.0496724,3509.53,-0.971389,0.497619,2.62338,9390.03,0
0.050995,3509.48,-0.969015,0.509254,3.04191,10166.8,0
0.0523172,3509.58,-0.967025,0.440325,1.95226,7995.73,0
0.053618,3509.47,-0.982416,0.458748,2.89746,9887.58,0
0.0549291,3509.49,-0.99014,0.436536,2.63911,9365.45,0
0.056227,3509.47,-0.902568,0.475127,2.59346,9382.83,0
0.0575341,3509.39,-0.943047,0.542714,3.24335,10641.1,0
0.0588354,3509.35,-0.889637,0.534407,3.53686,11058.7,0
0.0601471,3509.35,-0.909345,0.571416,3.28185,10777.7,0
0.0614637,3509.45,-0.898607,0.545744,2.18714,8952.8,0
0.0627596,3509.41,-0.934349,0.577334,2.44636,9372.19,0
0.0640535,3509.41,-1.00692,0.606656,2.30895,9177.36,0
0.0653554,3509.37,-0.97486,0.642783,2.63594,9715.89,0
0.0666563,3509.35,-0.926972,0.598738,2.6723,9814.31,0
0.0679745,3509.44,-0.972337,0.461829,1.62977,8268.17,0
0.0692761,3509.38,-0.856746,0.497751,2.17637,8982.01,0
0.0705811,3509.26,-0.856053,0.474723,3.17435,10420.5,0
0.0718887,3509.27,-0.884605,0.450066,3.0333,10163.6,0
0.0732144,3509.27,-0.891228,0.463533,2.90257,10035.9,0
0.0745297,3509.24,-0.902702,0.54415,2.94352,10133.9,0
0.0758386,3509.29,-0.908802,0.582454,2.31778,9391.86,0
0.0771428,3509.28,-0.931849,0.595929,2.33304,9348.73,0
0.0784591,3509.32,-0.840877,0.583491,1.92182,8695.79,0
0.0797833,3509.24,-0.822905,0.607401,2.67381,9559.24,0
0.0810965,3509.25,-0.917467,0.643223,2.44349,9264.35,0
0.0823927,3509.28,-0.978575,0.545013,2.04529,8687.51,0
0.083677,3509.35,-0.934106,0.388034,1.45004,7805.65,0
0.0849665,3509.27,-0.894951,0.448424,2.16162,8637.29,0
0.0862804,3509.39,-0.874026,0.5653,0.826848,7026.56,0
0.0875946,3509.28,-0.803007,0.679296,1.94128,8192.31,0
0.088907,3509.25,-0.743754,0.690239,2.23623,8447.58,0
0.0902075,3509.26,-0.750895,0.670777,2.04978,8217.35,0
0.0915215,3509.31,-0.918681,0.679426,1.41127,7555.32,0
0.0928371,3509.34,-0.936784,0.745232,1.05366,7095.99,0
0.0941283,3509.26,-0.964578,0.758257,1.75537,7830.97,0
0.095434,3509.35,-1.11666,0.728915,0.775265,6804.42,0
0.096748,3509.3,-1.29151,0.784145,1.20207,7264.68,0
0.0980371,3509.29,-1.25462,0.76321,1.32386,7279.9,0
0.0993411,3509.18,-1.23375,0.668465,2.28889,8209.26,0
0.100656,3509.21,-1.21735,0.692881,1.9357,7817.14,0
0.101995,3509.21,-1.13941,0.733705,1.99223,7781.91,0
0.103302,3509.24,-1.10649,0.737336,1.56914,7337,0
0.104617,3509.26,-1.08721,0.848687,1.36447,7111.51,0
0.105912,3509.22,-1.19728,0.794635,1.60427,7322.87,0
0.107241,3509.19,-1.0782,0.82278,2.00565,7593.69,0
0.108556,3509.22,-1.07835,0.892365,1.6255,7219.93,0
0.109871,3509.36,-1.10749,0.697008,0.182022,5784.64,0
0.111175,3509.21,-1.10667,0.548035,1.68035,7080.72,0
0.11249,3509.3,-1.06681,0.51048,0.84466,6250.86,0
0.113793,3509.24,-1.22321,0.590146,1.31542,6680.89,0
0.115105,3509.21,-1.20413,0.602152,1.57695,6846.24,0
0.116388,3509.29,-1.2633,0.503412,0.722869,6076.89,0
0.117694,3509.23,-1.17635,0.427383,1.43544,6571.49,0
0.119012,3509.23,-1.15745,0.510683,1.29941,6448.84,0
0.120319,3509.07,-1.21165,0.58834,2.79463,7736.23,0
0.121626,3509.16,-1.107,0.619358,1.83809,6909.29,0
0.122913,3509.06,-1.07636,0.670637,2.65042,7632.84,0
0.1242,3509.07,-1.12012,0.601965,2.42155,7515.9,0
0.125511,3509.03,-1.19575,0.649561,2.65289,7730.18,0
0.126822,3508.97,-1.1793,0.552301,3.22161,8145.91,0
0.128122,3509.06,-1.09383,0.493346,2.21287,7309.2,0
0.129417,3509.02,-1.06746,0.501984,2.62588,7592.21,0
0.130723,3509.01,-1.06759,0.533809,2.53339,7583.29,0
0.132057,3509,-1.02747,0.497594,2.61275,7555.33,0
0.133377,3508.92,-1.05425,0.519089,3.29038,8076.99,0
0.134662,3508.88,-1.08735,0.539017,3.5441,8332.43,0
0.13598,3508.87,-1.09257,0.472239,3.48068,8293.42,0
0.137307,3508.88,-1.07944,0.472035,3.29173,8142.5,0
0.13859,3508.89,-1.05494,0.48094,3.15791,8034.62,0
0.139909,3508.88,-1.09447,0.460384,2.98537,7994.83,0
0.14122,3508.82,-1.07623,0.546942,3.53652,8331.23,0
0.142538,3508.84,-1.09918,0.563848,3.16628,8150.51,0
0.143844,3508.84,-1.06177,0.614868,2.99931,8037.09,0
0.145132,3508.82,-1.01241,0.584004,3.13408,8126.06,0
0.146438,3508.8,-1.04416,0.627032,3.2543,8175.59,0
0.147735,3508.82,-1.04228,0.646475,2.8486,8008.38,0
0.149051,3508.84,-1.09257,0.648007,2.43765,7772.6,0
0.150341,3508.74,-1.03733,0.624948,3.31743,8358.94,0
0.151669,3508.76,-1.01973,0.623182,3.08723,8172.97,0
0.152984,3508.78,-1.01658,0.67686,2.69434,7966.91,0
0.154297,3508.75,-1.03242,0.744042,2.89753,8106.29,0
0.155575,3508.73,-0.979245,0.74453,2.99164,8154.08,0
0.156877,3508.73,-0.994249,0.721825,2.88836,8124.57,0
0.158204,3508.74,-1.01615,0.74339,2.60071,7968.27,0
0.159502,3508.67,-0.976896,0.688502,3.17784,8326.76,0
0.160827,3508.62,-0.988718,0.632867,3.53478,8580.91,0
0.162149,3508.72,-1.03663,0.641461,2.19043,7884.54,0
0.163455,3508.76,-1.10251,0.597825,1.68898,7562.66,0
0.164766,3508.71,-1.14392,0.589942,2.15835,7816.48,0
0.166071,3508.61,-1.12381,0.633581,3.12168,8367.89,0
0.167374,3508.6,-1.05382,0.57712,3.07922,8352.26,0
0.168667,3508.83,-1.03035,0.660264,0.66947,6961.72,0
0.169975,3508.77,-1.0193,0.763516,1.19312,7219.97,0
0.171277,3508.73,-1.10552,0.796953,1.56008,7429.53,0
0.172588,3508.71,-0.999507,0.754558,1.776,7476.59,0
0.173896,3508.77,-1.14943,0.834304,1.11406,7097.05,0
0.175217,3508.81,-1.13696,0.957873,0.534057,6770,0
0.176518,3508.7,-1.27408,0.939711,1.58993,7358.51,0
0.177828,3508.75,-1.25724,1.00777,1.01684,7049.57,0
0.179143,3508.76,-1.37419,0.84466,0.795534,6902.25,0
0.180455,3508.81,-1.48429,0.833559,0.211583,6570.37,0
0.181772,3508.69,-1.41872,0.836034,1.44007,7180.88,0
0.183072,3508.74,-1.57277,0.868161,0.850885,6909.17,0
0.184366,3508.64,-1.64779,0.973626,1.65826,7353.82,0
0.18565,3508.53,-1.64712,0.940259,2.8915,7939.78,0
0.186964,3508.49,-1.60145,0.957986,3.23927,8079.1,0
0.188258,3508.49,-1.58693,0.927539,3.08539,8026.16,0
0.189572,3508.42,-1.64446,0.917646,3.67871,8342.12,0
0.190897,3508.4,-1.64467,0.943642,3.72163,8391.33,0
0.192185,3508.37,-1.64118,0.911352,3.96917,8505.58,0
0.193491,3508.35,-1.67494,0.906482,3.8859,8533.42,0
0.194802,3508.39,-1.66377,0.907442,3.25348,8287.83,0
0.196113,3508.46,-1.70508,0.872332,2.29669,7833.58,0
0.197426,3508.49,-1.8117,0.841056,1.90283,7662.21,0
0.198711,3508.45,-1.79705,0.886033,2.22072,7784.38,0
0.200024,3508.42,-1.66145,0.887934,2.5574,7917.74,0
0.201341,3508.36,-1.63753,0.840865,3.17011,8145.33,0
0.202646,3508.39,-1.63537,0.824053,2.67126,7931.74,0
0.203941,3508.44,-1.55293,0.818848,2.16258,7636.89,0
0.205246,3508.47,-1.53802,0.876896,1.7111,7442.07,0
0.206555,3508.46,-1.50925,1.04429,1.7392,7449.26,0
0.207849,3508.48,-1.4846,0.891057,1.58682,7295.72,0
0.209146,3508.49,-1.51576,0.912272,1.47805,7235.62,0
0.210452,3508.5,-1.48942,0.927813,1.28904,7112.08,0
0.211733,3508.39,-1.46478,0.951753,2.35897,7591.08,0
0.21303,3508.39,-1.41768,1.08269,2.27595,7551.8,0
0.214343,3508.59,-1.44,0.982371,0.276793,6600.32,0
0.215633,3508.53,-1.39679,0.917666,0.890731,6825.39,0
0.216927,3508.43,-1.36261,0.798253,1.94161,7233.66,0
0.218221,3508.45,-1.37221,0.828307,1.67957,7121.83,0
0.219514,3508.49,-1.31827,0.816396,1.17671,6877.32,0
0.220813,3508.48,-1.52974,0.747383,1.06714,6864.7,0
0.222117,3508.49,-1.67789,0.718419,0.941753,6815.49,0
0.223441,3508.47,-1.68845,0.610982,1.13939,6847.59,0
0.224744,3508.4,-1.72777,0.727055,1.7189,7115.88,0
0.226056,3508.38,-1.84617,0.767853,1.82119,7185.21,0
0.227319,3508.38,-1.875,0.798629,1.65059,7118.29,0
0.228611,3508.34,-1.87531,0.68223,2.10096,7266.26,0
0.229897,3508.35,-1.72855,0.73753,1.9559,7184.69,0
0.23121,3508.43,-1.89611,0.797311,0.876976,6795.64,0
0.232523,3508.45,-1.92629,0.9713,0.480056,6662.32,0
0.233845,3508.39,-1.92023,1.03842,1.05865,6881.86,0
0.235153,3508.37,-1.66856,0.874788,1.5547,6911.87,0
0.236464,3508.43,-1.62491,0.925228,0.899114,6623.22,0
0.237752,3508.35,-1.85855,0.985308,1.55992,6952.79,0
0.239052,3508.39,-1.82291,1.02459,1.10919,6739.94,0
0.240349,3508.4,-1.74597,0.986836,0.937985,6641.94,0
0.241645,3508.38,-1.72917,0.960018,1.24138,6721.71,0
0.242955,3508.25,-1.7193,0.882278,2.62799,7216.99,0
0.244245,3508.22,-1.70742,0.919222,2.7545,7287.48,0
0.245563,3508.23,-1.68954,0.904333,2.53065,7205.24,0
0.246879,3508.2,-1.72384,0.891049,2.72699,7289.86,0
0.248195,3508.21,-1.69184,0.783683,2.57798,7208.91,0
0.249505,3508.23,-1.63712,0.746063,2.38088,7107.72,0
0.250824,3508.21,-1.61119,0.814564,2.48236,7130.18,0
0.252132,3508.2,-1.62209,0.826066,2.47628,7136.78,0
0.253426,3508.21,-1.61442,0.863784,2.19911,7044.91,0
0.254729,3508.2,-1.58317,0.841722,2.30443,7071.56,0
0.256036,3508.19,-1.60329,0.807896,2.34726,7060.65,0
0.257344,3508.27,-1.54617,0.839586,1.5025,6732.91,0
0.258662,3508.29,-1.47698,0.758197,1.32836,6619.92,0
0.25997,3508.39,-1.61914,0.790918,0.153256,6204.26,0
0.261285,3508.3,-1.64194,0.886008,1.05117,6523.37,0
0.262583,3508.28,-1.67094,0.952831,1.11595,6550.65,0
0.26389,3508.37,-1.47603,0.762495,0.310367,6168.08,0
0.265192,3508.37,-1.46666,0.75198,0.371903,6153.26,0
0.266499,3508.31,-1.5005,0.617867,0.985104,6347.99,0
0.267814,3508.29,-1.41997,0.632523,1.16882,6374.57,0
0.269119,3508.22,-1.43175,0.372184,1.94153,6611.74,0
0.270426,3508.29,-1.46249,0.493019,1.09965,6309.6,0
0.271715,3508.32,-1.35862,0.471159,0.867876,6179.73,0
0.273024,3508.28,-1.31305,0.44923,1.43428,6317.87,0
0.27431,3508.25,-1.2296,0.277837,1.76054,6372.91,0
0.275626,3508.29,-1.22447,0.262076,1.27976,6186.74,0
0.276914,3508.27,-1.26908,0.214852,1.4392,6232.52,0
0.278214,3508.22,-1.3017,0.164061,1.93801,6399.81,0
0.2795,3508.13,-1.26856,0.198195,2.84098,6695.9,0
0.280806,3508.15,-1.19801,0.208453,2.44701,6585.37,0
0.282111,3508.26,-1.28809,0.226894,1.08219,6157.34,0
0.283411,3508.22,-1.34413,0.145189,1.48133,6279.54,0
0.284728,3508.33,-1.38327,0.137817,0.249408,5870.05,0
0.286035,3508.22,-1.35649,0.364727,1.42768,6234.87,0
0.287325,3508.21,-1.33903,0.365764,1.49825,6243.66,0
0.288641,3508.26,-1.48924,0.323853,0.78996,6032.27,0
0.289934,3508.07,-1.52816,0.356364,2.80597,6667.71,0
0.291251,3508.2,-1.45351,0.325196,1.31944,6187.88,0
0.292548,3508.16,-1.42477,0.183272,1.78402,6304.42,0
0.29385,3508.17,-1.44964,0.25016,1.54966,6241.08,0
0.295164,3508.07,-1.53281,0.239509,2.4722,6540.17,0
0.296475,3508.06,-1.50019,0.139369,2.48742,6553.08,0
0.297757,3508.06,-1.489,0.237111,2.31994,6506.29,0
0.29906,3508.08,-1.54542,0.153279,2.01439,6417.63,0
0.300346,3508.02,-1.50163,0.1986,2.58696,6607.13,0
0.30164,3508,-1.44571,0.2081,2.77638,6631.17,0
0.302944,3508.02,-1.36666,0.214392,2.51613,6546.58,0
0.304252,3507.98,-1.41461,0.183906,2.76222,6628.09,0
0.305549,3508.03,-1.43154,0.273142,2.0452,6451.76,0
0.306852,3507.92,-1.45534,0.27505,3.2384,6793.52,0
0.30813,3507.87,-1.46339,0.242693,3.47719,6906.54,0
0.309448,3507.94,-1.44243,0.232461,2.67833,6650.98,0
0.310757,3507.88,-1.43178,0.287093,3.26543,6826.23,0
0.312076,3507.85,-1.39714,0.302719,3.45648,6896.52,0
0.313364,3507.79,-1.46177,0.307993,3.78134,7051.63,0
0.314672,3507.9,-1.49943,0.327633,2.54,6685.98,0
0.315982,3507.92,-1.57698,0.419969,2.12539,6587.39,0
0.317295,3507.86,-1.57207,0.353248,2.65726,6736.86,0
0.318608,3507.83,-1.56748,0.309855,3.00892,6820.25,0
0.31991,3507.83,-1.51602,0.341021,2.99138,6795.94,0
0.32121,3507.88,-1.47882,0.336858,2.31707,6614.78,0
0.322518,3507.89,-1.51768,0.256339,2.06857,6549.4,0
0.323814,3507.86,-1.51341,0.165575,2.26412,6597.53,0
0.325118,3507.92,-1.55975,0.0889809,1.54758,6412.03,0
0.326424,3507.87,-1.60896,0.0581447,1.93367,6518.93,0
0.327719,3507.74,-1.70187,0.0153384,3.23951,6885.87,0
0.329024,3507.8,-1.62484,0.0354824,2.47628,6675.65,0
0.33034,3507.76,-1.59353,0.0248189,2.79031,6765.81,0
0.331661,3507.78,-1.5793,0.188309,2.55815,6707.82,0
0.332965,3507.84,-1.49756,0.210551,1.87334,6491.56,0
0.334267,3507.86,-1.64749,0.282695,1.47025,6405.2,0
0.335559,3507.88,-1.70879,0.352235,1.17273,6327.28,0
0.336875,3507.93,-1.57765,0.278164,0.725199,6154.29,0
0.338191,3507.93,-1.60161,0.301646,0.669352,6124.15,0
0.339484,3507.98,-1.49849,0.196344,0.224725,5960.16,0
0.340798,3507.91,-1.61264,0.192666,0.80413,6118.23,0
0.342121,3507.78,-1.76116,0.290892,2.1711,6496.16,0
0.343419,3507.8,-1.84102,0.31692,1.77128,6403.94,0
0.344712,3507.66,-1.86211,0.378131,3.18468,6788.64,0
0.346011,3507.65,-1.83854,0.378866,3.28677,6799.87,0
0.347326,3507.69,-1.78787,0.381181,2.68263,6645.16,0
0.34862,3507.62,-1.74259,0.427417,3.48974,6825.6,0
0.349933,3507.64,-1.68694,0.476457,3.18948,6743.92,0
0.351236,3507.75,-1.6479,0.405822,1.81402,6392.68,0
0.35255,3507.73,-1.65255,0.535742,1.92391,6434.02,0
0.353861,3507.72,-1.70645,0.571601,1.86889,6432.7,0
0.355167,3507.76,-1.59354,0.609444,1.53014,6309.04,0
0.356473,3507.84,-1.70704,0.617309,0.47586,6069.72,0
0.357793,3507.78,-1.60435,0.477371,1.25344,6205.53,0
0.3591,3507.75,-1.59192,0.343765,1.56963,6262.91,0
0.360405,3507.69,-1.75416,0.346188,1.98636,6403.77,0
0.361691,3507.73,-1.88782,0.365158,1.39222,6284.41,0
0.362985,3507.73,-1.81572,0.314792,1.43124,6265.44,0
0.364279,3507.8,-1.84437,0.298189,0.618106,6049.89,0
0.365574,3507.74,-1.85083,0.280266,1.19588,6193.27,0
0.366872,3507.65,-1.7815,0.28296,2.25225,6403.67,0
0.368178,3507.63,-1.70119,0.307453,2.46647,6438.79,0
0.369479,3507.62,-1.67693,0.278643,2.47329,6434.99,0
0.370769,3507.55,-1.72146,0.226694,3.13182,6609.16,0
0.372066,3507.57,-1.72376,0.185223,2.76555,6525.19,0
0.373359,3507.58,-1.69301,0.238117,2.60821,6492.84,0
0.374654,3507.56,-1.78455,0.263428,2.54839,6502.44,0
0.375963,3507.54,-1.8779,0.293031,2.53314,6536.13,0
0.377262,3507.46,-1.84553,0.321857,3.45911,6739.63,0
0.378562,3507.41,-1.82737,0.334357,3.8438,6850.63,0
0.379881,3507.38,-1.81699,0.310879,3.99046,6902.63,0
0.381178,3507.37,-1.79925,0.313743,4.02758,6897.69,0
0.382494,3507.35,-1.83981,0.306665,3.94557,6915.54,0
0.38379,3507.31,-1.88477,0.33634,4.19477,7004.98,0
0.385089,3507.32,-1.88953,0.319445,3.81983,6955.02,0
0.386389,3507.31,-1.92373,0.309858,3.82634,6974.69,0
0.387709,3507.32,-1.93324,0.376951,3.28927,6899.74,0
0.389019,3507.38,-1.93448,0.38479,2.55904,6740.28,0
0.390315,3507.28,-1.92878,0.365203,3.59364,6964.81,0
0.391632,3507.25,-1.90781,0.354332,3.71893,7022.26,0
0.392946,3507.27,-1.87069,0.374338,3.47627,6951.56,0
0.394271,3507.21,-1.86998,0.343588,3.93607,7066.57,0
0.395578,3507.23,-1.88984,0.322398,3.62027,7012.09,0
0.396888,3507.22,-1.85176,0.38821,3.70818,7014.72,0
0.398217,3507.18,-1.86021,0.373462,3.99929,7085.03,0
0.399524,3507.14,-1.84952,0.370279,4.34101,7168.54,0
0.400821,3507.13,-1.863,0.371524,4.18931,7161.54,0
0.402125,3507.12,-1.89194,0.336739,4.17215,7160.16,0
0.403415,3507.13,-1.90522,0.325624,3.81384,7118.22,0
0.404715,3507.15,-1.91079,0.376413,3.45838,7052.19,0
0.406026,3507.12,-1.91484,0.329435,3.62316,7081.96,0
0.407331,3507.14,-1.955,0.309985,3.30606,7028.36,0
0.408634,3507.15,-2.01428,0.295826,2.97379,6973.26,0
0.409938,3507.14,-2.05317,0.264801,2.87333,6965.97,0
0.411237,3507.16,-2.09899,0.260774,2.57884,6910.13,0
0.41253,3507.13,-2.08228,0.31184,2.88861,6960.99,0
0.413851,3507.19,-2.11781,0.263208,2.02847,6801.47,0
0.415168,3507.3,-2.03602,0.383914,0.768397,6510.53,0
0.416468,3507.29,-2.08837,0.406105,0.761758,6504.04,0
0.417777,3507.25,-1.97348,0.440096,1.41235,6589.12,0
0.419106,3507.31,-1.91782,0.252063,0.825039,6428.79,0
0.420413,3507.35,-2.01765,0.424087,0.130405,6309.47,0
0.421724,3507.26,-1.99946,0.517665,1.16417,6502.47,0
0.423034,3507.17,-1.96411,0.438647,2.25284,6695,0
0.42434,3507.13,-1.96786,0.465861,2.6098,6767.33,0
0.425658,3507.22,-2.01509,0.390208,1.4697,6534.48,0
0.426972,3507.29,-2.01361,0.298266,0.590985,6350.01,0
0.428285,3507.24,-1.98767,0.287283,1.15909,6437.92,0
0.429586,3507.3,-1.95301,0.305969,0.483098,6277.68,0
0.430887,3507.33,-1.99011,0.345196,0.0906086,6194.94,0
0.432185,3507.3,-2.02218,0.236809,0.403458,6244.13,0
0.43347,3507.27,-2.13195,0.331945,0.549938,6293.31,0
0.43479,3507.25,-2.0387,0.268814,0.98525,6334.62,0
0.436102,3507.16,-2.09548,0.275684,1.82786,6505.22,0
0.437405,3507.18,-2.05329,0.326194,1.53696,6438.16,0
0.438716,3507.25,-2.0214,0.407261,0.811505,6279.47,0
0.440026,3507.16,-2.00275,0.439406,1.81889,6460,0
0.441311,3507.17,-2.10403,0.402199,1.53016,6404.49,0
0.442631,3507.19,-2.19525,0.2919,1.23876,6347.08,0
0.443953,3507.23,-2.1753,0.201327,0.8137,6242.71,0
0.445249,3507.17,-2.19936,0.205986,1.35605,6347.93,0
0.446531,3507.17,-2.12931,0.277571,1.41497,6333.47,0
0.447829,3507.15,-2.01503,0.27018,1.85291,6372.63,0
0.44913,3507.19,-2.06781,0.145567,1.20972,6254.73,0
0.450437,3507.07,-2.0293,0.121568,2.70837,6498.92,0
0.451741,3507.13,-1.93358,0.111859,2.0476,6363.69,0
0.453065,3507.23,-2.02706,0.0853348,0.641266,6115.6,0
0.454354,3507.2,-2.0108,0.00131728,0.915218,6152,0
0.455623,3507.14,-2.12781,-0.121283,1.36947,6267.99,0
0.456936,3507.14,-2.094,-0.0343558,1.43123,6255.57,0
0.458236,3507.02,-2.19378,-0.108165,2.69844,6505.16,0
0.459536,3507.06,-2.31212,-0.143684,1.97124,6395.19,0
0.460813,3506.97,-2.27245,-0.152662,3.11539,6584.94,0
0.462119,3506.98,-2.2965,-0.0826592,2.84335,6544.06,0
0.463423,3507.05,-2.2019,-0.0935148,2.03143,6369.36,0
0.464727,3507.01,-2.1317,-0.081742,2.50568,6435.18,0
0.466062,3506.95,-2.07623,0.0365507,3.2349,6542.85,0
0.467372,3506.94,-2.04649,0.0609878,3.30516,6549.04,0
0.468677,3506.95,-2.04037,0.0281156,3.05784,6511.21,0
0.469995,3506.96,-2.03464,0.0240812,2.7833,6468.77,0
0.471319,3507.05,-2.13548,0.0129309,1.39678,6255.22,0
0.472626,3507.06,-2.01654,0.0766695,1.40997,6224.54,0
0.473954,3506.98,-2.04912,0.0889984,2.25838,6376.56,0
0.475261,3507.02,-1.92418,0.106693,1.73882,6262.21,0
0.476555,3507.09,-2.02476,0.0379066,0.724414,6106.76,0
0.477839,3507.09,-2.00516,0.0150403,0.733742,6083.36,0
0.479162,3507.08,-1.95201,0.0776424,0.916037,6089.06,0
0.480458,3507.13,-1.98071,0.248438,0.286833,5971.97,0
0.481748,3507.07,-2.06754,0.122391,0.920094,6085.5,0
0.483072,3507.07,-2.0327,0.182344,0.884903,6059.25,0
0.484371,3506.95,-2.00118,0.218444,2.3273,6289.17,0
0.485673,3506.93,-1.93911,0.24397,2.53657,6311,0
0.486973,3506.88,-1.92771,0.335625,3.05487,6403.43,0
0.488281,3506.84,-1.9746,0.357893,3.27621,6468.24,0
0.489583,3506.87,-1.96446,0.403305,2.86858,6402.35,0
0.490883,3506.9,-1.93372,0.392492,2.42128,6311.02,0
0.492205,3506.93,-1.98373,0.304169,1.98828,6237.52,0
0.493499,3506.95,-1.96331,0.365434,1.61286,6170.54,0
0.494817,3507.01,-2.04473,0.331471,0.823976,6038.3,0
0.496123,3506.93,-1.99897,0.25309,1.80199,6181.07,0
0.497429,3507.04,-2.04635,0.380875,0.349387,5945.61,0
0.498746,3507.01,-1.91108,0.514787,0.857562,5985.56,0
0.500021,3507.05,-1.88773,0.534187,0.40404,5893.97,0
0.50131,3507.04,-1.9095,0.629361,0.468701,5903.36,0
0.502633,3507.01,-1.92266,0.575801,0.788077,5940.75,0
0.50396,3506.94,-2.04008,0.634842,1.40368,6064.42,0
0.505256,3506.89,-2.03887,0.554615,2.05743,6153.29,0
0.506572,3506.88,-2.13231,0.552982,1.93061,6158.14,0
0.507864,3506.8,-2.17948,0.575694,2.724,6300.49,0
0.509177,3506.83,-2.20448,0.559307,2.25763,6234.53,0
0.510471,3506.93,-2.07421,0.622444,1.07755,6017.87,0
0.511771,3506.96,-2.11805,0.664179,0.541501,5933.84,0
0.513092,3506.83,-2.18459,0.558144,2.02159,6174.24,0
0.514406,3506.75,-2.25965,0.524548,2.77604,6319.21,0
0.515706,3506.83,-2.35425,0.580903,1.55567,6147.08,0
0.517016,3506.77,-2.40473,0.617057,2.13133,6248.13,0
0.518323,3506.8,-2.54864,0.720274,1.51027,6181.06,0
0.519636,3506.77,-2.50724,0.88515,1.716,6211.01,0
0.520939,3506.7,-2.55838,0.860832,2.44696,6327.36,0
0.522222,3506.65,-2.64518,0.975537,2.78628,6406.06,0
0.523523,3506.66,-2.62528,0.947635,2.7603,6385.88,0
0.524813,3506.66,-2.58891,0.904075,2.73184,6368.73,0
0.526106,3506.57,-2.57022,0.898073,3.66626,6514.7,0
0.527401,3506.56,-2.59839,0.917196,3.52582,6525.31,0
0.528717,3506.57,-2.60803,0.877899,3.27651,6492.38,0
0.53001,3506.59,-2.70748,0.857537,2.66446,6436.1,0
0.531332,3506.53,-2.72717,0.800313,3.25345,6527.66,0
0.532617,3506.52,-2.74524,0.792316,3.23106,6534.17,0
0.533903,3506.65,-2.79549,0.89082,1.41608,6278.73,0
0.535193,3506.65,-2.74357,0.784767,1.49038,6261.57,0
0.536515,3506.61,-2.78178,0.948603,1.72732,6314.63,0
0.537822,3506.62,-2.82302,0.922344,1.56092,6291.17,0
0.53912,3506.68,-2.64834,1.08555,0.936926,6149.99,0
0.540418,3506.57,-2.8374,1.11248,1.89597,6347.41,0
0.541727,3506.59,-2.98303,1.12179,1.27741,6293.85,0
0.543034,3506.48,-2.97633,1.12185,2.64303,6485.38,0
0.544348,3506.56,-3.03037,1.22241,1.36309,6318.26,0
0.54565,3506.51,-2.91791,1.15783,2.33255,6403.86,0
0.54695,3506.47,-2.85488,1.21592,2.84899,6461,0
0.548242,3506.5,-2.86501,1.07951,2.54049,6389.95,0
0.549563,3506.64,-2.89424,1.10603,0.62963,6115.6,0
0.550876,3506.53,-2.93715,1.22966,1.77089,6301.52,0
0.552188,3506.57,-2.97007,1.22347,1.05942,6204.18,0
0.553504,3506.55,-2.88007,1.20745,1.56915,6239.76,0
0.554803,3506.61,-2.89108,1.24837,0.715827,6112,0
0.55611,3506.56,-2.9174,1.30545,1.19118,6190.25,0
0.557422,3506.62,-2.84354,1.2374,0.580967,6058.15,0
0.558721,3506.6,-3.0149,1.1906,0.494695,6083.29,0
0.560028,3506.58,-3.03162,1.26919,0.679438,6111.77,0
0.561339,3506.6,-2.97171,1.23766,0.559858,6059.2,0
0.562641,3506.52,-3.0237,1.37609,1.21572,6189.35,0
0.563954,3506.48,-3.05029,1.46956,1.46863,6238.28,0
0.565283,3506.42,-3.15389,1.41248,2.06819,6337.12,0
0.566586,3506.41,-3.07288,1.39943,2.25332,6332.73,0
0.567886,3506.41,-3.03751,1.45472,2.18544,6315.5,0
0.569201,3506.52,-3.02065,1.44132,0.933617,6118.62,0
0.570498,3506.39,-3.10202,1.42872,2.1692,6320.79,0
0.571805,3506.46,-2.88751,1.43993,1.74281,6184.64,0
0.573085,3506.51,-2.66183,1.43282,1.55856,6096.88,0
0.574376,3506.42,-2.6032,1.30876,2.77744,6233.86,0
0.575681,3506.38,-2.56104,1.30077,3.24822,6295.7,0
0.576983,3506.42,-2.59657,1.29804,2.62444,6212.68,0
0.578273,3506.39,-2.60354,1.33349,2.90548,6237.35,0
0.579593,3506.45,-2.59094,1.43201,2.07189,6131.76,0
0.580896,3506.5,-2.54422,1.45207,1.50721,6031.11,0
0.582202,3506.58,-2.45225,1.30138,0.790397,5877.63,0
0.583516,3506.56,-2.50169,1.26112,0.944034,5893.26,0
0.584817,3506.5,-2.50018,1.21002,1.75302,5989.3,0
0.586114,3506.52,-2.34731,1.04903,1.90388,5944.59,0
0.587409,3506.39,-2.32271,1.07189,3.32602,6139.53,0
0.588723,3506.39,-2.43029,1.03113,3.05554,6139.86,0
0.589998,3506.38,-2.44637,1.04099,2.95638,6132.79,0
0.59129,3506.39,-2.33818,1.02692,2.83096,6097.19,0
0.592573,3506.37,-2.30764,0.986792,3.08833,6119.01,0
0.593889,3506.45,-2.35366,1.02477,1.92626,5974.42,0
0.595198,3506.44,-2.31925,1.03238,2.04518,5977.06,0
0.596519,3506.46,-2.33024,1.05536,1.71747,5932.96,0
0.597822,3506.52,-2.29605,0.945606,1.16471,5825.74,0
0.599147,3506.58,-2.37881,1.03485,0.135529,5707.01,0
0.600439,3506.46,-2.34175,1.05469,1.71846,5901.94,0
0.60176,3506.5,-2.42726,1.02278,1.00733,5820.63,0
0.603066,3506.46,-2.59916,0.984553,1.08644,5865.09,0
0.604377,3506.43,-2.59633,0.939968,1.55058,5910.88,0
0.605687,3506.35,-2.66784,1.09202,2.20436,6022.94,0
0.606978,3506.41,-2.66915,1.01601,1.46954,5907.25,0
0.608254,3506.42,-2.69691,1.19398,1.12654,5879.42,0
0.609548,3506.46,-2.74384,1.0678,0.618098,5800.05,0
0.610835,3506.48,-2.70286,1.07136,0.459995,5757.23,0
0.612157,3506.44,-2.67136,1.12767,1.0472,5820.33,0
0.613477,3506.42,-2.69373,1.03774,1.19508,5830.57,0
0.614795,3506.44,-2.67541,0.94138,1.09692,5798.51,0
0.616109,3506.46,-2.62401,0.835241,0.909737,5739.6,0
0.617408,3506.38,-2.52101,0.840015,2.05669,5856.75,0
0.618698,3506.3,-2.50828,0.905564,3.04364,5980.45,0
0.620003,3506.28,-2.48258,0.883238,3.27887,6005.73,0
0.621307,3506.27,-2.49661,0.931571,3.0421,5999.73,0
0.622636,3506.31,-2.53056,0.890382,2.39482,5924.1,0
0.623938,3506.39,-2.49458,0.982189,1.34775,5788.32,0
0.625235,3506.41,-2.45996,0.988241,1.11934,5747.35,0
0.626545,3506.37,-2.4668,0.888052,1.51862,5786.24,0
0.627844,3506.25,-2.45703,0.8277,3.12106,5977.49,0
0.629146,3506.25,-2.45911,0.881586,2.93149,5956.1,0
0.630441,3506.22,-2.45024,0.815701,3.23361,5997.23,0
0.631742,3506.19,-2.50733,0.835591,3.39626,6032.26,0
0.63304,3506.23,-2.46851,0.830318,2.74352,5954.91,0
0.634342,3506.21,-2.39621,0.819147,3.06952,5978.36,0
0.635643,3506.2,-2.36621,0.860972,3.14155,5979.2,0
0.636955,3506.18,-2.35006,0.905302,3.28585,5993.56,0
0.638242,3506.23,-2.40647,0.938495,2.38006,5900.65,0
0.639542,3506.16,-2.46937,0.924739,3.10694,6003.38,0
0.640853,3506.2,-2.52316,0.876134,2.45476,5932.11,0
0.642159,3506.12,-2.52758,0.901911,3.39987,6049.46,0
0.643463,3506.13,-2.54192,0.825055,3.08112,6019.98,0
0.644746,3506.09,-2.57623,0.785694,3.22815,6061.88,0
0.646045,3506.2,-2.54512,0.791158,1.73484,5882.15,0
0.647349,3506.14,-2.40589,0.883234,2.56046,5959.27,0
0.648657,3506.19,-2.30327,0.84532,2.22213,5879.46,0
0.64996,3506.26,-2.27697,0.922256,1.15597,5747.85,0
0.651264,3506.24,-2.30937,0.93362,1.31152,5772.2,0
0.652575,3506.15,-2.41877,0.901129,2.2225,5894.69,0
0.653871,3506.18,-2.29641,0.875402,2.11343,5845.99,0
0.655177,3506.09,-2.43034,0.848233,2.91699,5970.64,0
0.656483,3506.06,-2.424,0.768819,3.36416,6001.74,0
0.657781,3506.05,-2.49493,0.731412,3.21207,6005.64,0
0.659097,3506.06,-2.47998,0.685833,2.96251,5980.11,0
0.660403,3506.04,-2.40983,0.690617,3.26345,5999.8,0
0.661703,3506.04,-2.39021,0.734698,3.12462,5983.41,0
0.663001,3506,-2.33286,0.754348,3.55475,6033.18,0
0.664302,3505.95,-2.34616,0.757328,4.02887,6096.78,0
0.665617,3505.96,-2.33806,0.762247,3.76205,6063.34,0
0.666899,3505.97,-2.35507,0.781586,3.43413,6041.5,0
0.668213,3506.04,-2.37924,0.760982,2.21371,5923.15,0
0.669529,3506.02,-2.37925,0.776794,2.34413,5939.84,0
0.670837,3506.07,-2.37125,0.734587,1.7303,5865.48,0
0.672131,3506.02,-2.34253,0.715147,2.34167,5924.02,0
0.673449,3505.95,-2.37094,0.636764,3.02055,6012.47,0
0.674762,3506.05,-2.34632,0.544653,1.6453,5855.41,0
0.676072,3506.03,-2.30138,0.631721,1.90595,5869.6,0
0.677367,3506.07,-2.32867,0.691271,1.21965,5798.01,0
0.678695,3506.01,-2.3647,0.78202,1.89642,5877.08,0
0.68001,3506.05,-2.3786,0.719568,1.3943,5813.9,0
0.681326,3506.09,-2.27729,0.774506,0.903519,5734.43,0
0.682645,3506.08,-2.39746,0.751426,0.819641,5742.67,0
0.683951,3506.04,-2.37658,0.770565,1.33497,5784.74,0
0.685251,3506.03,-2.3642,0.731246,1.54011,5795.92,0
0.686563,3506.03,-2.48524,0.629215,1.28206,5783.9,0
0.687874,3506.03,-2.51717,0.749934,1.08563,5768.63,0
0.68918,3506.01,-2.5078,0.827669,1.29239,5785.74,0
0.690494,3505.99,-2.38927,0.937744,1.68933,5806.13,0
0.691793,3505.93,-2.36644,0.961418,2.34517,5876.56,0
0.693113,3505.97,-2.44782,0.97251,1.53225,5820.19,0
0.694424,3505.93,-2.44896,1.01814,1.90795,5860.9,0
0.695719,3505.92,-2.31496,1.07502,2.10432,5857.57,0
0.697042,3506.03,-2.29567,1.07842,0.635287,5690.96,0
0.698365,3506.02,-2.32042,1.11607,0.648968,5694.83,0
0.69965,3506.01,-2.45901,1.03908,0.644449,5708.34,0
0.700962,3505.91,-2.4862,0.930035,1.8724,5830.38,0
0.702242,3505.84,-2.39385,0.916181,2.94805,5921.45,0
0.703526,3505.78,-2.37938,0.909595,3.7757,6004.94,0
0.704839,3505.72,-2.33649,0.905462,4.54165,6078.62,0
0.706141,3505.71,-2.30897,0.873123,4.4089,6081.29,0
0.70744,3505.73,-2.31586,0.874972,3.76137,6038.55,0
0.708769,3505.77,-2.31542,0.887781,2.92227,5964.41,0
0.710063,3505.71,-2.27006,0.851759,3.65704,6040.62,0
0.711353,3505.72,-2.26845,0.876454,3.23688,6012.89,0
0.712655,3505.68,-2.25072,0.898636,3.66337,6055.13,0
0.713963,3505.61,-2.2531,0.917123,4.35631,6141.82,0
0.715275,3505.61,-2.24789,0.917572,4.08421,6141.09,0
0.716566,3505.61,-2.2349,0.93263,3.83321,6130.02,0
0.717879,3505.61,-2.28066,0.944345,3.4386,6109.37,0
0.719208,3505.62,-2.28556,0.985387,3.11417,6087.22,0
0.720512,3505.59,-2.19508,0.958203,3.57624,6114.16,0
0.721811,3505.56,-2.23262,0.896485,3.80364,6146.7,0
0.723111,3505.53,-2.23959,0.910285,4.15421,6185.16,0
0.724418,3505.5,-2.21719,0.898235,4.44722,6217.98,0
0.725707,3505.47,-2.19883,0.941306,4.57936,6248.24,0
0.727013,3505.45,-2.20935,0.953387,4.35947,6259.99,0
0.728332,3505.42,-2.20913,0.936888,4.63359,6292.39,0
0.729645,3505.42,-2.19427,0.942531,4.28801,6274.3,0
0.730964,3505.39,-2.16853,0.993284,4.5309,6310.74,0
0.732275,3505.36,-2.2193,1.03243,4.7917,6342.39,0
0.733579,3505.33,-2.22307,1.00404,4.83687,6361.68,0
0.734877,3505.35,-2.26827,1.00223,4.28283,6331.67,0
0.73617,3505.34,-2.31085,0.945894,4.05876,6331.55,0
0.73747,3505.36,-2.25968,0.928051,3.72442,6293.4,0
0.738763,3505.42,-2.27526,0.936216,2.67274,6204.31,0
0.740061,3505.47,-2.28561,0.907814,1.90437,6127.45,0
0.741375,3505.42,-2.33448,0.985856,2.25276,6179.22,0
0.742708,3505.43,-2.35904,1.03146,1.84261,6152.74,0
0.744016,3505.43,-2.3737,0.969512,1.7307,6139.13,0
0.745335,3505.4,-2.42851,0.994386,1.89426,6165.7,0
0.746633,3505.33,-2.43503,1.03792,2.81961,6249.32,0
0.747942,3505.32,-2.44533,1.11785,2.80807,6258.69,0
0.749246,3505.32,-2.37727,1.14607,2.78673,6240.11,0
0.750557,3505.3,-2.39007,1.14684,2.96714,6262.89,0
0.751886,3505.34,-2.33695,1.14565,2.37586,6197.63,0
0.753211,3505.3,-2.38256,1.11704,2.73097,6238.49,0
0.754521,3505.35,-2.42677,1.16007,1.71447,6165.37,0
0.755825,3505.43,-2.35535,1.13756,0.813278,6052.82,0
0.75715,3505.38,-2.36613,1.08952,1.49392,6100.58,0
0.758475,3505.29,-2.46082,1.1051,2.49647,6209.78,0
0.759775,3505.25,-2.4826,1.03892,2.83059,6246.8,0
0.761073,3505.29,-2.48967,1.01382,2.24372,6190.68,0
0.762393,3505.33,-2.49338,0.952867,1.62028,6125.39,0
0.7637,3505.28,-2.48774,0.999779,2.22855,6180.88,0
0.764995,3505.33,-2.53478,0.931735,1.40212,6108.13,0
0.76629,3505.41,-2.61543,0.794699,0.191812,5995.35,0
0.76758,3505.33,-2.5295,0.771661,1.58031,6089.47,0
0.7689,3505.3,-2.52994,0.802991,1.75689,6106.35,0
0.770211,3505.38,-2.4121,0.76266,0.873625,5993.31,0
0.771537,3505.41,-2.38183,0.586961,0.657491,5948.47,0
0.772845,3505.34,-2.26449,0.686601,1.8559,6030.6,0
0.774154,3505.4,-2.22496,0.879915,0.854263,5940.25,0
0.77548,3505.37,-2.14986,0.897628,1.49552,5972.76,0
0.776778,3505.28,-2.13925,0.790243,2.79341,6076,0
0.778072,3505.34,-2.13018,0.806333,1.99288,5993.55,0
0.779386,3505.41,-2.10671,0.782853,0.928247,5887.56,0
0.7807,3505.3,-2.13786,0.732865,2.44853,6024.8,0
0.782006,3505.25,-2.1063,0.735386,3.13669,6078.1,0
0.783308,3505.28,-2.04871,0.785034,2.55609,6024.38,0
0.784601,3505.36,-2.03004,0.790578,1.46143,5918.65,0
0.785905,3505.4,-1.92337,0.846313,0.875104,5847.27,0
0.78722,3505.36,-2.03375,0.793801,1.3715,5897.55,0
0.788526,3505.28,-1.99304,0.908815,2.35206,5980.09,0
0.789836,3505.31,-2.00632,0.889287,1.86785,5936.39,0
0.791142,3505.31,-2.03186,0.90366,1.79067,5933.72,0
0.792462,3505.3,-2.02337,0.979182,1.64579,5924.99,0
0.79376,3505.33,-2.02088,0.925408,1.35658,5887.72,0
0.795083,3505.28,-2.03982,1.01136,1.7926,5931.37,0
0.796397,3505.36,-2.12436,0.980624,0.584023,5831.15,0
0.797717,3505.36,-2.10029,0.904974,0.654554,5817.47,0
0.799025,3505.3,-2.16241,0.90431,1.30222,5878.98,0
0.800318,3505.23,-2.12469,0.910907,2.31293,5956.76,0
0.80163,3505.24,-2.14014,0.969059,2.00241,5934.73,0
0.802912,3505.13,-2.07254,0.991139,3.72535,6065.94,0
0.804207,3505.1,-2.05307,0.999365,4.12438,6095.06,0
0.805492,3505.08,-2.04067,1.04446,4.15331,6102.63,0
0.806797,3505.1,-2.08818,1.04463,3.71387,6072.97,0
0.80809,3505.13,-2.11869,1.07601,2.94313,6025.45,0
0.809391,3505.29,-2.11147,1.00324,0.557755,5820.38,0
0.810694,3505.2,-2.04547,1.00037,1.88138,5914.81,0
0.812025,3505.32,-2.04442,0.977324,0.168855,5763.01,0
0.81332,3505.27,-2.01106,0.913178,0.963555,5811.11,0
0.814629,3505.19,-2.10608,0.979256,1.80208,5903.6,0
0.815946,3505.13,-2.12719,0.955961,2.56267,5969.25,0
0.817238,3505.1,-2.05501,1.02934,2.93711,5991.77,0
0.818553,3505.15,-2.06341,0.934753,2.25243,5921.09,0
0.819869,3505.23,-2.10989,0.978953,0.900066,5823.2,0
0.821179,3505.09,-2.05421,0.972714,2.94908,5973.68,0
0.822495,3505.12,-1.9858,0.937894,2.70417,5938.37,0
0.823807,3505.12,-1.93294,0.942393,2.58484,5920.82,0
0.825118,3505.15,-1.94045,0.997539,1.99198,5878.93,0
0.826423,3505.21,-1.89326,1.02923,0.999271,5790.34,0
0.827736,3505.24,-1.91275,0.88131,0.68716,5747.18,0
0.829029,3505.25,-1.87394,0.916111,0.606535,5727.8,0
0.830326,3505.2,-1.82758,0.843692,1.59518,5782.48,0
0.831638,3505.11,-1.82766,0.796056,2.98513,5885.77,0
0.83295,3505.15,-1.8354,0.703245,2.19122,5817.31,0
0.834267,3505.1,-1.84546,0.642873,2.92776,5872.15,0
0.835576,3505.13,-1.91138,0.52666,2.24761,5825.27,0
0.836885,3505.21,-1.84499,0.616887,1.07237,5721.89,0
0.838221,3505.23,-1.82721,0.452896,0.946141,5691.19,0
0.839529,3505.28,-1.73111,0.383053,0.376587,5620.36,0
0.84086,3505.13,-1.68051,0.309797,2.70655,5787.53,0
0.842167,3505.09,-1.68219,0.315479,3.14557,5824.9,0
0.843477,3505.06,-1.67833,0.304127,3.36424,5856.3,0
0.844788,3505.09,-1.68239,0.327671,2.75757,5815.76,0
0.846095,3505.03,-1.7359,0.393377,3.34854,5871.98,0
0.847414,3504.97,-1.73919,0.349018,4.12252,5932.03,0
0.848717,3504.96,-1.74472,0.340445,4.07075,5938.95,0
0.850034,3504.91,-1.7637,0.36237,4.50597,5984.65,0
0.851327,3504.94,-1.74511,0.382058,3.68986,5940.27,0
0.852636,3504.92,-1.73341,0.399844,3.85912,5954.34,0
0.853939,3504.92,-1.73375,0.394676,3.65876,5954.68,0
0.855241,3504.96,-1.78401,0.327433,2.64714,5897.95,0
0.856556,3505.01,-1.68409,0.346607,1.93876,5829.44,0
0.857875,3505.08,-1.65169,0.250079,0.863585,5737.09,0
0.859175,3505.05,-1.52957,0.332179,1.41316,5756.48,0
0.860494,3504.92,-1.55392,0.299672,3.39563,5905.55,0
0.861801,3504.91,-1.58439,0.308104,3.26421,5902.81,0
0.863102,3504.9,-1.60577,0.310296,3.13881,5904.29,0
0.864413,3504.94,-1.62346,0.295991,2.45,5851.94,0
0.86572,3504.93,-1.64551,0.278532,2.48116,5852.72,0
0.867016,3504.95,-1.5094,0.255019,2.40154,5827.86,0
0.868328,3505.01,-1.43268,0.298839,1.4792,5749.42,0
0.869638,3504.99,-1.37259,0.339288,1.86683,5762.03,0
0.870957,3504.94,-1.26096,0.267436,2.7817,5804.48,0
0.872258,3504.88,-1.29841,0.264093,3.63131,5864.36,0
0.87356,3504.87,-1.26433,0.267897,3.68119,5870.85,0
0.874842,3504.92,-1.24044,0.278201,2.75442,5804.21,0
0.876152,3505.04,-1.20527,0.375154,0.814425,5662.84,0
0.877456,3505.02,-1.31719,0.447481,0.936151,5678.12,0
0.878744,3505,-1.34558,0.39305,1.26692,5694.86,0
0.880041,3504.94,-1.42079,0.439485,1.87343,5744.47,0
0.881357,3504.89,-1.50613,0.386477,2.49068,5794.67,0
0.882679,3504.91,-1.4279,0.37087,2.27701,5764.96,0
0.88401,3504.91,-1.33325,0.337165,2.32423,5756,0
0.885326,3504.95,-1.33533,0.368047,1.6262,5706.55,0
0.886642,3504.87,-1.32541,0.369373,2.77,5785.95,0
0.88794,3504.86,-1.3001,0.383691,2.82886,5784.4,0
0.889269,3504.8,-1.2483,0.371999,3.79949,5846.86,0
0.890571,3504.85,-1.25971,0.392121,2.91056,5783.9,0
0.891877,3504.93,-1.31372,0.409736,1.33799,5682.08,0
0.89319,3504.9,-1.32966,0.51001,1.80535,5715.41,0
0.8945,3504.89,-1.30868,0.401351,1.97797,5714.8,0
0.895804,3504.96,-1.29748,0.418404,0.870531,5628.88,0
0.897123,3504.96,-1.24758,0.407563,0.886039,5616.91,0
0.898428,3504.96,-1.42687,0.261795,0.715493,5613.67,0
0.899747,3504.92,-1.47218,0.285485,1.13931,5641.05,0
0.901054,3504.94,-1.56611,0.35749,0.61585,5613.16,0
0.902378,3504.92,-1.49906,0.28253,1.14505,5628.89,0
0.903686,3504.9,-1.51692,0.199248,1.46431,5643.79,0
0.904985,3504.8,-1.50177,0.278998,3.08078,5748.17,0
0.906302,3504.82,-1.49904,0.292669,2.51249,5711.42,0
0.907594,3504.86,-1.45237,0.334771,1.92073,5663.05,0
0.90891,3504.87,-1.46359,0.309754,1.57336,5640.74,0
0.910214,3504.89,-1.44291,0.371343,1.28539,5616.39,0
0.911522,3504.84,-1.48522,0.344846,1.96204,5662.99,0
0.912844,3504.82,-1.38135,0.24906,2.48483,5677.41,0
0.914144,3504.76,-1.54542,0.178474,2.93638,5727.16,0
0.915446,3504.84,-1.54293,0.189519,1.57992,5634.25,0
0.916748,3504.82,-1.56301,0.26008,1.78816,5649.17,0
0.91805,3504.87,-1.44911,0.140176,1.27199,5590.24,0
0.919374,3504.83,-1.43808,0.147344,1.86673,5622.57,0
0.920679,3504.82,-1.5882,0.205374,1.59558,5625.26,0
0.921966,3504.74,-1.61419,0.232098,2.78744,5702.84,0
0.923271,3504.85,-1.56298,0.218258,1.08312,5582.84,0
0.924581,3504.83,-1.60752,0.183419,1.11789,5587.48,0
0.925902,3504.86,-1.59251,0.140637,0.721778,5553.68,0
0.927192,3504.82,-1.62081,0.0862759,1.23586,5584.58,0
0.928487,3504.82,-1.50346,-0.122943,1.5075,5580.59,0
0.929782,3504.84,-1.42544,-0.0958828,1.33488,5551.44,0
0.931087,3504.8,-1.25191,0.0371859,2.26801,5585.93,0
0.932398,3504.74,-1.20944,0.0104832,3.13697,5641.32,0
0.933702,3504.74,-1.20485,0.0114732,2.91293,5628.76,0
0.935016,3504.76,-1.29839,-0.0141163,2.37391,5604.57,0
0.936327,3504.72,-1.33501,-0.0416454,2.77911,5634.57,0
0.937622,3504.75,-1.33475,-0.00155057,2.29096,5601.37,0
0.938918,3504.74,-1.25454,-0.0191289,2.42294,5598.26,0
0.940226,3504.71,-1.26147,0.000448785,2.93218,5630.66,0
0.941522,3504.66,-1.21821,0.0101311,3.63334,5670.69,0
0.942829,3504.68,-1.24915,0.0244142,2.96621,5638.54,0
0.944134,3504.64,-1.18078,0.023357,3.68009,5675.95,0
0.94545,3504.77,-1.19353,-0.0460213,1.36731,5533.9,0
0.946754,3504.77,-1.15986,0.0778726,1.28052,5519.81,0
0.948058,3504.84,-1.13876,0.153794,0.131276,5440.36,0
0.949366,3504.72,-1.10397,0.159531,2.22523,5563.02,0
0.95067,3504.64,-1.18063,0.264707,3.31165,5638.27,0
0.951962,3504.67,-1.12287,0.14862,2.86428,5598.01,0
0.953271,3504.7,-1.2114,0.146112,1.98292,5554.86,0
0.954562,3504.79,-1.10445,0.272422,0.711775,5462.49,0
0.955863,3504.8,-1.14973,0.384896,0.333529,5440.42,0
0.957161,3504.76,-1.09935,0.313138,1.14673,5476.47,0
0.958465,3504.81,-1.0555,0.265595,0.319648,5414.46,0
0.95977,3504.7,-0.975136,0.241442,2.20869,5521.5,0
0.961089,3504.78,-0.86599,0.43777,0.8345,5432.63,0
0.962389,3504.7,-0.81554,0.455321,2.13987,5503.27,0
0.963695,3504.72,-0.781744,0.572482,1.75556,5477.35,0
0.964994,3504.68,-0.810685,0.434948,2.53302,5516.63,0
0.966289,3504.74,-0.653697,0.321353,1.72691,5447.89,0
0.967588,3504.8,-0.626995,0.472956,0.464538,5370.2,0
0.968868,3504.73,-0.505255,0.334661,1.80018,5437.58,0
0.97018,3504.78,-0.426645,0.453882,0.878391,5377.3,0
0.971491,3504.72,-0.449074,0.522476,1.76039,5432.19,0
0.972808,3504.78,-0.297733,0.652455,0.746033,5368.53,0
0.974114,3504.76,-0.197552,0.554918,1.23962,5383.42,0
0.97541,3504.74,-0.289882,0.498303,1.51554,5395.39,0
0.976741,3504.71,-0.253034,0.613727,1.91787,5418.48,0
0.978047,3504.67,-0.333934,0.610919,2.38509,5444.82,0
0.979355,3504.64,-0.307134,0.558545,2.94563,5476.21,0
0.980659,3504.6,-0.242445,0.573536,3.45805,5511.45,0
0.981991,3504.58,-0.212212,0.584991,3.5539,5518.37,0
0.983305,3504.56,-0.244174,0.601397,3.77903,5537.42,0
0.984611,3504.53,-0.218464,0.594515,3.88709,5553.34,0
0.985909,3504.51,-0.231548,0.615404,3.9024,5567.04,0
0.987217,3504.53,-0.253997,0.636025,3.43917,5537.64,0
0.988523,3504.56,-0.228346,0.634433,2.79426,5505.74,0
0.989866,3504.53,-0.231795,0.567611,3.27439,5530.3,0
0.991202,3504.6,-0.257469,0.549415,1.87067,5449.63,0
0.992497,3504.54,-0.245982,0.55157,2.69592,5498.05,0
0.993795,3504.59,-0.179823,0.484533,1.94247,5445.06,0
0.995111,3504.65,-0.273732,0.525947,0.734958,5373.08,0
0.996397,3504.6,-0.322989,0.445692,1.76966,5423.15,0
0.997709,3504.53,-0.306708,0.480577,2.90501,5485.34,0
0.999031,3504.57,-0.340697,0.5755,1.96311,5437.19,0
1.00033,3504.53,-0.370023,0.602746,2.52503,5467.74,0
1.00163,3504.55,-0.405387,0.599618,2.12627,5445.52,0
1.00294,3504.5,-0.432655,0.514755,2.85777,5479.06,0
1.00425,3504.47,-0.427517,0.559069,3.22962,5508.15,0
1.00554,3504.48,-0.517021,0.547515,2.82611,5486.52,0
1.00684,3504.54,-0.436996,0.468474,1.91736,5427.4,0
1.00815,3504.47,-0.391501,0.45887,3.0341,5481.5,0
1.00945,3504.4,-0.362176,0.422426,4.27546,5546.01,0
1.01075,3504.37,-0.367813,0.46039,4.37715,5565.91,0
1.01204,3504.4,-0.34597,0.44529,3.69862,5537.13,0
1.01336,3504.54,-0.340512,0.500995,0.944145,5388.19,0
1.01466,3504.45,-0.492009,0.567371,2.38401,5470.1,0
1.01598,3504.53,-0.594302,0.638172,0.661672,5379.62,0
1.01728,3504.57,-0.581592,0.678159,0.0817887,5341.95,0
1.01859,3504.49,-0.49846,0.580526,1.63436,5411.97,0
1.0199,3504.53,-0.483313,0.56261,0.800153,5358.68,0
1.02121,3504.46,-0.382692,0.428255,2.1102,5420.31,0
1.02252,3504.54,-0.382268,0.551874,0.442505,5335,0
1.02382,3504.41,-0.375935,0.514757,2.96989,5463.55,0
1.02512,3504.38,-0.331553,0.512783,3.398,5479.95,0
1.02643,3504.43,-0.34139,0.599871,2.42896,5429.18,0
1.02774,3504.48,-0.311917,0.530387,1.51332,5372.64,0
1.02904,3504.45,-0.333295,0.571283,1.90966,5389.15,0
1.03033,3504.38,-0.375428,0.620614,3.09648,5454.08,0
1.03164,3504.45,-0.48378,0.654966,1.65548,5381.21,0
1.03294,3504.46,-0.47761,0.58572,1.40179,5364.31,0
1.03425,3504.46,-0.44637,0.54787,1.351,5352.2,0
1.03556,3504.5,-0.361655,0.635797,0.653589,5310.83,0
1.03686,3504.41,-0.381049,0.68497,2.12705,5387.9,0
1.03815,3504.39,-0.376336,0.609687,2.50758,5399.66,0
1.03944,3504.4,-0.365547,0.616265,2.27918,5387,0
1.04074,3504.39,-0.377318,0.653661,2.35087,5389.95,0
1.04204,3504.4,-0.280437,0.737524,2.04559,5372.82,0
1.04335,3504.36,-0.154577,0.889022,2.62292,5408.23,0
1.04467,3504.38,-0.142581,0.907492,2.03742,5383.85,0
1.04597,3504.35,-0.106108,0.949451,2.37841,5405.01,0
1.04727,3504.39,-0.0710288,0.788437,1.70609,5355.39,0
1.04856,3504.34,-0.0522183,0.747215,2.60309,5399.15,0
1.04988,3504.47,0.0123795,0.801872,0.0981125,5266.84,0
1.05119,3504.44,-0.00170178,0.664127,0.84964,5290.7,0
1.0525,3504.44,-0.0222982,0.799315,0.644851,5284.29,0
1.05382,3504.43,0.0122812,0.719349,0.842325,5284.22,0
1.05514,3504.34,-0.002047,0.664953,2.54277,5365.85,0
1.05645,3504.34,-0.0693437,0.581416,2.46802,5359.15,0
1.05777,3504.3,-0.0049586,0.512745,3.20766,5390.66,0
1.05905,3504.32,0.0346218,0.569055,2.48109,5361.89,0
1.06035,3504.29,0.0735781,0.611247,2.8139,5382.66,0
1.06167,3504.3,0.110671,0.667259,2.47797,5368.25,0
1.06297,3504.3,-0.00145498,0.607007,2.49729,5361.55,0
1.06427,3504.25,0.0028667,0.594253,3.25226,5401.18,0
1.06558,3504.27,0.0626285,0.536531,2.8362,5375.61,0
1.06689,3504.25,0.0356437,0.554926,3.09686,5392.33,0
1.06818,3504.27,0.03277,0.522518,2.62317,5368.94,0
1.06948,3504.3,0.160747,0.588943,1.83669,5331.7,0
1.0708,3504.29,0.183346,0.600812,1.92558,5335.43,0
1.07211,3504.35,0.0507483,0.580012,0.709142,5267.25,0
1.07344,3504.37,0.0619625,0.510346,0.374118,5242.13,0
1.07474,3504.32,0.109508,0.449199,1.41469,5285.52,0
1.07603,3504.27,0.105839,0.393641,2.31106,5328.41,0
1.07734,3504.25,0.0650492,0.425481,2.39806,5334.01,0
1.07866,3504.21,0.103254,0.580776,2.9943,5370.84,0
1.07998,3504.16,0.120335,0.505995,3.80845,5409.04,0
1.08128,3504.18,0.0937948,0.491893,3.25497,5383.81,0
1.08258,3504.2,0.16381,0.436705,2.74578,5357.25,0
1.08386,3504.27,0.13444,0.410659,1.38399,5285.6,0
1.08515,3504.21,0.0102869,0.388586,2.44595,5331.43,0
1.08646,3504.2,-0.0044724,0.404174,2.68598,5340.32,0
1.08776,3504.19,-0.00859895,0.326585,2.92208,5343.04,0
1.08908,3504.29,0.0834325,0.344573,0.73718,5239.05,0
1.0904,3504.33,0.0929073,0.25183,0.174238,5202.3,0
1.0917,3504.29,0.24938,0.308295,0.751899,5229.55,0
1.09301,3504.26,0.243361,0.373728,1.29228,5253.28,0
1.09431,3504.16,0.243817,0.348209,3.14127,5338.1,0
1.0956,3504.31,0.193235,0.32099,0.177005,5195.96,0
1.09689,3504.22,0.168754,0.40216,1.80449,5271.81,0
1.09821,3504.2,0.147592,0.326273,2.14227,5283.66,0
1.09952,3504.19,0.1312,0.311,2.18017,5281.8,0
1.10082,3504.16,0.13894,0.31625,2.75642,5304.2,0
1.10212,3504.1,0.126264,0.266735,3.81191,5355.44,0
1.1034,3504.03,0.104898,0.300017,4.64116,5406.98,0
1.10471,3504.04,0.116514,0.288352,4.21947,5393.79,0
1.10603,3504.05,0.100223,0.357312,3.76655,5376.98,0
1.10734,3504.05,0.0653407,0.336494,3.60543,5370.25,0
1.10864,3504.05,0.0493649,0.279112,3.40029,5365.77,0
1.10996,3504.02,0.0641228,0.300933,3.69225,5384.07,0
1.11127,3504.01,0.0162759,0.334984,3.75329,5386.47,0
1.11258,3504,0.0298412,0.311808,3.88233,5390.18,0
1.11388,3503.98,0.0629998,0.312028,4.11419,5403.01,0
1.11518,3503.97,0.00400701,0.344786,4.05998,5408.07,0
1.11651,3503.95,-0.00116593,0.371013,4.12613,5415.78,0
1.11781,3503.94,0.0572445,0.370681,4.21544,5418.38,0
1.11911,3503.92,0.0858125,0.364685,4.50262,5434.75,0
1.12044,3503.9,0.0498669,0.364056,4.66773,5441.71,0
1.12174,3503.88,0.0415525,0.363647,4.68573,5455.58,0
1.12305,3503.89,0.0691096,0.329417,4.26822,5438.83,0
1.12436,3503.86,0.116982,0.334138,4.61269,5462.58,0
1.12568,3503.9,0.0971694,0.34751,3.41265,5417.5,0
1.127,3503.88,0.169931,0.340653,3.72461,5431.01,0
1.1283,3503.85,0.20759,0.39642,4.20616,5449.48,0
1.12958,3503.89,0.200512,0.383704,3.3186,5411.12,0
1.13089,3504,0.241285,0.333496,1.11069,5309.8,0
1.13217,3503.89,0.251869,0.424689,3.07347,5394.41,0
1.13346,3503.98,0.265523,0.50415,1.08271,5309.8,0
1.13477,3503.94,0.124229,0.562667,1.85439,5340.53,0
1.13608,3504,0.122509,0.622025,0.663476,5285.6,0
1.13738,3503.92,0.122437,0.729252,2.01772,5348.02,0
1.13869,3503.95,0.182641,0.662865,1.46196,5316.33,0
1.14001,3503.85,0.180801,0.675604,3.36305,5397.47,0
1.14131,3503.92,0.267638,0.679804,1.69085,5327.16,0
1.14263,3503.96,0.181428,0.728441,0.769808,5282.52,0
1.14393,3503.89,0.20945,0.781368,2.11505,5339.14,0
1.14522,3503.97,0.124422,0.683724,0.780802,5268.55,0
1.14653,3503.95,0.149206,0.538218,1.26238,5276.68,0
1.14784,3503.93,0.0721962,0.438576,1.67971,5284.32,0
1.14916,3503.98,-0.0457603,0.384609,0.68592,5236.29,0
1.15048,3503.99,-0.00837993,0.359465,0.525742,5223.15,0
1.15178,3503.92,-0.00848543,0.356495,1.97135,5280.78,0
1.15309,3503.94,0.00788215,0.283126,1.53207,5255.1,0
1.15439,3503.94,-0.139415,0.250665,1.46304,5248.64,0
1.15569,3503.91,-0.121135,0.251746,2.01885,5265.65,0
1.157,3503.92,-0.151788,0.175916,1.85457,5255.39,0
1.1583,3503.83,-0.12989,0.241203,3.52297,5325.81,0
1.15961,3503.85,-0.134313,0.222777,2.86284,5299.54,0
1.16091,3503.81,-0.125382,0.260415,3.54786,5329.38,0
1.16221,3503.84,-0.163022,0.253468,2.69652,5298.33,0
1.16353,3503.87,-0.225888,0.262276,1.9316,5267.4,0
1.16482,3503.87,-0.258916,0.305917,1.89818,5264.74,0
1.16613,3503.85,-0.201306,0.357818,2.08828,5270.05,0
1.16744,3503.87,-0.157904,0.324964,1.57095,5246.7,0
1.16876,3503.93,-0.192179,0.370077,0.359417,5194.35,0
1.17006,3503.88,-0.254225,0.316748,1.34033,5230.9,0
1.17135,3503.86,-0.366596,0.265339,1.7422,5245.69,0
1.17265,3503.78,-0.339359,0.245799,3.18094,5301.84,0
1.17396,3503.75,-0.390072,0.195262,3.76475,5321.66,0
1.17525,3503.76,-0.338476,0.251341,3.39927,5307.27,0
1.17658,3503.85,-0.276907,0.26453,1.46732,5224.95,0
1.17789,3503.8,-0.238877,0.35363,2.5141,5266.15,0
1.1792,3503.86,-0.234945,0.369359,1.05665,5203.09,0
1.1805,3503.87,-0.228163,0.517832,0.705815,5189.84,0
1.1818,3503.85,-0.198136,0.579611,1.11877,5206.54,0
1.18311,3503.77,-0.168432,0.562099,2.71627,5266.67,0
1.18442,3503.8,-0.268951,0.481646,2.10542,5238.58,0
1.18571,3503.77,-0.454013,0.532985,2.35688,5255.18,0
1.18701,3503.85,-0.461696,0.5418,0.569639,5179.77,0
1.18832,3503.77,-0.561079,0.519141,2.2015,5246.78,0
1.18964,3503.78,-0.509799,0.434181,2.08844,5231.91,0
1.19094,3503.81,-0.474311,0.433529,1.32922,5195.37,0
1.19225,3503.82,-0.507131,0.529816,0.885306,5180.61,0
1.19354,3503.77,-0.610553,0.628935,1.64867,5219.64,0
1.19486,3503.81,-0.540794,0.638407,0.798988,5177.2,0
1.19616,3503.83,-0.637961,0.445218,0.574068,5158.81,0
1.1975,3503.79,-0.581067,0.538721,1.36621,5187.34,0
1.19879,3503.82,-0.609954,0.464069,0.681491,5153.92,0
1.20009,3503.75,-0.594947,0.445798,2.20188,5210.17,0
1.20139,3503.8,-0.606203,0.5714,0.870483,5162.06,0
1.2027,3503.8,-0.625321,0.523335,0.807311,5153.1,0
1.20401,3503.7,-0.588815,0.60039,2.87594,5235.51,0
1.2053,3503.72,-0.533626,0.540573,2.41018,5211.17,0
1.20663,3503.71,-0.554178,0.486873,2.66442,5215.78,0
1.20794,3503.79,-0.630639,0.462532,0.762756,5139.76,0
1.20925,3503.74,-0.598237,0.410013,2.05669,5180.87,0
1.21053,3503.77,-0.804989,0.470354,0.922714,5145.68,0
1.21184,3503.79,-0.882653,0.52266,0.360723,5127.75,0
1.21315,3503.73,-0.880289,0.537639,1.53255,5170.8,0
1.21445,3503.72,-0.912543,0.667626,1.28766,5167.15,0
1.21575,3503.66,-0.806707,0.69999,2.76778,5214.58,0
1.21707,3503.61,-0.772641,0.696703,3.74222,5247.9,0
1.21839,3503.67,-0.804397,0.68114,2.3675,5195.47,0
1.21972,3503.68,-0.806477,0.597202,2.30649,5181.01,0
1.22101,3503.75,-0.875641,0.611863,0.492579,5114.69,0
1.22231,3503.66,-0.836925,0.622563,2.51427,5189.26,0
1.22361,3503.64,-0.81611,0.548467,2.88758,5195.79,0
1.22492,3503.69,-0.840982,0.442511,1.84249,5152.5,0
1.22621,3503.72,-0.84762,0.436436,1.19976,5124.37,0
1.22752,3503.66,-0.825846,0.475051,2.29496,5165.47,0
1.22881,3503.67,-0.789285,0.488418,2.05405,5149.18,0
1.23011,3503.69,-0.725883,0.53022,1.72649,5132.22,0
1.23141,3503.73,-0.80483,0.482771,0.754859,5094.35,0
1.23271,3503.66,-0.763905,0.520764,2.24146,5145.98,0
1.23402,3503.72,-0.856565,0.587616,0.591597,5088.6,0
1.23533,3503.72,-0.965918,0.620419,0.270551,5081.9,0
1.23664,3503.65,-0.939077,0.626472,1.68576,5132.83,0
1.23794,3503.66,-0.939717,0.71918,1.41031,5125.12,0
1.23925,3503.65,-0.937321,0.601791,1.71517,5125.65,0
1.24056,3503.67,-0.934281,0.732328,1.052,5104.27,0
1.24186,3503.55,-0.987735,0.695624,3.19757,5191.65,0
1.24317,3503.55,-1.04737,0.765426,2.89068,5185.91,0
1.24446,3503.62,-1.0824,0.845878,1.02366,5123.13,0
1.24578,3503.53,-1.12977,0.800992,2.80674,5189.97,0
1.24708,3503.59,-1.20919,0.734772,1.58877,5143.88,0
1.24837,3503.58,-1.14084,0.690904,1.93806,5145.09,0
1.24969,3503.54,-1.12905,0.734178,2.48674,5165.66,0
1.251,3503.48,-1.30375,0.676279,3.3772,5213.25,0
1.25232,3503.51,-1.30296,0.658386,2.58877,5179.55,0
1.25364,3503.51,-1.30679,0.595093,2.71642,5176.54,0
1.25497,3503.5,-1.27903,0.613339,2.74188,5176.23,0
1.25627,3503.44,-1.26742,0.632866,4.01843,5222.66,0
1.25757,3503.44,-1.2777,0.617762,3.79374,5216.55,0
1.25889,3503.4,-1.25828,0.654688,4.44902,5238.79,0
1.26019,3503.37,-1.27939,0.666386,4.88206,5261.9,0
1.2615,3503.38,-1.26254,0.690105,4.21161,5244.69,0
1.26279,3503.37,-1.30547,0.663221,4.22944,5250.56,0
1.26409,3503.35,-1.31779,0.653563,4.31362,5260.27,0
1.26543,3503.36,-1.30582,0.649343,3.92934,5250.5,0
1.26673,3503.34,-1.30637,0.652153,4.05897,5254.14,0
1.26802,3503.31,-1.3098,0.604622,4.55804,5274.22,0
1.26932,3503.33,-1.26575,0.635462,3.90182,5251.28,0
1.27064,3503.27,-1.25786,0.564791,5.04587,5294.17,0
1.27194,3503.33,-1.25713,0.530911,3.49671,5243.4,0
1.27323,3503.33,-1.29553,0.488332,3.41882,5239.65,0
1.27453,3503.3,-1.27631,0.519671,3.93411,5255.07,0
1.27583,3503.3,-1.2441,0.521726,3.8794,5250.6,0
1.27713,3503.33,-1.25548,0.522607,3.02017,5220.93,0
1.27842,3503.37,-1.34098,0.491402,1.66438,5184.39,0
1.27974,3503.34,-1.35026,0.527565,2.10898,5200.5,0
1.28103,3503.38,-1.51348,0.458359,0.913312,5171.51,0
1.28232,3503.37,-1.46602,0.532868,1.0104,5170.19,0
1.28364,3503.35,-1.44018,0.546686,1.54438,5183.56,0
1.28494,3503.39,-1.48863,0.452425,0.50583,5144.08,0
1.28625,3503.3,-1.46701,0.352701,2.67738,5212.84,0
1.28757,3503.29,-1.47725,0.299848,2.69236,5211.53,0
1.28886,3503.28,-1.45202,0.291532,3.00928,5216.7,0
1.29015,3503.33,-1.38282,0.319953,1.91535,5167.15,0
1.29147,3503.4,-1.37409,0.289788,0.412073,5109.62,0
1.29278,3503.39,-1.3924,0.295078,0.611238,5114.92,0
1.29408,3503.34,-1.29332,0.385157,1.93911,5146.18,0
1.29539,3503.31,-1.38258,0.454182,2.32302,5168.07,0
1.29671,3503.3,-1.41084,0.534017,2.21079,5170.08,0
1.29802,3503.34,-1.42686,0.583933,1.01377,5128.88,0
1.29931,3503.29,-1.52349,0.533955,1.83507,5166.56,0
1.30062,3503.29,-1.51474,0.590925,1.7187,5161.19,0
1.30191,3503.26,-1.42189,0.572686,2.60158,5176.86,0
1.30322,3503.28,-1.45238,0.542325,2.0378,5157.7,0
1.30451,3503.18,-1.4714,0.509782,4.05865,5228.79,0
1.30582,3503.17,-1.4892,0.5087,3.86078,5227.05,0
1.30715,3503.18,-1.45287,0.514912,3.68944,5216.19,0
1.30844,3503.22,-1.4416,0.512407,2.7618,5180.47,0
1.30974,3503.19,-1.43527,0.505359,3.41132,5200.05,0
1.31105,3503.2,-1.44486,0.49277,2.91319,5184.4,0
1.31236,3503.26,-1.50093,0.488368,1.44696,5139.6,0
1.31367,3503.22,-1.36113,0.377774,2.83834,5161.49,0
1.31498,3503.3,-1.43159,0.419342,0.756673,5096.06,0
1.31628,3503.24,-1.45353,0.55706,1.7958,5137.24,0
1.31759,3503.23,-1.38488,0.593678,2.25999,5141.04,0
1.31889,3503.22,-1.44287,0.529277,2.10775,5138.06,0
1.32021,3503.13,-1.43829,0.524857,3.95184,5202.25,0
1.32152,3503.14,-1.50584,0.513531,3.26622,5187.91,0
1.32283,3503.08,-1.52551,0.482346,4.34853,5228.16,0
1.32413,3503.09,-1.5329,0.478431,3.83915,5216.24,0
1.32544,3503.11,-1.47862,0.595403,3.30385,5198.47,0
1.32675,3503.09,-1.48338,0.577535,3.59876,5209.4,0
1.32805,3503.15,-1.52086,0.535166,2.06105,5160.47,0
1.32935,3503.14,-1.52077,0.58568,2.09888,5160.01,0
1.33067,3503.06,-1.4774,0.656284,3.96253,5218.26,0
1.33197,3503.03,-1.46936,0.622422,4.4279,5234.47,0
1.33326,3503.1,-1.45363,0.613655,2.49839,5174.45,0
1.33454,3503.16,-1.39123,0.600518,1.48552,5128.87,0
1.33585,3503.19,-1.31403,0.600705,1.01598,5099.06,0
1.33714,3503.1,-1.28897,0.643048,2.9531,5159.84,0
1.33843,3503.14,-1.31128,0.687253,1.70956,5122.32,0
1.33974,3503.11,-1.27499,0.892825,2.12084,5143.09,0
1.34105,3503.11,-1.39502,0.934112,1.40979,5134.84,0
1.34236,3503.12,-1.37589,0.95888,1.23334,5125.41,0
1.34365,3503.11,-1.25422,0.940132,2.04604,5130.86,0
1.34497,3503.09,-1.25673,0.920861,2.29121,5137.58,0
1.34629,3503.04,-1.19316,1.03286,3.24152,5168.92,0
1.3476,3503.13,-1.28273,0.952683,0.923688,5096.24,0
1.34892,3503.11,-1.31659,0.89623,1.40083,5106.95,0
1.35026,3503.1,-1.18767,0.843811,2.13123,5108.41,0
1.35156,3503.03,-1.21465,0.87083,3.49659,5154.56,0
1.35288,3503.04,-1.19204,0.843199,3.31949,5142,0
1.3542,3503.06,-1.19653,0.893815,2.72099,5126.72,0
1.3555,3503.04,-1.24672,1.02039,2.43963,5133.9,0
1.35683,3503.05,-1.18671,1.04875,2.28878,5121.79,0
1.35811,3503.1,-1.18816,1.12271,0.805471,5081.31,0
1.35941,3502.99,-1.23405,1.18551,2.85914,5157.05,0
1.3607,3503.06,-1.16134,1.05877,1.93792,5102.61,0
1.36201,3503.05,-1.28079,1.0814,1.54097,5102.12,0
1.36332,3502.99,-1.35674,1.15453,2.2464,5140.7,0
1.36463,3503.02,-1.28384,1.23651,1.32699,5111.29,0
1.36593,3502.98,-1.1893,1.15296,2.87303,5137.34,0
1.36725,3502.95,-1.20769,1.1479,3.34626,5154.54,0
1.36857,3502.93,-1.25926,1.13781,3.54786,5165.14,0
1.36986,3502.92,-1.24414,1.16743,3.66116,5171.6,0
1.37115,3502.9,-1.30501,1.13231,3.63979,5176.35,0
1.37245,3502.96,-1.31022,1.1421,1.99384,5126.79,0
1.37375,3503,-1.24018,1.16995,1.35725,5095.59,0
1.37503,3502.94,-1.17382,1.13419,3.08847,5137.32,0
1.37635,3502.95,-1.13617,1.10022,2.87587,5123.98,0
1.37764,3502.94,-1.20002,1.08396,2.80871,5125.23,0
1.37895,3503.01,-1.16876,1.09398,0.988033,5067.26,0
1.38025,3503.02,-1.08299,1.22193,0.72974,5059.99,0
1.38156,3502.91,-1.11763,1.22959,3.04156,5134.93,0
1.38287,3502.87,-1.09773,1.20867,3.77584,5152.59,0
1.38417,3502.98,-1.09785,1.19966,1.23826,5074.02,0
1.38549,3503.02,-1.15594,1.07947,0.460956,5038.21,0
1.38679,3503.02,-1.09214,1.16049,0.498543,5036.21,0
1.38813,3502.97,-1.0533,1.09563,1.83338,5062.66,0
1.38943,3502.93,-0.935021,1.21067,2.85619,5091.67,0
1.39073,3502.91,-0.971952,1.25464,2.6878,5096.74,0
1.39206,3502.9,-0.931391,1.24579,2.97333,5098.96,0
1.39337,3502.92,-1.02335,1.31496,1.97615,5083.32,0
1.39468,3502.89,-1.0518,1.28753,2.60606,5100.7,0
1.39598,3502.9,-1.08807,1.23555,2.26798,5085.25,0
1.39727,3502.95,-1.06947,1.22274,1.15291,5044.9,0
1.39861,3502.97,-1.09713,1.18074,0.712866,5027.04,0
1.39993,3502.97,-1.17447,1.06166,0.748351,5018.98,0
1.40123,3502.88,-1.13418,1.05564,2.96587,5080.99,0
1.40253,3502.86,-1.13578,1.05716,3.28008,5090.54,0
1.40382,3502.87,-1.06255,1.06965,3.17889,5082.34,0
1.40513,3502.89,-1.04797,0.983255,2.83825,5059.12,0
1.40643,3502.93,-1.08665,0.945468,1.75048,5024.49,0
1.40774,3502.92,-1.11644,0.868686,2.15314,5028.7,0
1.40903,3502.93,-1.14068,1.08874,0.99841,5014.36,0
1.41035,3502.84,-1.13694,1.15575,2.90191,5076.69,0
1.41164,3502.91,-1.14147,1.17511,1.00361,5020.2,0
1.41295,3502.88,-1.05236,1.39596,1.11535,5038.25,0
1.41424,3502.83,-0.951956,1.41342,2.37199,5067.3,0
1.41555,3502.85,-0.872682,1.50115,1.73502,5049.98,0
1.41685,3502.83,-0.878613,1.45564,2.43667,5060.57,0
1.41815,3502.76,-0.934279,1.53055,3.54417,5107.2,0
1.41944,3502.76,-0.97334,1.50012,3.22837,5100.98,0
1.42074,3502.8,-0.942601,1.51973,2.00533,5065.24,0
1.42204,3502.83,-1.03994,1.48227,1.29079,5044,0
1.42334,3502.83,-0.977116,1.50121,1.29874,5037.34,0
1.42465,3502.76,-1.05291,1.58793,2.24696,5082.64,0
1.42597,3502.81,-1.00236,1.55641,1.18389,5039.83,0
1.42729,3502.76,-0.956744,1.41748,3.24493,5072.56,0
1.42859,3502.73,-0.928769,1.40277,4.03965,5087.27,0
1.42991,3502.72,-0.944317,1.34195,4.45349,5093.4,0
1.43122,3502.72,-0.936232,1.30984,4.34318,5089.22,0
1.43254,3502.73,-0.98319,1.31773,3.46436,5073.11,0
1.43384,3502.75,-1.02807,1.32162,2.78614,5059.23,0
1.43515,3502.8,-1.0635,1.33682,1.2294,5018.44,0
1.43645,3502.77,-1.11794,1.28139,1.92148,5034.79,0
1.43777,3502.82,-1.10589,1.26042,0.759966,4992.41,0
1.43907,3502.84,-1.04851,1.25528,0.630197,4977.06,0
1.44037,3502.82,-0.991157,1.26466,1.29447,4987.75,0
1.44168,3502.82,-0.876319,1.20583,1.6769,4977.18,0
1.44298,3502.83,-0.941757,1.27941,0.907266,4967.63,0
1.44428,3502.79,-0.935016,1.19665,2.20301,4990.47,0
1.4456,3502.85,-1.05465,1.19201,0.471852,4948.19,0
1.4469,3502.82,-1.04062,1.25657,0.804905,4959.48,0
1.44821,3502.8,-1.0151,1.24903,1.34693,4968.86,0
1.4495,3502.73,-0.927926,1.19845,3.63826,5015.66,0
1.45082,3502.71,-0.878237,1.1704,4.2735,5024.45,0
1.45211,3502.73,-0.875195,1.17594,3.63354,5008.21,0
1.45339,3502.73,-0.907635,1.20302,3.21434,5000.13,0
1.4547,3502.72,-0.94664,1.2218,3.03578,5001.71,0
1.45602,3502.74,-0.884719,1.24241,2.54952,4985.16,0
1.4573,3502.69,-0.914163,1.32383,3.25974,5013.95,0
1.45861,3502.72,-0.818359,1.26787,3.0821,4992.3,0
1.45991,3502.7,-0.776295,1.27392,3.37029,4997.24,0
1.46121,3502.66,-0.758371,1.33477,3.98319,5020.93,0
1.46252,3502.68,-0.73365,1.29433,3.68374,5008.24,0
1.46383,3502.69,-0.756905,1.30728,3.07513,4994.75,0
1.46518,3502.69,-0.739926,1.34437,2.9736,4991.55,0
1.4665,3502.67,-0.705185,1.34219,3.35936,4998.82,0
1.46781,3502.67,-0.690281,1.31166,3.29227,4991.23,0
1.46912,3502.64,-0.720019,1.31049,3.79754,5008.81,0
1.47043,3502.62,-0.720903,1.29828,4.24285,5020.62,0
1.47172,3502.55,-0.733156,1.29197,5.67359,5059.85,0
1.47303,3502.58,-0.762688,1.33489,4.26511,5037.15,0
1.47434,3502.51,-0.776062,1.31525,5.72038,5080.9,0
1.47564,3502.51,-0.802838,1.29134,5.31072,5076.18,0
1.47695,3502.5,-0.81321,1.31788,5.0596,5081.25,0
1.47825,3502.48,-0.789294,1.34749,4.80024,5086.51,0
1.47957,3502.45,-0.775159,1.29533,5.40015,5099.78,0
1.4809,3502.53,-0.77167,1.24531,3.33752,5043.2,0
1.48218,3502.56,-0.848033,1.35519,1.63275,5020.06,0
1.4835,3502.55,-0.832882,1.35403,1.8165,5021.39,0
1.48481,3502.46,-0.829094,1.35046,4.07446,5076.86,0
1.48611,3502.43,-0.84124,1.34253,4.63802,5095.99,0
1.48742,3502.44,-0.867179,1.36472,3.88183,5082.86,0
1.48871,3502.45,-0.849566,1.3286,3.7524,5072.26,0
1.49002,3502.43,-0.84715,1.34693,3.74145,5077.96,0
1.49132,3502.42,-0.806294,1.31941,4.2781,5085.52,0
1.49261,3502.39,-0.828003,1.27932,4.72198,5097.53,0
1.4939,3502.39,-0.863373,1.27116,4.42245,5096.4,0
1.49523,3502.38,-0.836688,1.22995,4.71229,5097.38,0
1.49653,3502.38,-0.788592,1.24562,4.39553,5091.34,0
1.4978,3502.44,-0.847558,1.28067,2.08721,5044.93,0
1.4991,3502.4,-0.852438,1.19212,3.63585,5070.09,0
1.5004,3502.39,-0.883732,1.25665,3.29416,5071.17,0
1.50172,3502.41,-0.90099,1.292,2.43265,5054.3,0
1.50303,3502.47,-0.917456,1.26761,0.812327,5009.06,0
1.50433,3502.4,-0.900337,1.25755,2.78633,5052.49,0
1.50564,3502.39,-0.877253,1.2628,2.92063,5052.57,0
1.50696,3502.4,-0.941234,1.29525,2.07491,5041.55,0
1.50826,3502.39,-1.01029,1.34877,1.83629,5047.2,0
1.50959,3502.44,-0.991824,1.33071,0.731186,5011.17,0
1.5109,3502.44,-0.789594,1.23372,1.92246,5003.85,0
1.51221,3502.4,-0.75169,1.19924,3.13934,5024.2,0
1.51354,3502.44,-0.734426,1.2338,1.95599,4994.91,0
1.51485,3502.42,-0.717683,1.26306,2.35912,5005.2,0
1.51616,3502.42,-0.704173,1.41436,1.3304,4997.96,0
1.51746,3502.35,-0.790403,1.51194,2.18068,5038.66,0
1.51875,3502.32,-0.849333,1.59576,2.1066,5054.37,0
1.52006,3502.41,-0.92331,1.46498,0.352815,4992.09,0
1.52136,3502.37,-1.07326,1.32104,1.4805,5012.81,0
1.52266,3502.32,-1.18059,1.18984,3.12743,5046.03,0
1.52397,3502.28,-1.14457,1.16547,4.17329,5062.9,0
1.5253,3502.29,-1.1655,1.11746,3.82802,5053.28,0
1.52662,3502.32,-1.14871,1.16879,2.82531,5032.51,0
1.52792,3502.31,-1.13412,1.17352,2.83454,5030.92,0
1.52922,3502.38,-1.12855,1.1505,0.85794,4979.78,0
1.53051,3502.29,-1.05774,1.25036,3.12753,5038.26,0
1.53183,3502.27,-1.00891,1.26357,3.66995,5046.74,0
1.53312,3502.24,-1.02051,1.27564,4.18605,5063.04,0
1.53442,3502.29,-1.05237,1.25811,2.56037,5027.33,0
1.53572,3502.35,-0.925594,1.17776,1.85461,4981.23,0
1.53704,3502.29,-0.85577,1.21437,3.41284,5013.14,0
1.53836,3502.29,-0.88007,1.19331,3.37888,5011.31,0
1.53965,3502.3,-0.922773,1.14648,3.13967,5002.02,0
1.54095,3502.33,-0.800183,1.1646,2.4944,4974.43,0
1.54225,3502.32,-0.787272,1.25165,2.46823,4982.76,0
1.54354,3502.28,-0.691194,1.27406,3.51108,5002.2,0
1.54486,3502.28,-0.646207,1.30425,3.14725,4994.33,0
1.54618,3502.3,-0.645401,1.30809,2.72094,4983.23,0
1.54748,3502.32,-0.586978,1.46802,0.946923,4960.24,0
1.54881,3502.31,-0.431931,1.52476,1.32679,4966.64,0
1.55011,3502.26,-0.370194,1.47756,2.82137,4990.96,0
1.55142,3502.31,-0.484124,1.40134,1.66392,4955.91,0
1.55273,3502.26,-0.647923,1.43373,2.34833,4984.05,0
1.55403,3502.26,-0.594789,1.51323,1.97962,4980.88,0
1.55532,3502.27,-0.528331,1.39772,2.46693,4967.51,0
1.55662,3502.28,-0.559977,1.53458,1.08331,4956.26,0
1.55794,3502.23,-0.513313,1.62994,1.9512,4986.84,0
1.55926,3502.28,-0.620509,1.50611,1.21834,4952.26,0
1.56057,3502.24,-0.615055,1.34845,3.30631,4973.21,0
1.56187,3502.19,-0.659966,1.33248,4.2972,4997.59,0
1.56315,3502.18,-0.657672,1.31983,4.47004,5002.43,0
1.56445,3502.14,-0.661783,1.32183,5.27493,5022.66,0
1.56576,3502.18,-0.6565,1.29742,4.19859,4996.67,0
1.56707,3502.16,-0.648101,1.30062,4.22088,5001.36,0
1.5684,3502.14,-0.615297,1.33496,4.40855,5010.8,0
1.56971,3502.19,-0.623712,1.37401,2.59297,4975.99,0
1.57099,3502.14,-0.631447,1.40024,3.62686,5002.96,0
1.57229,3502.08,-0.624038,1.38863,5.15116,5035.96,0
1.57359,3502.04,-0.618486,1.38957,5.84014,5056.51,0
1.5749,3502.02,-0.6295,1.40542,5.98041,5068.13,0
1.5762,3502.04,-0.618356,1.38966,4.76003,5051.03,0
1.57751,3502,-0.576694,1.39867,5.40298,5071.33,0
1.57881,3501.97,-0.555004,1.4023,5.93082,5084.35,0
1.58011,3501.97,-0.539684,1.43225,5.25885,5081.42,0
1.58142,3501.93,-0.51537,1.44281,6.069,5102.06,0
1.58274,3501.93,-0.547588,1.45963,5.36929,5098.2,0
1.58404,3501.91,-0.548383,1.48448,5.3485,5106,0
1.58536,3501.99,-0.493967,1.46202,3.01678,5050.1,0
1.58668,3501.98,-0.44354,1.45761,3.58143,5056.86,0
1.58799,3501.99,-0.467208,1.51898,2.37426,5043.73,0
1.58929,3502.01,-0.395453,1.60601,1.24018,5029,0
1.59062,3501.98,-0.359602,1.5453,2.68514,5043.35,0
1.59191,3501.9,-0.400176,1.53831,4.75456,5087.88,0
1.59322,3501.91,-0.387372,1.58173,3.68075,5075.75,0
1.59452,3501.92,-0.361864,1.59095,3.27326,5068.49,0
1.59583,3501.91,-0.406236,1.59372,3.17128,5066.53,0
1.59714,3501.96,-0.383112,1.60876,1.52288,5032.61,0
1.59845,3501.92,-0.387902,1.58293,2.77662,5051.78,0
1.59976,3501.91,-0.352334,1.56492,3.41661,5055.74,0
1.60107,3501.97,-0.361029,1.64359,0.962531,5018.45,0
1.60238,3502,-0.379411,1.61909,0.0916462,4993.24,0
1.60369,3502.01,-0.345746,1.5446,0.522379,4983.25,0
1.60504,3502,-0.291046,1.61382,0.145921,4983.01,0
1.60634,3501.89,-0.0881736,1.69791,2.91242,5050.29,0
1.60766,3501.83,-0.123718,1.7299,4.22822,5084.99,0
1.60896,3501.85,-0.181588,1.71495,3.43408,5066.08,0
1.61027,3501.83,-0.181578,1.73786,3.44172,5071.02,0
1.61157,3501.83,-0.167636,1.75623,3.34795,5072.41,0
1.61286,3501.83,-0.164977,1.70567,3.54998,5065.41,0
1.61419,3501.85,-0.128446,1.70938,2.84453,5051,0
1.61552,3501.94,-0.129485,1.65199,0.717578,4992.13,0
1.61685,3501.86,-0.045639,1.84248,1.00659,5034.21,0
1.61815,3501.89,-0.0599749,1.80795,0.372331,5009.35,0
1.61944,3501.86,-0.198607,1.92095,0.096326,5026.55,0
1.62074,3501.74,-0.240039,1.91176,3.47584,5095.77,0
1.62203,3501.82,-0.17321,1.97178,0.587567,5043.1,0
1.62335,3501.74,-0.0521007,2.02671,2.29224,5088.83,0
1.62464,3501.66,-0.115598,2.05113,4.01729,5133.1,0
1.62596,3501.62,-0.0986079,2.09492,4.5088,5155.87,0
1.62727,3501.6,-0.09016,2.09068,4.85568,5165.08,0
1.62855,3501.61,-0.111455,2.08819,4.08422,5150.92,0
1.62985,3501.59,-0.0678751,2.10059,4.43141,5162.88,0
1.63113,3501.55,-0.123193,2.09439,5.35197,5182.5,0
1.63243,3501.54,-0.121131,2.06431,5.52035,5183.84,0
1.63374,3501.57,-0.131004,2.02698,4.46506,5158.75,0
1.63503,3501.56,-0.134261,2.01687,4.71278,5164.38,0
1.63632,3501.55,-0.116607,2.01511,4.47029,5163.05,0
1.63764,3501.53,-0.0967096,1.97549,5.22308,5169.8,0
1.63894,3501.54,-0.135992,1.95633,5.02095,5164.51,0
1.64024,3501.57,-0.125094,1.94445,3.9208,5140.29,0
1.64153,3501.58,-0.13432,1.92769,3.69808,5131.24,0
1.64283,3501.58,-0.117735,1.95545,3.26534,5127.86,0
1.64414,3501.62,-0.0523708,1.94705,2.00026,5098.55,0
1.64542,3501.53,-0.0227271,2.05105,3.19328,5146.64,0
1.64675,3501.54,-0.0137055,2.03538,3.18006,5140.09,0
1.64804,3501.53,0.0373748,2.00077,3.57847,5136.43,0
1.64935,3501.55,-0.0352123,2.0507,2.32067,5123.75,0
1.65067,3501.57,-0.0823842,2.06311,1.61524,5108.95,0
1.65198,3501.5,-0.164835,2.12729,2.4629,5143.41,0
1.65329,3501.55,-0.124037,2.06207,1.93575,5114.02,0
1.65461,3501.55,-0.124237,2.0462,1.98265,5106.99,0
1.65592,3501.51,-0.258852,2.01906,3.10103,5126.1,0
1.65723,3501.48,-0.26448,2.01639,3.85882,5141.54,0
1.65854,3501.48,-0.242409,2.01506,3.56271,5135.04,0
1.65984,3501.46,-0.260012,1.99967,4.39282,5147.88,0
1.66113,3501.43,-0.273938,1.99363,4.85399,5159.39,0
1.66244,3501.41,-0.264279,2.00971,4.82877,5165.4,0
1.66374,3501.37,-0.228158,2.05784,5.07772,5187.88,0
1.66504,3501.4,-0.244582,2.03423,3.96961,5163.37,0
1.66634,3501.49,-0.225881,2.08799,0.601641,5108.77,0
1.66761,3501.47,-0.181203,2.1301,0.686862,5116.78,0
1.6689,3501.41,-0.296656,2.17955,1.56969,5147.79,0
1.6702,3501.36,-0.224806,2.15165,3.3201,5172.38,0
1.6715,3501.34,-0.175975,2.21173,3.01929,5180.04,0
1.6728,3501.38,-0.258109,2.26769,0.722758,5151.63,0
1.67412,3501.36,-0.244039,2.29365,0.89678,5158.52,0
1.67542,3501.36,-0.33869,2.25949,1.38538,5159.26,0
1.67674,3501.31,-0.228343,2.27451,2.74053,5184.67,0
1.67802,3501.35,-0.246777,2.35264,0.341191,5157.01,0
1.67936,3501.34,-0.327349,2.2275,2.2334,5157.44,0
1.68066,3501.36,-0.263288,2.24137,1.3946,5141.62,0
1.68197,3501.36,-0.249116,2.27002,0.829303,5134.51,0
1.68329,3501.36,-0.235687,2.25288,1.07895,5130.69,0
1.6846,3501.3,-0.291029,2.2417,2.98279,5166.22,0
1.6859,3501.28,-0.21419,2.26239,3.16141,5172.93,0
1.68718,3501.28,-0.210255,2.25918,3.05169,5169.58,0
1.68848,3501.27,-0.163461,2.28193,3.08037,5172.59,0
1.68979,3501.31,-0.100908,2.3415,1.02517,5144.93,0
1.6911,3501.34,-0.270048,2.22251,1.58266,5122.5,0
1.69241,3501.29,-0.245423,2.19044,3.3933,5148.08,0
1.69372,3501.34,-0.338873,2.14861,2.11238,5110.84,0
1.69501,3501.27,-0.375272,2.18787,3.47831,5149.68,0
1.69632,3501.28,-0.350249,2.23418,2.42618,5140.12,0
1.69762,3501.33,-0.349666,2.28517,0.227142,5108.09,0
1.69891,3501.29,-0.266239,2.2597,1.77046,5126.15,0
1.70023,3501.35,-0.213193,2.19685,1.11536,5089.91,0
1.70154,3501.37,-0.241031,2.12536,1.29804,5070.74,0
1.70285,3501.24,-0.329947,2.30843,2.22875,5143.08,0
1.70416,3501.27,-0.216026,2.27399,2.17895,5124.39,0
1.70547,3501.27,-0.0455656,2.28247,2.1066,5120.28,0
1.70676,3501.28,-0.106969,2.2547,2.11603,5110.81,0
1.70808,3501.2,-0.0883005,2.24568,4.30296,5152.15,0
1.70938,3501.18,-0.0705459,2.24828,4.43382,5157.37,0
1.71068,3501.17,-0.0864123,2.29044,3.93889,5159.61,0
1.712,3501.24,-0.121176,2.35594,0.925641,5118.86,0
1.71331,3501.23,0.0465162,2.38235,0.610585,5116.83,0
1.7146,3501.24,0.0291962,2.37635,0.61134,5111.91,0
1.7159,3501.27,0.152614,2.21517,1.81367,5086.51,0
1.71722,3501.2,0.212386,2.23439,3.4854,5122.4,0
1.71851,3501.21,0.159347,2.24635,3.01557,5114.92,0
1.7198,3501.18,0.309556,2.33225,2.18201,5129,0
1.72109,3501.16,0.230538,2.28805,3.34784,5134.74,0
1.72239,3501.15,0.289811,2.21704,4.47927,5137.65,0
1.72371,3501.17,0.276585,2.16985,4.39079,5122.56,0
1.725,3501.15,0.288097,2.17165,4.56788,5128.84,0
1.72632,3501.17,0.328081,2.17223,3.70565,5115.61,0
1.72763,3501.19,0.31094,2.11833,3.88836,5100.25,0
1.72893,3501.17,0.29353,2.09949,4.55158,5108.28,0
1.73025,3501.16,0.27734,2.09894,4.58463,5109,0
1.73154,3501.16,0.242219,2.15679,3.48971,5104.54,0
1.73286,3501.22,0.234917,2.21374,0.724318,5066.39,0
1.73416,3501.17,0.184661,2.19628,2.67185,5094.15,0
1.73546,3501.14,0.199494,2.17472,3.62592,5104.87,0
1.73675,3501.21,0.274215,2.15686,1.60598,5062.49,0
1.73806,3501.14,0.34561,2.11216,4.19392,5097.92,0
1.73938,3501.13,0.34587,2.13379,3.94726,5101.22,0
1.74069,3501.16,0.335949,2.10394,3.12803,5076.73,0
1.74199,3501.16,0.287124,2.15115,2.49086,5074.71,0
1.74331,3501.17,0.29656,2.1778,1.83317,5067.51,0
1.7446,3501.11,0.401339,2.157,3.30563,5093.08,0
1.74591,3501.06,0.439647,2.11781,5.49147,5121.81,0
1.74721,3501.1,0.404051,2.07914,4.44001,5092.3,0
1.7485,3501.11,0.430872,2.07644,3.76771,5082.58,0
1.7498,3501.15,0.367792,2.07679,2.70527,5059.62,0
1.7511,3501.15,0.509197,2.05288,2.66241,5056.77,0
1.7524,3501.16,0.582282,2.02653,2.27459,5044.69,0
1.75369,3501.17,0.546361,2.02712,1.93569,5032.4,0
1.755,3501.14,0.382963,2.01329,3.7397,5047.5,0
1.75632,3501.21,0.432786,1.97151,2.14412,5007.63,0
1.75764,3501.11,0.47189,2.02036,4.27437,5059.14,0
1.75894,3501.08,0.463094,1.98802,5.22498,5070.56,0
1.76025,3501.08,0.469325,1.97977,4.90104,5067.43,0
1.76155,3501.13,0.47841,2.00607,2.47497,5035.96,0
1.76284,3501.21,0.526141,1.94923,0.425454,4984.89,0
1.76413,3501.2,0.561803,1.92586,0.89035,4985.71,0
1.76543,3501.2,0.510695,1.83858,2.67214,4985.81,0
1.76673,3501.18,0.508839,1.82664,3.37362,4994.7,0
1.76806,3501.17,0.536083,1.78313,3.81234,4993.62,0
1.76939,3501.15,0.467459,1.79262,4.50844,5001.93,0
1.7707,3501.18,0.475717,1.81612,2.91863,4982.93,0
1.77202,3501.23,0.521341,1.75786,1.69487,4948.15,0
1.77333,3501.2,0.419786,1.74578,3.41595,4963.37,0
1.77464,3501.23,0.429887,1.71548,2.55929,4941.61,0
1.77593,3501.26,0.357404,1.78549,0.776606,4924.11,0
1.77721,3501.21,0.406054,1.74084,2.8869,4946.55,0
1.7785,3501.16,0.469395,1.73178,4.20694,4969.23,0
1.77981,3501.14,0.443137,1.72732,4.92979,4980.49,0
1.78114,3501.1,0.411745,1.75788,5.26109,4996.92,0
1.78244,3501.11,0.41194,1.72393,5.16925,4985.95,0
1.78374,3501.11,0.436533,1.67285,5.80467,4986.64,0
1.78503,3501.07,0.447148,1.69509,6.08084,5003.78,0
1.78631,3501.03,0.435212,1.69774,6.53819,5021.32,0
1.78761,3501.09,0.439543,1.68983,4.10811,4986.79,0
1.78893,3501.03,0.436959,1.71054,5.30828,5014.52,0
1.79023,3501.12,0.371363,1.73135,1.72454,4960.36,0
1.79154,3501.1,0.326831,1.72994,2.64594,4969.83,0
1.79284,3501.08,0.320009,1.66893,3.99141,4973.98,0
1.79414,3501.15,0.373373,1.70885,0.693329,4933.76,0
1.79545,3501.18,0.345994,1.57226,1.88044,4911.96,0
1.79677,3501.21,0.25751,1.56682,1.05854,4890.58,0
1.79807,3501.17,0.196033,1.51422,3.59212,4910.37,0
1.79939,3501.17,0.217279,1.53604,3.19983,4908.15,0
1.80069,3501.16,0.269977,1.4605,4.56166,4909.57,0
1.802,3501.13,0.288652,1.44599,5.4393,4922.6,0
1.8033,3501.11,0.26926,1.45813,5.19635,4929.38,0
1.8046,3501.12,0.30304,1.45515,4.31358,4920.77,0
1.80588,3501.12,0.264901,1.42779,4.50712,4916.6,0
1.80718,3501.1,0.279245,1.40075,5.53129,4923.98,0
1.80849,3501.09,0.248267,1.39631,5.54381,4928.23,0
1.8098,3501.07,0.242252,1.42666,5.4054,4936.04,0
1.81113,3501.09,0.264445,1.43308,3.76039,4917.2,0
1.81243,3501.09,0.237018,1.39865,4.5632,4917.51,0
1.81372,3501.08,0.193521,1.40288,4.47087,4918.04,0
1.81505,3501.09,0.236913,1.42343,3.22291,4907.18,0
1.81637,3501.13,0.108082,1.43061,1.85248,4884.93,0
1.81767,3501.05,0.0133829,1.49331,3.48786,4921.32,0
1.81899,3501.02,0.0421187,1.47126,5.09719,4935.52,0
1.82029,3501,0.0356426,1.4739,5.68823,4946.37,0
1.8216,3500.96,0.034822,1.49382,6.3499,4965.21,0
1.82292,3500.98,-0.0178955,1.57134,3.27084,4946.11,0
1.82421,3500.96,0.0255529,1.58102,3.86514,4956.23,0
1.82553,3500.98,0.0403608,1.64717,1.53877,4938.38,0
1.82686,3500.94,0.0899902,1.67244,2.75131,4960.83,0
1.82816,3501,0.00285494,1.63866,1.09358,4923.82,0
1.82947,3500.92,0.0461757,1.73884,1.9932,4963.25,0
1.83075,3500.9,0.029611,1.81337,0.994766,4968.44,0
1.83205,3500.78,0.0505816,1.94135,2.92469,5034.84,0
1.83336,3500.73,0.0964032,1.99082,3.31702,5055.18,0
1.83464,3500.7,0.077214,1.99673,4.05411,5066.54,0
1.83595,3500.71,0.0277633,2.06807,2.28114,5061.19,0
1.83725,3500.73,0.000782586,2.06799,1.29618,5042.95,0
1.83856,3500.71,0.0701503,2.14898,0.495691,5054.52,0
1.83985,3500.63,0.120343,2.13757,3.01742,5090.16,0
1.84119,3500.63,0.200939,2.18101,2.14116,5091.5,0
1.8425,3500.56,0.194548,2.16901,4.58062,5125.18,0
1.8438,3500.57,0.196751,2.1773,3.49773,5113.9,0
1.8451,3500.55,0.202474,2.16773,4.23549,5122.44,0
1.84641,3500.53,0.217666,2.19565,3.83521,5127.56,0
1.84772,3500.58,0.252197,2.19242,2.12023,5097.74,0
1.84901,3500.62,0.252289,2.15537,1.54973,5071.76,0
1.85032,3500.58,0.0610103,2.15153,3.17005,5089.79,0
1.85162,3500.56,0.0756439,2.13856,3.86794,5097.76,0
1.85293,3500.53,0.0908878,2.12267,4.95239,5108.4,0
1.85423,3500.48,0.0870111,2.13063,5.70827,5134.26,0
1.85554,3500.47,0.114097,2.15218,5.21976,5137.4,0
1.85684,3500.46,0.125808,2.20672,3.84035,5136.7,0
1.85813,3500.46,0.158043,2.26845,2.43894,5136.63,0
1.85944,3500.47,0.187682,2.3111,0.921691,5126.46,0
1.86076,3500.47,0.11207,2.25707,2.27219,5123.05,0
1.86207,3500.42,0.1657,2.33939,1.67272,5142.87,0
1.86338,3500.48,0.250716,2.24771,1.56548,5107.05,0
1.86467,3500.42,0.199524,2.23886,3.75802,5137.34,0
1.86597,3500.42,0.13885,2.24603,3.46083,5134.85,0
1.86728,3500.39,0.132803,2.32299,2.44652,5144.93,0
1.86858,3500.35,0.190255,2.40435,1.68409,5163.05,0
1.86988,3500.43,0.10718,2.28243,2.21858,5119.62,0
1.87119,3500.36,0.12935,2.30541,3.78895,5153.05,0
1.87248,3500.29,0.127631,2.26578,6.57855,5187.87,0
1.87379,3500.33,0.154105,2.23927,5.04677,5158.91,0
1.8751,3500.31,0.175143,2.21607,5.43406,5167.64,0
1.87641,3500.32,0.176367,2.2298,4.15748,5157.08,0
1.87771,3500.32,0.201431,2.23618,3.88724,5156.12,0
1.87899,3500.31,0.24684,2.2526,3.31088,5155.19,0
1.88028,3500.37,0.323867,2.18507,2.61786,5121.14,0
1.88159,3500.34,0.339238,2.13294,4.6945,5134.16,0
1.8829,3500.31,0.312873,2.14871,5.2842,5148.4,0
1.88419,3500.3,0.268107,2.18318,4.24576,5145.8,0
1.8855,3500.33,0.218266,2.17976,3.4665,5128.63,0
1.88682,3500.3,0.191265,2.23454,3.06975,5142.45,0
1.88812,3500.22,0.188854,2.29587,3.98615,5180.7,0
1.88942,3500.26,0.260772,2.33455,1.13291,5153.87,0
1.89073,3500.2,0.25443,2.32871,3.30477,5185.02,0
1.89203,3500.17,0.25487,2.29559,4.80646,5195.28,0
1.8933,3500.19,0.259663,2.29217,3.90409,5179.59,0
1.89463,3500.25,0.223238,2.27462,2.22632,5143.64,0
1.89594,3500.22,0.155733,2.25492,3.95694,5160.13,0
1.89725,3500.19,0.198993,2.23646,4.94753,5169.1,0
1.89855,3500.19,0.199008,2.28809,3.39693,5166.46,0
1.89984,3500.23,0.202166,2.24244,3.06279,5143.44,0
1.90114,3500.26,0.163203,2.20975,2.62876,5122.2,0
1.90245,3500.25,0.124818,2.17933,3.71438,5123.35,0
1.90376,3500.27,0.154874,2.15429,3.59725,5112.19,0
1.90506,3500.24,0.172423,2.12331,5.06753,5124.02,0
1.90636,3500.24,0.156719,2.10718,4.81883,5117.84,0
1.90766,3500.27,0.143926,2.11899,3.0405,5098.3,0
1.90896,3500.28,0.178282,2.06098,3.93257,5090.24,0
1.91029,3500.23,0.218599,2.07381,4.93791,5111.89,0
1.91158,3500.23,0.234403,2.00242,6.40419,5108.97,0
1.91289,3500.27,0.236156,2.01303,4.06782,5084.72,0
1.91419,3500.32,0.277927,1.9621,3.31924,5055.34,0
1.91549,3500.32,0.209755,1.94134,4.06484,5053.13,0
1.91679,3500.36,0.273654,1.93265,2.55576,5030.58,0
1.91811,3500.45,0.208858,1.86647,0.799467,4976.32,0
1.91942,3500.43,0.300885,1.87645,1.11434,4985.17,0
1.92071,3500.46,0.37073,1.78806,1.83938,4965.01,0
1.92202,3500.38,0.390782,1.78387,4.99853,5006.68,0
1.92333,3500.37,0.339414,1.76681,5.61094,5005.18,0
1.92464,3500.35,0.326891,1.78285,5.42254,5011.6,0
1.92593,3500.36,0.369388,1.77667,4.73984,5006.91,0
1.92724,3500.34,0.344025,1.75923,5.66987,5013.62,0
1.92854,3500.36,0.319451,1.75812,4.31576,4997.53,0
1.92984,3500.35,0.317866,1.739,4.79828,4998.41,0
1.93114,3500.34,0.319966,1.74173,4.62047,5000.4,0
1.93246,3500.39,0.288334,1.71309,3.42691,4972.12,0
1.93379,3500.39,0.29474,1.71016,3.34873,4970.95,0
1.9351,3500.37,0.251991,1.69678,4.40864,4976.26,0
1.93643,3500.33,0.223565,1.76306,4.25496,4996.3,0
1.93774,3500.28,0.182909,1.79787,4.82428,5017.08,0
1.93907,3500.28,0.165285,1.8192,3.90767,5011.61,0
1.94035,3500.34,0.137235,1.82681,1.19731,4977.47,0
1.94165,3500.33,0.00248117,1.75827,3.91134,4981.11,0
1.94295,3500.29,0.042158,1.74051,5.65605,4997.99,0
1.94427,3500.29,0.0015421,1.7371,5.2865,4994.01,0
1.94557,3500.34,0.00834062,1.71425,3.8432,4966.75,0
1.94688,3500.33,0.023556,1.69473,4.53536,4967.93,0
1.94819,3500.32,0.0208842,1.73815,3.20997,4969.32,0
1.94949,3500.33,0.0872915,1.71523,3.40534,4961.94,0
1.95079,3500.3,0.104565,1.7664,2.86328,4974.06,0
1.95209,3500.31,0.111362,1.80671,0.962462,4963.94,0
1.9534,3500.26,0.140832,1.82532,2.42311,4987.8,0
1.95468,3500.24,0.14318,1.83908,2.58294,4994.14,0
1.95599,3500.22,0.259757,1.88251,1.47002,4999.21,0
1.95731,3500.23,0.282919,1.82858,2.49067,4990.22,0
1.95859,3500.15,0.270045,1.8672,4.50915,5029.36,0
1.9599,3500.17,0.241249,1.85556,4.01894,5016.24,0
1.9612,3500.22,0.207565,1.8767,1.36155,4987.54,0
1.96252,3500.2,0.191499,1.88853,1.67056,4994.13,0
1.96383,3500.13,0.280263,1.92148,2.89084,5026.35,0
1.96513,3500.03,0.272882,2.06376,1.9995,5072.07,0
1.96644,3500.06,0.253034,1.97832,3.76514,5055.69,0
1.96774,3500.05,0.271459,1.92926,4.9819,5055.51,0
1.96905,3500.1,0.318215,1.91865,3.20961,5029.74,0
1.97037,3500.07,0.369697,1.93137,3.37312,5041.38,0
1.97167,3500.11,0.404988,1.86035,3.37768,5015.53,0
1.97297,3500.07,0.401101,1.82338,5.70049,5031.3,0
1.97428,3500.03,0.40941,1.81053,7.22734,5049.05,0
1.9756,3500.06,0.40915,1.82055,4.93894,5030.93,0
1.9769,3500.02,0.375646,1.83118,5.89456,5047.97,0
1.97821,3500.04,0.367842,1.84774,4.49745,5036.88,0
1.97951,3500.06,0.389779,1.84586,3.34526,5023.73,0
1.98079,3500.06,0.322344,1.88737,1.85413,5015.82,0
1.98211,3500.07,0.251611,1.90303,1.61307,5011.21,0
1.98341,3500.1,0.229486,1.84667,2.13643,4991.01,0
1.98472,3500.06,0.30756,1.82853,4.03655,5010.46,0
1.98602,3500.07,0.277816,1.82974,3.43219,4999.84,0
1.98732,3500.05,0.280007,1.83049,3.83775,5004.78,0
1.98864,3500.03,0.237373,1.94523,1.01167,5012.65,0
1.98996,3499.97,0.281148,1.92309,3.89613,5041.5,0
1.99127,3499.91,0.269078,1.92766,5.52428,5065.24,0
1.99257,3499.91,0.299003,1.92189,5.31762,5063.5,0
1.99385,3499.9,0.302522,1.90877,5.72831,5066.61,0
1.99516,3499.9,0.294333,1.94201,3.86756,5059.9,0
1.99646,3499.89,0.283867,1.92137,4.95083,5064.93,0
1.99777,3499.9,0.299728,1.88489,5.1801,5053.97,0
1.99908,3499.88,0.304692,1.90747,4.88837,5062.25,0
2.0004,3499.95,0.339174,1.89818,2.21169,5023.9,0
2.00169,3499.96,0.422179,1.80385,4.35431,5016.76,0
2.00299,3499.96,0.42802,1.79192,4.11816,5010.08,0
2.00429,3500.06,0.412945,1.74236,1.94548,4959.29,0
2.0056,3500.1,0.389036,1.68044,2.60456,4937.42,0
2.0069,3500.1,0.286375,1.74828,0.815374,4933.1,0
2.00821,3500.1,0.275097,1.75251,0.559698,4927.72,0
2.0095,3500.05,0.296962,1.75152,2.45661,4949.04,0
2.01082,3500.12,0.349897,1.64537,2.95013,4913.05,0
2.01211,3500.05,0.317962,1.72285,3.29467,4944.01,0
2.01341,3500.04,0.274748,1.67823,5.23622,4944.72,0
2.0147,3500.02,0.296695,1.68177,5.6154,4954.12,0
2.016,3500.01,0.310455,1.68852,5.40256,4956.06,0
2.01731,3500.02,0.318109,1.6635,5.2995,4947.68,0
2.0186,3500.02,0.34199,1.64294,5.22402,4942.87,0
2.01989,3500.01,0.363271,1.61612,5.98984,4944.48,0
2.0212,3499.99,0.35582,1.60597,6.57156,4954.16,0
2.02251,3499.98,0.350498,1.59934,6.34215,4951.79,0
2.02382,3500.01,0.321844,1.58531,5.24988,4935.65,0
2.02513,3500.02,0.341263,1.59644,3.94744,4929.42,0
2.02645,3500.02,0.436361,1.62912,1.45024,4922.68,0
2.02773,3499.99,0.469231,1.65509,1.48051,4934.74,0
2.02905,3499.96,0.519694,1.66834,1.64167,4946.18,0
2.03035,3499.9,0.474033,1.69255,3.77107,4973.57,0
2.03166,3499.91,0.455798,1.70181,3.0586,4965.99,0
2.03299,3499.95,0.441636,1.66965,2.89136,4945.42,0
2.03431,3499.89,0.498722,1.70326,3.16062,4967.8,0
2.03562,3499.8,0.587708,1.74518,4.04325,5009.1,0
2.03695,3499.78,0.607182,1.77645,3.60921,5019.68,0
2.03826,3499.88,0.617926,1.75603,0.163206,4966.84,0
2.03956,3499.88,0.606784,1.71419,1.74138,4963.66,0
2.04087,3499.92,0.569995,1.69957,0.841102,4939.19,0
2.04216,3499.79,0.64563,1.78398,1.82635,4997.6,0
2.04345,3499.7,0.665945,1.83878,3.20651,5041.24,0
2.04477,3499.68,0.648585,1.79169,5.45152,5048.44,0
2.04607,3499.76,0.671138,1.82535,0.547876,5006.99,0
2.04739,3499.7,0.685089,1.77737,4.13821,5031.43,0
2.04868,3499.77,0.695083,1.80233,0.263922,4994.55,0
2.04999,3499.75,0.765994,1.77637,0.788125,4999.43,0
2.05133,3499.72,0.771291,1.77482,1.73687,5009.04,0
2.05267,3499.77,0.860877,1.65151,2.73882,4983.53,0
2.05396,3499.73,0.822976,1.60277,6.20134,4998.03,0
2.05527,3499.75,0.80844,1.59337,5.59545,4987.61,0
2.05657,3499.74,0.75795,1.62239,5.38836,4988.8,0
2.05786,3499.69,0.758977,1.5698,8.46034,5009.35,0
2.05917,3499.68,0.78824,1.56012,7.54776,5011.52,0
2.06049,3499.66,0.769077,1.55816,7.62515,5016.29,0
2.0618,3499.67,0.749311,1.5302,7.5933,5009.8,0
2.0631,3499.66,0.759803,1.51497,7.37992,5014.04,0
2.06441,3499.64,0.739015,1.55694,5.84027,5016.03,0
2.06571,3499.64,0.783946,1.53808,5.39309,5015.03,0
2.06701,3499.62,0.7961,1.58643,3.76499,5022.05,0
2.06831,3499.65,0.797681,1.58346,2.55815,5006.28,0
2.06962,3499.66,0.79957,1.5262,4.23042,4998.46,0
2.07092,3499.65,0.776289,1.57302,2.97383,4998.18,0
2.07224,3499.67,0.829291,1.53541,2.2736,4985,0
2.07356,3499.6,0.909395,1.53064,3.53826,5016.36,0
2.07487,3499.62,0.901909,1.58301,0.347253,5001.27,0
2.07618,3499.51,0.958554,1.59223,3.2845,5053.14,0
2.07749,3499.47,0.907491,1.58322,5.7484,5067.44,0
2.07879,3499.43,0.891597,1.58173,7.11015,5083.72,0
2.0801,3499.42,0.862733,1.58074,7.145,5084.15,0
2.08142,3499.39,0.859696,1.58462,7.39725,5095.39,0
2.08274,3499.4,0.888749,1.59054,5.01419,5088.65,0
2.08404,3499.42,0.878913,1.60077,3.6453,5076.97,0
2.08534,3499.46,0.882058,1.62923,0.57183,5053.72,0
2.08665,3499.41,0.926686,1.59348,2.92615,5075.41,0
2.08795,3499.41,0.859735,1.62732,2.91633,5071.66,0
2.08925,3499.39,0.866126,1.61141,4.09149,5078.94,0
2.09055,3499.4,0.839614,1.65748,2.3809,5070.31,0
2.09184,3499.37,0.792097,1.63355,5.18625,5080.25,0
2.09314,3499.37,0.783345,1.6193,5.41346,5077.34,0
2.09444,3499.38,0.796867,1.60791,5.00844,5072.39,0
2.09576,3499.39,0.782082,1.59604,4.79508,5061.46,0
2.09705,3499.36,0.771383,1.62623,4.46311,5074.46,0
2.09835,3499.36,0.85493,1.65943,1.00452,5069.13,0
2.09965,3499.33,0.871439,1.67654,1.14345,5081.26,0
2.10095,3499.43,0.879707,1.5829,0.658039,5028.97,0
2.10225,3499.41,0.912815,1.51577,3.2991,5038.43,0
2.10356,3499.39,0.974613,1.49491,3.27445,5043.84,0
2.10487,3499.37,0.909505,1.59004,1.92668,5051.83,0
2.10617,3499.4,0.906215,1.56158,1.87037,5034.17,0
2.10746,3499.33,0.878519,1.60012,3.36047,5061,0
2.10875,3499.38,0.863805,1.59607,1.98539,5035.8,0
2.11007,3499.39,0.831415,1.58673,2.55736,5027.09,0
2.11138,3499.38,0.815267,1.55219,4.68965,5029.03,0
2.11267,3499.39,0.812936,1.53303,4.77812,5022.06,0
2.11398,3499.36,0.799448,1.5589,4.85657,5034.94,0
2.11528,3499.37,0.824861,1.52588,4.89108,5024.06,0
2.11656,3499.34,0.813048,1.55175,5.18038,5038.5,0
2.11787,3499.32,0.783991,1.5491,5.91315,5044.88,0
2.11919,3499.27,0.780902,1.57414,6.23176,5064.53,0
2.12047,3499.25,0.766073,1.55714,7.12788,5067.58,0
2.12177,3499.23,0.824491,1.55812,5.49433,5073.88,0
2.12308,3499.21,0.892018,1.56173,4.20258,5080.92,0
2.12438,3499.2,0.892483,1.57121,4.16488,5083.89,0
2.12567,3499.17,0.863212,1.52451,7.47091,5096.22,0
2.12694,3499.16,0.852628,1.52598,6.82062,5096.57,0
2.12825,3499.14,0.901295,1.49966,6.63029,5104.4,0
2.12953,3499.09,0.877278,1.47955,9.01243,5124.93,0
2.13086,3499.14,0.91877,1.46194,5.35954,5095.99,0
2.13214,3499.13,0.896762,1.49692,4.34205,5099.34,0
2.13345,3499.11,0.842268,1.56661,3.06569,5103.35,0
2.13477,3499.04,0.824409,1.61777,3.77025,5134.07,0
2.13608,3498.99,0.831876,1.71828,0.706983,5152.72,0
2.13736,3498.96,0.868489,1.65575,3.76551,5164.49,0
2.13867,3498.95,0.829228,1.6372,5.56543,5168.92,0
2.13996,3498.96,0.831597,1.62053,5.43072,5161.08,0
2.14127,3498.96,0.839091,1.58578,5.84131,5155.4,0
2.14258,3498.93,0.833548,1.60038,5.81514,5165.7,0
2.14388,3498.93,0.819343,1.59539,5.56186,5165.44,0
2.14516,3498.93,0.809338,1.57779,5.61084,5159.24,0
2.14648,3498.95,0.845861,1.57846,3.78016,5149.32,0
2.14779,3498.9,0.81489,1.57773,5.98823,5168.33,0
2.14912,3498.9,0.811383,1.59922,4.55904,5164.55,0
2.15042,3498.91,0.831929,1.60859,3.28258,5159.42,0
2.15172,3498.92,0.851107,1.56888,4.03667,5149.59,0
2.15304,3498.97,0.833402,1.60653,0.531502,5121,0
2.15435,3498.97,0.787089,1.57389,3.30589,5119.97,0
2.15564,3498.96,0.805703,1.58504,2.54609,5122.24,0
2.15694,3498.89,0.808109,1.62785,2.96086,5150.64,0
2.15825,3498.87,0.818524,1.63085,3.11892,5156.83,0
2.15955,3498.86,0.803159,1.59689,4.87625,5157.29,0
2.16087,3498.86,0.749704,1.65116,3.33529,5156.18,0
2.1622,3498.86,0.731957,1.60298,5.66771,5153.58,0
2.16351,3498.88,0.727656,1.55542,6.48049,5137.63,0
2.1648,3498.88,0.697625,1.57277,5.80909,5137.49,0
2.1661,3498.86,0.671959,1.55773,7.07921,5142.54,0
2.16742,3498.87,0.641837,1.60114,4.2488,5133.16,0
2.16873,3498.86,0.64898,1.57928,5.41259,5137.54,0
2.17003,3498.86,0.662672,1.6082,3.35464,5135.04,0
2.17134,3498.87,0.634295,1.58361,4.66301,5127.11,0
2.17264,3498.93,0.629321,1.56995,2.66113,5094.38,0
2.17395,3499.04,0.62996,1.49981,2.12844,5042.51,0
2.17526,3499,0.641352,1.48292,4.18093,5057.24,0
2.17653,3499,0.588599,1.46275,5.92369,5052.17,0
2.17785,3499,0.570698,1.42912,7.57887,5051.12,0
2.17912,3498.98,0.552634,1.43631,7.16528,5055.23,0
2.18041,3498.94,0.612153,1.44739,5.92216,5071.47,0
2.18171,3499.04,0.613737,1.45476,1.20915,5025.08,0
2.18303,3499,0.585166,1.42792,4.93238,5040.2,0
2.18433,3498.99,0.587764,1.42613,4.91249,5042.08,0
2.18564,3499.1,0.556115,1.42379,0.824602,4987.47,0
2.18697,3499.05,0.62881,1.42054,1.16742,5005.08,0
2.18827,3499.01,0.728869,1.42108,0.280642,5021.76,0
2.18958,3499.05,0.749318,1.36848,0.995825,5002.84,0
2.19089,3499.02,0.721353,1.35739,3.28673,5012.85,0
2.19221,3499.02,0.694711,1.38327,2.47128,5008.92,0
2.19352,3498.97,0.671452,1.4315,2.46439,5029.94,0
2.19482,3499.01,0.558628,1.47905,0.64426,5006.88,0
2.19613,3499.04,0.587808,1.44064,0.889497,4991.39,0
2.19744,3499,0.631433,1.41818,2.68552,5006.8,0
2.19875,3498.89,0.63898,1.42533,6.39954,5054.29,0
2.20005,3498.93,0.65981,1.47246,1.1772,5033.33,0
2.20135,3498.91,0.679871,1.43342,3.30877,5036.69,0
2.20265,3498.92,0.649237,1.39384,5.84764,5030.1,0
2.20396,3498.9,0.64042,1.4366,3.82336,5035.41,0
2.20527,3498.96,0.692617,1.36615,3.98535,5006.31,0
2.20657,3498.95,0.657127,1.37981,4.53296,5008.81,0
2.20786,3498.95,0.662839,1.34648,5.87174,5003.21,0
2.20918,3498.93,0.687911,1.34399,5.3307,5010.05,0
2.21048,3498.92,0.67501,1.33054,6.37131,5011.49,0
2.21178,3498.97,0.665645,1.32782,4.00197,4986.44,0
2.21307,3498.94,0.676144,1.35308,3.32325,4997.5,0
2.21439,3498.9,0.741619,1.36481,2.05326,5010.51,0
2.21569,3499.02,0.657436,1.2737,4.96752,4955.83,0
2.217,3499.04,0.688008,1.26906,3.21928,4943.55,0
2.21831,3498.99,0.673448,1.35941,0.713,4965.32,0
2.21961,3498.92,0.551964,1.41722,3.1736,4993.21,0
2.22091,3498.88,0.509213,1.40426,5.8667,5006.68,0
2.22222,3498.91,0.51029,1.4086,3.85238,4991.51,0
2.22353,3498.88,0.479748,1.42935,4.42544,5002.68,0
2.22484,3498.84,0.482193,1.46457,3.08326,5014.22,0
2.22613,3498.79,0.517399,1.4752,3.78435,5034.69,0
2.22744,3498.78,0.469403,1.5382,1.13116,5038.3,0
2.22876,3498.78,0.440093,1.49325,4.02061,5033.46,0
2.23007,3498.79,0.41857,1.50098,3.17326,5026.52,0
2.23138,3498.85,0.429655,1.47434,2.12027,4997.74,0
2.23268,3498.79,0.42902,1.43296,6.77653,5021.17,0
2.23401,3498.77,0.398243,1.42304,7.67241,5026.41,0
2.23531,3498.79,0.391748,1.42649,5.85898,5016.49,0
2.23659,3498.79,0.379742,1.38666,7.91572,5010.26,0
2.2379,3498.8,0.410142,1.37657,6.76543,5003.41,0
2.23921,3498.76,0.386253,1.36252,8.58977,5017.84,0
2.24051,3498.77,0.380021,1.37219,6.21222,5012.54,0
2.24179,3498.78,0.406093,1.3894,3.55352,5003.22,0
2.24309,3498.73,0.335407,1.41292,5.13138,5022.26,0
2.24439,3498.72,0.320767,1.41395,5.65308,5027.66,0
2.24568,3498.73,0.343195,1.3673,6.75507,5017.6,0
2.24697,3498.75,0.355762,1.32991,7.12597,5004.97,0
2.2483,3498.74,0.336932,1.31213,8.48025,5009.89,0
2.24961,3498.71,0.330513,1.30029,9.11233,5017.07,0
2.25093,3498.74,0.316302,1.29803,7.23913,5003.55,0
2.25225,3498.83,0.246529,1.31775,2.73859,4960.99,0
2.25355,3498.68,0.292918,1.37716,3.61797,5023.05,0
2.25486,3498.68,0.231487,1.4205,1.19694,5020.11,0
2.25618,3498.66,0.329129,1.39866,2.33952,5028.4,0
2.25748,3498.67,0.303854,1.36628,4.21939,5016.81,0
2.25879,3498.66,0.265358,1.38173,4.07237,5019.94,0
2.26011,3498.68,0.358555,1.3387,4.72738,5008.76,0
2.2614,3498.69,0.413012,1.30839,4.87687,5000.55,0
2.26271,3498.72,0.40216,1.34174,1.326,4984.75,0
2.264,3498.74,0.412318,1.29329,3.80625,4974.13,0
2.2653,3498.79,0.356256,1.27331,4.19742,4948.67,0
2.26659,3498.84,0.354905,1.27189,1.55815,4923.15,0
2.26788,3498.82,0.329402,1.24003,5.26513,4928.21,0
2.26919,3498.85,0.310481,1.23416,4.83998,4914.28,0
2.27051,3498.9,0.30549,1.22142,3.4939,4888.44,0
2.27181,3498.85,0.284243,1.27103,2.16056,4907.74,0
2.27313,3498.91,0.211211,1.21225,4.91824,4877.71,0
2.27442,3498.89,0.249042,1.24897,2.50178,4886.44,0
2.27573,3498.91,0.2846,1.20512,4.08801,4871.83,0
2.27705,3498.9,0.299518,1.16177,7.48173,4875.95,0
2.27837,3498.9,0.275049,1.15726,6.7999,4870.04,0
2.27968,3498.9,0.272185,1.15595,6.01588,4867.47,0
2.28099,3498.89,0.305502,1.16552,5.04407,4872.65,0
2.2823,3498.91,0.291655,1.14707,5.20372,4859.1,0
2.28361,3498.88,0.299562,1.16511,4.75141,4871.37,0
2.28492,3498.83,0.303506,1.22915,1.34263,4888.5,0
2.28621,3498.78,0.263454,1.23555,3.66554,4907.2,0
2.28752,3498.75,0.299633,1.27218,1.30812,4917.96,0
2.28882,3498.68,0.288193,1.23672,7.17369,4946.92,0
2.29012,3498.7,0.216698,1.28198,3.42819,4934.68,0
2.29143,3498.68,0.251183,1.30624,1.77415,4941.27,0
2.29274,3498.73,0.284451,1.26707,1.76707,4913.83,0
2.29405,3498.76,0.283617,1.24564,2.12736,4898.74,0
2.29538,3498.8,0.297743,1.23061,1.21349,4881.12,0
2.29666,3498.86,0.350196,1.16749,1.97379,4849.03,0
2.29795,3498.91,0.397943,1.0726,6.28083,4826.06,0
2.29925,3498.92,0.36647,1.10607,3.26127,4819.95,0
2.30058,3498.91,0.379027,1.04152,7.71086,4818.58,0
2.30188,3498.91,0.381617,1.04173,6.86664,4819.3,0
2.3032,3498.89,0.404706,1.02975,6.70319,4824.13,0
2.3045,3498.86,0.406701,1.01778,8.14664,4835.85,0
2.30578,3498.87,0.395769,1.03723,5.08571,4825.24,0
2.3071,3498.84,0.398579,1.03328,6.03592,4835.27,0
2.30841,3498.85,0.374089,1.03431,6.12374,4829.84,0
2.30972,3498.82,0.379464,1.0243,7.21494,4841.03,0
2.31103,3498.86,0.361646,1.0182,5.50097,4819.14,0
2.31233,3498.91,0.391063,1.02818,1.12071,4797.7,0
2.31363,3498.88,0.357638,1.03053,3.35468,4807.67,0
2.31495,3498.87,0.287031,1.04444,4.29344,4808.25,0
2.31626,3498.83,0.322861,1.00699,7.66717,4821.11,0
2.31755,3498.85,0.316681,1.06195,1.06548,4809.01,0
2.31885,3498.75,0.294608,1.09167,3.66155,4850.08,0
2.32014,3498.78,0.311751,1.06539,4.10321,4834.64,0
2.32145,3498.78,0.377885,1.05778,2.38091,4831.2,0
2.32276,3498.76,0.350789,1.05117,4.88798,4840.73,0
2.32405,3498.76,0.38373,1.062,2.12735,4834.76,0
2.32535,3498.79,0.409447,1.05041,0.783345,4819.86,0
2.32664,3498.84,0.452751,0.99164,1.97938,4796.42,0
2.32795,3498.81,0.470391,0.989116,2.6239,4806.09,0
2.32925,3498.7,0.459605,1.0527,2.69622,4852.09,0
2.33057,3498.63,0.46611,1.09117,2.37587,4880.11,0
2.33188,3498.61,0.413046,1.09617,4.31578,4882.77,0
2.33318,3498.64,0.419733,1.02793,8.43647,4870.63,0
2.3345,3498.61,0.446257,1.05265,5.34369,4878.01,0
2.3358,3498.62,0.418066,1.07041,3.84647,4871.35,0
2.33711,3498.61,0.37749,1.11288,1.78066,4873.52,0
2.33842,3498.59,0.315101,1.11617,4.02369,4879.24,0
2.33973,3498.55,0.256506,1.15151,3.66257,4893.43,0
2.34104,3498.55,0.280474,1.12571,5.40633,4891.49,0
2.34235,3498.55,0.25273,1.15915,2.91428,4890.02,0
2.34366,3498.49,0.236815,1.17244,4.28934,4910.32,0
2.34495,3498.53,0.217178,1.18264,1.8519,4890.37,0
2.34626,3498.5,0.241868,1.17743,3.21318,4901.26,0
2.34758,3498.52,0.265103,1.19404,0.168772,4888.49,0
2.3489,3498.59,0.272446,1.15246,0.692239,4857.56,0
2.3502,3498.59,0.288567,1.11918,3.31238,4855.59,0
2.3515,3498.62,0.212181,1.10551,4.65419,4839.31,0
2.35282,3498.59,0.212657,1.10936,5.05049,4850.75,0
2.35413,3498.59,0.227763,1.07685,7.12739,4845.22,0
2.35543,3498.6,0.237731,1.05014,7.42578,4840.01,0
2.35675,3498.64,0.264487,1.05781,3.46905,4819.2,0
2.35806,3498.67,0.265428,1.02913,4.84847,4805.96,0
2.35936,3498.69,0.294114,1.02103,3.49094,4792.01,0
2.36066,3498.67,0.352431,1.02776,1.64781,4799.63,0
2.36196,3498.68,0.340588,0.9718,6.75188,4793.03,0
2.36326,3498.65,0.338559,0.952792,8.52329,4800.85,0
2.36455,3498.69,0.299578,1.0035,2.37152,4782.37,0
2.36585,3498.65,0.292424,0.978508,6.38187,4795.42,0
2.36715,3498.66,0.312023,0.974844,5.00739,4790.19,0
2.36845,3498.77,0.293199,0.967887,1.04281,4743,0
2.36976,3498.73,0.269383,0.95039,5.1672,4755.83,0
2.37107,3498.73,0.251262,0.937566,6.00203,4752.25,0
2.37238,3498.69,0.247073,0.927727,8.15606,4765.64,0
2.37369,3498.68,0.233268,0.896335,10.618,4770.47,0
2.37498,3498.71,0.219769,0.875179,9.30338,4753.9,0
2.37627,3498.73,0.215875,0.869057,8.42396,4744.22,0
2.37757,3498.7,0.21934,0.905796,4.77437,4750.83,0
2.37893,3498.73,0.220406,0.894026,4.13206,4735.66,0
2.38024,3498.68,0.284516,0.89765,4.2204,4756.04,0
2.38155,3498.64,0.33988,0.880385,5.46272,4768.59,0
2.38288,3498.66,0.321529,0.873974,5.64575,4759.09,0
2.38417,3498.64,0.38654,0.881039,2.823,4765.54,0
2.38548,3498.66,0.380196,0.82551,7.31282,4753.77,0
2.38677,3498.66,0.394137,0.818392,6.32977,4749.86,0
2.38809,3498.7,0.424234,0.824372,1.80287,4730.75,0
2.3894,3498.69,0.415557,0.801446,4.55168,4732.45,0
2.3907,3498.69,0.411101,0.778278,7.30842,4731.72,0
2.39199,3498.72,0.420239,0.789737,3.37166,4716.71,0
2.39331,3498.76,0.412409,0.7795,2.47099,4694.52,0
2.39459,3498.67,0.504889,0.771288,2.34538,4732.3,0
2.39591,3498.7,0.525509,0.73902,2.57934,4716.83,0
2.39722,3498.75,0.519704,0.715647,2.58438,4692.66,0
2.39852,3498.72,0.511455,0.703776,5.69795,4702.87,0
2.39984,3498.69,0.496911,0.710994,6.66371,4711.26,0
2.40116,3498.75,0.524562,0.707514,1.49308,4684.83,0
2.40248,3498.71,0.514405,0.722335,2.83574,4699.36,0
2.40379,3498.76,0.457199,0.729316,3.23084,4674.45,0
2.4051,3498.79,0.459984,0.675333,6.95212,4658.87,0
2.40642,3498.83,0.454124,0.681545,3.68847,4640.73,0
2.40773,3498.81,0.502767,0.639151,5.3363,4646.13,0
2.40904,3498.78,0.512197,0.607888,8.8928,4659.08,0
2.41034,3498.82,0.517119,0.583719,7.51549,4637.51,0
2.41163,3498.81,0.520598,0.623716,3.02774,4639.19,0
2.41294,3498.87,0.513035,0.601083,2.52899,4611.4,0
2.41425,3498.91,0.513276,0.56427,3.8947,4592.08,0
2.41554,3498.87,0.515275,0.572266,4.67504,4606.63,0
2.41684,3498.88,0.476025,0.562713,8.35803,4602.19,0
2.41815,3498.86,0.451268,0.573077,8.49596,4608.25,0
2.41946,3498.83,0.447809,0.58196,7.5538,4617.78,0
2.42076,3498.84,0.425849,0.599684,6.32917,4611.59,0
2.42206,3498.85,0.403784,0.60607,5.98989,4605.45,0
2.42335,3498.85,0.439631,0.552963,8.41948,4599.42,0
2.42468,3498.85,0.444342,0.577069,4.10899,4597.42,0
2.42599,3498.85,0.46252,0.559841,4.34767,4595.75,0
2.42729,3498.92,0.463098,0.539851,2.488,4565.46,0
2.42859,3498.98,0.436955,0.515431,4.37406,4539.16,0
2.42988,3499,0.421164,0.502894,5.59255,4525.98,0
2.43119,3498.98,0.420825,0.519465,4.40304,4533.54,0
2.43248,3498.97,0.433237,0.495809,6.347,4534.65,0
2.43378,3499.02,0.410038,0.530312,1.25537,4513.01,0
2.43511,3499.01,0.317122,0.486703,4.15006,4511.87,0
2.43639,3498.99,0.297537,0.466555,9.54876,4516.99,0
2.43768,3499,0.270374,0.453341,2.13656,4512.33,0
2.43898,3498.94,0.241416,0.465779,6.53647,4535.65,0
2.44027,3498.93,0.29198,0.440416,5.38714,4536.04,0
2.44161,3498.93,0.297917,0.444991,3.69861,4534.02,0
2.44291,3498.93,0.339446,0.426816,1.55124,4532.1,0
2.44423,3498.94,0.28882,0.415748,7.96259,4525.2,0
2.44555,3498.94,0.305618,0.432205,2.35564,4522.41,0
2.44685,3498.95,0.28121,0.433959,4.48056,4518,0
2.44814,3498.9,0.283413,0.431013,6.44841,4532.02,0
2.44947,3498.9,0.276205,0.447515,4.2164,4533.19,0
2.45077,3498.9,0.295368,0.434373,3.79005,4527.92,0
2.45208,3498.89,0.290264,0.403101,9.44655,4531.06,0
2.45339,3498.94,0.245725,0.443712,3.61839,4508.84,0
2.4547,3498.92,0.21036,0.467283,3.71646,4515.07,0
2.45602,3498.87,0.24108,0.48258,0.599556,4532.69,0
2.45733,3498.78,0.30275,0.448963,5.66927,4567.68,0
2.45865,3498.78,0.323293,0.411683,8.18,4561.84,0
2.45996,3498.78,0.320357,0.398138,10.0909,4561.69,0
2.46126,3498.79,0.275145,0.410849,1.22589,4556.41,0
2.46258,3498.74,0.268681,0.400192,6.34931,4570.5,0
2.46389,3498.74,0.266949,0.389726,8.74722,4570.16,0
2.4652,3498.76,0.287799,0.358184,9.3329,4558.42,0
2.4665,3498.74,0.264995,0.341289,4.80574,4566.4,0
2.46778,3498.71,0.256062,0.370995,1.09933,4573.51,0
2.46907,3498.73,0.234773,0.352611,6.51517,4562.78,0
2.47038,3498.84,0.225928,0.338814,3.1455,4516.07,0
2.47167,3498.84,0.213848,0.325537,8.2217,4515.17,0
2.47297,3498.85,0.226727,0.330602,3.31237,4507.57,0
2.47426,3498.82,0.271768,0.296068,4.28493,4516.91,0
2.47555,3498.84,0.271316,0.282336,5.9325,4508.04,0
2.47685,3498.82,0.31607,0.232999,5.95209,4512.14,0
2.47813,3498.81,0.29894,0.224927,11.5732,4516.13,0
2.47943,3498.79,0.320974,0.160932,5.28168,4522.35,0
2.4796,3498.79,0.301224,0.160902,8.2667,4520.65,0
