0.001289,3509.95,-0.128718,0.264233,1.68666,38251.2,0
0.00259619,3509.97,-0.164665,0.19574,1.10205,12605.2,0
0.00391901,3509.98,-0.164987,0.175498,0.613319,5249.55,0
0.00521943,3509.99,-0.219924,0.115953,0.103752,1534.86,0
0.00652581,3509.94,-0.160929,0.0551582,2.00451,9380.97,0
0.00781176,3509.91,-0.158248,0.0988485,2.81558,11328,0
0.00911826,3509.91,-0.186634,0.149255,2.8903,10175.8,0
0.0104236,3509.95,-0.208137,0.161317,1.18739,4462.1,0
0.0117184,3509.97,-0.262066,0.223106,0.467621,2542.7,0
0.0130079,3509.93,-0.31765,0.172255,1.89897,5569.19,0
0.0143061,3509.89,-0.322585,0.12686,2.99872,7362.98,0
0.0156043,3509.91,-0.332372,0.176947,2.16901,5660.48,0
0.016897,3509.86,-0.31856,0.252776,3.80933,8084.53,0
0.0182209,3509.88,-0.335698,0.285116,2.87646,6447.76,0
0.0195237,3509.95,-0.324079,0.385063,0.377213,2528.59,0
0.0208161,3509.86,-0.353566,0.359728,3.52115,6635.93,0
0.0221339,3509.84,-0.348462,0.323513,4.15457,7266.65,0
0.0234296,3509.81,-0.344761,0.311214,4.90163,8179.14,0
0.0247405,3509.83,-0.313816,0.358097,3.79476,6886.09,0
0.0260653,3509.89,-0.368866,0.331863,1.53372,4270.28,0
0.0273623,3509.9,-0.467724,0.386308,0.772704,3507.5,0
0.0286863,3509.86,-0.450473,0.359815,2.37114,4929.55,0
0.0299956,3509.81,-0.50499,0.381594,3.75089,6251.01,0
0.0313064,3509.81,-0.50909,0.371712,3.54877,5912.64,0
0.0326186,3509.83,-0.495976,0.353872,3.01968,5319.1,0
0.033932,3509.83,-0.554955,0.290552,2.88069,5116.94,0
0.0352388,3509.79,-0.5472,0.334465,4.10433,6083.61,0
0.036561,3509.76,-0.510047,0.324538,4.72142,6485.51,0
0.0378563,3509.75,-0.557973,0.280046,4.63906,6504.09,0
0.0391829,3509.74,-0.547586,0.277651,4.99574,6730.09,0
0.0404976,3509.74,-0.532611,0.243175,4.38069,6315.37,0
0.0418024,3509.84,-0.597783,0.284758,0.930447,3934.81,0
0.0430983,3509.85,-0.724371,0.249334,0.282701,3495.26,0
0.0444381,3509.76,-0.78094,0.236772,3.4422,5483.19,0
0.0457124,3509.85,-0.81795,0.198735,0.0318266,3316.69,0
0.0470192,3509.76,-0.901938,0.194046,3.08875,5107.81,0
0.048314,3509.8,-0.939946,0.26908,1.41564,4156.55,0
0.0496122,3509.8,-1.02768,0.21448,1.17458,3984.58,0
0.0509304,3509.78,-0.970111,0.202207,2.03939,4307.05,0
0.0522387,3509.75,-0.98708,0.162778,3.04836,4763.7,0
0.0535575,3509.77,-0.98997,0.127153,2.4819,4387.54,0
0.0548585,3509.76,-1.02981,0.0802605,2.4304,4361.61,0
0.0561467,3509.79,-1.20993,0.0754359,0.965755,3748.67,0
0.0574459,3509.8,-1.12296,-0.0369632,0.897102,3535.22,0
0.058749,3509.74,-1.17065,-0.0610215,2.7173,4378.7,0
0.0600529,3509.74,-1.14833,-0.102223,2.64774,4268.07,0
0.0613623,3509.72,-1.13473,-0.0476406,3.57399,4640.48,0
0.0626807,3509.73,-1.1427,-0.117607,2.77147,4279.8,0
0.0639823,3509.72,-1.21804,-0.100561,3.07702,4446.52,0
0.0652788,3509.76,-1.17618,-0.20211,1.30216,3628.99,0
0.0665894,3509.71,-1.0996,-0.209004,3.455,4411.52,0
0.067912,3509.68,-1.09642,-0.208739,4.27477,4732.27,0
0.0692237,3509.66,-1.08148,-0.196915,4.59615,4890.07,0
0.0705452,3509.66,-1.09455,-0.169991,4.2343,4799.64,0
0.0718445,3509.64,-1.07356,-0.161403,4.63829,4950.53,0
0.0731458,3509.6,-1.06823,-0.162834,5.62773,5430.06,0
0.0744599,3509.58,-1.08117,-0.136704,5.98128,5650.1,0
0.0757612,3509.58,-1.07026,-0.11552,5.21641,5494.82,0
0.0770834,3509.54,-1.03745,-0.0917168,6.17955,5930.77,0
0.0783976,3509.53,-1.01954,-0.0915965,6.11436,5984.97,0
0.0796912,3509.54,-0.984504,-0.0830545,5.0315,5721.6,0
0.0809959,3509.52,-0.99434,-0.0498125,5.51395,5943.09,0
0.0822917,3509.53,-1.02982,-0.0421674,4.57092,5661.99,0
0.0836057,3509.6,-0.997101,-0.0535932,2.22862,4842.56,0
0.0849073,3509.6,-0.88929,-0.0475488,2.17175,4718.73,0
0.0861993,3509.61,-0.859809,-0.0949337,1.74214,4533.57,0
0.0875056,3509.63,-0.701316,-0.0643585,1.2546,4254.61,0
0.0888061,3509.65,-0.775615,-0.147409,0.338965,3973.53,0
0.0901048,3509.58,-0.700401,-0.213455,2.88268,4681.59,0
0.0914036,3509.53,-0.758525,-0.215902,4.27683,5094.5,0
0.09269,3509.5,-0.760308,-0.281388,5.27316,5433.14,0
0.0939915,3509.49,-0.758202,-0.284587,5.15811,5442.74,0
0.0952873,3509.51,-0.806652,-0.301136,4.05748,5148.71,0
0.0966092,3509.54,-0.78723,-0.273053,2.87174,4760.83,0
0.0979246,3509.56,-0.813599,-0.264852,2.10331,4524.22,0
0.0992385,3509.61,-0.839273,-0.284491,0.15625,3957.19,0
0.100541,3509.58,-1.01293,-0.297688,0.959938,4225.65,0
0.101864,3509.53,-1.06215,-0.294613,2.68074,4660.61,0
0.10317,3509.55,-1.22379,-0.323632,1.17112,4320.43,0
0.104488,3509.58,-1.12703,-0.409606,0.344241,4007.18,0
0.105784,3509.58,-1.07636,-0.328431,0.6147,4003.02,0
0.107091,3509.55,-1.04957,-0.302797,1.63475,4219.76,0
0.108408,3509.55,-0.870694,-0.416121,1.79712,4160.32,0
0.109709,3509.45,-0.93787,-0.430795,5.118,5043.88,0
0.111009,3509.43,-0.941108,-0.40629,5.4744,5163.43,0
0.112337,3509.43,-0.947063,-0.400992,4.87644,5079.87,0
0.113641,3509.43,-0.937521,-0.399208,4.59014,5009.64,0
0.114963,3509.46,-0.980605,-0.389842,3.20135,4698.97,0
0.116276,3509.45,-1.02806,-0.374912,3.34896,4733.67,0
0.117567,3509.4,-1.01597,-0.365171,5.18464,5141.42,0
0.118867,3509.42,-1.02714,-0.382176,3.92802,4900.85,0
0.120172,3509.49,-0.988478,-0.328016,1.41103,4266.18,0
0.121476,3509.38,-1.00382,-0.352888,5.01847,5075.6,0
0.122756,3509.38,-1.02587,-0.309615,4.84332,5059.17,0
0.124058,3509.34,-1.0586,-0.326481,5.7211,5332.82,0
0.125368,3509.36,-1.05628,-0.306055,4.74638,5135.05,0
0.126663,3509.42,-1.07436,-0.281022,2.21065,4597.84,0
0.127967,3509.42,-1.09615,-0.273422,1.90012,4514.57,0
0.129278,3509.41,-0.963311,-0.318067,2.32419,4528.3,0
0.130588,3509.41,-1.00353,-0.301354,2.39432,4527.45,0
0.131907,3509.38,-0.998611,-0.368454,3.47909,4715.24,0
0.13319,3509.47,-0.981223,-0.29801,0.0763373,3996.99,0
0.13449,3509.38,-1.02559,-0.206251,3.19915,4595.53,0
0.135774,3509.45,-0.928015,-0.294163,0.844364,4085.27,0
0.137102,3509.36,-0.869252,-0.288919,4.02372,4681.12,0
0.138409,3509.34,-0.848219,-0.30482,4.53003,4764.09,0
0.13971,3509.39,-0.819331,-0.291959,2.52227,4353.49,0
0.141026,3509.42,-0.780827,-0.305709,1.41374,4105.35,0
0.142338,3509.34,-0.8239,-0.324917,4.3596,4670.91,0
0.143644,3509.33,-0.819691,-0.311282,4.40854,4686.46,0
0.144948,3509.31,-0.855355,-0.330777,4.60912,4759.13,0
0.146259,3509.34,-0.87366,-0.324144,3.28752,4508.52,0
0.14757,3509.36,-0.783758,-0.277458,2.64491,4330.33,0
0.148878,3509.3,-0.813278,-0.338951,4.46084,4677.73,0
0.150176,3509.32,-0.822617,-0.299092,3.62963,4546.88,0
0.151488,3509.38,-0.783361,-0.301681,1.07586,4077.69,0
0.152794,3509.39,-0.788677,-0.284155,0.711655,3994.52,0
0.154099,3509.29,-0.797184,-0.320145,4.45877,4634.41,0
0.155421,3509.29,-0.839381,-0.310325,3.99544,4562.38,0
0.15672,3509.31,-0.826762,-0.292463,2.83093,4378.25,0
0.158032,3509.33,-0.754823,-0.320163,2.3811,4262.43,0
0.159328,3509.32,-0.811787,-0.368031,2.42309,4270.52,0
0.160636,3509.32,-0.773865,-0.369698,2.38393,4235.61,0
0.161927,3509.32,-0.868738,-0.440094,1.90727,4179.92,0
0.163226,3509.32,-0.888247,-0.347631,1.96616,4155.07,0
0.164539,3509.32,-0.903731,-0.353924,1.73621,4106.94,0
0.165846,3509.34,-0.750713,-0.421514,1.24727,3968.87,0
0.167162,3509.29,-0.682421,-0.42319,3.21706,4258,0
0.16847,3509.29,-0.673831,-0.402263,2.88365,4193.06,0
0.16977,3509.35,-0.656585,-0.415753,0.771836,3845.86,0
0.171096,3509.3,-0.69459,-0.299178,2.5919,4103.85,0
0.172416,3509.28,-0.624257,-0.356401,3.03151,4155.35,0
0.173727,3509.3,-0.721749,-0.327736,2.10845,4042.58,0
0.175051,3509.31,-0.670968,-0.343134,1.5255,3938.25,0
0.176344,3509.27,-0.649679,-0.242328,3.16054,4153.35,0
0.177658,3509.24,-0.690228,-0.182589,4.10965,4278.24,0
0.178953,3509.24,-0.666023,-0.183773,3.9562,4269.78,0
0.180256,3509.29,-0.640501,-0.23834,1.75297,3934.57,0
0.181569,3509.25,-0.603072,-0.201378,3.40967,4151.14,0
0.18287,3509.22,-0.636525,-0.244799,4.06622,4248.83,0
0.184155,3509.21,-0.675277,-0.232971,4.41747,4302.42,0
0.18547,3509.25,-0.591605,-0.250072,2.66643,4035.78,0
0.186783,3509.27,-0.547431,-0.280966,1.74437,3887.1,0
0.188087,3509.29,-0.630263,-0.254317,1.02421,3777.7,0
0.189387,3509.24,-0.619454,-0.181081,2.83963,4002.14,0
0.190681,3509.22,-0.65988,-0.196407,3.6376,4107.95,0
0.191997,3509.27,-0.77591,-0.248534,1.24966,3789.02,0
0.193308,3509.23,-0.699929,-0.259763,3.03223,3998.85,0
0.194601,3509.25,-0.656773,-0.237087,2.17768,3854.29,0
0.195899,3509.29,-0.605659,-0.299476,0.754912,3648.47,0
0.197211,3509.21,-0.523144,-0.287405,3.59799,4008.95,0
0.198526,3509.19,-0.514532,-0.306389,4.12836,4071.77,0
0.199847,3509.16,-0.494765,-0.297581,5.13182,4226.98,0
0.201137,3509.1,-0.492165,-0.310149,6.94198,4488.01,0
0.202452,3509.1,-0.475255,-0.276814,6.14857,4437.16,0
0.203771,3509.12,-0.47187,-0.278831,4.81125,4299.74,0
0.20509,3509.1,-0.439005,-0.235299,5.1915,4373.56,0
0.206396,3509.12,-0.405996,-0.217135,4.12193,4248.74,0
0.207697,3509.11,-0.389565,-0.236847,4.4141,4293.43,0
0.208978,3509.12,-0.388027,-0.276352,3.47725,4192.14,0
0.210254,3509.14,-0.337477,-0.281887,2.7926,4091.77,0
0.211571,3509.09,-0.328536,-0.277108,4.49307,4287.07,0
0.212895,3509.06,-0.296483,-0.27794,5.44085,4424.08,0
0.214218,3509.06,-0.315996,-0.315787,5.03575,4410.92,0
0.215521,3509.06,-0.315646,-0.310091,4.69558,4370.01,0
0.216815,3509.03,-0.359148,-0.297568,5.34422,4472.19,0
0.218125,3508.97,-0.349394,-0.271349,6.58432,4702.01,0
0.219448,3509.01,-0.339593,-0.270027,4.76659,4531.56,0
0.220745,3509.03,-0.30113,-0.309159,3.20748,4374.18,0
0.222037,3509.03,-0.344607,-0.169714,3.47332,4388.05,0
0.223363,3508.99,-0.382143,-0.150635,4.50851,4502.21,0
0.224664,3509.04,-0.368123,-0.0600618,2.66698,4290.81,0
0.225977,3509.01,-0.523416,-0.0595962,3.47769,4390.74,0
0.227263,3509.01,-0.530687,-0.0387227,3.2861,4358.68,0
0.228581,3509.01,-0.477267,-0.00778934,3.08615,4334.64,0
0.229876,3508.98,-0.471035,0.0161049,3.94467,4428.21,0
0.23119,3508.96,-0.472144,-0.0169189,4.7363,4515.6,0
0.232502,3509,-0.514711,-0.0417202,2.8552,4322.33,0
0.2338,3509.04,-0.514222,-0.097501,1.03155,4105.17,0
0.235126,3508.98,-0.554747,-0.0620886,3.24519,4341.73,0
0.236442,3508.94,-0.652283,-0.154961,4.56223,4483.85,0
0.237764,3508.95,-0.680639,-0.130142,3.71466,4402.41,0
0.239062,3508.99,-0.727678,-0.124396,2.10287,4236.81,0
0.240374,3508.95,-0.614831,-0.0335407,3.913,4388.32,0
0.24169,3508.94,-0.652728,-0.0473045,3.66631,4371.04,0
0.242979,3509.02,-0.667747,0.068893,0.713728,4049.28,0
0.244298,3508.95,-0.790533,0.000597584,3.13654,4304.13,0
0.245599,3508.95,-0.821362,-0.0830075,2.86222,4270.06,0
0.246902,3509,-0.810742,-0.0780905,0.736926,4032.99,0
0.248207,3508.98,-0.875484,-0.0878494,1.33271,4092.1,0
0.249498,3508.95,-0.927054,0.0142174,2.62012,4219.74,0
0.250805,3508.96,-0.878591,-0.0155882,2.24925,4155.23,0
0.252108,3508.94,-0.882624,-0.00674725,2.71644,4196.33,0
0.253396,3508.93,-1.07642,-0.106722,2.61282,4216.64,0
0.254708,3508.95,-1.03903,-0.129273,1.96258,4129.9,0
0.25602,3508.89,-0.968302,-0.0841187,4.25049,4322.27,0
0.257332,3508.88,-0.972522,-0.0732612,4.67995,4369.9,0
0.25864,3508.85,-0.96038,-0.0509499,5.33218,4447.68,0
0.259955,3508.81,-0.988357,-0.0522767,6.17326,4572.55,0
0.261276,3508.83,-0.972509,-0.0328073,4.56698,4482.61,0
0.262592,3508.86,-0.975185,-0.0609035,3.0824,4345.83,0
0.263893,3508.9,-1.02458,-0.156561,1.34662,4177.19,0
0.265193,3508.87,-1.09784,-0.198371,2.08486,4247.57,0
0.266511,3508.92,-0.957176,-0.266829,0.622938,4063.17,0
0.267845,3508.91,-0.871822,-0.210553,0.939663,4054.68,0
0.269132,3508.89,-0.867206,-0.2073,1.70889,4108.22,0
0.270437,3508.88,-0.831928,-0.270874,2.03811,4127.33,0
0.271741,3508.87,-0.813567,-0.274051,2.77142,4174.61,0
0.273044,3508.84,-0.812979,-0.274655,3.68884,4244.91,0
0.27434,3508.86,-0.893833,-0.3065,2.67881,4170.43,0
0.275641,3508.91,-0.922306,-0.342445,0.497209,3964.84,0
0.276942,3508.88,-0.937947,-0.463427,1.51128,4052.4,0
0.278236,3508.88,-0.926282,-0.564181,1.36152,4031.61,0
0.279527,3508.84,-0.978965,-0.688363,2.44238,4137.12,0
0.280849,3508.89,-0.994412,-0.648527,0.517945,3953.03,0
0.282143,3508.78,-1.08684,-0.694941,4.57823,4330.46,0
0.283458,3508.77,-1.0992,-0.66978,4.33501,4322.43,0
0.28477,3508.77,-1.07679,-0.636505,4.25171,4306.28,0
0.286083,3508.77,-1.084,-0.593825,4.39099,4308.39,0
0.287398,3508.74,-1.09651,-0.607119,5.0652,4372.75,0
0.288698,3508.72,-1.14201,-0.565683,5.49532,4438.21,0
0.290024,3508.7,-1.1149,-0.578775,5.90567,4493.55,0
0.291325,3508.76,-1.09472,-0.581804,2.86178,4240.68,0
0.292627,3508.82,-1.11536,-0.680901,0.337663,4035.06,0
0.29392,3508.79,-1.01875,-0.719096,1.68528,4122.92,0
0.295224,3508.76,-1.07591,-0.741916,2.86735,4217,0
0.296517,3508.75,-1.08419,-0.801136,2.68206,4200.55,0
0.297825,3508.71,-1.09725,-0.77207,4.10078,4325.09,0
0.299128,3508.68,-1.11272,-0.79704,5.00756,4410.42,0
0.300442,3508.65,-1.14109,-0.798281,5.88905,4503.23,0
0.301753,3508.71,-1.16912,-0.780479,2.65254,4264.09,0
0.303054,3508.73,-1.20974,-0.781756,1.60882,4176,0
0.304354,3508.71,-1.22441,-0.777194,2.62111,4246.24,0
0.30566,3508.7,-1.21006,-0.726332,2.89994,4251.7,0
0.306964,3508.71,-1.21276,-0.744204,2.17733,4190.02,0
0.308258,3508.68,-1.2249,-0.742733,3.38959,4283.34,0
0.309548,3508.67,-1.19586,-0.776944,3.45915,4283.74,0
0.310854,3508.66,-1.30009,-0.756594,3.62446,4310.75,0
0.312162,3508.62,-1.29709,-0.784978,5.13167,4432.36,0
0.313479,3508.62,-1.28478,-0.810506,4.47002,4397.63,0
0.314788,3508.64,-1.28898,-0.824019,3.32514,4307.77,0
0.316086,3508.65,-1.27316,-0.831697,2.90244,4267.89,0
0.317382,3508.69,-1.13756,-0.853438,1.41263,4115.44,0
0.318691,3508.7,-1.14795,-0.803037,1.23366,4083.45,0
0.320002,3508.68,-1.16012,-0.808809,1.92593,4125.52,0
0.321305,3508.72,-1.12584,-0.764808,0.257649,3972.66,0
0.322615,3508.65,-1.12938,-0.882399,3.02052,4188.97,0
0.323932,3508.7,-1.11863,-0.906776,0.744454,4002.34,0
0.325227,3508.61,-1.10865,-0.969204,4.3728,4281.9,0
0.326507,3508.7,-1.14403,-0.930714,0.574199,3988.99,0
0.327794,3508.64,-1.14961,-0.894691,2.85758,4145.11,0
0.329106,3508.62,-1.11847,-0.850233,3.58405,4187.73,0
0.330411,3508.68,-1.22612,-0.805663,0.988325,4002.38,0
0.331714,3508.65,-1.2034,-0.95222,1.74953,4063.52,0
0.333023,3508.62,-1.22682,-1.02848,2.76512,4145.73,0
0.334331,3508.67,-1.18812,-1.02597,0.724622,3975.84,0
0.335639,3508.61,-1.19829,-1.0406,2.81942,4129.33,0
0.33695,3508.6,-1.20652,-1.08995,2.98947,4150.26,0
0.338273,3508.62,-1.15941,-1.15944,2.17036,4085.02,0
0.339557,3508.58,-1.13935,-1.16478,3.58812,4177.31,0
0.340867,3508.54,-1.11699,-1.16718,5.17012,4280.17,0
0.342167,3508.51,-1.05655,-1.17366,6.17592,4367.18,0
0.343465,3508.49,-1.03583,-1.19178,6.27301,4402.2,0
0.344781,3508.47,-1.04487,-1.17503,6.07189,4435.39,0
0.346083,3508.45,-1.05205,-1.16977,6.41926,4485.9,0
0.347396,3508.45,-1.05501,-1.17912,5.35627,4454.63,0
0.348689,3508.47,-1.09225,-1.13283,4.38069,4401.95,0
0.350008,3508.51,-1.04739,-1.09604,2.33712,4245.57,0
0.351314,3508.5,-1.10469,-1.12327,2.5012,4268.12,0
0.352619,3508.54,-1.18251,-1.20658,0.373174,4146.74,0
0.353938,3508.46,-1.23816,-1.25579,3.24381,4360.03,0
0.355239,3508.52,-1.16298,-1.26857,0.68197,4156.55,0
0.35655,3508.44,-1.22116,-1.29404,3.71128,4377.19,0
0.357854,3508.44,-1.18822,-1.31134,3.75413,4369.1,0
0.35914,3508.41,-1.16476,-1.35633,4.69988,4434.56,0
0.36045,3508.37,-1.17178,-1.33922,5.71085,4515.31,0
0.361737,3508.39,-1.13416,-1.29045,4.84862,4460.02,0
0.363046,3508.36,-1.12071,-1.28546,5.68703,4525.15,0
0.364345,3508.37,-1.12741,-1.27035,4.86127,4475.6,0
0.365649,3508.35,-1.15674,-1.23969,5.06727,4501.52,0
0.366974,3508.37,-1.13642,-1.29213,4.05767,4445.97,0
0.368267,3508.34,-1.13823,-1.21117,5.27639,4516.81,0
0.369572,3508.38,-1.12271,-1.17016,3.21497,4378.2,0
0.370878,3508.42,-1.14994,-1.17488,1.39596,4258.74,0
0.372198,3508.4,-1.21607,-1.16605,1.89722,4289.75,0
0.373501,3508.42,-1.08208,-1.16613,1.51736,4230.67,0
0.374827,3508.38,-1.01771,-1.10881,3.38884,4320.74,0
0.37614,3508.44,-0.978554,-1.03871,0.946417,4135.27,0
0.377424,3508.41,-1.05829,-1.01896,1.96003,4200.09,0
0.378724,3508.41,-1.08084,-1.0088,2.03499,4198.64,0
0.380045,3508.43,-1.06574,-0.94646,1.36987,4134.37,0
0.381356,3508.42,-1.06765,-0.940079,1.79804,4150.61,0
0.382679,3508.36,-1.04552,-0.923325,4.12003,4285.82,0
0.383999,3508.36,-1.0918,-0.940984,3.86822,4273.64,0
0.385322,3508.4,-1.16542,-1.01693,1.70724,4153.26,0
0.386639,3508.32,-1.13938,-1.00891,4.96887,4343.88,0
0.387942,3508.32,-1.13606,-1.00895,4.4381,4321.1,0
0.389254,3508.35,-1.12382,-0.978852,3.08664,4230.6,0
0.390542,3508.36,-1.12266,-1.02306,2.35781,4189.73,0
0.391853,3508.31,-1.11086,-1.03714,4.34033,4300.28,0
0.393141,3508.28,-1.09612,-1.02712,5.48781,4380.6,0
0.39445,3508.27,-1.10249,-1.01657,5.42607,4396.5,0
0.395771,3508.26,-1.09862,-0.998267,5.02972,4395.6,0
0.397074,3508.26,-1.12955,-1.00466,4.50412,4373.65,0
0.398388,3508.25,-1.12463,-1.00392,4.74204,4389.31,0
0.399701,3508.25,-1.13008,-0.99462,4.64022,4389.8,0
0.401006,3508.22,-1.11026,-1.00496,5.47049,4447.19,0
0.402322,3508.2,-1.14854,-1.03817,5.32766,4470.86,0
0.403632,3508.17,-1.14959,-1.01694,6.2536,4531.61,0
0.404941,3508.15,-1.13576,-1.0076,6.27177,4559.8,0
0.406258,3508.15,-1.15792,-1.02185,5.94512,4556.14,0
0.407554,3508.12,-1.1744,-1.02254,6.37129,4612.66,0
0.408874,3508.09,-1.15514,-0.988841,6.92404,4666.06,0
0.410174,3508.11,-1.16256,-1.00241,5.35919,4617.41,0
0.411457,3508.08,-1.16235,-1.02374,5.98351,4661.77,0
0.412764,3508.11,-1.11021,-1.01714,4.64382,4581.8,0
0.414061,3508.11,-1.12108,-1.0144,4.37698,4573.72,0
0.415366,3508.1,-1.09786,-1.0155,4.51505,4581.14,0
0.416677,3508.07,-1.17301,-0.95191,5.29066,4629.81,0
0.417989,3508.08,-1.10992,-0.974814,4.81061,4600.53,0
0.419273,3508.12,-1.19421,-0.945655,2.43333,4479.68,0
0.420587,3508.09,-1.06503,-0.921906,4.16145,4544.28,0
0.421916,3508.06,-1.08961,-0.943293,5.02213,4609.13,0
0.423213,3508.04,-1.0905,-0.921176,5.48882,4642.86,0
0.42449,3508,-1.07861,-0.90679,6.24816,4703.37,0
0.42579,3508.02,-1.06684,-0.853344,5.00064,4646.89,0
0.427086,3508.03,-1.03653,-0.859812,4.31919,4603.12,0
0.428388,3508,-1.00461,-0.886784,5.58149,4671.16,0
0.429695,3507.99,-0.971301,-0.883562,5.6383,4678.71,0
0.430998,3507.98,-0.983895,-0.886196,5.75841,4693.96,0
0.432311,3507.99,-0.999639,-0.886158,4.43336,4645.61,0
0.433618,3508,-1.0384,-0.873998,3.66358,4617.82,0
0.434919,3508,-1.03348,-0.874024,3.39483,4601.61,0
0.436224,3508.04,-0.969542,-0.983443,1.60925,4503.66,0
0.437517,3508.03,-0.927291,-0.945278,2.10887,4510.83,0
0.438838,3508.03,-0.913304,-0.885543,2.20104,4493.24,0
0.440139,3508.02,-0.967085,-0.84583,2.68575,4509.43,0
0.441438,3508.05,-0.912561,-0.820158,1.13067,4407.56,0
0.44276,3507.98,-0.932459,-0.896362,4.08514,4565.72,0
0.444067,3507.97,-0.899033,-0.877676,4.56891,4582.48,0
0.445362,3508.03,-0.897729,-0.887284,1.39285,4416.11,0
0.446647,3508,-0.84442,-0.754577,3.06139,4467.71,0
0.447936,3507.97,-0.867589,-0.801203,3.91105,4524.75,0
0.44924,3508.02,-0.877911,-0.810052,1.43705,4399.91,0
0.450529,3507.98,-0.883384,-0.794885,3.47124,4494.58,0
0.451825,3508.03,-0.968239,-0.752272,1.05312,4369.32,0
0.45314,3508.03,-0.94723,-0.785164,0.781188,4345.51,0
0.454454,3507.96,-0.937145,-0.813726,3.68364,4483.39,0
0.455768,3507.93,-0.950464,-0.835801,4.79123,4542.74,0
0.457062,3507.92,-0.96805,-0.820842,4.73495,4550,0
0.458376,3507.92,-0.937672,-0.7926,4.29282,4534.73,0
0.459672,3507.91,-0.914814,-0.804141,4.48618,4543.11,0
0.460962,3507.97,-0.895849,-0.760721,2.04992,4410.46,0
0.462265,3507.94,-0.902075,-0.833386,2.99301,4457.03,0
0.463581,3507.94,-0.896337,-0.809297,2.86686,4445.58,0
0.464895,3507.94,-0.941302,-0.833212,2.47714,4426.16,0
0.466185,3507.91,-0.968468,-0.853747,3.75657,4493.42,0
0.467495,3507.91,-0.910296,-0.859652,3.54359,4471.42,0
0.468819,3507.88,-0.940496,-0.830812,4.90354,4529.28,0
0.470127,3507.86,-0.914964,-0.76592,5.36161,4552.3,0
0.471432,3507.9,-0.921531,-0.764626,3.32049,4459.27,0
0.472747,3507.89,-0.88505,-0.773456,3.48839,4462.24,0
0.474046,3507.94,-0.869097,-0.813655,1.14254,4347.67,0
0.475366,3507.9,-0.912628,-0.789685,2.97022,4424.56,0
0.476652,3507.88,-0.94707,-0.802167,3.50014,4444.46,0
0.477966,3507.87,-0.925885,-0.787549,3.88777,4460.06,0
0.47926,3507.84,-0.9358,-0.810545,4.70012,4502.04,0
0.480572,3507.89,-0.892971,-0.797587,2.56738,4395.62,0
0.4819,3507.89,-0.865027,-0.852635,2.34602,4378.5,0
0.483205,3507.89,-0.76753,-0.762454,2.69259,4361.83,0
0.484508,3507.92,-0.743309,-0.784223,1.49338,4296.29,0
0.485791,3507.89,-0.83023,-0.812909,2.47309,4350.39,0
0.487079,3507.92,-0.808192,-0.773704,0.924188,4270.52,0
0.488365,3507.89,-0.824853,-0.818317,2.15581,4321.63,0
0.489656,3507.87,-0.931003,-0.800557,2.5692,4341.85,0
0.490967,3507.89,-0.918641,-0.819273,1.46468,4289.6,0
0.4923,3507.88,-0.986887,-0.826031,1.92031,4312.25,0
0.493599,3507.84,-1.06602,-0.876723,3.18693,4384.88,0
0.494917,3507.83,-1.04217,-0.900627,3.1866,4379.43,0
0.496219,3507.84,-0.983012,-0.888987,2.76609,4346.36,0
0.497522,3507.9,-1.00506,-0.862175,0.0895787,4221.43,0
0.498825,3507.86,-1.0583,-0.836279,1.96036,4298.84,0
0.500128,3507.88,-1.0278,-0.870415,0.88461,4240.04,0
0.501427,3507.84,-1.0568,-0.746553,2.71169,4302.66,0
0.502738,3507.8,-1.02158,-0.771752,4.44745,4367.13,0
0.504022,3507.81,-0.991883,-0.730461,4.18444,4348.9,0
0.505313,3507.82,-1.00162,-0.73156,3.17185,4306.3,0
0.506603,3507.81,-0.98633,-0.740031,3.95993,4332.72,0
0.507927,3507.83,-1.14876,-0.662228,2.13399,4264.23,0
0.509235,3507.78,-1.13326,-0.599542,4.50524,4356.32,0
0.51055,3507.77,-1.11275,-0.637531,4.84922,4370.58,0
0.511847,3507.8,-1.07891,-0.621937,3.31512,4296.83,0
0.513142,3507.78,-1.16736,-0.700936,3.64944,4326.85,0
0.514454,3507.81,-1.15722,-0.73256,2.29511,4265.4,0
0.515783,3507.76,-1.22616,-0.73002,4.00008,4344.47,0
0.517094,3507.73,-1.24654,-0.785291,4.7295,4382.34,0
0.518392,3507.7,-1.22691,-0.765569,6.08229,4443.99,0
0.519684,3507.7,-1.19503,-0.777736,5.19962,4416.36,0
0.520992,3507.74,-1.148,-0.769767,3.47974,4341.71,0
0.522303,3507.73,-1.13829,-0.751298,3.63039,4343.54,0
0.523595,3507.72,-1.13957,-0.787414,3.63728,4347.45,0
0.524918,3507.71,-1.12494,-0.835421,3.97384,4360.26,0
0.526227,3507.72,-1.16904,-0.789566,3.22781,4327.54,0
0.527531,3507.73,-1.17063,-0.822151,2.77704,4308.64,0
0.528826,3507.76,-1.25957,-0.822714,0.794657,4232.24,0
0.530115,3507.76,-1.26233,-0.756054,1.07708,4231.36,0
0.531412,3507.74,-1.24576,-0.814563,1.78823,4259.74,0
0.532731,3507.69,-1.28044,-0.814866,3.56158,4332.81,0
0.534026,3507.67,-1.26848,-0.832587,4.47475,4363.18,0
0.535333,3507.76,-1.23025,-0.809093,0.316496,4181.93,0
0.536645,3507.74,-1.29656,-0.844697,0.886348,4211.18,0
0.537954,3507.67,-1.26125,-0.773013,4.15094,4327.15,0
0.539274,3507.67,-1.29374,-0.794502,3.47236,4318.06,0
0.540587,3507.73,-1.31963,-0.829436,0.428509,4194.6,0
0.541889,3507.73,-1.31094,-0.699722,0.676138,4184.95,0
0.543188,3507.74,-1.25244,-0.659199,0.412463,4155.15,0
0.544517,3507.66,-1.27234,-0.602376,4.2602,4302.7,0
0.545818,3507.7,-1.25225,-0.626317,2.28133,4215.47,0
0.547117,3507.66,-1.25265,-0.672537,3.97842,4282.57,0
0.548438,3507.7,-1.21262,-0.651823,1.90859,4190.59,0
0.549734,3507.7,-1.18706,-0.662806,2.1515,4188.33,0
0.55104,3507.71,-1.17723,-0.701689,1.75693,4164.8,0
0.552357,3507.71,-1.20217,-0.718308,1.40014,4149.89,0
0.553672,3507.71,-1.13861,-0.727773,1.15504,4127.57,0
0.554995,3507.69,-1.12357,-0.777616,1.97359,4154.32,0
0.556287,3507.64,-1.09271,-0.729292,4.19689,4234.14,0
0.557578,3507.63,-1.03288,-0.646962,4.88155,4246.92,0
0.558869,3507.6,-1.04718,-0.637133,5.92908,4297.55,0
0.560195,3507.63,-1.05828,-0.668083,4.03022,4232.61,0
0.561502,3507.6,-1.0983,-0.671862,4.8101,4274.3,0
0.562819,3507.56,-1.09106,-0.70754,6.26666,4339.18,0
0.56413,3507.58,-1.02993,-0.674368,4.85296,4283.98,0
0.565428,3507.56,-1.0112,-0.68691,5.55275,4312.95,0
0.566721,3507.53,-1.01247,-0.710169,6.05204,4356.37,0
0.568024,3507.53,-1.05886,-0.702094,5.17037,4342.11,0
0.569332,3507.57,-1.0424,-0.699175,3.25094,4272.86,0
0.570646,3507.6,-1.05544,-0.776388,1.44726,4209.24,0
0.571945,3507.55,-1.0086,-0.758034,4.03396,4291.12,0
0.573257,3507.61,-1.01026,-0.728454,1.08153,4175.61,0
0.57457,3507.56,-1.08449,-0.699348,2.84933,4242.5,0
0.575865,3507.51,-1.09526,-0.624266,5.3291,4327.39,0
0.577151,3507.55,-1.12905,-0.622636,3.07448,4251.42,0
0.578447,3507.5,-1.15152,-0.588585,5.09166,4329.76,0
0.579751,3507.52,-1.15984,-0.63416,3.39481,4271.32,0
0.581051,3507.54,-1.13332,-0.640069,2.51699,4233.03,0
0.582366,3507.5,-1.16375,-0.680405,4.1976,4298.26,0
0.583693,3507.56,-1.24583,-0.560728,1.22385,4187.61,0
0.584992,3507.53,-1.13187,-0.617264,2.81174,4226.94,0
0.58627,3507.5,-1.15213,-0.589507,3.75352,4258.58,0
0.587579,3507.49,-1.14679,-0.613244,4.05323,4270.17,0
0.588867,3507.54,-1.08868,-0.551919,1.79148,4169.38,0
0.590178,3507.48,-1.0538,-0.583304,4.88217,4273.95,0
0.591472,3507.47,-1.02366,-0.607351,4.57784,4273.69,0
0.592771,3507.52,-0.988841,-0.627486,2.29978,4186.76,0
0.594058,3507.55,-0.996378,-0.665038,0.488335,4116.33,0
0.595367,3507.52,-0.841149,-0.791717,2.13218,4161.8,0
0.596669,3507.51,-0.735347,-0.811545,2.97255,4176.5,0
0.597974,3507.56,-0.711785,-0.908747,0.360379,4084.25,0
0.599288,3507.51,-0.680589,-0.907267,2.58668,4158.91,0
0.600591,3507.55,-0.629582,-0.89831,0.580818,4076.21,0
0.601902,3507.46,-0.629589,-0.846455,5.08614,4226.24,0
0.603202,3507.47,-0.626821,-0.831266,3.66314,4187.25,0
0.604515,3507.52,-0.667163,-0.839327,1.07054,4096.4,0
0.605819,3507.53,-0.71198,-0.753904,0.71453,4072.69,0
0.607118,3507.48,-0.657786,-0.709738,3.31031,4148.99,0
0.608439,3507.52,-0.636283,-0.667494,1.70639,4082.23,0
0.60974,3507.48,-0.639662,-0.675776,3.34757,4135.18,0
0.611051,3507.47,-0.665186,-0.712592,3.36459,4138.4,0
0.612343,3507.43,-0.637238,-0.747568,5.16908,4199.85,0
0.613641,3507.41,-0.632661,-0.755912,5.48114,4216.88,0
0.614955,3507.4,-0.655175,-0.742194,5.72476,4234.29,0
0.616273,3507.42,-0.707248,-0.755194,3.87016,4180.88,0
0.617575,3507.43,-0.702236,-0.781138,3.38223,4159.93,0
0.618871,3507.41,-0.700373,-0.789752,4.4316,4192.31,0
0.620181,3507.38,-0.686236,-0.823174,5.21705,4219.33,0
0.621474,3507.36,-0.681332,-0.843091,5.70021,4239.99,0
0.622792,3507.4,-0.682303,-0.851537,3.46631,4168.94,0
0.624113,3507.44,-0.768449,-0.754617,1.84915,4107.09,0
0.625403,3507.39,-0.768957,-0.687264,3.93596,4167.59,0
0.626699,3507.38,-0.793453,-0.665325,4.13483,4175.26,0
0.627994,3507.38,-0.780232,-0.606394,4.06861,4168.67,0
0.629297,3507.37,-0.763193,-0.615086,4.37097,4181.89,0
0.630591,3507.38,-0.78309,-0.612062,3.66034,4157.97,0
0.63189,3507.44,-0.729259,-0.558805,0.668123,4048.54,0
0.633188,3507.38,-0.75551,-0.46297,3.5541,4136.92,0
0.634474,3507.41,-0.726502,-0.469681,2.20769,4088.17,0
0.635778,3507.44,-0.751218,-0.343161,0.824131,4032.32,0
0.637074,3507.39,-0.747349,-0.400037,3.00776,4099.24,0
0.638356,3507.4,-0.807674,-0.400195,2.1737,4074.62,0
0.639667,3507.38,-0.856692,-0.358177,2.78418,4088.99,0
0.640967,3507.37,-0.857761,-0.426931,3.2185,4101.84,0
0.642289,3507.39,-1.02038,-0.463417,1.45893,4059.27,0
0.643607,3507.4,-1.09327,-0.276679,1.23782,4047.32,0
0.64491,3507.36,-1.13565,-0.282803,2.58825,4093.19,0
0.646218,3507.34,-1.18409,-0.2374,3.24958,4113.26,0
0.64753,3507.36,-1.10109,-0.249871,2.47358,4072.89,0
0.648822,3507.4,-1.14013,-0.200946,0.687595,4013.34,0
0.650123,3507.34,-1.15226,-0.166307,3.21397,4088.71,0
0.651434,3507.36,-1.02597,-0.134359,2.91616,4057.52,0
0.652748,3507.38,-1.033,-0.13812,1.51632,4009.73,0
0.654028,3507.38,-0.934826,-0.185013,1.8602,4006.39,0
0.655359,3507.36,-0.794901,-0.200888,3.11915,4028,0
0.656657,3507.32,-0.812814,-0.210566,4.68619,4076.88,0
0.65795,3507.35,-0.811717,-0.206157,3.21887,4031.73,0
0.659267,3507.37,-0.798246,-0.175749,2.13877,3992.04,0
0.660614,3507.34,-0.684683,-0.147032,3.97587,4032.62,0
0.661926,3507.3,-0.653228,-0.141191,5.8139,4086.28,0
0.663214,3507.29,-0.662855,-0.15365,5.54186,4086.23,0
0.664529,3507.3,-0.65128,-0.142631,4.61143,4064.81,0
0.665835,3507.29,-0.613519,-0.104439,4.84928,4072.48,0
0.667136,3507.28,-0.598273,-0.111102,4.6981,4071.28,0
0.668432,3507.3,-0.59546,-0.12707,3.62501,4034.59,0
0.669735,3507.35,-0.516288,-0.151488,1.19932,3950.37,0
0.67103,3507.31,-0.521381,-0.1791,3.22832,4007.07,0
0.672339,3507.28,-0.585924,-0.203816,4.38446,4046.76,0
0.673648,3507.32,-0.637217,-0.205035,1.97054,3975.77,0
0.674955,3507.32,-0.584762,-0.15112,2.36352,3976.43,0
0.676257,3507.24,-0.554286,-0.156791,6.02763,4085.75,0
0.677575,3507.28,-0.547983,-0.160042,3.46575,4012.72,0
0.678911,3507.34,-0.518568,-0.197807,0.651845,3921.72,0
0.680209,3507.28,-0.544022,-0.225685,3.29117,3997.51,0
0.681513,3507.31,-0.55227,-0.156499,1.68678,3943.53,0
0.682794,3507.32,-0.498911,-0.187637,1.16774,3919.11,0
0.684113,3507.27,-0.390796,-0.120498,3.94216,3988,0
0.685418,3507.27,-0.358182,-0.109245,3.82229,3978.42,0
0.686713,3507.26,-0.324648,-0.139681,4.16736,3985.51,0
0.688016,3507.33,-0.304677,-0.145529,0.532336,3874.31,0
0.689311,3507.26,-0.304657,-0.237583,3.87732,3971.08,0
0.690605,3507.31,-0.353953,-0.210313,1.58737,3901.9,0
0.691891,3507.29,-0.260823,-0.346167,2.34607,3920.36,0
0.693183,3507.26,-0.259991,-0.323639,3.61016,3951.48,0
0.694491,3507.31,-0.148191,-0.277703,1.28693,3877.02,0
0.695792,3507.33,-0.0204635,-0.268578,0.279418,3839.8,0
0.697091,3507.31,-0.173629,-0.274041,1.16263,3861.64,0
0.698375,3507.31,-0.271016,-0.361146,0.670006,3847.19,0
0.699676,3507.24,-0.262674,-0.315914,4.00855,3941.35,0
0.700986,3507.28,-0.295571,-0.346593,1.9646,3879.7,0
0.702286,3507.23,-0.360167,-0.313381,4.1374,3940.12,0
0.703582,3507.28,-0.432368,-0.342407,1.38646,3859.75,0
0.704883,3507.27,-0.344537,-0.353352,1.98969,3867.45,0
0.706186,3507.26,-0.250148,-0.306781,2.95387,3883.54,0
0.707486,3507.29,-0.33938,-0.389579,1.07099,3831.14,0
0.708775,3507.2,-0.35509,-0.356337,5.26229,3949.35,0
0.710079,3507.19,-0.344935,-0.378301,5.28356,3952.1,0
0.711384,3507.19,-0.359285,-0.339774,5.09183,3952.92,0
0.712703,3507.2,-0.31262,-0.357219,4.214,3931.36,0
0.714016,3507.16,-0.346186,-0.346441,5.56957,3976.55,0
0.715315,3507.15,-0.314666,-0.357702,5.55586,3979.38,0
0.716619,3507.14,-0.360535,-0.356509,5.64979,3993.49,0
0.717925,3507.13,-0.330714,-0.336896,5.64446,3997.8,0
0.71924,3507.1,-0.314083,-0.331861,6.45643,4032.4,0
0.720537,3507.09,-0.314077,-0.368811,6.08573,4032.56,0
0.721832,3507.09,-0.317115,-0.394947,5.64191,4025.46,0
0.723141,3507.1,-0.333572,-0.375367,5.01564,4016.35,0
0.724449,3507.1,-0.292102,-0.384884,4.38261,3998.05,0
0.725752,3507.11,-0.29304,-0.399002,3.95682,3988.63,0
0.727056,3507.09,-0.344932,-0.336438,4.31186,3998.3,0
0.72838,3507.06,-0.313866,-0.379789,5.44967,4029.5,0
0.729697,3507.08,-0.348317,-0.387322,4.27954,3998.99,0
0.731014,3507.15,-0.294846,-0.351365,0.913967,3900.99,0
0.732315,3507.14,-0.228846,-0.358241,1.43712,3907.03,0
0.733625,3507.12,-0.179384,-0.516462,2.06546,3924.23,0
0.73492,3507.14,-0.285744,-0.488668,0.918886,3888.36,0
0.736206,3507.1,-0.217666,-0.452191,3.32517,3943,0
0.737499,3507.12,-0.151673,-0.503707,1.8352,3901.33,0
0.738796,3507.15,-0.139731,-0.541299,0.286443,3858.48,0
0.740103,3507.11,-0.113501,-0.616383,2.36128,3911.57,0
0.741413,3507.07,-0.14431,-0.666874,3.8585,3953.94,0
0.742705,3507.06,-0.182555,-0.672599,4.08727,3964.78,0
0.744012,3507.12,-0.275887,-0.702758,0.319493,3865.74,0
0.745317,3507.09,-0.335912,-0.776724,1.57966,3901.34,0
0.746617,3507.05,-0.342158,-0.792442,3.34051,3945.37,0
0.747912,3507.09,-0.298284,-0.786726,1.38458,3888.41,0
0.749206,3507.08,-0.243209,-0.846756,1.60251,3892.57,0
0.75052,3507.04,-0.213383,-0.870312,3.50681,3938.23,0
0.751835,3507.05,-0.233259,-0.912486,2.99838,3926.01,0
0.753147,3507.01,-0.183809,-0.893439,4.82235,3974.17,0
0.754449,3506.96,-0.21762,-0.897569,6.56692,4026.26,0
0.755752,3506.98,-0.215437,-0.888358,5.02135,3990.49,0
0.757079,3506.97,-0.165267,-0.921493,5.45492,4007.3,0
0.758386,3506.96,-0.175955,-0.87286,5.42514,4009.48,0
0.759697,3506.97,-0.21141,-0.94095,4.26766,3990.29,0
0.761006,3506.92,-0.237679,-0.944702,6.31888,4052.59,0
0.762318,3506.85,-0.240717,-0.896619,8.73233,4126,0
0.763622,3506.85,-0.240726,-0.899759,7.92184,4129.97,0
0.764904,3506.83,-0.241447,-0.860108,7.64287,4149.65,0
0.766227,3506.82,-0.262347,-0.853086,6.64896,4144.09,0
0.767528,3506.79,-0.270513,-0.822549,7.32619,4176.58,0
0.768845,3506.79,-0.250543,-0.83837,6.91412,4179.63,0
0.77015,3506.8,-0.269126,-0.856652,5.42303,4157.9,0
0.771465,3506.78,-0.309687,-0.847167,5.82164,4171.63,0
0.772778,3506.75,-0.317522,-0.818437,6.67931,4204.8,0
0.774109,3506.76,-0.361154,-0.819717,5.70339,4190.81,0
0.775409,3506.79,-0.362926,-0.803738,3.43823,4133.55,0
0.776746,3506.83,-0.367101,-0.822348,1.23001,4075.54,0
0.77805,3506.81,-0.270594,-0.855192,2.35494,4096.3,0
0.779359,3506.79,-0.340206,-0.929352,3.2341,4124.54,0
0.780674,3506.75,-0.284115,-0.852398,5.26045,4162.14,0
0.781983,3506.83,-0.256096,-0.940419,0.845674,4059.92,0
0.783306,3506.76,-0.298114,-0.91692,4.36281,4138.74,0
0.784604,3506.74,-0.306913,-0.950965,4.78867,4154.85,0
0.7859,3506.7,-0.296686,-0.956883,6.41432,4199.88,0
0.787214,3506.69,-0.283672,-0.942344,6.15965,4203.57,0
0.788536,3506.67,-0.268092,-0.926836,6.71251,4220.93,0
0.789845,3506.68,-0.274658,-0.929768,5.42488,4197.82,0
0.791148,3506.69,-0.278859,-0.908096,4.65697,4180.04,0
0.792454,3506.75,-0.356202,-0.987961,1.07453,4099.89,0
0.79376,3506.72,-0.312219,-0.990121,2.77814,4132.49,0
0.795079,3506.68,-0.335226,-1.07312,4.41586,4177.24,0
0.796382,3506.65,-0.326909,-1.06285,5.59787,4206.33,0
0.797699,3506.67,-0.357172,-1.04256,4.25896,4175.02,0
0.799003,3506.68,-0.315507,-1.0271,3.53647,4153.2,0
0.800311,3506.72,-0.379103,-1.11584,0.741536,4093.97,0
0.801624,3506.69,-0.463987,-1.08299,2.29626,4124.42,0
0.802921,3506.69,-0.387647,-1.00487,2.84176,4119.73,0
0.804223,3506.68,-0.437976,-1.07271,3.20978,4133.52,0
0.805542,3506.7,-0.449372,-1.05563,1.78684,4092.54,0
0.80685,3506.7,-0.443466,-0.928012,2.42113,4089.25,0
0.808157,3506.74,-0.410437,-0.882891,0.22753,4029.62,0
0.809463,3506.73,-0.474366,-0.769905,1.18294,4039.68,0
0.810764,3506.7,-0.353567,-0.759241,3.05676,4071.1,0
0.812081,3506.69,-0.369626,-0.759146,3.20976,4075.46,0
0.813375,3506.72,-0.444546,-0.89938,1.1915,4038.7,0
0.81468,3506.67,-0.409967,-0.889222,3.80213,4092.66,0
0.815995,3506.7,-0.39,-0.924289,1.58751,4041.41,0
0.817295,3506.68,-0.433826,-0.814977,2.7937,4056.75,0
0.818614,3506.66,-0.453558,-0.779855,4.30851,4084.51,0
0.819919,3506.63,-0.46579,-0.786403,5.06489,4106.16,0
0.821233,3506.64,-0.462902,-0.832924,4.19913,4088.18,0
0.822528,3506.69,-0.431747,-0.839646,1.63913,4025.12,0
0.823847,3506.67,-0.351731,-0.791703,2.72374,4036.85,0
0.825149,3506.67,-0.368126,-0.784872,2.86529,4035.4,0
0.826445,3506.6,-0.357567,-0.747828,5.96587,4111.18,0
0.827749,3506.56,-0.351544,-0.740544,7.47204,4152.27,0
0.829035,3506.57,-0.338243,-0.720472,6.12175,4134.12,0
0.830359,3506.57,-0.318653,-0.712135,5.62009,4132.01,0
0.831671,3506.56,-0.319631,-0.730887,5.32391,4130.24,0
0.832958,3506.52,-0.286928,-0.760194,7.25878,4179.22,0
0.834275,3506.54,-0.274606,-0.745471,5.33233,4146.37,0
0.835591,3506.53,-0.253129,-0.727708,5.76131,4157.91,0
0.836905,3506.6,-0.244861,-0.67912,1.49782,4063.7,0
0.838211,3506.59,-0.321,-0.759274,1.5063,4065.24,0
0.839495,3506.58,-0.382314,-0.881847,1.89913,4079.82,0
0.840808,3506.6,-0.444345,-0.895294,0.29089,4043.22,0
0.8421,3506.56,-0.380004,-0.907414,2.57376,4085.14,0
0.843413,3506.57,-0.37843,-1.0261,1.31612,4064.59,0
0.844729,3506.55,-0.434611,-1.08019,1.79452,4078.89,0
0.846023,3506.56,-0.598411,-1.18099,0.786585,4071.71,0
0.847331,3506.56,-0.69073,-1.14451,0.17382,4056.41,0
0.848635,3506.53,-0.800696,-1.10986,1.46935,4084.55,0
0.849925,3506.54,-0.774969,-1.09405,1.24786,4070.7,0
0.851235,3506.52,-0.669154,-1.05305,2.75937,4087.29,0
0.85254,3506.52,-0.633354,-1.08069,2.81205,4086.93,0
0.853866,3506.48,-0.709075,-1.16456,4.1921,4127.78,0
0.855185,3506.46,-0.690973,-1.13882,4.68645,4136.59,0
0.856474,3506.41,-0.710691,-1.17199,7.09187,4193.68,0
0.857791,3506.41,-0.726052,-1.14494,6.43381,4185.81,0
0.859095,3506.38,-0.689195,-1.11249,7.37377,4213.85,0
0.860408,3506.4,-0.702483,-1.11481,5.17794,4180.89,0
0.861709,3506.41,-0.726787,-1.13196,4.61976,4171.86,0
0.862981,3506.43,-0.758482,-1.1294,2.99478,4136.96,0
0.864272,3506.47,-0.681944,-1.14132,1.15315,4089.2,0
0.865555,3506.45,-0.796295,-1.18676,1.12138,4096.92,0
0.86685,3506.4,-0.728759,-1.22754,4.23028,4158.13,0
0.868152,3506.43,-0.758579,-1.27906,1.54271,4110.05,0
0.869458,3506.39,-0.752145,-1.25342,3.74848,4151.13,0
0.870773,3506.41,-0.812413,-1.21426,2.56343,4124.3,0
0.872058,3506.43,-0.833548,-1.21524,1.14057,4091.85,0
0.87334,3506.43,-0.709505,-1.235,1.57144,4088.04,0
0.874636,3506.46,-0.675107,-1.1664,0.428136,4048.43,0
0.87593,3506.46,-0.620195,-1.20917,0.22888,4040.34,0
0.87725,3506.39,-0.726891,-1.18617,3.99047,4117.26,0
0.878566,3506.35,-0.72969,-1.21864,5.40452,4154.14,0
0.87987,3506.32,-0.750258,-1.2406,6.43402,4185.7,0
0.881174,3506.32,-0.728758,-1.25057,5.89178,4178.41,0
0.882479,3506.34,-0.678123,-1.23109,4.565,4146.42,0
0.883793,3506.42,-0.596375,-1.17583,0.59235,4052.7,0
0.885102,3506.36,-0.606893,-1.19828,3.86857,4117.97,0
0.886413,3506.34,-0.591435,-1.16661,4.62891,4127.77,0
0.887713,3506.38,-0.645591,-1.16114,2.02417,4076.58,0
0.889007,3506.37,-0.55561,-1.14692,2.69319,4078.47,0
0.890309,3506.41,-0.472604,-1.15691,0.576639,4029.15,0
0.891605,3506.4,-0.588759,-1.10533,1.25045,4038.17,0
0.892925,3506.32,-0.63814,-1.06639,5.72136,4126.73,0
0.894216,3506.34,-0.653021,-1.03359,4.39979,4098.2,0
0.895548,3506.34,-0.65249,-1.02978,3.94705,4092.44,0
0.896867,3506.35,-0.600484,-1.02321,3.1422,4069.99,0
0.89818,3506.32,-0.632975,-0.964094,4.63937,4094.31,0
0.899498,3506.3,-0.660241,-0.975579,5.60924,4117.64,0
0.900798,3506.33,-0.691832,-0.957066,3.28065,4073.79,0
0.902102,3506.3,-0.680189,-0.998285,4.74621,4106.05,0
0.903435,3506.27,-0.689487,-0.959681,5.87614,4126.66,0
0.90476,3506.24,-0.695426,-0.956035,6.98971,4152.31,0
0.906049,3506.21,-0.708897,-0.971872,7.78856,4180.06,0
0.907367,3506.23,-0.663252,-1.00268,6.03962,4158.39,0
0.908665,3506.21,-0.667536,-1.00978,5.96892,4166.48,0
0.909983,3506.23,-0.653602,-1.02917,4.47857,4142,0
0.911279,3506.25,-0.762734,-1.07751,2.61987,4119.38,0
0.912577,3506.22,-0.81596,-1.22804,3.04541,4145.37,0
0.913882,3506.26,-0.741851,-1.15311,1.44371,4095.73,0
0.915196,3506.29,-0.671099,-1.08479,0.194267,4054.92,0
0.916499,3506.24,-0.617073,-1.03549,3.3366,4101.27,0
0.917802,3506.25,-0.640213,-1.05525,2.7614,4089.19,0
0.919117,3506.28,-0.571523,-1.07035,1.15582,4051.93,0
0.920416,3506.26,-0.697602,-0.944246,2.10712,4062.57,0
0.921733,3506.27,-0.751024,-0.996508,1.19371,4050.48,0
0.923002,3506.28,-0.658364,-1.03807,0.444715,4029.53,0
0.92429,3506.22,-0.711885,-1.00343,3.84025,4088.43,0
0.925592,3506.23,-0.702814,-1.02944,2.88797,4067.99,0
0.926907,3506.22,-0.6972,-0.973908,4.07969,4081.97,0
0.928194,3506.24,-0.651233,-0.95384,3.09132,4055.9,0
0.929507,3506.26,-0.584667,-0.884046,2.0987,4022.86,0
0.930818,3506.25,-0.502425,-0.937952,2.39596,4023.7,0
0.932131,3506.22,-0.532747,-0.957513,4.15384,4055.46,0
0.933459,3506.2,-0.523898,-0.967358,4.94934,4069.97,0
0.934778,3506.17,-0.506866,-0.965801,5.83873,4095.69,0
0.936074,3506.2,-0.491944,-0.980032,3.74963,4059.69,0
0.937393,3506.21,-0.531272,-0.852664,3.32139,4040.61,0
0.938697,3506.25,-0.495153,-0.775944,1.31365,3990.54,0
0.939993,3506.19,-0.494516,-0.800616,4.50049,4048.18,0
0.941306,3506.18,-0.551138,-0.803061,4.96473,4062.89,0
0.9426,3506.13,-0.525454,-0.809055,6.92659,4109.18,0
0.943905,3506.12,-0.509208,-0.813925,6.6829,4109.42,0
0.945223,3506.1,-0.480184,-0.80622,7.3636,4128.25,0
0.946525,3506.1,-0.467659,-0.813342,6.01172,4116.63,0
0.947829,3506.09,-0.457158,-0.827838,6.17487,4125.24,0
0.949111,3506.1,-0.459062,-0.838513,4.64522,4105.88,0
0.950438,3506.12,-0.484174,-0.91086,3.22726,4085.22,0
0.95173,3506.15,-0.524105,-0.954716,1.14671,4049.77,0
0.95305,3506.12,-0.452276,-0.876768,3.08385,4069.63,0
0.954377,3506.14,-0.386223,-0.892562,1.99986,4045.09,0
0.955688,3506.13,-0.546627,-0.779201,2.85667,4053.77,0
0.956986,3506.16,-0.552532,-0.710089,0.799873,4008.31,0
0.958317,3506.13,-0.526577,-0.710726,2.97951,4040.37,0
0.959628,3506.11,-0.466338,-0.618368,4.52887,4056.42,0
0.960933,3506.09,-0.461144,-0.593211,5.43715,4070.74,0
0.962252,3506.06,-0.444918,-0.602571,6.32063,4089.63,0
0.963568,3506.05,-0.43058,-0.614443,6.54264,4103.34,0
0.964886,3506.04,-0.402851,-0.600205,6.68023,4105.93,0
0.966174,3506.02,-0.410182,-0.585369,7.01485,4122.64,0
0.967478,3506.02,-0.443655,-0.599944,5.96903,4110.49,0
0.968772,3506.01,-0.40471,-0.578587,6.24267,4114.36,0
0.970065,3506.03,-0.414577,-0.539486,5.05684,4096.4,0
0.971354,3506.01,-0.389213,-0.527,5.27128,4102.53,0
0.972644,3506,-0.354148,-0.528148,5.68972,4109.53,0
0.973941,3505.99,-0.33015,-0.549767,5.68844,4116.48,0
0.975236,3506.03,-0.308543,-0.612299,2.51245,4066.38,0
0.976537,3506.03,-0.24108,-0.600034,3.01501,4067.51,0
0.977844,3506.06,-0.307506,-0.561259,0.733198,4024.78,0
0.979136,3506.06,-0.215986,-0.506882,1.04681,4020.2,0
0.980442,3506.02,-0.301159,-0.490623,3.50467,4057.58,0
0.98175,3506.03,-0.258779,-0.428747,2.76759,4039.04,0
0.983029,3506.04,-0.217143,-0.457041,2.53738,4031.13,0
0.984341,3505.99,-0.276841,-0.424639,5.0234,4071.21,0
0.985656,3505.97,-0.255548,-0.372701,5.7152,4086.39,0
0.986975,3505.94,-0.225366,-0.357985,6.69597,4108.57,0
0.988274,3505.93,-0.260778,-0.31576,6.71365,4115.24,0
0.989574,3505.92,-0.294549,-0.346541,6.64933,4121.86,0
0.990883,3505.92,-0.284727,-0.371701,6.07288,4121.56,0
0.992165,3505.9,-0.306934,-0.309536,5.95923,4127.82,0
0.993462,3505.89,-0.309603,-0.298523,6.16262,4134.72,0
0.994756,3505.88,-0.275461,-0.350167,5.9294,4138.47,0
0.996056,3505.88,-0.258468,-0.40975,5.95288,4138.77,0
0.997353,3505.86,-0.266977,-0.416996,6.1411,4148.01,0
0.998663,3505.88,-0.24305,-0.396932,4.65467,4122.89,0
0.99998,3505.94,-0.294271,-0.409781,0.807529,4062.24,0
1.00128,3505.87,-0.326664,-0.467392,4.79781,4126.41,0
1.00261,3505.86,-0.312718,-0.497537,4.74818,4124.86,0
1.00391,3505.86,-0.349411,-0.465274,4.82291,4127.17,0
1.00523,3505.86,-0.345815,-0.484764,4.40454,4123.36,0
1.00654,3505.84,-0.350852,-0.482739,5.05034,4133.59,0
1.00785,3505.86,-0.345616,-0.500162,3.10335,4105.13,0
1.00915,3505.87,-0.258136,-0.56338,2.48017,4091.6,0
1.01046,3505.88,-0.240304,-0.552102,1.98246,4078.41,0
1.01177,3505.8,-0.203838,-0.611976,6.16651,4146.83,0
1.01308,3505.79,-0.210256,-0.649318,6.27504,4155.64,0
1.0144,3505.8,-0.249035,-0.656151,4.96872,4141.68,0
1.01571,3505.83,-0.1613,-0.565494,3.2089,4104.68,0
1.01702,3505.87,-0.162568,-0.520053,1.01204,4064.34,0
1.01834,3505.84,-0.18039,-0.609571,2.28222,4085.29,0
1.01965,3505.77,-0.189017,-0.571626,6.30552,4145.87,0
1.02098,3505.8,-0.178234,-0.610745,3.85026,4109.43,0
1.02228,3505.82,-0.13257,-0.562292,2.83628,4088.59,0
1.0236,3505.81,-0.234651,-0.564859,3.25406,4094.08,0
1.02491,3505.82,-0.131579,-0.55758,2.59877,4076.88,0
1.02621,3505.81,-0.148252,-0.587777,3.13646,4083.19,0
1.02752,3505.8,-0.1211,-0.666564,3.22351,4082.76,0
1.02883,3505.77,-0.104652,-0.699511,5.23217,4113.95,0
1.03013,3505.78,-0.0860218,-0.663637,3.79296,4092.26,0
1.03144,3505.78,-0.0163349,-0.584239,3.98272,4089.42,0
1.03277,3505.83,0.0366351,-0.60704,0.606432,4037.67,0
1.03406,3505.82,-0.0796698,-0.505585,1.64668,4045.51,0
1.03537,3505.84,-0.0613785,-0.456821,0.067764,4014.29,0
1.0367,3505.78,-0.120366,-0.475729,3.71764,4067.38,0
1.03801,3505.78,-0.185902,-0.491983,3.30172,4060.93,0
1.03933,3505.82,-0.16644,-0.463005,1.32102,4024.88,0
1.04062,3505.8,-0.219275,-0.410172,2.21317,4033.87,0
1.04193,3505.82,-0.0999385,-0.42662,0.894077,4008.61,0
1.04323,3505.8,-0.0572225,-0.405476,2.40579,4026.45,0
1.04452,3505.79,-0.026054,-0.403597,2.92851,4030.87,0
1.04584,3505.77,-0.0116761,-0.327184,4.1787,4044.77,0
1.04714,3505.78,0.023551,-0.259872,3.679,4034.09,0
1.04845,3505.8,-0.00530683,-0.151476,2.33613,4007.86,0
1.04974,3505.78,0.10332,-0.192267,3.52344,4023.26,0
1.05105,3505.82,0.102377,-0.212313,0.874005,3980.99,0
1.05237,3505.77,0.0863008,-0.233672,3.76206,4018.86,0
1.05367,3505.76,0.0577141,-0.223598,4.19209,4026.08,0
1.05496,3505.8,0.118592,-0.201022,1.56828,3985.44,0
1.05628,3505.77,0.0538611,-0.227752,2.86879,4000.44,0
1.05759,3505.79,0.0700307,-0.313386,1.84059,3983.58,0
1.05891,3505.79,0.0363856,-0.232645,2.08748,3980.16,0
1.0602,3505.79,-0.0232944,-0.204988,1.94133,3972.77,0
1.06153,3505.77,-0.00891413,-0.095619,3.07348,3983.28,0
1.06284,3505.76,-0.0449669,-0.128597,3.45398,3986.28,0
1.06416,3505.75,-0.0830058,-0.203155,3.90448,3994.01,0
1.06544,3505.72,-0.039937,-0.254211,5.2534,4013.45,0
1.06675,3505.76,-0.0291903,-0.314344,2.65726,3976.46,0
1.06805,3505.74,-0.0147985,-0.347643,3.58941,3988.82,0
1.06935,3505.71,0.0264194,-0.309644,5.12081,4008.88,0
1.07066,3505.74,0.0530274,-0.328634,3.11739,3980.09,0
1.07196,3505.74,0.065759,-0.374044,2.50114,3970.3,0
1.07326,3505.76,0.0696476,-0.403795,1.178,3948,0
1.07457,3505.76,0.11545,-0.491608,0.878924,3943.74,0
1.07587,3505.73,0.145604,-0.388965,3.07346,3967.45,0
1.07715,3505.76,0.0537918,-0.467913,0.999076,3936.46,0
1.07846,3505.73,0.0515458,-0.457622,3.06193,3961.9,0
1.07977,3505.74,0.0572637,-0.472268,2.38208,3949.56,0
1.08106,3505.72,0.103305,-0.502655,3.0945,3958.65,0
1.08236,3505.68,0.155699,-0.618431,4.83913,3987.38,0
1.08367,3505.7,0.161246,-0.576168,3.89491,3970.58,0
1.08496,3505.71,0.103081,-0.576698,2.76666,3950.28,0
1.08627,3505.7,0.105112,-0.519233,3.80845,3958.87,0
1.08757,3505.72,0.0176186,-0.496775,2.55384,3936.37,0
1.08887,3505.73,-0.0681969,-0.448546,2.29731,3925.79,0
1.09016,3505.74,-0.138586,-0.514055,0.772898,3903.92,0
1.09148,3505.76,-0.0479876,-0.441392,0.260501,3888.75,0
1.09278,3505.67,-0.0508851,-0.433977,5.33463,3959.44,0
1.09409,3505.72,-0.0651084,-0.497019,1.59824,3909.13,0
1.09541,3505.71,0.0076565,-0.563189,2.0769,3915.29,0
1.09671,3505.67,-0.0330365,-0.506139,4.92132,3950.05,0
1.09802,3505.65,-0.0219381,-0.493402,5.89537,3965.79,0
1.09933,3505.63,-0.0049022,-0.482987,6.46826,3974.86,0
1.10064,3505.62,0.0140054,-0.456063,6.90649,3983.66,0
1.10195,3505.62,0.0159887,-0.427375,5.88154,3974.56,0
1.10324,3505.58,0.0244957,-0.404016,7.68315,4005.7,0
1.10456,3505.59,0.00950612,-0.378856,6.17792,3996.22,0
1.10587,3505.57,-0.0194566,-0.37854,6.63958,4005.95,0
1.10718,3505.59,-0.073149,-0.404039,4.68829,3980.75,0
1.10849,3505.62,-0.0192357,-0.313705,3.26486,3955.73,0
1.10981,3505.61,0.000345113,-0.313714,3.58577,3955.57,0
1.11114,3505.61,-0.0159604,-0.351834,3.76164,3955.28,0
1.11245,3505.57,-0.0567581,-0.394131,5.31197,3978.61,0
1.11377,3505.58,-0.0630013,-0.37357,4.59862,3969.94,0
1.11508,3505.53,-0.0612931,-0.370267,7.05638,4005.35,0
1.1164,3505.52,-0.0946916,-0.318098,7.01069,4013.83,0
1.11771,3505.53,-0.0751397,-0.320534,5.29405,4000.55,0
1.11904,3505.55,-0.0793702,-0.323986,3.24033,3974.43,0
1.12033,3505.54,-0.120927,-0.352584,3.92975,3981.2,0
1.12164,3505.53,-0.155382,-0.363864,3.90453,3982.3,0
1.12294,3505.54,-0.142451,-0.383667,3.14948,3971.18,0
1.12425,3505.52,-0.134771,-0.365394,4.04822,3980.55,0
1.12556,3505.5,-0.113918,-0.396037,5.31064,3995.34,0
1.12687,3505.51,-0.125163,-0.388277,4.54796,3985.97,0
1.12817,3505.56,-0.114897,-0.456209,0.874745,3936.86,0
1.12948,3505.53,-0.109681,-0.375741,2.77203,3955.31,0
1.13077,3505.54,-0.0506494,-0.414401,2.33036,3948.09,0
1.13207,3505.52,0.0337734,-0.384306,3.46184,3959.84,0
1.13337,3505.51,0.063909,-0.371405,3.8213,3962.85,0
1.13467,3505.51,0.0123561,-0.344849,3.60285,3955.47,0
1.13597,3505.49,0.0357712,-0.372765,4.35021,3967.69,0
1.13728,3505.52,0.021426,-0.329638,2.05806,3936.91,0
1.13856,3505.48,0.0455926,-0.374018,4.81989,3969.72,0
1.13987,3505.52,0.111441,-0.429986,1.82356,3932.82,0
1.14118,3505.48,0.032437,-0.410779,3.94536,3957.83,0
1.14248,3505.5,-0.0142315,-0.461994,2.47848,3937.63,0
1.14379,3505.52,0.183104,-0.519412,0.747495,3915.9,0
1.1451,3505.47,0.281589,-0.547521,4.1027,3959.58,0
1.14641,3505.48,0.27843,-0.539546,2.71184,3939.71,0
1.14772,3505.47,0.285044,-0.499691,3.61159,3947.05,0
1.14902,3505.43,0.29143,-0.504922,5.72552,3973.11,0
1.15033,3505.45,0.25286,-0.4881,4.69553,3958.16,0
1.15164,3505.43,0.285287,-0.467845,5.40157,3967.89,0
1.15294,3505.38,0.282066,-0.487675,7.90723,4010.74,0
1.15424,3505.37,0.308246,-0.489677,7.29989,4011.56,0
1.15553,3505.37,0.278047,-0.526275,5.9328,4008.01,0
1.15685,3505.38,0.306177,-0.500104,4.67455,3994.24,0
1.15814,3505.42,0.347195,-0.585622,1.42828,3956.6,0
1.15945,3505.39,0.355693,-0.541069,3.20545,3972.99,0
1.16075,3505.44,0.375653,-0.528726,0.138439,3932.65,0
1.16206,3505.41,0.381661,-0.493047,1.59806,3946.49,0
1.16337,3505.37,0.478932,-0.47698,4.05418,3976.07,0
1.16467,3505.41,0.481798,-0.436603,1.81012,3943.17,0
1.16598,3505.42,0.487036,-0.411191,0.782563,3926.21,0
1.16729,3505.37,0.513446,-0.53936,3.82265,3966.37,0
1.16859,3505.35,0.495473,-0.496231,4.89986,3975.18,0
1.16989,3505.4,0.51734,-0.465472,1.65566,3932.74,0
1.1712,3505.41,0.446446,-0.507954,0.672569,3914.83,0
1.1725,3505.35,0.353152,-0.552208,4.97293,3964.67,0
1.1738,3505.35,0.391747,-0.595455,4.27278,3959.2,0
1.17512,3505.34,0.383783,-0.635545,4.54205,3963.86,0
1.17642,3505.33,0.383757,-0.570238,5.51825,3972.68,0
1.17774,3505.36,0.381873,-0.597998,2.89303,3942.92,0
1.17904,3505.34,0.395116,-0.564063,4.30878,3956.13,0
1.18037,3505.35,0.418739,-0.529112,3.35513,3942.68,0
1.18166,3505.38,0.475386,-0.57011,0.847427,3913.81,0
1.18297,3505.36,0.590834,-0.567618,1.37948,3922.56,0
1.18427,3505.34,0.68581,-0.579692,2.23482,3935.45,0
1.18557,3505.36,0.613995,-0.588318,1.04295,3914.46,0
1.18688,3505.35,0.569388,-0.567789,2.22354,3921.86,0
1.18819,3505.32,0.556166,-0.577364,3.70946,3936.45,0
1.1895,3505.29,0.556253,-0.590291,5.3575,3956.08,0
1.19079,3505.35,0.595737,-0.56609,1.38835,3906.54,0
1.19213,3505.3,0.61437,-0.476097,4.80957,3942.13,0
1.19343,3505.33,0.683192,-0.505876,2.44145,3916.49,0
1.19475,3505.3,0.615904,-0.617986,3.94837,3933.32,0
1.19605,3505.31,0.622915,-0.654104,3.1684,3922.12,0
1.19735,3505.29,0.563664,-0.666974,4.72847,3936.82,0
1.19866,3505.26,0.558006,-0.765198,5.72708,3953.71,0
1.19998,3505.29,0.644544,-0.771045,2.82,3924.45,0
1.20128,3505.28,0.601191,-0.786487,3.70967,3930.91,0
1.2026,3505.29,0.702696,-0.890622,1.56273,3915.73,0
1.20391,3505.3,0.685585,-0.96496,0.534153,3904.83,0
1.20521,3505.28,0.735024,-0.974687,1.19008,3914.04,0
1.20651,3505.25,0.743619,-0.8565,3.83648,3932.99,0
1.2078,3505.26,0.729313,-0.809195,3.59658,3923.31,0
1.20911,3505.27,0.687501,-0.886482,2.72797,3914.75,0
1.21041,3505.3,0.703883,-0.763573,1.279,3885.1,0
1.2117,3505.25,0.657938,-0.897051,4.10049,3922.33,0
1.21303,3505.29,0.621274,-0.826176,1.54244,3880.94,0
1.21435,3505.25,0.55641,-0.986171,3.92584,3915.12,0
1.21566,3505.23,0.520549,-1.08314,3.78842,3921.52,0
1.21697,3505.26,0.426669,-1.04828,2.11994,3892.15,0
1.21826,3505.2,0.397374,-1.08066,6.02794,3941.14,0
1.21956,3505.19,0.416944,-1.076,5.90125,3943.66,0
1.22087,3505.17,0.429333,-1.065,6.50953,3956.49,0
1.22217,3505.16,0.416748,-1.04948,6.33924,3957.06,0
1.22349,3505.13,0.417805,-0.981079,7.99528,3977.53,0
1.22477,3505.12,0.43936,-1.00411,7.66334,3987.36,0
1.22606,3505.2,0.448995,-0.984091,1.06301,3914.03,0
1.22737,3505.19,0.46703,-0.96496,1.63371,3915.92,0
1.22869,3505.21,0.48021,-0.912906,1.12017,3901.62,0
1.22998,3505.15,0.471755,-0.911957,4.74188,3941.01,0
1.23131,3505.2,0.578757,-0.90079,0.986617,3900.09,0
1.2326,3505.18,0.507536,-0.881184,2.35017,3907.25,0
1.23392,3505.19,0.551723,-0.925884,1.08732,3895.89,0
1.23523,3505.17,0.559851,-0.965845,2.01152,3908.03,0
1.23653,3505.13,0.793054,-0.960419,3.68097,3937.44,0
1.23783,3505.09,0.793591,-0.949781,5.86178,3962.74,0
1.23913,3505.11,0.803248,-0.927875,4.3155,3946.23,0
1.24042,3505.07,0.766014,-0.902633,7.18115,3977.02,0
1.24171,3505.08,0.790992,-0.931678,4.90686,3961.34,0
1.24304,3505.11,0.802062,-0.937028,2.73042,3936.38,0
1.24435,3505.1,0.834526,-0.878041,3.42364,3938.59,0
1.24569,3505.05,0.87231,-0.993715,5.52523,3972.82,0
1.24699,3505.07,0.942638,-1.01954,3.33725,3955.01,0
1.24833,3505.06,0.986484,-1.06756,3.26284,3960.27,0
1.24963,3505.1,0.973049,-0.968792,1.17052,3923.55,0
1.25094,3505.07,1.05305,-0.993548,1.74889,3938.06,0
1.25227,3505.04,1.12624,-1.15859,1.86048,3959.8,0
1.25357,3505.04,1.10682,-1.13275,2.20963,3958.62,0
1.25487,3505.05,1.03696,-1.12746,1.70381,3943.15,0
1.25618,3505.07,0.994936,-1.02203,1.25308,3921.34,0
1.25748,3505.03,1.07986,-1.07806,3.3108,3954.26,0
1.25877,3505.05,1.06708,-1.17602,0.875997,3933.29,0
1.26008,3505,1.06205,-1.25354,3.50586,3967.43,0
1.26138,3505.02,1.0682,-1.25811,2.11955,3951.09,0
1.26269,3504.96,1.04921,-1.2838,5.33362,3988.22,0
1.264,3504.97,1.03034,-1.30365,4.46339,3976.9,0
1.2653,3504.96,1.00878,-1.37043,4.2886,3979.46,0
1.26661,3504.91,1.01388,-1.39772,7.27425,4020.55,0
1.2679,3504.93,1.00774,-1.41161,5.15891,3998.25,0
1.26922,3504.93,1.03271,-1.40629,4.29012,3991.25,0
1.27052,3504.95,1.08595,-1.49698,1.43866,3974.57,0
1.27181,3504.95,1.0192,-1.62562,0.5554,3973.93,0
1.27312,3504.87,1.0074,-1.59702,5.96203,4029.39,0
1.27445,3504.87,0.981877,-1.60865,5.06125,4021.94,0
1.27577,3504.94,0.951134,-1.61935,0.162156,3965.93,0
1.27708,3504.88,0.813143,-1.66371,4.49591,4005.48,0
1.27838,3504.86,0.776298,-1.66904,5.93489,4020.04,0
1.27967,3504.84,0.750227,-1.6694,6.66952,4029.57,0
1.28099,3504.84,0.779694,-1.63369,6.1264,4027.27,0
1.2823,3504.85,0.770933,-1.67203,3.96821,4012.66,0
1.28361,3504.81,0.792501,-1.65197,6.66667,4039.66,0
1.28494,3504.77,0.779476,-1.66145,8.90975,4070.73,0
1.28625,3504.78,0.701923,-1.64779,7.21699,4057.09,0
1.28754,3504.78,0.734346,-1.6634,6.09658,4057.36,0
1.28884,3504.78,0.745706,-1.62301,5.53469,4049.54,0
1.29014,3504.77,0.753359,-1.62521,6.05259,4055.54,0
1.29147,3504.76,0.736318,-1.56992,6.69705,4057.37,0
1.29279,3504.76,0.761235,-1.55044,5.55822,4051.23,0
1.29411,3504.79,0.758756,-1.56778,2.89869,4025.13,0
1.29541,3504.82,0.786627,-1.4717,1.99018,4001.54,0
1.2967,3504.78,0.765671,-1.51563,3.92727,4024.31,0
1.29801,3504.83,0.709622,-1.37916,2.03971,3980.1,0
1.29932,3504.81,0.792165,-1.3598,3.19968,3992.76,0
1.30063,3504.81,0.762429,-1.45925,2.37156,3991.83,0
1.30193,3504.81,0.768785,-1.43507,2.74986,3989.37,0
1.30322,3504.82,0.646098,-1.43876,2.37665,3974.36,0
1.30453,3504.79,0.630007,-1.5027,3.50397,3991.68,0
1.30585,3504.75,0.692799,-1.50838,5.39314,4016.88,0
1.30713,3504.83,0.645704,-1.49793,0.111734,3957.4,0
1.30843,3504.75,0.716724,-1.53159,4.62855,4010.24,0
1.30975,3504.74,0.73957,-1.52254,4.91911,4013.07,0
1.31106,3504.75,0.768616,-1.54101,3.40643,4001.96,0
1.31237,3504.75,0.713858,-1.59641,2.97539,3997.84,0
1.31366,3504.76,0.70553,-1.72437,0.743968,3990.28,0
1.31496,3504.73,0.723852,-1.76981,1.66967,4005.89,0
1.31627,3504.71,0.821634,-1.72992,3.23151,4018.87,0
1.31758,3504.73,0.833168,-1.70651,2.05606,4001.32,0
1.31888,3504.74,0.755534,-1.72323,1.26022,3986.27,0
1.32019,3504.75,0.692542,-1.72812,1.12971,3977.9,0
1.3215,3504.74,0.734612,-1.76171,0.751677,3978.79,0
1.32282,3504.76,0.817133,-1.63718,0.492077,3958.98,0
1.32413,3504.74,0.788782,-1.56517,3.00142,3970.9,0
1.32544,3504.69,0.816842,-1.57266,6.22374,4004.64,0
1.32675,3504.68,0.838317,-1.5575,6.33432,4008.67,0
1.32806,3504.63,0.788873,-1.57725,9.08511,4044.97,0
1.32936,3504.64,0.821744,-1.57618,6.42661,4031.22,0
1.33068,3504.64,0.821185,-1.58466,5.72623,4030.17,0
1.33198,3504.65,0.835197,-1.58213,4.50156,4019.21,0
1.33329,3504.63,0.912482,-1.6598,3.75303,4027.37,0
1.33459,3504.58,0.920354,-1.68883,6.55431,4060.68,0
1.33589,3504.55,0.914046,-1.69838,7.7608,4077.83,0
1.33719,3504.53,0.92979,-1.69181,8.11889,4089.43,0
1.3385,3504.55,0.896304,-1.71014,5.80861,4071.63,0
1.33981,3504.57,0.849073,-1.69711,4.70967,4053.89,0
1.3411,3504.58,0.789287,-1.73371,3.74896,4043.71,0
1.34239,3504.57,0.786921,-1.71668,4.23529,4043.69,0
1.34371,3504.6,0.816075,-1.74344,1.18807,4019.15,0
1.34502,3504.57,0.788069,-1.74646,3.14351,4033.39,0
1.34631,3504.57,0.791566,-1.7241,3.45149,4030.57,0
1.34761,3504.58,0.785027,-1.80284,2.0722,4025.53,0
1.34892,3504.56,0.846729,-1.77844,3.071,4032.51,0
1.35021,3504.54,0.762533,-1.78015,4.75059,4040.15,0
1.35152,3504.55,0.727455,-1.77892,4.19889,4030.59,0
1.35285,3504.56,0.744021,-1.78525,3.4084,4024.23,0
1.35416,3504.59,0.697342,-1.7929,0.823164,3995.48,0
1.35546,3504.58,0.627497,-1.76274,2.18171,3996.72,0
1.35676,3504.57,0.64399,-1.81746,2.21311,4005.41,0
1.35806,3504.55,0.678154,-1.78955,3.34143,4011.97,0
1.35937,3504.56,0.645456,-1.81065,2.55556,4002.96,0
1.36068,3504.55,0.667855,-1.85641,2.23208,4005.25,0
1.36199,3504.56,0.628914,-1.71852,4.25815,3996.13,0
1.36329,3504.53,0.653787,-1.73404,5.23209,4009.26,0
1.3646,3504.54,0.656992,-1.82653,2.78444,3999.38,0
1.3659,3504.56,0.640649,-1.79387,1.85381,3980.96,0
1.36721,3504.54,0.538088,-1.88979,2.06908,3991.19,0
1.36851,3504.53,0.454368,-1.88551,3.4539,3996.6,0
1.3698,3504.51,0.439329,-1.88172,4.92062,4007.44,0
1.37112,3504.51,0.448446,-1.88024,4.30074,4003.44,0
1.37239,3504.51,0.481956,-1.92124,2.87587,3996.98,0
1.37369,3504.5,0.427809,-2.00754,2.52515,4004.78,0
1.37501,3504.46,0.45048,-2.02992,4.99613,4030.81,0
1.37629,3504.5,0.39861,-2.08103,0.626746,3993.7,0
1.3776,3504.49,0.498709,-2.03283,2.2644,4001.81,0
1.37891,3504.5,0.542237,-2.00697,1.3847,3988.17,0
1.38022,3504.51,0.565098,-2.00067,0.557051,3976.77,0
1.38153,3504.45,0.586328,-1.99422,4.60652,4014.99,0
1.38282,3504.44,0.586248,-2.00788,4.86065,4020.48,0
1.38412,3504.46,0.556583,-2.04228,2.82953,4003.92,0
1.38542,3504.44,0.5252,-2.08243,3.67704,4016.5,0
1.38675,3504.48,0.461943,-2.07196,1.10265,3984.1,0
1.38805,3504.51,0.565262,-1.8969,0.961974,3952.92,0
1.38936,3504.51,0.599121,-1.88455,1.07976,3950.83,0
1.39065,3504.46,0.584826,-1.8165,5.85168,3983.58,0
1.39195,3504.45,0.623358,-1.83858,5.28879,3985.18,0
1.39326,3504.44,0.587001,-1.89257,4.96512,3991.03,0
1.39459,3504.46,0.559261,-1.86268,4.28939,3975.35,0
1.39589,3504.47,0.544425,-1.87751,2.62684,3961.31,0
1.39719,3504.5,0.521747,-1.8347,1.13732,3938.32,0
1.39849,3504.48,0.53598,-1.92548,0.760007,3948.59,0
1.3998,3504.46,0.51231,-1.90946,2.44788,3957.58,0
1.4011,3504.45,0.462066,-1.88013,3.99205,3961.49,0
1.40243,3504.44,0.539004,-1.93124,3.2719,3965.42,0
1.40372,3504.43,0.472925,-1.9366,3.80345,3965.44,0
1.40504,3504.43,0.492046,-1.89537,4.38328,3962.44,0
1.40634,3504.45,0.427975,-1.92854,2.92312,3949.54,0
1.40764,3504.44,0.40433,-1.84148,4.89294,3948.81,0
1.40897,3504.42,0.347984,-1.87847,5.88315,3961.84,0
1.41028,3504.41,0.327981,-1.92465,5.21882,3964.03,0
1.41158,3504.42,0.347698,-1.90202,4.30089,3952.75,0
1.41289,3504.47,0.444833,-1.86204,0.323088,3911.67,0
1.41419,3504.45,0.527608,-1.87689,0.993462,3921.76,0
1.41549,3504.39,0.528175,-1.87449,5.54844,3960.86,0
1.41679,3504.37,0.497721,-1.88797,6.47325,3971.07,0
1.4181,3504.44,0.566317,-1.85911,1.62295,3924.27,0
1.41938,3504.41,0.602934,-1.84821,3.42189,3938.15,0
1.42068,3504.39,0.526155,-1.83505,5.41856,3948.83,0
1.422,3504.42,0.527648,-1.85898,2.32993,3924.13,0
1.4233,3504.38,0.550848,-1.90425,4.50166,3950.26,0
1.42459,3504.38,0.556564,-1.91853,3.48988,3943.13,0
1.4259,3504.33,0.685641,-2.10287,2.61137,3973.81,0
1.42721,3504.33,0.687909,-2.05966,3.71718,3973.63,0
1.42852,3504.34,0.616121,-1.95543,5.15412,3960.62,0
1.42981,3504.32,0.635089,-1.93547,6.21648,3969.58,0
1.43111,3504.35,0.585842,-1.94885,4.3106,3951.44,0
1.43244,3504.37,0.576023,-1.92995,2.81331,3933.06,0
1.43374,3504.34,0.577162,-1.97816,3.56322,3946.85,0
1.43504,3504.35,0.595055,-1.99999,2.14048,3936.72,0
1.43635,3504.38,0.701706,-1.94095,0.178596,3912.45,0
1.43766,3504.33,0.626506,-1.98625,3.52806,3943.51,0
1.43895,3504.38,0.630148,-1.89634,1.25668,3904.53,0
1.44027,3504.33,0.538263,-1.98803,3.87849,3936.52,0
1.44156,3504.32,0.463497,-2.04184,3.95986,3940.84,0
1.44287,3504.32,0.558016,-2.00862,4.26765,3939.58,0
1.44418,3504.31,0.579412,-1.9783,4.68101,3940.19,0
1.44548,3504.31,0.583299,-1.98523,4.34138,3938.23,0
1.44679,3504.31,0.581036,-1.97571,3.79837,3930.55,0
1.4481,3504.33,0.579236,-1.94866,3.33159,3918.93,0
1.44942,3504.32,0.509713,-1.97397,3.37517,3917.63,0
1.45072,3504.32,0.523351,-1.94701,3.42985,3911.93,0
1.45203,3504.35,0.483855,-1.95944,1.21936,3891.48,0
1.45334,3504.33,0.419684,-1.89985,3.9021,3898.88,0
1.45466,3504.37,0.425906,-1.74429,3.74972,3869.95,0
1.45597,3504.39,0.416315,-1.71788,3.1105,3856.32,0
1.45729,3504.37,0.397392,-1.7101,4.57981,3865.21,0
1.45861,3504.41,0.327734,-1.7163,1.48421,3835.48,0
1.45991,3504.41,0.338843,-1.6353,2.39693,3827.69,0
1.46121,3504.39,0.227188,-1.68066,3.94892,3842.08,0
1.46253,3504.4,0.136106,-1.66007,3.60921,3831.15,0
1.46384,3504.43,0.0560921,-1.66511,1.13378,3807.28,0
1.46514,3504.36,0.011382,-1.68619,5.07234,3847.21,0
1.46646,3504.39,0.0245511,-1.73033,1.58444,3822.23,0
1.46778,3504.41,0.0771073,-1.72717,0.670731,3811.67,0
1.4691,3504.38,0.0722783,-1.71554,3.17439,3828.85,0
1.47041,3504.4,0.0564588,-1.74392,0.221895,3805.91,0
1.47172,3504.38,0.0500934,-1.67384,3.6584,3820.1,0
1.47304,3504.33,0.0300058,-1.72189,5.84463,3847.18,0
1.47434,3504.33,0.0408308,-1.71184,5.93048,3847.8,0
1.47563,3504.3,0.0368258,-1.74645,6.81911,3863.29,0
1.47694,3504.29,0.0136354,-1.7654,6.21662,3864.71,0
1.47826,3504.29,-0.01512,-1.766,6.03856,3864.48,0
1.47956,3504.29,-0.0272577,-1.76686,4.94989,3857.24,0
1.48087,3504.31,0.00421664,-1.75436,3.53764,3842.78,0
1.48218,3504.33,-0.0279736,-1.74012,2.17977,3826.56,0
1.48351,3504.36,0.0326934,-1.64919,1.4166,3803.17,0
1.48482,3504.31,0.00717161,-1.71397,4.13916,3832.57,0
1.48612,3504.29,0.0138446,-1.72352,5.21726,3841.58,0
1.48743,3504.33,0.0440692,-1.67831,2.6826,3811.84,0
1.48873,3504.31,0.091885,-1.7266,2.96363,3819.76,0
1.49004,3504.33,0.0745144,-1.71297,1.97722,3806.6,0
1.49135,3504.3,0.050247,-1.70931,3.87318,3819.06,0
1.49265,3504.33,0.0829366,-1.65577,2.35171,3796.24,0
1.49393,3504.34,0.0970859,-1.60474,2.38911,3786.5,0
1.49522,3504.35,0.155039,-1.62939,0.889334,3776.02,0
1.49652,3504.36,0.102708,-1.59704,0.777203,3767.14,0
1.49783,3504.33,0.101835,-1.57743,4.07477,3788.15,0
1.49915,3504.36,0.0735641,-1.60123,0.56026,3760.62,0
1.50045,3504.28,0.127667,-1.66511,5.93405,3811.86,0
1.50177,3504.31,0.0848902,-1.69968,2.78434,3791.13,0
1.50308,3504.29,0.0587352,-1.71332,3.60379,3796.82,0
1.50438,3504.32,-0.0451276,-1.66051,2.34753,3776.27,0
1.50568,3504.32,-0.00636621,-1.66512,2.16671,3772.96,0
1.50698,3504.27,0.0859851,-1.65147,5.7799,3799.49,0
1.50829,3504.31,0.125171,-1.67882,2.21591,3774.65,0
1.50959,3504.33,0.201359,-1.64445,0.885669,3756.54,0
1.5109,3504.35,0.155169,-1.49211,1.84101,3739.36,0
1.51221,3504.32,0.0499234,-1.57789,2.66375,3755.25,0
1.51352,3504.3,0.0622567,-1.53985,5.27696,3768.13,0
1.51484,3504.28,0.0432052,-1.50094,6.55366,3774.11,0
1.51613,3504.26,0.0162922,-1.4972,7.19672,3784.74,0
1.51744,3504.22,0.0184449,-1.50212,8.59869,3806.9,0
1.51875,3504.18,-0.0105257,-1.54475,9.40603,3831.06,0
1.52005,3504.17,-0.0187289,-1.54088,8.74145,3838.36,0
1.52136,3504.18,0.0168321,-1.48495,7.1771,3824.66,0
1.52268,3504.2,0.0440367,-1.4685,5.4211,3812.32,0
1.52399,3504.11,0.0581354,-1.46198,0.0564754,3863.98,0
1.52527,3504.1,0.0801003,-1.48153,0.955853,3870.6,0
1.52657,3504.09,0.0129401,-1.46038,2.34848,3874.28,0
1.52787,3504.13,-0.0497891,-1.37708,0.324468,3844.87,0
1.52918,3504.1,-0.0691457,-1.36288,2.52623,3856.3,0
1.53049,3504.06,-0.0703161,-1.33429,6.69078,3882.98,0
1.53179,3504.02,-0.0799974,-1.3642,8.25428,3901.77,0
1.5331,3504.01,-0.0515831,-1.35607,8.0234,3905.67,0
1.53439,3504,-0.0228794,-1.34415,7.93602,3910.66,0
1.53569,3504.01,-0.0402745,-1.34935,5.8211,3900.07,0
1.53699,3503.98,-0.0415302,-1.36008,7.70414,3918.45,0
1.53831,3503.98,-0.0494372,-1.36905,6.66877,3915.13,0
1.5396,3503.99,-0.0685626,-1.3948,4.51607,3904.77,0
1.54092,3503.98,-0.0801092,-1.40368,4.58359,3905.28,0
1.54222,3503.96,-0.0915013,-1.38565,6.74483,3917.72,0
1.54351,3503.92,-0.107065,-1.38951,9.20687,3937.55,0
1.54482,3503.95,-0.11395,-1.36765,5.68281,3913.32,0
1.54613,3503.93,-0.125036,-1.39877,6.33084,3925.01,0
1.54741,3503.92,-0.0906765,-1.43488,6.25935,3931.83,0
1.54874,3503.92,-0.0759258,-1.45337,4.54701,3923.48,0
1.55005,3503.98,-0.146012,-1.40492,0.319846,3885.21,0
1.55135,3503.94,-0.0823575,-1.41864,3.42506,3905.05,0
1.55266,3503.97,-0.0470631,-1.42852,0.861962,3885.91,0
1.55395,3503.92,-0.0535897,-1.43857,4.512,3911.12,0
1.55525,3503.95,-0.075487,-1.44506,1.34887,3890.5,0
1.55657,3503.97,-0.0182777,-1.3694,1.1454,3875.62,0
1.55788,3503.93,0.0075595,-1.37243,4.48438,3897.99,0
1.55919,3503.93,-0.0226505,-1.3725,4.19132,3894.86,0
1.5605,3503.9,-0.0448722,-1.3349,6.63844,3907.55,0
1.56179,3503.89,-0.0673864,-1.34645,6.58792,3910.61,0
1.5631,3503.89,-0.0718903,-1.32882,6.76683,3911.81,0
1.56443,3503.9,-0.0592255,-1.3484,3.8058,3896.97,0
1.56574,3503.91,0.0296655,-1.41925,1.44405,3887.99,0
1.56707,3503.89,0.0359601,-1.34932,4.71444,3898.29,0
1.56838,3503.88,0.0521177,-1.33785,5.95979,3903.88,0
1.56968,3503.91,0.0602792,-1.2262,4.43882,3878.27,0
1.57099,3503.95,0.12756,-1.173,1.91968,3854.18,0
1.57229,3503.94,0.19757,-1.04783,4.14833,3852.96,0
1.5736,3503.95,0.206135,-1.06804,2.18474,3841.55,0
1.57492,3503.91,0.181946,-1.16411,4.6615,3865.49,0
1.57623,3503.92,0.226231,-1.12097,4.25979,3859.18,0
1.57753,3503.92,0.22366,-1.18553,2.83543,3855.3,0
1.57884,3503.91,0.290454,-1.19781,2.69752,3855.02,0
1.58013,3503.92,0.207611,-1.13071,3.54907,3848.11,0
1.58143,3503.88,0.237945,-1.18034,5.80746,3867.77,0
1.58274,3503.89,0.281644,-1.18861,4.50657,3860.73,0
1.58407,3503.88,0.312837,-1.21219,3.95857,3861.63,0
1.58537,3503.84,0.292816,-1.26686,6.98713,3887.97,0
1.58669,3503.84,0.33024,-1.26654,5.19455,3882,0
1.588,3503.81,0.357992,-1.27593,7.1166,3897.94,0
1.5893,3503.81,0.351027,-1.27273,5.87716,3892.15,0
1.59062,3503.81,0.356228,-1.2992,4.66302,3890.03,0
1.59193,3503.85,0.281833,-1.2538,2.31218,3864.06,0
1.59325,3503.86,0.285526,-1.2461,1.15012,3853.99,0
1.59455,3503.84,0.244264,-1.25147,2.64227,3862,0
1.59587,3503.77,0.195105,-1.1877,10.5018,3902.87,0
1.59719,3503.8,0.22176,-1.15962,6.01019,3879.55,0
1.59851,3503.77,0.230627,-1.1328,8.81985,3895.91,0
1.59982,3503.75,0.220777,-1.17295,8.52002,3905.31,0
1.60113,3503.76,0.203463,-1.13379,7.07666,3900.19,0
1.60242,3503.81,0.266984,-1.07283,2.06078,3862.37,0
1.60371,3503.78,0.212717,-1.02839,6.15833,3880.89,0
1.60501,3503.79,0.222281,-0.999398,4.67157,3870.09,0
1.6063,3503.77,0.234004,-0.985049,6.38145,3881,0
1.6076,3503.78,0.240193,-0.996954,4.48924,3869.93,0
1.60891,3503.77,0.278406,-0.998433,5.12947,3875.15,0
1.61021,3503.8,0.264393,-1.03653,0.590477,3849.38,0
1.61154,3503.75,0.282424,-1.00684,5.57954,3876.13,0
1.61284,3503.74,0.336512,-0.997543,5.49345,3878.4,0
1.61415,3503.75,0.385171,-1.01367,3.48478,3870.01,0
1.61546,3503.76,0.356902,-0.97561,2.73023,3859.99,0
1.61678,3503.75,0.33818,-0.974181,4.5108,3868.22,0
1.61808,3503.73,0.306915,-0.984633,5.4282,3872.79,0
1.6194,3503.73,0.314875,-0.976245,5.33775,3871.51,0
1.62071,3503.74,0.304946,-0.981337,4.26355,3863.92,0
1.62202,3503.75,0.276841,-0.905426,3.87394,3851.15,0
1.6233,3503.75,0.290868,-0.885805,4.12449,3848.79,0
1.62459,3503.74,0.297205,-0.869569,5.63894,3855.8,0
1.62589,3503.77,0.318371,-0.810737,2.61897,3831.26,0
1.62717,3503.77,0.325648,-0.757256,3.1827,3828.62,0
1.62849,3503.78,0.340566,-0.704811,2.32048,3817.56,0
1.62981,3503.78,0.399929,-0.702959,1.9944,3815.16,0
1.63112,3503.76,0.440511,-0.630906,4.54843,3824.93,0
1.63243,3503.76,0.522385,-0.686459,2.87306,3820.89,0
1.63371,3503.75,0.518891,-0.736666,3.0091,3824.52,0
1.63502,3503.73,0.532873,-0.74096,5.2054,3836.94,0
1.63632,3503.72,0.522825,-0.732113,5.8691,3838.33,0
1.63763,3503.72,0.541515,-0.711112,4.8607,3831.97,0
1.63892,3503.72,0.535404,-0.722546,4.53757,3829.09,0
1.64021,3503.73,0.46097,-0.701014,4.17721,3820.62,0
1.64151,3503.76,0.463942,-0.724228,0.282109,3800.85,0
1.6428,3503.76,0.47839,-0.696741,0.298673,3797.14,0
1.64409,3503.72,0.51932,-0.706516,3.67599,3817.18,0
1.6454,3503.73,0.497015,-0.699181,3.32832,3812.04,0
1.64671,3503.73,0.403566,-0.695246,3.8304,3808.38,0
1.648,3503.71,0.456881,-0.724114,4.54236,3816.29,0
1.64929,3503.73,0.4263,-0.712426,2.15138,3798.92,0
1.6506,3503.7,0.361299,-0.730356,5.70361,3816.13,0
1.6519,3503.71,0.358031,-0.707567,4.45526,3806.4,0
1.65321,3503.69,0.341292,-0.689644,6.57719,3817.07,0
1.65449,3503.72,0.38063,-0.72624,2.52283,3798.36,0
1.65579,3503.71,0.428709,-0.703175,2.97884,3798.93,0
1.65712,3503.67,0.391713,-0.652799,7.20414,3817.14,0
1.65842,3503.68,0.396085,-0.639017,5.39749,3810.7,0
1.65972,3503.74,0.324866,-0.549983,0.291998,3771.99,0
1.66103,3503.7,0.296332,-0.640775,3.5345,3792.61,0
1.66234,3503.69,0.361289,-0.602572,4.12133,3793.48,0
1.66364,3503.69,0.346264,-0.591549,5.2135,3795.83,0
1.66493,3503.67,0.307532,-0.592807,6.9277,3804.31,0
1.66624,3503.66,0.314491,-0.574683,6.93054,3805.03,0
1.66755,3503.65,0.337842,-0.580691,6.92808,3809.2,0
1.66884,3503.64,0.30729,-0.603043,6.90465,3812.97,0
1.67014,3503.68,0.268271,-0.581743,2.02543,3784.63,0
1.67145,3503.65,0.367844,-0.574274,4.64565,3799.99,0
1.67276,3503.66,0.325041,-0.539403,4.0042,3790.6,0
1.67408,3503.67,0.308809,-0.586317,2.66436,3783.08,0
1.67536,3503.65,0.3305,-0.505708,4.76135,3788.14,0
1.67666,3503.66,0.319453,-0.493442,3.85038,3781.1,0
1.67796,3503.62,0.317873,-0.516464,7.63549,3800.9,0
1.67926,3503.62,0.339214,-0.498444,7.1097,3800.76,0
1.68057,3503.62,0.365931,-0.503739,5.74245,3795.45,0
1.68186,3503.66,0.342135,-0.522234,1.7181,3772.51,0
1.68316,3503.63,0.270891,-0.51702,5.21321,3786.28,0
1.68445,3503.62,0.250758,-0.51795,5.44281,3787.25,0
1.68577,3503.65,0.17078,-0.488971,2.63326,3767.24,0
1.68707,3503.67,0.148406,-0.503269,0.662381,3754.77,0
1.68838,3503.63,0.156615,-0.538949,3.7325,3771.12,0
1.68967,3503.63,0.149154,-0.554847,3.4316,3768.14,0
1.69097,3503.62,0.0691988,-0.557946,4.39877,3770.06,0
1.69229,3503.64,0.0480416,-0.604796,1.97747,3757.93,0
1.6936,3503.64,0.0668391,-0.509808,3.25897,3756.8,0
1.6949,3503.62,0.101288,-0.461096,5.1245,3761.94,0
1.69621,3503.59,0.108942,-0.492529,7.68394,3777.98,0
1.69751,3503.6,0.0718476,-0.520888,5.36721,3769.5,0
1.69881,3503.58,0.0531025,-0.529757,6.63664,3778.11,0
1.70011,3503.56,0.0487277,-0.513722,7.86891,3785.64,0
1.70144,3503.57,0.0256167,-0.517705,6.70426,3780.63,0
1.70275,3503.61,0.0993749,-0.5104,1.01573,3750.21,0
1.70406,3503.56,0.113472,-0.496298,6.5564,3778.87,0
1.70536,3503.56,0.129802,-0.493891,6.0841,3778.31,0
1.70669,3503.54,0.17272,-0.528839,7.25788,3787.54,0
1.70799,3503.58,0.225929,-0.523777,1.07882,3756.37,0
1.7093,3503.56,0.237894,-0.485401,3.62604,3765.02,0
1.71059,3503.54,0.247765,-0.472109,6.74518,3778.79,0
1.71191,3503.53,0.245545,-0.447379,6.28316,3777.46,0
1.71321,3503.56,0.18663,-0.393538,3.0092,3756.32,0
1.71451,3503.54,0.290254,-0.345607,5.34153,3766.31,0
1.71581,3503.54,0.308054,-0.307398,5.77546,3766.29,0
1.71712,3503.55,0.293251,-0.275873,4.37622,3756.77,0
1.71844,3503.5,0.269232,-0.26037,9.51844,3784.42,0
1.71975,3503.5,0.272013,-0.265633,6.62145,3777.32,0
1.72105,3503.51,0.325038,-0.237834,5.33679,3771.33,0
1.72239,3503.49,0.334414,-0.204263,6.15031,3779.42,0
1.72369,3503.5,0.400006,-0.222129,3.89057,3769.56,0
1.725,3503.5,0.386137,-0.238157,4.36631,3769.14,0
1.72632,3503.47,0.414369,-0.277692,6.52189,3781.59,0
1.72762,3503.43,0.360697,-0.282968,10.16,3802.29,0
1.72893,3503.47,0.367298,-0.290984,3.69714,3776.94,0
1.73023,3503.49,0.393548,-0.244823,1.60436,3764.84,0
1.73153,3503.49,0.371347,-0.113825,2.15845,3761.32,0
1.73285,3503.47,0.374785,-0.121475,3.67086,3766.79,0
1.73418,3503.48,0.363033,-0.216885,2.73528,3761.26,0
1.73549,3503.46,0.355927,-0.225717,4.22532,3766.79,0
1.73681,3503.46,0.321866,-0.177461,4.81563,3766.36,0
1.73813,3503.42,0.311574,-0.151888,8.92583,3788.07,0
1.73945,3503.4,0.316332,-0.180123,8.17671,3792.21,0
1.74076,3503.42,0.292006,-0.141848,6.20226,3780.98,0
1.74206,3503.4,0.279498,-0.136516,7.58449,3790.78,0
1.74336,3503.41,0.321884,-0.178616,5.00552,3782.16,0
1.74469,3503.42,0.407462,-0.181632,1.71525,3768.98,0
1.746,3503.41,0.384652,-0.179007,3.38932,3773.51,0
1.74731,3503.39,0.377207,-0.207451,5.85462,3782.77,0
1.74863,3503.39,0.347672,-0.187091,5.08078,3778.58,0
1.74994,3503.43,0.368554,-0.154498,0.212355,3755.11,0
1.75123,3503.41,0.308415,-0.21016,2.14825,3761.24,0
1.75254,3503.39,0.302082,-0.175687,4.50566,3768.86,0
1.75387,3503.4,0.308662,-0.23174,2.89523,3760.88,0
1.75518,3503.39,0.302799,-0.240911,4.11394,3763.92,0
1.75649,3503.39,0.257439,-0.181878,5.3901,3764.93,0
1.7578,3503.39,0.377495,-0.181684,3.92338,3760.02,0
1.75911,3503.42,0.406517,-0.231752,0.256986,3743.26,0
1.76042,3503.37,0.40927,-0.187399,6.19012,3768.05,0
1.76173,3503.37,0.401876,-0.189985,5.39187,3766,0
1.76305,3503.38,0.385282,-0.239818,3.11738,3754.3,0
1.76435,3503.39,0.387458,-0.309992,1.93313,3748.62,0
1.76565,3503.35,0.397555,-0.260269,6.25017,3765.18,0
1.76695,3503.32,0.37551,-0.233667,7.86644,3777.93,0
1.76824,3503.33,0.369132,-0.213552,5.94222,3770.82,0
1.76954,3503.29,0.370011,-0.217402,9.96173,3793.61,0
1.77084,3503.29,0.322357,-0.254943,7.32365,3787.1,0
1.77215,3503.3,0.316561,-0.25545,6.23333,3781.82,0
1.77347,3503.29,0.301533,-0.236697,6.53566,3782.26,0
1.77475,3503.28,0.319265,-0.292477,6.15598,3783.97,0
1.77605,3503.3,0.253611,-0.331508,3.37092,3771.21,0
1.77736,3503.31,0.166125,-0.322634,2.31727,3762.24,0
1.77867,3503.31,0.175275,-0.32491,3.09892,3763.86,0
1.77997,3503.32,0.132467,-0.35194,1.15043,3754,0
1.78128,3503.31,0.159891,-0.282132,2.58394,3755.91,0
1.78262,3503.29,0.168082,-0.242159,4.94371,3762.84,0
1.78393,3503.3,0.208672,-0.182836,4.53438,3758.56,0
1.78524,3503.28,0.17421,-0.131531,6.72565,3764.36,0
1.78655,3503.25,0.16422,-0.126689,9.74865,3779.78,0
1.78786,3503.26,0.155486,-0.119977,6.60519,3769.93,0
1.78916,3503.3,0.183582,-0.0784316,1.55987,3746.72,0
1.79046,3503.28,0.246903,-0.107734,3.29997,3753.92,0
1.79174,3503.28,0.307662,-0.0760645,3.35293,3753.28,0
1.79305,3503.29,0.247059,-0.0826134,1.62216,3741.83,0
1.79437,3503.27,0.289759,-0.163164,3.64502,3750.4,0
1.79567,3503.27,0.284381,-0.204734,2.95298,3746.36,0
1.79698,3503.25,0.2181,-0.218104,5.72964,3755.46,0
1.79827,3503.24,0.212307,-0.219833,6.00849,3758.22,0
1.79956,3503.23,0.199386,-0.241349,6.22974,3759.37,0
1.80086,3503.23,0.193118,-0.223911,5.48635,3757.45,0
1.80217,3503.25,0.197507,-0.246414,2.56639,3744.83,0
1.80345,3503.25,0.169766,-0.318736,1.72466,3740.71,0
1.80476,3503.2,0.147926,-0.312372,8.48872,3768.52,0
1.80607,3503.19,0.153421,-0.289553,8.27297,3773.32,0
1.80738,3503.24,0.0946958,-0.224728,0.903805,3738.94,0
1.80866,3503.22,0.0684705,-0.242255,3.12585,3746.42,0
1.80998,3503.21,0.0284422,-0.263959,4.60094,3751.05,0
1.81129,3503.22,-0.0457739,-0.296727,3.08133,3743.84,0
1.81259,3503.2,-0.0641515,-0.279568,5.64948,3752.31,0
1.81387,3503.16,-0.0786521,-0.300805,9.50781,3772.47,0
1.81518,3503.17,-0.0971282,-0.293355,6.50283,3761.91,0
1.81649,3503.18,-0.166635,-0.305692,4.85067,3756.72,0
1.81779,3503.17,-0.117183,-0.2048,6.65134,3758.4,0
1.81909,3503.17,-0.0642664,-0.233578,5.72376,3754.41,0
1.82039,3503.16,-0.103932,-0.235673,5.85123,3754.86,0
1.82169,3503.16,-0.122061,-0.290229,5.68118,3754.04,0
1.82304,3503.15,-0.129087,-0.296556,6.81205,3757.78,0
1.82436,3503.18,-0.209696,-0.269501,2.30195,3738.51,0
1.82566,3503.2,-0.193081,-0.207948,0.258188,3726.77,0
1.82696,3503.13,-0.188123,-0.195179,8.60868,3760.1,0
1.82825,3503.12,-0.213225,-0.237444,7.43088,3760.8,0
1.82957,3503.13,-0.213626,-0.22128,5.23131,3753.72,0
1.83089,3503.1,-0.194136,-0.217754,8.0805,3767.3,0
1.83219,3503.09,-0.198101,-0.20569,8.04787,3771.64,0
1.83349,3503.07,-0.206047,-0.200623,9.66374,3781.66,0
1.83479,3503.06,-0.212149,-0.173409,9.01256,3783.65,0
1.83608,3503.06,-0.216515,-0.185614,7.26536,3780.42,0
1.83741,3503.04,-0.2354,-0.190971,7.672,3787.55,0
1.83872,3503.04,-0.214198,-0.23085,6.49315,3782.88,0
1.84002,3503.09,-0.234615,-0.24764,0.0398223,3757.54,0
1.84136,3503.04,-0.225195,-0.237755,5.77892,3777.72,0
1.84267,3503.08,-0.194085,-0.253282,1.07193,3758.01,0
1.84398,3503.06,-0.306267,-0.348628,1.68553,3765.28,0
1.84531,3503.03,-0.388136,-0.313353,4.64375,3776.33,0
1.84661,3503.05,-0.357236,-0.34581,1.88247,3763.61,0
1.8479,3503.05,-0.399786,-0.317969,1.45893,3760.8,0
1.84921,3503.05,-0.354836,-0.356456,2.20317,3760.7,0
1.85051,3503.04,-0.372411,-0.34406,2.70553,3761.11,0
1.85181,3503.04,-0.36376,-0.373126,1.85895,3756.65,0
1.85312,3503.01,-0.347418,-0.326393,6.53485,3770.69,0
1.85443,3503.01,-0.352491,-0.363797,5.46125,3767.85,0
1.85574,3503,-0.345183,-0.37958,6.36025,3771.61,0
1.85705,3503.03,-0.377813,-0.429586,0.458764,3751.61,0
1.85837,3502.98,-0.41882,-0.452225,6.93894,3777.28,0
1.85969,3503.01,-0.365156,-0.448367,2.49299,3757.48,0
1.86099,3502.98,-0.347058,-0.425247,6.8586,3771.07,0
1.86232,3502.97,-0.346406,-0.41081,7.21978,3772.91,0
1.86363,3503.01,-0.354531,-0.479245,1.125,3753.36,0
1.86494,3503,-0.362182,-0.492998,1.09278,3752.84,0
1.86627,3502.98,-0.354811,-0.513924,3.20969,3759.38,0
1.86761,3502.99,-0.481492,-0.464946,1.32943,3753.81,0
1.86891,3502.93,-0.502795,-0.432616,9.55876,3783.05,0
1.87024,3502.96,-0.478536,-0.426261,4.67411,3765.27,0
1.87154,3502.98,-0.453917,-0.459868,1.37489,3751.62,0
1.87284,3502.93,-0.412264,-0.466018,8.63265,3776.54,0
1.87415,3502.97,-0.405846,-0.541571,0.343416,3752.04,0
1.87544,3502.95,-0.498809,-0.554477,1.19844,3759.34,0
1.87674,3502.91,-0.497009,-0.545987,6.89884,3779.96,0
1.87804,3502.91,-0.545421,-0.565706,4.49015,3774.47,0
1.87936,3502.9,-0.565939,-0.530045,6.20966,3778.78,0
1.88066,3502.9,-0.58434,-0.532877,4.38613,3773.33,0
1.88196,3502.87,-0.559322,-0.531117,8.71412,3787.78,0
1.88327,3502.83,-0.522727,-0.536763,2.70506,3808.09,0
1.88457,3502.8,-0.533139,-0.562443,5.20115,3819.21,0
1.88586,3502.76,-0.549491,-0.578668,9.43216,3838,0
1.88717,3502.79,-0.576717,-0.563791,3.31646,3820.67,0
1.88849,3502.76,-0.659174,-0.554742,6.28965,3835.11,0
1.88981,3502.75,-0.641451,-0.537431,7.07282,3836.14,0
1.89112,3502.72,-0.676168,-0.549295,8.7362,3849.08,0
1.89243,3502.71,-0.688954,-0.571595,8.2048,3852.38,0
1.89374,3502.68,-0.70623,-0.57198,10.3309,3865.96,0
1.89506,3502.67,-0.644562,-0.627857,0.282659,3869.79,0
1.89634,3502.67,-0.608181,-0.608929,1.27908,3865.87,0
1.89764,3502.65,-0.65251,-0.564666,3.39828,3871.48,0
1.89894,3502.61,-0.692935,-0.567069,8.51069,3891.45,0
1.90023,3502.59,-0.704006,-0.569755,9.10553,3897.54,0
1.90153,3502.58,-0.716213,-0.560376,9.41808,3904.2,0
1.90282,3502.56,-0.699478,-0.534119,10.461,3909.43,0
1.90414,3502.56,-0.675221,-0.52244,9.18298,3907.18,0
1.90546,3502.55,-0.673831,-0.556331,8.5847,3910.38,0
1.90678,3502.47,-0.718064,-0.551383,7.34848,3949.36,0
1.90807,3502.49,-0.705954,-0.534379,4.76549,3938.23,0
1.90937,3502.48,-0.783325,-0.526158,3.02492,3938.85,0
1.91066,3502.46,-0.821093,-0.531992,4.93983,3947.59,0
1.91196,3502.44,-0.855451,-0.54595,4.93293,3952.53,0
1.91328,3502.45,-0.822725,-0.542468,4.23129,3945.33,0
1.91458,3502.44,-0.790929,-0.522236,7.40592,3950.88,0
1.91588,3502.42,-0.800959,-0.555399,8.5664,3957.62,0
1.91717,3502.36,-0.86867,-0.584398,2.83493,3987.16,0
1.91847,3502.33,-0.848138,-0.560045,8.00758,3995.96,0
1.91979,3502.35,-0.897759,-0.623594,0.774114,3986.83,0
1.9211,3502.3,-0.962504,-0.62109,5.09662,4007.13,0
1.9224,3502.29,-0.985555,-0.669011,3.91072,4010.43,0
1.92373,3502.27,-1.04699,-0.659842,4.88484,4020.27,0
1.92503,3502.26,-1.02236,-0.636239,7.00431,4018.22,0
1.92633,3502.26,-1.04673,-0.6686,3.19562,4015.88,0
1.92762,3502.24,-1.06736,-0.667288,4.90684,4024.7,0
1.92895,3502.23,-1.03242,-0.676621,8.74402,4030.57,0
1.93024,3502.22,-1.01382,-0.690701,8.36338,4028.85,0
1.93153,3502.24,-1.06711,-0.644299,3.18249,4019.34,0
1.93284,3502.25,-0.971768,-0.643574,6.11652,4010,0
1.93416,3502.25,-0.98214,-0.676804,3.74826,4006.59,0
1.93547,3502.27,-0.988254,-0.629213,2.38,3996.32,0
1.9368,3502.24,-0.989115,-0.694779,4.40351,4007.42,0
1.93809,3502.21,-0.95296,-0.678951,11.2716,4019.2,0
1.9394,3502.16,-0.951284,-0.69374,6.63565,4044.32,0
1.94071,3502.16,-0.943717,-0.741236,4.24974,4041.07,0
1.942,3502.15,-1.06311,-0.664278,1.58382,4042.49,0
1.94328,3502.16,-1.0662,-0.615607,0.395798,4032.07,0
1.94459,3502.16,-1.02096,-0.562843,5.33493,4030.07,0
1.94592,3502.16,-1.0217,-0.557882,5.41833,4029.22,0
1.94723,3502.17,-0.970247,-0.55537,5.87932,4019.48,0
1.94852,3502.18,-0.988638,-0.581565,2.06799,4014.25,0
1.94983,3502.17,-0.97378,-0.511234,6.24998,4014.14,0
1.95115,3502.17,-0.960659,-0.52556,7.44071,4014.79,0
1.95245,3502.1,-0.998276,-0.53896,4.15065,4046.52,0
1.95376,3502.1,-1.05308,-0.514407,1.49998,4045.03,0
1.95506,3502.12,-1.01909,-0.446329,1.67571,4031.02,0
1.95639,3502.11,-0.988161,-0.465727,5.16655,4034.16,0
1.95767,3502.11,-0.945852,-0.467809,6.05074,4027.89,0
1.959,3502.11,-0.961287,-0.484341,5.07435,4027.48,0
1.96033,3502.12,-0.948534,-0.477049,3.2775,4018.43,0
1.96163,3502.14,-0.890773,-0.478416,4.25569,4009.21,0
1.96293,3502.13,-0.914667,-0.449693,3.6917,4007.51,0
1.96425,3502.15,-0.95291,-0.387885,0.241906,3997.89,0
1.96556,3502.11,-0.932448,-0.419294,7.98387,4016.32,0
1.96685,3502.13,-0.887312,-0.426796,5.40148,4003.73,0
1.96814,3502.16,-0.801937,-0.458347,3.23706,3985.61,0
1.96948,3502.16,-0.797822,-0.424903,4.00401,3982.03,0
1.9708,3502.16,-0.741536,-0.446587,6.11919,3978.9,0
1.97211,3502.12,-0.797185,-0.46603,9.95567,3996.15,0
1.97341,3502.11,-0.766959,-0.522625,8.75171,3996.74,0
1.97471,3502.07,-0.760539,-0.531428,4.16508,4015.18,0
1.97601,3502.08,-0.735019,-0.566903,2.94374,4010.44,0
1.97732,3502.02,-0.660667,-0.559111,8.15785,4037.31,0
1.97863,3502.01,-0.623003,-0.533821,10.5937,4038.42,0
1.97993,3501.99,-0.643255,-0.522616,3.28227,4047.61,0
1.98125,3502.01,-0.573198,-0.482002,3.77901,4033.87,0
1.98257,3501.98,-0.568784,-0.526476,7.80626,4045.18,0
1.98387,3501.92,-0.585633,-0.516378,9.13156,4074.01,0
1.98518,3501.93,-0.598298,-0.46779,6.57801,4065.39,0
1.98649,3501.92,-0.607842,-0.42547,10.0837,4069.62,0
1.9878,3501.88,-0.647935,-0.445586,1.12743,4082.42,0
1.98912,3501.86,-0.6151,-0.417121,9.86047,4090.68,0
1.99042,3501.88,-0.6555,-0.416254,2.46663,4079.57,0
1.99174,3501.85,-0.566555,-0.383538,4.33263,4089.6,0
1.99303,3501.88,-0.543796,-0.334216,0.832847,4074.92,0
1.99434,3501.85,-0.504592,-0.339389,9.33415,4085.51,0
1.99566,3501.88,-0.470285,-0.359943,2.26752,4069.42,0
1.99699,3501.83,-0.478563,-0.387972,0.534755,4089.25,0
1.9983,3501.81,-0.504301,-0.358781,6.43956,4097.78,0
1.9996,3501.82,-0.483185,-0.368663,3.4091,4089.87,0
2.00091,3501.82,-0.443116,-0.410443,3.98269,4089.12,0
2.00222,3501.75,-0.407467,-0.412364,1.53047,4119.84,0
2.00351,3501.75,-0.380175,-0.407635,4.67443,4119.69,0
2.00483,3501.77,-0.335076,-0.415153,0.280539,4107.54,0
2.00613,3501.73,-0.305315,-0.380011,3.50869,4123.7,0
2.00743,3501.69,-0.255715,-0.365523,7.20482,4141.12,0
2.00874,3501.69,-0.211847,-0.374779,8.12422,4139.14,0
2.01003,3501.66,-0.174743,-0.404809,4.33948,4150.88,0
2.01132,3501.64,-0.217447,-0.397662,7.50051,4154.67,0
2.01261,3501.58,-0.234896,-0.413617,2.62262,4181.36,0
2.01394,3501.58,-0.263548,-0.403524,4.59916,4182.66,0
2.01526,3501.58,-0.280478,-0.406678,1.96126,4178.44,0
2.01656,3501.54,-0.289103,-0.509626,4.64305,4193.8,0
2.01786,3501.5,-0.27893,-0.495985,11.3071,4213.87,0
2.01916,3501.46,-0.284849,-0.520903,8.26647,4230.09,0
2.02048,3501.42,-0.307077,-0.515707,7.75734,4244.09,0
2.02178,3501.43,-0.249771,-0.548098,4.13871,4237.59,0
2.0231,3501.43,-0.255432,-0.467642,1.99486,4235.7,0
2.0244,3501.42,-0.249639,-0.482429,5.55747,4239.24,0
2.02573,3501.43,-0.237411,-0.437479,5.86824,4230.35,0
2.02704,3501.46,-0.147938,-0.372573,5.83251,4215.08,0
2.02835,3501.48,-0.111581,-0.29143,4.15914,4201.72,0
2.02966,3501.48,-0.0810129,-0.301463,1.08074,4196.16,0
2.03097,3501.45,-0.09554,-0.281899,4.26387,4209.11,0
2.03227,3501.42,-0.0882046,-0.30407,5.46339,4223.19,0
2.03359,3501.41,-0.120472,-0.351391,1.50527,4222.57,0
2.03487,3501.34,-0.144378,-0.369128,5.24524,4253.55,0
2.0362,3501.31,-0.155297,-0.327469,3.9348,4268.88,0
2.0375,3501.29,-0.155471,-0.355022,9.29353,4275.26,0
2.03879,3501.26,-0.153043,-0.331696,2.45699,4285.26,0
2.04011,3501.23,-0.206419,-0.309267,10.3161,4300.86,0
2.04142,3501.19,-0.187495,-0.327801,6.85778,4315.89,0
2.04272,3501.16,-0.161514,-0.299086,6.60054,4327.77,0
2.04404,3501.12,-0.141448,-0.283313,2.36912,4345.66,0
2.04535,3501.04,-0.100731,-0.280213,2.55101,4381.29,0
2.04666,3500.98,-0.0965707,-0.251968,2.72395,4408.45,0
2.04697,3500.96,-0.105983,-0.250014,0.888615,4415.13,0
