0.0299146,4.01844,0,0,1.36163,134330,1
0.0617781,3.85579,0,0,0.0108951,62413.5,1
0.0888069,5.57102,0,0,0.654586,62731.8,1
0.115592,9.27166,0,0,3.50955,80210.4,1
0.145982,13.6018,0,0,13.6593,93174.5,1
0.174369,23.2992,0,0,10.3628,133620,2
0.201882,31.8653,0,0,2.16655,157841,6
0.23137,35.0993,0,0,12.5558,151702,7
0.259248,44.2882,0,0,6.96006,170833,8
0.287627,48.4223,0,0,12.9023,168351,9
0.317564,48.9587,0,0,2.83613,154170,9
0.34607,57.6902,0,0,0.0441123,166701,11
0.375613,59.7747,0,0,3.6525,159139,11
0.404008,63.3039,0,0,2.0992,156690,12
0.435181,73.436,0,0,15.5231,168748,14
0.463931,76.6765,0,0,1.05478,165276,15
0.494119,81.2482,0,0,11.9665,164430,15
0.523389,87.1209,0,0,4.37512,166455,15
0.552839,94.6769,0,0,22.1562,171256,16
0.584778,100.424,0,0,0.209963,171730,19
0.613489,100.621,0,0,1.76755,164014,19
0.642662,103.058,0,0,8.25619,160361,19
0.673084,106.761,0,0,4.94911,158615,19
0.702973,114.893,0,0,4.93694,163439,19
0.733819,121.802,0,0,2.72997,165984,20
0.764901,125.838,0,0,6.37355,164516,21
0.795154,127.32,0,0,5.13993,160120,21
0.823491,130.48,0,0,0.600515,158447,22
0.853598,136.611,0,0,3.99012,160042,23
0.882861,140.041,0,0,4.28164,158621,24
0.910657,143.607,0,0,8.23149,157696,24
0.938429,144.367,0,0,2.66885,153839,24
0.968352,145.98,0,0,2.48535,150751,24
0.995551,147.463,0,0,0.0828684,148122,24
1.0236,156.569,0,0,0.330736,152959,26
1.05091,158.653,0,0,1.397,150967,27
1.07798,166.13,0,0,16.0099,154113,29
1.10828,169.346,0,0,0.211695,152801,30
1.13552,171.402,0,0,1.08707,150946,31
1.16413,175.22,0,0,1.84099,150516,32
1.19391,178.077,0,0,0.0328029,149154,32
1.22543,186.95,0,0,0.0399098,152559,34
1.25352,188.791,0,0,1.2537,150608,34
1.2849,196.069,0,0,3.37568,152595,36
1.317,202.304,0,0,10.4959,153609,37
1.34889,204.767,0,0,0.335619,151803,38
1.37847,208.681,0,0,17.6678,151386,38
1.40534,212.401,0,0,3.30545,151139,39
1.43334,215.036,0,0,8.84956,150024,40
1.46359,221.178,0,0,0.975699,151120,42
1.4964,227.631,0,0,7.32187,152120,44
1.52729,228.06,0,0,10.7814,149323,44
1.55542,234.274,0,0,1.92499,150618,46
1.58219,238.192,0,0,9.42722,150546,47
1.61004,241.138,0,0,5.66056,149772,47
1.63766,244.519,0,0,6.40874,149310,48
1.66804,249.64,0,0,6.62968,149661,49
1.69749,254.241,0,0,13.6605,149774,50
1.72771,258.383,0,0,15.5669,149552,52
1.75606,259.882,0,0,13.337,147991,52
1.78394,268.448,0,0,4.12919,150481,54
1.81107,275.608,0,0,8.97476,152179,56
1.84156,283.806,0,0,0.836408,154112,57
1.87004,283.964,0,0,2.10193,151850,57
1.89878,285.355,0,0,1.65836,150283,57
1.92866,287.285,0,0,17.2506,148956,57
1.95436,288.653,0,0,0.870031,147697,58
1.98214,293.542,0,0,14.3701,148093,58
2.00948,293.861,0,0,1.06739,146237,59
2.03733,298.282,0,0,8.17225,146408,59
2.0665,299.275,0,0,16.206,144822,59
2.09508,303.087,0,0,6.34154,144666,60
2.12398,309.237,0,0,17.4047,145593,60
2.15294,312.638,0,0,2.02421,145214,61
2.18286,314.342,0,0,0.0310432,144005,62
2.20972,321.984,0,0,2.95073,145713,64
2.2388,324.082,0,0,4.11418,144757,65
2.26807,328.253,0,0,8.85872,144728,66
2.29775,332.695,0,0,1.5827,144791,68
2.32817,332.728,0,0,1.85256,142914,68
2.35645,338.21,0,0,0.776426,143526,68
2.38648,345.068,0,0,17.0934,144593,69
2.41392,350.453,0,0,11.0915,145180,72
2.44333,353.554,0,0,12.7755,144702,72
2.46835,357.458,0,0,1.06995,144816,73
2.49657,360.577,0,0,14.5467,144429,73
2.52652,370.729,0,0,10.7224,146735,75
2.55707,378.035,0,0,4.06737,147839,78
2.58612,381.273,0,0,0.0602052,147431,79
2.61356,386.244,0,0,2.87559,147785,80
2.6417,391.168,0,0,5.00404,148074,80
2.66916,401.006,0,0,8.86806,150237,81
2.69688,404.618,0,0,9.08033,150032,82
2.72349,414.348,0,0,8.22836,152139,84
2.75204,416.671,0,0,15.2975,151405,84
2.78143,422.697,0,0,0.378783,151971,87
2.81243,426.441,0,0,0.549083,151627,88
2.84282,429.949,0,0,0.187291,151240,88
2.86981,430.38,0,0,3.68043,149968,88
2.8996,435.119,0,0,11.8884,150062,89
2.92948,439.272,0,0,0.686731,149949,91
2.95955,439.2,0,0,0.108564,148401,91
2.98694,446.106,0,0,2.96644,149352,91
3.01527,449.247,0,0,1.86478,148991,91
3.04341,449.085,0,0,0.57869,147560,91
3.0709,457.328,0,0,16.4268,148923,92
3.10246,461.874,0,0,8.64805,148874,92
3.13057,462.951,0,0,5.65518,147881,92
3.15914,469.927,0,0,0.263685,148751,94
3.18666,472.54,0,0,7.07032,148287,94
3.21473,483.172,0,0,10.6496,150300,96
3.2438,489.828,0,0,12.722,151004,98
3.27528,499.337,0,0,1.86745,152456,99
3.303,501.438,0,0,3.1177,151813,100
3.33181,507.188,0,0,6.23381,152226,101
3.36093,513.671,0,0,7.31161,152836,101
3.39269,513.152,0,0,3.12297,151252,101
3.41885,515.03,0,0,2.54246,150644,102
3.4454,518.682,0,0,5.59719,150543,102
3.4737,521.216,0,0,11.7266,150046,102
3.5034,525.36,0,0,10.7496,149957,102
3.53203,526.736,0,0,6.10081,149131,103
3.55921,535.05,0,0,8.4366,150328,104
3.5893,537.893,0,0,1.37977,149860,105
3.61484,546.2,0,0,16.0975,151100,106
3.6424,551.556,0,0,5.95025,151427,107
3.67204,558.712,0,0,29.3761,152153,108
3.70199,559.329,0,0,2.80336,151089,110
3.73115,564.302,0,0,0.122232,151241,111
3.76072,571.014,0,0,0.0595637,151836,112
3.78872,572.299,0,0,10.447,151053,112
3.81525,576.899,0,0,3.19467,151209,114
3.84031,578.764,0,0,3.94428,150708,114
3.87028,584.05,0,0,4.59189,150906,114
3.89948,588.688,0,0,10.2253,150966,115
3.92695,591.393,0,0,2.38791,150598,115
3.95913,598.251,0,0,17.2002,151107,116
3.98807,599.859,0,0,0.0926278,150414,117
4.01534,601.842,0,0,2.90389,149886,117
4.04536,606.901,0,0,15.0933,150024,117
4.07373,615.031,0,0,0.0349909,150975,118
4.10443,625.363,0,0,8.96351,152363,121
4.13269,625.189,0,0,7.51507,151279,121
4.16017,624.29,0,0,0.213595,150064,121
4.19043,634.285,0,0,9.92295,151365,123
4.21858,640.233,0,0,0.388468,151765,126
4.24645,644.749,0,0,6.8252,151832,127
4.27487,644.015,0,0,0.844313,150651,127
4.30478,650.393,0,0,6.95034,151086,128
4.33559,658.207,0,0,6.31194,151815,129
4.36614,664.593,0,0,3.53565,152215,130
4.39553,664.766,0,0,4.91773,151237,130
4.42432,672.597,0,0,4.7646,152023,131
4.4524,676.605,0,0,5.63727,151964,133
4.48291,677.64,0,0,13.9758,151161,133
4.51052,689.582,0,0,0.453156,152883,137
4.53914,698.445,0,0,5.6663,153872,137
4.56812,703.49,0,0,14.9253,154000,139
4.59873,702.536,0,0,7.19433,152767,139
4.63031,706.432,0,0,11.1776,152567,140
4.65823,706.834,0,0,2.73228,151739,140
4.68806,708.887,0,0,4.99352,151211,140
4.71923,716.349,0,0,12.5109,151794,140
4.74999,721.585,0,0,1.63181,151913,143
4.78029,729.563,0,0,3.07971,152619,147
4.80852,733.581,0,0,5.45088,152559,148
4.83712,739.921,0,0,5.91131,152967,149
4.86396,744.536,0,0,4.08215,153072,150
4.89375,747.762,0,0,0.0293386,152799,151
4.92266,750.258,0,0,8.51798,152409,151
4.9528,751.388,0,0,17.6646,151710,151
4.98216,752.574,0,0,0.87285,151054,151
5.00979,758.243,0,0,12.1511,151352,153
5.038,758.672,0,0,1.23116,150590,153
5.06724,758.766,0,0,1.95952,149740,153
5.09536,758.532,0,0,0.000350851,148867,153
5.1243,764.396,0,0,0.87808,149171,153
5.15184,766.111,0,0,1.52403,148706,153
5.18027,775.966,0,0,13.3642,149793,153
5.20806,784.837,0,0,0.0338493,150696,156
5.2358,793.913,0,0,3.01817,151632,157
5.26658,799.282,0,0,4.54438,151765,157
5.29334,800.83,0,0,1.29026,151290,158
5.31913,805.01,0,0,0.550166,151342,159
5.34944,811.725,0,0,0.291713,151740,162
5.37598,815.095,0,0,0.089928,151618,163
5.40684,816.73,0,0,0.107155,151055,163
5.43585,817.061,0,0,2.77883,150310,163
5.46667,821.907,0,0,4.22339,150349,163
5.49597,830.967,0,0,17.6986,151196,164
5.52696,830.849,0,0,0.938723,150327,165
5.55534,835.35,0,0,8.64409,150369,165
5.58495,836.234,0,0,0.0389331,149730,166
5.61391,836.254,0,0,0.168822,148961,166
5.64251,837.916,0,0,1.91072,148501,166
5.67417,840.209,0,0,7.26659,148076,166
5.70342,845.195,0,0,0.903806,148191,166
5.72981,846.542,0,0,0.103508,147744,166
5.76046,857.615,0,0,4.68577,148879,169
5.79113,863.998,0,0,0.904425,149193,169
5.82054,866.15,0,0,3.99952,148809,169
5.84763,869.15,0,0,0.781478,148633,170
5.87709,874.355,0,0,1.12159,148774,171
5.90492,874.868,0,0,5.26289,148159,171
5.93508,879.351,0,0,1.82986,148162,171
5.96295,881.508,0,0,4.92042,147831,171
5.99051,884.784,0,0,3.81951,147698,171
6.0198,886.432,0,0,2.7338,147253,171
6.05214,892.467,0,0,5.51929,147463,172
6.08272,895.754,0,0,8.65963,147262,172
6.11363,903.24,0,0,2.02921,147742,172
6.14105,909.758,0,0,0.463836,148144,174
6.16821,912.15,0,0,2.63083,147879,175
6.19831,917.299,0,0,3.9099,147992,175
6.22515,919.096,0,0,4.07224,147642,175
6.25658,926.407,0,0,15.8459,148069,178
6.28745,934.151,0,0,2.23726,148574,181
6.31713,937.556,0,0,0.0531035,148415,181
6.34796,937.66,0,0,0.859098,147710,181
6.37438,939.881,0,0,7.14531,147447,181
6.40329,947.044,0,0,5.83786,147900,183
6.42964,948.357,0,0,0.695479,147498,184
6.45679,953.125,0,0,0.0700555,147616,185
6.48887,956.698,0,0,14.6243,147437,185
6.5175,954.925,0,0,0.252005,146517,185
6.54515,968.283,0,0,15.7385,147939,187
6.57336,978.327,0,0,1.41382,148832,190
6.60052,978.754,0,0,4.81439,148284,190
6.63125,981.011,0,0,7.28263,147938,191
6.66068,985.503,0,0,3.44219,147958,192
6.68991,989.109,0,0,1.02843,147851,194
6.72032,992.758,0,0,4.11573,147725,194
6.75122,994.364,0,0,5.3912,147287,194
6.78177,1001.8,0,0,0.466979,147719,195
6.81326,1001.99,0,0,2.01265,147065,195
6.84022,1002.53,0,0,6.32721,146564,195
6.86755,1003.85,0,0,1.22651,146173,196
6.89505,1006.58,0,0,11.6531,145986,196
6.92192,1007.49,0,0,7.26439,145550,196
6.95179,1014.49,0,0,8.96798,145933,198
6.98089,1016.9,0,0,1.02467,145670,199
7.00901,1022.57,0,0,2.98863,145894,201
7.03813,1026.99,0,0,1.19796,145919,202
7.06622,1031.88,0,0,0.00348974,146031,203
7.09511,1034.16,0,0,0.516058,145756,203
7.12489,1038.76,0,0,6.18997,145793,205
7.15455,1040.21,0,0,2.18867,145392,206
7.18603,1053.81,0,0,9.91053,146648,210
7.21446,1057.02,0,0,4.52474,146514,211
7.24405,1060.03,0,0,1.40674,146331,212
7.27467,1060.01,0,0,1.2451,145713,212
7.30341,1065.6,0,0,0.572478,145904,214
7.33181,1072.16,0,0,11.4379,146234,215
7.36138,1072.28,0,0,0.680552,145664,215
7.38942,1078.72,0,0,25.1415,145982,215
7.41858,1084.15,0,0,0.0109215,146140,215
7.44783,1090.36,0,0,7.91408,146400,217
7.48021,1094.74,0,0,0.0985707,146352,219
7.5071,1099.01,0,0,5.63139,146396,220
7.53814,1099.96,0,0,1.55761,145919,220
7.5691,1100.31,0,0,4.37997,145368,220
7.59732,1106.91,0,0,7.32175,145698,220
7.62854,1108.8,0,0,10.9248,145349,220
7.65886,1112.62,0,0,0.00671661,145272,221
7.68462,1120.88,0,0,7.6862,145860,223
7.7113,1123.93,0,0,0.485816,145752,224
7.74052,1126.23,0,0,4.70526,145498,224
7.76945,1129.68,0,0,2.55624,145401,225
7.79977,1137.65,0,0,0.0266505,145857,227
7.82978,1146.29,0,0,3.03723,146401,229
7.86004,1146.31,0,0,3.23256,145841,229
7.89058,1147.88,0,0,0.101829,145474,230
7.91903,1155,0,0,1.09414,145851,230
7.9479,1160.24,0,0,17.4297,145981,230
7.9756,1164.16,0,0,3.24767,145966,232
8.00948,1166.16,0,0,0.88386,145597,232
8.03908,1171.2,0,0,11.5788,145689,233
8.06812,1174.71,0,0,10.8782,145599,234
8.09556,1177.38,0,0,2.27793,145435,235
8.12666,1185.53,0,0,4.20464,145882,237
8.15402,1187.14,0,0,1.45278,145589,238
8.18038,1190.21,0,0,14.6034,145496,238
8.21064,1190.99,0,0,7.64746,145054,238
8.23826,1194.81,0,0,10.9896,145032,238
8.26551,1201.82,0,0,0.249518,145402,239
8.29433,1207.23,0,0,0.00150255,145549,239
8.3243,1210.43,0,0,2.52391,145409,239
8.35458,1212.81,0,0,5.9458,145167,240
8.38465,1220.61,0,0,15.9937,145577,241
8.4136,1222.36,0,0,1.20215,145284,242
8.44391,1225.61,0,0,11.6116,145147,243
8.47496,1228.7,0,0,8.81541,144981,244
8.50412,1233.46,0,0,1.3744,145042,246
8.53541,1238.72,0,0,16.3154,145127,246
8.56424,1242.56,0,0,6.96318,145087,246
8.59303,1247.5,0,0,1.12865,145176,248
8.62198,1247.37,0,0,0.0708537,144674,248
8.65084,1249.51,0,0,1.62991,144438,249
8.68115,1251.31,0,0,0.441439,144141,250
8.7103,1253.31,0,0,2.24394,143888,250
8.73983,1263.65,0,0,0.017533,144585,251
8.76915,1265.63,0,0,0.24982,144327,252
8.79695,1277.22,0,0,19.1168,145189,255
8.82759,1280.54,0,0,1.16522,145061,257
8.85731,1291.86,0,0,1.97837,145853,260
8.88415,1294.52,0,0,7.69311,145711,261
8.91045,1293.88,0,0,2.48263,145209,261
8.93815,1295.75,0,0,4.38458,144968,261
8.96647,1305.38,0,0,11.7382,145585,263
8.99446,1308.58,0,0,7.50808,145487,264
9.02469,1308.57,0,0,7.43837,144999,264
9.05527,1311.29,0,0,4.46988,144809,264
9.08543,1317.25,0,0,1.73613,144984,264
9.11397,1321.64,0,0,0.754832,145013,266
9.1423,1325.25,0,0,0.967528,144958,267
9.17148,1325.16,0,0,0.225246,144487,267
9.20403,1328.21,0,0,1.54826,144308,267
9.23111,1331.79,0,0,6.13226,144272,267
9.26098,1333.39,0,0,5.79948,143979,267
9.29138,1338.02,0,0,0.026348,144006,269
9.31929,1346.78,0,0,0.329909,144515,271
9.34711,1348.69,0,0,0.00387398,144289,272
9.37438,1350.82,0,0,17.2672,144097,272
9.40475,1352.58,0,0,1.33834,143819,273
9.43475,1355.67,0,0,0.321782,143689,273
9.46259,1359.87,0,0,6.85119,143710,274
9.49178,1362.08,0,0,8.91119,143501,275
9.52069,1366.61,0,0,16.5227,143542,276
9.55093,1366.56,0,0,0.26633,143081,277
9.58031,1374.82,0,0,9.53168,143505,279
9.61094,1373.68,0,0,0.22864,142928,279
9.64256,1375.66,0,0,4.60966,142666,279
9.67035,1377.63,0,0,6.14707,142459,279
9.69856,1382.54,0,0,8.09426,142551,279
9.72639,1385.46,0,0,0.168489,142444,281
9.75607,1395.74,0,0,2.30275,143064,283
9.78634,1401.7,0,0,0.249309,143230,284
9.81594,1403.53,0,0,0.740188,142985,284
9.84385,1407.1,0,0,4.67015,142942,284
9.87525,1414.01,0,0,1.38061,143187,286
9.90414,1417.23,0,0,11.5821,143094,287
9.9323,1422.85,0,0,0.11781,143254,290
9.96238,1429.51,0,0,0.141207,143491,291
9.99386,1432.86,0,0,1.16609,143374,291
10.0001,1432.72,0,0,0.0621758,143271,291
