0.00647098,0.144005,0.130775,0.0941553,0.175282,22254,0
0.0129622,0.111025,0.0554776,0.131179,0.123584,8565.28,0
0.0194595,0.369537,0.216083,0.34171,0.432875,18990,0
0.0260128,0.267831,0.48962,0.156816,0.282798,10296.1,0
0.03254,0.230515,0.65445,0.108155,0.214708,7084.05,0
0.0390365,0.423502,1.0043,0.390941,0.434308,10848.9,0
0.0455865,0.517774,1.07352,0.131778,0.495112,11358.1,0
0.0521131,0.48507,0.899556,0.204863,0.418635,9308.02,0
0.0586249,0.590211,1.17755,0.124979,0.50307,10067.6,0
0.0651619,0.507747,0.977112,-0.266399,0.355357,7792.08,0
0.0717228,0.342085,1.04877,-0.362921,0.13597,4769.54,0
0.0782101,0.372973,1.0846,-0.209436,0.165833,4768.86,0
0.0846781,0.452319,1.12128,0.00146976,0.246775,5341.63,0
0.0911769,0.389687,1.15491,-0.0759193,0.16149,4273.97,0
0.0977079,0.475808,1.16833,-0.192136,0.259465,4869.7,0
0.104212,0.299572,1.21991,-0.375085,0.0337818,2874.65,0
0.110715,0.368213,1.26694,-0.356522,0.114851,3325.77,0
0.117237,0.302401,1.35794,-0.194062,0.0304136,2579.4,0
0.123734,0.417908,1.25248,-0.275139,0.170073,3377.48,0
0.130211,0.516258,1.07851,-0.0742733,0.283204,3964.78,0
0.136704,0.661579,0.881468,0.0605877,0.442532,4839.48,0
0.143178,0.715198,0.822076,0.0346262,0.475505,4995.17,0
0.149695,0.532499,0.693926,-0.104606,0.218487,3557.23,0
0.1562,0.530666,0.754584,-0.207078,0.202245,3397.36,0
0.162736,0.474979,0.677519,-0.26719,0.129868,2918.7,0
0.169208,0.649256,0.733331,-0.125237,0.323771,3837.03,0
0.175696,0.743746,0.705642,0.0543553,0.406374,4233.14,0
0.182199,0.876272,0.726291,-0.194578,0.505319,4809.43,0
0.188739,0.970314,0.849572,-0.469761,0.566438,5141.04,0
0.195265,1.1475,0.563663,-0.5686,0.703679,5876.65,0
0.201819,1.56715,0.439085,-0.362248,1.12274,7765.12,0
0.208348,1.50972,0.282034,-0.135223,0.909486,7246.17,0
0.214844,1.54326,0.143004,0.216333,0.842952,7183.17,0
0.221332,1.45599,-0.0899253,0.227868,0.646722,6578.33,0
0.227848,1.71769,-0.213596,0.401375,0.877109,7538.76,0
0.234349,1.94674,-0.342675,0.725593,1.04727,8307,0
0.240838,2.05796,-0.226174,0.450162,1.04759,8544.98,0
0.247351,2.19304,-0.59319,0.594407,1.0729,8866.09,0
0.253841,2.43466,-0.775961,0.561821,1.20697,9591.28,0
0.260339,2.41183,-0.526533,0.658516,1.04105,9264.2,0
0.266839,2.64488,-0.498222,0.852977,1.17711,9911.88,0
0.273363,2.83282,-0.455626,1.23125,1.24234,10362.9,0
0.279847,2.69481,-0.431932,1.01476,0.930073,9629.61,0
0.286386,2.75863,-0.618086,1.44182,0.893377,9632.55,0
0.29289,2.70868,-0.539521,1.68132,0.726645,9248.09,0
0.299414,2.91702,-0.440306,1.74751,0.887045,9742.41,0
0.305932,2.79154,-0.743289,1.81584,0.624409,9124.73,0
0.312491,2.84139,-0.489105,1.68344,0.629859,9092.7,0
0.318984,2.77338,-0.353053,1.56743,0.483369,8694.41,0
0.325479,2.76248,-0.560528,1.6293,0.427675,8487.44,0
0.331979,2.83817,-0.576002,1.33327,0.475792,8549.24,0
0.338483,2.73938,-0.392383,1.19611,0.314481,8093.12,0
0.34497,2.99723,-0.694982,1.11443,0.597978,8688.4,0
0.351521,3.07243,-0.911744,1.00174,0.609248,8740.4,0
0.358032,3.0176,-0.62844,0.954515,0.475716,8428.29,0
0.364594,3.11697,-0.693423,1.06229,0.546277,8549.14,0
0.371116,3.66885,-0.659868,1.15037,1.12259,9885.98,0
0.377603,3.67349,-0.706253,1.09861,1.00794,9728.45,0
0.384157,3.36198,-0.459944,1.12778,0.538452,8751.59,0
0.390661,3.13254,-0.455778,1.05695,0.228978,8018.56,0
0.397166,3.13764,-0.619528,0.962405,0.221267,7900.07,0
0.40369,3.35008,-0.897628,1.1596,0.460626,8298.64,0
0.410162,3.74273,-1.08395,1.15904,0.884478,9125.02,0
0.41671,3.84246,-1.40082,1.19866,0.90883,9220.96,0
0.423191,4.37559,-1.21666,0.959923,1.39395,10339.5,0
0.429719,4.43481,-1.27029,1.15816,1.28193,10320.2,0
0.436229,4.52957,-1.4899,0.986712,1.21647,10383.5,0
0.442755,4.53672,-1.59186,1.09429,1.03721,10246.6,0
0.449259,4.52666,-1.72625,1.05291,0.887203,10075.8,0
0.455822,4.25969,-1.90386,1.17904,0.482025,9345.07,0
0.462343,4.67083,-1.79883,1.04107,0.921896,10102.5,0
0.468863,4.45357,-1.50715,0.964835,0.565755,9498.65,0
0.475363,4.51708,-1.54895,1.23749,0.56957,9502.38,0
0.481833,4.7812,-1.43548,1.60844,0.835829,9922.94,0
0.488334,4.5593,-1.42485,1.65934,0.472979,9336.44,0
0.49488,4.54761,-1.54358,1.38767,0.430287,9189.33,0
0.501351,4.70023,-1.55054,1.01298,0.556166,9375.13,0
0.507831,4.86878,-1.68207,0.96785,0.720196,9587.41,0
0.514369,4.92841,-1.49589,1.0299,0.720919,9581.46,0
0.520876,4.79163,-1.8601,1.10927,0.485042,9199.17,0
0.52743,5.01647,-1.98468,1.06672,0.692341,9511.15,0
0.533936,5.06282,-1.72295,1.12251,0.67857,9482.08,0
0.540427,5.06658,-1.38808,1.02716,0.614727,9375.15,0
0.546956,4.94194,-1.47415,0.997185,0.408686,9035.35,0
0.55346,4.92804,-1.45863,1.03071,0.371133,8904.06,0
0.559946,4.84169,-1.28879,1.03421,0.238047,8646.71,0
0.566477,4.93095,-1.14649,0.90913,0.320013,8704.58,0
0.573005,4.9946,-1.46077,0.900391,0.374254,8716.51,0
0.579533,4.89466,-1.54341,1.09808,0.223076,8445.86,0
0.586048,4.92242,-1.51471,0.91432,0.246357,8399.34,0
0.592558,5.03167,-1.31656,0.97589,0.365882,8491.44,0
0.599069,5.11166,-1.40966,0.825596,0.443267,8532.67,0
0.605594,5.00834,-1.34389,1.0694,0.284556,8270.13,0
0.612119,5.25479,-1.45782,1.12707,0.561986,8584.59,0
0.618615,5.31354,-1.47337,1.18796,0.584482,8589.42,0
0.625125,5.51841,-1.53068,1.09667,0.764738,8827.7,0
0.631664,5.72249,-1.65064,1.37202,0.927013,9059.38,0
0.638149,5.9498,-1.34848,1.28051,1.07599,9323.53,0
0.644636,5.99566,-1.33643,0.877006,0.983589,9300.85,0
0.651145,6.14427,-1.3745,0.862985,1.02072,9436.11,0
0.657653,6.09004,-1.18513,1.13954,0.82925,9260.26,0
0.664159,6.33848,-1.16,1.34146,1.02228,9543.61,0
0.670661,6.75358,-1.39373,1.04403,1.35592,10070,0
0.677163,6.79283,-1.5903,0.690643,1.19649,10031.3,0
0.683692,6.49204,-1.83673,1.0299,0.683257,9495.58,0
0.690188,6.57296,-1.89363,1.26278,0.703609,9523.42,0
0.696648,6.67721,-1.93362,1.14073,0.753392,9584.77,0
0.703174,6.60084,-1.79859,1.35619,0.603518,9387.2,0
0.709641,6.81743,-1.59849,1.26364,0.80696,9606.86,0
0.716109,6.53138,-1.27471,1.34999,0.377232,9120.65,0
0.722678,6.50807,-1.35546,1.52376,0.330601,9005.5,0
0.729186,6.65497,-1.19122,1.2468,0.479033,9126.57,0
0.735696,6.52634,-1.05687,1.16662,0.294741,8870.98,0
0.742164,6.71956,-1.05397,1.19222,0.489824,9054.01,0
0.748626,6.65385,-1.13955,0.932324,0.377409,8888.08,0
0.755111,6.48359,-1.50076,0.887366,0.144268,8586.27,0
0.761624,6.53558,-1.42125,0.748632,0.200299,8581.11,0
0.76815,6.61016,-1.48214,0.794321,0.274735,8605.3,0
0.774634,6.45723,-1.54459,0.813285,0.0765526,8335.85,0
0.781194,6.62299,-1.54699,0.888045,0.276728,8478.04,0
0.787751,6.6652,-1.57457,0.814999,0.307975,8461.05,0
0.794245,6.79985,-1.76486,0.800923,0.447936,8561.39,0
0.800771,6.86985,-1.68839,0.878301,0.489081,8579.04,0
0.80731,6.69345,-1.83779,0.907569,0.24123,8291.06,0
0.813779,6.67682,-1.86499,0.915679,0.21162,8204.71,0
0.820266,6.61487,-1.81935,0.625112,0.127422,8064.3,0
0.826734,6.87392,-1.97183,0.669152,0.429708,8314.55,0
0.833199,6.92839,-2.08617,0.668229,0.461806,8315.41,0
0.83971,6.74614,-2.18296,0.400175,0.203716,8033.89,0
0.846238,6.6377,-2.0866,0.303069,0.0646248,7843.77,0
0.852767,6.75104,-2.11081,0.414464,0.201853,7916.63,0
0.859281,6.89025,-1.96695,0.44455,0.356304,8018.63,0
0.865822,6.89629,-1.86819,0.588871,0.336526,7965.03,0
0.872311,6.84487,-1.77846,0.602758,0.257527,7846.83,0
0.878814,7.00101,-1.78586,0.454731,0.431698,7966.43,0
0.885316,6.853,-1.89918,0.548779,0.221463,7740.74,0
0.891825,6.75983,-1.99669,0.947683,0.0914499,7579.77,0
0.898313,6.75563,-1.92554,1.07981,0.0814998,7520.36,0
0.904825,6.96588,-1.93801,1.05091,0.334255,7698.59,0
0.911312,6.77352,-2.03158,1.03146,0.0833839,7432.72,0
0.917804,6.83298,-2.01947,1.11383,0.149394,7444.92,0
0.924289,6.95888,-1.98584,1.07898,0.287522,7528.9,0
0.930835,7.19506,-1.87318,1.09056,0.539976,7729.69,0
0.937319,7.11179,-1.68388,0.861639,0.399101,7587.37,0
0.943804,7.09705,-1.69056,0.940508,0.343712,7519.62,0
0.950304,7.23168,-1.63106,1.03067,0.480436,7609.86,0
0.956785,7.51925,-1.54965,0.847995,0.772468,7858.87,0
0.963283,7.56176,-1.34441,0.809088,0.731837,7849.99,0
0.969773,7.32341,-0.900782,0.463194,0.355266,7551.67,0
0.976306,7.13827,-0.927705,0.381806,0.108596,7311.51,0
0.982814,7.27062,-0.625316,0.407239,0.267157,7397.76,0
0.989326,7.14621,-0.658513,0.468611,0.102238,7223.32,0
0.995809,7.24243,-0.774458,0.616086,0.213496,7272.91,0
1.00236,7.39985,-0.821402,0.434619,0.391197,7382.41,0
1.00887,7.35202,-0.990807,0.43144,0.307111,7287.39,0
1.01537,7.31775,-1.23821,0.347049,0.248083,7206.95,0
1.02191,7.51665,-1.14232,0.242279,0.478053,7355.5,0
1.02841,7.56754,-0.828495,0.280681,0.508271,7358.47,0
1.03494,7.39249,-1.03333,-0.0298227,0.247998,7142.89,0
1.04142,7.68404,-0.98893,0.149642,0.577812,7378.42,0
1.04791,7.86893,-1.01502,0.340586,0.727026,7509.13,0
1.05439,8.23013,-1.18378,0.460585,1.05465,7805.55,0
1.06089,8.00853,-1.06429,0.467001,0.676572,7548.86,0
1.06742,7.89747,-1.20368,0.774859,0.476064,7398.65,0
1.07396,7.91702,-0.914433,0.821151,0.459546,7371.81,0
1.08051,7.77866,-0.878872,0.880213,0.265614,7199.09,0
1.087,7.7761,-1.22286,0.9239,0.241794,7153.74,0
1.09349,7.62172,-1.16571,0.80751,0.0383767,6970.09,0
1.10001,7.70247,-1.25787,0.938635,0.137226,7002.16,0
1.10657,7.93877,-1.0826,1.44024,0.419642,7174.22,0
1.11308,8.1362,-1.27167,1.40309,0.61706,7309.62,0
1.11957,8.29693,-1.44264,1.40584,0.768732,7410.8,0
1.12607,8.46245,-0.99857,1.08016,0.876125,7515,0
1.13255,8.12956,-0.350144,1.21583,0.3975,7178.12,0
1.13906,8.1303,-0.657358,1.15386,0.365912,7137.7,0
1.14561,8.41982,-0.725378,1.52854,0.68402,7349.64,0
1.15216,8.34025,-0.756081,1.61285,0.535764,7238.8,0
1.15865,8.1053,-0.988588,1.50097,0.2108,6995.45,0
1.16514,8.00397,-1.00153,1.23142,0.0758832,6869.52,0
1.17169,8.0283,-1.0762,1.27027,0.10194,6851.93,0
1.17823,8.10961,-0.907253,1.46643,0.199804,6882.9,0
1.18472,8.08263,-0.898056,1.30403,0.157821,6822.37,0
1.19123,8.31745,-0.871958,1.29717,0.437529,6982.22,0
1.19773,8.36759,-0.929533,1.64934,0.453262,6986.2,0
1.2042,8.43581,-0.827686,1.53348,0.497866,7005.32,0
1.21067,8.54001,-0.763091,1.80418,0.592811,7053.97,0
1.21716,8.50157,-0.965444,1.59886,0.492178,6984.75,0
1.22366,8.79166,-1.21183,1.28353,0.780857,7184.75,0
1.23015,8.83593,-1.16372,0.951433,0.737653,7182.81,0
1.23666,8.95181,-0.935745,1.10152,0.791305,7238.7,0
1.24314,9.34499,-0.951815,0.956896,1.15473,7517.26,0
1.24963,9.32851,-0.902271,1.2787,1.01972,7465.04,0
1.2561,9.4753,-1.11312,1.06698,1.07611,7543.43,0
1.26257,9.33847,-0.801246,1.42128,0.771816,7396.42,0
1.26905,9.31819,-1.08021,1.27081,0.670303,7342.63,0
1.27555,9.6715,-1.10803,1.5536,0.998373,7582.2,0
1.28207,9.62575,-1.55695,1.5778,0.834335,7507.99,0
1.28855,9.46476,-1.5348,1.75232,0.564006,7345.27,0
1.29507,9.43599,-1.60059,1.82479,0.476,7286.08,0
1.3016,9.45363,-1.64624,1.65227,0.436591,7263.1,0
1.30811,9.18275,-1.82063,1.69154,0.0866676,7019.88,0
1.31463,9.72822,-2.03516,1.51289,0.739874,7399.98,0
1.32114,9.89533,-1.98075,1.69604,0.847765,7490.01,0
1.32764,9.61592,-2.00323,1.75278,0.434508,7242.87,0
1.33411,9.96605,-1.96195,1.61226,0.78578,7470.21,0
1.34059,10.0062,-1.64949,1.18517,0.744137,7464.01,0
1.34713,10.0982,-1.99266,1.01272,0.78372,7496.07,0
1.35369,10.2803,-1.82336,0.670741,0.895625,7594.28,0
1.36019,10.1934,-1.59097,0.685167,0.697882,7494.05,0
1.36665,10.4528,-1.3533,0.219753,0.906377,7648.47,0
1.37323,10.1179,-1.29957,0.3849,0.433856,7367.93,0
1.37974,10.2644,-1.52261,0.717174,0.576995,7439.38,0
1.38622,10.2389,-1.7929,0.57567,0.476642,7386.17,0
1.3927,10.1136,-1.91731,0.682274,0.293224,7261.87,0
1.39921,10.1709,-2.03077,0.914204,0.338815,7268.97,0
1.40573,10.0669,-2.13331,1.08663,0.191967,7161.33,0
1.41225,10.3138,-2.38172,0.749863,0.467035,7303.07,0
1.4188,10.2592,-2.15051,0.517596,0.362437,7230.91,0
1.42531,10.3568,-1.94559,0.453243,0.440071,7266.31,0
1.43182,10.2962,-1.75706,0.412838,0.332052,7190.96,0
1.43836,10.3128,-1.78274,0.393991,0.32775,7169.82,0
1.44489,10.6418,-1.87984,0.273036,0.67854,7365.14,0
1.45139,10.7676,-1.82402,0.0733246,0.749114,7418.78,0
1.45794,10.5345,-1.37614,-0.190481,0.396875,7225.58,0
1.46442,10.3825,-1.42955,-0.312209,0.183348,7089.82,0
1.47096,10.4701,-1.45872,-0.26703,0.282452,7117.91,0
1.4775,10.4632,-1.49537,-0.442257,0.257996,7081.69,0
1.48402,10.6053,-1.493,-0.703585,0.400722,7146.35,0
1.49048,10.8851,-1.35161,-0.998727,0.699434,7303.08,0
1.497,10.7088,-1.11721,-1.05114,0.436483,7153.49,0
1.50352,10.6804,-0.865048,-1.10588,0.364194,7103.65,0
1.50999,10.848,-0.51784,-1.27393,0.540254,7184.17,0
1.51647,10.7641,-0.33175,-1.38781,0.386135,7098.1,0
1.52298,10.8862,-0.0534137,-1.45726,0.496548,7147.96,0
1.52951,10.7428,-0.157229,-1.31819,0.282485,7023.67,0
1.53605,10.5382,0.0322311,-1.47604,0.0208446,6860.59,0
1.54255,10.9071,0.0771976,-1.36843,0.465826,7070.8,0
1.54905,10.8271,0.181065,-1.51535,0.329352,6989.51,0
1.55556,10.9634,0.0988837,-1.33714,0.459432,7047.89,0
1.56206,10.8343,0.450513,-1.21479,0.277387,6935.91,0
1.56859,10.7872,0.622334,-1.50163,0.196795,6877,0
1.57509,11.0699,0.811782,-1.62125,0.515877,7028.12,0
1.5816,11.0828,0.97108,-1.83037,0.483518,7007.31,0
1.58813,10.9287,1.04588,-1.90557,0.267445,6881.53,0
1.59463,11.0557,1.05518,-1.76778,0.402844,6933.07,0
1.60116,11.0094,0.927326,-1.60322,0.318283,6875.9,0
1.60762,11.358,0.80208,-1.80422,0.726416,7065.13,0
1.61413,11.3259,0.512212,-1.69324,0.6177,7016.7,0
1.62066,11.3132,0.291281,-1.46775,0.561314,6980.6,0
1.62716,11.1609,0.294172,-1.38758,0.343002,6859.11,0
1.63368,11.4554,0.375431,-1.52124,0.656274,7012.03,0
1.64018,11.5191,0.430107,-1.78555,0.673895,7023.1,0
1.64671,11.9702,0.395691,-1.66876,1.13132,7269.16,0
1.65323,12.0811,0.527093,-1.79778,1.09956,7307.54,0
1.65975,12.2743,0.490251,-1.72876,1.17218,7395.28,0
1.66627,12.4449,0.75083,-1.8216,1.20033,7468.75,0
1.67275,12.5494,0.535699,-1.58998,1.16677,7502.24,0
1.67926,12.5699,0.484837,-1.70912,1.06411,7485.36,0
1.6858,12.7873,0.48643,-1.74043,1.19575,7585.29,0
1.69228,12.8419,0.560529,-1.50218,1.12213,7588.51,0
1.6988,12.9329,0.493738,-1.56634,1.07971,7612.95,0
1.70527,12.7506,0.265328,-1.65433,0.742611,7477.2,0
1.71177,12.4461,0.0381808,-1.53863,0.309227,7270.91,0
1.71827,12.2506,0.038461,-1.46094,0.0563602,7129.62,0
1.72475,12.4691,-0.00741245,-1.59286,0.319557,7229.5,0
1.73126,12.3011,0.00730316,-1.74679,0.101348,7105.3,0
1.73776,12.235,0.0994615,-1.71417,0.0157875,7040.66,0
1.74426,12.6684,0.197849,-1.63707,0.537123,7262.95,0
1.75071,12.6152,0.0894959,-1.59229,0.433758,7205.76,0
1.75721,12.6362,0.0658192,-1.87159,0.418718,7191.06,0
1.76369,12.7299,-0.0158466,-2.34794,0.487865,7217.76,0
1.77023,12.7555,-0.087796,-2.27087,0.469356,7205.56,0
1.77673,12.7691,0.0479379,-2.78527,0.440564,7186.84,0
1.78326,12.6796,-0.0102787,-3.03169,0.277754,7110.32,0
1.78974,12.8711,0.0718938,-2.91369,0.478155,7191.6,0
1.79627,12.8042,0.283991,-2.88867,0.370185,7128.21,0
1.80273,12.7763,0.363146,-3.07804,0.300565,7087.16,0
1.80921,12.8795,0.48244,-3.02247,0.398836,7118.86,0
1.81577,12.779,0.608478,-2.97831,0.255224,7037.79,0
1.82228,12.7882,0.568583,-3.07502,0.247238,7017.7,0
1.82876,12.7987,0.47925,-3.11982,0.244674,6998.57,0
1.83537,13.1383,0.789561,-3.2634,0.633091,7158.38,0
1.84187,13.1498,0.692811,-2.78755,0.59082,7139.39,0
1.8484,13.357,0.325823,-2.48787,0.746254,7226.28,0
1.85493,13.3425,0.11014,-2.5689,0.647951,7193.01,0
1.86144,13.4432,-0.0247741,-2.26003,0.71123,7221.92,0
1.86798,13.4542,-0.108883,-2.33998,0.655202,7202.54,0
1.87448,13.5353,0.0246748,-2.36262,0.697756,7220.82,0
1.881,13.4076,0.574489,-2.44453,0.479068,7127.93,0
1.88752,13.2855,0.51403,-2.76109,0.291464,7038.59,0
1.89402,13.183,0.753632,-2.69865,0.155934,6960.3,0
1.90051,13.2481,0.968648,-2.63738,0.223047,6970.78,0
1.907,13.3628,0.962713,-2.38843,0.345259,7007.25,0
1.91346,13.4958,0.970168,-2.51953,0.474791,7053.11,0
1.91996,13.9088,1.11466,-2.55956,0.895421,7244.33,0
1.92644,14.0143,1.33967,-2.7819,0.909558,7274.69,0
1.93295,14.3667,1.46719,-2.7271,1.22531,7432.55,0
1.93947,14.251,1.31613,-2.55704,0.926253,7347.88,0
1.94594,14.3419,1.08724,-2.7164,0.909482,7370.16,0
1.95247,14.5167,1.24674,-2.41866,1.01302,7435.06,0
1.95898,14.483,1.06398,-2.43415,0.844577,7393.12,0
1.9655,14.6183,0.945528,-2.34097,0.909039,7437.42,0
1.97207,14.799,0.779594,-2.11037,1.01459,7504.28,0
1.97861,14.5791,0.91937,-2.11988,0.620728,7368.36,0
1.98513,14.6589,0.969841,-2.36172,0.642764,7384.39,0
1.99164,14.5155,1.10312,-2.5163,0.423759,7288.25,0
1.99818,14.8,1.02856,-2.63354,0.734121,7406.72,0
2.00469,14.8063,1.18213,-2.53211,0.676433,7385.84,0
2.01118,14.6335,1.21402,-2.64267,0.406996,7276.07,0
2.01769,14.8745,1.59008,-2.59774,0.6561,7372.03,0
2.02417,14.6703,1.56977,-2.47514,0.356269,7247.57,0
2.03068,14.7462,1.85822,-2.58666,0.425769,7261.7,0
2.03722,14.9672,1.80018,-2.83129,0.648026,7346.88,0
2.04376,14.9549,1.9703,-2.76534,0.568888,7317.34,0
2.05025,14.9558,1.96684,-2.92472,0.517912,7294.61,0
2.05676,15.2482,2.01821,-3.0677,0.822501,7413.69,0
2.0633,15.2284,1.82217,-3.33108,0.700471,7380.62,0
2.06979,15.3988,1.83303,-3.49717,0.826508,7439.79,0
2.07624,15.8387,2.00876,-3.45504,1.25773,7628.55,0
2.08277,16.0245,1.89479,-3.24937,1.31612,7693.83,0
2.08928,15.8871,1.91389,-3.23468,0.981641,7604.11,0
2.09576,15.662,1.94857,-3.03476,0.614153,7473.16,0
2.1023,15.5708,1.69589,-3.06326,0.441201,7406.53,0
2.10878,15.46,1.81886,-2.84943,0.268145,7331.26,0
2.11533,15.5078,1.78505,-2.79696,0.30502,7331.16,0
2.12185,15.3606,1.83336,-2.8424,0.102192,7239.25,0
2.12835,15.4601,1.52019,-2.76191,0.219947,7263.89,0
2.13486,15.7796,1.22306,-2.35576,0.583211,7391.4,0
2.14137,15.5241,1.59763,-2.59852,0.21907,7249.61,0
2.1479,15.5119,1.5614,-2.57552,0.193363,7221.92,0
2.15438,15.4209,1.25151,-2.5207,0.0753788,7157.96,0
2.1609,15.3763,1.16869,-2.47339,0.0177313,7115.71,0
2.16739,15.5004,1.10424,-2.49318,0.170458,7151.64,0
2.17388,15.3843,1.35738,-2.46888,0.0215065,7076.87,0
2.18039,15.4878,1.47843,-2.49773,0.148569,7103.23,0
2.18688,15.6482,1.42761,-2.20415,0.332965,7155.5,0
2.19335,15.7086,1.26114,-2.07944,0.378331,7161.91,0
2.19986,15.5329,1.24213,-2.19559,0.139328,7060.88,0
2.20632,15.66,1.25044,-2.35609,0.277094,7097.79,0
2.21283,15.5582,1.36531,-2.42942,0.129632,7030.9,0
2.2193,15.4862,1.45399,-2.51614,0.0329793,6977.96,0
2.22579,15.4848,1.49726,-2.49277,0.029217,6956.99,0
2.23233,15.5103,1.4235,-2.57187,0.0582943,6948.03,0
2.23882,15.5262,1.42769,-2.84483,0.0748448,6934.97,0
2.24531,15.586,1.31216,-2.78353,0.145503,6941.56,0
2.25176,15.8367,1.21335,-2.84744,0.438463,7033.04,0
2.25829,15.8432,1.50426,-2.51745,0.405266,7015.58,0
2.26478,15.838,1.57023,-2.45087,0.370515,6993.17,0
2.2713,15.9525,1.61172,-2.54857,0.476514,7023.5,0
2.2778,15.8387,1.31375,-2.61996,0.296258,6953.49,0
2.28429,15.8413,1.09985,-2.74305,0.27094,6934.87,0
2.29078,16.2479,0.784915,-2.86081,0.739956,7092.74,0
2.29728,16.2644,0.861258,-2.91085,0.677266,7079.85,0
2.30378,16.065,1.02256,-2.98244,0.389022,6973.29,0
2.31029,16.255,0.854,-2.85182,0.580378,7035.94,0
2.31678,15.9394,0.779295,-2.83466,0.162163,6879.97,0
2.3233,15.8804,0.870833,-2.76869,0.0792194,6835.28,0
2.32979,15.901,0.854899,-2.77971,0.102619,6825.08,0
2.3363,15.9445,0.775743,-2.70912,0.149176,6824.68,0
2.34276,16.0149,0.740152,-2.70611,0.222063,6835.93,0
2.34926,16.1222,0.985192,-2.29834,0.336107,6862.66,0
2.35577,16.2442,1.04428,-2.31323,0.459808,6895.47,0
2.36228,16.3611,1.11436,-2.23518,0.55416,6925.96,0
2.3688,16.0364,1.15494,-2.18236,0.121858,6769.86,0
2.3753,16.2484,1.21204,-2.48286,0.373637,6840.56,0
2.38182,16.6137,1.53084,-2.694,0.770928,6975.18,0
2.38834,16.7056,1.18901,-2.63696,0.793796,6994.66,0
2.39484,16.761,1.13826,-2.52245,0.793041,6998.77,0
2.40134,16.5311,1.08861,-2.43843,0.466588,6884.12,0
2.40786,16.6492,1.0868,-2.9102,0.567177,6914.51,0
2.41439,16.6889,0.85652,-2.68733,0.558827,6912.26,0
2.42094,16.6533,0.981298,-2.87698,0.46465,6878.87,0
2.42744,16.4369,1.02916,-2.80109,0.178186,6771.28,0
2.43394,16.5659,0.855659,-2.77168,0.325887,6806.23,0
2.44046,16.6134,0.758205,-3.02721,0.354116,6807.47,0
2.44702,16.6703,0.921605,-2.99625,0.391845,6812.49,0
2.45356,16.7297,1.05586,-3.1458,0.427635,6818.55,0
2.46008,16.4888,0.95245,-3.08712,0.115534,6702.56,0
2.46655,16.5514,0.882356,-3.12754,0.178837,6710.34,0
2.47306,16.7001,0.699981,-3.46775,0.343304,6752.81,0
2.47959,16.7499,0.570981,-3.38387,0.361695,6755.1,0
2.48611,16.5272,0.6815,-3.37743,0.0707131,6647.82,0
2.49261,16.6502,0.690039,-3.29942,0.214338,6679.81,0
2.49914,16.9676,0.494909,-3.45222,0.579382,6789.38,0
2.50569,16.8148,0.380519,-3.49847,0.346579,6710.64,0
2.51216,16.6023,0.480081,-3.32547,0.0718776,6608.77,0
2.5187,16.7224,0.58179,-3.54521,0.217598,6639.3,0
2.52521,16.8587,0.784322,-3.40841,0.376497,6676.15,0
2.53168,16.9951,0.779915,-3.52514,0.51385,6712.99,0
2.53823,16.9407,0.676139,-3.76917,0.406797,6674.22,0
2.54474,16.962,0.583124,-3.53173,0.397695,6665.54,0
2.55125,17.0508,0.656314,-3.41292,0.479798,6683.3,0
2.55777,17.1358,0.552927,-3.2667,0.532943,6699.52,0
2.56429,16.9605,0.66478,-3.19259,0.27219,6614.1,0
2.57084,16.9605,0.707216,-2.93706,0.256295,6597.24,0
2.57732,17.0679,0.591268,-2.6216,0.36181,6622.33,0
2.58385,17.3184,0.618294,-2.69338,0.622641,6702.54,0
2.59037,17.1361,0.371241,-2.53484,0.358907,6615.29,0
2.59686,17.4534,0.293752,-2.59747,0.712877,6720.96,0
2.60334,17.2771,0.285141,-2.67125,0.424726,6636.52,0
2.60983,17.4067,0.405931,-2.88668,0.557201,6669.65,0
2.61635,17.302,0.676427,-2.82103,0.381652,6613.05,0
2.62284,17.4221,0.533194,-2.93399,0.494817,6642.45,0
2.62937,17.2384,0.429967,-3.12788,0.2441,6556.1,0
2.63592,17.1628,0.477011,-3.10444,0.135066,6511.13,0
2.6424,17.257,0.348501,-3.13674,0.233265,6530.83,0
2.64889,17.2854,0.0778694,-3.35281,0.250754,6525.53,0
2.65538,17.2037,0.0274174,-3.35736,0.137647,6478.82,0
2.66188,17.1283,0.0669441,-3.39847,0.0380224,6434.65,0
2.66838,17.4311,0.0160952,-3.55496,0.399197,6532.47,0
2.67486,17.3235,0.0593946,-3.58986,0.232983,6476.41,0
2.68131,17.3513,0.0223381,-3.43529,0.250747,6471.2,0
2.68784,17.5589,-0.219292,-3.45647,0.482033,6532.73,0
2.69435,17.4708,-0.194264,-3.6622,0.339537,6484.24,0
2.70084,17.6976,-0.358129,-3.47348,0.592904,6552.63,0
2.70735,17.6764,-0.587116,-3.4513,0.513516,6529.03,0
2.71384,17.721,-0.547781,-3.41057,0.512943,6529.86,0
2.72033,17.9729,-0.762615,-3.781,0.767381,6606.88,0
2.72683,17.8693,-0.923484,-3.60759,0.577509,6553.15,0
2.73337,17.8771,-0.875551,-3.78342,0.548447,6540.33,0
2.73986,17.7845,-0.795013,-4.19665,0.37814,6491.01,0
2.74639,17.7257,-0.697859,-4.14181,0.290113,6454.17,0
2.75292,17.7654,-0.65757,-4.15725,0.319244,6453.28,0
2.75947,17.8839,-0.516832,-4.17052,0.42418,6480.93,0
2.76593,17.5933,-0.687826,-4.03478,0.0464564,6360.71,0
2.77248,17.6924,-0.728342,-4.08954,0.164332,6381.42,0
2.779,17.6672,-0.456579,-4.2056,0.123726,6357.38,0
2.78552,17.9262,-0.569425,-4.00873,0.431008,6435.51,0
2.792,18.0122,-0.531441,-4.20767,0.509367,6451.38,0
2.79849,17.6425,-0.610511,-4.05814,0.0318978,6304.27,0
2.80497,17.9455,-0.877171,-4.10796,0.401916,6397.76,0
2.81146,17.858,-0.798998,-4.05318,0.264937,6351.88,0
2.81798,17.9493,-0.573184,-3.9848,0.356993,6369.55,0
2.82445,18.16,-0.320937,-4.52258,0.581383,6429.58,0
2.83096,18.0744,-0.188472,-4.92396,0.425027,6384.53,0
2.83746,18.4346,-0.195617,-4.9761,0.801548,6496.89,0
2.84395,18.7733,-0.288247,-4.91707,1.09425,6601.12,0
2.85047,18.8454,-0.0545258,-5.15793,1.04991,6611.35,0
2.85701,19.1464,0.188977,-4.8675,1.26037,6701.53,0
2.86348,19.2454,0.186076,-4.98753,1.19758,6720.98,0
2.86999,19.4407,0.0375205,-5.25476,1.24807,6773.81,0
2.8765,19.4874,-0.0269392,-4.87363,1.14645,6774.71,0
2.88302,19.4683,0.17627,-4.85937,0.980711,6752.75,0
2.88951,19.551,0.24725,-4.8769,0.971237,6766.19,0
2.89604,19.7564,0.320603,-4.94405,1.09694,6821.88,0
2.90254,19.7765,0.170069,-4.84625,0.960818,6813.51,0
2.90908,19.9064,0.189732,-5.11474,1.00596,6842.86,0
2.91559,19.7309,0.583407,-5.18234,0.692563,6767.38,0
2.92207,19.8296,0.509001,-5.05335,0.727686,6786.15,0
2.92856,19.7774,1.03763,-5.03302,0.578318,6753.27,0
2.93511,19.6566,0.794163,-5.05861,0.37908,6697.05,0
2.94164,19.8992,0.498189,-4.84972,0.630094,6764.67,0
2.94816,19.9248,0.549374,-4.67105,0.588339,6758.4,0
2.95468,19.5614,0.616714,-4.81661,0.103844,6620.49,0
2.96116,19.8289,0.538044,-4.6805,0.422119,6696.32,0
2.9677,19.9069,0.434119,-4.54004,0.467993,6707.84,0
2.97421,19.789,0.570314,-4.63534,0.303086,6653.55,0
2.98066,19.68,0.302529,-4.85712,0.154578,6602.57,0
2.9872,19.8189,0.339784,-5.03785,0.308379,6634.61,0
2.99364,19.7841,0.412972,-4.79568,0.246088,6608.71,0
3.00015,19.647,0.298878,-4.90205,0.0676328,6548.66,0
3.00666,19.7802,0.171802,-5.03868,0.230053,6578.8,0
3.01317,19.9131,0.35056,-4.81889,0.37248,6608.69,0
3.01963,19.6978,0.107411,-4.46662,0.0890796,6523.23,0
3.02612,19.6974,0.00264782,-4.41843,0.0839744,6509.13,0
3.0326,19.7025,0.0192448,-4.37969,0.0872987,6496.89,0
3.03913,19.7098,0.130705,-4.21738,0.0887364,6485.33,0
3.04564,19.6732,-0.0124984,-4.25371,0.0387502,6459.47,0
3.05214,19.805,-0.0436914,-4.21105,0.199147,6488.88,0
3.05867,19.9778,0.265887,-4.18134,0.389871,6531.53,0
3.06515,19.9966,0.0833966,-4.41076,0.386381,6523.85,0
3.07166,20.1641,0.478065,-4.51786,0.537749,6564.55,0
3.07815,20.1828,0.411462,-4.27339,0.518882,6556.81,0
3.08466,20.1679,0.319842,-4.21837,0.460131,6538.11,0
3.09116,20.1394,-0.0539882,-3.96777,0.391368,6515.16,0
3.09771,20.1704,0.0780046,-3.93826,0.396754,6511.38,0
3.10421,20.2548,-0.0328745,-4.16917,0.470398,6524.94,0
3.11075,19.9303,0.0342148,-4.04111,0.0436616,6406.89,0
3.11725,20.0728,0.0740974,-4.10616,0.217841,6439.26,0
3.12379,20.0744,-0.0669594,-4.08435,0.206971,6426.32,0
3.1303,20.1988,-0.310916,-4.32428,0.340123,6452.66,0
3.13681,20.4619,-0.0575047,-4.0777,0.627062,6523.16,0
3.14331,20.6859,0.465056,-4.10818,0.808992,6580.95,0
3.1498,20.5822,0.674287,-4.40097,0.606348,6534.43,0
3.15636,20.4884,0.957824,-4.54091,0.434047,6491.14,0
3.16283,20.4527,1.0181,-4.64149,0.356906,6466.57,0
3.16933,20.4446,0.63355,-4.8188,0.321592,6450.78,0
3.17583,20.4368,0.695564,-4.79453,0.294827,6435.08,0
3.18238,20.4604,0.593642,-4.65042,0.301082,6429.28,0
3.18887,20.5611,0.576465,-4.76955,0.380439,6447.78,0
3.19536,20.7303,0.539343,-4.84481,0.542828,6487.64,0
3.20187,20.9053,0.483298,-4.47346,0.698898,6529.09,0
3.2084,21.196,0.507453,-4.55586,0.959538,6606.42,0
3.2149,21.4623,0.201894,-4.4146,1.14248,6675.9,0
3.22137,21.7977,-0.204483,-4.53888,1.36805,6766.6,0
3.22789,21.7395,-0.359949,-4.83759,1.1201,6734.88,0
3.23444,21.5556,-0.0151268,-4.91955,0.762464,6664.4,0
3.24096,21.6448,-0.0286754,-4.8448,0.79658,6678.52,0
3.24749,22.0693,0.0122646,-4.79104,1.19876,6795.79,0
3.25402,22.343,0.252668,-4.76305,1.36438,6866.27,0
3.26055,22.6514,0.23289,-4.64648,1.50038,6947.13,0
3.267,22.7607,0.167308,-4.57993,1.42955,6966.84,0
3.27354,22.6633,0.247448,-4.65991,1.11234,6923.19,0
3.28002,22.7335,0.426356,-4.54382,1.05554,6930.91,0
3.28657,22.7332,0.590573,-4.87669,0.933563,6917.02,0
3.29306,22.6404,0.420624,-4.97476,0.720198,6875.17,0
3.29959,22.6969,0.490697,-4.72923,0.707013,6878.73,0
3.3061,22.6203,0.299805,-4.97792,0.564445,6841.99,0
3.31262,22.3421,-0.0150871,-4.67394,0.187375,6744.53,0
3.31915,22.3727,-0.0864947,-4.90791,0.219285,6740.48,0
3.32565,22.3079,0.0192119,-4.75898,0.128383,6707.83,0
3.33217,22.3299,-0.0823142,-4.71128,0.146401,6701.32,0
3.33869,22.277,-0.16723,-4.76905,0.0762107,6672.38,0
3.34518,22.4551,-0.12627,-4.82232,0.286757,6712.65,0
3.35169,22.4021,-0.146876,-4.70005,0.206681,6683.8,0
3.35819,22.5354,-0.271128,-4.55688,0.355325,6710.56,0
3.36464,22.4585,-0.365286,-4.42959,0.231927,6674.87,0
3.37116,22.5286,-0.571692,-4.38121,0.303265,6682.76,0
3.37767,22.5284,-0.837391,-4.38969,0.27913,6669.8,0
3.38419,22.5175,-0.948966,-4.47994,0.246138,6653.75,0
3.39067,22.5543,-1.00607,-4.57016,0.269878,6651.87,0
3.39714,22.5312,-1.26645,-4.4789,0.224414,6632.41,0
3.40368,22.7468,-1.4301,-4.63068,0.465572,6682.99,0
3.41019,22.9668,-1.36512,-4.33386,0.68558,6734.76,0
3.41671,22.6911,-1.54723,-4.20181,0.297693,6641.21,0
3.42318,22.7527,-1.36032,-4.06881,0.351971,6646.64,0
3.42969,22.9694,-1.69807,-3.8811,0.577318,6697.22,0
3.4362,23.0296,-1.41089,-3.89019,0.607186,6702.06,0
3.44268,22.971,-1.50675,-3.64897,0.464491,6672.4,0
3.44912,23.1479,-1.56634,-3.71131,0.631963,6711.25,0
3.45568,23.42,-1.62255,-3.75157,0.881009,6777.25,0
3.46218,23.5439,-1.32816,-3.69548,0.922825,6800.33,0
3.46869,23.7568,-1.47684,-3.90438,1.08638,6848.92,0
3.47518,23.427,-1.19067,-4.01658,0.573437,6741.22,0
3.48172,23.611,-1.06108,-4.21466,0.732352,6781.41,0
3.48826,23.4811,-1.05787,-4.43181,0.511436,6731.48,0
3.49475,23.6038,-1.20043,-4.47929,0.602703,6754.08,0
3.50128,23.5699,-1.12441,-4.26309,0.514232,6731.79,0
3.50776,23.1999,-1.04674,-4.38453,0.0344671,6613.9,0
3.51428,23.1997,-1.0551,-4.39726,0.0329554,6601.56,0
3.52078,23.264,-1.0281,-4.43776,0.108763,6607.64,0
3.5273,23.2239,-1.19531,-4.38948,0.0557905,6584.04,0
3.53386,23.3036,-1.1531,-4.18822,0.153418,6594.38,0
3.54039,23.3757,-1.19647,-4.3547,0.223484,6602.57,0
3.5469,23.2479,-1.42893,-4.24767,0.0468617,6554.41,0
3.5534,23.4517,-1.41631,-4.22614,0.288726,6599.79,0
3.5599,23.2391,-1.69008,-4.41412,0.0139545,6528.02,0
3.56641,23.2988,-1.76144,-4.41155,0.0860583,6532.83,0
3.57296,23.3155,-1.81371,-4.18653,0.0945347,6525.56,0
3.57949,23.3655,-1.85261,-4.22663,0.148294,6527.62,0
3.58602,23.6184,-1.98272,-4.20906,0.443502,6586.26,0
3.59256,23.9866,-1.76484,-4.36747,0.836346,6676.75,0
3.59909,23.8909,-1.95411,-4.30449,0.645537,6638.06,0
3.60565,23.7459,-1.92524,-4.10569,0.402404,6585.77,0
3.61219,23.5274,-1.88371,-4.39481,0.109533,6513.32,0
3.61869,23.6666,-1.92676,-4.27528,0.269658,6540.09,0
3.62519,23.6104,-1.96919,-4.17455,0.178829,6512.87,0
3.6317,23.6923,-1.98856,-4.2215,0.271806,6523.74,0
3.63822,23.6639,-1.84744,-4.01041,0.223079,6504.26,0
3.64466,23.6022,-1.9513,-4.08273,0.136464,6475.83,0
3.65116,23.605,-1.95499,-4.389,0.130999,6465.08,0
3.65767,23.6483,-1.9967,-4.50147,0.179059,6465.4,0
3.66414,23.5657,-2.08529,-4.3277,0.0641519,6431.44,0
3.67066,23.6264,-2.01726,-4.37109,0.13564,6436.57,0
3.67719,23.7304,-2.0387,-4.43692,0.249711,6453.42,0
3.68366,23.7678,-2.00676,-4.15079,0.280069,6452.2,0
3.69015,23.8669,-2.27816,-4.07577,0.381679,6467.73,0
3.69666,24.1644,-2.38876,-4.15358,0.702082,6536.81,0
3.70319,24.2863,-2.3641,-4.48282,0.780546,6558.21,0
3.70968,24.2846,-2.30315,-4.58867,0.705103,6546.28,0
3.71622,24.0032,-2.3073,-4.24188,0.311914,6459.06,0
3.72273,23.9404,-2.18004,-4.00017,0.217745,6430.88,0
3.72924,24.2382,-2.07136,-3.93217,0.565038,6499.51,0
3.73576,24.3289,-1.90111,-4.0891,0.614609,6512.44,0
3.74229,24.4545,-2.18167,-4.17087,0.701579,6534.63,0
3.74875,24.9722,-2.3834,-3.89139,1.20307,6661.47,0
3.75525,24.9238,-2.37694,-4.40149,1.00929,6637.06,0
3.76175,24.8254,-2.21603,-4.31454,0.778063,6599.42,0
3.76831,24.7832,-2.15999,-4.04218,0.643029,6576.74,0
3.77481,24.7058,-2.25963,-4.00343,0.503526,6544.91,0
3.78133,24.7086,-2.05079,-3.90165,0.459189,6534.35,0
3.78783,24.3845,-2.05333,-3.96703,0.0437374,6437.6,0
3.79437,24.4065,-1.98287,-4.00441,0.0681061,6432.28,0
3.80091,24.3855,-1.90197,-4.0858,0.0394371,6415.7,0
3.80747,24.4034,-2.13281,-4.08776,0.0597133,6409.37,0
3.81404,24.4774,-2.24957,-4.15962,0.148387,6417.73,0
3.82057,24.6027,-2.08041,-4.2145,0.286472,6439.54,0
3.82711,24.8905,-1.97129,-4.45725,0.60886,6503.73,0
3.83359,24.5581,-1.88224,-4.3896,0.159617,6406.02,0
3.84009,24.5079,-2.00319,-4.42662,0.0901631,6382.12,0
3.8466,24.4466,-1.88081,-4.36043,0.0115439,6355.38,0
3.8531,24.5715,-1.90314,-4.32866,0.1596,6377.07,0
3.8596,24.5292,-1.90871,-4.53403,0.104549,6355.37,0
3.86612,24.625,-2.07179,-4.42306,0.216723,6369.43,0
3.87265,24.6912,-1.81881,-4.45768,0.290423,6375.77,0
3.87919,24.9359,-2.21085,-4.23431,0.549313,6428.11,0
3.88568,25.1064,-1.97474,-4.06017,0.693325,6461.26,0
3.89219,25.3465,-2.08794,-4.06261,0.896567,6512.14,0
3.89871,25.4264,-2.05362,-3.98042,0.884592,6521.74,0
3.90522,25.3302,-2.11238,-3.71397,0.680448,6486.24,0
3.91173,25.5059,-1.87456,-3.77363,0.83568,6520.36,0
3.91822,25.5333,-1.97198,-3.99222,0.786508,6516.55,0
3.92473,25.5462,-1.90258,-3.93461,0.706104,6509.04,0
3.93125,25.7098,-1.76024,-3.54708,0.825896,6539.86,0
3.93779,25.5468,-1.67204,-3.29431,0.548018,6487.59,0
3.94431,25.6286,-1.67121,-3.29595,0.597656,6497.61,0
3.95081,25.7562,-1.66676,-3.10743,0.683509,6519.24,0
3.95732,25.5081,-2.0611,-3.17039,0.341834,6445.79,0
3.96382,25.5957,-1.98853,-3.11543,0.412666,6457.32,0
3.97033,25.6401,-1.91497,-3.54562,0.434489,6457.93,0
3.97681,25.7021,-1.62535,-3.37915,0.477287,6462.99,0
3.98336,25.7973,-1.35187,-3.01729,0.531534,6476.27,0
3.98987,25.5684,-1.3311,-3.249,0.209585,6408.35,0
3.9964,25.6046,-1.4274,-3.19921,0.247181,6406.93,0
4.00288,25.5476,-1.54048,-3.28595,0.16647,6382.31,0
4.00941,25.6219,-1.54977,-3.46115,0.245756,6390.44,0
4.01589,25.8757,-1.61523,-3.48038,0.537267,6443.33,0
4.02239,26.1165,-1.56229,-3.74696,0.762171,6492.79,0
4.02889,26.2203,-1.45436,-4.00661,0.79133,6508.08,0
4.03536,26.4447,-1.43987,-4.21313,0.972107,6553.25,0
4.04184,26.5914,-1.41877,-4.25279,1.03046,6579.04,0
4.04838,26.5476,-1.00348,-4.31027,0.852415,6557.6,0
4.05487,26.7831,-0.867447,-4.25652,1.01859,6605.17,0
4.06137,26.9115,-0.538389,-4.272,1.04378,6626.22,0
4.06788,26.9015,-0.603796,-4.14262,0.91192,6613.14,0
4.07441,27.1947,-0.653386,-4.11242,1.15492,6674.51,0
4.08091,27.0585,-0.404732,-3.85988,0.838297,6630.5,0
4.08737,27.1346,-0.42058,-3.63537,0.825427,6638.64,0
4.09392,27.3866,-0.146352,-3.9995,1.02956,6689.59,0
4.10045,27.3421,-0.009855,-4.13563,0.870956,6668.06,0
4.10697,27.344,0.148869,-4.11747,0.773818,6657.94,0
4.11347,27.2987,0.12535,-4.57521,0.652419,6636.42,0
4.11998,27.4885,0.167423,-4.60655,0.796962,6672,0
4.12646,27.0798,-0.0913163,-4.57619,0.247669,6562.49,0
4.13303,27.0512,0.00198889,-4.697,0.197648,6545.12,0
4.13949,27.1139,0.0825986,-4.71333,0.260143,6550.07,0
4.14602,27.1966,-0.0544661,-4.57382,0.33788,6559.68,0
4.15254,27.0806,0.24724,-4.48087,0.179637,6521.44,0
4.15907,27.0417,0.255591,-4.3208,0.119248,6501.86,0
4.16556,26.9907,0.185917,-4.52131,0.0534588,6479.49,0
4.17204,27.3236,0.0897593,-4.55551,0.456349,6549.21,0
4.17853,27.2079,0.107666,-4.93379,0.274027,6511.35,0
4.18504,27.0908,0.0684087,-5.04068,0.12264,6473.24,0
4.19154,27.3706,0.1218,-5.09757,0.455376,6529.95,0
4.19802,27.3575,0.0883537,-5.1741,0.388578,6516.76,0
4.20452,27.1416,0.226541,-5.12058,0.101635,6455.34,0
4.21102,27.6611,0.526211,-5.05716,0.714624,6568.74,0
4.21754,27.6781,0.707019,-5.18719,0.668743,6562.61,0
4.22402,27.6636,0.785285,-5.02839,0.586353,6549.12,0
4.23057,27.6601,0.715143,-5.23883,0.531298,6538.16,0
4.23708,27.5674,0.75405,-5.06834,0.379681,6506.22,0
4.24357,27.566,0.8147,-4.95136,0.347909,6495.95,0
4.24999,27.4108,0.941194,-4.96745,0.131252,6449.62,0
4.25649,27.3774,1.23011,-4.86942,0.0814741,6431.92,0
4.263,27.6336,1.42821,-4.85434,0.37475,6482.19,0
4.26952,27.6725,1.56607,-4.56451,0.401716,6481.4,0
4.27607,27.6031,1.58976,-4.50669,0.281348,6455.25,0
4.28251,27.4872,1.63614,-4.44995,0.131003,6418.48,0
4.28901,27.6638,1.7566,-4.35589,0.337043,6449.93,0
4.29551,27.7675,1.76936,-4.21904,0.439828,6464.3,0
4.30204,27.8179,1.49354,-4.26132,0.458642,6466.22,0
4.30855,27.5757,1.3796,-4.14584,0.137883,6400.23,0
4.31501,27.8499,1.57566,-3.99818,0.460332,6454.19,0
4.32152,27.794,1.79314,-4.06756,0.347747,6431.54,0
4.32802,27.8322,1.6877,-4.04809,0.368895,6430.69,0
4.33454,28.0018,1.43175,-4.01155,0.545036,6460.15,0
4.34111,28.1002,1.13507,-3.97459,0.622168,6473.05,0
4.34763,28.269,1.26005,-3.93985,0.770624,6502.17,0
4.35416,28.2856,1.02022,-3.8679,0.721466,6496.21,0
4.36068,28.0808,0.938668,-3.99714,0.389194,6439.56,0
4.3672,27.9605,1.20299,-3.91004,0.222866,6402.39,0
4.3737,28.0622,1.33589,-4.22216,0.333794,6416.13,0
4.38021,28.1118,1.40568,-4.03849,0.367736,6417.9,0
4.38675,28.0676,1.36006,-4.18586,0.294527,6398.27,0
4.39328,27.9754,1.1905,-4.35907,0.164534,6367.77,0
4.39978,27.9196,1.02068,-4.41613,0.0909836,6345.68,0
4.40635,28.0184,0.950276,-4.30502,0.20903,6358.63,0
4.41286,27.9221,1.01945,-4.43831,0.0847052,6327.44,0
4.41936,27.8957,0.969637,-4.48396,0.0486695,6312.15,0
4.42587,27.9981,1.05182,-4.33842,0.168456,6326.01,0
4.43236,28.0814,1.17995,-4.4953,0.264165,6335.54,0
4.43885,28.2973,0.96988,-4.46071,0.500656,6374.91,0
4.44536,28.3634,1.18425,-4.27914,0.536161,6380.44,0
4.45185,28.5263,1.0559,-3.99732,0.669678,6407.74,0
4.45836,28.5112,0.614494,-4.19884,0.596681,6395,0
4.46489,28.7437,0.696458,-4.19117,0.806302,6437.71,0
4.4714,28.7524,0.798864,-4.14405,0.718609,6430.29,0
4.47791,28.8105,0.808428,-4.81279,0.711128,6433.92,0
4.48442,28.7487,0.633592,-5.00454,0.591948,6410.78,0
4.49092,28.641,0.713504,-4.98163,0.40957,6377.54,0
4.49744,28.6682,0.703977,-4.6163,0.405952,6374.34,0
4.50394,28.5611,0.780146,-4.78707,0.242373,6341.37,0
4.51042,28.4693,0.56612,-4.65545,0.116058,6311.9,0
4.51696,28.5968,0.608325,-4.84221,0.26546,6330.99,0
4.52347,28.4648,0.903878,-4.99685,0.0890213,6292.69,0
4.53001,28.4759,1.08454,-4.86599,0.0974193,6286.04,0
4.53649,28.713,1.23649,-4.63331,0.376536,6329.35,0
4.543,28.5857,1.23134,-4.54831,0.198722,6292.25,0
4.5495,28.5279,1.04349,-4.49346,0.118805,6270.55,0
4.55596,28.6714,1.31883,-4.3361,0.289251,6293.16,0
4.56244,28.7445,1.3169,-4.19205,0.360486,6300.25,0
4.5689,28.6983,1.401,-4.30702,0.281582,6281.22,0
4.57543,28.5829,1.30722,-4.26481,0.128316,6247.03,0
4.58188,28.7857,1.13277,-4.04971,0.36301,6282.51,0
4.58839,28.9169,1.02855,-4.10964,0.493165,6302.18,0
4.59492,29.0049,0.961133,-4.09967,0.561167,6312.38,0
4.60141,29.1171,1.18959,-4.06626,0.639054,6327.87,0
4.60793,29.233,1.07937,-3.95521,0.713214,6344.06,0
4.61443,29.5359,1.19731,-3.8759,0.990248,6400.76,0
4.62095,29.2336,1.17256,-3.87269,0.530118,6326.33,0
4.62747,29.2433,0.926145,-3.56828,0.490708,6319.49,0
4.63398,29.1325,1.00564,-3.81966,0.332791,6286.73,0
4.64049,29.0874,0.962896,-3.47352,0.25184,6268.18,0
4.64702,28.9293,0.965342,-3.46674,0.0459775,6225.35,0
4.65351,29.3153,0.980401,-3.54338,0.493288,6299.6,0
4.66001,29.1033,0.977864,-3.70498,0.211114,6245.34,0
4.66647,29.0955,0.724064,-3.94808,0.190892,6235,0
4.673,29.1365,0.717555,-3.97744,0.226259,6235.07,0
4.67957,29.0723,0.685963,-3.84516,0.139653,6212.59,0
4.68611,29.2006,0.538142,-3.65644,0.289783,6231.31,0
4.69265,29.5734,0.553023,-3.7046,0.704994,6302.07,0
4.69914,29.6727,0.453851,-3.91064,0.77,6314.5,0
4.70571,29.423,0.418127,-4.00362,0.397345,6252.61,0
4.71226,29.2946,0.629702,-4.04454,0.215815,6216.68,0
4.71874,29.311,0.401716,-4.30339,0.224886,6211.63,0
4.72525,29.5014,0.573753,-4.11277,0.433122,6243.35,0
4.73178,29.3443,0.609125,-4.48188,0.203239,6201.53,0
4.73832,29.3524,0.579784,-4.48857,0.204789,6194.7,0
4.74489,29.5969,0.400263,-4.5113,0.481677,6237.65,0
4.7514,29.5279,0.417499,-4.27384,0.369046,6214.58,0
4.75794,29.5379,0.543939,-4.35118,0.358344,6208.12,0
4.7645,29.7333,0.520173,-4.27497,0.559336,6240.6,0
4.77102,29.8282,0.63395,-4.43697,0.6139,6251.96,0
4.77755,30.0822,0.419158,-4.06697,0.861154,6296.56,0
4.78406,30.3567,0.336368,-3.76555,1.08439,6345.38,0
4.79055,30.352,0.18648,-3.71232,0.943659,6335.79,0
4.79704,30.5514,0.251125,-3.71941,1.05606,6368.79,0
4.80354,30.7018,0.0486937,-3.80605,1.09838,6391.48,0
4.81006,30.6218,0.163896,-3.84479,0.853667,6366.19,0
4.81658,30.4883,-0.121628,-3.71267,0.602332,6329.87,0
4.82314,30.6667,-0.0375143,-3.77589,0.764194,6358.24,0
4.82966,30.7906,-0.208198,-3.82624,0.822621,6375.32,0
4.83616,30.71,-0.740551,-4.03972,0.627618,6350.08,0
4.84265,30.5598,-0.690809,-4.00809,0.399731,6310.56,0
4.84915,30.5786,-0.755154,-3.92293,0.364648,6305.97,0
4.85566,30.6829,-0.859358,-3.71317,0.458482,6318.99,0
4.8622,31.1363,-0.741282,-4.05089,0.948912,6403.75,0
4.86869,31.1049,-0.827651,-3.63433,0.813519,6388.75,0
4.8752,31.1034,-0.924379,-3.5851,0.725017,6379.93,0
4.88171,31.208,-1.12998,-3.70784,0.775199,6392.83,0
4.88827,31.2725,-1.07396,-3.78687,0.755253,6397.47,0
4.8948,31.3482,-0.916693,-3.83194,0.752877,6404.39,0
4.90131,31.4439,-0.96174,-3.66601,0.791105,6415.41,0
4.90782,31.2858,-1.1553,-3.49516,0.528986,6374.68,0
4.91429,31.196,-1.16307,-3.68719,0.378462,6348.02,0
4.92078,31.2011,-1.41301,-3.50862,0.346938,6340.68,0
4.9273,31.3304,-0.955648,-3.53638,0.467762,6358.53,0
4.93379,31.4697,-1.20599,-3.61085,0.584871,6378.4,0
4.94035,31.4608,-1.40718,-3.60157,0.520334,6368.13,0
4.94686,31.5309,-1.53587,-3.32139,0.571002,6373.93,0
4.95332,31.6221,-1.62899,-3.12944,0.624845,6384.01,0
4.95984,31.5018,-1.82221,-2.82806,0.431217,6351.37,0
4.96634,31.6444,-1.58356,-2.63395,0.568167,6371.77,0
4.97283,31.9082,-1.40019,-2.56399,0.837945,6416.52,0
4.97937,31.912,-1.49207,-2.4402,0.758326,6408.84,0
4.98588,31.9497,-1.54152,-2.44032,0.730039,6408.03,0
4.99244,31.7623,-1.28641,-2.71897,0.440077,6362.07,0
4.99894,31.6231,-1.1758,-3.0168,0.240174,6325.96,0
5.00543,31.842,-1.00941,-3.09778,0.471803,6361.49,0
5.01192,31.6497,-0.886573,-3.06523,0.21103,6314.89,0
5.01839,31.6114,-0.857054,-3.22761,0.152032,6299.11,0
5.0249,31.6223,-0.907833,-3.11973,0.159776,6293.13,0
5.0314,31.5364,-1.10176,-3.05341,0.0464619,6267.91,0
5.03797,31.6613,-1.1985,-3.13324,0.192244,6284.54,0
5.04446,31.8185,-1.08203,-3.12827,0.375143,6307.62,0
5.05094,31.8825,-1.1478,-3.05834,0.42514,6312.19,0
5.05746,31.6705,-1.4146,-2.97465,0.145217,6262.13,0
5.06395,31.5742,-1.47062,-2.99519,0.0228532,6235.08,0
5.07049,31.5702,-1.34719,-2.86674,0.0165791,6226.27,0
5.07705,31.8052,-1.23758,-2.89664,0.301603,6264.5,0
5.08357,31.7996,-1.54723,-2.86413,0.271882,6255.36,0
5.09006,31.7414,-1.60749,-2.65215,0.1827,6235.96,0
5.09658,31.7178,-1.87265,-2.59701,0.136731,6223.35,0
5.10306,31.8764,-1.66857,-2.70615,0.316603,6246.52,0
5.10956,32.0826,-1.73364,-2.59433,0.518504,6278.94,0
5.11608,32.8053,-2.0865,-2.65594,1.29892,6412.2,0
5.12261,32.7239,-2.24931,-2.69256,1.0357,6388.13,0
5.12914,32.8824,-2.3128,-2.56578,1.09404,6410.9,0
5.13563,33.1971,-2.08559,-2.74931,1.31049,6464.07,0
5.14216,32.8984,-1.98597,-2.73756,0.820746,6397.77,0
5.14863,32.8298,-1.94492,-2.83051,0.654009,6376.42,0
5.15516,32.6394,-1.77677,-2.67861,0.371982,6331.41,0
5.1617,32.7063,-1.84089,-2.60956,0.42635,6336.36,0
5.16819,32.9287,-1.72803,-2.75725,0.647699,6371.41,0
5.1747,33.1648,-1.60841,-2.65835,0.864958,6409.02,0
5.18122,33.1244,-1.38297,-2.62485,0.727202,6393.16,0
5.18776,33.1149,-1.18427,-2.58579,0.648645,6383.27,0
5.19426,33.0017,-1.13003,-2.47533,0.442425,6353.48,0
5.20074,33.1154,-0.784236,-2.33139,0.543203,6367.44,0
5.20725,33.3441,-0.834264,-2.72998,0.753824,6403.39,0
5.21377,33.7529,-0.962529,-2.54411,1.14149,6473.8,0
5.22029,33.6811,-0.824984,-2.59708,0.914701,6451.97,0
5.2268,33.9696,-0.484585,-2.84904,1.15045,6499.12,0
5.23331,33.9372,-0.501178,-2.61606,0.971072,6484.85,0
5.23973,34.1451,-0.606841,-2.51925,1.07997,6516.58,0
5.24623,34.0863,-0.584557,-2.14267,0.894581,6497.3,0
5.25277,33.9787,-0.571679,-2.18846,0.68493,6468.71,0
5.25931,33.8041,-0.417271,-2.37714,0.417749,6427.48,0
5.26577,34.0624,-0.253125,-2.25623,0.688588,6468.66,0
5.27223,33.9616,-0.330926,-2.14095,0.500405,6441.59,0
5.27875,33.8689,-0.291117,-2.37176,0.332568,6416.07,0
5.28528,34.036,-0.250783,-2.4347,0.516247,6439.76,0
5.29178,33.8997,-0.180012,-2.45651,0.319946,6406.11,0
5.29829,34.4569,-0.11576,-2.26574,0.941239,6503.4,0
5.30479,34.8015,-0.40652,-2.08095,1.21938,6560.39,0
5.31128,34.7782,-0.473875,-1.94914,1.02238,6547.99,0
5.31778,34.841,-0.787011,-1.96329,0.965581,6551.8,0
5.32431,34.6193,-1.12744,-1.80479,0.617328,6502.12,0
5.33083,34.4494,-1.10457,-1.69892,0.362957,6462.29,0
5.33731,34.4252,-1.28315,-1.61614,0.302257,6449.91,0
5.34381,34.4471,-1.43348,-1.62585,0.312892,6446.17,0
5.35031,34.7337,-1.54991,-1.63692,0.626976,6491.91,0
5.35681,34.4503,-1.48976,-1.71293,0.242698,6431.12,0
5.36332,34.3354,-1.47039,-1.84091,0.0921614,6401.89,0
5.36982,34.4275,-1.24998,-1.83596,0.201473,6411.3,0
5.37631,34.3918,-1.19839,-2.0724,0.14353,6396.91,0
5.38279,34.6957,-1.42938,-2.06358,0.500983,6445.68,0
5.38936,34.5235,-1.34965,-2.10967,0.255757,6405.86,0
5.39589,34.3815,-1.1789,-2.16691,0.0654319,6371.79,0
5.40244,34.4282,-1.12817,-2.22653,0.121672,6372.71,0
5.40891,34.5282,-1.26191,-2.53106,0.233703,6383.58,0
5.4154,34.5922,-1.26743,-2.44049,0.294476,6387.76,0
5.42194,34.6256,-1.01278,-2.47493,0.324603,6386.2,0
5.42843,34.5191,-0.935778,-2.4658,0.179297,6358.94,0
5.43497,34.4793,-0.958856,-2.47665,0.123292,6343.98,0
5.44146,34.7094,-1.18143,-2.40266,0.387449,6378.69,0
5.44796,34.6615,-1.32756,-2.43866,0.297627,6362.29,0
5.45447,34.8054,-1.47087,-2.54261,0.438037,6381.07,0
5.46095,34.9958,-1.41489,-2.54184,0.627653,6408.38,0
5.46743,35.124,-1.28562,-2.76307,0.725807,6424.24,0
5.47396,34.9311,-1.02096,-2.83292,0.429189,6381.31,0
5.4805,35.1273,-0.92539,-2.97494,0.631066,6409.51,0
5.48706,35.1625,-0.802451,-2.59114,0.61666,6408.26,0
5.49354,34.8598,-0.575928,-2.66745,0.200597,6345.6,0
5.50005,34.778,-0.553111,-2.71543,0.0903469,6323.23,0
5.50657,34.8501,-0.408926,-2.70095,0.171221,6328.82,0
5.51305,34.7962,-0.53055,-2.72843,0.0998282,6311.62,0
5.51955,34.7891,-0.661831,-2.67767,0.0867084,6302.89,0
5.52606,34.7821,-0.475051,-2.79409,0.0747124,6294.2,0
5.53254,35.1386,-0.603752,-2.74043,0.499803,6351.27,0
5.53903,34.9918,-0.566597,-2.92234,0.292686,6317.3,0
5.54553,34.9859,-0.64198,-3.09932,0.261877,6308.86,0
5.55203,35.1174,-0.583215,-3.26986,0.402159,6325.15,0
5.55852,35.1011,-0.659184,-3.40611,0.366323,6314.83,0
5.56502,35.6182,-0.496549,-3.54437,0.958177,6400.38,0
5.57148,35.5953,-0.389795,-3.17466,0.819673,6388.84,0
5.57798,35.7306,-0.475101,-3.40667,0.882521,6405.65,0
5.58451,35.8243,-0.677544,-3.48991,0.882155,6414.94,0
5.591,35.7652,-0.82402,-3.55364,0.700834,6396.92,0
5.59751,36.0439,-0.763694,-3.43212,0.947776,6439.26,0
5.604,35.929,-0.385783,-3.0627,0.727524,6411.32,0
5.61052,35.8277,-0.259458,-3.08488,0.537392,6385.81,0
5.61704,35.5912,-0.21343,-2.91594,0.208553,6336.29,0
5.62356,35.838,-0.246284,-3.17013,0.48487,6372.83,0
5.63007,35.6409,-0.0867109,-2.86195,0.208956,6330.45,0
5.63656,35.6541,-0.0263365,-2.68047,0.213702,6325.51,0
5.64303,35.6952,-0.151189,-2.47515,0.250274,6325.54,0
5.64955,36.0285,-0.00429355,-2.66246,0.633619,6377.23,0
5.65603,35.8264,-0.336365,-2.85552,0.341491,6334.2,0
5.6625,35.6261,-0.50126,-2.98208,0.077986,6291.58,0
5.66902,35.5816,-0.427529,-3.09029,0.0207574,6276.5,0
5.67554,35.9451,-0.35341,-3.07293,0.462063,6333.33,0
5.68203,36.0715,-0.193348,-3.16477,0.577114,6348.34,0
5.68853,36.3004,-0.524436,-3.11684,0.796169,6381.33,0
5.69506,36.307,-0.491233,-3.30958,0.714939,6375.18,0
5.70157,36.5196,-0.560988,-3.19096,0.889517,6405.18,0
5.70809,36.7997,-0.667639,-3.51226,1.10262,6446.94,0
5.71463,36.9005,-0.793832,-3.72318,1.09778,6457.2,0
5.72113,36.9271,-0.95148,-3.82844,0.973299,6454.51,0
5.72765,37.1191,-0.817674,-3.69059,1.06996,6480.69,0
5.73416,37.2258,-0.869036,-3.81417,1.06049,6491.95,0
5.74066,37.2226,-1.29076,-3.78099,0.91004,6484.03,0
5.74712,37.3407,-1.56814,-3.91515,0.943916,6497.28,0
5.75363,37.5793,-1.54846,-3.9474,1.10743,6531.41,0
5.76014,37.7036,-1.5481,-3.82338,1.11975,6545.6,0
5.76666,37.9024,-1.50308,-3.78526,1.21799,6572.68,0
5.77319,37.7925,-1.53602,-3.73189,0.917395,6546.22,0
5.77969,37.7334,-1.46093,-3.48459,0.750814,6528.61,0
5.7862,37.7126,-1.84565,-3.61564,0.642144,6517.68,0
5.79269,37.8093,-1.77311,-3.71567,0.687746,6527.07,0
5.79919,38.1773,-1.38607,-3.49613,1.03428,6583.22,0
5.80572,38.2755,-1.95158,-3.37946,1.01838,6592.71,0
5.81219,38.1466,-2.51872,-3.49329,0.752494,6563.21,0
5.81872,38.3875,-2.36274,-3.27708,0.954823,6597.25,0
5.82522,38.3789,-2.44133,-2.97748,0.831454,6588.4,0
5.83178,38.3992,-2.46045,-2.83013,0.746718,6584.47,0
5.83826,38.186,-2.47103,-2.88396,0.424874,6540.64,0
5.84478,38.2057,-2.37547,-2.86499,0.412628,6536.72,0
5.85129,38.2936,-2.01386,-3.14794,0.485822,6544.48,0
5.85778,38.349,-2.22422,-3.11151,0.525088,6546.69,0
5.8643,38.4739,-2.04926,-2.74828,0.615361,6560.7,0
5.87083,38.356,-2.17273,-3.28964,0.423976,6533.32,0
5.87731,38.2456,-2.01705,-3.0689,0.26154,6507.33,0
5.88383,38.2853,-1.95626,-2.78543,0.287919,6506.85,0
5.89037,38.0932,-1.80796,-2.84175,0.0397821,6467.03,0
5.89686,38.069,-1.84414,-2.89222,0.00883205,6455.81,0
5.90333,38.2129,-1.68398,-3.11464,0.178846,6473.11,0
5.90985,38.2203,-1.6139,-3.02316,0.182118,6467.21,0
5.91641,38.2057,-1.54793,-2.89975,0.159384,6457.58,0
5.92292,38.3703,-1.59788,-2.84512,0.34028,6478.28,0
5.92945,38.8778,-1.65766,-2.73882,0.909949,6556.73,0
5.93595,39.145,-1.62908,-2.31959,1.11934,6594.57,0
5.94249,39.2132,-1.76735,-2.05987,1.05271,6598.78,0
5.94897,39.2465,-1.96943,-2.15084,0.935504,6597.19,0
5.95548,39.3379,-1.8996,-2.41,0.932908,6605.33,0
5.96197,39.2739,-1.80823,-2.28392,0.743412,6587.4,0
5.96849,39.5832,-1.72806,-2.01084,1.02696,6632.03,0
5.97499,39.6239,-1.62989,-2.2626,0.9868,6631.63,0
5.98153,39.8308,-2.0052,-2.24958,1.11091,6658.96,0
5.98801,39.8501,-1.73546,-2.13121,1.01395,6654.97,0
5.99451,39.7285,-1.59211,-1.88286,0.757592,6627.47,0
6.001,39.8682,-1.31927,-1.73097,0.835509,6643.59,0
6.00754,39.5703,-1.33902,-1.53783,0.408177,6586.77,0
6.01401,39.4376,-1.2773,-1.53503,0.218561,6557.62,0
6.02053,39.6872,-1.38747,-1.64275,0.498947,6591.98,0
6.02705,39.6091,-1.59227,-1.63902,0.36809,6571.88,0
6.03356,39.711,-1.72255,-1.77997,0.449409,6581.68,0
6.04002,39.6832,-1.79814,-1.84121,0.379765,6570.04,0
6.04649,39.836,-1.78642,-1.91202,0.528248,6588.29,0
6.05296,39.9696,-1.75779,-1.64775,0.641739,6603.3,0
6.05944,39.6389,-1.53051,-1.76914,0.204083,6541.68,0
6.06592,39.7321,-1.47924,-1.79755,0.305517,6550.04,0
6.07242,39.7878,-1.30195,-1.60332,0.347101,6552.21,0
6.07888,40.0457,-1.42362,-1.49792,0.620508,6587.67,0
6.08535,40.1232,-1.29818,-1.23536,0.659782,6593.41,0
6.09186,40.0809,-1.53326,-1.48357,0.527178,6579.41,0
6.09837,40.0205,-1.19189,-1.49943,0.414811,6562.5,0
6.10486,39.7463,-1.41761,-1.40327,0.0572282,6510.6,0
6.11135,39.83,-1.34279,-1.53629,0.158628,6517.38,0
6.11788,39.9271,-1.30357,-1.36544,0.26232,6526.3,0
6.1244,40.3099,-1.45148,-1.3468,0.683084,6581.86,0
6.13089,40.1368,-1.28874,-1.28121,0.406729,6546.65,0
6.13741,40.0503,-1.09286,-1.07966,0.272505,6525.6,0
6.14395,39.9712,-1.13481,-1.12157,0.160805,6505.78,0
6.15052,40.0755,-1.09545,-1.04356,0.278734,6515.79,0
6.15698,40.5609,-1.24759,-1.13406,0.830837,6587.78,0
6.16352,40.9279,-1.35017,-1.21019,1.15511,6640.35,0
6.17002,40.7497,-1.56948,-1.10178,0.827139,6604.48,0
6.17653,40.6068,-1.1195,-0.983347,0.584604,6574.37,0
6.18306,40.6816,-1.44387,-1.04211,0.62108,6579.53,0
6.18956,40.5606,-1.51028,-1.05303,0.425842,6553.08,0
6.1961,40.6903,-1.54426,-1.18587,0.550733,6567.09,0
6.20261,40.9451,-1.7774,-1.02067,0.794825,6601.26,0
6.20917,41.0317,-1.85999,-1.18698,0.79961,6608.25,0
6.21567,41.3111,-1.80248,-1.28823,1.03163,6646.29,0
6.22215,41.6302,-1.75535,-1.06813,1.28238,6690.65,0
6.22867,41.6621,-1.59445,-1.77259,1.17083,6688.77,0
6.23517,41.7583,-1.82712,-1.79014,1.13276,6697.22,0
6.24163,41.8458,-1.91955,-1.44037,1.09479,6704.3,0
6.24811,41.7315,-2.02861,-1.20371,0.841155,6679.07,0
6.25463,41.516,-1.81214,-1.16075,0.501388,6637.65,0
6.26115,41.498,-1.82783,-1.08579,0.440989,6627.86,0
6.26766,41.6363,-1.79264,-1.06065,0.580095,6643.04,0
6.27416,41.7251,-1.58779,-0.885944,0.634089,6650.31,0
6.2807,41.8204,-1.23355,-1.06201,0.695443,6658.55,0
6.28719,41.9964,-1.30169,-1.08194,0.825146,6679.68,0
6.29371,41.8806,-1.48196,-1.26975,0.593245,6654.36,0
6.3002,41.6592,-1.48603,-1.45468,0.288355,6612.35,0
6.30675,41.542,-1.59167,-1.47774,0.133486,6586.9,0
6.31326,41.7068,-1.8609,-1.45655,0.325739,6606.23,0
6.31971,41.9084,-1.8234,-1.62349,0.524625,6631.38,0
6.32622,41.825,-1.75134,-1.66591,0.385825,6611.38,0
6.33273,41.9371,-2.0976,-1.51233,0.486804,6622.28,0
6.33922,42.0586,-2.25055,-1.21681,0.576201,6634.66,0
6.34573,42.1179,-2.23662,-1.03281,0.60173,6637.2,0
6.35222,42.1773,-2.32521,-0.828371,0.603327,6639.78,0
6.35872,42.3107,-2.37765,-0.870259,0.69454,6653.95,0
6.36529,42.5378,-2.63961,-1.14796,0.8927,6682.78,0
6.37183,42.462,-2.46202,-1.42651,0.703117,6664.03,0
6.37836,42.5951,-2.38721,-1.12233,0.779623,6678.06,0
6.38483,42.7368,-2.6207,-1.07896,0.867137,6693.5,0
6.39139,42.4931,-2.52575,-0.980964,0.498196,6648.49,0
6.39791,42.3796,-2.45785,-1.1092,0.329905,6623.96,0
6.40442,42.4289,-2.18383,-1.02625,0.365196,6624.94,0
6.41094,42.7053,-1.95389,-0.73545,0.660103,6661.33,0
6.41741,42.5108,-1.92811,-0.943454,0.345465,6624.29,0
6.42391,42.3524,-1.88521,-0.8902,0.13639,6592.93,0
6.43042,42.325,-1.79115,-0.931914,0.0982088,6582.01,0
6.43691,42.4021,-2.01632,-0.673797,0.182897,6587.35,0
6.44341,42.7791,-2.15779,-0.772417,0.618765,6639.21,0
6.44988,42.5994,-2.39804,-0.816362,0.359561,6604.68,0
6.45642,42.7627,-2.08527,-0.842199,0.528712,6623.29,0
6.4629,42.6576,-2.55494,-0.558271,0.35421,6600.38,0
6.46943,42.4865,-2.53699,-0.401784,0.125909,6567.26,0
6.4759,42.4957,-2.59803,-0.175958,0.130918,6562.13,0
6.48241,42.6197,-2.8377,0.117463,0.274935,6574.67,0
6.48892,42.7918,-2.65016,0.113746,0.46668,6594.6,0
6.49544,42.6652,-2.5595,0.138159,0.283505,6568.48,0
6.50197,42.6305,-2.54815,0.020405,0.224102,6556.56,0
6.50846,42.5717,-2.24771,0.154611,0.140796,6540.98,0
6.51492,42.609,-2.33278,0.124647,0.180253,6540.22,0
6.5214,42.5498,-2.34754,-0.135111,0.0974633,6524.65,0
6.52795,42.686,-2.39846,0.0992844,0.252193,6538.95,0
6.53451,42.6903,-2.41041,0.151626,0.242498,6533.06,0
6.54098,42.9396,-2.42151,-0.159774,0.532853,6564.71,0
6.54746,43.2223,-2.5041,-0.36706,0.806955,6601.38,0
6.55396,43.0541,-2.33805,-0.366336,0.530596,6569.18,0
6.56044,43.1483,-2.20687,-0.462153,0.594686,6577.05,0
6.56693,43.0037,-2.23871,-0.588089,0.376637,6548.52,0
6.57345,43.2269,-2.05438,-0.724428,0.620055,6575.99,0
6.57999,43.1021,-2.29052,-0.769505,0.415636,6550.49,0
6.58648,43.1165,-2.01496,-0.867898,0.396703,6546.21,0
6.59295,42.9779,-1.96121,-0.780628,0.205983,6518.77,0
6.59948,42.9413,-1.91794,-0.838067,0.150908,6506.77,0
6.60599,42.9967,-1.8874,-0.786289,0.20953,6508.74,0
6.61248,42.9254,-1.96374,-0.766659,0.111616,6491.57,0
6.61901,43.097,-1.98673,-0.670272,0.314396,6511.09,0
6.62558,43.2338,-2.06093,-0.474275,0.45223,6525.28,0
6.63211,43.0949,-1.91505,-0.613505,0.244332,6497.91,0
6.63863,43.2129,-1.71242,-0.566241,0.366652,6509.31,0
6.64509,43.1992,-1.60402,-0.729841,0.33005,6500.92,0
6.65161,43.045,-1.4893,-0.600923,0.126672,6471.37,0
6.65813,43.0023,-1.69901,-0.451974,0.0683155,6458.61,0
6.66468,43.0953,-1.92314,-0.448231,0.17748,6466.23,0
6.6712,43.0668,-1.82106,-0.458175,0.126945,6455.64,0
6.67774,43.1328,-1.68814,-0.557613,0.194603,6459.19,0
6.68422,43.3587,-1.63415,-0.827138,0.452349,6486.73,0
6.69076,43.3773,-1.33131,-0.848541,0.445313,6483.17,0
6.69722,43.211,-1.64778,-0.730865,0.215529,6452.09,0
6.70373,43.1607,-1.72,-0.94563,0.144095,6438.31,0
6.71026,43.4261,-1.46787,-0.883525,0.457241,6471.6,0
6.71679,43.4535,-1.4792,-1.01731,0.456754,6469.38,0
6.7233,43.5193,-1.50902,-1.31855,0.48361,6472.91,0
6.72979,43.761,-1.49064,-1.17467,0.714381,6502.57,0
6.7363,43.7001,-1.37521,-1.18621,0.586687,6487.25,0
6.74278,43.7582,-1.51335,-1.10282,0.59253,6489.63,0
6.74929,43.5369,-1.46964,-1.26272,0.271211,6450.6,0
6.75582,43.6203,-1.75812,-0.870775,0.339597,6456.71,0
6.76234,43.8238,-1.62967,-1.07821,0.545268,6480.57,0
6.76885,43.7189,-1.57762,-0.960067,0.365863,6458.84,0
6.77533,43.7446,-1.7651,-1.30303,0.379322,6456.46,0
6.78187,43.8578,-1.86436,-1.40297,0.484064,6466.92,0
6.78839,43.857,-2.0879,-1.48936,0.448157,6460.58,0
6.79488,44.0319,-2.36923,-1.55196,0.609122,6480.17,0
6.80138,44.0776,-2.44573,-1.67197,0.582923,6480.68,0
6.8079,43.7965,-2.59559,-1.71882,0.202919,6433.19,0
6.8144,43.8734,-2.44767,-1.44734,0.285986,6438.33,0
6.82091,43.9251,-2.17946,-1.64023,0.32447,6439.76,0
6.82742,44.098,-2.09178,-1.5809,0.502961,6458.96,0
6.83391,44.0562,-2.21105,-1.58922,0.419825,6446.71,0
6.84039,44.0167,-2.19338,-1.33158,0.340031,6434.82,0
6.84689,44.0994,-2.10652,-1.26617,0.411803,6440.79,0
6.85338,44.2135,-2.19097,-1.54404,0.517989,6451.34,0
6.85987,44.2842,-2.00227,-1.32968,0.549396,6455.54,0
6.86638,44.4488,-1.99816,-1.17192,0.686127,6473.41,0
6.8729,44.5544,-2.37044,-1.28489,0.743948,6482.62,0
6.87937,44.6468,-2.34049,-0.973703,0.766468,6489.96,0
6.88586,44.3725,-2.20072,-1.07641,0.383582,6444.01,0
6.89235,44.6136,-2.38398,-0.660435,0.627568,6472.91,0
6.89884,44.5523,-2.14104,-0.990783,0.49643,6457.94,0
6.90532,44.4861,-2.14823,-0.789484,0.375494,6442.29,0
6.91186,44.4555,-1.97274,-1.11188,0.313324,6431.77,0
6.91834,44.6441,-2.03554,-0.954601,0.517222,6453.01,0
6.92484,44.5777,-2.54422,-0.695561,0.391134,6437.36,0
6.93132,44.7716,-2.77067,-0.58815,0.594037,6459.31,0
6.93778,44.8848,-2.75019,-0.482272,0.660546,6469.63,0
6.9443,44.4809,-2.91551,-0.464093,0.125817,6405.39,0
6.95082,44.5906,-2.82774,-0.435402,0.243322,6415.15,0
6.95733,44.516,-2.73073,-0.494344,0.138238,6398.43,0
6.96387,44.6457,-2.64348,-0.438686,0.2938,6411.05,0
6.97038,44.6805,-2.82113,-0.393198,0.322833,6410.05,0
6.97691,44.6354,-2.55752,-0.481942,0.248548,6397.59,0
6.98345,44.7485,-2.53719,-0.418721,0.364522,6407.79,0
6.98995,44.6886,-2.39697,-0.169048,0.264775,6393.27,0
6.99649,44.8879,-2.27075,-0.0367062,0.484907,6415.78,0
7.003,44.9811,-2.37476,0.302187,0.549112,6423.12,0
7.0095,45.6434,-2.59932,0.180275,1.2634,6511.66,0
7.01599,45.7964,-2.79434,0.286686,1.27103,6527.44,0
7.02244,45.8972,-2.92668,-0.00513615,1.22099,6535.79,0
7.02897,46.0407,-2.09579,0.0495835,1.25673,6550.14,0
7.03548,45.8709,-1.95609,0.0250197,0.908213,6519.93,0
7.04195,46.1008,-2.03361,0.174479,1.087,6546.6,0
7.04848,46.0941,-2.11226,0.365047,0.951465,6539.58,0
7.05499,45.9524,-2.17952,0.56006,0.674114,6513.46,0
7.06151,45.7599,-1.93868,0.225905,0.381872,6480.2,0
7.068,45.8306,-1.80507,0.473053,0.437959,6484.23,0
7.07446,45.8534,-1.59758,0.385516,0.435173,6481.54,0
7.08097,45.9307,-1.22533,0.494471,0.488672,6486.5,0
7.0875,46.1791,-1.1158,0.546001,0.721795,6515.57,0
7.09402,46.4292,-1.09594,0.158845,0.929093,6544.83,0
7.10051,46.4073,-1.19492,0.165893,0.806144,6535.77,0
7.10703,46.4529,-1.35401,0.105753,0.76252,6536.19,0
7.11353,46.2706,-1.29473,0.0969634,0.482356,6504.58,0
7.11997,46.2414,-1.38023,0.31319,0.41685,6494.61,0
7.12647,46.2418,-1.31975,0.329188,0.38454,6488.74,0
7.13296,46.263,-1.6137,0.125157,0.378901,6485.8,0
7.13949,46.5175,-1.54155,-0.125742,0.662347,6515.53,0
7.14603,46.7584,-1.57349,0.131577,0.869391,6543.27,0
7.15256,46.7535,-1.63927,-0.160244,0.75085,6536.6,0
7.15906,46.753,-2.01945,-0.204573,0.666592,6530.6,0
7.16551,46.914,-2.12526,-0.392566,0.779973,6547.19,0
7.17201,46.7364,-1.95631,0.0150694,0.481323,6516.5,0
7.17853,46.8699,-2.27424,0.0963556,0.603218,6529.18,0
7.18501,46.8924,-1.89771,0.174425,0.57717,6526.42,0
7.19152,46.7794,-1.89173,0.255166,0.403088,6504.79,0
7.19797,46.767,-1.82662,0.350028,0.343927,6497.25,0
7.20446,46.8303,-1.69892,0.149906,0.388728,6500.18,0
7.21096,46.8555,-1.32655,0.376384,0.391679,6497.82,0
7.21744,46.7374,-1.23334,0.306248,0.216115,6475.62,0
7.22394,46.6097,-1.13054,0.455993,0.0496513,6452.12,0
7.23044,46.6524,-1.11074,0.504447,0.101767,6452.22,0
7.23693,46.6124,-0.981858,0.549557,0.0441877,6440.91,0
7.24341,46.7772,-0.779899,0.637947,0.24236,6457.89,0
7.2499,46.7981,-0.717961,0.714029,0.253394,6455,0
7.2564,46.7961,-0.891144,0.88616,0.227856,6448.94,0
7.2629,46.8497,-1.17859,1.12393,0.278085,6450.55,0
7.26939,46.9243,-1.13337,1.20003,0.348992,6455.05,0
7.2759,46.8556,-0.941102,1.38538,0.245795,6439.83,0
7.28238,46.9301,-1.13378,1.22011,0.309579,6444.33,0
7.28887,46.8421,-1.16512,1.17099,0.185995,6426.52,0
7.2954,46.8544,-1.09971,1.18212,0.188447,6422.46,0
7.30188,46.8235,-1.22282,1.25146,0.140707,6412.53,0
7.30838,46.7963,-1.28379,1.24048,0.0964418,6403.1,0
7.3149,46.9452,-1.1229,1.12898,0.269556,6417.76,0
7.32137,46.8253,-1.16603,1.21513,0.114556,6395.71,0
7.32784,46.8484,-1.03557,1.26922,0.139402,6393.21,0
7.33434,46.7681,-0.88632,1.229,0.0334691,6376.6,0
7.34085,46.8218,-0.730355,1.03379,0.0938236,6378.25,0
7.34737,46.7989,-0.828652,0.990909,0.0597595,6369.47,0
7.35386,46.8295,-0.863807,1.21066,0.0954373,6368.02,0
7.36036,47.1277,-0.971063,1.42294,0.445177,6402.91,0
7.36689,47.0613,-1.1188,1.46032,0.330853,6388.22,0
7.37337,46.8613,-0.959272,1.60341,0.0721919,6355.48,0
7.3799,46.9698,-0.966777,1.45065,0.20159,6364.56,0
7.38639,46.8995,-1.23272,1.5987,0.108555,6349.45,0
7.39289,46.8999,-1.04578,1.71257,0.106546,6343.93,0
7.39934,47.1412,-0.789141,1.66559,0.392044,6371,0
7.40585,47.2659,-0.892003,1.57292,0.506921,6382.24,0
7.41233,47.6205,-0.741049,1.52748,0.89044,6424.5,0
7.41883,47.6905,-1.01933,1.54724,0.8623,6428.31,0
7.4254,47.7339,-1.19627,1.24062,0.816887,6428.46,0
7.4319,47.58,-1.39923,1.1531,0.558105,6402.13,0
7.43836,47.2259,-1.17808,1.12122,0.0940131,6348.97,0
7.44489,47.2695,-1.14659,1.1276,0.144532,6349.26,0
7.45142,47.2372,-1.03284,1.31818,0.100199,6339.36,0
7.45801,47.3346,-0.993642,1.34862,0.215182,6346.82,0
7.46447,47.2977,-0.90268,1.48717,0.163075,6336.37,0
7.47095,47.3703,-0.949358,1.57839,0.239135,6340.61,0
7.47748,47.2798,-1.09946,1.57035,0.112733,6322.96,0
7.48401,47.3342,-1.03681,1.49799,0.172178,6324.71,0
7.49052,47.3174,-1.22253,1.44629,0.130643,6316.97,0
7.49705,47.299,-1.22444,1.51243,0.103705,6309.02,0
7.50355,47.3973,-1.20667,1.28103,0.217783,6316.65,0
7.51011,47.4541,-1.26587,1.02725,0.269005,6318.7,0
7.51661,47.4956,-1.36955,0.878856,0.304825,6318.75,0
7.5231,47.6906,-1.54223,0.882138,0.507602,6339.23,0
7.52961,47.7159,-1.68629,0.892534,0.489274,6337.11,0
7.53613,47.665,-1.28745,0.904133,0.386124,6324.86,0
7.54266,47.5411,-1.02287,0.901492,0.206712,6302.95,0
7.54922,47.4479,-0.785413,0.932304,0.0800076,6285.14,0
7.5557,47.599,-0.819112,1.06067,0.262014,6299.74,0
7.56223,47.8328,-1.10562,1.1817,0.519765,6325.22,0
7.56877,48.0209,-0.777557,1.69534,0.688504,6344.61,0
7.5753,48.0563,-0.944963,1.75777,0.664643,6343.82,0
7.58183,48.0872,-1.03155,1.76199,0.620686,6342.43,0
7.58835,48.1696,-1.08211,1.89321,0.662838,6347.84,0
7.59482,47.9001,-0.91681,1.90289,0.292316,6306.95,0
7.60129,47.7426,-1.10872,1.72572,0.0812225,6280.86,0
7.6078,47.9252,-1.04026,1.71568,0.302053,6299.48,0
7.61431,47.8886,-1.02126,1.55629,0.237475,6289.3,0
7.62085,47.7492,-1.05561,1.45433,0.0484056,6265.6,0
7.62733,47.8252,-1.08901,1.43542,0.132995,6270.25,0
7.63384,47.9203,-1.03178,1.59899,0.236601,6277.35,0
7.6403,47.897,-0.80872,1.7261,0.198831,6268.99,0
7.64679,48.0288,-0.564381,1.27069,0.336646,6280.92,0
7.65331,47.8565,-0.672473,1.3444,0.11177,6253.04,0
7.6598,47.964,-0.576713,1.32688,0.23435,6261.78,0
7.66629,48.1845,-0.367389,1.19517,0.47924,6285.25,0
7.67278,48.3526,-0.513419,1.53795,0.636129,6301.84,0
7.67931,48.1638,-0.50625,1.55354,0.362306,6271.89,0
7.6858,48.0289,-0.343064,1.55827,0.173621,6249.04,0
7.69226,48.3169,-0.312713,1.57864,0.507888,6281.24,0
7.69878,48.2407,-0.610422,1.76009,0.378081,6266.02,0
7.70529,49.0158,-0.457835,1.49828,1.23651,6361.31,0
7.7118,49.0036,-0.477373,1.58868,1.07423,6354.36,0
7.71828,49.0336,-0.417267,1.83485,0.96902,6352.92,0
7.7248,49.042,-0.599474,1.78005,0.864243,6348.65,0
7.73135,48.9808,-0.643191,2.07414,0.704079,6335.36,0
7.73786,49.1801,-0.602918,2.0029,0.864577,6355.77,0
7.74435,49.5282,-0.488755,1.8416,1.14955,6395.4,0
7.75084,49.5626,-0.469577,1.74301,1.06116,6394.49,0
7.75731,49.4671,-0.644752,1.84122,0.832292,6376.83,0
7.76383,49.3553,-0.807626,2.08784,0.600896,6357.08,0
7.77033,49.2205,-0.981483,2.01583,0.398513,6334.42,0
7.7768,49.22,-0.805515,1.83932,0.365884,6329.08,0
7.78329,49.3699,-0.749529,1.3942,0.507999,6343.06,0
7.78976,49.4061,-0.667128,1.39826,0.495545,6342.44,0
7.79626,49.5863,-0.497937,1.58099,0.663777,6360.26,0
7.80276,49.3072,-0.551249,1.74017,0.273846,6319.2,0
7.80927,49.2454,-0.738733,1.49974,0.179745,6306.01,0
7.81577,49.2486,-0.980093,1.21435,0.173544,6301.18,0
7.82228,49.6097,-0.95236,1.24512,0.583732,6342.1,0
7.82876,49.3789,-1.16742,1.01577,0.254848,6307.38,0
7.83527,49.4791,-0.773387,1.0714,0.351966,6314.92,0
7.84179,49.6773,-1.02795,1.21195,0.56918,6334.95,0
7.84828,49.722,-1.00436,1.57324,0.571077,6335.41,0
7.85484,49.5516,-1.36483,1.41676,0.325801,6308.42,0
7.86131,49.6887,-1.14807,1.2483,0.460438,6320.66,0
7.86781,49.6177,-1.20357,1.56087,0.336061,6306.42,0
7.87429,49.6917,-1.2878,1.54078,0.387452,6310.62,0
7.8808,49.8265,-1.26584,1.55049,0.518393,6322.51,0
7.88732,49.9229,-1.38034,1.43396,0.591194,6329.5,0
7.89386,50.1715,-1.59728,1.34137,0.827579,6355.77,0
7.90037,49.9484,-1.611,1.30702,0.494457,6322.28,0
7.90688,50.0925,-1.40309,1.36526,0.612862,6335.3,0
7.91338,50.2125,-1.67198,1.44124,0.673118,6345.27,0
7.91986,49.9937,-1.72756,1.48208,0.361194,6312.44,0
7.92635,50.0245,-1.69565,1.24443,0.38001,6311.17,0
7.93287,50.4601,-1.36206,1.20195,0.856075,6360.88,0
7.9394,50.4373,-1.34403,1.22889,0.714188,6352.79,0
7.94589,50.2331,-1.04766,1.33823,0.407588,6321.9,0
7.95238,50.251,-1.16861,1.71578,0.394726,6318.98,0
7.95887,50.0872,-1.29676,1.44661,0.160707,6293.25,0
7.96537,50.0447,-1.20138,1.63111,0.100121,6282.79,0
7.97191,50.0411,-1.22914,1.76,0.0927029,6277.18,0
7.97843,50.2398,-1.12117,1.73306,0.325389,6296.96,0
7.98497,50.3043,-1.18022,1.83486,0.379282,6299.87,0
7.99149,50.2148,-1.21151,1.68805,0.2422,6283.53,0
7.99798,50.2092,-1.30236,1.75279,0.209022,6277.74,0
8.00448,50.373,-1.50327,1.65486,0.383402,6293.1,0
8.01098,50.3111,-1.18686,1.45866,0.282611,6280.26,0
8.01748,50.3015,-1.12838,1.46826,0.253085,6273.98,0
8.02401,50.3286,-1.18143,1.56868,0.275146,6272.26,0
8.03052,50.3765,-1.15749,1.54282,0.312982,6273.12,0
8.03703,50.481,-1.22125,1.76147,0.416388,6281.05,0
8.04354,50.2937,-1.2223,2.13634,0.160523,6252.68,0
8.05007,50.3424,-1.28975,2.34261,0.211741,6253.66,0
8.05656,50.373,-1.49135,2.53206,0.23262,6252.42,0
8.06308,50.4057,-1.67993,2.57511,0.255704,6251.42,0
8.06955,50.4473,-1.62522,2.47936,0.287403,6251.56,0
8.07601,50.4718,-1.53375,2.51382,0.30659,6249.6,0
8.08251,50.5425,-1.80183,2.5289,0.371536,6253.32,0
8.08906,50.557,-1.82313,2.67315,0.367352,6250.04,0
8.09557,50.743,-1.70667,2.60438,0.542848,6267.99,0
8.10207,50.6146,-1.7574,2.45296,0.341106,6247.11,0
8.10856,50.6517,-1.88162,2.33787,0.373241,6246.69,0
8.11512,50.9125,-1.69595,2.07259,0.637766,6273.79,0
8.12162,51.1143,-1.53133,2.0197,0.813329,6293.61,0
8.12818,51.058,-1.4129,1.91079,0.664724,6281.59,0
8.13475,51.3479,-1.27505,2.16955,0.916761,6312.16,0
8.14128,51.31,-1.11512,2.55855,0.764449,6302.45,0
8.14778,51.5908,-1.12322,2.45189,1.01368,6331.89,0
8.15428,51.8405,-1.16819,2.30178,1.15105,6357.47,0
8.16076,52.0764,-1.18081,2.24414,1.26473,6381.32,0
8.16729,52.0979,-1.45375,2.49573,1.11387,6378.85,0
8.1738,52.0999,-1.64264,2.46235,0.969048,6374.01,0
8.18027,52.263,-1.46705,2.43812,1.02443,6388.91,0
8.18672,52.3322,-1.39549,2.53665,0.992027,6392.33,0
8.1932,52.3377,-1.34486,2.68618,0.874814,6387.95,0
8.19968,52.4066,-1.58888,2.7457,0.840282,6391.3,0
8.20619,52.5328,-1.37683,2.8082,0.90321,6401.61,0
8.21267,52.2979,-1.19874,2.95246,0.55273,6367.95,0
8.21917,52.2883,-1.2218,2.97492,0.495192,6361.75,0
8.22566,52.5532,-1.09207,2.83305,0.757054,6388.93,0
8.23216,52.6608,-1.18594,3.07508,0.803083,6396.96,0
8.23867,52.9405,-1.17752,2.78144,1.03933,6425.86,0
8.2452,53.1229,-1.1342,2.7271,1.11877,6442.88,0
8.25169,53.1537,-1.05632,2.67499,1.01064,6441.55,0
8.25818,52.83,-1.21843,2.56522,0.501562,6397.3,0
8.26471,52.9782,-1.5572,2.35155,0.633341,6410.17,0
8.27122,52.9651,-1.73161,2.70355,0.558155,6403.54,0
8.27773,53.1941,-1.79177,2.73358,0.737383,6426.17,0
8.28424,53.4547,-1.73084,2.53448,0.966005,6452.58,0
8.29076,53.2956,-1.76633,2.54077,0.670241,6428.31,0
8.29723,53.3394,-1.63583,2.5577,0.645833,6428.57,0
8.30374,53.4469,-1.64217,2.71961,0.713781,6436.48,0
8.31022,53.3309,-1.95048,2.82834,0.522097,6417.51,0
8.31673,53.2072,-1.89318,2.85289,0.34085,6397.61,0
8.32322,53.1475,-1.80009,2.6423,0.24995,6385.45,0
8.32974,53.105,-1.47794,2.48624,0.183385,6375.35,0
8.33624,53.2801,-1.39275,2.55734,0.377012,6391.39,0
8.34272,53.2469,-1.48239,2.51149,0.321826,6382.45,0
8.34918,53.1563,-1.46869,2.4582,0.192945,6366.65,0
8.35567,53.2458,-1.43869,2.25947,0.29096,6372.42,0
8.3622,53.2263,-1.76033,2.18408,0.251366,6365.11,0
8.36871,53.2795,-1.86464,2.20697,0.301853,6366.52,0
8.37525,53.2298,-1.65918,2.06621,0.225517,6355.61,0
8.38179,53.2036,-1.4584,2.20073,0.183494,6347.52,0
8.38825,53.5671,-1.68001,2.51978,0.613111,6385.96,0
8.39475,53.5877,-1.58199,2.41967,0.585253,6383.47,0
8.40125,53.5573,-1.53484,2.38373,0.479735,6374.92,0
8.40776,53.3632,-1.66105,2.32756,0.203744,6346.9,0
8.41424,53.5233,-1.64385,2.38499,0.376642,6361.04,0
8.42077,53.7411,-1.42507,2.10937,0.607313,6381.97,0
8.42722,53.6555,-1.19945,2.20578,0.445809,6366.93,0
8.43378,53.6457,-1.18988,2.18316,0.379253,6360.82,0
8.44028,53.4742,-0.998322,2.19956,0.142691,6335.6,0
8.44675,53.522,-0.935657,2.1395,0.190723,6336.39,0
8.45332,53.5357,-0.904177,2.23126,0.194113,6333.1,0
8.4598,53.5329,-1.09281,2.38421,0.183726,6327.92,0
8.46632,53.5982,-1.08031,2.40924,0.252535,6330.75,0
8.47279,53.7805,-1.06826,2.41011,0.447414,6347.43,0
8.4793,53.8526,-0.824413,2.23828,0.506785,6351.07,0
8.48581,53.9963,-0.886898,2.44844,0.621386,6363.13,0
8.4923,54.2315,-0.610608,2.45482,0.864953,6385.96,0
8.49882,54.3676,-0.630602,2.47773,0.924491,6397.08,0
8.50533,54.1776,-0.177732,2.37221,0.608781,6369.84,0
8.51191,53.9752,-0.423046,2.64546,0.313205,6341.14,0
8.51842,54.4574,-0.438726,2.43919,0.85335,6392.9,0
8.52491,54.7175,-0.41451,2.36168,1.06069,6418.54,0
8.53143,54.5968,-0.197335,2.18796,0.794773,6399.49,0
8.53795,54.5792,-0.255899,2.54371,0.683265,6392.54,0
8.54448,54.9723,-0.420165,2.55088,1.06314,6433.66,0
8.55099,55.1559,-0.154265,2.54877,1.15219,6450.24,0
8.55747,54.9809,-0.0569166,2.49503,0.797825,6424.9,0
8.564,54.9093,-0.113646,2.74266,0.638704,6411.64,0
8.57052,54.8656,0.272922,2.94564,0.506319,6401.66,0
8.57704,54.9029,0.143663,3.12931,0.511199,6401.15,0
8.58359,54.8577,0.181939,3.27594,0.400085,6391,0
8.5901,54.842,-0.00674573,3.41926,0.338588,6384.33,0
8.59661,55.0194,-0.177157,3.47408,0.534697,6400.12,0
8.60311,55.0753,-0.092793,3.36091,0.552141,6401.79,0
8.6096,55.073,-0.4775,3.07906,0.507317,6396.7,0
8.61607,54.9622,-0.448313,3.43508,0.328964,6379.03,0
8.62256,55.1089,-0.381478,3.75197,0.483882,6391.25,0
8.6291,55.2224,-0.404432,3.86323,0.577964,6399.56,0
8.63561,54.9801,-0.477717,3.99825,0.239052,6366.68,0
8.64216,54.9055,-0.386784,4.23899,0.137652,6353.22,0
8.64863,54.8415,-0.478003,4.38711,0.0543616,6341.07,0
8.65513,55.168,-0.547319,4.40378,0.443655,6374.03,0
8.66161,54.9647,-0.488276,4.44959,0.165991,6345.78,0
8.66808,54.9967,-0.570481,4.48607,0.201039,6344.73,0
8.67462,55.0031,-0.611909,4.33186,0.199717,6340.69,0
8.68115,55.0411,-0.736067,4.16005,0.241526,6340.3,0
8.68768,55.0821,-0.813386,4.02918,0.277098,6340.25,0
8.6942,55.0519,-0.76069,4.15171,0.224313,6332.03,0
8.70072,55.1868,-0.459238,4.07744,0.381281,6342.78,0
8.70722,55.3958,-0.438298,3.97341,0.591656,6362.06,0
8.71378,55.2013,-0.24651,4.11746,0.307335,6334.94,0
8.72031,55.0755,-0.146234,4.06237,0.141958,6315.78,0
8.72681,55.0865,-0.230709,4.17743,0.151868,6312.33,0
8.73333,55.0978,-0.132205,4.15323,0.15625,6308.92,0
8.73981,55.3761,-0.292144,4.08591,0.48254,6336.08,0
8.74635,55.6831,-0.537545,4.24897,0.81191,6366.44,0
8.75288,55.4009,-0.561719,4.27542,0.386293,6329.44,0
8.75941,55.453,-0.725271,4.21947,0.421201,6330.67,0
8.76589,55.4444,-1.11952,4.20346,0.375531,6325.02,0
8.77236,55.445,-1.31263,4.13367,0.353582,6320.42,0
8.77885,55.4195,-0.899419,4.06373,0.291145,6312.84,0
8.78538,55.277,-0.69173,3.93995,0.0985214,6291.93,0
8.79187,55.3181,-0.712404,4.04714,0.146883,6291.96,0
8.7984,55.5587,-0.749421,3.77483,0.419191,6314.63,0
8.80489,55.6553,-0.581567,3.41252,0.50996,6320.95,0
8.8114,56.1494,-0.752098,3.40117,1.03865,6372.35,0
8.81786,56.0813,-0.559599,3.37382,0.844861,6359.96,0
8.8244,56.2549,-0.529597,3.26509,0.937822,6374.93,0
8.83095,56.3727,-0.133588,3.25776,0.971944,6383.54,0
8.83745,56.5067,0.0333764,3.22849,1.00301,6394.01,0
8.84397,56.4627,0.361726,3.20582,0.811689,6384.32,0
8.85044,56.512,0.265091,3.27931,0.7562,6385.22,0
8.85693,56.6385,0.169147,3.04642,0.835479,6394.82,0
8.86341,56.8161,0.169961,2.64986,0.917467,6410.18,0
8.86993,56.8225,0.0350433,2.55612,0.818587,6406.19,0
8.87643,56.9233,0.0262166,2.66108,0.863053,6412.86,0
8.88296,56.7392,0.0941403,2.5521,0.55351,6387.41,0
8.88945,56.858,0.488363,2.44242,0.636709,6396.12,0
8.89592,56.7491,0.319259,2.4243,0.439725,6379.23,0
8.90244,56.8587,0.249548,2.50877,0.538063,6386.87,0
8.90895,56.8632,0.44632,2.51205,0.488514,6382.7,0
8.91544,56.8075,0.415338,2.09382,0.385848,6371.81,0
8.92195,56.6709,0.756159,2.13449,0.200313,6351.85,0
8.92847,56.7646,0.765993,2.24712,0.297943,6357.72,0
8.93497,56.8036,0.795943,2.40455,0.329897,6357.44,0
8.94146,56.8865,0.81863,2.3908,0.406513,6362.11,0
8.94797,57.1518,0.676728,2.28719,0.685034,6387.12,0
8.95451,57.1578,0.624887,2.53517,0.615484,6383.13,0
8.96098,57.164,0.671986,2.61236,0.568479,6379.21,0
8.96747,57.2309,0.51578,2.36878,0.602197,6382.05,0
8.974,57.1515,0.558418,2.37202,0.446091,6368.57,0
8.98052,57.13,0.50174,2.24218,0.382653,6361.54,0
8.98702,57.0959,0.579367,2.16343,0.300257,6353.15,0
8.99354,57.273,0.56253,2.18913,0.486235,6368.23,0
9.00003,57.5531,0.800319,1.86739,0.76491,6394.76,0
9.00654,57.302,0.795959,1.84132,0.411427,6362.26,0
9.01306,57.2632,0.872766,2.00769,0.335576,6353.36,0
9.01958,57.342,0.785299,1.98974,0.410209,6357.51,0
9.0261,57.3103,0.640777,2.07064,0.339996,6349.4,0
9.03261,57.4933,0.445741,2.32079,0.527088,6365.08,0
9.03914,58.1092,0.669979,2.37623,1.2115,6428.62,0
9.04567,57.9877,0.877642,2.22758,0.92218,6410.54,0
9.05217,58.2077,0.807396,2.24702,1.05889,6430.24,0
9.05873,58.1912,0.540569,2.06985,0.894698,6423.77,0
9.06521,58.2525,0.485762,2.04041,0.878912,6425.94,0
9.07173,58.1662,0.47318,2.21579,0.684698,6411.8,0
9.07828,58.2331,0.612332,1.96665,0.696814,6414.55,0
9.08476,58.2323,0.644064,1.75679,0.617941,6409.9,0
9.09126,57.967,0.848387,1.58681,0.250698,6376.13,0
9.0978,57.9102,0.957006,1.59932,0.166587,6365.29,0
9.10431,58.0006,1.23744,1.49611,0.261844,6370.67,0
9.11085,57.9557,1.2776,1.54383,0.190524,6361.18,0
9.11733,57.8253,1.38211,1.6379,0.0209748,6342.35,0
9.12383,58.0087,1.18808,1.55086,0.242302,6357.94,0
9.13036,58.2497,1.43586,1.43462,0.505151,6379.78,0
9.13687,58.2864,1.3316,1.19217,0.508817,6379.25,0
9.14335,58.356,1.17051,1.25046,0.555975,6382.34,0
9.14988,58.3611,1.09631,1.58889,0.504974,6378.34,0
9.15641,58.083,1.1447,1.39789,0.135367,6343.43,0
9.1629,58.0568,1.13983,1.47576,0.0944434,6336.07,0
9.16939,58.2257,1.44018,1.2926,0.296217,6350.01,0
9.17593,58.3425,1.71278,1.49597,0.403076,6358.21,0
9.18244,58.0475,1.40854,1.33165,0.0201558,6321.57,0
9.18891,58.3396,1.40915,1.34224,0.370451,6348.91,0
9.19547,58.4727,1.25926,1.37542,0.48496,6358.86,0
9.20201,58.2601,1.33323,1.68214,0.198789,6331.23,0
9.20854,58.3683,1.40718,1.39816,0.316264,6338.5,0
9.21503,58.3086,1.24073,1.31162,0.230101,6327.55,0
9.22153,58.3576,1.4414,1.03114,0.280094,6328.41,0
9.22804,58.4648,1.37115,1.12247,0.380725,6335.56,0
9.23458,58.5411,1.21512,1.25153,0.431207,6339.34,0
9.24112,58.3948,1.40842,1.39468,0.231935,6319.02,0
9.24763,58.3942,1.19705,1.25112,0.218181,6314.51,0
9.25414,58.5963,1.13262,1.29236,0.450076,6331.91,0
9.26064,58.5903,0.821067,1.16839,0.397155,6326.81,0
9.26707,58.424,0.600105,1.08041,0.176297,6304.47,0
9.27356,58.3031,0.815932,1.05379,0.0196644,6287.02,0
9.28009,58.3116,0.89945,0.972751,0.0292725,6283.51,0
9.28657,58.508,1.05106,0.950123,0.265419,6300.28,0
9.29313,58.5745,0.971719,0.775331,0.326068,6302.98,0
9.29961,58.6498,1.12471,0.635484,0.383835,6306.69,0
9.3061,58.5155,0.720613,0.58435,0.191677,6287.87,0
9.3126,58.4368,0.701718,0.595564,0.0897822,6275.02,0
9.3191,58.4846,0.943698,0.662939,0.142074,6275.78,0
9.32557,58.6778,0.88456,0.709278,0.371684,6292.14,0
9.33209,59.0019,1.33988,0.525722,0.702841,6322.48,0
9.33859,58.7725,1.23505,0.694319,0.376591,6293.51,0
9.34508,58.9416,1.21746,0.546302,0.555988,6307.23,0
9.35159,58.8283,1.34085,0.673082,0.369388,6290.72,0
9.3581,58.7166,1.31761,0.301907,0.187594,6274.42,0
9.36458,58.7547,1.26753,0.23984,0.221848,6274.14,0
9.37112,58.7426,1.38095,0.358646,0.192869,6268.47,0
9.37762,58.8117,1.16252,0.0609694,0.26254,6271.5,0
9.38411,58.7641,1.04596,0.252779,0.185533,6262.09,0
9.39061,58.7329,1.10415,0.410479,0.136326,6254.42,0
9.39712,58.7847,0.773607,0.610817,0.189478,6255.61,0
9.40364,59.1308,1.03779,0.496039,0.575186,6288.07,0
9.41017,59.2198,1.18441,0.714533,0.618259,6293.17,0
9.41667,59.2971,1.17736,0.55521,0.642216,6297.03,0
9.42321,59.1502,1.44766,0.586489,0.415745,6277.07,0
9.42973,59.1149,1.36622,0.602179,0.3452,6269,0
9.43622,59.0916,1.05442,0.584556,0.292113,6262.21,0
9.44272,59.2439,1.01056,0.397977,0.454106,6274.03,0
9.44924,59.1036,1.12545,0.313178,0.25347,6254.85,0
9.45574,59.0185,1.35129,0.393739,0.137649,6241.55,0
9.46227,59.184,1.52969,0.262267,0.331348,6254.74,0
9.46878,59.0251,1.57353,0.267096,0.11889,6233.65,0
9.47528,59.1727,1.68517,0.405327,0.294971,6244.95,0
9.4818,59.3669,1.52401,0.332071,0.510816,6261.14,0
9.48831,59.4408,1.70218,0.202003,0.554914,6264.63,0
9.49478,59.6346,1.62884,0.341784,0.731474,6280.79,0
9.50123,59.6411,1.28045,0.359809,0.654444,6277.2,0
9.50773,59.9628,1.14219,0.366742,0.963185,6306.74,0
9.51425,59.8892,0.745715,0.390182,0.765185,6294.68,0
9.52082,59.7106,0.677344,0.185467,0.490597,6271.58,0
9.52734,59.6124,0.785995,0.152918,0.338935,6256.98,0
9.53386,59.7084,0.67724,0.185139,0.430326,6262.77,0
9.54038,59.7154,0.802053,0.124419,0.389249,6259.23,0
9.54687,59.9956,0.780102,0.386766,0.675256,6284.32,0
9.55332,59.9902,0.685209,0.115584,0.600392,6279.51,0
9.55982,59.8662,0.883623,0.387992,0.395671,6262.28,0
9.56636,60.0131,0.849004,0.327596,0.523406,6273.35,0
9.57291,60.0419,0.261554,0.190332,0.516055,6272.07,0
9.57941,60.1377,0.412368,0.0821852,0.58222,6277.8,0
9.58592,60.383,0.498493,0.204125,0.808135,6299.13,0
9.59245,60.6847,0.53395,0.414776,1.08875,6326.3,0
9.59893,60.5694,0.323918,0.512109,0.831969,6310.02,0
9.60544,60.6654,0.216523,0.472681,0.859803,6315.73,0
9.61192,60.8868,0.0830692,0.366624,1.01925,6334.51,0
9.61844,60.713,-0.279403,0.32517,0.714902,6312.14,0
9.62493,60.3531,-0.384354,0.445638,0.235573,6270.5,0
9.63144,60.5023,-0.313648,0.475211,0.394228,6281.75,0
9.63796,60.3617,-0.273239,0.584855,0.201159,6262.91,0
9.64447,60.2355,-0.137556,0.47334,0.0365204,6245.6,0
9.65098,60.2987,-0.0340547,0.490882,0.111322,6247.94,0
9.65747,60.3221,0.0317973,0.563714,0.137026,6246.16,0
9.66395,60.6017,0.222656,0.50509,0.45744,6270.9,0
9.67048,60.6949,0.627161,0.512004,0.537427,6276.31,0
9.67695,60.7187,0.628462,0.472065,0.519301,6274.57,0
9.68346,60.72,0.411212,0.288298,0.478309,6270.48,0
9.69001,60.5278,0.19324,0.139348,0.212573,6246.41,0
9.69654,60.5326,0.209172,0.0751183,0.206831,6242.7,0
9.70302,61.0359,0.327926,-0.0489768,0.794175,6290.4,0
9.70957,60.8915,0.370954,-0.123933,0.549081,6271.28,0
9.71606,60.9126,0.619306,-0.300491,0.518738,6269.27,0
9.72259,60.7295,0.24596,-0.149431,0.264801,6246.23,0
9.72914,60.6829,0.521506,-0.0622091,0.183599,6237.23,0
9.73561,60.6565,0.191137,-0.139611,0.141592,6230.38,0
9.74211,60.5702,0.104135,-0.0814296,0.0317919,6217.36,0
9.74861,60.6726,0.0636205,0.0747291,0.154677,6223.71,0
9.75508,60.637,0.216491,0.120435,0.103669,6215.94,0
9.76159,60.5846,0.373169,0.135225,0.0341108,6206.43,0
9.7681,60.6297,0.346762,0.145455,0.0884905,6206.91,0
9.77458,60.6854,0.44789,0.221229,0.148939,6208.49,0
9.78105,60.8656,0.58804,0.0647197,0.364625,6222.81,0
9.78761,60.9463,0.694224,0.17028,0.430085,6226.88,0
9.79414,61.0661,0.842569,0.0270349,0.530445,6234.97,0
9.80065,61.217,0.916547,-0.0286044,0.665571,6246.22,0
9.80717,61.0313,1.06641,-0.0201684,0.37921,6223.13,0
9.81364,61.0352,0.877337,-0.0415615,0.356405,6219.43,0
9.82012,61.0179,0.793561,-0.109267,0.311599,6213.56,0
9.82667,61.3425,0.892432,0.054958,0.682826,6242.46,0
9.83315,61.4556,0.99608,0.0645969,0.746082,6249.84,0
9.83964,61.0689,1.14069,0.0827826,0.209568,6206.42,0
9.84617,61.0902,0.995139,-0.0580433,0.229883,6204.47,0
9.85266,61.2961,0.946598,0.0384993,0.464963,6221.28,0
9.85912,61.094,0.953328,-0.241072,0.18987,6196.7,0
9.86563,61.2011,1.04319,-0.519793,0.307185,6203.46,0
9.87213,60.9846,0.952538,-0.479298,0.0278212,6177.45,0
9.87868,61.1193,0.90335,-0.539121,0.189302,6186.99,0
9.88522,61.129,0.934572,-0.550203,0.188263,6183.87,0
9.89181,61.1659,0.839353,-0.534385,0.227155,6183.49,0
9.89831,61.4367,0.724537,-0.504159,0.545506,6206.78,0
9.90482,61.2364,0.882514,-0.465432,0.254898,6182.48,0
9.91131,61.4324,0.931973,-0.831078,0.478592,6198.21,0
9.91781,61.4234,0.99738,-0.890598,0.428366,6193.25,0
9.92434,61.7122,1.18901,-0.935882,0.726725,6218.26,0
9.93082,61.5512,1.13992,-0.835785,0.464025,6198,0
9.93733,61.6846,1.32463,-0.893851,0.563812,6207.37,0
9.94383,61.4196,1.17533,-1.11199,0.193641,6176.66,0
9.95034,61.692,1.14365,-1.0826,0.511362,6199.99,0
9.95688,61.4809,1.05356,-1.2732,0.234598,6174.71,0
9.9634,61.7461,1.06541,-1.15738,0.540043,6197.29,0
9.96996,61.8382,1.21159,-1.48906,0.586653,6202.46,0
9.97648,61.7027,0.994312,-1.50897,0.356492,6184.82,0
9.98298,61.6602,0.912903,-1.47907,0.275689,6176.54,0
9.9895,61.5663,0.943226,-1.41345,0.146112,6163.1,0
9.99605,61.5357,1.12334,-1.51489,0.100621,6156.01,0
10,61.7885,0.939902,-1.62781,0.404239,6178.85,0
