0.00649409,0.255149,-0.179803,-0.00116405,0.312801,39289.3,0
0.0130084,0.275893,-0.0604583,-0.0402428,0.316633,21208.8,0
0.0194602,0.355313,-0.143327,-0.257098,0.392876,18258.5,0
0.0259782,0.406194,0.168476,-0.455282,0.425454,15636,0
0.032503,0.490625,0.038037,-0.573454,0.494307,15094.8,0
0.0390514,0.853586,0.0540783,-0.778738,0.882709,21858,0
0.0455831,0.741864,0.257976,-0.635327,0.640045,16275,0
0.0520979,0.958609,0.0592753,-0.820866,0.83651,18400.2,0
0.0586243,1.15163,-0.135066,-0.698054,0.96918,19644.2,0
0.0651365,0.889773,-0.303232,-0.498888,0.558317,13660.1,0
0.0716412,1.01715,-0.257668,-0.325499,0.656808,14197.9,0
0.0781477,1.22627,-0.302936,-0.370831,0.83042,15691.7,0
0.0846411,1.41862,-0.32023,-0.321131,0.962698,16760.4,0
0.0911538,1.30657,-0.380133,-0.399489,0.738118,14333.7,0
0.0975957,1.46755,-0.18931,-0.36003,0.862716,15037,0
0.104156,1.76617,0.0571504,-0.239358,1.12663,16956.9,0
0.110688,1.87577,0.238168,-0.306814,1.10328,16946.4,0
0.11724,1.75231,-0.020968,-0.623114,0.829343,14946.4,0
0.123724,1.84289,0.266495,-0.922379,0.837758,14895.3,0
0.130278,1.78581,0.103052,-1.03154,0.680686,13707.7,0
0.136744,1.77143,-0.11779,-0.537283,0.597422,12954.3,0
0.143213,1.97406,-0.107227,-0.243052,0.770558,13784.1,0
0.149683,2.12381,-0.116292,-0.274803,0.839024,14188.7,0
0.15621,2.3665,-0.112777,-0.334774,1.04643,15149.4,0
0.162701,2.51739,0.107236,0.0711385,1.1175,15472.5,0
0.16922,2.85133,-0.184481,-0.134671,1.35422,16849.8,0
0.175736,2.98812,-0.327228,-0.519259,1.3226,17003.5,0
0.182247,3.03069,-0.3319,-0.490828,1.19827,16629.6,0
0.188744,3.22642,-0.233622,-0.590639,1.24842,17094.2,0
0.195249,3.08781,0.180329,-0.629555,0.919677,15814.7,0
0.201699,2.89138,0.36406,-0.562578,0.579155,14335.1,0
0.208195,3.16808,0.52532,-0.523796,0.8401,15216.9,0
0.214696,2.99917,0.869775,-0.680734,0.539659,13969.4,0
0.221232,2.91101,0.875008,-0.823644,0.377955,13158.2,0
0.227753,2.92149,0.91318,-0.606113,0.359562,12827.5,0
0.234312,2.82376,1.07402,-0.751649,0.21849,12051.3,0
0.240894,3.04008,1.13359,-1.007,0.447719,12620,0
0.247382,2.96984,1.21198,-1.19078,0.330574,12005.1,0
0.253888,2.93709,0.977212,-0.838778,0.263718,11568.4,0
0.260398,2.95417,1.04538,-0.845073,0.263769,11344.8,0
0.26696,3.0814,1.03321,-0.763578,0.394144,11542.5,0
0.273482,3.41895,1.26181,-0.506563,0.75488,12501.6,0
0.280019,3.5253,1.39199,-0.922354,0.80374,12589.5,0
0.28653,3.62736,1.47383,-0.830153,0.837962,12659.6,0
0.293008,3.62736,1.80714,-1.09595,0.744042,12379.7,0
0.299555,3.62429,1.51315,-1.41679,0.659284,12098.9,0
0.306075,3.59183,1.47637,-1.4853,0.545679,11735.2,0
0.312583,3.75456,1.34984,-1.86245,0.687199,12011.4,0
0.31912,4.09444,1.47379,-2.35738,1.00778,12830.4,0
0.325657,4.22429,1.31967,-2.16014,1.05943,12971.6,0
0.332158,4.42609,1.49374,-2.11853,1.16196,13325.2,0
0.338688,4.22101,1.56973,-2.26612,0.78246,12462.8,0
0.345253,4.55666,1.52018,-2.10484,1.08512,13198,0
0.351741,4.46977,1.63261,-2.07971,0.854883,12707.6,0
0.358258,4.23839,1.57075,-2.21623,0.485737,11830.6,0
0.364796,4.13472,1.3555,-2.23194,0.338174,11334.3,0
0.371311,4.20971,1.36317,-2.27726,0.414236,11337.4,0
0.377785,4.1319,1.25194,-2.24521,0.289882,10937.2,0
0.384286,4.19532,1.04706,-2.12568,0.345616,10917.2,0
0.390789,4.20227,1.12981,-2.06474,0.320382,10753.3,0
0.397294,4.2084,0.961157,-1.86662,0.301336,10592.7,0
0.403816,4.06759,1.34358,-1.66589,0.115099,10072.9,0
0.410319,4.26594,1.33638,-1.75085,0.35581,10396.7,0
0.416817,4.21529,1.27263,-1.91404,0.272964,10113,0
0.423351,4.39468,1.30909,-2.02757,0.473866,10380.7,0
0.429877,4.44536,1.69443,-1.77329,0.497154,10341,0
0.436396,4.69345,2.09686,-1.9864,0.73231,10755,0
0.442932,5.07683,2.24651,-2.1324,1.09211,11461.9,0
0.449438,5.18589,2.21553,-1.88761,1.06426,11538.6,0
0.455979,5.51936,2.3002,-1.60963,1.33366,12104.4,0
0.462518,5.66459,2.14712,-1.52005,1.3093,12247.3,0
0.468994,5.73949,2.15894,-1.49098,1.23422,12237.9,0
0.475525,6.02447,2.17602,-1.62637,1.39207,12669.1,0
0.482044,6.20475,2.32028,-1.50739,1.38389,12871.8,0
0.488525,6.24033,2.17368,-1.53671,1.2464,12773.8,0
0.495037,6.09681,2.251,-1.53204,0.925614,12315.9,0
0.501592,6.38669,2.31053,-1.44385,1.13174,12732.8,0
0.50811,6.29198,2.26525,-1.33524,0.879451,12383.1,0
0.51464,6.08403,2.02943,-1.70848,0.528932,11821.9,0
0.521144,6.63167,2.21931,-1.62171,1.10992,12725.2,0
0.527676,6.62578,2.21625,-1.55676,0.979088,12556.5,0
0.534169,6.41832,2.49765,-1.48879,0.641105,12015.5,0
0.540658,6.35086,2.50556,-1.72438,0.513868,11746.5,0
0.547151,6.60174,2.68394,-1.45113,0.75825,12065.7,0
0.55368,6.79712,2.96186,-1.43341,0.90169,12276.3,0
0.56016,6.73176,2.92986,-1.38889,0.705229,12017.6,0
0.566631,6.52119,2.98605,-1.84106,0.383088,11508.7,0
0.573157,6.56279,2.78528,-1.72918,0.410149,11450.3,0
0.57969,6.5756,2.86009,-1.80152,0.399568,11343.3,0
0.586199,6.86929,2.90911,-1.84656,0.69947,11718.4,0
0.592674,7.17597,2.70239,-1.99236,0.9906,12107.8,0
0.599194,6.8873,2.71963,-1.89785,0.541973,11494.3,0
0.605729,6.7979,2.72015,-2.018,0.39432,11222.7,0
0.612236,6.9264,2.87124,-1.71871,0.511403,11313.3,0
0.61872,6.79307,2.63784,-1.59348,0.305178,10979.2,0
0.625213,6.59545,2.68109,-1.70879,0.0548991,10549.1,0
0.631746,6.78306,2.68887,-1.67339,0.285781,10737,0
0.638248,6.81212,2.76686,-1.9319,0.30465,10673.1,0
0.644761,6.81281,2.78916,-2.31399,0.290828,10566.4,0
0.651256,6.94309,2.85339,-2.47905,0.428695,10661.1,0
0.657744,6.91932,3.16863,-2.52126,0.36527,10519.8,0
0.664286,6.86712,3.0135,-2.29288,0.282982,10337.6,0
0.67081,6.73362,3.04991,-2.20137,0.110056,10038,0
0.677292,6.70194,3.24182,-1.98746,0.0646128,9895.21,0
0.683821,6.70467,3.39154,-2.01372,0.0653392,9804.72,0
0.690312,6.88329,3.58714,-2.00625,0.284534,9971.28,0
0.696873,6.89598,3.41846,-1.89528,0.285942,9895.61,0
0.703396,6.75036,3.36514,-1.82543,0.0964858,9596.82,0
0.709893,6.75389,3.28983,-1.85137,0.0962466,9513.95,0
0.716482,6.71403,3.38896,-1.76663,0.0425691,9370.82,0
0.722933,6.69206,3.40287,-1.78387,0.0144612,9256.82,0
0.729399,6.86302,3.44894,-1.73995,0.222409,9409.14,0
0.735921,7.10182,3.44945,-1.68668,0.498227,9650.24,0
0.742381,7.15844,3.4595,-1.69157,0.509365,9642.54,0
0.748902,7.02201,3.28565,-1.5023,0.300634,9376.4,0
0.755411,7.25841,3.34757,-1.77767,0.565567,9608.55,0
0.761909,7.38149,3.1811,-1.66158,0.660093,9688.15,0
0.768435,7.53918,3.1832,-1.86696,0.751569,9811.09,0
0.774953,7.50344,3.19456,-1.98209,0.63163,9682.44,0
0.781495,7.62382,3.26654,-2.19692,0.72562,9755.43,0
0.78798,7.57999,3.53827,-2.22041,0.601333,9619.52,0
0.794465,7.83529,3.75428,-2.17569,0.834841,9862.35,0
0.800987,7.83559,3.78493,-2.28836,0.722292,9782.42,0
0.807464,7.86607,4.03644,-2.55361,0.680307,9741.7,0
0.813992,7.92176,4.02389,-2.40749,0.690741,9731.98,0
0.820443,7.83482,4.15082,-2.68241,0.515786,9549.5,0
0.826997,7.70766,4.15974,-2.77438,0.304815,9320.06,0
0.833528,7.78149,3.98633,-2.88921,0.371239,9335.61,0
0.840025,7.70965,3.96949,-2.59502,0.258998,9177.88,0
0.8465,7.71517,3.93764,-2.62423,0.248292,9114.19,0
0.853006,7.98084,4.20469,-2.25672,0.542245,9356.14,0
0.859507,7.84377,4.05045,-2.34851,0.329377,9125.89,0
0.866038,7.80295,4.32383,-2.38701,0.253357,9009.94,0
0.872557,7.84429,4.47437,-2.49089,0.282471,8990,0
0.879073,7.95613,4.63453,-2.7125,0.39286,9050.59,0
0.885601,7.771,4.55846,-2.63486,0.142605,8774.83,0
0.892146,7.84079,4.49466,-2.63814,0.222434,8788.68,0
0.898682,7.8234,4.66033,-2.63476,0.171911,8705.42,0
0.905155,7.82949,4.58437,-2.65724,0.170867,8649.88,0
0.911692,7.88492,4.64701,-2.74243,0.229282,8648.67,0
0.918184,7.86636,4.94072,-2.48964,0.195788,8567.3,0
0.924663,7.79377,5.12844,-2.6325,0.0943179,8428.77,0
0.931173,7.79837,5.07359,-2.59976,0.0988613,8374.79,0
0.937673,7.87727,5.18735,-2.63673,0.193408,8400.88,0
0.944092,7.81223,5.07107,-2.59227,0.107583,8274.86,0
0.950618,7.93213,4.81392,-2.5595,0.244415,8344.18,0
0.957116,7.9945,4.78604,-2.77737,0.303487,8352.69,0
0.963649,8.01097,4.89255,-2.75247,0.307241,8313.16,0
0.970164,8.08591,4.76396,-2.77021,0.373831,8334.58,0
0.976737,8.16277,4.77496,-2.81168,0.442617,8357.18,0
0.983267,8.2114,4.81679,-2.59993,0.460388,8351.14,0
0.989734,8.05616,4.89896,-2.65182,0.231544,8139.72,0
0.996259,7.93745,5.00416,-2.37316,0.0768521,7967.25,0
1.00276,7.89209,5.08052,-2.35439,0.0156539,7870.33,0
1.00925,8.19779,4.9828,-2.27603,0.387871,8122.62,0
1.01575,8.17634,4.87453,-2.27897,0.320534,8049.53,0
1.02227,8.28163,4.7667,-2.27152,0.429332,8101.2,0
1.02882,8.28384,4.5891,-2.81477,0.3891,8051.77,0
1.03529,8.32746,4.73573,-2.86492,0.415616,8043.58,0
1.04181,8.33055,4.8454,-3.00337,0.38757,7996.22,0
1.04832,8.46822,4.79471,-2.93854,0.518291,8077.86,0
1.05488,8.53575,4.6862,-2.67386,0.544572,8091.67,0
1.06141,8.566,4.85613,-2.72951,0.523849,8070.39,0
1.06793,8.69725,4.76923,-2.6962,0.63222,8144,0
1.07449,8.65554,4.84801,-2.45774,0.540552,8055.47,0
1.08099,8.62552,4.9211,-2.2116,0.458724,7979.29,0
1.08747,8.61526,4.97055,-2.24728,0.409063,7922.27,0
1.09395,8.64297,4.98459,-2.3591,0.408818,7900.7,0
1.10046,8.71396,5.18675,-2.36231,0.467338,7918.5,0
1.10694,8.66626,4.99308,-2.14172,0.370234,7829.05,0
1.1135,8.38718,5.04278,-2.19865,0.00451538,7532.3,0
1.12002,8.50195,5.08879,-2.28054,0.141448,7590.86,0
1.12654,8.4553,5.12084,-2.44089,0.0751793,7505.54,0
1.13306,8.6632,5.07717,-2.52153,0.32225,7645.83,0
1.13958,8.76572,5.38349,-2.18979,0.421508,7692.03,0
1.1461,8.90561,5.2297,-2.25673,0.559011,7770.39,0
1.15263,8.83217,5.29874,-2.12145,0.420796,7662.6,0
1.15912,8.9373,5.26263,-2.24171,0.492496,7710.42,0
1.16563,8.84191,5.56155,-2.14439,0.335102,7585.5,0
1.17218,8.67872,5.35655,-2.36107,0.116114,7403.89,0
1.17868,8.78577,5.25355,-2.27862,0.242861,7453.88,0
1.1852,8.80929,5.47098,-2.24737,0.248762,7432.77,0
1.19174,8.98946,5.54461,-2.54494,0.442838,7543.12,0
1.19823,8.99801,5.53425,-2.50072,0.40943,7509.39,0
1.20477,9.12311,5.67162,-2.44925,0.52669,7572.48,0
1.21127,8.90531,5.52691,-2.35769,0.220708,7352.03,0
1.21777,8.94857,5.37621,-2.34511,0.262601,7348.31,0
1.22427,9.20619,5.61093,-2.58036,0.547667,7519.75,0
1.23081,9.29237,5.68828,-2.9717,0.610251,7549.83,0
1.23732,9.2925,5.61001,-2.85564,0.556316,7510.16,0
1.24384,9.20587,5.71363,-2.79849,0.401366,7401.19,0
1.25033,9.31719,5.74444,-2.73739,0.502689,7451.77,0
1.2569,9.22792,5.75816,-2.77868,0.359152,7341.8,0
1.26339,9.11564,5.66927,-2.60902,0.188503,7215.2,0
1.2699,9.1631,5.68525,-2.89908,0.234753,7215.63,0
1.27642,9.21126,5.44386,-2.70554,0.275673,7216.5,0
1.28295,9.13848,5.52485,-2.65982,0.166465,7123.01,0
1.28945,9.07788,5.49511,-2.69367,0.084128,7040.12,0
1.29595,9.33961,5.16524,-2.42054,0.398383,7206.79,0
1.30243,9.47589,4.96081,-2.14784,0.525827,7275.54,0
1.30894,9.35049,4.63473,-2.29656,0.338115,7143.56,0
1.31547,9.54715,4.6218,-1.98243,0.548671,7257.62,0
1.32194,9.49587,4.49825,-1.81621,0.429653,7183.29,0
1.32845,9.62649,4.02311,-1.59209,0.537259,7246.4,0
1.335,9.68607,4.12997,-1.68726,0.56089,7255.48,0
1.34151,10.011,4.16582,-1.44754,0.886093,7462.5,0
1.34802,9.86425,4.42817,-1.37286,0.625794,7317.6,0
1.3545,9.92118,4.27957,-1.70018,0.635672,7324.6,0
1.36099,9.74221,4.56353,-1.70118,0.361342,7158.19,0
1.36748,9.91593,4.78551,-1.95082,0.539941,7251.24,0
1.37399,10.0515,5.11528,-2.22891,0.652966,7315.57,0
1.3805,9.8767,4.97594,-2.31892,0.388181,7154.45,0
1.387,9.92331,4.87317,-2.69509,0.422339,7154.51,0
1.39348,9.90511,4.65625,-2.40496,0.361556,7108.2,0
1.39995,9.82034,4.65507,-2.38379,0.241552,7014.77,0
1.40649,9.86797,4.51837,-2.44155,0.287835,7016.04,0
1.41299,9.97156,4.29882,-2.61862,0.396398,7057.04,0
1.41952,9.91455,3.94562,-2.36414,0.291504,6984.43,0
1.42603,9.80871,3.90551,-2.23205,0.143699,6878.32,0
1.43248,9.91807,3.8985,-2.15493,0.261008,6923.73,0
1.43902,10.1182,4.09135,-1.91454,0.482113,7031.33,0
1.44554,10.3112,4.34682,-1.91885,0.670258,7133.1,0
1.45206,10.4236,4.50748,-2.03235,0.740236,7178.49,0
1.45855,10.4681,4.63315,-2.02258,0.714347,7177.05,0
1.46504,10.4012,4.70743,-1.92244,0.571169,7099.58,0
1.47159,10.7559,4.73789,-2.06631,0.923985,7309.02,0
1.47807,11.0596,5.16434,-1.90723,1.17519,7482.44,0
1.4846,11.1766,4.95889,-1.85652,1.17466,7528.39,0
1.49111,10.9927,4.87021,-1.74934,0.813761,7372.15,0
1.49766,11.0797,4.84873,-1.90453,0.826562,7398.05,0
1.50419,11.2383,4.56736,-1.7736,0.920052,7471.29,0
1.51069,11.1919,4.3325,-1.88132,0.769878,7408.51,0
1.51717,11.2918,4.48185,-2.02482,0.783037,7442.7,0
1.52365,11.2673,4.47032,-1.94612,0.688039,7394.94,0
1.5301,11.1741,4.70843,-1.53169,0.524024,7302.84,0
1.5366,10.9677,4.61005,-1.72077,0.244824,7137.62,0
1.54311,10.9225,4.55526,-1.62886,0.18051,7078.23,0
1.54963,10.8496,4.49494,-1.6867,0.0838082,7001.41,0
1.55612,10.8987,4.52493,-1.6622,0.141124,7003.77,0
1.56261,11.044,4.68283,-1.68908,0.312914,7067.69,0
1.56914,11.2947,4.9806,-1.67147,0.563068,7198.03,0
1.57571,11.237,5.10242,-1.54881,0.434864,7131.37,0
1.58224,11.3657,5.08095,-1.49453,0.544427,7183.26,0
1.58874,11.2904,5.20321,-1.51867,0.403051,7106.53,0
1.59525,11.0659,5.11508,-1.57009,0.112773,6936.76,0
1.60178,11.2683,4.85743,-1.70123,0.355444,7034.83,0
1.6083,11.2531,4.80068,-1.87188,0.311853,6996.86,0
1.61475,11.4585,4.85684,-1.74077,0.535477,7096.11,0
1.62125,11.8024,5.14032,-1.77585,0.894171,7279.83,0
1.6277,11.7103,5.41577,-2.07178,0.675051,7194.34,0
1.63417,11.9038,5.13635,-2.09574,0.840773,7284.31,0
1.64071,11.8442,5.03531,-1.87134,0.673343,7218.95,0
1.64723,11.9496,4.9758,-1.96583,0.721967,7254.36,0
1.6537,12.3478,4.91892,-2.27313,1.12891,7466.8,0
1.66022,12.4583,4.76201,-2.02258,1.10551,7503.99,0
1.66677,12.1782,4.52545,-1.91522,0.66069,7306.46,0
1.67329,12.1732,4.71069,-2.0707,0.582638,7274.98,0
1.67977,12.0734,5.04564,-2.0546,0.39723,7187.53,0
1.68627,12.4978,5.13881,-1.92073,0.863568,7411.52,0
1.69274,12.415,4.93455,-1.76329,0.67421,7334.23,0
1.69926,12.6258,4.65081,-2.04435,0.843899,7430.16,0
1.70572,12.6008,4.73805,-2.205,0.706986,7387.39,0
1.71223,12.4854,4.86121,-2.25791,0.501775,7291.93,0
1.71875,12.5435,5.03876,-2.45727,0.52149,7298.05,0
1.72528,12.342,5.02997,-2.48951,0.244565,7153.6,0
1.73178,12.7111,4.89855,-2.67314,0.672121,7339.93,0
1.73828,12.8156,4.54741,-2.77402,0.738546,7372.54,0
1.74481,12.578,4.55114,-2.69715,0.378864,7208.8,0
1.75131,12.4806,4.44902,-2.81106,0.242584,7126.44,0
1.75784,12.4281,4.62597,-2.66294,0.16984,7070.11,0
1.76428,12.3644,4.3326,-2.84126,0.0847063,7008.17,0
1.7708,12.4178,4.20028,-3.02471,0.148291,7012.52,0
1.77729,12.5615,4.22164,-3.09492,0.315924,7067.81,0
1.78381,12.4679,4.18648,-3.07815,0.17442,6989.44,0
1.7903,12.4835,4.30784,-3.17955,0.187743,6972.84,0
1.79682,12.4313,4.22932,-3.79295,0.109761,6918.5,0
1.80332,12.723,4.43057,-3.62562,0.456774,7055.33,0
1.80981,12.8562,4.4565,-3.77054,0.576645,7103.63,0
1.81633,13.2217,4.45138,-3.82506,0.934306,7279.34,0
1.82279,13.2947,4.41775,-3.61687,0.902482,7293.6,0
1.82926,13.069,4.31322,-3.4428,0.547532,7144.42,0
1.83581,12.8522,3.9505,-3.44737,0.236207,7000.81,0
1.84232,12.7803,3.78356,-3.34001,0.131242,6937.07,0
1.84886,13.0188,3.81906,-3.29176,0.413237,7041.51,0
1.85532,13.1927,3.49758,-3.07687,0.567992,7110.72,0
1.86182,12.8844,3.57157,-3.14975,0.15995,6920.33,0
1.86832,13.1375,3.67466,-3.09906,0.455644,7031.73,0
1.8748,12.9057,3.62264,-2.88665,0.143013,6883.78,0
1.88133,12.8477,3.56611,-2.86039,0.0637322,6829.04,0
1.88786,13.2041,3.48419,-2.98864,0.485466,6994.24,0
1.89435,13.4259,3.60363,-2.91075,0.680011,7087.34,0
1.90085,13.421,3.56824,-2.85486,0.614478,7060.5,0
1.90733,13.8916,3.42813,-2.81946,1.09967,7283.29,0
1.91383,14.0935,3.67345,-2.96734,1.20106,7364.03,0
1.92033,14.4851,3.62148,-3.33568,1.48777,7543.04,0
1.92681,14.5147,4.0495,-3.14986,1.30383,7533.01,0
1.9333,14.6402,3.93967,-2.98745,1.25986,7572.65,0
1.93983,14.6681,3.65923,-2.81692,1.11027,7561.55,0
1.94632,14.4839,3.77875,-2.97046,0.784991,7441.71,0
1.95285,14.356,3.50558,-2.87462,0.550158,7351.31,0
1.95933,14.2603,3.87554,-2.72988,0.397893,7278.15,0
1.96583,14.348,3.58588,-2.83781,0.457841,7298.67,0
1.97232,14.0951,3.69822,-2.92415,0.122909,7146.44,0
1.97887,14.185,3.55571,-2.73557,0.224388,7168.22,0
1.98538,14.4783,3.51795,-2.86851,0.557982,7292.48,0
1.99188,14.8202,3.67096,-3.08984,0.912722,7440.28,0
1.99836,15.0382,3.37251,-2.83987,1.05956,7525.29,0
2.00488,14.8936,3.15568,-2.52906,0.748489,7428.67,0
2.01139,14.9717,2.93146,-2.81382,0.754739,7443.44,0
2.01794,14.8984,2.77354,-2.88316,0.57904,7382.98,0
2.02445,14.9843,2.62671,-2.68597,0.626839,7401.67,0
2.03095,14.9511,2.85862,-2.79934,0.522884,7361.61,0
2.03744,14.6525,2.59538,-2.88144,0.124473,7191.63,0
2.044,14.5872,2.52008,-2.66854,0.0322753,7136.59,0
2.05047,14.6603,2.38472,-2.69702,0.120257,7149.73,0
2.05701,14.8573,2.54519,-2.48173,0.346104,7222.77,0
2.06348,14.7241,2.59167,-2.38892,0.17094,7135.57,0
2.07002,14.8806,2.99723,-2.37361,0.350226,7188.65,0
2.07657,14.9052,3.04885,-2.44946,0.353922,7177.83,0
2.08303,14.7506,2.82241,-2.39337,0.137895,7081.33,0
2.08949,14.7723,2.81747,-2.50034,0.154185,7069.81,0
2.096,15.1241,2.575,-2.41259,0.562806,7215.71,0
2.1025,15.0293,2.52974,-2.44839,0.411942,7148.3,0
2.10899,15.2804,2.46391,-2.22346,0.671126,7245.33,0
2.11552,15.3562,2.56048,-2.17186,0.693379,7258.82,0
2.12203,15.4328,2.29399,-2.16489,0.729279,7272.64,0
2.12856,15.2476,2.25132,-2.09295,0.426839,7163.33,0
2.13506,15.5499,2.21623,-1.87062,0.757939,7283.12,0
2.14153,15.7058,2.18722,-2.19639,0.851079,7333.89,0
2.14799,15.8045,2.38609,-2.08078,0.868346,7357.82,0
2.15453,15.5066,2.4194,-2.02892,0.430675,7197.19,0
2.16106,15.3874,2.2636,-2.11438,0.253369,7120.3,0
2.1676,15.6455,1.96453,-2.25339,0.531334,7217.9,0
2.17412,15.6302,2.1843,-2.2377,0.451953,7189.21,0
2.18063,15.6689,2.0683,-2.28083,0.445941,7185.49,0
2.1872,15.7809,2.10441,-2.43494,0.536833,7215.12,0
2.19367,15.8049,2.04861,-2.23801,0.5064,7204.79,0
2.20017,16.2173,2.22322,-2.27055,0.932934,7370.95,0
2.20671,16.0789,2.07026,-2.2922,0.667919,7286.36,0
2.21322,16.1878,2.18918,-2.19195,0.736923,7314.14,0
2.21971,16.2573,2.30512,-2.07276,0.744021,7324.1,0
2.22622,16.2196,2.34776,-2.38889,0.629552,7285.73,0
2.23274,15.9802,2.08155,-2.48244,0.279573,7157.21,0
2.23924,16.0653,2.32643,-2.63063,0.352868,7174.45,0
2.24575,16.1649,2.39529,-2.24022,0.43216,7198.02,0
2.25228,16.0661,2.5472,-2.09535,0.279178,7133.25,0
2.2588,16.3443,2.75151,-2.05149,0.589341,7235.81,0
2.2653,16.4371,2.5865,-2.07782,0.662823,7256.02,0
2.27181,16.5188,2.60739,-1.88074,0.679474,7271.21,0
2.27824,16.4923,2.74498,-1.81347,0.600919,7239.03,0
2.28475,16.4955,2.42607,-1.62462,0.54866,7219.83,0
2.29123,16.4114,2.46108,-1.52453,0.406636,7162.72,0
2.29775,16.3383,2.45727,-1.4271,0.294462,7110.58,0
2.30426,16.6789,2.43865,-1.3945,0.688672,7238.28,0
2.31078,16.5944,2.37061,-1.62728,0.514363,7181.29,0
2.3173,16.3138,2.18501,-1.56527,0.150041,7040,0
2.32378,16.211,2.24239,-1.57589,0.0186264,6976.11,0
2.3303,16.2593,2.0496,-1.70196,0.0740239,6977.31,0
2.33681,16.2675,2.03192,-1.66881,0.0807214,6961.42,0
2.34331,16.5673,1.97043,-1.74567,0.436473,7070.04,0
2.34978,16.6389,1.77118,-1.58049,0.476837,7081.03,0
2.35631,16.5339,1.78747,-1.38489,0.326486,7016.85,0
2.36287,16.5966,1.83628,-1.208,0.384163,7023.92,0
2.36938,16.6945,1.82694,-1.45614,0.459038,7045.92,0
2.37581,16.8992,1.76756,-1.18636,0.670203,7113,0
2.38226,17.1673,2.0163,-1.34956,0.919781,7206.32,0
2.38874,17.2209,1.7952,-1.53158,0.879019,7209.21,0
2.39527,17.5226,1.62428,-1.62351,1.1131,7315.51,0
2.40176,17.8527,1.50637,-1.56456,1.33233,7433.2,0
2.40828,18.0651,1.41859,-1.44493,1.3962,7501.27,0
2.41478,18.3665,0.932875,-1.63131,1.54737,7605.85,0
2.42129,18.6427,0.723023,-1.81372,1.63074,7699.5,0
2.42775,18.6551,0.912658,-1.91653,1.41455,7684.1,0
2.43426,18.5736,0.925627,-1.99746,1.13047,7630.11,0
2.44076,18.4043,1.01036,-1.95388,0.760337,7540.39,0
2.44726,18.7373,0.888668,-1.89852,1.07572,7656.43,0
2.45379,18.5407,1.05045,-2.19555,0.727651,7555.92,0
2.46031,18.2485,1.1418,-2.14522,0.301717,7417.16,0
2.46682,18.0701,1.13292,-2.13375,0.0649886,7325.27,0
2.47335,18.1761,1.0528,-2.1458,0.192297,7348.78,0
2.47986,18.0976,1.22103,-2.25802,0.0830888,7297.84,0
2.48635,18.2729,1.17301,-2.294,0.297009,7349.31,0
2.49287,18.3149,1.0281,-2.24412,0.331101,7346.9,0
2.49937,18.1647,1.06351,-2.29721,0.123165,7267.72,0
2.50582,18.2077,1.12333,-2.30694,0.173986,7266.16,0
2.51231,18.3136,1.1646,-2.32245,0.27795,7289.57,0
2.51879,18.4902,0.933453,-2.36514,0.466813,7340.91,0
2.52529,18.4691,1.18696,-2.32279,0.398421,7313.64,0
2.53186,18.6306,1.10449,-2.20208,0.560404,7358.46,0
2.53836,18.8,0.987128,-2.27221,0.725354,7406.34,0
2.54486,18.7127,0.869496,-2.05526,0.548183,7353.12,0
2.55136,18.6399,1.06927,-2.09114,0.415736,7305.84,0
2.55783,18.6715,1.15408,-2.29051,0.408981,7299.74,0
2.56434,18.5536,1.20579,-2.23367,0.229374,7235.22,0
2.57086,18.6131,1.10499,-2.26198,0.285329,7240.03,0
2.57737,18.4703,1.12114,-2.21601,0.102297,7166.34,0
2.58387,18.5013,1.03653,-2.06051,0.132761,7160.31,0
2.59034,18.8248,1.107,-2.09075,0.517625,7267.3,0
2.59684,18.6488,1.12042,-2.11556,0.266922,7181.34,0
2.60333,18.6526,0.815145,-2.05522,0.25818,7164.89,0
2.60979,18.7735,1.07225,-2.14584,0.394452,7193.5,0
2.61633,18.856,0.911208,-2.28343,0.465798,7207.04,0
2.62281,19.097,1.04529,-2.26014,0.718456,7281.13,0
2.62935,19.152,1.17018,-2.0252,0.71132,7283.94,0
2.63587,18.9662,1.04597,-2.10039,0.435692,7195.41,0
2.64237,18.7107,1.11973,-2.39387,0.103818,7081.02,0
2.64892,18.9362,1.12841,-2.2168,0.362472,7148.66,0
2.65542,18.8885,1.04581,-2.18891,0.279271,7113.2,0
2.66196,19.4416,1.42887,-2.375,0.906658,7303.49,0
2.66848,19.2182,1.30919,-2.42574,0.537017,7201.91,0
2.67501,19.1263,0.982205,-2.61477,0.390705,7150,0
2.68155,19.165,0.954382,-2.85633,0.397289,7147.01,0
2.68804,19.0809,0.878014,-2.93927,0.271581,7098.43,0
2.69455,19.2908,0.885202,-2.76427,0.509285,7159.19,0
2.70102,19.6972,0.778179,-2.54482,0.918862,7292.52,0
2.70755,19.7943,0.585816,-2.62838,0.926859,7310.76,0
2.71407,19.914,0.625151,-2.81583,0.951432,7337.32,0
2.72058,20.0338,0.820924,-2.64928,0.972085,7363.81,0
2.72706,20.0974,1.17374,-2.70678,0.943049,7369.61,0
2.73357,19.9965,1.34181,-2.79668,0.725544,7315.19,0
2.74008,20.0601,1.54247,-2.99862,0.717017,7321,0
2.7466,19.8902,1.22265,-3.24013,0.426593,7241.74,0
2.75306,19.7859,1.48836,-3.35379,0.274598,7186.88,0
2.75956,19.837,1.798,-3.30953,0.311816,7188.47,0
2.76609,20.2107,1.68899,-3.27622,0.722624,7306.6,0
2.77258,20.1464,1.71717,-3.33701,0.588938,7266.27,0
2.77913,20.3587,1.89934,-3.55098,0.772986,7325.56,0
2.78561,20.3609,2.20844,-3.48488,0.704841,7309.32,0
2.7921,20.6549,2.10173,-3.43217,0.976809,7397.6,0
2.79863,20.5177,2.27187,-3.47997,0.692175,7331.35,0
2.80519,20.7824,2.73424,-3.70929,0.923226,7408.55,0
2.81174,20.5701,2.8871,-3.70539,0.552248,7315.79,0
2.81825,20.3899,2.96658,-3.77988,0.288981,7234.96,0
2.82475,20.2371,3.01219,-3.79815,0.0828652,7164.2,0
2.83123,20.2167,3.08867,-3.5662,0.0546031,7140.61,0
2.83772,20.3033,2.99379,-3.67823,0.158736,7154.81,0
2.84422,20.383,3.02848,-3.81573,0.246747,7166.44,0
2.85072,20.4295,3.04341,-3.63531,0.277128,7166.44,0
2.8572,20.8225,2.94788,-3.39363,0.724186,7287.74,0
2.86371,20.484,2.98249,-3.48544,0.271967,7152.96,0
2.87026,20.5408,3.1268,-3.30925,0.322171,7156.44,0
2.87673,20.3601,3.34807,-3.33529,0.0760897,7077.52,0
2.88324,20.4136,3.49143,-3.56356,0.13567,7080.08,0
2.88977,20.3543,3.6613,-3.54302,0.0514658,7043.57,0
2.89622,20.3504,3.56308,-3.5182,0.0425629,7026.55,0
2.90274,20.4186,3.72138,-3.62116,0.122917,7034.24,0
2.90925,20.4698,3.75804,-3.58708,0.181516,7036.12,0
2.91578,20.5218,3.50088,-3.46733,0.22853,7038.2,0
2.9223,20.7595,3.52826,-3.78738,0.494466,7103.8,0
2.92883,20.5907,3.24807,-3.65369,0.250851,7030.36,0
2.93535,20.6624,3.0236,-3.56553,0.310697,7039.15,0
2.94182,20.7782,2.9844,-3.62621,0.424602,7063.02,0
2.94834,20.5764,3.04677,-3.59263,0.147896,6978.97,0
2.9549,20.5116,2.83151,-3.73389,0.0602349,6941.55,0
2.96143,20.6501,3.0032,-3.67204,0.230121,6973.01,0
2.96798,20.6904,3.15948,-3.7036,0.262987,6971.23,0
2.97448,20.8771,3.23543,-3.54268,0.468497,7018.74,0
2.98098,20.8136,3.48383,-3.28288,0.362051,6982.14,0
2.98748,20.7782,3.03199,-3.56326,0.294698,6955.08,0
2.99397,20.8226,3.03588,-3.39028,0.325301,6954.85,0
3.00048,20.9539,3.05476,-3.5508,0.442836,6983.52,0
3.00697,21.154,3.10222,-3.33335,0.650809,7034.98,0
3.01351,21.4142,3.02727,-3.50759,0.897605,7106.05,0
3.01998,21.236,3.28292,-3.20605,0.598091,7031.86,0
3.02642,21.1106,3.12098,-3.18773,0.392924,6975.43,0
3.03295,21.0427,2.81333,-3.08164,0.268878,6938.04,0
3.03948,20.9278,2.81035,-2.85397,0.111501,6885.34,0
3.04602,21.0366,2.82048,-2.79977,0.240083,6906.28,0
3.05253,20.9075,3.01191,-3.06317,0.0723916,6849.23,0
3.05909,20.9749,2.77356,-3.08394,0.151519,6856.58,0
3.0656,21.1808,2.76206,-3.18551,0.394648,6909.19,0
3.07208,20.9904,2.84153,-3.17635,0.132231,6832.62,0
3.07857,21.083,3.01598,-3.22803,0.236202,6848.31,0
3.08509,21.1145,3.08029,-3.19363,0.243338,6844.03,0
3.09161,21.4698,3.12476,-3.21305,0.653294,6944.53,0
3.09813,21.3909,3.13736,-2.98344,0.485465,6904.46,0
3.10464,21.4533,3.12658,-2.94643,0.523321,6910.07,0
3.11116,21.4467,3.04629,-3.21058,0.478952,6893.48,0
3.1177,21.8453,2.88669,-3.11656,0.905072,7006.86,0
3.12419,21.7712,2.79958,-3.1187,0.69935,6968.58,0
3.13065,21.8081,2.84608,-3.08268,0.67376,6965.99,0
3.13714,22.218,2.76247,-3.23627,1.08905,7082.23,0
3.14368,22.1567,2.76796,-3.30783,0.886385,7048.02,0
3.15019,22.5137,2.55901,-3.47464,1.18412,7146.79,0
3.15671,22.6624,2.36015,-3.4951,1.22154,7179.11,0
3.16325,22.862,2.65241,-3.52645,1.30853,7227.37,0
3.16974,22.7492,2.83902,-3.1899,1.01529,7176.99,0
3.17628,23.0554,2.41958,-2.83311,1.26257,7258.62,0
3.18281,23.0774,2.72325,-2.7974,1.13863,7250.62,0
3.18936,23.2051,2.8371,-2.5942,1.12951,7275.8,0
3.19593,22.8955,3.04741,-2.54626,0.616255,7163.95,0
3.20245,22.9395,2.97362,-2.50072,0.621032,7163.12,0
3.20899,22.9885,3.22394,-2.54483,0.627497,7163.77,0
3.21545,22.933,3.15771,-2.51729,0.514301,7132.12,0
3.22195,22.9187,3.11731,-2.71308,0.43764,7113.28,0
3.22849,22.8348,3.43984,-2.63972,0.300428,7072.88,0
3.23499,22.9009,3.40871,-2.53648,0.368321,7079.14,0
3.24153,23.0218,3.39675,-2.9422,0.478728,7102.15,0
3.24802,23.1007,3.37919,-3.09911,0.531348,7112.22,0
3.25455,22.9827,3.33821,-3.03381,0.347565,7061.71,0
3.26106,23.2905,3.48934,-3.1989,0.689266,7142.01,0
3.2676,23.3374,3.13483,-3.20504,0.683354,7142.07,0
3.2741,23.4778,3.14635,-2.72399,0.787619,7170.77,0
3.28063,23.3809,3.24585,-2.42005,0.581322,7126.95,0
3.28715,23.452,3.32364,-2.27137,0.629363,7134.44,0
3.29367,23.2349,3.35959,-2.38292,0.310275,7054.39,0
3.30016,23.0705,3.21769,-2.44405,0.0965477,6990.7,0
3.30664,23.2894,3.37415,-2.33051,0.352194,7043.23,0
3.31314,23.448,3.05445,-2.50209,0.514963,7077.29,0
3.31965,23.4574,2.93112,-2.50739,0.481303,7066.24,0
3.32618,23.5934,2.73186,-2.20872,0.59206,7093.24,0
3.33272,23.4892,2.64082,-1.77644,0.397918,7048.04,0
3.33926,23.8192,2.95223,-1.85941,0.756157,7133.07,0
3.34578,23.9717,2.70063,-1.90476,0.857371,7164.78,0
3.35224,24.0137,2.41674,-1.76076,0.804897,7163.49,0
3.35872,24.3801,2.27882,-1.68873,1.13379,7258.74,0
3.36527,24.8688,2.41594,-1.40045,1.53264,7389.84,0
3.37179,24.8837,2.79344,-1.39181,1.30338,7379.99,0
3.3783,24.7199,2.73727,-1.2646,0.951713,7317.26,0
3.38481,24.8148,2.90991,-1.41501,0.962811,7331.23,0
3.39131,24.7152,2.82669,-1.85198,0.742524,7287.82,0
3.39778,24.5556,2.87037,-2.01815,0.48517,7226.93,0
3.40428,24.5676,3.20975,-2.2052,0.449668,7216.69,0
3.41077,24.4168,3.05376,-2.2117,0.240415,7158.73,0
3.41728,24.6485,3.15586,-2.19529,0.500929,7212.91,0
3.4238,24.6164,3.0795,-2.24112,0.436063,7189.8,0
3.4303,24.5217,3.03667,-2.19645,0.288368,7148.57,0
3.4368,24.5405,2.94592,-2.03848,0.286868,7140.5,0
3.44333,24.6508,3.38933,-1.80344,0.396646,7159,0
3.44986,24.6177,3.44586,-1.60406,0.331523,7135.85,0
3.45638,24.5703,3.55757,-1.66348,0.256534,7108.66,0
3.46283,24.8546,3.48272,-1.43536,0.578633,7177.53,0
3.46932,24.8677,3.33642,-1.323,0.544647,7167.89,0
3.47584,25.1874,3.37822,-1.03663,0.857472,7246.4,0
3.48237,25.56,3.71071,-0.850841,1.19597,7339.83,0
3.48889,25.4717,3.72127,-1.12383,0.928689,7300.8,0
3.49537,25.6888,3.52532,-1.09688,1.05204,7349.38,0
3.50193,26.0988,3.69695,-1.00565,1.38224,7452.71,0
3.50842,26.3215,3.59362,-0.715103,1.45974,7502.38,0
3.51494,26.4207,3.78706,-1.0406,1.35933,7516.69,0
3.52144,26.3523,3.92739,-0.828839,1.08645,7483.39,0
3.528,26.1787,3.96909,-0.580459,0.769304,7420.26,0
3.5345,26.212,4.066,-1.0256,0.728322,7416.04,0
3.54102,26.2318,3.98587,-0.586902,0.687397,7408,0
3.54751,26.3112,4.13714,-0.763332,0.7097,7416.81,0
3.55404,26.0853,4.22969,-0.775514,0.362035,7339.63,0
3.56056,26.2544,4.25825,-0.556533,0.536112,7373.65,0
3.56707,26.3424,4.4383,-0.424515,0.591458,7384.88,0
3.57355,26.6241,4.67533,-0.110618,0.854893,7450.32,0
3.58006,26.7763,4.73115,-0.0696404,0.930148,7479.29,0
3.5866,26.6529,4.61336,-0.078589,0.688408,7431.23,0
3.59311,26.537,4.36456,-0.064308,0.488646,7385.53,0
3.59961,26.4422,4.51945,-0.118192,0.344137,7345.87,0
3.60612,26.8199,4.58804,-0.120699,0.75565,7437.31,0
3.61267,26.8815,4.21145,-0.238589,0.752251,7440.9,0
3.61917,27.4371,4.14848,0.15233,1.29547,7581.06,0
3.62567,27.336,3.87355,-0.230632,1.00813,7539.58,0
3.6322,27.287,3.70079,-0.195536,0.845374,7512.53,0
3.63868,27.0113,3.64459,-0.198858,0.430958,7423.38,0
3.64518,27.0287,3.66804,-0.251836,0.411884,7414.9,0
3.65175,27.3497,3.57191,-0.158441,0.759805,7489.49,0
3.65823,27.3197,3.50576,-0.361203,0.649902,7468.02,0
3.66473,27.3476,3.17223,-0.732184,0.625069,7462.38,0
3.67125,26.9313,3.31638,-0.568397,0.0725091,7335.72,0
3.67779,27.5498,3.44139,-0.645661,0.800148,7490.85,0
3.68428,27.3068,3.80251,-0.533992,0.436661,7411.72,0
3.69084,27.1644,3.98447,-0.494631,0.231266,7359.94,0
3.69729,27.2496,3.91432,-0.590645,0.330421,7370.15,0
3.7038,27.3629,4.06518,-0.775674,0.443695,7387.79,0
3.71034,27.4079,3.97617,-0.704035,0.462692,7386.89,0
3.71687,27.3858,3.98324,-0.503472,0.402779,7367.98,0
3.72338,27.2506,3.92572,-0.362056,0.20133,7318.78,0
3.72988,27.4483,3.94351,-0.392438,0.420979,7359.04,0
3.73639,27.4705,3.85379,-0.439379,0.425477,7352.15,0
3.74288,27.416,3.72488,-0.596168,0.320681,7324.85,0
3.74936,27.4704,3.904,-0.450235,0.354956,7326.69,0
3.75585,27.5392,3.95172,-0.490429,0.414071,7332.35,0
3.76233,27.932,3.85734,-0.502083,0.834472,7424.13,0
3.76885,28.3015,3.75022,-0.266479,1.16451,7509.34,0
3.77535,28.1871,3.80813,-0.158282,0.889436,7466.09,0
3.78185,28.1216,3.83292,-0.236227,0.711793,7435.95,0
3.78834,28.3783,3.65559,-0.405142,0.938385,7490.96,0
3.79486,28.1575,3.82234,-0.17108,0.560168,7419.92,0
3.80135,28.081,3.94964,-0.185153,0.411965,7387.1,0
3.8079,28.0406,3.83763,-0.193213,0.323092,7363.79,0
3.81443,28.0548,3.63221,-0.0719745,0.319656,7354.91,0
3.82093,28.0435,3.57627,0.0964232,0.278114,7339.46,0
3.82743,28.1106,3.59882,0.22971,0.342295,7344.51,0
3.83392,28.1408,3.63252,0.317246,0.348181,7339.94,0
3.84042,28.1597,3.85164,0.393923,0.345926,7332.45,0
3.84695,28.436,4.04291,0.000183351,0.63819,7391.82,0
3.85343,28.3736,4.4596,-0.151324,0.514564,7363.21,0
3.85994,28.5942,4.50088,0.0589215,0.719598,7407.94,0
3.86644,28.5355,4.75176,0.215786,0.568459,7380.29,0
3.87294,28.466,4.77837,0.39683,0.431239,7349.98,0
3.87946,28.4955,4.4927,0.174991,0.431722,7345.21,0
3.88595,28.5948,4.90385,0.181343,0.512803,7358.53,0
3.89244,28.4467,4.98376,0.252206,0.283957,7308.2,0
3.89892,28.3801,4.86625,0.164345,0.188741,7278.96,0
3.90544,28.3787,4.80217,-0.111745,0.173356,7266.47,0
3.91198,28.6836,5.06622,-0.210691,0.524471,7332.25,0
3.91848,28.6695,4.88162,0.0764591,0.460052,7316.49,0
3.92499,28.7488,4.90433,0.114257,0.508708,7324.54,0
3.93149,28.587,4.97713,0.260373,0.267935,7271.3,0
3.93798,28.5156,4.78963,0.179114,0.16836,7241.17,0
3.9445,28.6016,4.84906,0.171206,0.261999,7251.01,0
3.95102,28.7173,4.82802,-0.0730058,0.383365,7268.33,0
3.95751,29.1098,4.65692,0.020252,0.814581,7355.57,0
3.96402,28.9953,4.98565,0.0204187,0.588606,7314.62,0
3.97051,28.7481,5.20228,-0.220148,0.246261,7240.41,0
3.97699,28.6932,5.19661,-0.360382,0.158026,7214.8,0
3.9835,28.7547,5.02871,-0.655944,0.22039,7218.46,0
3.99002,28.6892,5.15921,-0.776518,0.134476,7190.24,0
3.99653,28.7401,5.14066,-0.903087,0.189815,7191.26,0
4.00302,28.6049,5.30983,-1.12604,0.0132304,7145.84,0
4.00952,28.7788,5.32434,-1.04802,0.22327,7177.6,0
4.01604,28.8602,5.23246,-0.915967,0.30842,7186.24,0
4.02254,28.9976,4.98334,-1.23141,0.437052,7208.77,0
4.0291,28.7039,5.19311,-1.35245,0.0531647,7124.14,0
4.03558,28.8634,5.29435,-1.32474,0.244421,7152.23,0
4.04208,28.9265,5.33111,-1.49245,0.300454,7156.34,0
4.04857,28.841,5.22157,-1.38282,0.182286,7123.75,0
4.05512,28.8573,5.04793,-1.22769,0.186752,7116.27,0
4.06161,29.1134,5.03544,-1.25557,0.464893,7167.95,0
4.06811,29.239,5.18702,-1.29156,0.574983,7187.36,0
4.07462,29.1057,5.41148,-1.19273,0.374774,7143.18,0
4.08113,28.9154,5.43967,-1.21297,0.104541,7085.15,0
4.08767,28.9231,5.53956,-1.23656,0.110675,7075.7,0
4.09416,28.956,5.71178,-1.20118,0.143201,7072.51,0
4.10068,29.0522,5.7921,-1.22032,0.246748,7084.72,0
4.10717,28.9465,5.879,-1.3078,0.0998593,7047.8,0
4.11369,29.0896,5.93037,-1.31922,0.269361,7071.43,0
4.12021,29.1002,5.71935,-1.2409,0.264198,7062.79,0
4.12675,29.0454,5.74848,-1.37595,0.185333,7038.32,0
4.13321,29.0347,5.69056,-1.51671,0.16561,7024.73,0
4.13971,29.1866,5.84999,-1.40752,0.339981,7050.4,0
4.1462,29.6846,5.93337,-1.2787,0.896094,7159.47,0
4.15271,29.8115,6.12466,-1.16993,0.941141,7178.82,0
4.15925,29.8131,5.95716,-1.10784,0.863242,7167.91,0
4.16575,30.1127,5.6415,-1.13246,1.10618,7228.65,0
4.17224,30.042,5.79237,-0.973901,0.875197,7200.44,0
4.17875,30.091,5.82006,-0.793304,0.827856,7200.98,0
4.18525,30.1693,6.14707,-0.571763,0.809205,7208.48,0
4.19171,29.9365,6.20715,-0.438013,0.442138,7141.83,0
4.19822,29.9112,6.06034,-0.458791,0.386312,7124.73,0
4.20471,29.9794,5.42481,-0.828968,0.437697,7129.94,0
4.21128,29.8813,5.08547,-1.09824,0.297857,7095.52,0
4.21778,30.01,5.18733,-1.33498,0.431903,7115.11,0
4.22431,29.9641,5.08238,-1.38883,0.341855,7093.24,0
4.2308,29.9719,4.94252,-1.40451,0.32333,7084.23,0
4.23729,30.1007,5.108,-1.56121,0.458529,7103.76,0
4.2438,30.0725,5.17653,-1.42036,0.393542,7086.24,0
4.25034,30.416,5.15642,-1.1522,0.77313,7156.13,0
4.25681,30.5127,5.39432,-0.984471,0.801709,7167.98,0
4.26332,30.5517,5.09923,-0.811134,0.765219,7166.18,0
4.26986,30.5297,5.31316,-1.2801,0.651307,7150.06,0
4.2764,30.7,5.07922,-1.57076,0.771504,7178.94,0
4.2829,30.6893,4.858,-1.70828,0.68838,7165.55,0
4.28938,30.8224,4.78959,-1.56705,0.780566,7185.75,0
4.2959,31.0203,4.51168,-1.72387,0.924768,7220.9,0
4.30245,31.0281,4.4945,-1.71547,0.813773,7211.72,0
4.30894,31.2319,4.36976,-1.66155,0.967102,7248.16,0
4.31543,31.104,4.55076,-1.79927,0.706655,7207.62,0
4.32193,31.1737,4.07428,-1.80907,0.705082,7212.93,0
4.32844,30.9831,3.93692,-2.04471,0.407869,7158.03,0
4.33496,30.9591,4.02457,-2.11451,0.361569,7141.73,0
4.34146,31.157,3.84934,-2.25047,0.566434,7176.62,0
4.34799,31.314,3.81933,-2.18426,0.685563,7201.95,0
4.35448,31.3463,3.5168,-2.15065,0.668679,7198.64,0
4.36098,31.3815,3.44009,-2.1034,0.63921,7195.96,0
4.36747,31.6513,3.4484,-1.87992,0.906321,7247.05,0
4.37398,31.5862,3.72039,-2.41076,0.72029,7221.39,0
4.38048,31.5473,3.58155,-2.52638,0.609008,7201.8,0
4.38698,31.251,3.70134,-2.45619,0.207937,7123.58,0
4.39346,31.1975,3.65007,-2.45177,0.131643,7100.89,0
4.39994,31.436,3.71206,-2.30725,0.421608,7144.65,0
4.40644,31.7818,3.70487,-2.5362,0.795011,7212.58,0
4.41292,31.4156,3.88401,-2.50587,0.266373,7118.99,0
4.41946,31.3599,3.89589,-2.54438,0.184292,7095.85,0
4.42596,31.5351,3.72755,-2.69338,0.384439,7125.04,0
4.4325,31.3921,3.72061,-2.61282,0.19459,7082.26,0
4.43902,31.5634,3.78516,-2.48514,0.382243,7110.45,0
4.44552,31.4036,3.50733,-2.347,0.165483,7064.1,0
4.45202,31.5888,3.19672,-2.44459,0.378436,7095.38,0
4.45851,31.741,3.21061,-2.37051,0.52626,7119.2,0
4.465,31.9639,2.91526,-2.19708,0.749614,7158.78,0
4.4715,31.9947,2.91091,-2.03045,0.694971,7155.25,0
4.47807,32.125,3.04342,-1.95282,0.780371,7173.86,0
4.48459,32.1663,3.08882,-1.99208,0.748854,7172.64,0
4.49107,32.5187,3.35542,-2.1841,1.07153,7240.74,0
4.49757,32.9797,3.39091,-2.41225,1.47869,7332.8,0
4.50409,32.698,3.42744,-2.2415,0.956029,7259.62,0
4.51059,32.9674,3.61501,-1.87803,1.16588,7308.89,0
4.5171,32.7412,3.6704,-2.14139,0.74097,7248.28,0
4.52362,32.5406,3.84492,-2.23779,0.440401,7193.48,0
4.53011,32.35,4.12643,-2.21209,0.17964,7141.11,0
4.5366,32.3834,4.10575,-2.1657,0.215611,7138.25,0
4.54312,32.4391,4.22366,-2.28138,0.269311,7140.26,0
4.54964,32.383,4.17437,-2.1272,0.179379,7117.7,0
4.55616,32.4505,4.20877,-2.07317,0.254475,7122.33,0
4.56264,32.3886,4.14589,-2.36658,0.156224,7098.65,0
4.56912,32.6335,3.98323,-2.47169,0.444129,7142.18,0
4.57566,32.3536,4.07585,-2.64946,0.0709018,7070.81,0
4.58217,32.5071,4.18356,-2.68859,0.254398,7094.26,0
4.58871,32.5633,4.14159,-2.59827,0.306497,7096.39,0
4.59523,32.7032,4.08372,-2.81359,0.459515,7116.77,0
4.6017,32.8411,4.13967,-2.44302,0.584309,7136.73,0
4.60821,32.7933,4.2683,-2.20109,0.471493,7116.29,0
4.61471,32.834,4.6557,-2.06507,0.48692,7115.07,0
4.62119,32.6075,4.63498,-2.13645,0.17905,7056.09,0
4.6277,32.4939,4.63968,-2.24036,0.0331752,7021.62,0
4.63423,32.5001,4.64792,-2.32595,0.0363703,7013.04,0
4.64071,32.5968,4.66411,-2.25104,0.151141,7024.09,0
4.64721,32.5869,4.54459,-2.19302,0.135228,7012.14,0
4.65375,32.625,4.48006,-2.26643,0.174556,7010.48,0
4.66028,32.8314,4.43062,-2.12472,0.412834,7044.94,0
4.66681,32.7271,4.40117,-2.41671,0.249526,7012.74,0
4.6733,32.946,4.41009,-2.0546,0.489149,7049.85,0
4.67982,32.965,4.79306,-2.34574,0.457646,7044.08,0
4.68632,32.9567,4.74319,-2.59592,0.417644,7032.53,0
4.69282,33.1474,4.66261,-2.78489,0.618146,7063.43,0
4.69935,33.0795,4.68273,-2.76288,0.476302,7039.17,0
4.70583,33.0265,4.56893,-2.84459,0.383392,7018.2,0
4.71232,33.0625,4.31335,-2.83574,0.393783,7016.18,0
4.71887,32.8219,4.24114,-2.69966,0.0735502,6955.46,0
4.72535,32.8428,4.25809,-2.66558,0.0960583,6950.34,0
4.73186,32.8716,4.08197,-2.74065,0.125591,6946.86,0
4.73838,33.1199,4.18387,-2.66905,0.411083,6989.72,0
4.74491,33.2171,4.34021,-2.59053,0.500626,7000.57,0
4.75142,33.3382,4.06026,-2.44847,0.59829,7016.47,0
4.7579,33.4587,3.9799,-2.46997,0.682985,7032.25,0
4.76437,33.5304,3.90295,-2.4426,0.70064,7037.73,0
4.77085,33.6621,3.85096,-2.42189,0.789553,7055.78,0
4.77745,33.6445,4.11054,-2.3663,0.682198,7042.35,0
4.78397,33.528,4.18759,-2.33355,0.482173,7008.4,0
4.79046,33.9226,4.25357,-2.23245,0.920314,7081.29,0
4.79697,34.0751,4.24899,-2.59815,0.977637,7103.46,0
4.80344,34.4766,4.10801,-2.47375,1.30954,7177.48,0
4.80993,34.4549,4.2208,-2.79483,1.10059,7163.29,0
4.81647,34.5557,4.27737,-2.64638,1.06393,7174.5,0
4.82299,34.7473,4.26342,-2.51361,1.13533,7204.51,0
4.82954,34.7778,4.28043,-2.81287,1.04614,7201.05,0
4.83606,34.5078,4.29159,-3.05702,0.615357,7135.53,0
4.84255,34.5838,4.16874,-3.05252,0.662426,7141.66,0
4.84904,34.7839,4.26258,-3.11286,0.84722,7173.36,0
4.85554,34.7992,4.22805,-2.70589,0.764831,7166.92,0
4.8621,34.5201,3.84126,-2.76581,0.360166,7099.84,0
4.86863,34.5969,4.20799,-2.9155,0.423996,7106.08,0
4.87511,34.6256,4.14289,-2.42385,0.42599,7102.53,0
4.88162,34.8009,4.01565,-2.47772,0.589448,7128.96,0
4.88817,34.9233,4.1084,-2.3044,0.69447,7144.46,0
4.89469,35.0255,4.0908,-2.2525,0.7563,7155.82,0
4.90113,35.0944,3.84092,-2.33689,0.766878,7160.47,0
4.90769,35.1849,3.95283,-2.3551,0.787669,7169.33,0
4.9142,35.5961,3.79563,-2.38045,1.18011,7243.52,0
4.92075,36.0248,3.63418,-2.19902,1.49932,7321,0
4.92728,36.0717,3.52093,-2.27171,1.35298,7320.81,0
4.9338,36.1479,3.57116,-2.43771,1.25304,7326.59,0
4.9403,36.5329,3.64115,-2.26942,1.50027,7394.87,0
4.94679,36.6664,3.64696,-2.1713,1.45919,7412.16,0
4.95327,36.7155,3.79855,-2.28386,1.31659,7412.37,0
4.95974,36.7336,3.82955,-2.40985,1.15795,7406.35,0
4.96623,36.8465,4.01408,-2.28486,1.16186,7419.41,0
4.97273,36.9583,4.26253,-2.31948,1.13177,7432.19,0
4.97928,37.206,4.1409,-2.44637,1.26459,7472.16,0
4.98578,37.2667,3.79385,-2.17677,1.13812,7474.58,0
4.99231,37.0492,3.75594,-2.28382,0.727662,7421.26,0
4.99877,36.844,3.79322,-2.16657,0.394655,7370.62,0
5.00526,37.0659,3.82185,-1.98373,0.633425,7405.39,0
5.01175,37.1522,3.41869,-2.00594,0.679121,7413.02,0
5.01828,37.0312,3.47387,-2.24764,0.476466,7379.27,0
5.02479,37.0146,3.78001,-2.1282,0.412224,7366.4,0
5.03129,36.8827,3.45418,-2.19682,0.222708,7330.66,0
5.03778,36.9226,3.46044,-2.00341,0.265167,7329.14,0
5.04428,36.8235,3.50839,-1.96849,0.13233,7300.06,0
5.0508,36.802,3.38472,-1.8736,0.098315,7286.36,0
5.05732,37.1484,3.55411,-1.75969,0.508782,7345.48,0
5.06382,37.3291,4.04105,-1.50024,0.682165,7371.72,0
5.07036,37.8585,3.90122,-1.62297,1.23036,7466.64,0
5.07683,37.9146,3.77708,-1.57919,1.15264,7468.17,0
5.08331,38.0713,3.75246,-1.37352,1.1801,7489.46,0
5.08984,38.0193,3.61841,-1.67173,0.957925,7469.64,0
5.09634,37.974,3.63907,-1.59729,0.801066,7451.22,0
5.10287,37.7093,3.53093,-1.67457,0.395774,7389.83,0
5.10935,37.7115,3.33047,-1.70135,0.362699,7380.88,0
5.11585,37.7898,3.53053,-1.3832,0.423383,7386.8,0
5.12238,37.793,3.58873,-1.73143,0.395656,7378.02,0
5.12893,37.7705,3.79742,-1.79631,0.344485,7364.2,0
5.13543,37.9287,4.00404,-1.63981,0.505752,7385.69,0
5.14192,37.9413,3.77709,-1.75954,0.473166,7378.84,0
5.14846,37.8783,4.19547,-1.40184,0.358305,7357.22,0
5.15497,38.0978,4.38036,-1.35331,0.586746,7390.49,0
5.16146,37.9289,4.40696,-1.09627,0.328203,7348.48,0
5.16798,38.5286,4.51692,-1.53412,0.994214,7455.26,0
5.17452,38.5783,4.81201,-1.66761,0.887286,7455.43,0
5.18105,38.5387,4.87471,-1.95665,0.747024,7438.4,0
5.18752,38.3767,4.7862,-1.86078,0.498448,7397.9,0
5.19406,38.3893,4.82863,-1.79562,0.480746,7391.01,0
5.20059,38.5918,4.7552,-1.7234,0.669674,7420.66,0
5.20714,38.6394,4.76401,-1.80626,0.655401,7420.46,0
5.21369,38.5573,4.5693,-1.69286,0.503392,7395.4,0
5.22023,38.7799,4.39127,-1.52577,0.725153,7428.77,0
5.22674,38.7213,4.38416,-1.80602,0.561628,7408.31,0
5.23321,38.6669,4.48931,-1.90095,0.441968,7388.75,0
5.23969,38.6767,4.58298,-2.02637,0.420423,7381.48,0
5.24622,38.616,4.4742,-1.97764,0.314493,7360.72,0
5.25275,38.6277,4.21833,-1.73717,0.304891,7353.81,0
5.25925,38.7784,4.37678,-1.85118,0.469615,7373.36,0
5.26583,38.9283,4.48025,-2.11505,0.607322,7392.62,0
5.27237,38.7675,4.67835,-1.99247,0.356434,7352.95,0
5.27889,38.6791,4.82898,-1.86237,0.222104,7327.12,0
5.28541,38.9152,4.62658,-1.87725,0.488442,7362.76,0
5.2919,39.1393,4.68845,-1.959,0.699451,7396.07,0
5.29838,39.4996,4.64975,-1.98937,1.05176,7455.02,0
5.30489,39.9281,4.27563,-2.12663,1.38987,7526.67,0
5.3114,40.1119,4.56169,-2.45824,1.39561,7552.03,0
5.3179,40.1478,4.21899,-2.49914,1.25346,7549.56,0
5.32438,40.1805,4.27268,-2.47999,1.11639,7546.51,0
5.33088,40.2454,4.49021,-2.30759,1.0363,7549.48,0
5.33738,40.2462,4.22603,-1.84454,0.899592,7540.44,0
5.34391,40.2713,4.2979,-1.38618,0.82706,7535.93,0
5.35041,40.4666,4.5896,-1.4434,0.957596,7563.28,0
5.35691,40.3191,4.6995,-1.60808,0.66664,7526.56,0
5.36343,40.1699,4.44699,-1.73597,0.424614,7489.59,0
5.36991,40.1102,4.7441,-1.43191,0.318274,7469.43,0
5.37641,40.2023,4.92678,-1.40013,0.415838,7477.54,0
5.3829,40.1418,4.80726,-1.37686,0.315985,7457.28,0
5.38943,40.4183,4.81433,-1.33312,0.631427,7499.55,0
5.39593,40.548,4.77321,-1.32118,0.710938,7514.56,0
5.40241,40.7463,5.25589,-1.17786,0.878762,7542.23,0
5.40895,40.4779,5.46102,-1.13026,0.465086,7483.52,0
5.41543,40.3438,5.52933,-0.979942,0.261709,7449.78,0
5.42193,40.4751,5.54117,-0.875629,0.387741,7465.08,0
5.42845,40.4943,5.71456,-0.903683,0.382978,7459.63,0
5.43496,40.3696,5.83324,-0.752244,0.210581,7427.77,0
5.44148,40.4586,6.04085,-0.676941,0.297812,7435.22,0
5.44802,40.6847,5.89701,-0.613354,0.545013,7467.8,0
5.45454,40.7219,6.17448,-0.720869,0.542352,7465.7,0
5.46104,40.4954,6.01634,-0.642357,0.229171,7415.33,0
5.46751,40.3922,6.14695,-0.713594,0.0932728,7387.68,0
5.47401,40.3954,6.00086,-0.630964,0.0950044,7379.49,0
5.48048,40.436,5.92689,-0.616115,0.142,7378.18,0
5.487,40.4271,5.85253,-0.458435,0.126698,7367.81,0
5.4935,40.5125,5.78631,-0.430159,0.2221,7374.63,0
5.50001,40.5437,6.02283,-0.539926,0.245382,7371.57,0
5.50648,40.797,5.95636,-0.602946,0.519675,7408.91,0
5.51302,41.0327,5.97151,-0.588036,0.758997,7442.88,0
5.51952,41.0904,5.76452,-0.851459,0.748356,7444.55,0
5.52599,41.2653,5.60934,-0.724042,0.865157,7467.49,0
5.53251,40.8766,5.62644,-0.392189,0.322024,7388.43,0
5.53898,40.8359,5.27466,-0.433652,0.255755,7372.45,0
5.54546,40.9972,5.16316,-0.233005,0.434705,7392.93,0
5.55199,40.8601,4.93963,-0.258206,0.243449,7359.54,0
5.5585,40.8745,5.0117,0.0282834,0.247804,7353.51,0
5.56502,41.0235,4.85626,0.0253371,0.40609,7371.67,0
5.57154,41.0572,4.61828,0.0504621,0.421545,7369.09,0
5.57808,41.3066,4.69647,-0.142473,0.672832,7405.17,0
5.58462,41.238,4.97073,-0.105853,0.542511,7384.21,0
5.59109,41.107,4.71907,-0.382381,0.344095,7352.24,0
5.59759,41.3188,4.74574,-0.495689,0.575368,7381.52,0
5.6041,41.358,4.68736,-0.615019,0.572519,7379.95,0
5.61058,41.141,4.9513,-0.484183,0.247693,7332.75,0
5.6171,41.0458,4.88569,-0.506302,0.117524,7307.3,0
5.62358,41.1782,4.81188,-0.562111,0.274371,7322.42,0
5.63009,41.0393,4.84941,-0.631272,0.0866279,7289.28,0
5.63661,41.0378,4.8358,-0.541773,0.0836024,7280.59,0
5.64307,40.9961,5.06148,-0.494308,0.0306001,7264.86,0
5.64957,41.1467,5.00347,-0.393985,0.214742,7283.14,0
5.65609,41.3806,5.04141,-0.48391,0.472511,7316.11,0
5.66263,41.6385,5.09377,-0.635106,0.737333,7353.21,0
5.66912,41.6118,5.19676,-0.432812,0.65293,7340.07,0
5.67562,41.8052,4.74825,-0.232658,0.805385,7365.75,0
5.68213,41.8894,4.59625,-0.0639997,0.828127,7372.13,0
5.68865,41.7422,4.22935,0.052193,0.565831,7337.8,0
5.69517,42.0848,4.44322,0.0826386,0.927983,7389.56,0
5.70163,42.1346,4.40839,-0.152892,0.894327,7389.92,0
5.70814,42.308,4.24851,-0.295807,1.00341,7411.88,0
5.71461,42.6024,4.05743,0.0276324,1.19896,7454.99,0
5.72112,42.4937,4.00259,0.0874909,0.943917,7427.52,0
5.72765,42.3602,3.95804,0.244394,0.673402,7395.75,0
5.73418,42.0311,3.81334,0.402131,0.223741,7329.93,0
5.74068,42.3335,3.65732,0.33883,0.571001,7374.3,0
5.7472,42.2412,4.05433,0.487283,0.400427,7349.87,0
5.75374,42.2154,4.07513,0.383859,0.346509,7337.03,0
5.76025,42.2051,4.01762,0.291867,0.311023,7326.96,0
5.76676,42.1543,4.07353,-0.0183258,0.232759,7309.89,0
5.77322,42.1216,4.0426,0.1127,0.172812,7296.04,0
5.77974,42.2314,3.92504,0.135842,0.285607,7306.8,0
5.7863,42.1053,4.10599,-0.00257021,0.1117,7276.71,0
5.79277,42.1371,4.02201,0.138246,0.145656,7274.08,0
5.79929,42.5128,3.95656,0.171849,0.595946,7330.7,0
5.8058,42.3938,3.93427,0.515704,0.398178,7301.97,0
5.81228,42.5847,3.9084,0.53887,0.586941,7326.67,0
5.81877,42.6601,3.76625,0.379649,0.614326,7331.46,0
5.82523,42.5008,3.75555,0.370454,0.362979,7295.99,0
5.83174,42.3391,3.99454,0.361856,0.141505,7260.12,0
5.83823,42.3905,4.2394,0.408865,0.190442,7260.84,0
5.84472,42.6156,4.07091,0.328115,0.436551,7291.31,0
5.85118,42.4929,3.9875,0.566491,0.257281,7262.28,0
5.85769,42.4601,3.96614,0.654473,0.198673,7248.61,0
5.8642,42.6431,4.17957,0.663568,0.400916,7271.78,0
5.87072,42.5164,4.37953,0.785285,0.215526,7242.11,0
5.87718,42.7099,4.45401,0.805275,0.431568,7267.08,0
5.88373,42.3976,4.62109,0.7626,0.0264138,7205.9,0
5.8902,42.4735,4.87777,0.652284,0.115303,7210.88,0
5.89667,42.4331,4.80183,0.765628,0.0539612,7196.1,0
5.90315,42.4812,4.99249,0.86209,0.111247,7196.36,0
5.90965,42.4268,5.02484,0.765226,0.0422793,7179.24,0
5.91619,42.6496,5.32682,0.473883,0.308118,7208.96,0
5.9227,42.6423,5.33098,0.360203,0.280257,7199.81,0
5.92919,42.6664,5.31675,0.303992,0.291608,7195.99,0
5.93573,42.5649,5.4999,0.159659,0.141646,7170.96,0
5.94221,42.5449,5.37676,0.110458,0.113935,7159.78,0
5.94872,42.683,5.5392,0.269242,0.276477,7175.16,0
5.95521,42.5775,5.31625,0.00459267,0.124269,7149.62,0
5.96168,42.6367,5.38162,0.0386574,0.187396,7151.79,0
5.96818,42.8156,5.25488,0.0909055,0.394624,7173.99,0
5.97471,42.7129,5.14398,0.0268361,0.233737,7148.96,0
5.98125,42.9232,5.4934,-0.0347838,0.458391,7176.28,0
5.98776,42.7515,5.57833,-0.264291,0.217609,7139.83,0
5.99431,42.7564,5.44703,-0.378311,0.206573,7132.83,0
6.00085,42.9427,5.27068,-0.347632,0.413278,7156.1,0
6.0074,42.8681,5.39161,-0.0578037,0.285488,7135.88,0
6.0139,43.1475,5.1805,0.00337784,0.600352,7174.64,0
6.0204,43.1189,4.87038,0.00186727,0.511619,7162.13,0
6.02699,42.9477,4.801,0.179568,0.259728,7125.9,0
6.0335,43.2323,4.63134,-0.0411453,0.578289,7165.37,0
6.03999,43.536,4.65122,-0.264339,0.864458,7207.96,0
6.04653,43.5287,4.91633,-0.353635,0.782501,7198.96,0
6.05304,43.6831,4.67075,-0.400009,0.861964,7216.72,0
6.05956,43.9506,4.85599,-0.525677,1.07872,7253.1,0
6.06606,43.7085,4.72435,-0.448594,0.650522,7205.42,0
6.07255,43.8229,4.99744,-0.543864,0.706304,7216.56,0
6.07906,43.6912,4.94473,-0.743785,0.47741,7187.16,0
6.08559,43.5239,5.01677,-0.919733,0.241548,7151.95,0
6.09211,43.4461,4.80814,-1.07716,0.124753,7131.54,0
6.09862,43.4577,4.9292,-1.01947,0.135033,7125.82,0
6.10514,43.5328,4.77285,-1.0027,0.206042,7130.52,0
6.11169,43.5138,4.58561,-0.780222,0.169699,7119.76,0
6.11819,43.5941,4.46779,-0.691232,0.252281,7125.33,0
6.12472,43.9567,4.66601,-0.661447,0.65065,7176.93,0
6.13122,43.9753,4.87384,-0.726075,0.600263,7172.36,0
6.13765,43.9533,4.96139,-0.959781,0.509088,7161.26,0
6.14415,44.1287,5.18378,-1.10845,0.674067,7182.22,0
6.15067,44.4169,5.08463,-1.10484,0.935371,7221.48,0
6.15717,44.3531,4.87105,-1.28402,0.74625,7203.5,0
6.16369,44.5783,5.2153,-1.6166,0.920028,7232.41,0
6.17019,44.6751,5.10997,-1.58252,0.899613,7240.47,0
6.17665,44.5579,4.78678,-1.6922,0.651403,7213.92,0
6.18316,44.7035,4.55514,-2.00531,0.757666,7229.88,0
6.18965,44.5217,4.56336,-1.88818,0.466489,7192.94,0
6.19612,44.8486,4.63956,-2.0785,0.816343,7238.17,0
6.20264,44.7471,4.58156,-2.08727,0.623237,7214.19,0
6.20918,44.862,4.66613,-1.88919,0.690547,7225.12,0
6.2157,45.0022,4.79879,-1.74354,0.787062,7240.09,0
6.22223,44.7815,4.54795,-1.90428,0.440356,7197.02,0
6.22874,44.7995,4.55877,-2.01177,0.412923,7192.39,0
6.23524,44.7041,4.65228,-2.24426,0.266293,7169.59,0
6.24166,44.7582,4.63646,-2.11401,0.322194,7170.88,0
6.24816,44.7843,4.44266,-2.21522,0.336278,7167.6,0
6.2547,44.8581,4.34048,-2.13243,0.394253,7171.91,0
6.26125,45.0137,4.1255,-1.96469,0.545669,7189.25,0
6.26775,45.1762,4.1189,-1.92069,0.674215,7207.72,0
6.27422,45.2697,3.88664,-1.83522,0.716128,7215.19,0
6.28072,45.0738,4.12982,-1.71441,0.407902,7176.53,0
6.28724,45.3295,3.94386,-1.85916,0.668068,7209.77,0
6.29371,45.5908,3.96035,-2.12466,0.905461,7243.87,0
6.30023,45.5918,4.00604,-1.86093,0.799118,7236.53,0
6.30676,45.2667,4.04999,-1.88423,0.330136,7177.49,0
6.3132,45.2683,4.02085,-1.97083,0.297359,7170.41,0
6.3197,45.2601,4.13798,-2.09017,0.272674,7161.74,0
6.32624,45.3464,4.32657,-1.90187,0.343619,7167.98,0
6.33277,45.255,4.62185,-1.80688,0.216733,7146.16,0
6.33927,45.3969,4.42492,-1.69346,0.37697,7161.21,0
6.3458,45.5352,4.7575,-1.73002,0.518816,7175.65,0
6.35231,45.2428,4.85196,-1.84469,0.136616,7122.26,0
6.35885,45.2508,4.80342,-1.60682,0.141285,7116.2,0
6.36539,45.4985,4.61233,-1.71247,0.433302,7147.79,0
6.37191,45.3168,4.25054,-1.7109,0.180132,7111.98,0
6.37845,45.5612,4.37761,-1.6622,0.4541,7143,0
6.38496,45.5433,4.58101,-1.72502,0.39416,7132.9,0
6.3915,45.5846,4.66102,-1.69981,0.411637,7132.06,0
6.39802,45.6145,4.92663,-1.64916,0.405263,7129.47,0
6.40448,45.564,4.87145,-1.70963,0.319875,7114.39,0
6.41099,45.6728,4.96841,-1.93395,0.428442,7124.14,0
6.41749,45.579,4.90529,-2.00545,0.265338,7102.32,0
6.424,45.504,4.92226,-1.78203,0.159119,7083.44,0
6.43051,45.6797,5.26336,-1.87013,0.357554,7103.59,0
6.43703,45.7227,5.23857,-1.42329,0.383632,7103.08,0
6.44352,45.7763,5.416,-1.49153,0.41398,7104.25,0
6.45003,45.844,5.46887,-1.46554,0.455019,7107.57,0
6.45653,45.796,5.35771,-1.82594,0.358976,7092.97,0
6.46302,45.7249,5.55212,-1.66052,0.25358,7074.85,0
6.46948,45.8362,5.33325,-1.34381,0.375357,7084.99,0
6.47599,45.9093,5.23372,-1.47695,0.438042,7089.16,0
6.4825,45.9052,5.39123,-1.42276,0.404282,7081.4,0
6.48901,46.0956,5.31337,-1.56229,0.606729,7103.64,0
6.4955,45.928,5.14457,-1.66543,0.339205,7070.74,0
6.50201,45.927,5.37172,-1.73207,0.303363,7063.5,0
6.50851,45.9612,5.48606,-1.63115,0.311613,7061.72,0
6.515,45.924,5.36591,-1.57965,0.243298,7048.96,0
6.52153,45.967,5.51926,-1.71724,0.262442,7048.51,0
6.52803,45.9785,5.6939,-1.82618,0.266423,7043.23,0
6.53457,46.3081,5.9232,-1.96903,0.63977,7086.63,0
6.54111,46.0687,5.75936,-1.92556,0.297205,7042.95,0
6.54762,46.1191,5.54891,-2.26521,0.341203,7043.65,0
6.55413,46.424,5.50451,-2.28276,0.664418,7083.16,0
6.5606,46.2665,5.37353,-2.16116,0.430227,7052.18,0
6.56708,46.1923,5.32916,-1.98587,0.302057,7033.92,0
6.5736,46.2146,5.13608,-1.95128,0.313016,7030.34,0
6.58006,46.0832,5.08452,-2.15337,0.133153,7003.46,0
6.58656,46.1956,5.01481,-2.22659,0.259149,7013.61,0
6.59309,46.48,5.26412,-2.37493,0.581318,7049.81,0
6.5996,46.2704,5.40631,-2.38205,0.291807,7011.08,0
6.60607,46.3708,5.30854,-2.40675,0.386145,7019.43,0
6.61259,46.299,5.34701,-2.40793,0.27923,7001.65,0
6.61906,46.4399,5.25,-2.37345,0.419346,7016.09,0
6.62556,46.5878,5.08296,-2.73969,0.556811,7031.53,0
6.63206,46.4941,4.96245,-2.82552,0.371995,7010.51,0
6.63857,46.8039,5.01306,-2.82498,0.692881,7050.3,0
6.64507,46.5719,5.31698,-2.95786,0.365665,7008.49,0
6.65154,46.4716,5.20883,-3.13425,0.219194,6986.6,0
6.65805,46.5166,5.2083,-2.87841,0.258221,6986.52,0
6.66456,46.4857,5.23325,-2.99121,0.2071,6975.06,0
6.67108,46.611,5.16318,-2.87147,0.335785,6987.03,0
6.67756,46.7598,4.91158,-2.83775,0.487555,7002.54,0
6.68408,46.9203,4.71767,-2.80682,0.646863,7019.71,0
6.69054,46.7703,4.74628,-2.83581,0.415428,6990.51,0
6.69706,46.7509,4.7828,-2.83394,0.375746,6980.81,0
6.70359,46.6828,4.72151,-2.80645,0.259597,6963.85,0
6.71007,46.7495,4.8366,-3.07518,0.31779,6967.07,0
6.71656,46.8972,4.82367,-2.88237,0.478496,6982.31,0
6.72301,46.7139,4.69791,-2.97534,0.222999,6948.36,0
6.72953,47.0049,5.04202,-3.3115,0.560781,6984.87,0
6.73607,46.9238,5.28854,-3.38038,0.407112,6966.05,0
6.74255,46.8277,5.41866,-3.28303,0.264644,6945.11,0
6.74907,46.9113,5.27236,-3.3229,0.356365,6950.78,0
6.75559,46.9065,5.09597,-3.56916,0.314396,6943.36,0
6.76209,47.1179,5.18614,-3.6832,0.534732,6967.95,0
6.76858,47.0232,5.16137,-3.89324,0.377127,6947.28,0
6.77508,46.9589,5.33695,-3.79231,0.268194,6931.11,0
6.7816,46.8703,5.62775,-3.77427,0.14196,6911.39,0
6.78812,46.7849,5.62565,-3.82108,0.0329051,6892.17,0
6.79464,46.9471,5.62628,-3.92801,0.219715,6909.43,0
6.80116,47.1385,5.54128,-3.91643,0.437492,6930.95,0
6.80764,46.9927,5.27147,-3.77686,0.225847,6902.94,0
6.81415,47.1494,5.41818,-3.9444,0.402745,6919.34,0
6.82071,47.2262,5.29824,-4.11817,0.466193,6923.94,0
6.82727,46.9266,5.19727,-4.27287,0.0748823,6873.41,0
6.83379,46.8952,5.18063,-4.33933,0.0343663,6862.26,0
6.8403,46.9664,5.10573,-4.55122,0.118762,6866.13,0
6.84678,47.1329,5.1749,-4.73789,0.310895,6883.95,0
6.85324,47.1048,5.24647,-4.68542,0.246342,6873.36,0
6.85976,47.066,5.37021,-4.79523,0.185079,6861.18,0
6.86626,47.0782,5.33996,-4.75273,0.19593,6856.46,0
6.87276,47.1031,5.36206,-4.85088,0.213594,6853.59,0
6.87926,46.9869,5.35327,-4.74818,0.0617215,6830.23,0
6.88575,46.9731,5.37489,-4.79754,0.0437121,6821.78,0
6.89225,47.0349,5.43476,-4.76795,0.115579,6824.32,0
6.89876,47.0279,5.36824,-4.61103,0.104901,6816.87,0
6.90526,46.9936,5.53828,-4.59295,0.0601585,6805.48,0
6.91178,47.2633,5.45512,-4.47561,0.380555,6838.09,0
6.91827,47.5507,5.73002,-4.35916,0.693771,6873.22,0
6.92477,47.5759,5.96284,-4.66206,0.669252,6870.39,0
6.93129,47.3046,5.78542,-4.37073,0.28816,6824.78,0
6.93778,47.5719,5.6083,-4.46972,0.58971,6856.94,0
6.94428,47.6043,5.34331,-4.28469,0.560556,6855.18,0
6.95078,47.883,5.14562,-4.40187,0.84269,6888.87,0
6.95728,47.9564,5.00629,-4.08621,0.838585,6892.98,0
6.96375,47.9647,5.28238,-4.07671,0.749542,6887.77,0
6.97029,47.8189,5.40163,-4.26269,0.517576,6860.39,0
6.9768,47.9779,5.51327,-3.97601,0.648462,6876.78,0
6.98329,47.6483,5.44705,-4.10034,0.205339,6823.19,0
6.98977,47.6801,5.36894,-4.00032,0.238539,6821.42,0
6.99626,47.9403,5.61622,-4.13436,0.524952,6852.27,0
7.00281,47.8793,5.42122,-4.08682,0.41569,6837.16,0
7.0093,47.9602,5.79349,-3.84342,0.473271,6842.36,0
7.0158,48.1416,5.63764,-3.86753,0.639502,6861.89,0
7.0223,48.3605,5.6513,-3.76608,0.840434,6886.7,0
7.02884,48.2164,5.54295,-3.8351,0.585702,6859.8,0
7.03536,48.2299,5.5394,-3.69807,0.558215,6855.36,0
7.04183,48.3127,5.48849,-3.98432,0.606749,6860.82,0
7.04831,48.3549,5.24226,-4.08279,0.606463,6860.49,0
7.05482,48.5545,5.09221,-4.20688,0.773624,6882.45,0
7.06131,48.2811,5.00088,-3.94673,0.362945,6837.4,0
7.06783,48.1653,5.03303,-4.01032,0.195506,6814.72,0
7.07434,48.2159,4.91523,-3.98302,0.248295,6815.6,0
7.08086,48.5147,4.88568,-3.79585,0.590786,6851.53,0
7.08736,48.427,5.07447,-3.71994,0.438265,6832.87,0
7.09389,48.6986,5.06872,-3.58748,0.705813,6864.87,0
7.10039,48.7019,4.87449,-3.42317,0.622322,6859.04,0
7.10685,48.7787,5.02879,-3.16714,0.650568,6863.61,0
7.11338,49.017,5.07457,-3.21991,0.857745,6890.82,0
7.11987,48.8036,5.268,-3.1997,0.49756,6854.57,0
7.12636,48.8603,5.06197,-3.24301,0.520641,6856.28,0
7.13286,49.0328,4.77757,-3.17712,0.688601,6874.22,0
7.13943,49.0292,4.80998,-3.27243,0.598564,6867.39,0
7.14594,48.9936,4.91327,-3.57855,0.507215,6856.14,0
7.15244,49.1551,4.78092,-3.80354,0.646829,6872.49,0
7.15899,49.1569,4.97426,-3.9925,0.570581,6866.46,0
7.16549,48.9966,4.87607,-3.968,0.333084,6837.85,0
7.17199,49.0277,5.07816,-3.93804,0.350001,6836,0
7.17855,49.2331,4.79821,-4.02724,0.55578,6858.37,0
7.18504,49.3867,4.98213,-3.84023,0.680071,6873.54,0
7.1915,49.5843,4.75699,-3.683,0.845509,6894.85,0
7.198,49.292,4.87957,-3.43003,0.424883,6848.02,0
7.20456,49.3281,4.97248,-3.51394,0.432089,6846.78,0
7.21106,49.2312,4.85292,-3.47927,0.279145,6827.18,0
7.21757,49.5307,4.9591,-3.46413,0.617415,6862.52,0
7.22411,49.5591,5.18851,-3.58071,0.580496,6860.24,0
7.2306,49.5578,5.39748,-3.42914,0.535005,6853.9,0
7.2371,49.8428,5.56711,-3.48851,0.815185,6887.12,0
7.24358,49.8731,5.74583,-3.53139,0.757151,6885.14,0
7.25011,50.1644,5.66583,-3.70729,1.02984,6919.12,0
7.25664,50.2075,5.68394,-3.76515,0.930408,6918.83,0
7.26315,50.4154,5.47964,-3.38715,1.03326,6941.27,0
7.26963,50.4202,5.17556,-3.11387,0.91543,6935.73,0
7.27616,50.4265,5.12443,-3.17631,0.81312,6930.37,0
7.28266,50.3926,5.32967,-2.93901,0.691906,6919.52,0
7.28918,50.13,4.94807,-2.73689,0.315203,6877.32,0
7.29567,50.1628,5.02119,-2.75264,0.33769,6875.7,0
7.30216,50.0914,4.97761,-2.75782,0.233662,6859.8,0
7.30861,50.1889,5.25812,-2.62856,0.338642,6867.1,0
7.31513,50.0592,5.24453,-2.7835,0.160333,6843.24,0
7.32162,50.0222,5.19139,-2.6842,0.101374,6832.12,0
7.3281,50.0014,5.3908,-2.79552,0.073943,6823.24,0
7.33461,49.9996,5.20215,-2.69862,0.0696747,6816.94,0
7.34115,50.2426,5.36105,-2.8212,0.358576,6843.97,0
7.34767,50.1359,4.94681,-2.51029,0.208332,6823.37,0
7.35408,50.1552,5.00277,-2.67713,0.221899,6820.04,0
7.36059,50.3906,4.73448,-2.86732,0.488058,6846,0
7.36706,50.1789,4.91316,-2.66722,0.20405,6811.25,0
7.37363,50.4612,4.65373,-2.64776,0.522759,6843.47,0
7.38017,50.2537,4.36243,-2.6703,0.232206,6809.29,0
7.38665,50.3,4.38618,-2.57574,0.278614,6809.58,0
7.39313,50.4304,4.42805,-2.66668,0.406985,6821.25,0
7.39964,50.4581,4.62377,-2.59789,0.414981,6819,0
7.40611,50.4726,4.42656,-2.63554,0.401,6815,0
7.41256,50.2914,4.59299,-2.68184,0.157635,6784.61,0
7.41909,50.4278,4.60805,-2.60782,0.315587,6797.04,0
7.42559,50.7041,4.59181,-2.6067,0.614501,6828.29,0
7.43211,50.8859,4.58258,-2.57227,0.770766,6846.76,0
7.43863,51.0304,4.89208,-2.39729,0.877128,6860.18,0
7.4452,51.2247,4.9863,-2.4959,1.01717,6880.23,0
7.45172,51.1533,5.03808,-2.96926,0.824945,6864.64,0
7.45822,51.455,5.15783,-3.01614,1.07482,6899.1,0
7.46478,51.668,5.42009,-2.96405,1.17586,6921.57,0
7.47134,51.6717,5.3639,-2.81284,1.04465,6915.99,0
7.47783,51.5039,5.3932,-2.90914,0.725718,6887.54,0
7.48438,51.5132,5.41185,-3.21616,0.64378,6882.77,0
7.49091,51.3728,5.57997,-3.20903,0.429843,6858.01,0
7.49742,51.4304,5.68632,-3.08871,0.478113,6859.75,0
7.50389,51.3856,5.77406,-3.07369,0.367893,6847.86,0
7.51038,51.4936,5.66083,-2.66173,0.473697,6856.33,0
7.51688,51.6503,5.55977,-2.68644,0.61478,6871.25,0
7.52341,51.468,5.67496,-2.71701,0.338823,6841.05,0
7.5299,51.4431,5.49465,-2.75288,0.280181,6831.84,0
7.53642,51.3163,5.69213,-2.78358,0.113275,6809.11,0
7.54289,51.4826,5.74767,-2.74773,0.303051,6825.32,0
7.5494,51.7033,5.75872,-2.51303,0.553038,6848.66,0
7.55594,52.1239,6.07441,-2.73376,1.00299,6898.4,0
7.56245,52.2358,6.20743,-2.5452,1.00759,6907.26,0
7.56896,52.1097,6.22865,-2.51663,0.761798,6884.66,0
7.57546,52.1551,6.31279,-2.2552,0.744427,6884.74,0
7.58194,51.6336,6.26959,-2.02664,0.0610124,6810.07,0
7.58851,51.8542,6.53483,-2.15501,0.317681,6833.24,0
7.59504,51.9641,6.49027,-2.38664,0.420954,6841.84,0
7.60158,51.8413,6.64457,-2.16226,0.239273,6819.8,0
7.60808,51.973,6.875,-2.15434,0.386077,6831.29,0
7.61459,51.9916,6.88545,-2.11774,0.384416,6827.9,0
7.62107,52.2077,6.98214,-1.81536,0.596133,6850.45,0
7.62758,52.4038,7.11037,-1.85081,0.778359,6870.3,0
7.63407,52.2734,7.30078,-1.73799,0.534675,6847.38,0
7.64062,52.0272,7.13788,-1.74492,0.198214,6809.3,0
7.64709,52.0897,7.27916,-1.43832,0.262311,6811.7,0
7.65359,52.2112,7.42153,-1.35447,0.378203,6821.79,0
7.66008,52.2913,7.42476,-1.19351,0.452763,6826.47,0
7.6666,52.5151,7.23565,-0.886371,0.67612,6849.85,0
7.67308,52.1849,7.10682,-0.82445,0.235702,6801.04,0
7.67955,52.0456,6.96388,-0.754041,0.0568208,6777.17,0
7.68604,52.1141,7.05951,-0.97501,0.135807,6780.36,0
7.69255,52.0398,6.92759,-0.795157,0.0378076,6764.97,0
7.69906,52.1096,6.87948,-0.718554,0.122012,6768.31,0
7.70556,52.1795,6.64094,-0.707613,0.203537,6771.66,0
7.71203,52.1713,6.84963,-0.622678,0.180121,6764.92,0
7.71848,52.0673,6.90998,-0.931758,0.0403561,6745.79,0
7.72499,52.2593,6.9345,-1.17008,0.273666,6764.97,0
7.7315,52.1706,7.24101,-1.10469,0.149774,6747.8,0
7.73798,52.3162,7.18691,-1.14087,0.31801,6760.96,0
7.74446,52.1365,7.14312,-1.10581,0.078662,6732.11,0
7.75099,52.1276,7.00355,-1.11557,0.0649544,6725.28,0
7.75752,52.2219,7.04675,-0.967217,0.179911,6731.78,0
7.764,52.1991,7.16846,-0.986135,0.147685,6723.23,0
7.77052,52.2009,7.1318,-1.06659,0.145587,6717.82,0
7.77704,52.2403,7.45446,-1.17296,0.178642,6717.24,0
7.78349,52.1586,7.45104,-1.26219,0.0682772,6701.18,0
7.79004,52.3205,7.74544,-1.40892,0.266096,6716.34,0
7.79653,52.1734,7.78493,-1.31266,0.0722487,6691.87,0
7.80301,52.2276,7.7315,-1.46141,0.134844,6693.26,0
7.80954,52.4729,7.83698,-1.42475,0.426709,6719.07,0
7.81606,52.2699,7.82708,-1.40739,0.154498,6687.5,0
7.8226,52.2445,7.91335,-1.72227,0.11978,6678.66,0
7.8291,52.3039,7.79871,-1.72094,0.182556,6680.7,0
7.83561,52.3821,7.87777,-1.63099,0.260598,6685.14,0
7.8421,52.5656,7.63965,-1.67452,0.465249,6703,0
7.84862,52.6817,7.38361,-1.39695,0.574597,6712.22,0
7.85514,52.8844,7.30548,-1.21301,0.756719,6732.46,0
7.86163,52.9336,7.21709,-0.94603,0.737077,6733.16,0
7.86809,52.6338,7.26204,-0.980066,0.300979,6689.53,0
7.87464,52.722,7.15572,-0.760064,0.384474,6695.17,0
7.88116,52.6693,6.9522,-0.926892,0.295032,6682.94,0
7.88767,52.8162,6.99155,-0.996821,0.447276,6696.04,0
7.89414,53.0057,6.9371,-0.960738,0.628944,6714.56,0
7.9007,53.3395,6.77178,-0.746272,0.936464,6751.23,0
7.90724,53.1959,7.06459,-0.422308,0.670944,6727.49,0
7.91375,53.7131,7.2513,-0.499291,1.18729,6787.31,0
7.92027,53.5363,7.60537,-0.145812,0.850964,6759.41,0
7.92679,53.4092,7.40081,0.0704738,0.607884,6737.81,0
7.93329,53.1099,7.81061,-0.10435,0.205341,6694.56,0
7.93982,53.284,7.77806,-0.2393,0.396001,6710.99,0
7.94632,53.1866,7.90388,-0.410692,0.245211,6693.23,0
7.95286,53.1293,8.07452,-0.396115,0.154829,6680.52,0
7.95938,53.0777,8.10642,-0.359867,0.0849378,6668.58,0
7.96593,53.3188,7.43854,-0.453223,0.364288,6693.36,0
7.97239,53.5905,7.54043,-0.191596,0.661132,6722.01,0
7.97888,53.4764,7.28427,-0.254687,0.471966,6702.25,0
7.98535,53.2711,7.50376,-0.265079,0.182841,6671.1,0
7.99186,53.3329,7.38474,-0.233614,0.250941,6673.4,0
7.99836,53.5097,7.38007,-0.113855,0.450368,6690.08,0
8.00487,53.4439,7.4754,0.0496825,0.332588,6676.43,0
8.01138,53.2416,7.68354,0.030703,0.0739642,6645.75,0
8.01793,53.2828,7.77153,0.041814,0.119181,6645.45,0
8.0244,53.5484,7.91643,0.0551284,0.438549,6673.19,0
8.03094,53.7969,8.02443,0.0323868,0.693664,6698.7,0
8.03746,53.989,8.23562,-0.119686,0.835626,6717.17,0
8.04399,53.9469,8.14668,-0.0112222,0.709178,6706.49,0
8.05046,53.9796,8.55977,0.00163214,0.671248,6705.16,0
8.05698,54.1393,8.2542,0.193229,0.768222,6719.55,0
8.06349,53.789,8.21248,0.0726898,0.289174,6670.69,0
8.06999,53.9436,8.00408,0.102485,0.453261,6684.47,0
8.07647,54.1098,7.93206,0.0225961,0.616159,6699.69,0
8.08302,53.9264,7.79099,0.0685521,0.346408,6671.56,0
8.08952,53.9991,7.68121,-0.070699,0.410554,6675.2,0
8.09603,53.8107,7.61308,-0.066826,0.158656,6646.56,0
8.10253,53.8572,7.7492,-0.0555401,0.20952,6646.96,0
8.10903,53.8583,7.78311,0.295275,0.195976,6641.76,0
8.11554,54.0581,7.5533,0.326271,0.426917,6661.05,0
8.12203,54.224,7.68832,0.298058,0.564455,6676.17,0
8.12852,54.2867,7.61373,0.183144,0.576993,6678.54,0
8.13505,54.2257,7.63648,0.00969455,0.451868,6665.68,0
8.14158,54.7359,8.03775,0.250762,0.996092,6723.01,0
8.14813,54.7425,8.23109,-0.128816,0.872313,6718.41,0
8.15461,54.582,8.48388,-0.313423,0.585617,6693.39,0
8.16111,54.4483,8.66673,-0.15043,0.365335,6671.68,0
8.16758,54.4952,8.48374,-0.0719161,0.397086,6672.14,0
8.17412,54.6528,8.4411,-0.151463,0.565934,6686.07,0
8.18065,55.0917,8.5556,-0.311158,1.01242,6734.39,0
8.1872,55.4585,8.31921,-0.715748,1.32869,6773.8,0
8.19376,55.1265,8.54483,-0.290444,0.766388,6727.86,0
8.20026,55.1791,8.59977,-0.308216,0.739731,6728.95,0
8.20674,55.0599,8.63632,-0.250647,0.53193,6709.11,0
8.21324,55.0331,8.78872,-0.299372,0.463561,6700.53,0
8.21973,54.8661,9.02614,-0.37552,0.21554,6674.93,0
8.22622,54.8216,9.04732,-0.557594,0.145245,6664.25,0
8.23274,55.0032,8.91357,-0.510353,0.351395,6681.03,0
8.23923,54.8582,8.84709,-0.212508,0.151474,6658.17,0
8.24575,55.0511,8.61475,-0.101244,0.370175,6676.3,0
8.25226,54.9455,8.73683,-0.408893,0.220294,6658.24,0
8.25879,54.943,8.70343,-0.324108,0.211767,6652.67,0
8.2653,54.8893,8.82868,-0.377368,0.128894,6640.94,0
8.27177,54.9284,9.02962,-0.465997,0.170041,6640.46,0
8.27827,54.8991,9.13677,-0.336111,0.12807,6631.71,0
8.28478,54.9948,9.09781,-0.527404,0.225293,6638.06,0
8.29129,55.1327,9.03229,-0.291443,0.369333,6649.47,0
8.29777,55.1799,9.32371,-0.149417,0.39296,6649.96,0
8.30428,55.2217,9.29575,-0.354862,0.423877,6649.78,0
8.3108,55.1141,9.36924,-0.232062,0.260605,6631.62,0
8.31728,55.5744,9.68235,-0.127583,0.788306,6681.8,0
8.32378,55.6949,9.753,-0.391249,0.828807,6691.06,0
8.33027,55.5105,9.95641,-0.45321,0.532493,6663.71,0
8.33677,55.4544,10.1676,-0.525744,0.4156,6651.79,0
8.34335,55.3417,9.78426,-0.374197,0.238102,6633.03,0
8.34984,55.8063,9.79769,-0.356825,0.774333,6683.52,0
8.35636,55.7531,9.82217,-0.253936,0.628186,6671.94,0
8.36286,55.7887,9.77651,-0.286213,0.598283,6671,0
8.36942,55.4742,9.94274,0.046727,0.173453,6628.2,0
8.37591,55.5352,9.76837,0.0774442,0.23744,6630.35,0
8.38243,55.7289,9.85591,-0.0861792,0.444177,6648.31,0
8.38894,56.0156,9.8427,-0.288586,0.737697,6677.31,0
8.3955,56.1507,9.7238,-0.241374,0.825977,6688.19,0
8.40201,55.8579,9.36925,-0.0792045,0.389925,6648.16,0
8.4085,56.0106,9.52765,-0.0143502,0.537053,6661.18,0
8.415,56.2473,9.44663,-0.309667,0.768957,6684.17,0
8.4215,56.267,9.55179,-0.0809666,0.699834,6681.35,0
8.428,56.1607,9.5675,0.14837,0.498081,6663.59,0
8.4345,56.0859,9.53675,0.126547,0.360829,6649.58,0
8.44098,56.1048,9.33379,-0.0216808,0.369544,6646.71,0
8.44751,56.005,9.44983,0.260657,0.223927,6629.76,0
8.45401,56.4933,9.29271,0.160413,0.790888,6682.42,0
8.46055,56.5269,9.83025,0.291091,0.758007,6681.24,0
8.46702,56.6679,9.61876,0.367166,0.827687,6692.79,0
8.47351,56.8255,9.85244,0.0570928,0.933342,6706.26,0
8.48004,56.5179,9.47378,0.180312,0.478348,6664.82,0
8.4865,56.7669,9.47005,0.356246,0.724043,6689.09,0
8.49303,56.8013,9.65379,0.355685,0.677002,6687.99,0
8.49954,56.9624,9.73808,0.179438,0.800051,6701.82,0
8.50607,56.8604,9.79993,0.108379,0.589872,6684.69,0
8.51258,57.0013,9.75358,0.0965999,0.718503,6696.12,0
8.51914,56.9229,9.76088,-0.0548702,0.554713,6681.76,0
8.52568,57.2653,9.79529,0.276875,0.886151,6716.79,0
8.53226,57.0248,9.72363,0.394469,0.506132,6683.43,0
8.53878,57.2174,9.89323,0.443022,0.689419,6700.88,0
8.54528,57.35,10.194,0.551855,0.77096,6711.31,0
8.55177,57.1111,10.1604,0.521026,0.39919,6678.27,0
8.5583,57.1215,10.0472,0.336497,0.378027,6674.4,0
8.56477,57.232,9.85349,0.279389,0.47631,6682.26,0
8.57128,57.1903,9.66358,0.386655,0.374213,6672.32,0
8.57778,57.4555,9.80276,0.409657,0.674076,6698.18,0
8.58428,57.4248,9.60372,0.471276,0.571166,6689.53,0
8.59079,57.5837,9.39234,0.468582,0.693032,6702.96,0
8.5973,57.4885,9.77259,0.73488,0.509251,6686.81,0
8.60382,57.3663,10.0835,0.666217,0.313849,6667.53,0
8.61035,57.2518,10.0583,0.641378,0.160603,6649.18,0
8.61686,57.3285,10.1584,0.812312,0.250718,6653.06,0
8.62336,57.6017,10.2789,0.706165,0.558256,6679.73,0
8.62986,57.4978,10.5013,0.647096,0.382092,6662.65,0
8.6364,57.3267,10.4879,0.554197,0.145438,6637.79,0
8.64289,57.3782,10.6502,0.320592,0.199165,6638.78,0
8.64937,57.2272,10.5583,0.406225,0.007699,6616.34,0
8.65589,57.3712,10.5255,0.739584,0.177817,6628,0
8.66242,57.346,10.4283,0.881482,0.139272,6620.09,0
8.66892,57.3221,10.3882,0.86787,0.10289,6612.37,0
8.6754,57.297,10.359,0.846777,0.0694656,6604.53,0
8.6819,57.419,10.3655,1.04022,0.217203,6613.64,0
8.6884,57.5077,10.5526,1.15868,0.302292,6618.9,0
8.69489,57.5939,10.6511,1.13789,0.38034,6623.88,0
8.70141,57.3989,10.5904,1.01876,0.124882,6596.5,0
8.70791,57.4887,10.7145,1.16211,0.22942,6601.89,0
8.71442,57.4214,10.8276,1.16764,0.134656,6589.24,0
8.72093,57.5783,10.594,1.28881,0.3096,6602.31,0
8.72745,57.6693,10.6985,1.30891,0.39235,6607.8,0
8.73394,57.6183,10.5439,1.40526,0.299871,6597.06,0
8.74043,57.6912,10.6204,1.5017,0.365194,6600.5,0
8.74695,58.1825,10.7941,1.4112,0.918512,6651.75,0
8.75349,58.2723,10.8647,1.32007,0.91906,6657.04,0
8.76004,58.3967,10.7487,1.41875,0.968914,6666.26,0
8.76656,58.4832,10.6237,1.58791,0.962155,6671.16,0
8.7731,58.6408,10.3508,1.55162,1.02026,6684.16,0
8.77965,58.9121,10.1971,1.59892,1.19401,6710.07,0
8.78611,58.9225,10.3995,1.70423,1.03417,6706.32,0
8.79263,59.0352,10.2955,1.43061,1.05514,6714.17,0
8.79916,58.9486,10.3937,1.47229,0.830903,6699.34,0
8.80569,59.0086,10.3154,1.39497,0.814001,6701.2,0
8.81219,59.288,10.2549,1.11269,1.05296,6727.95,0
8.81869,59.2887,10.3346,1.29448,0.935673,6723.07,0
8.82521,59.5177,10.6772,1.18098,1.06927,6744.06,0
8.83173,59.6149,10.4321,1.50114,1.05665,6750.09,0
8.83822,59.3868,10.6936,1.43645,0.662233,6719.32,0
8.84473,59.3243,10.4529,1.37264,0.513206,6707.31,0
8.85127,59.4167,10.2146,1.50139,0.5779,6712.78,0
8.85777,59.7153,10.2253,1.22857,0.859426,6741.57,0
8.86426,59.7641,9.93998,1.28485,0.81997,6742.15,0
8.8708,59.6672,9.68994,1.12462,0.604424,6726.25,0
8.87732,60.0098,9.55985,1.15271,0.929269,6759.9,0
8.88384,60.1721,9.50307,1.16231,1.01813,6773.2,0
8.8904,60.0139,9.45647,0.798179,0.713299,6750.42,0
8.8969,60.3179,9.64729,0.49071,1.0094,6779.65,0
8.90342,60.241,9.51119,0.707681,0.820356,6766.05,0
8.90994,59.9545,9.52726,0.730109,0.394848,6728.95,0
8.91645,59.9797,9.36787,0.634028,0.384581,6726.85,0
8.92296,59.7566,9.33105,0.487139,0.0944478,6696.94,0
8.92951,60.1115,9.38974,0.644159,0.510531,6731.78,0
8.93598,60.4705,9.42112,0.552117,0.894448,6767.08,0
8.94248,60.2602,9.23497,0.703597,0.542786,6738.64,0
8.94897,59.9996,9.29212,0.727931,0.181946,6704.64,0
8.95544,59.8867,9.25371,0.569453,0.0363089,6687.19,0
8.96194,60.0357,9.33062,0.388481,0.214112,6698.96,0
8.96849,60.1781,9.31925,0.372659,0.375296,6709.95,0
8.97501,60.5228,9.44163,0.372111,0.761122,6743.48,0
8.98152,60.6405,9.16047,0.543487,0.800667,6751.7,0
8.98803,60.6796,8.87902,0.516515,0.761964,6751.15,0
8.99455,60.7631,8.5952,0.565469,0.788054,6755.55,0
9.00105,61.0466,8.42206,0.441043,1.05689,6782.16,0
9.00754,61.2896,8.42452,0.403465,1.18581,6804.25,0
9.01405,61.3599,8.03813,0.41437,1.09175,6807.14,0
9.02057,61.3112,7.91896,0.623555,0.896507,6796.82,0
9.02707,61.4475,7.79458,0.477218,0.95028,6807.03,0
9.03356,61.5249,7.51758,0.552721,0.928046,6810.71,0
9.04005,61.4839,7.72229,0.239547,0.76648,6801.28,0
9.04655,61.2613,7.69601,0.150457,0.425049,6771.78,0
9.05308,61.4661,7.62901,-0.00767193,0.627356,6789.52,0
9.05959,61.8634,7.67008,0.0161529,1.01519,6828.5,0
9.06607,61.9053,7.70697,0.052283,0.933823,6828.24,0
9.07257,61.5281,7.74769,0.241803,0.404411,6781.77,0
9.07912,61.423,7.78578,0.251082,0.252545,6765.3,0
9.08564,61.3228,7.75119,0.438336,0.121464,6749.42,0
9.09213,61.3035,7.63652,0.533797,0.0952505,6742.48,0
9.09867,61.4238,7.72858,0.581302,0.237039,6750.86,0
9.10521,61.6047,7.82507,0.681506,0.439662,6765.88,0
9.11169,61.8135,8.06045,0.954481,0.652138,6783.97,0
9.1182,62.2063,8.06938,0.745031,1.04717,6822.22,0
9.1247,62.0944,7.97493,0.837267,0.794446,6805.09,0
9.1312,61.9019,7.94459,0.361413,0.494102,6779.17,0
9.1377,62.2681,7.44789,0.288333,0.863072,6814.42,0
9.14423,62.5041,7.56582,0.309065,1.02837,6835.36,0
9.15073,62.7158,7.8365,0.0266127,1.12939,6853.64,0
9.15721,62.5955,7.23352,-0.221717,0.868945,6835.64,0
9.16375,62.7777,7.44289,-0.293395,0.970236,6850.65,0
9.17026,62.8441,7.65046,-0.135674,0.951118,6853.03,0
9.17673,63.1272,7.72946,-0.0865241,1.18369,6879.04,0
9.18321,63.1506,7.47363,0.118068,1.06635,6876.74,0
9.18968,62.8958,7.58485,0.178515,0.659458,6844.17,0
9.19622,62.7457,7.70522,0.1586,0.4262,6822.99,0
9.20273,62.6359,7.36549,0.0914616,0.262856,6806.23,0
9.20921,62.7769,7.24215,0.0395215,0.411324,6816.76,0
9.2157,62.7838,7.39795,0.105069,0.381335,6812.7,0
9.22224,62.9092,7.51051,0.0623165,0.497749,6821.46,0
9.2287,62.9021,7.38496,0.40976,0.450985,6815.93,0
9.23523,62.9878,7.25107,0.114125,0.509531,6820.38,0
9.24178,62.6372,7.09313,0.113395,0.0608744,6777.61,0
9.24833,62.6044,7.10337,0.231648,0.0191722,6769.26,0
9.25488,62.7121,6.99828,0.430077,0.151932,6776.11,0
9.26137,62.8935,7.01049,0.293445,0.364853,6790.95,0
9.26787,63.0643,7.29105,0.33745,0.542337,6804.62,0
9.2744,62.9781,7.38103,0.698826,0.393423,6790.53,0
9.28088,62.9371,7.21699,0.380577,0.315576,6781.38,0
9.28737,62.9313,7.24081,0.528545,0.280961,6776.01,0
9.2939,62.9451,7.30184,0.502488,0.280799,6772.74,0
9.30036,62.8884,7.68959,0.530284,0.1948,6761.93,0
9.30687,62.915,7.57221,0.688074,0.216519,6760.06,0
9.31335,63.2538,7.63617,0.356552,0.606047,6791.73,0
9.3199,63.4893,7.9104,0.587186,0.832613,6812.23,0
9.32639,63.2831,7.92627,0.508441,0.479422,6785.38,0
9.33294,63.3485,7.98886,0.991223,0.492513,6787.62,0
9.33942,63.4833,8.26518,1.11789,0.614172,6797.35,0
9.34593,63.6078,8.46847,1.01097,0.696235,6805.94,0
9.35248,63.7576,8.60839,0.93688,0.781349,6817.18,0
9.35896,64.0287,8.68568,0.642505,1.01954,6841.43,0
9.3655,63.8253,8.56901,0.647802,0.678779,6814.93,0
9.372,63.9851,8.94103,0.903583,0.797367,6827.27,0
9.3785,64.1825,9.23503,1.16146,0.928327,6843.58,0
9.38501,63.8508,9.15396,0.898587,0.452408,6803.49,0
9.3915,63.7133,9.07749,0.971506,0.24949,6784.14,0
9.39799,63.7624,9.08769,0.872512,0.288971,6784.69,0
9.40448,63.9884,9.00989,0.958268,0.527529,6804.03,0
9.41097,63.9116,8.76924,0.959141,0.371528,6791.17,0
9.41755,63.9371,8.75129,0.768939,0.360024,6789.14,0
9.42408,63.7803,8.70708,0.898528,0.148738,6767.8,0
9.4306,63.726,8.72025,0.882677,0.0728575,6757.37,0
9.43706,63.8719,8.54321,0.839886,0.247268,6768.19,0
9.44361,63.8804,8.64455,0.941462,0.248417,6764.41,0
9.45008,63.9783,8.36425,0.943687,0.346856,6770.14,0
9.45655,64.0722,8.56149,0.612795,0.422458,6775.43,0
9.46309,64.3074,8.71825,0.845702,0.668674,6795.6,0
9.46966,64.1361,8.87459,0.798078,0.396091,6772.8,0
9.47618,64.1622,8.95041,0.993732,0.39368,6770.89,0
9.48271,64.2697,9.09401,0.787522,0.480218,6777.57,0
9.48922,64.0963,9.02309,0.546086,0.242859,6754.65,0
9.49568,64.4008,8.9009,0.468689,0.587777,6782.12,0
9.50221,64.6216,9.20697,0.571331,0.798345,6800.69,0
9.50872,64.6914,9.42432,0.634234,0.812607,6803.38,0
9.5152,64.7791,9.71551,0.762943,0.83577,6807.96,0
9.52174,64.7435,9.66324,0.750078,0.697231,6799.55,0
9.52829,64.3769,9.98982,1.10497,0.202479,6756.39,0
9.5348,64.2789,9.87977,1.26784,0.0774814,6741.5,0
9.5413,64.2998,9.74668,1.26382,0.099229,6739.1,0
9.54782,64.2544,9.59837,1.35438,0.0405651,6729.75,0
9.55432,64.5562,9.53579,1.39264,0.404162,6756.75,0
9.56078,64.6996,9.52909,1.436,0.530784,6767.18,0
9.56733,64.7082,9.59444,1.30138,0.499304,6763.45,0
9.57383,64.9086,9.54409,0.897255,0.6809,6779.8,0
9.58036,64.9476,9.57146,0.514674,0.667366,6779.24,0
9.58683,64.8499,9.82569,0.818296,0.486134,6764.48,0
9.59334,64.9179,9.9208,0.8292,0.521288,6766.97,0
9.59985,65.083,9.69262,0.587124,0.661812,6779.59,0
9.60639,65.2174,9.80308,0.30543,0.770509,6788.96,0
9.61289,65.3492,10.1688,0.614245,0.836725,6798.09,0
9.61939,65.2687,10.3755,0.742555,0.634439,6785.11,0
9.62586,65.5613,10.4093,0.832835,0.903529,6810.95,0
9.6324,65.8269,10.624,0.662015,1.09288,6833.91,0
9.63892,65.9442,10.3474,0.679094,1.07593,6841.45,0
9.64543,66.1798,10.3276,0.829981,1.20973,6861.26,0
9.65192,66.4681,10.5156,0.927694,1.37017,6886.51,0
9.65839,66.1847,10.4086,1.05041,0.870417,6852.56,0
9.66489,66.346,10.5854,0.924252,0.963256,6864.65,0
9.67138,66.5249,10.5698,0.828913,1.03651,6878.53,0
9.67787,66.5202,10.4556,0.93473,0.913078,6873.43,0
9.6844,66.3533,10.4811,1.17608,0.613529,6851.57,0
9.69088,66.2609,10.4633,1.35075,0.454272,6837.44,0
9.69742,66.0261,10.6766,1.38433,0.145475,6808.63,0
9.70393,65.9586,10.7955,1.24778,0.0498713,6797.1,0
9.71045,66.271,10.6064,1.2259,0.422425,6824.71,0
9.71699,66.2149,10.5647,1.24292,0.314387,6814.34,0
9.72355,66.1743,10.5466,1.48209,0.242714,6805.57,0
9.73009,66.0223,10.4217,1.64582,0.0409075,6785.37,0
9.7366,66.1068,10.5408,1.59501,0.14161,6789.52,0
9.7431,66.3709,10.2284,1.70061,0.451632,6812.09,0
9.74965,66.2817,9.91866,1.26689,0.310143,6798.38,0
9.75617,66.1626,9.55487,1.34878,0.149983,6781.62,0
9.76268,66.222,9.56915,1.40505,0.215372,6783.18,0
9.76921,66.3224,9.65641,1.39151,0.32522,6788.93,0
9.77573,66.3161,9.69611,1.48324,0.298579,6783.75,0
9.78223,66.4355,9.91832,1.63957,0.419503,6791.45,0
9.78877,66.4857,9.76831,2.01838,0.45271,6792.04,0
9.79526,66.5879,9.80675,2.39734,0.550249,6797.98,0
9.80173,66.6574,9.90041,2.70677,0.581735,6800.58,0
9.80828,66.795,9.6341,2.41691,0.689267,6810.06,0
9.81479,66.7187,9.54697,2.26062,0.543473,6797.77,0
9.8213,66.8193,9.64836,2.03406,0.615249,6803.51,0
9.82781,67.0403,9.35149,1.97912,0.817598,6821.49,0
9.8343,67.34,9.46359,1.7382,1.05959,6847.47,0
9.8408,67.486,9.26924,1.9407,1.10807,6857.78,0
9.84733,67.443,9.17791,1.72167,0.918133,6848.86,0
9.85381,67.3991,9.1045,1.66928,0.759291,6839.91,0
9.86032,67.1977,8.82924,1.5571,0.450591,6814.95,0
9.86684,67.3595,9.02465,1.90703,0.607392,6826.85,0
9.87335,67.4495,9.1348,1.69925,0.660219,6831.47,0
9.87985,67.7062,8.86127,1.71896,0.885448,6852.96,0
9.88636,67.6732,8.71833,1.91879,0.753994,6845.1,0
9.89288,67.6012,8.59331,1.99531,0.583477,6833.32,0
9.89938,67.4454,8.83624,2.04265,0.352508,6813.09,0
9.90589,67.3844,8.62947,2.18719,0.259131,6802.45,0
9.91241,67.65,8.67471,1.96543,0.546336,6824.78,0
9.91893,67.6849,9.13869,2.0666,0.542822,6823.81,0
9.92547,67.8487,8.72888,2.1866,0.681735,6835.81,0
9.93196,68.0929,8.98766,2.33088,0.891634,6855.94,0
9.93846,68.1635,8.89935,2.31444,0.852179,6858.56,0
9.94498,68.2116,9.17746,2.44592,0.820307,6858.9,0
9.95148,68.1435,9.34831,2.13454,0.648249,6847.58,0
9.95796,68.1344,9.37129,1.97921,0.58423,6842.2,0
9.96448,68.1023,9.68703,1.57716,0.497046,6834.5,0
9.97098,68.2682,9.73985,1.45339,0.643173,6846.69,0
9.97748,68.2488,10.0305,1.53603,0.545669,6840.29,0
9.98398,68.4341,10.0195,1.69884,0.711361,6854.39,0
9.99051,68.3188,10.0089,1.7172,0.513399,6838.37,0
9.99706,68.4377,10.3604,1.69834,0.597864,6845.78,0
10,68.2937,10.2978,1.82927,0.392695,6829.37,0
